Car -1 -1 -10 73.0 198.0 431.0 374.0 -1 -1 -1 -1000 -1000 -1000 -10 0.96533203125
Car -1 -1 -10 378.0 166.0 523.0 289.0 -1 -1 -1 -1000 -1000 -1000 -10 0.9638671875
Car -1 -1 -10 0.0 206.0 203.0 373.0 -1 -1 -1 -1000 -1000 -1000 -10 0.9580078125
Car -1 -1 -10 477.0 186.0 549.0 249.0 -1 -1 -1 -1000 -1000 -1000 -10 0.95263671875
Car -1 -1 -10 547.0 172.0 584.0 211.0 -1 -1 -1 -1000 -1000 -1000 -10 0.93115234375
Car -1 -1 -10 529.0 187.0 571.0 226.0 -1 -1 -1 -1000 -1000 -1000 -10 0.9306640625
Car -1 -1 -10 637.0 180.0 714.0 212.0 -1 -1 -1 -1000 -1000 -1000 -10 0.93017578125
Car -1 -1 -10 667.0 183.0 794.0 232.0 -1 -1 -1 -1000 -1000 -1000 -10 0.92138671875
Cyclist -1 -1 -10 959.0 168.0 1036.0 250.0 -1 -1 -1 -1000 -1000 -1000 -10 0.912109375
Car -1 -1 -10 572.0 175.0 596.0 202.0 -1 -1 -1 -1000 -1000 -1000 -10 0.86962890625
Car -1 -1 -10 660.0 183.0 765.0 222.0 -1 -1 -1 -1000 -1000 -1000 -10 0.82373046875
Cyclist -1 -1 -10 1209.0 193.0 1242.0 375.0 -1 -1 -1 -1000 -1000 -1000 -10 0.58349609375
Cyclist -1 -1 -10 1186.0 194.0 1242.0 371.0 -1 -1 -1 -1000 -1000 -1000 -10 0.06658935546875
Cyclist -1 -1 -10 1220.0 204.0 1242.0 348.0 -1 -1 -1 -1000 -1000 -1000 -10 0.030792236328125
Cyclist -1 -1 -10 1226.0 194.0 1242.0 319.0 -1 -1 -1 -1000 -1000 -1000 -10 0.0278167724609375
Car -1 -1 -10 0.0 196.0 31.0 329.0 -1 -1 -1 -1000 -1000 -1000 -10 0.0036106109619140625
Car -1 -1 -10 0.0 197.0 56.0 351.0 -1 -1 -1 -1000 -1000 -1000 -10 0.003509521484375
Car -1 -1 -10 650.0 181.0 702.0 208.0 -1 -1 -1 -1000 -1000 -1000 -10 0.0017499923706054688
Cyclist -1 -1 -10 1212.0 147.0 1242.0 340.0 -1 -1 -1 -1000 -1000 -1000 -10 0.0012674331665039062
Cyclist -1 -1 -10 946.0 159.0 1064.0 264.0 -1 -1 -1 -1000 -1000 -1000 -10 0.0009918212890625
Car -1 -1 -10 0.0 198.0 95.0 337.0 -1 -1 -1 -1000 -1000 -1000 -10 0.0009694099426269531
Cyclist -1 -1 -10 1226.0 223.0 1242.0 287.0 -1 -1 -1 -1000 -1000 -1000 -10 0.0008788108825683594
Car -1 -1 -10 705.0 185.0 752.0 220.0 -1 -1 -1 -1000 -1000 -1000 -10 0.00084686279296875
Car -1 -1 -10 694.0 185.0 742.0 216.0 -1 -1 -1 -1000 -1000 -1000 -10 0.0007739067077636719
Car -1 -1 -10 0.0 195.0 18.0 318.0 -1 -1 -1 -1000 -1000 -1000 -10 0.0007643699645996094
Cyclist -1 -1 -10 1171.0 171.0 1234.0 372.0 -1 -1 -1 -1000 -1000 -1000 -10 0.0007071495056152344
Car -1 -1 -10 638.0 144.0 815.0 252.0 -1 -1 -1 -1000 -1000 -1000 -10 0.0006833076477050781
Cyclist -1 -1 -10 1201.0 238.0 1240.0 375.0 -1 -1 -1 -1000 -1000 -1000 -10 0.0006155967712402344
Cyclist -1 -1 -10 1219.0 241.0 1242.0 375.0 -1 -1 -1 -1000 -1000 -1000 -10 0.0006089210510253906
Car -1 -1 -10 0.0 216.0 26.0 369.0 -1 -1 -1 -1000 -1000 -1000 -10 0.0005640983581542969
Cyclist -1 -1 -10 1135.0 193.0 1242.0 375.0 -1 -1 -1 -1000 -1000 -1000 -10 0.000560760498046875
Cyclist -1 -1 -10 1222.0 150.0 1242.0 307.0 -1 -1 -1 -1000 -1000 -1000 -10 0.0004982948303222656
Car -1 -1 -10 582.0 179.0 601.0 205.0 -1 -1 -1 -1000 -1000 -1000 -10 0.000461578369140625
Car -1 -1 -10 575.0 170.0 595.0 194.0 -1 -1 -1 -1000 -1000 -1000 -10 0.00043511390686035156
Cyclist -1 -1 -10 1230.0 184.0 1242.0 288.0 -1 -1 -1 -1000 -1000 -1000 -10 0.00041413307189941406
Car -1 -1 -10 1.0 191.0 49.0 305.0 -1 -1 -1 -1000 -1000 -1000 -10 0.00041031837463378906
Car -1 -1 -10 540.0 189.0 574.0 220.0 -1 -1 -1 -1000 -1000 -1000 -10 0.00039315223693847656
Car -1 -1 -10 437.0 169.0 591.0 285.0 -1 -1 -1 -1000 -1000 -1000 -10 0.0003714561462402344
Car -1 -1 -10 591.0 179.0 605.0 192.0 -1 -1 -1 -1000 -1000 -1000 -10 0.0003712177276611328
Cyclist -1 -1 -10 1210.0 197.0 1239.0 313.0 -1 -1 -1 -1000 -1000 -1000 -10 0.0003304481506347656
Car -1 -1 -10 581.0 174.0 604.0 198.0 -1 -1 -1 -1000 -1000 -1000 -10 0.0002524852752685547
Car -1 -1 -10 625.0 166.0 721.0 227.0 -1 -1 -1 -1000 -1000 -1000 -10 0.000240325927734375
Cyclist -1 -1 -10 1162.0 216.0 1242.0 375.0 -1 -1 -1 -1000 -1000 -1000 -10 0.00023674964904785156
Cyclist -1 -1 -10 1194.0 118.0 1242.0 340.0 -1 -1 -1 -1000 -1000 -1000 -10 0.00022280216217041016
Car -1 -1 -10 569.0 133.0 759.0 275.0 -1 -1 -1 -1000 -1000 -1000 -10 0.00022089481353759766
Car -1 -1 -10 597.0 122.0 776.0 246.0 -1 -1 -1 -1000 -1000 -1000 -10 0.00021660327911376953
Car -1 -1 -10 506.0 178.0 579.0 245.0 -1 -1 -1 -1000 -1000 -1000 -10 0.00016701221466064453
Car -1 -1 -10 645.0 170.0 757.0 232.0 -1 -1 -1 -1000 -1000 -1000 -10 0.00014710426330566406
Cyclist -1 -1 -10 1224.0 241.0 1242.0 307.0 -1 -1 -1 -1000 -1000 -1000 -10 0.0001283884048461914
Car -1 -1 -10 0.0 191.0 30.0 282.0 -1 -1 -1 -1000 -1000 -1000 -10 0.00011831521987915039
Car -1 -1 -10 768.0 68.0 781.0 80.0 -1 -1 -1 -1000 -1000 -1000 -10 0.00011444091796875
Car -1 -1 -10 1218.0 123.0 1242.0 285.0 -1 -1 -1 -1000 -1000 -1000 -10 0.00010609626770019531
Car -1 -1 -10 521.0 188.0 561.0 227.0 -1 -1 -1 -1000 -1000 -1000 -10 0.00010347366333007812
