Car -1 -1 -10 128.0 199.0 219.0 236.0 -1 -1 -1 -1000 -1000 -1000 -10 0.94580078125
Car -1 -1 -10 59.0 198.0 156.0 239.0 -1 -1 -1 -1000 -1000 -1000 -10 0.91552734375
Car -1 -1 -10 0.0 188.0 10.0 242.0 -1 -1 -1 -1000 -1000 -1000 -10 0.0013837814331054688
Car -1 -1 -10 145.0 202.0 195.0 227.0 -1 -1 -1 -1000 -1000 -1000 -10 0.00136566162109375
Car -1 -1 -10 83.0 185.0 205.0 247.0 -1 -1 -1 -1000 -1000 -1000 -10 0.0008845329284667969
Car -1 -1 -10 123.0 182.0 224.0 247.0 -1 -1 -1 -1000 -1000 -1000 -10 0.0007410049438476562
Car -1 -1 -10 53.0 190.0 161.0 252.0 -1 -1 -1 -1000 -1000 -1000 -10 0.0006814002990722656
Car -1 -1 -10 0.0 190.0 15.0 267.0 -1 -1 -1 -1000 -1000 -1000 -10 0.0005102157592773438
Car -1 -1 -10 10.0 165.0 201.0 297.0 -1 -1 -1 -1000 -1000 -1000 -10 0.0003342628479003906
Car -1 -1 -10 0.0 201.0 21.0 366.0 -1 -1 -1 -1000 -1000 -1000 -10 0.0002853870391845703
Car -1 -1 -10 83.0 165.0 273.0 298.0 -1 -1 -1 -1000 -1000 -1000 -10 0.0002663135528564453
Car -1 -1 -10 0.0 193.0 20.0 250.0 -1 -1 -1 -1000 -1000 -1000 -10 0.00022995471954345703
Car -1 -1 -10 0.0 195.0 36.0 244.0 -1 -1 -1 -1000 -1000 -1000 -10 0.0002028942108154297
Car -1 -1 -10 1.0 203.0 10.0 257.0 -1 -1 -1 -1000 -1000 -1000 -10 0.0001614093780517578
Car -1 -1 -10 82.0 200.0 133.0 230.0 -1 -1 -1 -1000 -1000 -1000 -10 0.0001342296600341797
Car -1 -1 -10 0.0 235.0 13.0 355.0 -1 -1 -1 -1000 -1000 -1000 -10 0.00013327598571777344
Car -1 -1 -10 0.0 187.0 23.0 272.0 -1 -1 -1 -1000 -1000 -1000 -10 0.00012189149856567383
Car -1 -1 -10 317.0 94.0 343.0 115.0 -1 -1 -1 -1000 -1000 -1000 -10 0.00010305643081665039
Car -1 -1 -10 0.0 187.0 22.0 232.0 -1 -1 -1 -1000 -1000 -1000 -10 0.00010305643081665039
Pedestrian -1 -1 -10 650.0 0.0 677.0 0.0 -1 -1 -1 -1000 -1000 -1000 -10 0.00010055303573608398
