Car -1 -1 -10 570.0 183.0 645.0 254.0 -1 -1 -1 -1000 -1000 -1000 -10 0.9599609375
Car -1 -1 -10 57.0 204.0 230.0 269.0 -1 -1 -1 -1000 -1000 -1000 -10 0.9501953125
Car -1 -1 -10 305.0 196.0 361.0 227.0 -1 -1 -1 -1000 -1000 -1000 -10 0.94580078125
Car -1 -1 -10 1.0 209.0 126.0 260.0 -1 -1 -1 -1000 -1000 -1000 -10 0.93310546875
Car -1 -1 -10 186.0 202.0 279.0 242.0 -1 -1 -1 -1000 -1000 -1000 -10 0.113525390625
Car -1 -1 -10 0.0 207.0 19.0 262.0 -1 -1 -1 -1000 -1000 -1000 -10 0.0019702911376953125
Car -1 -1 -10 271.0 124.0 295.0 145.0 -1 -1 -1 -1000 -1000 -1000 -10 0.0011548995971679688
Car -1 -1 -10 0.0 211.0 70.0 263.0 -1 -1 -1 -1000 -1000 -1000 -10 0.0010728836059570312
Car -1 -1 -10 296.0 179.0 365.0 244.0 -1 -1 -1 -1000 -1000 -1000 -10 0.000873565673828125
Car -1 -1 -10 49.0 190.0 238.0 292.0 -1 -1 -1 -1000 -1000 -1000 -10 0.0007672309875488281
Car -1 -1 -10 129.0 207.0 164.0 259.0 -1 -1 -1 -1000 -1000 -1000 -10 0.0005927085876464844
Car -1 -1 -10 0.0 209.0 13.0 271.0 -1 -1 -1 -1000 -1000 -1000 -10 0.0005359649658203125
Car -1 -1 -10 0.0 212.0 27.0 266.0 -1 -1 -1 -1000 -1000 -1000 -10 0.0005083084106445312
Car -1 -1 -10 1216.0 184.0 1242.0 295.0 -1 -1 -1 -1000 -1000 -1000 -10 0.0004754066467285156
Car -1 -1 -10 42.0 210.0 89.0 251.0 -1 -1 -1 -1000 -1000 -1000 -10 0.00044536590576171875
Car -1 -1 -10 547.0 171.0 661.0 262.0 -1 -1 -1 -1000 -1000 -1000 -10 0.0004448890686035156
Car -1 -1 -10 0.0 176.0 157.0 308.0 -1 -1 -1 -1000 -1000 -1000 -10 0.00042247772216796875
Car -1 -1 -10 0.0 210.0 19.0 359.0 -1 -1 -1 -1000 -1000 -1000 -10 0.00039958953857421875
Car -1 -1 -10 1221.0 176.0 1241.0 264.0 -1 -1 -1 -1000 -1000 -1000 -10 0.00039315223693847656
Car -1 -1 -10 234.0 139.0 401.0 283.0 -1 -1 -1 -1000 -1000 -1000 -10 0.0003695487976074219
Car -1 -1 -10 1.0 204.0 23.0 253.0 -1 -1 -1 -1000 -1000 -1000 -10 0.00033926963806152344
Car -1 -1 -10 0.0 203.0 11.0 252.0 -1 -1 -1 -1000 -1000 -1000 -10 0.0003020763397216797
Car -1 -1 -10 0.0 212.0 41.0 259.0 -1 -1 -1 -1000 -1000 -1000 -10 0.00027561187744140625
Car -1 -1 -10 1226.0 183.0 1242.0 242.0 -1 -1 -1 -1000 -1000 -1000 -10 0.00023412704467773438
Car -1 -1 -10 1204.0 176.0 1241.0 301.0 -1 -1 -1 -1000 -1000 -1000 -10 0.00020992755889892578
Car -1 -1 -10 268.0 161.0 426.0 285.0 -1 -1 -1 -1000 -1000 -1000 -10 0.0001990795135498047
Car -1 -1 -10 1213.0 184.0 1242.0 244.0 -1 -1 -1 -1000 -1000 -1000 -10 0.00016736984252929688
Car -1 -1 -10 0.0 219.0 26.0 375.0 -1 -1 -1 -1000 -1000 -1000 -10 0.0001647472381591797
Car -1 -1 -10 144.0 203.0 259.0 252.0 -1 -1 -1 -1000 -1000 -1000 -10 0.0001424551010131836
Car -1 -1 -10 51.0 99.0 82.0 124.0 -1 -1 -1 -1000 -1000 -1000 -10 0.0001418590545654297
Car -1 -1 -10 265.0 198.0 310.0 227.0 -1 -1 -1 -1000 -1000 -1000 -10 0.0001283884048461914
Car -1 -1 -10 1.0 209.0 13.0 309.0 -1 -1 -1 -1000 -1000 -1000 -10 0.0001125335693359375
Car -1 -1 -10 1215.0 141.0 1242.0 270.0 -1 -1 -1 -1000 -1000 -1000 -10 0.00010728836059570312
