Car -1 -1 -10 552.0 170.0 712.0 328.0 -1 -1 -1 -1000 -1000 -1000 -10 0.96923828125
Car -1 -1 -10 256.0 181.0 346.0 227.0 -1 -1 -1 -1000 -1000 -1000 -10 0.95947265625
Cyclist -1 -1 -10 96.0 171.0 146.0 224.0 -1 -1 -1 -1000 -1000 -1000 -10 0.9228515625
Car -1 -1 -10 719.0 122.0 961.0 198.0 -1 -1 -1 -1000 -1000 -1000 -10 0.90625
Car -1 -1 -10 0.0 181.0 73.0 294.0 -1 -1 -1 -1000 -1000 -1000 -10 0.09112548828125
Cyclist -1 -1 -10 0.0 174.0 15.0 227.0 -1 -1 -1 -1000 -1000 -1000 -10 0.0146942138671875
Cyclist -1 -1 -10 0.0 179.0 24.0 230.0 -1 -1 -1 -1000 -1000 -1000 -10 0.00411224365234375
Cyclist -1 -1 -10 0.0 181.0 11.0 233.0 -1 -1 -1 -1000 -1000 -1000 -10 0.00384521484375
Cyclist -1 -1 -10 0.0 177.0 36.0 224.0 -1 -1 -1 -1000 -1000 -1000 -10 0.0020656585693359375
Cyclist -1 -1 -10 0.0 171.0 22.0 219.0 -1 -1 -1 -1000 -1000 -1000 -10 0.001422882080078125
Cyclist -1 -1 -10 0.0 163.0 12.0 214.0 -1 -1 -1 -1000 -1000 -1000 -10 0.00103759765625
Car -1 -1 -10 765.0 125.0 906.0 191.0 -1 -1 -1 -1000 -1000 -1000 -10 0.0009756088256835938
Cyclist -1 -1 -10 0.0 177.0 64.0 275.0 -1 -1 -1 -1000 -1000 -1000 -10 0.0007920265197753906
Car -1 -1 -10 2.0 177.0 67.0 258.0 -1 -1 -1 -1000 -1000 -1000 -10 0.000606536865234375
Cyclist -1 -1 -10 31.0 135.0 187.0 272.0 -1 -1 -1 -1000 -1000 -1000 -10 0.0003147125244140625
Car -1 -1 -10 203.0 139.0 380.0 277.0 -1 -1 -1 -1000 -1000 -1000 -10 0.00028896331787109375
Cyclist -1 -1 -10 1214.0 153.0 1242.0 372.0 -1 -1 -1 -1000 -1000 -1000 -10 0.00027251243591308594
Cyclist -1 -1 -10 281.0 183.0 327.0 219.0 -1 -1 -1 -1000 -1000 -1000 -10 0.0002493858337402344
Cyclist -1 -1 -10 0.0 182.0 14.0 251.0 -1 -1 -1 -1000 -1000 -1000 -10 0.00023233890533447266
Car -1 -1 -10 1.0 183.0 37.0 288.0 -1 -1 -1 -1000 -1000 -1000 -10 0.00021576881408691406
Car -1 -1 -10 428.0 98.0 442.0 111.0 -1 -1 -1 -1000 -1000 -1000 -10 0.00019609928131103516
Cyclist -1 -1 -10 1193.0 154.0 1242.0 371.0 -1 -1 -1 -1000 -1000 -1000 -10 0.00016760826110839844
Cyclist -1 -1 -10 375.0 176.0 385.0 193.0 -1 -1 -1 -1000 -1000 -1000 -10 0.00016438961029052734
Car -1 -1 -10 270.0 183.0 320.0 220.0 -1 -1 -1 -1000 -1000 -1000 -10 0.00015556812286376953
Cyclist -1 -1 -10 3.0 181.0 46.0 231.0 -1 -1 -1 -1000 -1000 -1000 -10 0.000141143798828125
Car -1 -1 -10 1.0 202.0 65.0 336.0 -1 -1 -1 -1000 -1000 -1000 -10 0.0001366138458251953
Cyclist -1 -1 -10 4.0 166.0 46.0 217.0 -1 -1 -1 -1000 -1000 -1000 -10 0.00011521577835083008
Car -1 -1 -10 721.0 134.0 893.0 196.0 -1 -1 -1 -1000 -1000 -1000 -10 0.00010752677917480469
Car -1 -1 -10 422.0 97.0 446.0 111.0 -1 -1 -1 -1000 -1000 -1000 -10 0.0001062154769897461
Cyclist -1 -1 -10 11.0 178.0 56.0 224.0 -1 -1 -1 -1000 -1000 -1000 -10 0.00010401010513305664
