Car -1 -1 -10 728.0 192.0 1000.0 373.0 -1 -1 -1 -1000 -1000 -1000 -10 0.9677734375
Car -1 -1 -10 2.0 181.0 420.0 372.0 -1 -1 -1 -1000 -1000 -1000 -10 0.96337890625
Car -1 -1 -10 305.0 188.0 488.0 334.0 -1 -1 -1 -1000 -1000 -1000 -10 0.9619140625
Car -1 -1 -10 946.0 193.0 1242.0 373.0 -1 -1 -1 -1000 -1000 -1000 -10 0.95849609375
Car -1 -1 -10 411.0 187.0 521.0 271.0 -1 -1 -1 -1000 -1000 -1000 -10 0.9560546875
Car -1 -1 -10 539.0 173.0 581.0 214.0 -1 -1 -1 -1000 -1000 -1000 -10 0.9521484375
Car -1 -1 -10 655.0 183.0 735.0 246.0 -1 -1 -1 -1000 -1000 -1000 -10 0.95068359375
Car -1 -1 -10 686.0 183.0 804.0 270.0 -1 -1 -1 -1000 -1000 -1000 -10 0.94873046875
Car -1 -1 -10 514.0 182.0 561.0 223.0 -1 -1 -1 -1000 -1000 -1000 -10 0.9453125
Car -1 -1 -10 560.0 175.0 598.0 210.0 -1 -1 -1 -1000 -1000 -1000 -10 0.92333984375
Car -1 -1 -10 606.0 180.0 638.0 200.0 -1 -1 -1 -1000 -1000 -1000 -10 0.00908660888671875
Car -1 -1 -10 491.0 175.0 561.0 243.0 -1 -1 -1 -1000 -1000 -1000 -10 0.0011796951293945312
Car -1 -1 -10 807.0 198.0 916.0 360.0 -1 -1 -1 -1000 -1000 -1000 -10 0.0007634162902832031
Car -1 -1 -10 622.0 166.0 764.0 275.0 -1 -1 -1 -1000 -1000 -1000 -10 0.0004878044128417969
Car -1 -1 -10 9.0 0.0 162.0 73.0 -1 -1 -1 -1000 -1000 -1000 -10 0.000461578369140625
Car -1 -1 -10 1031.0 203.0 1144.0 356.0 -1 -1 -1 -1000 -1000 -1000 -10 0.00044989585876464844
Car -1 -1 -10 536.0 163.0 605.0 230.0 -1 -1 -1 -1000 -1000 -1000 -10 0.00040221214294433594
Car -1 -1 -10 0.0 190.0 24.0 372.0 -1 -1 -1 -1000 -1000 -1000 -10 0.0003070831298828125
Car -1 -1 -10 1223.0 174.0 1242.0 340.0 -1 -1 -1 -1000 -1000 -1000 -10 0.0002770423889160156
Car -1 -1 -10 508.0 171.0 565.0 230.0 -1 -1 -1 -1000 -1000 -1000 -10 0.00022912025451660156
Car -1 -1 -10 430.0 143.0 601.0 279.0 -1 -1 -1 -1000 -1000 -1000 -10 0.00020432472229003906
Car -1 -1 -10 526.0 156.0 583.0 225.0 -1 -1 -1 -1000 -1000 -1000 -10 0.00017702579498291016
Car -1 -1 -10 0.0 191.0 46.0 373.0 -1 -1 -1 -1000 -1000 -1000 -10 0.000152587890625
Car -1 -1 -10 0.0 190.0 239.0 373.0 -1 -1 -1 -1000 -1000 -1000 -10 0.0001506805419921875
Car -1 -1 -10 508.0 189.0 560.0 236.0 -1 -1 -1 -1000 -1000 -1000 -10 0.00014448165893554688
Car -1 -1 -10 499.0 136.0 668.0 272.0 -1 -1 -1 -1000 -1000 -1000 -10 0.00011157989501953125
Car -1 -1 -10 1201.0 174.0 1242.0 345.0 -1 -1 -1 -1000 -1000 -1000 -10 0.00010877847671508789
Car -1 -1 -10 1223.0 164.0 1242.0 283.0 -1 -1 -1 -1000 -1000 -1000 -10 0.00010848045349121094
