Car -1 -1 -10 316.0 190.0 389.0 232.0 -1 -1 -1 -1000 -1000 -1000 -10 0.96337890625
Car -1 -1 -10 496.0 182.0 549.0 229.0 -1 -1 -1 -1000 -1000 -1000 -10 0.96044921875
Car -1 -1 -10 580.0 180.0 607.0 208.0 -1 -1 -1 -1000 -1000 -1000 -10 0.93798828125
Cyclist -1 -1 -10 637.0 172.0 671.0 210.0 -1 -1 -1 -1000 -1000 -1000 -10 0.90625
Car -1 -1 -10 391.0 187.0 430.0 212.0 -1 -1 -1 -1000 -1000 -1000 -10 0.45361328125
Car -1 -1 -10 0.0 162.0 18.0 260.0 -1 -1 -1 -1000 -1000 -1000 -10 0.00385284423828125
Car -1 -1 -10 0.0 151.0 26.0 248.0 -1 -1 -1 -1000 -1000 -1000 -10 0.00232696533203125
Car -1 -1 -10 0.0 183.0 16.0 288.0 -1 -1 -1 -1000 -1000 -1000 -10 0.0010499954223632812
Car -1 -1 -10 311.0 178.0 394.0 244.0 -1 -1 -1 -1000 -1000 -1000 -10 0.0009908676147460938
Car -1 -1 -10 0.0 196.0 17.0 326.0 -1 -1 -1 -1000 -1000 -1000 -10 0.0009760856628417969
Car -1 -1 -10 0.0 181.0 12.0 262.0 -1 -1 -1 -1000 -1000 -1000 -10 0.0008187294006347656
Car -1 -1 -10 0.0 153.0 44.0 234.0 -1 -1 -1 -1000 -1000 -1000 -10 0.0005369186401367188
Car -1 -1 -10 263.0 158.0 442.0 288.0 -1 -1 -1 -1000 -1000 -1000 -10 0.0004489421844482422
Car -1 -1 -10 493.0 173.0 559.0 240.0 -1 -1 -1 -1000 -1000 -1000 -10 0.0004382133483886719
Car -1 -1 -10 0.0 194.0 11.0 248.0 -1 -1 -1 -1000 -1000 -1000 -10 0.0003101825714111328
Car -1 -1 -10 0.0 169.0 33.0 259.0 -1 -1 -1 -1000 -1000 -1000 -10 0.0002987384796142578
Car -1 -1 -10 0.0 202.0 12.0 302.0 -1 -1 -1 -1000 -1000 -1000 -10 0.0002930164337158203
Car -1 -1 -10 0.0 204.0 24.0 351.0 -1 -1 -1 -1000 -1000 -1000 -10 0.0002841949462890625
Car -1 -1 -10 433.0 136.0 602.0 277.0 -1 -1 -1 -1000 -1000 -1000 -10 0.0002827644348144531
Car -1 -1 -10 0.0 174.0 71.0 237.0 -1 -1 -1 -1000 -1000 -1000 -10 0.000247955322265625
Cyclist -1 -1 -10 631.0 176.0 662.0 211.0 -1 -1 -1 -1000 -1000 -1000 -10 0.00022971630096435547
Car -1 -1 -10 0.0 222.0 12.0 343.0 -1 -1 -1 -1000 -1000 -1000 -10 0.00017213821411132812
Car -1 -1 -10 1.0 171.0 24.0 231.0 -1 -1 -1 -1000 -1000 -1000 -10 0.00016891956329345703
Car -1 -1 -10 338.0 56.0 387.0 97.0 -1 -1 -1 -1000 -1000 -1000 -10 0.00016510486602783203
Car -1 -1 -10 547.0 0.0 607.0 52.0 -1 -1 -1 -1000 -1000 -1000 -10 0.0001252889633178711
Car -1 -1 -10 0.0 186.0 33.0 338.0 -1 -1 -1 -1000 -1000 -1000 -10 0.00011587142944335938
Car -1 -1 -10 0.0 197.0 19.0 266.0 -1 -1 -1 -1000 -1000 -1000 -10 0.00010961294174194336
Car -1 -1 -10 172.0 192.0 258.0 222.0 -1 -1 -1 -1000 -1000 -1000 -10 0.00010752677917480469
Car -1 -1 -10 0.0 155.0 100.0 214.0 -1 -1 -1 -1000 -1000 -1000 -10 0.00010341405868530273
