Car -1 -1 -10 129.0 182.0 292.0 240.0 -1 -1 -1 -1000 -1000 -1000 -10 0.94873046875
Car -1 -1 -10 329.0 169.0 397.0 203.0 -1 -1 -1 -1000 -1000 -1000 -10 0.93359375
Car -1 -1 -10 522.0 166.0 578.0 205.0 -1 -1 -1 -1000 -1000 -1000 -10 0.92529296875
Car -1 -1 -10 549.0 169.0 575.0 191.0 -1 -1 -1 -1000 -1000 -1000 -10 0.7744140625
Car -1 -1 -10 528.0 167.0 558.0 189.0 -1 -1 -1 -1000 -1000 -1000 -10 0.346435546875
Car -1 -1 -10 544.0 167.0 579.0 195.0 -1 -1 -1 -1000 -1000 -1000 -10 0.333984375
Car -1 -1 -10 539.0 168.0 566.0 187.0 -1 -1 -1 -1000 -1000 -1000 -10 0.1611328125
Car -1 -1 -10 526.0 165.0 565.0 194.0 -1 -1 -1 -1000 -1000 -1000 -10 0.09246826171875
Car -1 -1 -10 550.0 167.0 574.0 185.0 -1 -1 -1 -1000 -1000 -1000 -10 0.0181884765625
Car -1 -1 -10 0.0 223.0 126.0 374.0 -1 -1 -1 -1000 -1000 -1000 -10 0.01087188720703125
Car -1 -1 -10 579.0 170.0 599.0 187.0 -1 -1 -1 -1000 -1000 -1000 -10 0.01019287109375
Car -1 -1 -10 560.0 169.0 587.0 187.0 -1 -1 -1 -1000 -1000 -1000 -10 0.006908416748046875
Car -1 -1 -10 580.0 168.0 606.0 185.0 -1 -1 -1 -1000 -1000 -1000 -10 0.00487518310546875
Car -1 -1 -10 557.0 172.0 579.0 195.0 -1 -1 -1 -1000 -1000 -1000 -10 0.003765106201171875
Car -1 -1 -10 604.0 169.0 631.0 186.0 -1 -1 -1 -1000 -1000 -1000 -10 0.002025604248046875
Car -1 -1 -10 0.0 197.0 21.0 287.0 -1 -1 -1 -1000 -1000 -1000 -10 0.0018758773803710938
Car -1 -1 -10 193.0 185.0 231.0 232.0 -1 -1 -1 -1000 -1000 -1000 -10 0.0013713836669921875
Car -1 -1 -10 575.0 166.0 600.0 183.0 -1 -1 -1 -1000 -1000 -1000 -10 0.0013408660888671875
Car -1 -1 -10 322.0 153.0 400.0 211.0 -1 -1 -1 -1000 -1000 -1000 -10 0.0007433891296386719
Car -1 -1 -10 0.0 230.0 63.0 371.0 -1 -1 -1 -1000 -1000 -1000 -10 0.000720977783203125
Car -1 -1 -10 516.0 156.0 585.0 219.0 -1 -1 -1 -1000 -1000 -1000 -10 0.0006937980651855469
Pedestrian -1 -1 -10 571.0 0.0 591.0 1.0 -1 -1 -1 -1000 -1000 -1000 -10 0.0006847381591796875
Car -1 -1 -10 107.0 161.0 318.0 273.0 -1 -1 -1 -1000 -1000 -1000 -10 0.0006566047668457031
Car -1 -1 -10 571.0 170.0 597.0 189.0 -1 -1 -1 -1000 -1000 -1000 -10 0.0006480216979980469
Car -1 -1 -10 0.0 234.0 26.0 368.0 -1 -1 -1 -1000 -1000 -1000 -10 0.0005617141723632812
Car -1 -1 -10 1213.0 163.0 1238.0 356.0 -1 -1 -1 -1000 -1000 -1000 -10 0.0005540847778320312
Car -1 -1 -10 0.0 196.0 34.0 289.0 -1 -1 -1 -1000 -1000 -1000 -10 0.00054168701171875
Car -1 -1 -10 0.0 206.0 80.0 334.0 -1 -1 -1 -1000 -1000 -1000 -10 0.0004892349243164062
Car -1 -1 -10 596.0 169.0 626.0 190.0 -1 -1 -1 -1000 -1000 -1000 -10 0.00037598609924316406
Car -1 -1 -10 0.0 219.0 16.0 300.0 -1 -1 -1 -1000 -1000 -1000 -10 0.00035071372985839844
Pedestrian -1 -1 -10 621.0 0.0 643.0 0.0 -1 -1 -1 -1000 -1000 -1000 -10 0.0003364086151123047
Car -1 -1 -10 0.0 220.0 27.0 299.0 -1 -1 -1 -1000 -1000 -1000 -10 0.00033283233642578125
Car -1 -1 -10 0.0 174.0 25.0 275.0 -1 -1 -1 -1000 -1000 -1000 -10 0.0002963542938232422
Car -1 -1 -10 451.0 121.0 615.0 234.0 -1 -1 -1 -1000 -1000 -1000 -10 0.0002899169921875
Car -1 -1 -10 263.0 128.0 444.0 270.0 -1 -1 -1 -1000 -1000 -1000 -10 0.0002689361572265625
Pedestrian -1 -1 -10 560.0 0.0 584.0 0.0 -1 -1 -1 -1000 -1000 -1000 -10 0.00026869773864746094
Car -1 -1 -10 464.0 130.0 643.0 265.0 -1 -1 -1 -1000 -1000 -1000 -10 0.0002435445785522461
Car -1 -1 -10 0.0 180.0 14.0 263.0 -1 -1 -1 -1000 -1000 -1000 -10 0.00023365020751953125
Car -1 -1 -10 1199.0 148.0 1238.0 370.0 -1 -1 -1 -1000 -1000 -1000 -10 0.00022971630096435547
Car -1 -1 -10 524.0 162.0 552.0 185.0 -1 -1 -1 -1000 -1000 -1000 -10 0.00022649765014648438
Car -1 -1 -10 0.0 202.0 47.0 311.0 -1 -1 -1 -1000 -1000 -1000 -10 0.00022137165069580078
Car -1 -1 -10 298.0 114.0 451.0 234.0 -1 -1 -1 -1000 -1000 -1000 -10 0.00022029876708984375
Pedestrian -1 -1 -10 952.0 0.0 976.0 3.0 -1 -1 -1 -1000 -1000 -1000 -10 0.00016164779663085938
Car -1 -1 -10 0.0 166.0 18.0 240.0 -1 -1 -1 -1000 -1000 -1000 -10 0.00015723705291748047
Pedestrian -1 -1 -10 939.0 0.0 964.0 3.0 -1 -1 -1 -1000 -1000 -1000 -10 0.00015664100646972656
Pedestrian -1 -1 -10 581.0 0.0 604.0 1.0 -1 -1 -1 -1000 -1000 -1000 -10 0.00014388561248779297
Car -1 -1 -10 981.0 1.0 1236.0 83.0 -1 -1 -1 -1000 -1000 -1000 -10 0.00013709068298339844
Car -1 -1 -10 592.0 163.0 625.0 184.0 -1 -1 -1 -1000 -1000 -1000 -10 0.00013065338134765625
Car -1 -1 -10 173.0 184.0 249.0 235.0 -1 -1 -1 -1000 -1000 -1000 -10 0.00011515617370605469
Car -1 -1 -10 603.0 161.0 649.0 184.0 -1 -1 -1 -1000 -1000 -1000 -10 0.00010079145431518555
