Car -1 -1 -10 377.0 165.0 447.0 222.0 -1 -1 -1 -1000 -1000 -1000 -10 0.96240234375
Car -1 -1 -10 591.0 176.0 618.0 201.0 -1 -1 -1 -1000 -1000 -1000 -10 0.943359375
Car -1 -1 -10 0.0 172.0 33.0 302.0 -1 -1 -1 -1000 -1000 -1000 -10 0.8662109375
Car -1 -1 -10 479.0 182.0 504.0 199.0 -1 -1 -1 -1000 -1000 -1000 -10 0.58447265625
Car -1 -1 -10 0.0 188.0 23.0 308.0 -1 -1 -1 -1000 -1000 -1000 -10 0.007198333740234375
Car -1 -1 -10 0.0 221.0 16.0 318.0 -1 -1 -1 -1000 -1000 -1000 -10 0.00170135498046875
Car -1 -1 -10 386.0 1.0 449.0 52.0 -1 -1 -1 -1000 -1000 -1000 -10 0.0008463859558105469
Car -1 -1 -10 366.0 2.0 428.0 52.0 -1 -1 -1 -1000 -1000 -1000 -10 0.0008463859558105469
Car -1 -1 -10 1.0 190.0 39.0 331.0 -1 -1 -1 -1000 -1000 -1000 -10 0.0007114410400390625
Car -1 -1 -10 1214.0 199.0 1242.0 375.0 -1 -1 -1 -1000 -1000 -1000 -10 0.0006937980651855469
Car -1 -1 -10 407.0 1.0 470.0 53.0 -1 -1 -1 -1000 -1000 -1000 -10 0.0005888938903808594
Car -1 -1 -10 429.0 1.0 492.0 54.0 -1 -1 -1 -1000 -1000 -1000 -10 0.0004978179931640625
Car -1 -1 -10 7.0 173.0 46.0 296.0 -1 -1 -1 -1000 -1000 -1000 -10 0.0004868507385253906
Car -1 -1 -10 1.0 224.0 30.0 289.0 -1 -1 -1 -1000 -1000 -1000 -10 0.0004298686981201172
Car -1 -1 -10 1.0 200.0 31.0 266.0 -1 -1 -1 -1000 -1000 -1000 -10 0.00041413307189941406
Car -1 -1 -10 0.0 227.0 18.0 291.0 -1 -1 -1 -1000 -1000 -1000 -10 0.0003829002380371094
Car -1 -1 -10 347.0 1.0 408.0 51.0 -1 -1 -1 -1000 -1000 -1000 -10 0.00029659271240234375
Car -1 -1 -10 481.0 0.0 542.0 55.0 -1 -1 -1 -1000 -1000 -1000 -10 0.00027871131896972656
Car -1 -1 -10 344.0 132.0 508.0 266.0 -1 -1 -1 -1000 -1000 -1000 -10 0.00023448467254638672
Car -1 -1 -10 467.0 182.0 499.0 203.0 -1 -1 -1 -1000 -1000 -1000 -10 0.00020694732666015625
Car -1 -1 -10 0.0 230.0 29.0 325.0 -1 -1 -1 -1000 -1000 -1000 -10 0.00020623207092285156
Car -1 -1 -10 329.0 132.0 476.0 238.0 -1 -1 -1 -1000 -1000 -1000 -10 0.00020229816436767578
Car -1 -1 -10 0.0 101.0 48.0 285.0 -1 -1 -1 -1000 -1000 -1000 -10 0.00017511844635009766
Car -1 -1 -10 523.0 0.0 581.0 54.0 -1 -1 -1 -1000 -1000 -1000 -10 0.0001697540283203125
Car -1 -1 -10 449.0 0.0 510.0 54.0 -1 -1 -1 -1000 -1000 -1000 -10 0.00015819072723388672
Car -1 -1 -10 0.0 138.0 36.0 278.0 -1 -1 -1 -1000 -1000 -1000 -10 0.00014698505401611328
Car -1 -1 -10 504.0 0.0 563.0 54.0 -1 -1 -1 -1000 -1000 -1000 -10 0.00013017654418945312
Car -1 -1 -10 0.0 250.0 12.0 307.0 -1 -1 -1 -1000 -1000 -1000 -10 0.0001291036605834961
Car -1 -1 -10 325.0 2.0 386.0 51.0 -1 -1 -1 -1000 -1000 -1000 -10 0.00011610984802246094
Car -1 -1 -10 0.0 225.0 22.0 356.0 -1 -1 -1 -1000 -1000 -1000 -10 0.0001119375228881836
Car -1 -1 -10 0.0 166.0 19.0 274.0 -1 -1 -1 -1000 -1000 -1000 -10 0.00010854005813598633
Car -1 -1 -10 477.0 179.0 505.0 209.0 -1 -1 -1 -1000 -1000 -1000 -10 0.00010800361633300781
Car -1 -1 -10 485.0 179.0 506.0 196.0 -1 -1 -1 -1000 -1000 -1000 -10 0.00010246038436889648
Car -1 -1 -10 0.0 236.0 46.0 347.0 -1 -1 -1 -1000 -1000 -1000 -10 0.00010037422180175781
