Car -1 -1 -10 966.0 168.0 1241.0 373.0 -1 -1 -1 -1000 -1000 -1000 -10 0.97119140625
Car -1 -1 -10 0.0 177.0 178.0 276.0 -1 -1 -1 -1000 -1000 -1000 -10 0.96630859375
Car -1 -1 -10 564.0 172.0 658.0 260.0 -1 -1 -1 -1000 -1000 -1000 -10 0.96435546875
Car -1 -1 -10 809.0 176.0 1051.0 306.0 -1 -1 -1 -1000 -1000 -1000 -10 0.96240234375
Car -1 -1 -10 114.0 169.0 266.0 242.0 -1 -1 -1 -1000 -1000 -1000 -10 0.95751953125
Car -1 -1 -10 737.0 166.0 948.0 264.0 -1 -1 -1 -1000 -1000 -1000 -10 0.95458984375
Car -1 -1 -10 535.0 170.0 557.0 189.0 -1 -1 -1 -1000 -1000 -1000 -10 0.91845703125
Car -1 -1 -10 731.0 173.0 880.0 238.0 -1 -1 -1 -1000 -1000 -1000 -10 0.8974609375
Pedestrian -1 -1 -10 677.0 172.0 693.0 212.0 -1 -1 -1 -1000 -1000 -1000 -10 0.8564453125
Pedestrian -1 -1 -10 49.0 165.0 70.0 240.0 -1 -1 -1 -1000 -1000 -1000 -10 0.76904296875
Pedestrian -1 -1 -10 910.0 165.0 917.0 196.0 -1 -1 -1 -1000 -1000 -1000 -10 0.59228515625
Pedestrian -1 -1 -10 908.0 165.0 915.0 196.0 -1 -1 -1 -1000 -1000 -1000 -10 0.51513671875
Pedestrian -1 -1 -10 913.0 165.0 921.0 197.0 -1 -1 -1 -1000 -1000 -1000 -10 0.351318359375
Pedestrian -1 -1 -10 45.0 165.0 65.0 241.0 -1 -1 -1 -1000 -1000 -1000 -10 0.1708984375
Pedestrian -1 -1 -10 65.0 167.0 79.0 234.0 -1 -1 -1 -1000 -1000 -1000 -10 0.1416015625
Pedestrian -1 -1 -10 50.0 166.0 82.0 245.0 -1 -1 -1 -1000 -1000 -1000 -10 0.10260009765625
Pedestrian -1 -1 -10 39.0 169.0 61.0 245.0 -1 -1 -1 -1000 -1000 -1000 -10 0.0382080078125
Pedestrian -1 -1 -10 900.0 165.0 908.0 195.0 -1 -1 -1 -1000 -1000 -1000 -10 0.026824951171875
Pedestrian -1 -1 -10 907.0 169.0 913.0 198.0 -1 -1 -1 -1000 -1000 -1000 -10 0.021514892578125
Pedestrian -1 -1 -10 55.0 174.0 77.0 237.0 -1 -1 -1 -1000 -1000 -1000 -10 0.0155029296875
Pedestrian -1 -1 -10 13.0 178.0 157.0 272.0 -1 -1 -1 -1000 -1000 -1000 -10 0.0078887939453125
Pedestrian -1 -1 -10 25.0 171.0 129.0 251.0 -1 -1 -1 -1000 -1000 -1000 -10 0.006343841552734375
Pedestrian -1 -1 -10 911.0 162.0 921.0 189.0 -1 -1 -1 -1000 -1000 -1000 -10 0.00385284423828125
Car -1 -1 -10 0.0 176.0 18.0 259.0 -1 -1 -1 -1000 -1000 -1000 -10 0.00307464599609375
Pedestrian -1 -1 -10 681.0 171.0 697.0 210.0 -1 -1 -1 -1000 -1000 -1000 -10 0.0026111602783203125
Car -1 -1 -10 1213.0 183.0 1242.0 298.0 -1 -1 -1 -1000 -1000 -1000 -10 0.002384185791015625
Pedestrian -1 -1 -10 927.0 169.0 936.0 196.0 -1 -1 -1 -1000 -1000 -1000 -10 0.0023097991943359375
Pedestrian -1 -1 -10 916.0 171.0 924.0 201.0 -1 -1 -1 -1000 -1000 -1000 -10 0.002048492431640625
Car -1 -1 -10 1196.0 182.0 1241.0 299.0 -1 -1 -1 -1000 -1000 -1000 -10 0.0017366409301757812
Pedestrian -1 -1 -10 59.0 173.0 90.0 247.0 -1 -1 -1 -1000 -1000 -1000 -10 0.001514434814453125
Pedestrian -1 -1 -10 901.0 164.0 906.0 191.0 -1 -1 -1 -1000 -1000 -1000 -10 0.0014200210571289062
Car -1 -1 -10 0.0 176.0 25.0 283.0 -1 -1 -1 -1000 -1000 -1000 -10 0.0013952255249023438
Car -1 -1 -10 783.0 174.0 851.0 230.0 -1 -1 -1 -1000 -1000 -1000 -10 0.0013494491577148438
Car -1 -1 -10 860.0 179.0 991.0 296.0 -1 -1 -1 -1000 -1000 -1000 -10 0.0010232925415039062
Car -1 -1 -10 11.0 173.0 59.0 257.0 -1 -1 -1 -1000 -1000 -1000 -10 0.0009975433349609375
Car -1 -1 -10 18.0 172.0 79.0 258.0 -1 -1 -1 -1000 -1000 -1000 -10 0.0009388923645019531
Car -1 -1 -10 0.0 190.0 23.0 374.0 -1 -1 -1 -1000 -1000 -1000 -10 0.0008420944213867188
Car -1 -1 -10 0.0 168.0 13.0 247.0 -1 -1 -1 -1000 -1000 -1000 -10 0.0008068084716796875
Car -1 -1 -10 1224.0 182.0 1242.0 284.0 -1 -1 -1 -1000 -1000 -1000 -10 0.0007309913635253906
Car -1 -1 -10 721.0 158.0 885.0 258.0 -1 -1 -1 -1000 -1000 -1000 -10 0.0006728172302246094
Pedestrian -1 -1 -10 925.0 173.0 935.0 202.0 -1 -1 -1 -1000 -1000 -1000 -10 0.0006690025329589844
Pedestrian -1 -1 -10 942.0 0.0 957.0 37.0 -1 -1 -1 -1000 -1000 -1000 -10 0.0006361007690429688
Car -1 -1 -10 1.0 192.0 40.0 371.0 -1 -1 -1 -1000 -1000 -1000 -10 0.0005321502685546875
Car -1 -1 -10 1036.0 168.0 1164.0 361.0 -1 -1 -1 -1000 -1000 -1000 -10 0.0004603862762451172
Car -1 -1 -10 550.0 171.0 570.0 190.0 -1 -1 -1 -1000 -1000 -1000 -10 0.00044798851013183594
Car -1 -1 -10 1215.0 186.0 1242.0 371.0 -1 -1 -1 -1000 -1000 -1000 -10 0.00044083595275878906
Car -1 -1 -10 1.0 181.0 50.0 280.0 -1 -1 -1 -1000 -1000 -1000 -10 0.0003783702850341797
Car -1 -1 -10 1.0 170.0 23.0 244.0 -1 -1 -1 -1000 -1000 -1000 -10 0.0003571510314941406
Pedestrian -1 -1 -10 905.0 162.0 915.0 187.0 -1 -1 -1 -1000 -1000 -1000 -10 0.0003287792205810547
Pedestrian -1 -1 -10 65.0 179.0 86.0 239.0 -1 -1 -1 -1000 -1000 -1000 -10 0.0003218650817871094
Car -1 -1 -10 541.0 169.0 562.0 190.0 -1 -1 -1 -1000 -1000 -1000 -10 0.0003170967102050781
Car -1 -1 -10 1.0 184.0 13.0 299.0 -1 -1 -1 -1000 -1000 -1000 -10 0.00031065940856933594
Car -1 -1 -10 533.0 166.0 559.0 197.0 -1 -1 -1 -1000 -1000 -1000 -10 0.0002789497375488281
Car -1 -1 -10 1177.0 191.0 1242.0 314.0 -1 -1 -1 -1000 -1000 -1000 -10 0.00027561187744140625
Car -1 -1 -10 0.0 75.0 20.0 242.0 -1 -1 -1 -1000 -1000 -1000 -10 0.0002713203430175781
Car -1 -1 -10 797.0 176.0 841.0 225.0 -1 -1 -1 -1000 -1000 -1000 -10 0.00022482872009277344
Car -1 -1 -10 0.0 119.0 15.0 241.0 -1 -1 -1 -1000 -1000 -1000 -10 0.00021982192993164062
Car -1 -1 -10 1197.0 189.0 1242.0 367.0 -1 -1 -1 -1000 -1000 -1000 -10 0.00021445751190185547
Car -1 -1 -10 0.0 82.0 41.0 232.0 -1 -1 -1 -1000 -1000 -1000 -10 0.00021374225616455078
Car -1 -1 -10 25.0 172.0 63.0 252.0 -1 -1 -1 -1000 -1000 -1000 -10 0.00021266937255859375
Car -1 -1 -10 0.0 53.0 29.0 262.0 -1 -1 -1 -1000 -1000 -1000 -10 0.00019359588623046875
Car -1 -1 -10 2.0 176.0 38.0 253.0 -1 -1 -1 -1000 -1000 -1000 -10 0.00018894672393798828
Pedestrian -1 -1 -10 912.0 159.0 920.0 184.0 -1 -1 -1 -1000 -1000 -1000 -10 0.0001779794692993164
Car -1 -1 -10 1126.0 0.0 1242.0 4.0 -1 -1 -1 -1000 -1000 -1000 -10 0.00017189979553222656
Pedestrian -1 -1 -10 981.0 56.0 999.0 84.0 -1 -1 -1 -1000 -1000 -1000 -10 0.00015044212341308594
Pedestrian -1 -1 -10 918.0 166.0 935.0 198.0 -1 -1 -1 -1000 -1000 -1000 -10 0.00014543533325195312
Pedestrian -1 -1 -10 947.0 0.0 959.0 36.0 -1 -1 -1 -1000 -1000 -1000 -10 0.0001418590545654297
Pedestrian -1 -1 -10 58.0 177.0 112.0 264.0 -1 -1 -1 -1000 -1000 -1000 -10 0.00012874603271484375
Car -1 -1 -10 171.0 171.0 211.0 233.0 -1 -1 -1 -1000 -1000 -1000 -10 0.0001252889633178711
Pedestrian -1 -1 -10 49.0 170.0 103.0 252.0 -1 -1 -1 -1000 -1000 -1000 -10 0.00011146068572998047
Pedestrian -1 -1 -10 933.0 167.0 945.0 198.0 -1 -1 -1 -1000 -1000 -1000 -10 0.0001068115234375
