Car -1 -1 -10 522.0 181.0 562.0 209.0 -1 -1 -1 -1000 -1000 -1000 -10 0.96044921875
Car -1 -1 -10 1199.0 185.0 1242.0 264.0 -1 -1 -1 -1000 -1000 -1000 -10 0.019622802734375
Cyclist -1 -1 -10 0.0 128.0 134.0 313.0 -1 -1 -1 -1000 -1000 -1000 -10 0.002197265625
Car -1 -1 -10 1189.0 193.0 1242.0 283.0 -1 -1 -1 -1000 -1000 -1000 -10 0.00138092041015625
Car -1 -1 -10 1225.0 184.0 1242.0 264.0 -1 -1 -1 -1000 -1000 -1000 -10 0.0010623931884765625
Car -1 -1 -10 1195.0 146.0 1242.0 255.0 -1 -1 -1 -1000 -1000 -1000 -10 0.0010251998901367188
Cyclist -1 -1 -10 2.0 138.0 70.0 316.0 -1 -1 -1 -1000 -1000 -1000 -10 0.0009632110595703125
Car -1 -1 -10 1219.0 199.0 1242.0 371.0 -1 -1 -1 -1000 -1000 -1000 -10 0.0009355545043945312
Car -1 -1 -10 1184.0 171.0 1239.0 264.0 -1 -1 -1 -1000 -1000 -1000 -10 0.0004487037658691406
Car -1 -1 -10 1211.0 188.0 1241.0 328.0 -1 -1 -1 -1000 -1000 -1000 -10 0.00043702125549316406
Cyclist -1 -1 -10 0.0 176.0 27.0 344.0 -1 -1 -1 -1000 -1000 -1000 -10 0.00037550926208496094
Car -1 -1 -10 1210.0 131.0 1241.0 242.0 -1 -1 -1 -1000 -1000 -1000 -10 0.0003674030303955078
Car -1 -1 -10 558.0 180.0 579.0 197.0 -1 -1 -1 -1000 -1000 -1000 -10 0.0003566741943359375
Car -1 -1 -10 1204.0 202.0 1242.0 298.0 -1 -1 -1 -1000 -1000 -1000 -10 0.0002803802490234375
Car -1 -1 -10 1226.0 161.0 1242.0 249.0 -1 -1 -1 -1000 -1000 -1000 -10 0.00023663043975830078
Car -1 -1 -10 1228.0 204.0 1242.0 302.0 -1 -1 -1 -1000 -1000 -1000 -10 0.0001900196075439453
Cyclist -1 -1 -10 2.0 153.0 49.0 356.0 -1 -1 -1 -1000 -1000 -1000 -10 0.00018107891082763672
Car -1 -1 -10 595.0 0.0 635.0 6.0 -1 -1 -1 -1000 -1000 -1000 -10 0.0001690387725830078
Cyclist -1 -1 -10 0.0 120.0 33.0 327.0 -1 -1 -1 -1000 -1000 -1000 -10 0.0001043081283569336
