Car -1 -1 -10 580.0 144.0 630.0 204.0 -1 -1 -1 -1000 -1000 -1000 -10 0.94580078125
Car -1 -1 -10 389.0 188.0 422.0 206.0 -1 -1 -1 -1000 -1000 -1000 -10 0.93017578125
Car -1 -1 -10 955.0 81.0 973.0 96.0 -1 -1 -1 -1000 -1000 -1000 -10 0.01165008544921875
Car -1 -1 -10 387.0 182.0 423.0 212.0 -1 -1 -1 -1000 -1000 -1000 -10 0.0006809234619140625
Car -1 -1 -10 957.0 79.0 979.0 96.0 -1 -1 -1 -1000 -1000 -1000 -10 0.0004057884216308594
Car -1 -1 -10 529.0 122.0 678.0 241.0 -1 -1 -1 -1000 -1000 -1000 -10 0.0003876686096191406
Car -1 -1 -10 0.0 208.0 27.0 355.0 -1 -1 -1 -1000 -1000 -1000 -10 0.00033473968505859375
Car -1 -1 -10 952.0 79.0 977.0 100.0 -1 -1 -1 -1000 -1000 -1000 -10 0.0003108978271484375
Car -1 -1 -10 1.0 198.0 52.0 366.0 -1 -1 -1 -1000 -1000 -1000 -10 0.00023758411407470703
Car -1 -1 -10 563.0 0.0 636.0 51.0 -1 -1 -1 -1000 -1000 -1000 -10 0.00017547607421875
Car -1 -1 -10 0.0 209.0 86.0 369.0 -1 -1 -1 -1000 -1000 -1000 -10 0.00015461444854736328
Pedestrian -1 -1 -10 921.0 0.0 950.0 9.0 -1 -1 -1 -1000 -1000 -1000 -10 0.0001175999641418457
Car -1 -1 -10 633.0 3.0 726.0 70.0 -1 -1 -1 -1000 -1000 -1000 -10 0.00010466575622558594
Car -1 -1 -10 362.0 0.0 434.0 48.0 -1 -1 -1 -1000 -1000 -1000 -10 0.00010156631469726562
