Car -1 -1 -10 721.0 179.0 778.0 227.0 -1 -1 -1 -1000 -1000 -1000 -10 0.9638671875
Car -1 -1 -10 795.0 180.0 829.0 200.0 -1 -1 -1 -1000 -1000 -1000 -10 0.9208984375
Car -1 -1 -10 240.0 194.0 291.0 225.0 -1 -1 -1 -1000 -1000 -1000 -10 0.91552734375
Car -1 -1 -10 283.0 187.0 323.0 217.0 -1 -1 -1 -1000 -1000 -1000 -10 0.91162109375
Car -1 -1 -10 858.0 174.0 889.0 190.0 -1 -1 -1 -1000 -1000 -1000 -10 0.7587890625
Car -1 -1 -10 862.0 169.0 892.0 184.0 -1 -1 -1 -1000 -1000 -1000 -10 0.1678466796875
Car -1 -1 -10 0.0 212.0 15.0 249.0 -1 -1 -1 -1000 -1000 -1000 -10 0.0556640625
Car -1 -1 -10 0.0 207.0 22.0 241.0 -1 -1 -1 -1000 -1000 -1000 -10 0.053497314453125
Car -1 -1 -10 868.0 170.0 899.0 187.0 -1 -1 -1 -1000 -1000 -1000 -10 0.032623291015625
Car -1 -1 -10 0.0 203.0 37.0 236.0 -1 -1 -1 -1000 -1000 -1000 -10 0.0279998779296875
Car -1 -1 -10 204.0 192.0 260.0 228.0 -1 -1 -1 -1000 -1000 -1000 -10 0.0255279541015625
Car -1 -1 -10 0.0 211.0 35.0 246.0 -1 -1 -1 -1000 -1000 -1000 -10 0.01776123046875
Car -1 -1 -10 1.0 196.0 27.0 230.0 -1 -1 -1 -1000 -1000 -1000 -10 0.015655517578125
Car -1 -1 -10 307.0 186.0 336.0 211.0 -1 -1 -1 -1000 -1000 -1000 -10 0.01467132568359375
Car -1 -1 -10 0.0 197.0 12.0 228.0 -1 -1 -1 -1000 -1000 -1000 -10 0.0102081298828125
Car -1 -1 -10 1.0 194.0 51.0 231.0 -1 -1 -1 -1000 -1000 -1000 -10 0.00995635986328125
Car -1 -1 -10 0.0 189.0 28.0 220.0 -1 -1 -1 -1000 -1000 -1000 -10 0.0095977783203125
Car -1 -1 -10 867.0 164.0 895.0 179.0 -1 -1 -1 -1000 -1000 -1000 -10 0.0093841552734375
Car -1 -1 -10 0.0 201.0 49.0 243.0 -1 -1 -1 -1000 -1000 -1000 -10 0.0093231201171875
Car -1 -1 -10 0.0 189.0 46.0 218.0 -1 -1 -1 -1000 -1000 -1000 -10 0.0091094970703125
Car -1 -1 -10 0.0 190.0 12.0 220.0 -1 -1 -1 -1000 -1000 -1000 -10 0.006877899169921875
Car -1 -1 -10 8.0 188.0 63.0 220.0 -1 -1 -1 -1000 -1000 -1000 -10 0.0034122467041015625
Car -1 -1 -10 847.0 176.0 874.0 191.0 -1 -1 -1 -1000 -1000 -1000 -10 0.0032367706298828125
Car -1 -1 -10 886.0 165.0 915.0 180.0 -1 -1 -1 -1000 -1000 -1000 -10 0.0030364990234375
Car -1 -1 -10 872.0 166.0 900.0 182.0 -1 -1 -1 -1000 -1000 -1000 -10 0.002712249755859375
Car -1 -1 -10 858.0 171.0 887.0 186.0 -1 -1 -1 -1000 -1000 -1000 -10 0.0026760101318359375
Car -1 -1 -10 1.0 179.0 28.0 208.0 -1 -1 -1 -1000 -1000 -1000 -10 0.00238800048828125
Car -1 -1 -10 884.0 172.0 913.0 189.0 -1 -1 -1 -1000 -1000 -1000 -10 0.0023593902587890625
Car -1 -1 -10 0.0 215.0 25.0 261.0 -1 -1 -1 -1000 -1000 -1000 -10 0.00232696533203125
Car -1 -1 -10 0.0 181.0 10.0 207.0 -1 -1 -1 -1000 -1000 -1000 -10 0.0017213821411132812
Car -1 -1 -10 5.0 180.0 47.0 208.0 -1 -1 -1 -1000 -1000 -1000 -10 0.0014982223510742188
Car -1 -1 -10 3.0 168.0 52.0 196.0 -1 -1 -1 -1000 -1000 -1000 -10 0.001461029052734375
Car -1 -1 -10 4.0 173.0 56.0 215.0 -1 -1 -1 -1000 -1000 -1000 -10 0.0011749267578125
Car -1 -1 -10 15.0 198.0 74.0 232.0 -1 -1 -1 -1000 -1000 -1000 -10 0.0011053085327148438
Car -1 -1 -10 0.0 210.0 20.0 283.0 -1 -1 -1 -1000 -1000 -1000 -10 0.0010318756103515625
Car -1 -1 -10 890.0 161.0 916.0 175.0 -1 -1 -1 -1000 -1000 -1000 -10 0.0009975433349609375
Car -1 -1 -10 858.0 165.0 893.0 200.0 -1 -1 -1 -1000 -1000 -1000 -10 0.0009737014770507812
Car -1 -1 -10 0.0 208.0 63.0 255.0 -1 -1 -1 -1000 -1000 -1000 -10 0.0007758140563964844
Car -1 -1 -10 318.0 183.0 345.0 208.0 -1 -1 -1 -1000 -1000 -1000 -10 0.0006632804870605469
Car -1 -1 -10 0.0 170.0 21.0 201.0 -1 -1 -1 -1000 -1000 -1000 -10 0.0006470680236816406
Car -1 -1 -10 221.0 192.0 270.0 224.0 -1 -1 -1 -1000 -1000 -1000 -10 0.0006184577941894531
Car -1 -1 -10 730.0 179.0 776.0 213.0 -1 -1 -1 -1000 -1000 -1000 -10 0.0006165504455566406
Car -1 -1 -10 9.0 207.0 54.0 238.0 -1 -1 -1 -1000 -1000 -1000 -10 0.0005908012390136719
Car -1 -1 -10 2.0 169.0 28.0 195.0 -1 -1 -1 -1000 -1000 -1000 -10 0.0005054473876953125
Car -1 -1 -10 233.0 175.0 300.0 241.0 -1 -1 -1 -1000 -1000 -1000 -10 0.0005030632019042969
Car -1 -1 -10 872.0 174.0 908.0 193.0 -1 -1 -1 -1000 -1000 -1000 -10 0.0005011558532714844
Car -1 -1 -10 184.0 185.0 258.0 230.0 -1 -1 -1 -1000 -1000 -1000 -10 0.0004162788391113281
Car -1 -1 -10 9.0 160.0 61.0 188.0 -1 -1 -1 -1000 -1000 -1000 -10 0.00041556358337402344
Car -1 -1 -10 0.0 224.0 13.0 274.0 -1 -1 -1 -1000 -1000 -1000 -10 0.0004115104675292969
Car -1 -1 -10 878.0 162.0 906.0 177.0 -1 -1 -1 -1000 -1000 -1000 -10 0.00040793418884277344
Car -1 -1 -10 323.0 181.0 352.0 206.0 -1 -1 -1 -1000 -1000 -1000 -10 0.0003757476806640625
Car -1 -1 -10 1.0 214.0 44.0 265.0 -1 -1 -1 -1000 -1000 -1000 -10 0.00036978721618652344
Car -1 -1 -10 0.0 225.0 24.0 274.0 -1 -1 -1 -1000 -1000 -1000 -10 0.00036835670471191406
Car -1 -1 -10 651.0 138.0 819.0 274.0 -1 -1 -1 -1000 -1000 -1000 -10 0.0003559589385986328
Car -1 -1 -10 892.0 170.0 927.0 187.0 -1 -1 -1 -1000 -1000 -1000 -10 0.0003304481506347656
Car -1 -1 -10 14.0 179.0 71.0 212.0 -1 -1 -1 -1000 -1000 -1000 -10 0.00031375885009765625
Car -1 -1 -10 749.0 183.0 794.0 206.0 -1 -1 -1 -1000 -1000 -1000 -10 0.0003006458282470703
Car -1 -1 -10 0.0 180.0 61.0 252.0 -1 -1 -1 -1000 -1000 -1000 -10 0.0002994537353515625
Car -1 -1 -10 12.0 151.0 62.0 181.0 -1 -1 -1 -1000 -1000 -1000 -10 0.0002694129943847656
Car -1 -1 -10 853.0 166.0 884.0 185.0 -1 -1 -1 -1000 -1000 -1000 -10 0.00024259090423583984
Car -1 -1 -10 837.0 178.0 860.0 192.0 -1 -1 -1 -1000 -1000 -1000 -10 0.00023603439331054688
Car -1 -1 -10 0.0 141.0 10.0 165.0 -1 -1 -1 -1000 -1000 -1000 -10 0.0002262592315673828
Car -1 -1 -10 12.0 212.0 75.0 252.0 -1 -1 -1 -1000 -1000 -1000 -10 0.00022411346435546875
Car -1 -1 -10 0.0 171.0 9.0 196.0 -1 -1 -1 -1000 -1000 -1000 -10 0.00022113323211669922
Car -1 -1 -10 0.0 146.0 9.0 171.0 -1 -1 -1 -1000 -1000 -1000 -10 0.00020766258239746094
Car -1 -1 -10 898.0 165.0 926.0 178.0 -1 -1 -1 -1000 -1000 -1000 -10 0.0002008676528930664
Car -1 -1 -10 6.0 191.0 77.0 243.0 -1 -1 -1 -1000 -1000 -1000 -10 0.00019097328186035156
Car -1 -1 -10 11.0 163.0 76.0 208.0 -1 -1 -1 -1000 -1000 -1000 -10 0.00018680095672607422
Car -1 -1 -10 897.0 173.0 924.0 189.0 -1 -1 -1 -1000 -1000 -1000 -10 0.0001863241195678711
Car -1 -1 -10 887.0 177.0 915.0 194.0 -1 -1 -1 -1000 -1000 -1000 -10 0.0001823902130126953
Car -1 -1 -10 0.0 162.0 8.0 188.0 -1 -1 -1 -1000 -1000 -1000 -10 0.0001742839813232422
Car -1 -1 -10 266.0 174.0 333.0 238.0 -1 -1 -1 -1000 -1000 -1000 -10 0.0001741647720336914
Car -1 -1 -10 12.0 165.0 69.0 195.0 -1 -1 -1 -1000 -1000 -1000 -10 0.00015592575073242188
Car -1 -1 -10 178.0 139.0 353.0 281.0 -1 -1 -1 -1000 -1000 -1000 -10 0.00014853477478027344
Car -1 -1 -10 21.0 187.0 84.0 223.0 -1 -1 -1 -1000 -1000 -1000 -10 0.00014090538024902344
Car -1 -1 -10 0.0 212.0 19.0 354.0 -1 -1 -1 -1000 -1000 -1000 -10 0.00013744831085205078
Car -1 -1 -10 758.0 182.0 790.0 201.0 -1 -1 -1 -1000 -1000 -1000 -10 0.0001360177993774414
Car -1 -1 -10 0.0 210.0 49.0 291.0 -1 -1 -1 -1000 -1000 -1000 -10 0.00013530254364013672
Car -1 -1 -10 5.0 215.0 70.0 269.0 -1 -1 -1 -1000 -1000 -1000 -10 0.00012886524200439453
Car -1 -1 -10 3.0 161.0 31.0 187.0 -1 -1 -1 -1000 -1000 -1000 -10 0.00012814998626708984
Car -1 -1 -10 0.0 143.0 15.0 182.0 -1 -1 -1 -1000 -1000 -1000 -10 0.00011795759201049805
Car -1 -1 -10 2.0 145.0 29.0 173.0 -1 -1 -1 -1000 -1000 -1000 -10 0.0001176595687866211
Car -1 -1 -10 759.0 182.0 780.0 200.0 -1 -1 -1 -1000 -1000 -1000 -10 0.0001131296157836914
Car -1 -1 -10 767.0 183.0 785.0 201.0 -1 -1 -1 -1000 -1000 -1000 -10 0.00011241436004638672
Car -1 -1 -10 5.0 149.0 46.0 177.0 -1 -1 -1 -1000 -1000 -1000 -10 0.00010782480239868164
Car -1 -1 -10 2.0 141.0 28.0 165.0 -1 -1 -1 -1000 -1000 -1000 -10 0.00010401010513305664
Car -1 -1 -10 898.0 158.0 933.0 175.0 -1 -1 -1 -1000 -1000 -1000 -10 0.00010097026824951172
Car -1 -1 -10 16.0 0.0 259.0 89.0 -1 -1 -1 -1000 -1000 -1000 -10 0.0001004934310913086
