Car -1 -1 -10 325.0 175.0 449.0 222.0 -1 -1 -1 -1000 -1000 -1000 -10 0.95263671875
Car -1 -1 -10 554.0 168.0 590.0 195.0 -1 -1 -1 -1000 -1000 -1000 -10 0.91015625
Car -1 -1 -10 329.0 169.0 396.0 200.0 -1 -1 -1 -1000 -1000 -1000 -10 0.88427734375
Car -1 -1 -10 588.0 169.0 615.0 189.0 -1 -1 -1 -1000 -1000 -1000 -10 0.8623046875
Car -1 -1 -10 569.0 168.0 593.0 186.0 -1 -1 -1 -1000 -1000 -1000 -10 0.091796875
Car -1 -1 -10 330.0 169.0 416.0 213.0 -1 -1 -1 -1000 -1000 -1000 -10 0.09130859375
Car -1 -1 -10 556.0 167.0 583.0 186.0 -1 -1 -1 -1000 -1000 -1000 -10 0.0369873046875
Car -1 -1 -10 346.0 170.0 410.0 202.0 -1 -1 -1 -1000 -1000 -1000 -10 0.0178375244140625
Car -1 -1 -10 577.0 169.0 607.0 190.0 -1 -1 -1 -1000 -1000 -1000 -10 0.005031585693359375
Car -1 -1 -10 0.0 212.0 21.0 287.0 -1 -1 -1 -1000 -1000 -1000 -10 0.0038776397705078125
Car -1 -1 -10 361.0 175.0 407.0 212.0 -1 -1 -1 -1000 -1000 -1000 -10 0.0031604766845703125
Car -1 -1 -10 548.0 168.0 578.0 188.0 -1 -1 -1 -1000 -1000 -1000 -10 0.0029811859130859375
Car -1 -1 -10 603.0 168.0 624.0 183.0 -1 -1 -1 -1000 -1000 -1000 -10 0.0013408660888671875
Pedestrian -1 -1 -10 570.0 0.0 591.0 1.0 -1 -1 -1 -1000 -1000 -1000 -10 0.0010509490966796875
Car -1 -1 -10 549.0 166.0 569.0 183.0 -1 -1 -1 -1000 -1000 -1000 -10 0.00104522705078125
Car -1 -1 -10 0.0 200.0 30.0 286.0 -1 -1 -1 -1000 -1000 -1000 -10 0.0007367134094238281
Car -1 -1 -10 0.0 188.0 16.0 280.0 -1 -1 -1 -1000 -1000 -1000 -10 0.0006918907165527344
Car -1 -1 -10 587.0 164.0 616.0 196.0 -1 -1 -1 -1000 -1000 -1000 -10 0.0006313323974609375
Car -1 -1 -10 1212.0 162.0 1238.0 360.0 -1 -1 -1 -1000 -1000 -1000 -10 0.0005936622619628906
Pedestrian -1 -1 -10 558.0 0.0 585.0 0.0 -1 -1 -1 -1000 -1000 -1000 -10 0.0005130767822265625
Car -1 -1 -10 608.0 167.0 632.0 183.0 -1 -1 -1 -1000 -1000 -1000 -10 0.0004742145538330078
Pedestrian -1 -1 -10 580.0 0.0 607.0 2.0 -1 -1 -1 -1000 -1000 -1000 -10 0.0004057884216308594
Car -1 -1 -10 0.0 230.0 16.0 287.0 -1 -1 -1 -1000 -1000 -1000 -10 0.00038242340087890625
Car -1 -1 -10 0.0 222.0 19.0 313.0 -1 -1 -1 -1000 -1000 -1000 -10 0.0003592967987060547
Car -1 -1 -10 296.0 132.0 481.0 270.0 -1 -1 -1 -1000 -1000 -1000 -10 0.00028824806213378906
Car -1 -1 -10 318.0 153.0 403.0 216.0 -1 -1 -1 -1000 -1000 -1000 -10 0.0002791881561279297
Car -1 -1 -10 345.0 174.0 438.0 212.0 -1 -1 -1 -1000 -1000 -1000 -10 0.0002732276916503906
Car -1 -1 -10 1199.0 148.0 1238.0 372.0 -1 -1 -1 -1000 -1000 -1000 -10 0.0002727508544921875
Car -1 -1 -10 270.0 111.0 447.0 248.0 -1 -1 -1 -1000 -1000 -1000 -10 0.0002582073211669922
Car -1 -1 -10 568.0 172.0 596.0 192.0 -1 -1 -1 -1000 -1000 -1000 -10 0.0002543926239013672
Pedestrian -1 -1 -10 618.0 0.0 644.0 0.0 -1 -1 -1 -1000 -1000 -1000 -10 0.00024175643920898438
Car -1 -1 -10 549.0 172.0 581.0 194.0 -1 -1 -1 -1000 -1000 -1000 -10 0.0002338886260986328
Car -1 -1 -10 0.0 182.0 25.0 272.0 -1 -1 -1 -1000 -1000 -1000 -10 0.00021386146545410156
Car -1 -1 -10 604.0 162.0 637.0 181.0 -1 -1 -1 -1000 -1000 -1000 -10 0.0001773834228515625
Pedestrian -1 -1 -10 607.0 0.0 637.0 2.0 -1 -1 -1 -1000 -1000 -1000 -10 0.00013136863708496094
Car -1 -1 -10 615.0 166.0 639.0 184.0 -1 -1 -1 -1000 -1000 -1000 -10 0.00011718273162841797
Car -1 -1 -10 0.0 207.0 42.0 295.0 -1 -1 -1 -1000 -1000 -1000 -10 0.00011682510375976562
