Car -1 -1 -10 379.0 185.0 462.0 255.0 -1 -1 -1 -1000 -1000 -1000 -10 0.9609375
Car -1 -1 -10 530.0 180.0 555.0 200.0 -1 -1 -1 -1000 -1000 -1000 -10 0.91162109375
Car -1 -1 -10 529.0 177.0 557.0 207.0 -1 -1 -1 -1000 -1000 -1000 -10 0.0008893013000488281
Car -1 -1 -10 0.0 194.0 33.0 367.0 -1 -1 -1 -1000 -1000 -1000 -10 0.0007529258728027344
Car -1 -1 -10 0.0 159.0 49.0 374.0 -1 -1 -1 -1000 -1000 -1000 -10 0.0006132125854492188
Car -1 -1 -10 366.0 172.0 485.0 265.0 -1 -1 -1 -1000 -1000 -1000 -10 0.0005698204040527344
Car -1 -1 -10 0.0 141.0 28.0 346.0 -1 -1 -1 -1000 -1000 -1000 -10 0.0003426074981689453
Car -1 -1 -10 0.0 202.0 76.0 370.0 -1 -1 -1 -1000 -1000 -1000 -10 0.0002963542938232422
Car -1 -1 -10 899.0 0.0 948.0 12.0 -1 -1 -1 -1000 -1000 -1000 -10 0.00021851062774658203
Car -1 -1 -10 0.0 42.0 47.0 355.0 -1 -1 -1 -1000 -1000 -1000 -10 0.00021719932556152344
Car -1 -1 -10 0.0 87.0 23.0 318.0 -1 -1 -1 -1000 -1000 -1000 -10 0.00011265277862548828
