Car -1 -1 -10 851.0 188.0 1242.0 373.0 -1 -1 -1 -1000 -1000 -1000 -10 0.9755859375
Car -1 -1 -10 0.0 208.0 225.0 372.0 -1 -1 -1 -1000 -1000 -1000 -10 0.96923828125
Car -1 -1 -10 762.0 181.0 953.0 303.0 -1 -1 -1 -1000 -1000 -1000 -10 0.96923828125
Car -1 -1 -10 134.0 193.0 386.0 317.0 -1 -1 -1 -1000 -1000 -1000 -10 0.96484375
Car -1 -1 -10 726.0 178.0 833.0 254.0 -1 -1 -1 -1000 -1000 -1000 -10 0.9619140625
Car -1 -1 -10 450.0 178.0 512.0 221.0 -1 -1 -1 -1000 -1000 -1000 -10 0.95751953125
Car -1 -1 -10 699.0 178.0 779.0 232.0 -1 -1 -1 -1000 -1000 -1000 -10 0.95263671875
Car -1 -1 -10 476.0 177.0 532.0 214.0 -1 -1 -1 -1000 -1000 -1000 -10 0.9423828125
Car -1 -1 -10 690.0 177.0 750.0 218.0 -1 -1 -1 -1000 -1000 -1000 -10 0.90576171875
Car -1 -1 -10 200.0 198.0 318.0 306.0 -1 -1 -1 -1000 -1000 -1000 -10 0.0007238388061523438
Car -1 -1 -10 450.0 167.0 537.0 231.0 -1 -1 -1 -1000 -1000 -1000 -10 0.0006937980651855469
Car -1 -1 -10 471.0 160.0 538.0 220.0 -1 -1 -1 -1000 -1000 -1000 -10 0.0006117820739746094
Car -1 -1 -10 45.0 211.0 179.0 365.0 -1 -1 -1 -1000 -1000 -1000 -10 0.0005879402160644531
Car -1 -1 -10 687.0 177.0 728.0 209.0 -1 -1 -1 -1000 -1000 -1000 -10 0.0005526542663574219
Car -1 -1 -10 672.0 149.0 817.0 247.0 -1 -1 -1 -1000 -1000 -1000 -10 0.0004832744598388672
Car -1 -1 -10 399.0 133.0 557.0 245.0 -1 -1 -1 -1000 -1000 -1000 -10 0.00032591819763183594
Car -1 -1 -10 684.0 168.0 755.0 232.0 -1 -1 -1 -1000 -1000 -1000 -10 0.000263214111328125
Car -1 -1 -10 616.0 139.0 802.0 272.0 -1 -1 -1 -1000 -1000 -1000 -10 0.0002579689025878906
Car -1 -1 -10 705.0 172.0 811.0 240.0 -1 -1 -1 -1000 -1000 -1000 -10 0.00020778179168701172
Car -1 -1 -10 409.0 137.0 592.0 274.0 -1 -1 -1 -1000 -1000 -1000 -10 0.0001531839370727539
Car -1 -1 -10 1222.0 217.0 1242.0 375.0 -1 -1 -1 -1000 -1000 -1000 -10 0.00012981891632080078
Car -1 -1 -10 0.0 196.0 22.0 327.0 -1 -1 -1 -1000 -1000 -1000 -10 0.00010842084884643555
