Car -1 -1 -10 434.0 176.0 467.0 205.0 -1 -1 -1 -1000 -1000 -1000 -10 0.9423828125
Car -1 -1 -10 531.0 180.0 580.0 220.0 -1 -1 -1 -1000 -1000 -1000 -10 0.9384765625
Car -1 -1 -10 526.0 168.0 584.0 233.0 -1 -1 -1 -1000 -1000 -1000 -10 0.0011491775512695312
Car -1 -1 -10 477.0 131.0 637.0 246.0 -1 -1 -1 -1000 -1000 -1000 -10 0.0003459453582763672
Car -1 -1 -10 441.0 172.0 470.0 200.0 -1 -1 -1 -1000 -1000 -1000 -10 0.00029087066650390625
Car -1 -1 -10 1219.0 228.0 1242.0 370.0 -1 -1 -1 -1000 -1000 -1000 -10 0.00025963783264160156
Car -1 -1 -10 521.0 180.0 558.0 211.0 -1 -1 -1 -1000 -1000 -1000 -10 0.0002371072769165039
Pedestrian -1 -1 -10 886.0 0.0 902.0 3.0 -1 -1 -1 -1000 -1000 -1000 -10 0.0002315044403076172
Car -1 -1 -10 550.0 0.0 597.0 0.0 -1 -1 -1 -1000 -1000 -1000 -10 0.00019097328186035156
Car -1 -1 -10 898.0 127.0 934.0 149.0 -1 -1 -1 -1000 -1000 -1000 -10 0.0001596212387084961
Car -1 -1 -10 518.0 175.0 554.0 204.0 -1 -1 -1 -1000 -1000 -1000 -10 0.00014793872833251953
Pedestrian -1 -1 -10 875.0 0.0 892.0 2.0 -1 -1 -1 -1000 -1000 -1000 -10 0.00014138221740722656
Car -1 -1 -10 1.0 186.0 12.0 217.0 -1 -1 -1 -1000 -1000 -1000 -10 0.0001399517059326172
Car -1 -1 -10 1204.0 232.0 1242.0 372.0 -1 -1 -1 -1000 -1000 -1000 -10 0.00013077259063720703
Car -1 -1 -10 0.0 186.0 9.0 234.0 -1 -1 -1 -1000 -1000 -1000 -10 0.00012087821960449219
Pedestrian -1 -1 -10 966.0 0.0 986.0 1.0 -1 -1 -1 -1000 -1000 -1000 -10 0.00010120868682861328
