Car -1 -1 -10 730.0 186.0 877.0 283.0 -1 -1 -1 -1000 -1000 -1000 -10 0.9765625
Car -1 -1 -10 650.0 177.0 686.0 205.0 -1 -1 -1 -1000 -1000 -1000 -10 0.96142578125
Car -1 -1 -10 814.0 177.0 924.0 234.0 -1 -1 -1 -1000 -1000 -1000 -10 0.95947265625
Car -1 -1 -10 735.0 176.0 783.0 208.0 -1 -1 -1 -1000 -1000 -1000 -10 0.9423828125
Car -1 -1 -10 1161.0 0.0 1241.0 357.0 -1 -1 -1 -1000 -1000 -1000 -10 0.87255859375
Car -1 -1 -10 1138.0 205.0 1242.0 372.0 -1 -1 -1 -1000 -1000 -1000 -10 0.86767578125
Car -1 -1 -10 1128.0 18.0 1241.0 294.0 -1 -1 -1 -1000 -1000 -1000 -10 0.0189208984375
Car -1 -1 -10 1174.0 130.0 1242.0 347.0 -1 -1 -1 -1000 -1000 -1000 -10 0.0130157470703125
Car -1 -1 -10 1082.0 0.0 1237.0 321.0 -1 -1 -1 -1000 -1000 -1000 -10 0.004169464111328125
Car -1 -1 -10 1180.0 196.0 1241.0 334.0 -1 -1 -1 -1000 -1000 -1000 -10 0.003429412841796875
Car -1 -1 -10 1170.0 164.0 1238.0 249.0 -1 -1 -1 -1000 -1000 -1000 -10 0.00164794921875
Car -1 -1 -10 289.0 69.0 307.0 86.0 -1 -1 -1 -1000 -1000 -1000 -10 0.0011692047119140625
Car -1 -1 -10 1182.0 39.0 1242.0 313.0 -1 -1 -1 -1000 -1000 -1000 -10 0.0008587837219238281
Car -1 -1 -10 735.0 173.0 811.0 250.0 -1 -1 -1 -1000 -1000 -1000 -10 0.0008459091186523438
Car -1 -1 -10 724.0 166.0 789.0 224.0 -1 -1 -1 -1000 -1000 -1000 -10 0.0008091926574707031
Car -1 -1 -10 849.0 180.0 897.0 223.0 -1 -1 -1 -1000 -1000 -1000 -10 0.0005049705505371094
Car -1 -1 -10 536.0 2.0 610.0 56.0 -1 -1 -1 -1000 -1000 -1000 -10 0.000461578369140625
Car -1 -1 -10 691.0 143.0 851.0 293.0 -1 -1 -1 -1000 -1000 -1000 -10 0.0003559589385986328
Car -1 -1 -10 783.0 138.0 968.0 276.0 -1 -1 -1 -1000 -1000 -1000 -10 0.0003216266632080078
Car -1 -1 -10 611.0 3.0 684.0 55.0 -1 -1 -1 -1000 -1000 -1000 -10 0.0003170967102050781
Car -1 -1 -10 682.0 116.0 851.0 244.0 -1 -1 -1 -1000 -1000 -1000 -10 0.0002665519714355469
Car -1 -1 -10 651.0 140.0 827.0 269.0 -1 -1 -1 -1000 -1000 -1000 -10 0.000232696533203125
Car -1 -1 -10 1179.0 178.0 1240.0 274.0 -1 -1 -1 -1000 -1000 -1000 -10 0.0002040863037109375
Car -1 -1 -10 1190.0 194.0 1242.0 296.0 -1 -1 -1 -1000 -1000 -1000 -10 0.00013399124145507812
Car -1 -1 -10 1093.0 10.0 1219.0 258.0 -1 -1 -1 -1000 -1000 -1000 -10 0.0001233816146850586
Car -1 -1 -10 646.0 176.0 676.0 200.0 -1 -1 -1 -1000 -1000 -1000 -10 0.0001156926155090332
Car -1 -1 -10 315.0 101.0 345.0 129.0 -1 -1 -1 -1000 -1000 -1000 -10 0.00011277198791503906
Car -1 -1 -10 365.0 74.0 385.0 93.0 -1 -1 -1 -1000 -1000 -1000 -10 0.00010401010513305664
Car -1 -1 -10 1208.0 222.0 1242.0 361.0 -1 -1 -1 -1000 -1000 -1000 -10 0.00010383129119873047
Car -1 -1 -10 1140.0 85.0 1223.0 343.0 -1 -1 -1 -1000 -1000 -1000 -10 0.00010305643081665039
Car -1 -1 -10 1161.0 121.0 1239.0 231.0 -1 -1 -1 -1000 -1000 -1000 -10 0.00010055303573608398
