Car -1 -1 -10 0.0 201.0 256.0 373.0 -1 -1 -1 -1000 -1000 -1000 -10 0.96875
Car -1 -1 -10 207.0 189.0 436.0 317.0 -1 -1 -1 -1000 -1000 -1000 -10 0.9609375
Car -1 -1 -10 381.0 189.0 491.0 260.0 -1 -1 -1 -1000 -1000 -1000 -10 0.95849609375
Car -1 -1 -10 1070.0 107.0 1241.0 225.0 -1 -1 -1 -1000 -1000 -1000 -10 0.95849609375
Car -1 -1 -10 453.0 183.0 526.0 234.0 -1 -1 -1 -1000 -1000 -1000 -10 0.93896484375
Car -1 -1 -10 501.0 183.0 552.0 222.0 -1 -1 -1 -1000 -1000 -1000 -10 0.9248046875
Car -1 -1 -10 644.0 177.0 690.0 214.0 -1 -1 -1 -1000 -1000 -1000 -10 0.92236328125
Car -1 -1 -10 688.0 176.0 739.0 205.0 -1 -1 -1 -1000 -1000 -1000 -10 0.90673828125
Car -1 -1 -10 533.0 174.0 575.0 186.0 -1 -1 -1 -1000 -1000 -1000 -10 0.9052734375
Car -1 -1 -10 728.0 169.0 824.0 223.0 -1 -1 -1 -1000 -1000 -1000 -10 0.87646484375
Car -1 -1 -10 649.0 170.0 691.0 184.0 -1 -1 -1 -1000 -1000 -1000 -10 0.86767578125
Car -1 -1 -10 518.0 182.0 561.0 215.0 -1 -1 -1 -1000 -1000 -1000 -10 0.8115234375
Car -1 -1 -10 658.0 178.0 710.0 208.0 -1 -1 -1 -1000 -1000 -1000 -10 0.52685546875
Car -1 -1 -10 1222.0 120.0 1242.0 170.0 -1 -1 -1 -1000 -1000 -1000 -10 0.1834716796875
Car -1 -1 -10 693.0 170.0 734.0 188.0 -1 -1 -1 -1000 -1000 -1000 -10 0.1478271484375
Car -1 -1 -10 666.0 174.0 716.0 203.0 -1 -1 -1 -1000 -1000 -1000 -10 0.119140625
Car -1 -1 -10 1228.0 126.0 1241.0 173.0 -1 -1 -1 -1000 -1000 -1000 -10 0.10394287109375
Car -1 -1 -10 528.0 174.0 573.0 192.0 -1 -1 -1 -1000 -1000 -1000 -10 0.058319091796875
Car -1 -1 -10 1226.0 131.0 1242.0 185.0 -1 -1 -1 -1000 -1000 -1000 -10 0.053955078125
Car -1 -1 -10 1227.0 114.0 1241.0 162.0 -1 -1 -1 -1000 -1000 -1000 -10 0.038482666015625
Car -1 -1 -10 732.0 171.0 855.0 210.0 -1 -1 -1 -1000 -1000 -1000 -10 0.037567138671875
Car -1 -1 -10 1217.0 114.0 1241.0 162.0 -1 -1 -1 -1000 -1000 -1000 -10 0.026947021484375
Car -1 -1 -10 1194.0 116.0 1242.0 167.0 -1 -1 -1 -1000 -1000 -1000 -10 0.01201629638671875
Car -1 -1 -10 660.0 174.0 704.0 197.0 -1 -1 -1 -1000 -1000 -1000 -10 0.01119232177734375
Car -1 -1 -10 1209.0 123.0 1240.0 177.0 -1 -1 -1 -1000 -1000 -1000 -10 0.007724761962890625
Car -1 -1 -10 1219.0 124.0 1242.0 202.0 -1 -1 -1 -1000 -1000 -1000 -10 0.0036773681640625
Car -1 -1 -10 686.0 170.0 722.0 184.0 -1 -1 -1 -1000 -1000 -1000 -10 0.002933502197265625
Car -1 -1 -10 682.0 173.0 726.0 198.0 -1 -1 -1 -1000 -1000 -1000 -10 0.0028533935546875
Car -1 -1 -10 517.0 178.0 555.0 199.0 -1 -1 -1 -1000 -1000 -1000 -10 0.0028476715087890625
Car -1 -1 -10 523.0 174.0 558.0 190.0 -1 -1 -1 -1000 -1000 -1000 -10 0.0023059844970703125
Car -1 -1 -10 1229.0 107.0 1242.0 150.0 -1 -1 -1 -1000 -1000 -1000 -10 0.0022945404052734375
Car -1 -1 -10 410.0 178.0 506.0 247.0 -1 -1 -1 -1000 -1000 -1000 -10 0.0017461776733398438
Car -1 -1 -10 1229.0 130.0 1242.0 226.0 -1 -1 -1 -1000 -1000 -1000 -10 0.0016374588012695312
Car -1 -1 -10 1111.0 114.0 1237.0 197.0 -1 -1 -1 -1000 -1000 -1000 -10 0.0016307830810546875
Car -1 -1 -10 757.0 170.0 806.0 208.0 -1 -1 -1 -1000 -1000 -1000 -10 0.0014200210571289062
Car -1 -1 -10 1205.0 112.0 1240.0 160.0 -1 -1 -1 -1000 -1000 -1000 -10 0.0012235641479492188
Car -1 -1 -10 664.0 172.0 732.0 212.0 -1 -1 -1 -1000 -1000 -1000 -10 0.0011606216430664062
Car -1 -1 -10 255.0 193.0 387.0 309.0 -1 -1 -1 -1000 -1000 -1000 -10 0.0008950233459472656
Car -1 -1 -10 71.0 206.0 192.0 362.0 -1 -1 -1 -1000 -1000 -1000 -10 0.0008788108825683594
Car -1 -1 -10 652.0 166.0 693.0 178.0 -1 -1 -1 -1000 -1000 -1000 -10 0.0008020401000976562
Car -1 -1 -10 1225.0 116.0 1242.0 260.0 -1 -1 -1 -1000 -1000 -1000 -10 0.0007987022399902344
Car -1 -1 -10 1185.0 112.0 1233.0 164.0 -1 -1 -1 -1000 -1000 -1000 -10 0.0007610321044921875
Car -1 -1 -10 635.0 166.0 695.0 228.0 -1 -1 -1 -1000 -1000 -1000 -10 0.0007410049438476562
Car -1 -1 -10 368.0 180.0 500.0 278.0 -1 -1 -1 -1000 -1000 -1000 -10 0.0007123947143554688
Car -1 -1 -10 644.0 168.0 690.0 204.0 -1 -1 -1 -1000 -1000 -1000 -10 0.0006518363952636719
Car -1 -1 -10 534.0 166.0 574.0 177.0 -1 -1 -1 -1000 -1000 -1000 -10 0.0006270408630371094
Car -1 -1 -10 539.0 177.0 575.0 195.0 -1 -1 -1 -1000 -1000 -1000 -10 0.0005445480346679688
Car -1 -1 -10 660.0 171.0 699.0 182.0 -1 -1 -1 -1000 -1000 -1000 -10 0.0005369186401367188
Car -1 -1 -10 1178.0 108.0 1242.0 185.0 -1 -1 -1 -1000 -1000 -1000 -10 0.0005106925964355469
Car -1 -1 -10 533.0 173.0 574.0 201.0 -1 -1 -1 -1000 -1000 -1000 -10 0.0004825592041015625
Car -1 -1 -10 1230.0 148.0 1241.0 205.0 -1 -1 -1 -1000 -1000 -1000 -10 0.0004410743713378906
Car -1 -1 -10 514.0 171.0 575.0 212.0 -1 -1 -1 -1000 -1000 -1000 -10 0.0004189014434814453
Car -1 -1 -10 1205.0 119.0 1242.0 220.0 -1 -1 -1 -1000 -1000 -1000 -10 0.00041604042053222656
Car -1 -1 -10 500.0 171.0 562.0 233.0 -1 -1 -1 -1000 -1000 -1000 -10 0.00040435791015625
Car -1 -1 -10 533.0 168.0 576.0 182.0 -1 -1 -1 -1000 -1000 -1000 -10 0.00038242340087890625
Car -1 -1 -10 567.0 137.0 735.0 271.0 -1 -1 -1 -1000 -1000 -1000 -10 0.00036597251892089844
Car -1 -1 -10 1197.0 103.0 1242.0 154.0 -1 -1 -1 -1000 -1000 -1000 -10 0.00034809112548828125
Car -1 -1 -10 692.0 135.0 855.0 242.0 -1 -1 -1 -1000 -1000 -1000 -10 0.00034689903259277344
Car -1 -1 -10 711.0 179.0 755.0 208.0 -1 -1 -1 -1000 -1000 -1000 -10 0.0003254413604736328
Car -1 -1 -10 750.0 172.0 828.0 215.0 -1 -1 -1 -1000 -1000 -1000 -10 0.0003082752227783203
Car -1 -1 -10 1170.0 115.0 1225.0 157.0 -1 -1 -1 -1000 -1000 -1000 -10 0.00030112266540527344
Car -1 -1 -10 553.0 172.0 581.0 182.0 -1 -1 -1 -1000 -1000 -1000 -10 0.00024890899658203125
Car -1 -1 -10 1223.0 129.0 1242.0 347.0 -1 -1 -1 -1000 -1000 -1000 -10 0.0002384185791015625
Car -1 -1 -10 675.0 180.0 726.0 207.0 -1 -1 -1 -1000 -1000 -1000 -10 0.0002372264862060547
Car -1 -1 -10 1208.0 132.0 1239.0 204.0 -1 -1 -1 -1000 -1000 -1000 -10 0.0002357959747314453
Car -1 -1 -10 727.0 155.0 860.0 220.0 -1 -1 -1 -1000 -1000 -1000 -10 0.00023412704467773438
Car -1 -1 -10 603.0 124.0 757.0 242.0 -1 -1 -1 -1000 -1000 -1000 -10 0.00020885467529296875
Car -1 -1 -10 1210.0 141.0 1241.0 375.0 -1 -1 -1 -1000 -1000 -1000 -10 0.0001766681671142578
Car -1 -1 -10 462.0 178.0 498.0 193.0 -1 -1 -1 -1000 -1000 -1000 -10 0.00017404556274414062
Car -1 -1 -10 0.0 194.0 26.0 365.0 -1 -1 -1 -1000 -1000 -1000 -10 0.00015616416931152344
Car -1 -1 -10 701.0 174.0 744.0 201.0 -1 -1 -1 -1000 -1000 -1000 -10 0.00015437602996826172
Car -1 -1 -10 1210.0 0.0 1242.0 31.0 -1 -1 -1 -1000 -1000 -1000 -10 0.00015163421630859375
Car -1 -1 -10 431.0 138.0 595.0 257.0 -1 -1 -1 -1000 -1000 -1000 -10 0.00015151500701904297
Car -1 -1 -10 717.0 161.0 849.0 203.0 -1 -1 -1 -1000 -1000 -1000 -10 0.0001475811004638672
Car -1 -1 -10 1116.0 109.0 1190.0 221.0 -1 -1 -1 -1000 -1000 -1000 -10 0.000141143798828125
Car -1 -1 -10 679.0 157.0 748.0 216.0 -1 -1 -1 -1000 -1000 -1000 -10 0.0001308917999267578
Car -1 -1 -10 1230.0 91.0 1242.0 139.0 -1 -1 -1 -1000 -1000 -1000 -10 0.00012505054473876953
Car -1 -1 -10 1184.0 121.0 1241.0 236.0 -1 -1 -1 -1000 -1000 -1000 -10 0.00011646747589111328
Car -1 -1 -10 526.0 171.0 555.0 183.0 -1 -1 -1 -1000 -1000 -1000 -10 0.0001131892204284668
Car -1 -1 -10 0.0 198.0 44.0 366.0 -1 -1 -1 -1000 -1000 -1000 -10 0.0001087188720703125
Car -1 -1 -10 631.0 117.0 805.0 242.0 -1 -1 -1 -1000 -1000 -1000 -10 0.00010645389556884766
Car -1 -1 -10 470.0 176.0 503.0 192.0 -1 -1 -1 -1000 -1000 -1000 -10 0.0001061558723449707
Car -1 -1 -10 1185.0 121.0 1238.0 194.0 -1 -1 -1 -1000 -1000 -1000 -10 0.00010544061660766602
