Car -1 -1 -10 552.0 131.0 615.0 209.0 -1 -1 -1 -1000 -1000 -1000 -10 0.9462890625
Car -1 -1 -10 19.0 192.0 113.0 225.0 -1 -1 -1 -1000 -1000 -1000 -10 0.94580078125
Car -1 -1 -10 107.0 185.0 171.0 218.0 -1 -1 -1 -1000 -1000 -1000 -10 0.94140625
Car -1 -1 -10 0.0 193.0 34.0 233.0 -1 -1 -1 -1000 -1000 -1000 -10 0.91943359375
Car -1 -1 -10 160.0 187.0 212.0 212.0 -1 -1 -1 -1000 -1000 -1000 -10 0.91455078125
Car -1 -1 -10 249.0 184.0 290.0 204.0 -1 -1 -1 -1000 -1000 -1000 -10 0.849609375
Car -1 -1 -10 207.0 185.0 260.0 209.0 -1 -1 -1 -1000 -1000 -1000 -10 0.6064453125
Car -1 -1 -10 232.0 185.0 271.0 207.0 -1 -1 -1 -1000 -1000 -1000 -10 0.0067901611328125
Car -1 -1 -10 14.0 176.0 119.0 238.0 -1 -1 -1 -1000 -1000 -1000 -10 0.0010843276977539062
Car -1 -1 -10 262.0 184.0 300.0 203.0 -1 -1 -1 -1000 -1000 -1000 -10 0.000972747802734375
Car -1 -1 -10 101.0 169.0 179.0 232.0 -1 -1 -1 -1000 -1000 -1000 -10 0.000926971435546875
Car -1 -1 -10 235.0 187.0 286.0 210.0 -1 -1 -1 -1000 -1000 -1000 -10 0.0006470680236816406
Car -1 -1 -10 518.0 124.0 626.0 219.0 -1 -1 -1 -1000 -1000 -1000 -10 0.0006127357482910156
Car -1 -1 -10 134.0 187.0 204.0 220.0 -1 -1 -1 -1000 -1000 -1000 -10 0.0005645751953125
Car -1 -1 -10 41.0 194.0 91.0 217.0 -1 -1 -1 -1000 -1000 -1000 -10 0.0005178451538085938
Car -1 -1 -10 3.0 192.0 41.0 225.0 -1 -1 -1 -1000 -1000 -1000 -10 0.0004911422729492188
Car -1 -1 -10 41.0 172.0 157.0 231.0 -1 -1 -1 -1000 -1000 -1000 -10 0.0004508495330810547
Car -1 -1 -10 170.0 186.0 246.0 221.0 -1 -1 -1 -1000 -1000 -1000 -10 0.0003540515899658203
Car -1 -1 -10 0.0 137.0 156.0 279.0 -1 -1 -1 -1000 -1000 -1000 -10 0.0002913475036621094
Car -1 -1 -10 272.0 181.0 311.0 201.0 -1 -1 -1 -1000 -1000 -1000 -10 0.0002899169921875
Car -1 -1 -10 248.0 176.0 294.0 209.0 -1 -1 -1 -1000 -1000 -1000 -10 0.00027751922607421875
Car -1 -1 -10 128.0 187.0 179.0 217.0 -1 -1 -1 -1000 -1000 -1000 -10 0.0002522468566894531
Car -1 -1 -10 50.0 133.0 233.0 277.0 -1 -1 -1 -1000 -1000 -1000 -10 0.00022149085998535156
Car -1 -1 -10 0.0 206.0 24.0 353.0 -1 -1 -1 -1000 -1000 -1000 -10 0.00018668174743652344
Car -1 -1 -10 1.0 201.0 28.0 296.0 -1 -1 -1 -1000 -1000 -1000 -10 0.00015747547149658203
Car -1 -1 -10 0.0 196.0 20.0 312.0 -1 -1 -1 -1000 -1000 -1000 -10 0.00014591217041015625
Car -1 -1 -10 182.0 100.0 214.0 123.0 -1 -1 -1 -1000 -1000 -1000 -10 0.0001398324966430664
Car -1 -1 -10 176.0 186.0 215.0 207.0 -1 -1 -1 -1000 -1000 -1000 -10 0.0001341104507446289
Car -1 -1 -10 297.0 183.0 338.0 205.0 -1 -1 -1 -1000 -1000 -1000 -10 0.0001252889633178711
Car -1 -1 -10 0.0 192.0 21.0 228.0 -1 -1 -1 -1000 -1000 -1000 -10 0.00011920928955078125
Car -1 -1 -10 191.0 189.0 227.0 209.0 -1 -1 -1 -1000 -1000 -1000 -10 0.000118255615234375
Car -1 -1 -10 1220.0 179.0 1242.0 343.0 -1 -1 -1 -1000 -1000 -1000 -10 0.0001150965690612793
Car -1 -1 -10 0.0 177.0 12.0 220.0 -1 -1 -1 -1000 -1000 -1000 -10 0.00010311603546142578
