Car -1 -1 -10 441.0 172.0 494.0 224.0 -1 -1 -1 -1000 -1000 -1000 -10 0.92529296875
Car -1 -1 -10 448.0 173.0 488.0 202.0 -1 -1 -1 -1000 -1000 -1000 -10 0.67431640625
Car -1 -1 -10 441.0 176.0 478.0 208.0 -1 -1 -1 -1000 -1000 -1000 -10 0.0019521713256835938
Car -1 -1 -10 0.0 191.0 63.0 373.0 -1 -1 -1 -1000 -1000 -1000 -10 0.0006117820739746094
Car -1 -1 -10 474.0 271.0 517.0 303.0 -1 -1 -1 -1000 -1000 -1000 -10 0.0003743171691894531
Car -1 -1 -10 370.0 138.0 531.0 268.0 -1 -1 -1 -1000 -1000 -1000 -10 0.00036072731018066406
Car -1 -1 -10 0.0 218.0 32.0 372.0 -1 -1 -1 -1000 -1000 -1000 -10 0.00027942657470703125
Car -1 -1 -10 640.0 107.0 659.0 126.0 -1 -1 -1 -1000 -1000 -1000 -10 0.0002791881561279297
Car -1 -1 -10 289.0 300.0 519.0 375.0 -1 -1 -1 -1000 -1000 -1000 -10 0.00024318695068359375
Car -1 -1 -10 801.0 96.0 829.0 122.0 -1 -1 -1 -1000 -1000 -1000 -10 0.0002294778823852539
Car -1 -1 -10 640.0 303.0 1106.0 375.0 -1 -1 -1 -1000 -1000 -1000 -10 0.00022268295288085938
Car -1 -1 -10 1.0 217.0 94.0 374.0 -1 -1 -1 -1000 -1000 -1000 -10 0.00021374225616455078
Car -1 -1 -10 637.0 113.0 662.0 132.0 -1 -1 -1 -1000 -1000 -1000 -10 0.0001976490020751953
