Car -1 -1 -10 376.0 170.0 504.0 252.0 -1 -1 -1 -1000 -1000 -1000 -10 0.97119140625
Car -1 -1 -10 485.0 181.0 562.0 227.0 -1 -1 -1 -1000 -1000 -1000 -10 0.958984375
Car -1 -1 -10 592.0 179.0 630.0 205.0 -1 -1 -1 -1000 -1000 -1000 -10 0.94873046875
Car -1 -1 -10 668.0 176.0 695.0 193.0 -1 -1 -1 -1000 -1000 -1000 -10 0.92626953125
Cyclist -1 -1 -10 692.0 170.0 715.0 225.0 -1 -1 -1 -1000 -1000 -1000 -10 0.9150390625
Cyclist -1 -1 -10 668.0 175.0 698.0 193.0 -1 -1 -1 -1000 -1000 -1000 -10 0.01381683349609375
Cyclist -1 -1 -10 681.0 173.0 722.0 215.0 -1 -1 -1 -1000 -1000 -1000 -10 0.0114288330078125
Car -1 -1 -10 1220.0 187.0 1242.0 366.0 -1 -1 -1 -1000 -1000 -1000 -10 0.0040435791015625
Car -1 -1 -10 1210.0 168.0 1242.0 360.0 -1 -1 -1 -1000 -1000 -1000 -10 0.00189971923828125
Car -1 -1 -10 0.0 151.0 19.0 290.0 -1 -1 -1 -1000 -1000 -1000 -10 0.001461029052734375
Car -1 -1 -10 0.0 184.0 18.0 342.0 -1 -1 -1 -1000 -1000 -1000 -10 0.0013818740844726562
Car -1 -1 -10 668.0 175.0 697.0 207.0 -1 -1 -1 -1000 -1000 -1000 -10 0.0011577606201171875
Cyclist -1 -1 -10 741.0 175.0 756.0 208.0 -1 -1 -1 -1000 -1000 -1000 -10 0.0010919570922851562
Car -1 -1 -10 0.0 135.0 26.0 305.0 -1 -1 -1 -1000 -1000 -1000 -10 0.0007081031799316406
Car -1 -1 -10 0.0 130.0 17.0 245.0 -1 -1 -1 -1000 -1000 -1000 -10 0.0006074905395507812
Car -1 -1 -10 0.0 182.0 14.0 259.0 -1 -1 -1 -1000 -1000 -1000 -10 0.0005159378051757812
Car -1 -1 -10 0.0 191.0 13.0 296.0 -1 -1 -1 -1000 -1000 -1000 -10 0.00043129920959472656
Car -1 -1 -10 1.0 184.0 21.0 262.0 -1 -1 -1 -1000 -1000 -1000 -10 0.0002951622009277344
Car -1 -1 -10 690.0 175.0 712.0 201.0 -1 -1 -1 -1000 -1000 -1000 -10 0.00029206275939941406
Car -1 -1 -10 452.0 135.0 617.0 278.0 -1 -1 -1 -1000 -1000 -1000 -10 0.00028824806213378906
Cyclist -1 -1 -10 690.0 176.0 713.0 201.0 -1 -1 -1 -1000 -1000 -1000 -10 0.00027680397033691406
Car -1 -1 -10 1225.0 209.0 1242.0 341.0 -1 -1 -1 -1000 -1000 -1000 -10 0.00027680397033691406
Car -1 -1 -10 0.0 189.0 34.0 373.0 -1 -1 -1 -1000 -1000 -1000 -10 0.00026488304138183594
Car -1 -1 -10 0.0 119.0 41.0 323.0 -1 -1 -1 -1000 -1000 -1000 -10 0.00024044513702392578
Car -1 -1 -10 1229.0 182.0 1242.0 289.0 -1 -1 -1 -1000 -1000 -1000 -10 0.00023686885833740234
Car -1 -1 -10 0.0 152.0 12.0 237.0 -1 -1 -1 -1000 -1000 -1000 -10 0.00023508071899414062
Car -1 -1 -10 1223.0 158.0 1242.0 294.0 -1 -1 -1 -1000 -1000 -1000 -10 0.000213623046875
Car -1 -1 -10 1183.0 192.0 1242.0 370.0 -1 -1 -1 -1000 -1000 -1000 -10 0.00019919872283935547
Cyclist -1 -1 -10 686.0 172.0 709.0 225.0 -1 -1 -1 -1000 -1000 -1000 -10 0.00014543533325195312
Car -1 -1 -10 685.0 173.0 710.0 189.0 -1 -1 -1 -1000 -1000 -1000 -10 0.0001417398452758789
Car -1 -1 -10 986.0 75.0 1040.0 103.0 -1 -1 -1 -1000 -1000 -1000 -10 0.00013911724090576172
Car -1 -1 -10 1.0 178.0 11.0 235.0 -1 -1 -1 -1000 -1000 -1000 -10 0.0001373291015625
Car -1 -1 -10 0.0 141.0 11.0 210.0 -1 -1 -1 -1000 -1000 -1000 -10 0.0001366138458251953
Car -1 -1 -10 2.0 140.0 22.0 226.0 -1 -1 -1 -1000 -1000 -1000 -10 0.0001112222671508789
