Car -1 -1 -10 339.0 181.0 426.0 233.0 -1 -1 -1 -1000 -1000 -1000 -10 0.95703125
Car -1 -1 -10 582.0 176.0 598.0 189.0 -1 -1 -1 -1000 -1000 -1000 -10 0.89697265625
Car -1 -1 -10 563.0 174.0 580.0 188.0 -1 -1 -1 -1000 -1000 -1000 -10 0.0017299652099609375
Car -1 -1 -10 0.0 179.0 16.0 259.0 -1 -1 -1 -1000 -1000 -1000 -10 0.0006241798400878906
Car -1 -1 -10 0.0 168.0 12.0 243.0 -1 -1 -1 -1000 -1000 -1000 -10 0.0003151893615722656
Car -1 -1 -10 289.0 142.0 456.0 275.0 -1 -1 -1 -1000 -1000 -1000 -10 0.0002758502960205078
Car -1 -1 -10 423.0 79.0 457.0 104.0 -1 -1 -1 -1000 -1000 -1000 -10 0.00026488304138183594
Car -1 -1 -10 352.0 183.0 403.0 225.0 -1 -1 -1 -1000 -1000 -1000 -10 0.0002624988555908203
Car -1 -1 -10 0.0 191.0 20.0 329.0 -1 -1 -1 -1000 -1000 -1000 -10 0.0002434253692626953
Car -1 -1 -10 559.0 170.0 573.0 186.0 -1 -1 -1 -1000 -1000 -1000 -10 0.00022351741790771484
Car -1 -1 -10 0.0 181.0 24.0 286.0 -1 -1 -1 -1000 -1000 -1000 -10 0.00017952919006347656
Car -1 -1 -10 0.0 194.0 13.0 288.0 -1 -1 -1 -1000 -1000 -1000 -10 0.0001367330551147461
Cyclist -1 -1 -10 1224.0 144.0 1242.0 304.0 -1 -1 -1 -1000 -1000 -1000 -10 0.0001323223114013672
Car -1 -1 -10 1217.0 160.0 1242.0 359.0 -1 -1 -1 -1000 -1000 -1000 -10 0.00011974573135375977
Car -1 -1 -10 0.0 156.0 23.0 260.0 -1 -1 -1 -1000 -1000 -1000 -10 0.00010257959365844727
