Car -1 -1 -10 975.0 189.0 1241.0 372.0 -1 -1 -1 -1000 -1000 -1000 -10 0.966796875
Car -1 -1 -10 692.0 184.0 867.0 298.0 -1 -1 -1 -1000 -1000 -1000 -10 0.9658203125
Car -1 -1 -10 256.0 200.0 389.0 283.0 -1 -1 -1 -1000 -1000 -1000 -10 0.95654296875
Car -1 -1 -10 623.0 175.0 726.0 249.0 -1 -1 -1 -1000 -1000 -1000 -10 0.95556640625
Car -1 -1 -10 568.0 184.0 623.0 222.0 -1 -1 -1 -1000 -1000 -1000 -10 0.95361328125
Car -1 -1 -10 547.0 185.0 580.0 212.0 -1 -1 -1 -1000 -1000 -1000 -10 0.9267578125
Cyclist -1 -1 -10 415.0 182.0 462.0 265.0 -1 -1 -1 -1000 -1000 -1000 -10 0.919921875
Cyclist -1 -1 -10 364.0 180.0 419.0 280.0 -1 -1 -1 -1000 -1000 -1000 -10 0.8837890625
Car -1 -1 -10 408.0 188.0 453.0 222.0 -1 -1 -1 -1000 -1000 -1000 -10 0.77392578125
Pedestrian -1 -1 -10 400.0 181.0 413.0 210.0 -1 -1 -1 -1000 -1000 -1000 -10 0.6044921875
Pedestrian -1 -1 -10 388.0 180.0 398.0 208.0 -1 -1 -1 -1000 -1000 -1000 -10 0.515625
Car -1 -1 -10 412.0 183.0 461.0 261.0 -1 -1 -1 -1000 -1000 -1000 -10 0.5107421875
Pedestrian -1 -1 -10 386.0 182.0 401.0 212.0 -1 -1 -1 -1000 -1000 -1000 -10 0.367431640625
Pedestrian -1 -1 -10 404.0 182.0 416.0 207.0 -1 -1 -1 -1000 -1000 -1000 -10 0.339111328125
Pedestrian -1 -1 -10 388.0 181.0 406.0 209.0 -1 -1 -1 -1000 -1000 -1000 -10 0.314697265625
Pedestrian -1 -1 -10 395.0 180.0 409.0 208.0 -1 -1 -1 -1000 -1000 -1000 -10 0.252197265625
Car -1 -1 -10 530.0 183.0 556.0 204.0 -1 -1 -1 -1000 -1000 -1000 -10 0.16845703125
Pedestrian -1 -1 -10 407.0 188.0 441.0 220.0 -1 -1 -1 -1000 -1000 -1000 -10 0.1531982421875
Car -1 -1 -10 362.0 185.0 420.0 262.0 -1 -1 -1 -1000 -1000 -1000 -10 0.09478759765625
Car -1 -1 -10 428.0 185.0 454.0 207.0 -1 -1 -1 -1000 -1000 -1000 -10 0.0733642578125
Pedestrian -1 -1 -10 413.0 187.0 450.0 216.0 -1 -1 -1 -1000 -1000 -1000 -10 0.072998046875
Cyclist -1 -1 -10 391.0 182.0 453.0 271.0 -1 -1 -1 -1000 -1000 -1000 -10 0.06744384765625
Pedestrian -1 -1 -10 421.0 181.0 442.0 206.0 -1 -1 -1 -1000 -1000 -1000 -10 0.0226287841796875
Car -1 -1 -10 380.0 182.0 410.0 209.0 -1 -1 -1 -1000 -1000 -1000 -10 0.02178955078125
Pedestrian -1 -1 -10 362.0 181.0 375.0 207.0 -1 -1 -1 -1000 -1000 -1000 -10 0.0191802978515625
Pedestrian -1 -1 -10 412.0 178.0 422.0 199.0 -1 -1 -1 -1000 -1000 -1000 -10 0.0178375244140625
Pedestrian -1 -1 -10 368.0 180.0 379.0 206.0 -1 -1 -1 -1000 -1000 -1000 -10 0.01161956787109375
Pedestrian -1 -1 -10 421.0 180.0 435.0 200.0 -1 -1 -1 -1000 -1000 -1000 -10 0.011566162109375
Car -1 -1 -10 435.0 185.0 459.0 208.0 -1 -1 -1 -1000 -1000 -1000 -10 0.00994873046875
Pedestrian -1 -1 -10 371.0 185.0 400.0 217.0 -1 -1 -1 -1000 -1000 -1000 -10 0.00917816162109375
Car -1 -1 -10 417.0 182.0 448.0 205.0 -1 -1 -1 -1000 -1000 -1000 -10 0.00746917724609375
Pedestrian -1 -1 -10 421.0 169.0 433.0 193.0 -1 -1 -1 -1000 -1000 -1000 -10 0.006916046142578125
Car -1 -1 -10 323.0 193.0 412.0 253.0 -1 -1 -1 -1000 -1000 -1000 -10 0.00580596923828125
Cyclist -1 -1 -10 399.0 188.0 419.0 220.0 -1 -1 -1 -1000 -1000 -1000 -10 0.0057830810546875
Pedestrian -1 -1 -10 399.0 188.0 419.0 220.0 -1 -1 -1 -1000 -1000 -1000 -10 0.005126953125
Pedestrian -1 -1 -10 374.0 187.0 407.0 236.0 -1 -1 -1 -1000 -1000 -1000 -10 0.004669189453125
Pedestrian -1 -1 -10 417.0 170.0 427.0 193.0 -1 -1 -1 -1000 -1000 -1000 -10 0.0045013427734375
Pedestrian -1 -1 -10 429.0 181.0 448.0 202.0 -1 -1 -1 -1000 -1000 -1000 -10 0.00415802001953125
Cyclist -1 -1 -10 372.0 187.0 409.0 242.0 -1 -1 -1 -1000 -1000 -1000 -10 0.003139495849609375
Cyclist -1 -1 -10 430.0 183.0 461.0 248.0 -1 -1 -1 -1000 -1000 -1000 -10 0.00298309326171875
Pedestrian -1 -1 -10 362.0 179.0 385.0 213.0 -1 -1 -1 -1000 -1000 -1000 -10 0.0021343231201171875
Pedestrian -1 -1 -10 394.0 181.0 418.0 208.0 -1 -1 -1 -1000 -1000 -1000 -10 0.0016241073608398438
Pedestrian -1 -1 -10 381.0 182.0 405.0 221.0 -1 -1 -1 -1000 -1000 -1000 -10 0.0015344619750976562
Pedestrian -1 -1 -10 356.0 180.0 373.0 209.0 -1 -1 -1 -1000 -1000 -1000 -10 0.0010833740234375
Car -1 -1 -10 407.0 195.0 447.0 237.0 -1 -1 -1 -1000 -1000 -1000 -10 0.0010271072387695312
Car -1 -1 -10 361.0 189.0 408.0 233.0 -1 -1 -1 -1000 -1000 -1000 -10 0.0010118484497070312
Car -1 -1 -10 0.0 207.0 24.0 361.0 -1 -1 -1 -1000 -1000 -1000 -10 0.0008678436279296875
Car -1 -1 -10 1051.0 195.0 1164.0 358.0 -1 -1 -1 -1000 -1000 -1000 -10 0.0008387565612792969
Car -1 -1 -10 563.0 171.0 628.0 236.0 -1 -1 -1 -1000 -1000 -1000 -10 0.0007920265197753906
Cyclist -1 -1 -10 363.0 193.0 408.0 254.0 -1 -1 -1 -1000 -1000 -1000 -10 0.0007295608520507812
Cyclist -1 -1 -10 256.0 188.0 399.0 292.0 -1 -1 -1 -1000 -1000 -1000 -10 0.0006551742553710938
Pedestrian -1 -1 -10 382.0 183.0 417.0 228.0 -1 -1 -1 -1000 -1000 -1000 -10 0.0006012916564941406
Cyclist -1 -1 -10 338.0 170.0 446.0 280.0 -1 -1 -1 -1000 -1000 -1000 -10 0.0005917549133300781
Pedestrian -1 -1 -10 427.0 169.0 441.0 192.0 -1 -1 -1 -1000 -1000 -1000 -10 0.0005631446838378906
Pedestrian -1 -1 -10 359.0 181.0 377.0 213.0 -1 -1 -1 -1000 -1000 -1000 -10 0.0005540847778320312
Pedestrian -1 -1 -10 435.0 181.0 454.0 202.0 -1 -1 -1 -1000 -1000 -1000 -10 0.0005221366882324219
Pedestrian -1 -1 -10 405.0 169.0 415.0 195.0 -1 -1 -1 -1000 -1000 -1000 -10 0.0004563331604003906
Cyclist -1 -1 -10 384.0 187.0 422.0 258.0 -1 -1 -1 -1000 -1000 -1000 -10 0.0004334449768066406
Car -1 -1 -10 0.0 191.0 40.0 374.0 -1 -1 -1 -1000 -1000 -1000 -10 0.00039696693420410156
Cyclist -1 -1 -10 439.0 183.0 468.0 257.0 -1 -1 -1 -1000 -1000 -1000 -10 0.00037741661071777344
Cyclist -1 -1 -10 362.0 156.0 496.0 283.0 -1 -1 -1 -1000 -1000 -1000 -10 0.0003409385681152344
Pedestrian -1 -1 -10 386.0 169.0 396.0 195.0 -1 -1 -1 -1000 -1000 -1000 -10 0.0002570152282714844
Car -1 -1 -10 519.0 136.0 677.0 251.0 -1 -1 -1 -1000 -1000 -1000 -10 0.0002503395080566406
Car -1 -1 -10 380.0 185.0 435.0 222.0 -1 -1 -1 -1000 -1000 -1000 -10 0.00024962425231933594
Pedestrian -1 -1 -10 352.0 180.0 392.0 214.0 -1 -1 -1 -1000 -1000 -1000 -10 0.00020813941955566406
Car -1 -1 -10 1.0 246.0 21.0 375.0 -1 -1 -1 -1000 -1000 -1000 -10 0.00020015239715576172
Pedestrian -1 -1 -10 416.0 157.0 426.0 185.0 -1 -1 -1 -1000 -1000 -1000 -10 0.00018894672393798828
Car -1 -1 -10 0.0 231.0 15.0 358.0 -1 -1 -1 -1000 -1000 -1000 -10 0.00018298625946044922
Cyclist -1 -1 -10 441.0 180.0 463.0 242.0 -1 -1 -1 -1000 -1000 -1000 -10 0.00017750263214111328
Pedestrian -1 -1 -10 374.0 180.0 387.0 201.0 -1 -1 -1 -1000 -1000 -1000 -10 0.00016069412231445312
Pedestrian -1 -1 -10 347.0 178.0 391.0 229.0 -1 -1 -1 -1000 -1000 -1000 -10 0.00013756752014160156
Car -1 -1 -10 1221.0 174.0 1242.0 343.0 -1 -1 -1 -1000 -1000 -1000 -10 0.00012552738189697266
Car -1 -1 -10 398.0 173.0 458.0 236.0 -1 -1 -1 -1000 -1000 -1000 -10 0.00011348724365234375
Pedestrian -1 -1 -10 345.0 181.0 378.0 220.0 -1 -1 -1 -1000 -1000 -1000 -10 0.00010412931442260742
