Car -1 -1 -10 569.0 122.0 646.0 216.0 -1 -1 -1 -1000 -1000 -1000 -10 0.94873046875
Car -1 -1 -10 0.0 189.0 107.0 230.0 -1 -1 -1 -1000 -1000 -1000 -10 0.94140625
Car -1 -1 -10 100.0 188.0 184.0 223.0 -1 -1 -1 -1000 -1000 -1000 -10 0.935546875
Car -1 -1 -10 168.0 189.0 236.0 216.0 -1 -1 -1 -1000 -1000 -1000 -10 0.919921875
Car -1 -1 -10 212.0 187.0 269.0 213.0 -1 -1 -1 -1000 -1000 -1000 -10 0.90771484375
Car -1 -1 -10 0.0 197.0 15.0 236.0 -1 -1 -1 -1000 -1000 -1000 -10 0.2127685546875
Car -1 -1 -10 1.0 191.0 23.0 229.0 -1 -1 -1 -1000 -1000 -1000 -10 0.0092315673828125
Car -1 -1 -10 0.0 201.0 13.0 248.0 -1 -1 -1 -1000 -1000 -1000 -10 0.004291534423828125
Car -1 -1 -10 0.0 195.0 38.0 230.0 -1 -1 -1 -1000 -1000 -1000 -10 0.0024356842041015625
Car -1 -1 -10 0.0 179.0 111.0 247.0 -1 -1 -1 -1000 -1000 -1000 -10 0.0014209747314453125
Car -1 -1 -10 95.0 173.0 190.0 236.0 -1 -1 -1 -1000 -1000 -1000 -10 0.0008678436279296875
Car -1 -1 -10 125.0 75.0 141.0 90.0 -1 -1 -1 -1000 -1000 -1000 -10 0.0007572174072265625
Car -1 -1 -10 24.0 193.0 71.0 222.0 -1 -1 -1 -1000 -1000 -1000 -10 0.0005702972412109375
Car -1 -1 -10 0.0 158.0 143.0 277.0 -1 -1 -1 -1000 -1000 -1000 -10 0.00046515464782714844
Car -1 -1 -10 0.0 183.0 11.0 217.0 -1 -1 -1 -1000 -1000 -1000 -10 0.0004451274871826172
Car -1 -1 -10 546.0 117.0 660.0 223.0 -1 -1 -1 -1000 -1000 -1000 -10 0.00038504600524902344
Car -1 -1 -10 1233.0 214.0 1242.0 254.0 -1 -1 -1 -1000 -1000 -1000 -10 0.0003056526184082031
Car -1 -1 -10 1232.0 210.0 1242.0 279.0 -1 -1 -1 -1000 -1000 -1000 -10 0.00030303001403808594
Car -1 -1 -10 0.0 196.0 57.0 235.0 -1 -1 -1 -1000 -1000 -1000 -10 0.0002949237823486328
Car -1 -1 -10 0.0 184.0 66.0 226.0 -1 -1 -1 -1000 -1000 -1000 -10 0.00029468536376953125
Car -1 -1 -10 1.0 210.0 12.0 261.0 -1 -1 -1 -1000 -1000 -1000 -10 0.0002675056457519531
Car -1 -1 -10 0.0 198.0 16.0 307.0 -1 -1 -1 -1000 -1000 -1000 -10 0.00024771690368652344
Car -1 -1 -10 61.0 139.0 225.0 253.0 -1 -1 -1 -1000 -1000 -1000 -10 0.0002448558807373047
Car -1 -1 -10 120.0 73.0 146.0 91.0 -1 -1 -1 -1000 -1000 -1000 -10 0.00023043155670166016
Car -1 -1 -10 185.0 74.0 200.0 92.0 -1 -1 -1 -1000 -1000 -1000 -10 0.00021398067474365234
Car -1 -1 -10 180.0 73.0 204.0 92.0 -1 -1 -1 -1000 -1000 -1000 -10 0.00021266937255859375
Car -1 -1 -10 1226.0 205.0 1241.0 273.0 -1 -1 -1 -1000 -1000 -1000 -10 0.0002123117446899414
Car -1 -1 -10 2.0 204.0 21.0 269.0 -1 -1 -1 -1000 -1000 -1000 -10 0.0001773834228515625
Car -1 -1 -10 114.0 190.0 165.0 216.0 -1 -1 -1 -1000 -1000 -1000 -10 0.00015604496002197266
Car -1 -1 -10 1223.0 198.0 1242.0 258.0 -1 -1 -1 -1000 -1000 -1000 -10 0.0001474618911743164
Car -1 -1 -10 1225.0 201.0 1242.0 311.0 -1 -1 -1 -1000 -1000 -1000 -10 0.00013816356658935547
Car -1 -1 -10 941.0 61.0 955.0 74.0 -1 -1 -1 -1000 -1000 -1000 -10 0.00012576580047607422
Car -1 -1 -10 1231.0 207.0 1242.0 248.0 -1 -1 -1 -1000 -1000 -1000 -10 0.0001043081283569336
Car -1 -1 -10 0.0 208.0 20.0 353.0 -1 -1 -1 -1000 -1000 -1000 -10 0.00010132789611816406
