Car -1 -1 -10 592.0 161.0 621.0 192.0 -1 -1 -1 -1000 -1000 -1000 -10 0.94384765625
Car -1 -1 -10 367.0 186.0 413.0 208.0 -1 -1 -1 -1000 -1000 -1000 -10 0.93896484375
Car -1 -1 -10 0.0 202.0 16.0 278.0 -1 -1 -1 -1000 -1000 -1000 -10 0.0020198822021484375
Car -1 -1 -10 0.0 183.0 11.0 268.0 -1 -1 -1 -1000 -1000 -1000 -10 0.0006399154663085938
Car -1 -1 -10 488.0 339.0 574.0 368.0 -1 -1 -1 -1000 -1000 -1000 -10 0.0004627704620361328
Car -1 -1 -10 0.0 212.0 12.0 271.0 -1 -1 -1 -1000 -1000 -1000 -10 0.0004248619079589844
Car -1 -1 -10 0.0 205.0 23.0 290.0 -1 -1 -1 -1000 -1000 -1000 -10 0.0003707408905029297
Car -1 -1 -10 558.0 1.0 631.0 53.0 -1 -1 -1 -1000 -1000 -1000 -10 0.0002627372741699219
Car -1 -1 -10 537.0 0.0 609.0 51.0 -1 -1 -1 -1000 -1000 -1000 -10 0.00024330615997314453
Car -1 -1 -10 520.0 0.0 584.0 51.0 -1 -1 -1 -1000 -1000 -1000 -10 0.00015878677368164062
