Car -1 -1 -10 592.0 176.0 632.0 217.0 -1 -1 -1 -1000 -1000 -1000 -10 0.962890625
Car -1 -1 -10 443.0 182.0 526.0 245.0 -1 -1 -1 -1000 -1000 -1000 -10 0.96240234375
Car -1 -1 -10 323.0 176.0 364.0 202.0 -1 -1 -1 -1000 -1000 -1000 -10 0.95068359375
Car -1 -1 -10 550.0 177.0 576.0 201.0 -1 -1 -1 -1000 -1000 -1000 -10 0.9404296875
Car -1 -1 -10 568.0 161.0 592.0 192.0 -1 -1 -1 -1000 -1000 -1000 -10 0.8359375
Car -1 -1 -10 575.0 166.0 605.0 198.0 -1 -1 -1 -1000 -1000 -1000 -10 0.0635986328125
Car -1 -1 -10 586.0 165.0 623.0 204.0 -1 -1 -1 -1000 -1000 -1000 -10 0.0075225830078125
Car -1 -1 -10 0.0 149.0 14.0 216.0 -1 -1 -1 -1000 -1000 -1000 -10 0.0032958984375
Car -1 -1 -10 0.0 165.0 14.0 233.0 -1 -1 -1 -1000 -1000 -1000 -10 0.001575469970703125
Car -1 -1 -10 0.0 179.0 13.0 262.0 -1 -1 -1 -1000 -1000 -1000 -10 0.0010766983032226562
Car -1 -1 -10 0.0 134.0 12.0 197.0 -1 -1 -1 -1000 -1000 -1000 -10 0.0010395050048828125
Car -1 -1 -10 0.0 159.0 23.0 222.0 -1 -1 -1 -1000 -1000 -1000 -10 0.0009503364562988281
Car -1 -1 -10 427.0 159.0 561.0 267.0 -1 -1 -1 -1000 -1000 -1000 -10 0.0007548332214355469
Car -1 -1 -10 549.0 165.0 585.0 202.0 -1 -1 -1 -1000 -1000 -1000 -10 0.000751495361328125
Car -1 -1 -10 590.0 166.0 653.0 234.0 -1 -1 -1 -1000 -1000 -1000 -10 0.0005764961242675781
Car -1 -1 -10 581.0 164.0 636.0 228.0 -1 -1 -1 -1000 -1000 -1000 -10 0.0004930496215820312
Car -1 -1 -10 559.0 136.0 709.0 274.0 -1 -1 -1 -1000 -1000 -1000 -10 0.00039005279541015625
Car -1 -1 -10 0.0 139.0 22.0 207.0 -1 -1 -1 -1000 -1000 -1000 -10 0.00036406517028808594
Car -1 -1 -10 0.0 170.0 22.0 258.0 -1 -1 -1 -1000 -1000 -1000 -10 0.0003559589385986328
Car -1 -1 -10 0.0 148.0 38.0 214.0 -1 -1 -1 -1000 -1000 -1000 -10 0.00029730796813964844
Car -1 -1 -10 522.0 126.0 679.0 243.0 -1 -1 -1 -1000 -1000 -1000 -10 0.0002593994140625
Car -1 -1 -10 572.0 171.0 592.0 195.0 -1 -1 -1 -1000 -1000 -1000 -10 0.00024890899658203125
Car -1 -1 -10 0.0 130.0 11.0 179.0 -1 -1 -1 -1000 -1000 -1000 -10 0.00022220611572265625
Car -1 -1 -10 1.0 201.0 12.0 256.0 -1 -1 -1 -1000 -1000 -1000 -10 0.0001100301742553711
Cyclist -1 -1 -10 1224.0 178.0 1242.0 306.0 -1 -1 -1 -1000 -1000 -1000 -10 0.00010603666305541992
Car -1 -1 -10 0.0 188.0 19.0 333.0 -1 -1 -1 -1000 -1000 -1000 -10 0.00010025501251220703
