Car -1 -1 -10 851.0 188.0 1203.0 361.0 -1 -1 -1 -1000 -1000 -1000 -10 0.96435546875
Car -1 -1 -10 265.0 177.0 475.0 274.0 -1 -1 -1 -1000 -1000 -1000 -10 0.9638671875
Car -1 -1 -10 765.0 182.0 919.0 271.0 -1 -1 -1 -1000 -1000 -1000 -10 0.96142578125
Car -1 -1 -10 2.0 174.0 192.0 290.0 -1 -1 -1 -1000 -1000 -1000 -10 0.95654296875
Car -1 -1 -10 726.0 161.0 831.0 237.0 -1 -1 -1 -1000 -1000 -1000 -10 0.9560546875
Car -1 -1 -10 592.0 172.0 654.0 222.0 -1 -1 -1 -1000 -1000 -1000 -10 0.95361328125
Car -1 -1 -10 890.0 147.0 1061.0 210.0 -1 -1 -1 -1000 -1000 -1000 -10 0.9453125
Car -1 -1 -10 142.0 170.0 308.0 244.0 -1 -1 -1 -1000 -1000 -1000 -10 0.9423828125
Car -1 -1 -10 511.0 150.0 581.0 188.0 -1 -1 -1 -1000 -1000 -1000 -10 0.94140625
Car -1 -1 -10 783.0 163.0 892.0 207.0 -1 -1 -1 -1000 -1000 -1000 -10 0.927734375
Car -1 -1 -10 396.0 169.0 503.0 225.0 -1 -1 -1 -1000 -1000 -1000 -10 0.91650390625
Car -1 -1 -10 423.0 168.0 529.0 216.0 -1 -1 -1 -1000 -1000 -1000 -10 0.90869140625
Car -1 -1 -10 253.0 168.0 357.0 227.0 -1 -1 -1 -1000 -1000 -1000 -10 0.90869140625
Car -1 -1 -10 463.0 166.0 553.0 202.0 -1 -1 -1 -1000 -1000 -1000 -10 0.89599609375
Car -1 -1 -10 601.0 166.0 636.0 197.0 -1 -1 -1 -1000 -1000 -1000 -10 0.89453125
Pedestrian -1 -1 -10 695.0 167.0 710.0 204.0 -1 -1 -1 -1000 -1000 -1000 -10 0.81884765625
Car -1 -1 -10 0.0 167.0 50.0 242.0 -1 -1 -1 -1000 -1000 -1000 -10 0.7734375
Car -1 -1 -10 321.0 168.0 397.0 207.0 -1 -1 -1 -1000 -1000 -1000 -10 0.66015625
Car -1 -1 -10 597.0 169.0 645.0 208.0 -1 -1 -1 -1000 -1000 -1000 -10 0.1988525390625
Car -1 -1 -10 206.0 171.0 339.0 241.0 -1 -1 -1 -1000 -1000 -1000 -10 0.11248779296875
Car -1 -1 -10 0.0 172.0 37.0 261.0 -1 -1 -1 -1000 -1000 -1000 -10 0.0726318359375
Car -1 -1 -10 0.0 168.0 21.0 242.0 -1 -1 -1 -1000 -1000 -1000 -10 0.0390625
Car -1 -1 -10 496.0 163.0 568.0 192.0 -1 -1 -1 -1000 -1000 -1000 -10 0.0307769775390625
Car -1 -1 -10 1136.0 145.0 1242.0 375.0 -1 -1 -1 -1000 -1000 -1000 -10 0.019287109375
Car -1 -1 -10 0.0 163.0 140.0 279.0 -1 -1 -1 -1000 -1000 -1000 -10 0.01273345947265625
Car -1 -1 -10 0.0 170.0 55.0 281.0 -1 -1 -1 -1000 -1000 -1000 -10 0.00872802734375
Car -1 -1 -10 0.0 162.0 32.0 227.0 -1 -1 -1 -1000 -1000 -1000 -10 0.006954193115234375
Pedestrian -1 -1 -10 690.0 166.0 704.0 203.0 -1 -1 -1 -1000 -1000 -1000 -10 0.005466461181640625
Car -1 -1 -10 749.0 156.0 875.0 233.0 -1 -1 -1 -1000 -1000 -1000 -10 0.00365447998046875
Car -1 -1 -10 0.0 156.0 16.0 223.0 -1 -1 -1 -1000 -1000 -1000 -10 0.0022029876708984375
Car -1 -1 -10 300.0 179.0 434.0 265.0 -1 -1 -1 -1000 -1000 -1000 -10 0.00189971923828125
Car -1 -1 -10 1170.0 92.0 1242.0 362.0 -1 -1 -1 -1000 -1000 -1000 -10 0.00168609619140625
Car -1 -1 -10 2.0 173.0 108.0 293.0 -1 -1 -1 -1000 -1000 -1000 -10 0.00146484375
Pedestrian -1 -1 -10 680.0 168.0 695.0 199.0 -1 -1 -1 -1000 -1000 -1000 -10 0.0013513565063476562
Car -1 -1 -10 426.0 169.0 475.0 217.0 -1 -1 -1 -1000 -1000 -1000 -10 0.0007987022399902344
Car -1 -1 -10 0.0 158.0 91.0 266.0 -1 -1 -1 -1000 -1000 -1000 -10 0.0007176399230957031
Car -1 -1 -10 879.0 123.0 1073.0 232.0 -1 -1 -1 -1000 -1000 -1000 -10 0.0006494522094726562
Car -1 -1 -10 502.0 138.0 590.0 204.0 -1 -1 -1 -1000 -1000 -1000 -10 0.0006489753723144531
Car -1 -1 -10 281.0 170.0 330.0 218.0 -1 -1 -1 -1000 -1000 -1000 -10 0.0005702972412109375
Car -1 -1 -10 450.0 159.0 561.0 225.0 -1 -1 -1 -1000 -1000 -1000 -10 0.0005640983581542969
Car -1 -1 -10 372.0 175.0 474.0 229.0 -1 -1 -1 -1000 -1000 -1000 -10 0.0005536079406738281
Car -1 -1 -10 308.0 160.0 409.0 233.0 -1 -1 -1 -1000 -1000 -1000 -10 0.0005397796630859375
Car -1 -1 -10 1196.0 167.0 1242.0 364.0 -1 -1 -1 -1000 -1000 -1000 -10 0.0004673004150390625
Car -1 -1 -10 0.0 169.0 17.0 284.0 -1 -1 -1 -1000 -1000 -1000 -10 0.0003788471221923828
Car -1 -1 -10 0.0 163.0 86.0 242.0 -1 -1 -1 -1000 -1000 -1000 -10 0.0003705024719238281
Car -1 -1 -10 8.0 165.0 65.0 228.0 -1 -1 -1 -1000 -1000 -1000 -10 0.0003669261932373047
Car -1 -1 -10 613.0 168.0 644.0 199.0 -1 -1 -1 -1000 -1000 -1000 -10 0.00036644935607910156
Car -1 -1 -10 457.0 98.0 639.0 242.0 -1 -1 -1 -1000 -1000 -1000 -10 0.0003542900085449219
Car -1 -1 -10 776.0 155.0 900.0 221.0 -1 -1 -1 -1000 -1000 -1000 -10 0.0003464221954345703
Car -1 -1 -10 197.0 155.0 357.0 261.0 -1 -1 -1 -1000 -1000 -1000 -10 0.00034308433532714844
Car -1 -1 -10 523.0 134.0 695.0 269.0 -1 -1 -1 -1000 -1000 -1000 -10 0.00033783912658691406
Car -1 -1 -10 471.0 145.0 572.0 209.0 -1 -1 -1 -1000 -1000 -1000 -10 0.0003120899200439453
Car -1 -1 -10 325.0 175.0 394.0 218.0 -1 -1 -1 -1000 -1000 -1000 -10 0.00029969215393066406
Car -1 -1 -10 380.0 122.0 566.0 241.0 -1 -1 -1 -1000 -1000 -1000 -10 0.00023651123046875
Car -1 -1 -10 408.0 132.0 605.0 270.0 -1 -1 -1 -1000 -1000 -1000 -10 0.00022709369659423828
Car -1 -1 -10 227.0 141.0 387.0 244.0 -1 -1 -1 -1000 -1000 -1000 -10 0.00022649765014648438
Pedestrian -1 -1 -10 674.0 166.0 686.0 194.0 -1 -1 -1 -1000 -1000 -1000 -10 0.00021946430206298828
Car -1 -1 -10 436.0 159.0 524.0 204.0 -1 -1 -1 -1000 -1000 -1000 -10 0.00020968914031982422
Car -1 -1 -10 732.0 125.0 908.0 253.0 -1 -1 -1 -1000 -1000 -1000 -10 0.00018417835235595703
Car -1 -1 -10 1186.0 89.0 1241.0 259.0 -1 -1 -1 -1000 -1000 -1000 -10 0.0001741647720336914
Car -1 -1 -10 1162.0 199.0 1241.0 310.0 -1 -1 -1 -1000 -1000 -1000 -10 0.00016009807586669922
Car -1 -1 -10 363.0 172.0 456.0 217.0 -1 -1 -1 -1000 -1000 -1000 -10 0.00015807151794433594
Car -1 -1 -10 450.0 170.0 500.0 209.0 -1 -1 -1 -1000 -1000 -1000 -10 0.00014913082122802734
Car -1 -1 -10 263.0 125.0 448.0 259.0 -1 -1 -1 -1000 -1000 -1000 -10 0.00014913082122802734
Car -1 -1 -10 0.0 196.0 24.0 363.0 -1 -1 -1 -1000 -1000 -1000 -10 0.0001417398452758789
Pedestrian -1 -1 -10 665.0 164.0 677.0 192.0 -1 -1 -1 -1000 -1000 -1000 -10 0.00013911724090576172
Car -1 -1 -10 620.0 167.0 652.0 197.0 -1 -1 -1 -1000 -1000 -1000 -10 0.00013875961303710938
Car -1 -1 -10 1205.0 231.0 1242.0 364.0 -1 -1 -1 -1000 -1000 -1000 -10 0.00013446807861328125
Car -1 -1 -10 351.0 137.0 536.0 272.0 -1 -1 -1 -1000 -1000 -1000 -10 0.00013053417205810547
Car -1 -1 -10 1154.0 120.0 1242.0 235.0 -1 -1 -1 -1000 -1000 -1000 -10 0.00012946128845214844
Car -1 -1 -10 809.0 167.0 858.0 197.0 -1 -1 -1 -1000 -1000 -1000 -10 0.00012612342834472656
Car -1 -1 -10 484.0 168.0 535.0 195.0 -1 -1 -1 -1000 -1000 -1000 -10 0.0001169443130493164
Car -1 -1 -10 436.0 151.0 497.0 187.0 -1 -1 -1 -1000 -1000 -1000 -10 0.00011169910430908203
Car -1 -1 -10 0.0 152.0 12.0 202.0 -1 -1 -1 -1000 -1000 -1000 -10 0.00010901689529418945
Car -1 -1 -10 327.0 160.0 392.0 192.0 -1 -1 -1 -1000 -1000 -1000 -10 0.00010609626770019531
Pedestrian -1 -1 -10 702.0 168.0 717.0 202.0 -1 -1 -1 -1000 -1000 -1000 -10 0.00010496377944946289
Car -1 -1 -10 1175.0 221.0 1242.0 367.0 -1 -1 -1 -1000 -1000 -1000 -10 0.00010436773300170898
Car -1 -1 -10 1073.0 169.0 1228.0 239.0 -1 -1 -1 -1000 -1000 -1000 -10 0.00010323524475097656
