Car -1 -1 -10 0.0 238.0 227.0 373.0 -1 -1 -1 -1000 -1000 -1000 -10 0.9384765625
Car -1 -1 -10 636.0 181.0 669.0 208.0 -1 -1 -1 -1000 -1000 -1000 -10 0.9345703125
Car -1 -1 -10 0.0 197.0 49.0 363.0 -1 -1 -1 -1000 -1000 -1000 -10 0.0019550323486328125
Car -1 -1 -10 0.0 200.0 28.0 292.0 -1 -1 -1 -1000 -1000 -1000 -10 0.0018787384033203125
Car -1 -1 -10 0.0 191.0 33.0 327.0 -1 -1 -1 -1000 -1000 -1000 -10 0.0012254714965820312
Car -1 -1 -10 43.0 241.0 180.0 367.0 -1 -1 -1 -1000 -1000 -1000 -10 0.0010938644409179688
Car -1 -1 -10 0.0 218.0 31.0 372.0 -1 -1 -1 -1000 -1000 -1000 -10 0.0004611015319824219
Car -1 -1 -10 0.0 193.0 18.0 280.0 -1 -1 -1 -1000 -1000 -1000 -10 0.00037598609924316406
Car -1 -1 -10 0.0 202.0 47.0 307.0 -1 -1 -1 -1000 -1000 -1000 -10 0.0003218650817871094
Car -1 -1 -10 0.0 209.0 90.0 358.0 -1 -1 -1 -1000 -1000 -1000 -10 0.00031948089599609375
Car -1 -1 -10 0.0 143.0 45.0 312.0 -1 -1 -1 -1000 -1000 -1000 -10 0.0002294778823852539
Car -1 -1 -10 0.0 254.0 112.0 375.0 -1 -1 -1 -1000 -1000 -1000 -10 0.00019109249114990234
Car -1 -1 -10 1.0 213.0 21.0 274.0 -1 -1 -1 -1000 -1000 -1000 -10 0.0001901388168334961
Car -1 -1 -10 633.0 182.0 658.0 205.0 -1 -1 -1 -1000 -1000 -1000 -10 0.000186920166015625
Car -1 -1 -10 0.0 203.0 69.0 328.0 -1 -1 -1 -1000 -1000 -1000 -10 0.00014126300811767578
Car -1 -1 -10 0.0 235.0 70.0 375.0 -1 -1 -1 -1000 -1000 -1000 -10 0.00012373924255371094
