Car -1 -1 -10 279.0 191.0 353.0 228.0 -1 -1 -1 -1000 -1000 -1000 -10 0.953125
Car -1 -1 -10 571.0 173.0 612.0 213.0 -1 -1 -1 -1000 -1000 -1000 -10 0.94287109375
Cyclist -1 -1 -10 1082.0 125.0 1241.0 354.0 -1 -1 -1 -1000 -1000 -1000 -10 0.94140625
Car -1 -1 -10 389.0 183.0 434.0 207.0 -1 -1 -1 -1000 -1000 -1000 -10 0.92724609375
Car -1 -1 -10 494.0 145.0 551.0 203.0 -1 -1 -1 -1000 -1000 -1000 -10 0.92529296875
Cyclist -1 -1 -10 1174.0 127.0 1242.0 362.0 -1 -1 -1 -1000 -1000 -1000 -10 0.0097198486328125
Cyclist -1 -1 -10 1203.0 123.0 1242.0 364.0 -1 -1 -1 -1000 -1000 -1000 -10 0.005611419677734375
Car -1 -1 -10 505.0 0.0 578.0 58.0 -1 -1 -1 -1000 -1000 -1000 -10 0.0034732818603515625
Car -1 -1 -10 522.0 6.0 602.0 59.0 -1 -1 -1 -1000 -1000 -1000 -10 0.0008649826049804688
Car -1 -1 -10 272.0 175.0 358.0 241.0 -1 -1 -1 -1000 -1000 -1000 -10 0.0006880760192871094
Car -1 -1 -10 445.0 123.0 597.0 241.0 -1 -1 -1 -1000 -1000 -1000 -10 0.0004737377166748047
Cyclist -1 -1 -10 1213.0 162.0 1242.0 375.0 -1 -1 -1 -1000 -1000 -1000 -10 0.0004439353942871094
Car -1 -1 -10 644.0 0.0 707.0 51.0 -1 -1 -1 -1000 -1000 -1000 -10 0.0004215240478515625
Car -1 -1 -10 0.0 175.0 22.0 348.0 -1 -1 -1 -1000 -1000 -1000 -10 0.0004093647003173828
Car -1 -1 -10 566.0 164.0 624.0 230.0 -1 -1 -1 -1000 -1000 -1000 -10 0.000385284423828125
Car -1 -1 -10 394.0 3.0 464.0 52.0 -1 -1 -1 -1000 -1000 -1000 -10 0.0003840923309326172
Car -1 -1 -10 620.0 0.0 681.0 51.0 -1 -1 -1 -1000 -1000 -1000 -10 0.00032639503479003906
Car -1 -1 -10 248.0 137.0 407.0 281.0 -1 -1 -1 -1000 -1000 -1000 -10 0.00032067298889160156
Car -1 -1 -10 538.0 0.0 615.0 52.0 -1 -1 -1 -1000 -1000 -1000 -10 0.0002913475036621094
Car -1 -1 -10 390.0 17.0 449.0 50.0 -1 -1 -1 -1000 -1000 -1000 -10 0.0002627372741699219
Car -1 -1 -10 481.0 5.0 563.0 61.0 -1 -1 -1 -1000 -1000 -1000 -10 0.00024306774139404297
Car -1 -1 -10 512.0 132.0 683.0 276.0 -1 -1 -1 -1000 -1000 -1000 -10 0.00022089481353759766
Car -1 -1 -10 1087.0 191.0 1230.0 287.0 -1 -1 -1 -1000 -1000 -1000 -10 0.00020205974578857422
Cyclist -1 -1 -10 1190.0 117.0 1242.0 292.0 -1 -1 -1 -1000 -1000 -1000 -10 0.00018334388732910156
Cyclist -1 -1 -10 1212.0 115.0 1242.0 294.0 -1 -1 -1 -1000 -1000 -1000 -10 0.00017344951629638672
Cyclist -1 -1 -10 1167.0 177.0 1242.0 296.0 -1 -1 -1 -1000 -1000 -1000 -10 0.00016427040100097656
Car -1 -1 -10 0.0 149.0 37.0 375.0 -1 -1 -1 -1000 -1000 -1000 -10 0.0001558065414428711
Car -1 -1 -10 0.0 165.0 16.0 285.0 -1 -1 -1 -1000 -1000 -1000 -10 0.00013971328735351562
Cyclist -1 -1 -10 1228.0 157.0 1242.0 253.0 -1 -1 -1 -1000 -1000 -1000 -10 0.0001322031021118164
Car -1 -1 -10 465.0 0.0 536.0 52.0 -1 -1 -1 -1000 -1000 -1000 -10 0.00010305643081665039
Car -1 -1 -10 283.0 186.0 349.0 217.0 -1 -1 -1 -1000 -1000 -1000 -10 0.0001016855239868164
Cyclist -1 -1 -10 1089.0 194.0 1230.0 300.0 -1 -1 -1 -1000 -1000 -1000 -10 0.00010061264038085938
Pedestrian -1 -1 -10 147.0 0.0 172.0 5.0 -1 -1 -1 -1000 -1000 -1000 -10 0.0001004338264465332
