Car -1 -1 -10 717.0 162.0 886.0 296.0 -1 -1 -1 -1000 -1000 -1000 -10 0.96533203125
Car -1 -1 -10 1.0 173.0 277.0 336.0 -1 -1 -1 -1000 -1000 -1000 -10 0.96337890625
Car -1 -1 -10 338.0 146.0 512.0 286.0 -1 -1 -1 -1000 -1000 -1000 -10 0.96240234375
Car -1 -1 -10 606.0 166.0 656.0 193.0 -1 -1 -1 -1000 -1000 -1000 -10 0.9453125
Car -1 -1 -10 513.0 163.0 575.0 216.0 -1 -1 -1 -1000 -1000 -1000 -10 0.94384765625
Car -1 -1 -10 534.0 164.0 593.0 206.0 -1 -1 -1 -1000 -1000 -1000 -10 0.9423828125
Car -1 -1 -10 488.0 175.0 559.0 233.0 -1 -1 -1 -1000 -1000 -1000 -10 0.94140625
Car -1 -1 -10 670.0 158.0 697.0 176.0 -1 -1 -1 -1000 -1000 -1000 -10 0.01018524169921875
Car -1 -1 -10 0.0 192.0 22.0 364.0 -1 -1 -1 -1000 -1000 -1000 -10 0.002040863037109375
Car -1 -1 -10 476.0 168.0 548.0 226.0 -1 -1 -1 -1000 -1000 -1000 -10 0.0009484291076660156
Car -1 -1 -10 82.0 182.0 209.0 318.0 -1 -1 -1 -1000 -1000 -1000 -10 0.00047898292541503906
Car -1 -1 -10 0.0 166.0 19.0 324.0 -1 -1 -1 -1000 -1000 -1000 -10 0.00038051605224609375
Car -1 -1 -10 450.0 150.0 587.0 249.0 -1 -1 -1 -1000 -1000 -1000 -10 0.0003643035888671875
Car -1 -1 -10 0.0 215.0 16.0 352.0 -1 -1 -1 -1000 -1000 -1000 -10 0.0002923011779785156
Car -1 -1 -10 460.0 113.0 632.0 246.0 -1 -1 -1 -1000 -1000 -1000 -10 0.00013589859008789062
Car -1 -1 -10 509.0 178.0 572.0 222.0 -1 -1 -1 -1000 -1000 -1000 -10 0.00011932849884033203
Car -1 -1 -10 529.0 153.0 605.0 214.0 -1 -1 -1 -1000 -1000 -1000 -10 0.0001189112663269043
Car -1 -1 -10 0.0 173.0 37.0 351.0 -1 -1 -1 -1000 -1000 -1000 -10 0.00011247396469116211
Car -1 -1 -10 0.0 209.0 33.0 375.0 -1 -1 -1 -1000 -1000 -1000 -10 0.0001004338264465332
