Car -1 -1 -10 787.0 201.0 1113.0 372.0 -1 -1 -1 -1000 -1000 -1000 -10 0.9697265625
Car -1 -1 -10 325.0 180.0 477.0 244.0 -1 -1 -1 -1000 -1000 -1000 -10 0.95751953125
Car -1 -1 -10 645.0 160.0 717.0 226.0 -1 -1 -1 -1000 -1000 -1000 -10 0.95263671875
Car -1 -1 -10 560.0 189.0 617.0 236.0 -1 -1 -1 -1000 -1000 -1000 -10 0.94677734375
Car -1 -1 -10 583.0 185.0 621.0 220.0 -1 -1 -1 -1000 -1000 -1000 -10 0.92578125
Car -1 -1 -10 540.0 187.0 575.0 213.0 -1 -1 -1 -1000 -1000 -1000 -10 0.90576171875
Car -1 -1 -10 429.0 184.0 518.0 220.0 -1 -1 -1 -1000 -1000 -1000 -10 0.88330078125
Car -1 -1 -10 452.0 186.0 528.0 216.0 -1 -1 -1 -1000 -1000 -1000 -10 0.74169921875
Pedestrian -1 -1 -10 1214.0 193.0 1242.0 375.0 -1 -1 -1 -1000 -1000 -1000 -10 0.01197052001953125
Pedestrian -1 -1 -10 1199.0 169.0 1242.0 375.0 -1 -1 -1 -1000 -1000 -1000 -10 0.0026454925537109375
Pedestrian -1 -1 -10 1211.0 137.0 1242.0 352.0 -1 -1 -1 -1000 -1000 -1000 -10 0.001491546630859375
Cyclist -1 -1 -10 1.0 149.0 47.0 375.0 -1 -1 -1 -1000 -1000 -1000 -10 0.0010986328125
Pedestrian -1 -1 -10 1227.0 209.0 1242.0 338.0 -1 -1 -1 -1000 -1000 -1000 -10 0.0009555816650390625
Car -1 -1 -10 312.0 164.0 490.0 269.0 -1 -1 -1 -1000 -1000 -1000 -10 0.00095367431640625
Cyclist -1 -1 -10 0.0 151.0 27.0 372.0 -1 -1 -1 -1000 -1000 -1000 -10 0.0007967948913574219
Car -1 -1 -10 471.0 182.0 532.0 210.0 -1 -1 -1 -1000 -1000 -1000 -10 0.00078582763671875
Car -1 -1 -10 423.0 171.0 527.0 229.0 -1 -1 -1 -1000 -1000 -1000 -10 0.0006818771362304688
Car -1 -1 -10 377.0 182.0 421.0 238.0 -1 -1 -1 -1000 -1000 -1000 -10 0.0006780624389648438
Car -1 -1 -10 297.0 182.0 351.0 212.0 -1 -1 -1 -1000 -1000 -1000 -10 0.0006551742553710938
Car -1 -1 -10 1068.0 71.0 1089.0 89.0 -1 -1 -1 -1000 -1000 -1000 -10 0.0005817413330078125
Pedestrian -1 -1 -10 1178.0 212.0 1242.0 374.0 -1 -1 -1 -1000 -1000 -1000 -10 0.0005354881286621094
Car -1 -1 -10 447.0 188.0 497.0 215.0 -1 -1 -1 -1000 -1000 -1000 -10 0.0004119873046875
Car -1 -1 -10 622.0 144.0 741.0 232.0 -1 -1 -1 -1000 -1000 -1000 -10 0.0003986358642578125
Pedestrian -1 -1 -10 1225.0 251.0 1242.0 375.0 -1 -1 -1 -1000 -1000 -1000 -10 0.0003628730773925781
Car -1 -1 -10 488.0 147.0 655.0 275.0 -1 -1 -1 -1000 -1000 -1000 -10 0.0003447532653808594
Car -1 -1 -10 497.0 185.0 563.0 211.0 -1 -1 -1 -1000 -1000 -1000 -10 0.00033020973205566406
Car -1 -1 -10 545.0 187.0 588.0 219.0 -1 -1 -1 -1000 -1000 -1000 -10 0.0003075599670410156
Car -1 -1 -10 467.0 187.0 518.0 213.0 -1 -1 -1 -1000 -1000 -1000 -10 0.00029397010803222656
Car -1 -1 -10 402.0 138.0 587.0 276.0 -1 -1 -1 -1000 -1000 -1000 -10 0.000293731689453125
Car -1 -1 -10 350.0 175.0 460.0 224.0 -1 -1 -1 -1000 -1000 -1000 -10 0.00021755695343017578
Pedestrian -1 -1 -10 1210.0 215.0 1242.0 330.0 -1 -1 -1 -1000 -1000 -1000 -10 0.0002014636993408203
Pedestrian -1 -1 -10 0.0 0.0 110.0 4.0 -1 -1 -1 -1000 -1000 -1000 -10 0.00016200542449951172
Cyclist -1 -1 -10 1.0 0.0 31.0 103.0 -1 -1 -1 -1000 -1000 -1000 -10 0.00014662742614746094
Car -1 -1 -10 561.0 190.0 599.0 217.0 -1 -1 -1 -1000 -1000 -1000 -10 0.00014281272888183594
Car -1 -1 -10 0.0 175.0 53.0 373.0 -1 -1 -1 -1000 -1000 -1000 -10 0.00013697147369384766
Car -1 -1 -10 1150.0 37.0 1202.0 74.0 -1 -1 -1 -1000 -1000 -1000 -10 0.0001304149627685547
Pedestrian -1 -1 -10 1188.0 209.0 1237.0 342.0 -1 -1 -1 -1000 -1000 -1000 -10 0.00012922286987304688
Car -1 -1 -10 637.0 169.0 686.0 219.0 -1 -1 -1 -1000 -1000 -1000 -10 0.00011640787124633789
Pedestrian -1 -1 -10 1196.0 243.0 1241.0 375.0 -1 -1 -1 -1000 -1000 -1000 -10 0.00011438131332397461
Car -1 -1 -10 537.0 185.0 568.0 208.0 -1 -1 -1 -1000 -1000 -1000 -10 0.00010943412780761719
Cyclist -1 -1 -10 0.0 148.0 19.0 308.0 -1 -1 -1 -1000 -1000 -1000 -10 0.00010162591934204102
