Car -1 -1 -10 0.0 205.0 262.0 373.0 -1 -1 -1 -1000 -1000 -1000 -10 0.9677734375
Car -1 -1 -10 203.0 200.0 456.0 367.0 -1 -1 -1 -1000 -1000 -1000 -10 0.966796875
Car -1 -1 -10 401.0 171.0 526.0 277.0 -1 -1 -1 -1000 -1000 -1000 -10 0.9658203125
Cyclist -1 -1 -10 1000.0 193.0 1242.0 373.0 -1 -1 -1 -1000 -1000 -1000 -10 0.95263671875
Car -1 -1 -10 484.0 189.0 548.0 245.0 -1 -1 -1 -1000 -1000 -1000 -10 0.94921875
Car -1 -1 -10 631.0 182.0 704.0 212.0 -1 -1 -1 -1000 -1000 -1000 -10 0.94287109375
Car -1 -1 -10 546.0 173.0 582.0 211.0 -1 -1 -1 -1000 -1000 -1000 -10 0.927734375
Car -1 -1 -10 531.0 189.0 570.0 224.0 -1 -1 -1 -1000 -1000 -1000 -10 0.923828125
Car -1 -1 -10 660.0 184.0 778.0 230.0 -1 -1 -1 -1000 -1000 -1000 -10 0.90576171875
Cyclist -1 -1 -10 1156.0 199.0 1241.0 375.0 -1 -1 -1 -1000 -1000 -1000 -10 0.87548828125
Car -1 -1 -10 570.0 178.0 592.0 202.0 -1 -1 -1 -1000 -1000 -1000 -10 0.82421875
Car -1 -1 -10 650.0 184.0 748.0 221.0 -1 -1 -1 -1000 -1000 -1000 -10 0.58935546875
Car -1 -1 -10 537.0 181.0 575.0 220.0 -1 -1 -1 -1000 -1000 -1000 -10 0.397216796875
Cyclist -1 -1 -10 1190.0 194.0 1241.0 375.0 -1 -1 -1 -1000 -1000 -1000 -10 0.055267333984375
Car -1 -1 -10 505.0 188.0 561.0 240.0 -1 -1 -1 -1000 -1000 -1000 -10 0.02838134765625
Cyclist -1 -1 -10 1212.0 179.0 1242.0 371.0 -1 -1 -1 -1000 -1000 -1000 -10 0.007526397705078125
Car -1 -1 -10 558.0 180.0 587.0 208.0 -1 -1 -1 -1000 -1000 -1000 -10 0.004886627197265625
Car -1 -1 -10 578.0 179.0 594.0 198.0 -1 -1 -1 -1000 -1000 -1000 -10 0.0020771026611328125
Cyclist -1 -1 -10 1060.0 198.0 1188.0 365.0 -1 -1 -1 -1000 -1000 -1000 -10 0.0020656585693359375
Car -1 -1 -10 684.0 186.0 732.0 214.0 -1 -1 -1 -1000 -1000 -1000 -10 0.001712799072265625
Cyclist -1 -1 -10 1225.0 210.0 1241.0 343.0 -1 -1 -1 -1000 -1000 -1000 -10 0.0016040802001953125
Car -1 -1 -10 591.0 180.0 605.0 192.0 -1 -1 -1 -1000 -1000 -1000 -10 0.0014629364013671875
Car -1 -1 -10 266.0 204.0 384.0 355.0 -1 -1 -1 -1000 -1000 -1000 -10 0.0012722015380859375
Car -1 -1 -10 625.0 181.0 688.0 207.0 -1 -1 -1 -1000 -1000 -1000 -10 0.0012540817260742188
Cyclist -1 -1 -10 1201.0 221.0 1242.0 364.0 -1 -1 -1 -1000 -1000 -1000 -10 0.0010232925415039062
Car -1 -1 -10 0.0 222.0 25.0 371.0 -1 -1 -1 -1000 -1000 -1000 -10 0.000949859619140625
Car -1 -1 -10 694.0 187.0 743.0 218.0 -1 -1 -1 -1000 -1000 -1000 -10 0.0008711814880371094
Car -1 -1 -10 74.0 210.0 190.0 361.0 -1 -1 -1 -1000 -1000 -1000 -10 0.000804901123046875
Cyclist -1 -1 -10 1229.0 199.0 1242.0 317.0 -1 -1 -1 -1000 -1000 -1000 -10 0.0006895065307617188
Car -1 -1 -10 632.0 147.0 802.0 255.0 -1 -1 -1 -1000 -1000 -1000 -10 0.0005502700805664062
Car -1 -1 -10 646.0 173.0 767.0 237.0 -1 -1 -1 -1000 -1000 -1000 -10 0.0005106925964355469
Cyclist -1 -1 -10 1108.0 191.0 1237.0 356.0 -1 -1 -1 -1000 -1000 -1000 -10 0.00042939186096191406
Car -1 -1 -10 587.0 179.0 601.0 194.0 -1 -1 -1 -1000 -1000 -1000 -10 0.0004048347473144531
Car -1 -1 -10 0.0 224.0 47.0 371.0 -1 -1 -1 -1000 -1000 -1000 -10 0.0003800392150878906
Cyclist -1 -1 -10 1209.0 220.0 1241.0 335.0 -1 -1 -1 -1000 -1000 -1000 -10 0.0003521442413330078
Cyclist -1 -1 -10 1220.0 172.0 1242.0 314.0 -1 -1 -1 -1000 -1000 -1000 -10 0.0003294944763183594
Car -1 -1 -10 432.0 166.0 595.0 291.0 -1 -1 -1 -1000 -1000 -1000 -10 0.00031757354736328125
Car -1 -1 -10 617.0 166.0 713.0 228.0 -1 -1 -1 -1000 -1000 -1000 -10 0.00028514862060546875
Car -1 -1 -10 519.0 183.0 566.0 226.0 -1 -1 -1 -1000 -1000 -1000 -10 0.00023615360260009766
Car -1 -1 -10 561.0 133.0 753.0 275.0 -1 -1 -1 -1000 -1000 -1000 -10 0.00020873546600341797
Car -1 -1 -10 498.0 177.0 570.0 249.0 -1 -1 -1 -1000 -1000 -1000 -10 0.0002034902572631836
Car -1 -1 -10 0.0 199.0 22.0 336.0 -1 -1 -1 -1000 -1000 -1000 -10 0.000202178955078125
Car -1 -1 -10 595.0 182.0 607.0 196.0 -1 -1 -1 -1000 -1000 -1000 -10 0.00018310546875
Cyclist -1 -1 -10 1230.0 187.0 1242.0 281.0 -1 -1 -1 -1000 -1000 -1000 -10 0.0001690387725830078
Cyclist -1 -1 -10 1211.0 186.0 1241.0 301.0 -1 -1 -1 -1000 -1000 -1000 -10 0.0001360177993774414
Cyclist -1 -1 -10 1223.0 237.0 1242.0 370.0 -1 -1 -1 -1000 -1000 -1000 -10 0.00013577938079833984
Cyclist -1 -1 -10 1223.0 170.0 1242.0 274.0 -1 -1 -1 -1000 -1000 -1000 -10 0.00013184547424316406
Car -1 -1 -10 646.0 185.0 697.0 210.0 -1 -1 -1 -1000 -1000 -1000 -10 0.0001289844512939453
Car -1 -1 -10 544.0 190.0 573.0 218.0 -1 -1 -1 -1000 -1000 -1000 -10 0.0001042485237121582
