Car -1 -1 -10 1.0 173.0 327.0 343.0 -1 -1 -1 -1000 -1000 -1000 -10 0.9677734375
Car -1 -1 -10 918.0 180.0 996.0 246.0 -1 -1 -1 -1000 -1000 -1000 -10 0.96337890625
Car -1 -1 -10 563.0 184.0 684.0 246.0 -1 -1 -1 -1000 -1000 -1000 -10 0.962890625
Car -1 -1 -10 735.0 183.0 806.0 220.0 -1 -1 -1 -1000 -1000 -1000 -10 0.95361328125
Car -1 -1 -10 801.0 183.0 849.0 212.0 -1 -1 -1 -1000 -1000 -1000 -10 0.9501953125
Car -1 -1 -10 976.0 186.0 1014.0 216.0 -1 -1 -1 -1000 -1000 -1000 -10 0.92041015625
Car -1 -1 -10 832.0 182.0 868.0 208.0 -1 -1 -1 -1000 -1000 -1000 -10 0.92041015625
Car -1 -1 -10 856.0 181.0 884.0 204.0 -1 -1 -1 -1000 -1000 -1000 -10 0.89013671875
Car -1 -1 -10 867.0 183.0 895.0 202.0 -1 -1 -1 -1000 -1000 -1000 -10 0.030609130859375
Car -1 -1 -10 969.0 187.0 1001.0 212.0 -1 -1 -1 -1000 -1000 -1000 -10 0.00832366943359375
Car -1 -1 -10 957.0 183.0 987.0 209.0 -1 -1 -1 -1000 -1000 -1000 -10 0.00225067138671875
Car -1 -1 -10 961.0 182.0 1008.0 223.0 -1 -1 -1 -1000 -1000 -1000 -10 0.0012483596801757812
Car -1 -1 -10 543.0 159.0 699.0 269.0 -1 -1 -1 -1000 -1000 -1000 -10 0.0010986328125
Cyclist -1 -1 -10 1222.0 163.0 1242.0 359.0 -1 -1 -1 -1000 -1000 -1000 -10 0.0010890960693359375
Car -1 -1 -10 728.0 169.0 814.0 234.0 -1 -1 -1 -1000 -1000 -1000 -10 0.000972747802734375
Car -1 -1 -10 0.0 176.0 26.0 339.0 -1 -1 -1 -1000 -1000 -1000 -10 0.0007085800170898438
Car -1 -1 -10 799.0 167.0 871.0 232.0 -1 -1 -1 -1000 -1000 -1000 -10 0.0007061958312988281
Car -1 -1 -10 942.0 182.0 997.0 225.0 -1 -1 -1 -1000 -1000 -1000 -10 0.0006213188171386719
Cyclist -1 -1 -10 1225.0 163.0 1242.0 277.0 -1 -1 -1 -1000 -1000 -1000 -10 0.00048732757568359375
Car -1 -1 -10 602.0 185.0 649.0 238.0 -1 -1 -1 -1000 -1000 -1000 -10 0.00048041343688964844
Car -1 -1 -10 792.0 164.0 853.0 223.0 -1 -1 -1 -1000 -1000 -1000 -10 0.00045871734619140625
Car -1 -1 -10 890.0 166.0 1007.0 259.0 -1 -1 -1 -1000 -1000 -1000 -10 0.00045490264892578125
Car -1 -1 -10 686.0 132.0 849.0 248.0 -1 -1 -1 -1000 -1000 -1000 -10 0.0003800392150878906
Car -1 -1 -10 919.0 180.0 974.0 226.0 -1 -1 -1 -1000 -1000 -1000 -10 0.0003311634063720703
Car -1 -1 -10 0.0 176.0 44.0 341.0 -1 -1 -1 -1000 -1000 -1000 -10 0.00033092498779296875
Cyclist -1 -1 -10 1230.0 177.0 1242.0 289.0 -1 -1 -1 -1000 -1000 -1000 -10 0.00030875205993652344
Cyclist -1 -1 -10 1209.0 150.0 1242.0 371.0 -1 -1 -1 -1000 -1000 -1000 -10 0.00030231475830078125
Car -1 -1 -10 856.0 175.0 890.0 209.0 -1 -1 -1 -1000 -1000 -1000 -10 0.0002868175506591797
Car -1 -1 -10 763.0 137.0 926.0 275.0 -1 -1 -1 -1000 -1000 -1000 -10 0.00024402141571044922
Car -1 -1 -10 814.0 184.0 860.0 213.0 -1 -1 -1 -1000 -1000 -1000 -10 0.00021648406982421875
Cyclist -1 -1 -10 1217.0 155.0 1242.0 287.0 -1 -1 -1 -1000 -1000 -1000 -10 0.00020575523376464844
Car -1 -1 -10 0.0 150.0 22.0 296.0 -1 -1 -1 -1000 -1000 -1000 -10 0.0002027750015258789
Cyclist -1 -1 -10 1230.0 166.0 1242.0 242.0 -1 -1 -1 -1000 -1000 -1000 -10 0.00019431114196777344
Car -1 -1 -10 965.0 173.0 1031.0 236.0 -1 -1 -1 -1000 -1000 -1000 -10 0.00019347667694091797
Car -1 -1 -10 0.0 207.0 20.0 375.0 -1 -1 -1 -1000 -1000 -1000 -10 0.00017583370208740234
Car -1 -1 -10 767.0 183.0 814.0 213.0 -1 -1 -1 -1000 -1000 -1000 -10 0.00016701221466064453
Car -1 -1 -10 726.0 124.0 891.0 247.0 -1 -1 -1 -1000 -1000 -1000 -10 0.00016069412231445312
Car -1 -1 -10 953.0 76.0 985.0 102.0 -1 -1 -1 -1000 -1000 -1000 -10 0.00010120868682861328
