Car -1 -1 -10 54.0 199.0 367.0 373.0 -1 -1 -1 -1000 -1000 -1000 -10 0.97216796875
Car -1 -1 -10 346.0 188.0 436.0 251.0 -1 -1 -1 -1000 -1000 -1000 -10 0.9599609375
Car -1 -1 -10 487.0 179.0 578.0 210.0 -1 -1 -1 -1000 -1000 -1000 -10 0.951171875
Car -1 -1 -10 616.0 177.0 709.0 205.0 -1 -1 -1 -1000 -1000 -1000 -10 0.9423828125
Car -1 -1 -10 228.0 158.0 351.0 212.0 -1 -1 -1 -1000 -1000 -1000 -10 0.931640625
Car -1 -1 -10 149.0 180.0 277.0 222.0 -1 -1 -1 -1000 -1000 -1000 -10 0.92724609375
Pedestrian -1 -1 -10 787.0 163.0 825.0 245.0 -1 -1 -1 -1000 -1000 -1000 -10 0.90234375
Car -1 -1 -10 1179.0 193.0 1242.0 375.0 -1 -1 -1 -1000 -1000 -1000 -10 0.0020618438720703125
Car -1 -1 -10 825.0 0.0 883.0 0.0 -1 -1 -1 -1000 -1000 -1000 -10 0.0015506744384765625
Car -1 -1 -10 147.0 170.0 286.0 235.0 -1 -1 -1 -1000 -1000 -1000 -10 0.0013151168823242188
Car -1 -1 -10 316.0 172.0 467.0 283.0 -1 -1 -1 -1000 -1000 -1000 -10 0.0010766983032226562
Car -1 -1 -10 1204.0 195.0 1241.0 375.0 -1 -1 -1 -1000 -1000 -1000 -10 0.0009984970092773438
Car -1 -1 -10 479.0 165.0 583.0 226.0 -1 -1 -1 -1000 -1000 -1000 -10 0.000911712646484375
Car -1 -1 -10 0.0 195.0 25.0 370.0 -1 -1 -1 -1000 -1000 -1000 -10 0.0008683204650878906
Car -1 -1 -10 812.0 0.0 877.0 1.0 -1 -1 -1 -1000 -1000 -1000 -10 0.0007090568542480469
Car -1 -1 -10 0.0 189.0 46.0 375.0 -1 -1 -1 -1000 -1000 -1000 -10 0.000637054443359375
Car -1 -1 -10 632.0 179.0 681.0 197.0 -1 -1 -1 -1000 -1000 -1000 -10 0.0005903244018554688
Car -1 -1 -10 340.0 79.0 368.0 103.0 -1 -1 -1 -1000 -1000 -1000 -10 0.0005812644958496094
Car -1 -1 -10 507.0 182.0 558.0 202.0 -1 -1 -1 -1000 -1000 -1000 -10 0.0005164146423339844
Car -1 -1 -10 0.0 179.0 23.0 304.0 -1 -1 -1 -1000 -1000 -1000 -10 0.0005140304565429688
Car -1 -1 -10 189.0 183.0 235.0 213.0 -1 -1 -1 -1000 -1000 -1000 -10 0.0004787445068359375
Car -1 -1 -10 126.0 132.0 307.0 246.0 -1 -1 -1 -1000 -1000 -1000 -10 0.0004582405090332031
Car -1 -1 -10 0.0 170.0 20.0 270.0 -1 -1 -1 -1000 -1000 -1000 -10 0.0004487037658691406
Car -1 -1 -10 0.0 179.0 45.0 303.0 -1 -1 -1 -1000 -1000 -1000 -10 0.0004038810729980469
Pedestrian -1 -1 -10 832.0 0.0 899.0 1.0 -1 -1 -1 -1000 -1000 -1000 -10 0.0003726482391357422
Car -1 -1 -10 745.0 0.0 792.0 0.0 -1 -1 -1 -1000 -1000 -1000 -10 0.0003643035888671875
Car -1 -1 -10 352.0 188.0 427.0 231.0 -1 -1 -1 -1000 -1000 -1000 -10 0.000362396240234375
Car -1 -1 -10 197.0 122.0 370.0 236.0 -1 -1 -1 -1000 -1000 -1000 -10 0.00030922889709472656
Pedestrian -1 -1 -10 838.0 0.0 882.0 0.0 -1 -1 -1 -1000 -1000 -1000 -10 0.00028014183044433594
Pedestrian -1 -1 -10 768.0 0.0 825.0 0.0 -1 -1 -1 -1000 -1000 -1000 -10 0.00026917457580566406
Car -1 -1 -10 363.0 190.0 413.0 244.0 -1 -1 -1 -1000 -1000 -1000 -10 0.00025200843811035156
Car -1 -1 -10 0.0 168.0 13.0 239.0 -1 -1 -1 -1000 -1000 -1000 -10 0.0002448558807373047
Car -1 -1 -10 449.0 132.0 634.0 276.0 -1 -1 -1 -1000 -1000 -1000 -10 0.00024330615997314453
Pedestrian -1 -1 -10 846.0 0.0 893.0 1.0 -1 -1 -1 -1000 -1000 -1000 -10 0.0001958608627319336
Pedestrian -1 -1 -10 783.0 0.0 841.0 1.0 -1 -1 -1 -1000 -1000 -1000 -10 0.00019049644470214844
Car -1 -1 -10 0.0 208.0 71.0 365.0 -1 -1 -1 -1000 -1000 -1000 -10 0.00017905235290527344
Car -1 -1 -10 878.0 0.0 933.0 5.0 -1 -1 -1 -1000 -1000 -1000 -10 0.0001786947250366211
Pedestrian -1 -1 -10 757.0 0.0 801.0 0.0 -1 -1 -1 -1000 -1000 -1000 -10 0.00017774105072021484
Car -1 -1 -10 173.0 181.0 253.0 218.0 -1 -1 -1 -1000 -1000 -1000 -10 0.0001608133316040039
Pedestrian -1 -1 -10 747.0 0.0 790.0 0.0 -1 -1 -1 -1000 -1000 -1000 -10 0.00014662742614746094
Car -1 -1 -10 784.0 0.0 838.0 0.0 -1 -1 -1 -1000 -1000 -1000 -10 0.00014519691467285156
Car -1 -1 -10 270.0 161.0 316.0 201.0 -1 -1 -1 -1000 -1000 -1000 -10 0.00013816356658935547
Pedestrian -1 -1 -10 778.0 168.0 802.0 237.0 -1 -1 -1 -1000 -1000 -1000 -10 0.00013697147369384766
Pedestrian -1 -1 -10 866.0 0.0 904.0 4.0 -1 -1 -1 -1000 -1000 -1000 -10 0.00013649463653564453
Car -1 -1 -10 0.0 254.0 22.0 375.0 -1 -1 -1 -1000 -1000 -1000 -10 0.0001283884048461914
Pedestrian -1 -1 -10 782.0 0.0 821.0 0.0 -1 -1 -1 -1000 -1000 -1000 -10 0.00011342763900756836
Car -1 -1 -10 268.0 161.0 353.0 208.0 -1 -1 -1 -1000 -1000 -1000 -10 0.00011289119720458984
Pedestrian -1 -1 -10 784.0 165.0 815.0 232.0 -1 -1 -1 -1000 -1000 -1000 -10 0.00011086463928222656
Car -1 -1 -10 0.0 193.0 79.0 314.0 -1 -1 -1 -1000 -1000 -1000 -10 0.00010919570922851562
Car -1 -1 -10 4.0 185.0 95.0 254.0 -1 -1 -1 -1000 -1000 -1000 -10 0.00010138750076293945
