Car -1 -1 -10 60.0 188.0 385.0 293.0 -1 -1 -1 -1000 -1000 -1000 -10 0.9658203125
Car -1 -1 -10 418.0 187.0 454.0 213.0 -1 -1 -1 -1000 -1000 -1000 -10 0.93994140625
Car -1 -1 -10 516.0 184.0 545.0 209.0 -1 -1 -1 -1000 -1000 -1000 -10 0.92822265625
Car -1 -1 -10 1221.0 155.0 1242.0 211.0 -1 -1 -1 -1000 -1000 -1000 -10 0.634765625
Car -1 -1 -10 1225.0 161.0 1242.0 227.0 -1 -1 -1 -1000 -1000 -1000 -10 0.003025054931640625
Car -1 -1 -10 1228.0 135.0 1242.0 203.0 -1 -1 -1 -1000 -1000 -1000 -10 0.002471923828125
Car -1 -1 -10 438.0 186.0 465.0 207.0 -1 -1 -1 -1000 -1000 -1000 -10 0.001667022705078125
Car -1 -1 -10 1212.0 155.0 1240.0 212.0 -1 -1 -1 -1000 -1000 -1000 -10 0.0009036064147949219
Car -1 -1 -10 1215.0 154.0 1242.0 367.0 -1 -1 -1 -1000 -1000 -1000 -10 0.0008168220520019531
Car -1 -1 -10 1214.0 135.0 1242.0 200.0 -1 -1 -1 -1000 -1000 -1000 -10 0.0006136894226074219
Car -1 -1 -10 1222.0 142.0 1241.0 196.0 -1 -1 -1 -1000 -1000 -1000 -10 0.00057220458984375
Car -1 -1 -10 1225.0 115.0 1242.0 182.0 -1 -1 -1 -1000 -1000 -1000 -10 0.0004813671112060547
Car -1 -1 -10 1219.0 152.0 1242.0 256.0 -1 -1 -1 -1000 -1000 -1000 -10 0.0003275871276855469
Car -1 -1 -10 1229.0 153.0 1242.0 260.0 -1 -1 -1 -1000 -1000 -1000 -10 0.00019466876983642578
Car -1 -1 -10 629.0 312.0 869.0 370.0 -1 -1 -1 -1000 -1000 -1000 -10 0.000152587890625
Car -1 -1 -10 1201.0 178.0 1242.0 374.0 -1 -1 -1 -1000 -1000 -1000 -10 0.00013196468353271484
