Car -1 -1 -10 864.0 179.0 1242.0 373.0 -1 -1 -1 -1000 -1000 -1000 -10 0.97412109375
Car -1 -1 -10 646.0 163.0 701.0 214.0 -1 -1 -1 -1000 -1000 -1000 -10 0.93310546875
Car -1 -1 -10 550.0 178.0 577.0 199.0 -1 -1 -1 -1000 -1000 -1000 -10 0.9228515625
Car -1 -1 -10 1225.0 159.0 1241.0 248.0 -1 -1 -1 -1000 -1000 -1000 -10 0.0004432201385498047
Car -1 -1 -10 556.0 177.0 578.0 195.0 -1 -1 -1 -1000 -1000 -1000 -10 0.0004253387451171875
Car -1 -1 -10 2.0 203.0 73.0 370.0 -1 -1 -1 -1000 -1000 -1000 -10 0.0004096031188964844
Car -1 -1 -10 1219.0 166.0 1242.0 263.0 -1 -1 -1 -1000 -1000 -1000 -10 0.000278472900390625
Car -1 -1 -10 600.0 119.0 759.0 238.0 -1 -1 -1 -1000 -1000 -1000 -10 0.00025081634521484375
Car -1 -1 -10 0.0 206.0 26.0 365.0 -1 -1 -1 -1000 -1000 -1000 -10 0.00019931793212890625
Pedestrian -1 -1 -10 776.0 0.0 846.0 40.0 -1 -1 -1 -1000 -1000 -1000 -10 0.0001882314682006836
Car -1 -1 -10 1221.0 195.0 1242.0 367.0 -1 -1 -1 -1000 -1000 -1000 -10 0.0001748800277709961
Car -1 -1 -10 1221.0 128.0 1242.0 239.0 -1 -1 -1 -1000 -1000 -1000 -10 0.00015461444854736328
Car -1 -1 -10 573.0 135.0 739.0 257.0 -1 -1 -1 -1000 -1000 -1000 -10 0.00015115737915039062
Car -1 -1 -10 1230.0 152.0 1242.0 235.0 -1 -1 -1 -1000 -1000 -1000 -10 0.00014030933380126953
Car -1 -1 -10 1215.0 163.0 1242.0 311.0 -1 -1 -1 -1000 -1000 -1000 -10 0.00012505054473876953
Car -1 -1 -10 1228.0 171.0 1242.0 273.0 -1 -1 -1 -1000 -1000 -1000 -10 0.00012433528900146484
Car -1 -1 -10 1215.0 109.0 1242.0 258.0 -1 -1 -1 -1000 -1000 -1000 -10 0.00011420249938964844
Car -1 -1 -10 302.0 70.0 329.0 92.0 -1 -1 -1 -1000 -1000 -1000 -10 0.00010007619857788086
