Car -1 -1 -10 263.0 185.0 451.0 300.0 -1 -1 -1 -1000 -1000 -1000 -10 0.97021484375
Car -1 -1 -10 712.0 187.0 839.0 279.0 -1 -1 -1 -1000 -1000 -1000 -10 0.96875
Car -1 -1 -10 445.0 177.0 518.0 231.0 -1 -1 -1 -1000 -1000 -1000 -10 0.96630859375
Car -1 -1 -10 659.0 177.0 722.0 224.0 -1 -1 -1 -1000 -1000 -1000 -10 0.96630859375
Car -1 -1 -10 111.0 178.0 291.0 266.0 -1 -1 -1 -1000 -1000 -1000 -10 0.96533203125
Car -1 -1 -10 634.0 177.0 662.0 200.0 -1 -1 -1 -1000 -1000 -1000 -10 0.94677734375
Car -1 -1 -10 586.0 177.0 611.0 201.0 -1 -1 -1 -1000 -1000 -1000 -10 0.94384765625
Car -1 -1 -10 528.0 180.0 555.0 199.0 -1 -1 -1 -1000 -1000 -1000 -10 0.90673828125
Car -1 -1 -10 387.0 181.0 445.0 214.0 -1 -1 -1 -1000 -1000 -1000 -10 0.90576171875
Car -1 -1 -10 483.0 179.0 534.0 216.0 -1 -1 -1 -1000 -1000 -1000 -10 0.90283203125
Car -1 -1 -10 441.0 178.0 482.0 206.0 -1 -1 -1 -1000 -1000 -1000 -10 0.86767578125
Car -1 -1 -10 621.0 177.0 640.0 196.0 -1 -1 -1 -1000 -1000 -1000 -10 0.8662109375
Car -1 -1 -10 448.0 175.0 493.0 204.0 -1 -1 -1 -1000 -1000 -1000 -10 0.21923828125
Car -1 -1 -10 592.0 176.0 619.0 199.0 -1 -1 -1 -1000 -1000 -1000 -10 0.09295654296875
Car -1 -1 -10 482.0 171.0 515.0 194.0 -1 -1 -1 -1000 -1000 -1000 -10 0.063232421875
Car -1 -1 -10 509.0 177.0 541.0 197.0 -1 -1 -1 -1000 -1000 -1000 -10 0.05712890625
Car -1 -1 -10 499.0 178.0 539.0 205.0 -1 -1 -1 -1000 -1000 -1000 -10 0.0494384765625
Car -1 -1 -10 494.0 175.0 530.0 199.0 -1 -1 -1 -1000 -1000 -1000 -10 0.023193359375
Car -1 -1 -10 0.0 173.0 16.0 256.0 -1 -1 -1 -1000 -1000 -1000 -10 0.01861572265625
Car -1 -1 -10 470.0 171.0 506.0 198.0 -1 -1 -1 -1000 -1000 -1000 -10 0.01372528076171875
Car -1 -1 -10 0.0 172.0 12.0 240.0 -1 -1 -1 -1000 -1000 -1000 -10 0.01366424560546875
Car -1 -1 -10 610.0 176.0 624.0 191.0 -1 -1 -1 -1000 -1000 -1000 -10 0.005802154541015625
Car -1 -1 -10 470.0 176.0 522.0 213.0 -1 -1 -1 -1000 -1000 -1000 -10 0.004306793212890625
Car -1 -1 -10 0.0 184.0 22.0 279.0 -1 -1 -1 -1000 -1000 -1000 -10 0.00299835205078125
Car -1 -1 -10 457.0 168.0 508.0 213.0 -1 -1 -1 -1000 -1000 -1000 -10 0.0023326873779296875
Car -1 -1 -10 453.0 178.0 503.0 222.0 -1 -1 -1 -1000 -1000 -1000 -10 0.002201080322265625
Car -1 -1 -10 0.0 172.0 29.0 270.0 -1 -1 -1 -1000 -1000 -1000 -10 0.0017232894897460938
Car -1 -1 -10 496.0 171.0 522.0 192.0 -1 -1 -1 -1000 -1000 -1000 -10 0.0016002655029296875
Car -1 -1 -10 396.0 179.0 443.0 205.0 -1 -1 -1 -1000 -1000 -1000 -10 0.0014057159423828125
Car -1 -1 -10 301.0 146.0 483.0 289.0 -1 -1 -1 -1000 -1000 -1000 -10 0.00109100341796875
Car -1 -1 -10 365.0 174.0 450.0 247.0 -1 -1 -1 -1000 -1000 -1000 -10 0.0008897781372070312
Car -1 -1 -10 629.0 174.0 660.0 208.0 -1 -1 -1 -1000 -1000 -1000 -10 0.0008697509765625
Car -1 -1 -10 439.0 184.0 488.0 221.0 -1 -1 -1 -1000 -1000 -1000 -10 0.0008630752563476562
Car -1 -1 -10 0.0 160.0 17.0 231.0 -1 -1 -1 -1000 -1000 -1000 -10 0.00083160400390625
Car -1 -1 -10 0.0 205.0 31.0 366.0 -1 -1 -1 -1000 -1000 -1000 -10 0.0007781982421875
Car -1 -1 -10 0.0 198.0 25.0 318.0 -1 -1 -1 -1000 -1000 -1000 -10 0.0007772445678710938
Car -1 -1 -10 0.0 217.0 46.0 373.0 -1 -1 -1 -1000 -1000 -1000 -10 0.0007472038269042969
Car -1 -1 -10 526.0 177.0 557.0 208.0 -1 -1 -1 -1000 -1000 -1000 -10 0.0006885528564453125
Car -1 -1 -10 659.0 178.0 709.0 213.0 -1 -1 -1 -1000 -1000 -1000 -10 0.00067901611328125
Car -1 -1 -10 304.0 179.0 387.0 213.0 -1 -1 -1 -1000 -1000 -1000 -10 0.0006732940673828125
Car -1 -1 -10 384.0 165.0 449.0 223.0 -1 -1 -1 -1000 -1000 -1000 -10 0.0005950927734375
Car -1 -1 -10 0.0 186.0 39.0 293.0 -1 -1 -1 -1000 -1000 -1000 -10 0.00058746337890625
Car -1 -1 -10 434.0 178.0 469.0 203.0 -1 -1 -1 -1000 -1000 -1000 -10 0.0005645751953125
Car -1 -1 -10 476.0 160.0 540.0 226.0 -1 -1 -1 -1000 -1000 -1000 -10 0.0004630088806152344
Car -1 -1 -10 0.0 199.0 14.0 287.0 -1 -1 -1 -1000 -1000 -1000 -10 0.00038743019104003906
Car -1 -1 -10 0.0 208.0 72.0 369.0 -1 -1 -1 -1000 -1000 -1000 -10 0.00035762786865234375
Car -1 -1 -10 606.0 135.0 761.0 247.0 -1 -1 -1 -1000 -1000 -1000 -10 0.000335693359375
Car -1 -1 -10 509.0 170.0 534.0 192.0 -1 -1 -1 -1000 -1000 -1000 -10 0.00033164024353027344
Car -1 -1 -10 0.0 197.0 46.0 324.0 -1 -1 -1 -1000 -1000 -1000 -10 0.0003159046173095703
Car -1 -1 -10 308.0 173.0 385.0 203.0 -1 -1 -1 -1000 -1000 -1000 -10 0.00028896331787109375
Car -1 -1 -10 402.0 145.0 553.0 251.0 -1 -1 -1 -1000 -1000 -1000 -10 0.0002853870391845703
Car -1 -1 -10 489.0 165.0 521.0 187.0 -1 -1 -1 -1000 -1000 -1000 -10 0.00027751922607421875
Car -1 -1 -10 354.0 124.0 501.0 247.0 -1 -1 -1 -1000 -1000 -1000 -10 0.0002644062042236328
Car -1 -1 -10 425.0 120.0 597.0 252.0 -1 -1 -1 -1000 -1000 -1000 -10 0.00024819374084472656
Car -1 -1 -10 0.0 120.0 22.0 260.0 -1 -1 -1 -1000 -1000 -1000 -10 0.00020933151245117188
Car -1 -1 -10 655.0 170.0 738.0 240.0 -1 -1 -1 -1000 -1000 -1000 -10 0.00020825862884521484
Car -1 -1 -10 582.0 175.0 601.0 195.0 -1 -1 -1 -1000 -1000 -1000 -10 0.0001653432846069336
Car -1 -1 -10 622.0 171.0 649.0 205.0 -1 -1 -1 -1000 -1000 -1000 -10 0.0001327991485595703
Car -1 -1 -10 628.0 135.0 787.0 279.0 -1 -1 -1 -1000 -1000 -1000 -10 0.00013124942779541016
Car -1 -1 -10 545.0 176.0 564.0 195.0 -1 -1 -1 -1000 -1000 -1000 -10 0.00012814998626708984
Car -1 -1 -10 610.0 177.0 620.0 192.0 -1 -1 -1 -1000 -1000 -1000 -10 0.00011968612670898438
Car -1 -1 -10 884.0 0.0 922.0 9.0 -1 -1 -1 -1000 -1000 -1000 -10 0.00011092424392700195
Car -1 -1 -10 297.0 178.0 393.0 228.0 -1 -1 -1 -1000 -1000 -1000 -10 0.00010973215103149414
Car -1 -1 -10 1.0 158.0 11.0 216.0 -1 -1 -1 -1000 -1000 -1000 -10 0.00010663270950317383
Car -1 -1 -10 0.0 201.0 25.0 262.0 -1 -1 -1 -1000 -1000 -1000 -10 0.0001042485237121582
Car -1 -1 -10 647.0 175.0 679.0 202.0 -1 -1 -1 -1000 -1000 -1000 -10 0.00010097026824951172
