Car -1 -1 -10 761.0 169.0 811.0 213.0 -1 -1 -1 -1000 -1000 -1000 -10 0.958984375
Car -1 -1 -10 756.0 162.0 815.0 223.0 -1 -1 -1 -1000 -1000 -1000 -10 0.0006089210510253906
Car -1 -1 -10 1233.0 139.0 1242.0 200.0 -1 -1 -1 -1000 -1000 -1000 -10 0.0003829002380371094
Car -1 -1 -10 364.0 0.0 416.0 32.0 -1 -1 -1 -1000 -1000 -1000 -10 0.00031185150146484375
Car -1 -1 -10 690.0 133.0 855.0 266.0 -1 -1 -1 -1000 -1000 -1000 -10 0.0002827644348144531
Pedestrian -1 -1 -10 799.0 0.0 821.0 3.0 -1 -1 -1 -1000 -1000 -1000 -10 0.0002046823501586914
Pedestrian -1 -1 -10 626.0 177.0 636.0 202.0 -1 -1 -1 -1000 -1000 -1000 -10 0.000171661376953125
Car -1 -1 -10 0.0 202.0 22.0 368.0 -1 -1 -1 -1000 -1000 -1000 -10 0.00016069412231445312
Pedestrian -1 -1 -10 792.0 0.0 812.0 1.0 -1 -1 -1 -1000 -1000 -1000 -10 0.00014972686767578125
Car -1 -1 -10 1230.0 144.0 1242.0 207.0 -1 -1 -1 -1000 -1000 -1000 -10 0.00012755393981933594
Pedestrian -1 -1 -10 977.0 164.0 990.0 202.0 -1 -1 -1 -1000 -1000 -1000 -10 0.0001175999641418457
