Car -1 -1 -10 0.0 205.0 247.0 372.0 -1 -1 -1 -1000 -1000 -1000 -10 0.97216796875
Car -1 -1 -10 792.0 174.0 1160.0 369.0 -1 -1 -1 -1000 -1000 -1000 -10 0.97021484375
Car -1 -1 -10 697.0 170.0 814.0 247.0 -1 -1 -1 -1000 -1000 -1000 -10 0.9697265625
Car -1 -1 -10 378.0 176.0 464.0 233.0 -1 -1 -1 -1000 -1000 -1000 -10 0.96728515625
Car -1 -1 -10 430.0 176.0 488.0 219.0 -1 -1 -1 -1000 -1000 -1000 -10 0.96044921875
Car -1 -1 -10 679.0 169.0 757.0 225.0 -1 -1 -1 -1000 -1000 -1000 -10 0.9462890625
Car -1 -1 -10 1140.0 177.0 1242.0 373.0 -1 -1 -1 -1000 -1000 -1000 -10 0.92236328125
Pedestrian -1 -1 -10 744.0 154.0 759.0 199.0 -1 -1 -1 -1000 -1000 -1000 -10 0.83935546875
Pedestrian -1 -1 -10 727.0 153.0 741.0 202.0 -1 -1 -1 -1000 -1000 -1000 -10 0.826171875
Pedestrian -1 -1 -10 732.0 154.0 756.0 202.0 -1 -1 -1 -1000 -1000 -1000 -10 0.413818359375
Car -1 -1 -10 697.0 171.0 786.0 229.0 -1 -1 -1 -1000 -1000 -1000 -10 0.0011997222900390625
Pedestrian -1 -1 -10 728.0 164.0 752.0 203.0 -1 -1 -1 -1000 -1000 -1000 -10 0.00118255615234375
Car -1 -1 -10 701.0 165.0 748.0 215.0 -1 -1 -1 -1000 -1000 -1000 -10 0.0007829666137695312
Car -1 -1 -10 1207.0 161.0 1241.0 368.0 -1 -1 -1 -1000 -1000 -1000 -10 0.0007567405700683594
Car -1 -1 -10 59.0 209.0 178.0 362.0 -1 -1 -1 -1000 -1000 -1000 -10 0.0006999969482421875
Car -1 -1 -10 1176.0 151.0 1242.0 351.0 -1 -1 -1 -1000 -1000 -1000 -10 0.0006465911865234375
Car -1 -1 -10 724.0 163.0 756.0 204.0 -1 -1 -1 -1000 -1000 -1000 -10 0.0006241798400878906
Car -1 -1 -10 1216.0 153.0 1242.0 330.0 -1 -1 -1 -1000 -1000 -1000 -10 0.0005049705505371094
Car -1 -1 -10 428.0 167.0 499.0 233.0 -1 -1 -1 -1000 -1000 -1000 -10 0.0004954338073730469
Car -1 -1 -10 634.0 142.0 789.0 263.0 -1 -1 -1 -1000 -1000 -1000 -10 0.00045013427734375
Pedestrian -1 -1 -10 741.0 166.0 759.0 200.0 -1 -1 -1 -1000 -1000 -1000 -10 0.0004286766052246094
Car -1 -1 -10 328.0 141.0 495.0 274.0 -1 -1 -1 -1000 -1000 -1000 -10 0.0003209114074707031
Car -1 -1 -10 381.0 133.0 556.0 277.0 -1 -1 -1 -1000 -1000 -1000 -10 0.0003154277801513672
Pedestrian -1 -1 -10 687.0 164.0 753.0 220.0 -1 -1 -1 -1000 -1000 -1000 -10 0.00031065940856933594
Car -1 -1 -10 735.0 166.0 765.0 201.0 -1 -1 -1 -1000 -1000 -1000 -10 0.00024199485778808594
Pedestrian -1 -1 -10 744.0 161.0 768.0 205.0 -1 -1 -1 -1000 -1000 -1000 -10 0.00023555755615234375
Car -1 -1 -10 594.0 49.0 620.0 67.0 -1 -1 -1 -1000 -1000 -1000 -10 0.0002346038818359375
Car -1 -1 -10 730.0 172.0 774.0 233.0 -1 -1 -1 -1000 -1000 -1000 -10 0.0001684427261352539
Car -1 -1 -10 0.0 206.0 20.0 358.0 -1 -1 -1 -1000 -1000 -1000 -10 0.0001628398895263672
Car -1 -1 -10 1158.0 203.0 1239.0 346.0 -1 -1 -1 -1000 -1000 -1000 -10 0.0001323223114013672
Car -1 -1 -10 1223.0 141.0 1242.0 261.0 -1 -1 -1 -1000 -1000 -1000 -10 0.00011736154556274414
Car -1 -1 -10 723.0 168.0 785.0 216.0 -1 -1 -1 -1000 -1000 -1000 -10 0.00011104345321655273
Car -1 -1 -10 1198.0 146.0 1241.0 299.0 -1 -1 -1 -1000 -1000 -1000 -10 0.00010991096496582031
