Car -1 -1 -10 187.0 188.0 252.0 222.0 -1 -1 -1 -1000 -1000 -1000 -10 0.94189453125
Car -1 -1 -10 589.0 160.0 616.0 189.0 -1 -1 -1 -1000 -1000 -1000 -10 0.9404296875
Car -1 -1 -10 502.0 0.0 583.0 58.0 -1 -1 -1 -1000 -1000 -1000 -10 0.004085540771484375
Car -1 -1 -10 562.0 0.0 629.0 57.0 -1 -1 -1 -1000 -1000 -1000 -10 0.0028896331787109375
Car -1 -1 -10 537.0 0.0 614.0 56.0 -1 -1 -1 -1000 -1000 -1000 -10 0.00247955322265625
Car -1 -1 -10 481.0 0.0 563.0 59.0 -1 -1 -1 -1000 -1000 -1000 -10 0.0010824203491210938
Car -1 -1 -10 913.0 176.0 977.0 196.0 -1 -1 -1 -1000 -1000 -1000 -10 0.0009927749633789062
Car -1 -1 -10 182.0 174.0 259.0 238.0 -1 -1 -1 -1000 -1000 -1000 -10 0.0009312629699707031
Car -1 -1 -10 580.0 1.0 645.0 56.0 -1 -1 -1 -1000 -1000 -1000 -10 0.0005388259887695312
Car -1 -1 -10 122.0 136.0 290.0 279.0 -1 -1 -1 -1000 -1000 -1000 -10 0.0004696846008300781
Car -1 -1 -10 1215.0 186.0 1242.0 371.0 -1 -1 -1 -1000 -1000 -1000 -10 0.00024187564849853516
Car -1 -1 -10 466.0 0.0 537.0 57.0 -1 -1 -1 -1000 -1000 -1000 -10 0.0002391338348388672
Car -1 -1 -10 565.0 171.0 582.0 187.0 -1 -1 -1 -1000 -1000 -1000 -10 0.00022327899932861328
Car -1 -1 -10 443.0 0.0 522.0 57.0 -1 -1 -1 -1000 -1000 -1000 -10 0.00013375282287597656
Car -1 -1 -10 0.0 196.0 11.0 264.0 -1 -1 -1 -1000 -1000 -1000 -10 0.0001226663589477539
Pedestrian -1 -1 -10 451.0 0.0 573.0 75.0 -1 -1 -1 -1000 -1000 -1000 -10 0.0001207590103149414
