Car -1 -1 -10 1082.0 157.0 1241.0 267.0 -1 -1 -1 -1000 -1000 -1000 -10 0.9599609375
Car -1 -1 -10 829.0 174.0 906.0 229.0 -1 -1 -1 -1000 -1000 -1000 -10 0.95166015625
Car -1 -1 -10 910.0 169.0 948.0 200.0 -1 -1 -1 -1000 -1000 -1000 -10 0.92919921875
Car -1 -1 -10 1032.0 158.0 1082.0 201.0 -1 -1 -1 -1000 -1000 -1000 -10 0.91845703125
Car -1 -1 -10 783.0 100.0 803.0 119.0 -1 -1 -1 -1000 -1000 -1000 -10 0.000988006591796875
Car -1 -1 -10 1026.0 145.0 1085.0 208.0 -1 -1 -1 -1000 -1000 -1000 -10 0.00092315673828125
Car -1 -1 -10 730.0 103.0 755.0 121.0 -1 -1 -1 -1000 -1000 -1000 -10 0.0005559921264648438
Car -1 -1 -10 939.0 168.0 961.0 193.0 -1 -1 -1 -1000 -1000 -1000 -10 0.0005431175231933594
Car -1 -1 -10 735.0 104.0 750.0 121.0 -1 -1 -1 -1000 -1000 -1000 -10 0.00045371055603027344
Car -1 -1 -10 1221.0 154.0 1242.0 278.0 -1 -1 -1 -1000 -1000 -1000 -10 0.00044536590576171875
Car -1 -1 -10 1228.0 156.0 1242.0 249.0 -1 -1 -1 -1000 -1000 -1000 -10 0.00041556358337402344
Car -1 -1 -10 972.0 128.0 1144.0 258.0 -1 -1 -1 -1000 -1000 -1000 -10 0.0003437995910644531
Car -1 -1 -10 898.0 170.0 932.0 198.0 -1 -1 -1 -1000 -1000 -1000 -10 0.0002999305725097656
Car -1 -1 -10 930.0 168.0 956.0 195.0 -1 -1 -1 -1000 -1000 -1000 -10 0.00029349327087402344
Car -1 -1 -10 1168.0 154.0 1242.0 256.0 -1 -1 -1 -1000 -1000 -1000 -10 0.0002810955047607422
Cyclist -1 -1 -10 0.0 177.0 17.0 334.0 -1 -1 -1 -1000 -1000 -1000 -10 0.00025844573974609375
Pedestrian -1 -1 -10 283.0 0.0 313.0 3.0 -1 -1 -1 -1000 -1000 -1000 -10 0.00024890899658203125
Car -1 -1 -10 1228.0 192.0 1242.0 316.0 -1 -1 -1 -1000 -1000 -1000 -10 0.0002460479736328125
Car -1 -1 -10 772.0 137.0 942.0 272.0 -1 -1 -1 -1000 -1000 -1000 -10 0.00022912025451660156
Car -1 -1 -10 1215.0 153.0 1242.0 316.0 -1 -1 -1 -1000 -1000 -1000 -10 0.0002053976058959961
Pedestrian -1 -1 -10 274.0 0.0 296.0 1.0 -1 -1 -1 -1000 -1000 -1000 -10 0.00018417835235595703
Cyclist -1 -1 -10 0.0 196.0 12.0 311.0 -1 -1 -1 -1000 -1000 -1000 -10 0.0001766681671142578
Car -1 -1 -10 1214.0 146.0 1242.0 256.0 -1 -1 -1 -1000 -1000 -1000 -10 0.00017499923706054688
Car -1 -1 -10 281.0 0.0 316.0 4.0 -1 -1 -1 -1000 -1000 -1000 -10 0.0001748800277709961
Car -1 -1 -10 616.0 112.0 679.0 153.0 -1 -1 -1 -1000 -1000 -1000 -10 0.00012886524200439453
Car -1 -1 -10 1195.0 153.0 1242.0 252.0 -1 -1 -1 -1000 -1000 -1000 -10 0.00012600421905517578
Car -1 -1 -10 1030.0 161.0 1067.0 197.0 -1 -1 -1 -1000 -1000 -1000 -10 0.00011676549911499023
