Car -1 -1 -10 398.0 181.0 506.0 269.0 -1 -1 -1 -1000 -1000 -1000 -10 0.96533203125
Car -1 -1 -10 543.0 178.0 591.0 207.0 -1 -1 -1 -1000 -1000 -1000 -10 0.93896484375
Car -1 -1 -10 498.0 185.0 549.0 230.0 -1 -1 -1 -1000 -1000 -1000 -10 0.9384765625
Car -1 -1 -10 532.0 177.0 590.0 218.0 -1 -1 -1 -1000 -1000 -1000 -10 0.0016660690307617188
Car -1 -1 -10 492.0 174.0 552.0 241.0 -1 -1 -1 -1000 -1000 -1000 -10 0.0006976127624511719
Car -1 -1 -10 0.0 225.0 42.0 375.0 -1 -1 -1 -1000 -1000 -1000 -10 0.0005583763122558594
Car -1 -1 -10 445.0 92.0 463.0 107.0 -1 -1 -1 -1000 -1000 -1000 -10 0.0002791881561279297
Car -1 -1 -10 1.0 251.0 26.0 375.0 -1 -1 -1 -1000 -1000 -1000 -10 0.00027871131896972656
Car -1 -1 -10 432.0 137.0 603.0 280.0 -1 -1 -1 -1000 -1000 -1000 -10 0.0002722740173339844
Car -1 -1 -10 0.0 205.0 29.0 367.0 -1 -1 -1 -1000 -1000 -1000 -10 0.00017833709716796875
Car -1 -1 -10 536.0 167.0 610.0 232.0 -1 -1 -1 -1000 -1000 -1000 -10 0.0001608133316040039
Car -1 -1 -10 0.0 253.0 54.0 375.0 -1 -1 -1 -1000 -1000 -1000 -10 0.00014579296112060547
Car -1 -1 -10 534.0 157.0 594.0 220.0 -1 -1 -1 -1000 -1000 -1000 -10 0.0001347064971923828
Car -1 -1 -10 511.0 180.0 551.0 215.0 -1 -1 -1 -1000 -1000 -1000 -10 0.00012874603271484375
Car -1 -1 -10 441.0 91.0 467.0 109.0 -1 -1 -1 -1000 -1000 -1000 -10 0.0001214146614074707
Car -1 -1 -10 532.0 177.0 574.0 208.0 -1 -1 -1 -1000 -1000 -1000 -10 0.00011909008026123047
Car -1 -1 -10 503.0 142.0 666.0 273.0 -1 -1 -1 -1000 -1000 -1000 -10 0.00011450052261352539
Car -1 -1 -10 772.0 88.0 807.0 114.0 -1 -1 -1 -1000 -1000 -1000 -10 0.00011414289474487305
