Car -1 -1 -10 561.0 179.0 615.0 231.0 -1 -1 -1 -1000 -1000 -1000 -10 0.96337890625
Car -1 -1 -10 0.0 1.0 367.0 365.0 -1 -1 -1 -1000 -1000 -1000 -10 0.9384765625
Car -1 -1 -10 957.0 192.0 1043.0 223.0 -1 -1 -1 -1000 -1000 -1000 -10 0.93701171875
Cyclist -1 -1 -10 858.0 184.0 883.0 224.0 -1 -1 -1 -1000 -1000 -1000 -10 0.916015625
Car -1 -1 -10 535.0 181.0 555.0 199.0 -1 -1 -1 -1000 -1000 -1000 -10 0.8916015625
Car -1 -1 -10 1041.0 194.0 1111.0 223.0 -1 -1 -1 -1000 -1000 -1000 -10 0.7861328125
Car -1 -1 -10 194.0 180.0 252.0 208.0 -1 -1 -1 -1000 -1000 -1000 -10 0.64892578125
Car -1 -1 -10 207.0 182.0 264.0 206.0 -1 -1 -1 -1000 -1000 -1000 -10 0.410888671875
Car -1 -1 -10 551.0 180.0 568.0 196.0 -1 -1 -1 -1000 -1000 -1000 -10 0.37451171875
Car -1 -1 -10 150.0 181.0 215.0 213.0 -1 -1 -1 -1000 -1000 -1000 -10 0.333251953125
Car -1 -1 -10 174.0 180.0 235.0 210.0 -1 -1 -1 -1000 -1000 -1000 -10 0.288818359375
Car -1 -1 -10 53.0 47.0 329.0 333.0 -1 -1 -1 -1000 -1000 -1000 -10 0.118896484375
Car -1 -1 -10 120.0 167.0 240.0 239.0 -1 -1 -1 -1000 -1000 -1000 -10 0.049346923828125
Car -1 -1 -10 144.0 176.0 214.0 228.0 -1 -1 -1 -1000 -1000 -1000 -10 0.04913330078125
Car -1 -1 -10 117.0 184.0 219.0 214.0 -1 -1 -1 -1000 -1000 -1000 -10 0.04425048828125
Car -1 -1 -10 142.0 177.0 249.0 208.0 -1 -1 -1 -1000 -1000 -1000 -10 0.038238525390625
Car -1 -1 -10 135.0 183.0 201.0 211.0 -1 -1 -1 -1000 -1000 -1000 -10 0.0264129638671875
Car -1 -1 -10 0.0 182.0 58.0 291.0 -1 -1 -1 -1000 -1000 -1000 -10 0.01404571533203125
Car -1 -1 -10 203.0 186.0 267.0 213.0 -1 -1 -1 -1000 -1000 -1000 -10 0.0139923095703125
Car -1 -1 -10 180.0 186.0 261.0 216.0 -1 -1 -1 -1000 -1000 -1000 -10 0.00824737548828125
Car -1 -1 -10 81.0 151.0 286.0 232.0 -1 -1 -1 -1000 -1000 -1000 -10 0.00811767578125
Car -1 -1 -10 160.0 176.0 223.0 207.0 -1 -1 -1 -1000 -1000 -1000 -10 0.00699615478515625
Car -1 -1 -10 0.0 187.0 59.0 248.0 -1 -1 -1 -1000 -1000 -1000 -10 0.0065765380859375
Car -1 -1 -10 2.0 175.0 75.0 258.0 -1 -1 -1 -1000 -1000 -1000 -10 0.0059967041015625
Car -1 -1 -10 0.0 187.0 36.0 257.0 -1 -1 -1 -1000 -1000 -1000 -10 0.004638671875
Car -1 -1 -10 0.0 187.0 58.0 358.0 -1 -1 -1 -1000 -1000 -1000 -10 0.00373077392578125
Car -1 -1 -10 0.0 178.0 88.0 347.0 -1 -1 -1 -1000 -1000 -1000 -10 0.00257110595703125
Car -1 -1 -10 0.0 185.0 36.0 338.0 -1 -1 -1 -1000 -1000 -1000 -10 0.0025234222412109375
Car -1 -1 -10 229.0 178.0 283.0 205.0 -1 -1 -1 -1000 -1000 -1000 -10 0.0024356842041015625
Car -1 -1 -10 161.0 166.0 221.0 196.0 -1 -1 -1 -1000 -1000 -1000 -10 0.002216339111328125
Car -1 -1 -10 974.0 195.0 1024.0 218.0 -1 -1 -1 -1000 -1000 -1000 -10 0.0018854141235351562
Car -1 -1 -10 185.0 169.0 252.0 217.0 -1 -1 -1 -1000 -1000 -1000 -10 0.0017099380493164062
Car -1 -1 -10 193.0 190.0 250.0 220.0 -1 -1 -1 -1000 -1000 -1000 -10 0.0016889572143554688
Car -1 -1 -10 127.0 162.0 320.0 278.0 -1 -1 -1 -1000 -1000 -1000 -10 0.0016584396362304688
Car -1 -1 -10 30.0 120.0 296.0 255.0 -1 -1 -1 -1000 -1000 -1000 -10 0.001560211181640625
Car -1 -1 -10 10.0 182.0 128.0 244.0 -1 -1 -1 -1000 -1000 -1000 -10 0.0014028549194335938
Car -1 -1 -10 0.0 174.0 29.0 246.0 -1 -1 -1 -1000 -1000 -1000 -10 0.0011491775512695312
Car -1 -1 -10 91.0 150.0 217.0 247.0 -1 -1 -1 -1000 -1000 -1000 -10 0.0010700225830078125
Car -1 -1 -10 125.0 181.0 183.0 214.0 -1 -1 -1 -1000 -1000 -1000 -10 0.0010585784912109375
Car -1 -1 -10 6.0 187.0 81.0 240.0 -1 -1 -1 -1000 -1000 -1000 -10 0.0010309219360351562
Car -1 -1 -10 949.0 174.0 1051.0 237.0 -1 -1 -1 -1000 -1000 -1000 -10 0.0010194778442382812
Car -1 -1 -10 0.0 182.0 163.0 295.0 -1 -1 -1 -1000 -1000 -1000 -10 0.0009350776672363281
Car -1 -1 -10 0.0 182.0 35.0 231.0 -1 -1 -1 -1000 -1000 -1000 -10 0.0008697509765625
Car -1 -1 -10 1232.0 189.0 1242.0 222.0 -1 -1 -1 -1000 -1000 -1000 -10 0.0008568763732910156
Car -1 -1 -10 50.0 172.0 238.0 226.0 -1 -1 -1 -1000 -1000 -1000 -10 0.0008029937744140625
Car -1 -1 -10 147.0 191.0 226.0 226.0 -1 -1 -1 -1000 -1000 -1000 -10 0.0007562637329101562
Car -1 -1 -10 128.0 115.0 258.0 267.0 -1 -1 -1 -1000 -1000 -1000 -10 0.0007529258728027344
Car -1 -1 -10 20.0 146.0 318.0 322.0 -1 -1 -1 -1000 -1000 -1000 -10 0.000728607177734375
Car -1 -1 -10 184.0 167.0 242.0 196.0 -1 -1 -1 -1000 -1000 -1000 -10 0.0007081031799316406
Car -1 -1 -10 132.0 175.0 194.0 207.0 -1 -1 -1 -1000 -1000 -1000 -10 0.000690460205078125
Car -1 -1 -10 1228.0 193.0 1242.0 237.0 -1 -1 -1 -1000 -1000 -1000 -10 0.0006051063537597656
Car -1 -1 -10 0.0 190.0 15.0 255.0 -1 -1 -1 -1000 -1000 -1000 -10 0.0006008148193359375
Car -1 -1 -10 3.0 112.0 62.0 281.0 -1 -1 -1 -1000 -1000 -1000 -10 0.0005698204040527344
Car -1 -1 -10 33.0 184.0 148.0 226.0 -1 -1 -1 -1000 -1000 -1000 -10 0.0005583763122558594
Car -1 -1 -10 120.0 132.0 202.0 241.0 -1 -1 -1 -1000 -1000 -1000 -10 0.00054931640625
Car -1 -1 -10 492.0 142.0 650.0 274.0 -1 -1 -1 -1000 -1000 -1000 -10 0.0004954338073730469
Car -1 -1 -10 0.0 171.0 137.0 352.0 -1 -1 -1 -1000 -1000 -1000 -10 0.0004258155822753906
Car -1 -1 -10 560.0 179.0 579.0 200.0 -1 -1 -1 -1000 -1000 -1000 -10 0.0004181861877441406
Car -1 -1 -10 1232.0 199.0 1242.0 241.0 -1 -1 -1 -1000 -1000 -1000 -10 0.00040650367736816406
Car -1 -1 -10 325.0 180.0 371.0 203.0 -1 -1 -1 -1000 -1000 -1000 -10 0.0003941059112548828
Car -1 -1 -10 26.0 170.0 203.0 252.0 -1 -1 -1 -1000 -1000 -1000 -10 0.00037407875061035156
Car -1 -1 -10 131.0 165.0 193.0 196.0 -1 -1 -1 -1000 -1000 -1000 -10 0.0003516674041748047
Car -1 -1 -10 536.0 178.0 560.0 210.0 -1 -1 -1 -1000 -1000 -1000 -10 0.0003407001495361328
Car -1 -1 -10 0.0 215.0 32.0 371.0 -1 -1 -1 -1000 -1000 -1000 -10 0.0003254413604736328
Car -1 -1 -10 9.0 66.0 122.0 312.0 -1 -1 -1 -1000 -1000 -1000 -10 0.00031495094299316406
Car -1 -1 -10 1.0 148.0 54.0 229.0 -1 -1 -1 -1000 -1000 -1000 -10 0.0003056526184082031
Car -1 -1 -10 1036.0 176.0 1126.0 240.0 -1 -1 -1 -1000 -1000 -1000 -10 0.0002999305725097656
Car -1 -1 -10 555.0 183.0 574.0 207.0 -1 -1 -1 -1000 -1000 -1000 -10 0.00028586387634277344
Car -1 -1 -10 2.0 187.0 88.0 277.0 -1 -1 -1 -1000 -1000 -1000 -10 0.00028324127197265625
Car -1 -1 -10 95.0 171.0 193.0 222.0 -1 -1 -1 -1000 -1000 -1000 -10 0.0002789497375488281
Car -1 -1 -10 121.0 192.0 212.0 227.0 -1 -1 -1 -1000 -1000 -1000 -10 0.00027108192443847656
Car -1 -1 -10 523.0 146.0 668.0 253.0 -1 -1 -1 -1000 -1000 -1000 -10 0.00026869773864746094
Car -1 -1 -10 2.0 179.0 52.0 210.0 -1 -1 -1 -1000 -1000 -1000 -10 0.0002624988555908203
Car -1 -1 -10 214.0 191.0 261.0 217.0 -1 -1 -1 -1000 -1000 -1000 -10 0.00025844573974609375
Car -1 -1 -10 1221.0 194.0 1242.0 231.0 -1 -1 -1 -1000 -1000 -1000 -10 0.0002560615539550781
Car -1 -1 -10 747.0 76.0 760.0 89.0 -1 -1 -1 -1000 -1000 -1000 -10 0.0002498626708984375
Car -1 -1 -10 180.0 200.0 261.0 232.0 -1 -1 -1 -1000 -1000 -1000 -10 0.00024771690368652344
Car -1 -1 -10 0.0 192.0 12.0 237.0 -1 -1 -1 -1000 -1000 -1000 -10 0.00023126602172851562
Car -1 -1 -10 1233.0 180.0 1242.0 212.0 -1 -1 -1 -1000 -1000 -1000 -10 0.00022327899932861328
Car -1 -1 -10 246.0 175.0 294.0 200.0 -1 -1 -1 -1000 -1000 -1000 -10 0.00021719932556152344
Car -1 -1 -10 915.0 135.0 1094.0 278.0 -1 -1 -1 -1000 -1000 -1000 -10 0.00021147727966308594
Car -1 -1 -10 206.0 190.0 288.0 223.0 -1 -1 -1 -1000 -1000 -1000 -10 0.00020992755889892578
Car -1 -1 -10 102.0 188.0 187.0 222.0 -1 -1 -1 -1000 -1000 -1000 -10 0.0002053976058959961
Car -1 -1 -10 743.0 75.0 764.0 90.0 -1 -1 -1 -1000 -1000 -1000 -10 0.00020515918731689453
Car -1 -1 -10 44.0 190.0 108.0 231.0 -1 -1 -1 -1000 -1000 -1000 -10 0.0001920461654663086
Car -1 -1 -10 1221.0 198.0 1242.0 362.0 -1 -1 -1 -1000 -1000 -1000 -10 0.00019061565399169922
Car -1 -1 -10 530.0 178.0 546.0 194.0 -1 -1 -1 -1000 -1000 -1000 -10 0.0001842975616455078
Car -1 -1 -10 129.0 176.0 177.0 203.0 -1 -1 -1 -1000 -1000 -1000 -10 0.00016939640045166016
Car -1 -1 -10 1.0 179.0 33.0 209.0 -1 -1 -1 -1000 -1000 -1000 -10 0.00015997886657714844
Car -1 -1 -10 0.0 185.0 11.0 225.0 -1 -1 -1 -1000 -1000 -1000 -10 0.0001589059829711914
Car -1 -1 -10 532.0 177.0 553.0 198.0 -1 -1 -1 -1000 -1000 -1000 -10 0.00015628337860107422
Car -1 -1 -10 3.0 175.0 43.0 200.0 -1 -1 -1 -1000 -1000 -1000 -10 0.00014913082122802734
Car -1 -1 -10 1226.0 197.0 1242.0 268.0 -1 -1 -1 -1000 -1000 -1000 -10 0.00014710426330566406
Car -1 -1 -10 1050.0 192.0 1130.0 220.0 -1 -1 -1 -1000 -1000 -1000 -10 0.00014090538024902344
Cyclist -1 -1 -10 879.0 181.0 901.0 217.0 -1 -1 -1 -1000 -1000 -1000 -10 0.00013458728790283203
Car -1 -1 -10 1208.0 193.0 1242.0 371.0 -1 -1 -1 -1000 -1000 -1000 -10 0.00013244152069091797
Car -1 -1 -10 0.0 137.0 24.0 238.0 -1 -1 -1 -1000 -1000 -1000 -10 0.00012445449829101562
Car -1 -1 -10 77.0 193.0 184.0 228.0 -1 -1 -1 -1000 -1000 -1000 -10 0.00012153387069702148
Car -1 -1 -10 16.0 155.0 151.0 258.0 -1 -1 -1 -1000 -1000 -1000 -10 0.00012153387069702148
Cyclist -1 -1 -10 868.0 181.0 890.0 218.0 -1 -1 -1 -1000 -1000 -1000 -10 0.00011277198791503906
Car -1 -1 -10 1206.0 196.0 1242.0 238.0 -1 -1 -1 -1000 -1000 -1000 -10 0.00010943412780761719
Car -1 -1 -10 52.0 175.0 176.0 229.0 -1 -1 -1 -1000 -1000 -1000 -10 0.00010800361633300781
Car -1 -1 -10 15.0 133.0 197.0 279.0 -1 -1 -1 -1000 -1000 -1000 -10 0.00010776519775390625
Car -1 -1 -10 0.0 32.0 175.0 330.0 -1 -1 -1 -1000 -1000 -1000 -10 0.00010716915130615234
