Car -1 -1 -10 298.0 190.0 401.0 240.0 -1 -1 -1 -1000 -1000 -1000 -10 0.95849609375
Car -1 -1 -10 587.0 178.0 622.0 212.0 -1 -1 -1 -1000 -1000 -1000 -10 0.95166015625
Car -1 -1 -10 0.0 192.0 67.0 338.0 -1 -1 -1 -1000 -1000 -1000 -10 0.92724609375
Car -1 -1 -10 457.0 170.0 481.0 190.0 -1 -1 -1 -1000 -1000 -1000 -10 0.9052734375
Car -1 -1 -10 1.0 245.0 64.0 365.0 -1 -1 -1 -1000 -1000 -1000 -10 0.0027675628662109375
Car -1 -1 -10 695.0 318.0 841.0 367.0 -1 -1 -1 -1000 -1000 -1000 -10 0.0010929107666015625
Car -1 -1 -10 1.0 255.0 34.0 375.0 -1 -1 -1 -1000 -1000 -1000 -10 0.0007066726684570312
Car -1 -1 -10 0.0 190.0 84.0 341.0 -1 -1 -1 -1000 -1000 -1000 -10 0.000701904296875
Car -1 -1 -10 0.0 280.0 27.0 375.0 -1 -1 -1 -1000 -1000 -1000 -10 0.0005259513854980469
Car -1 -1 -10 0.0 192.0 36.0 303.0 -1 -1 -1 -1000 -1000 -1000 -10 0.0004982948303222656
Car -1 -1 -10 2.0 273.0 54.0 375.0 -1 -1 -1 -1000 -1000 -1000 -10 0.00046753883361816406
Car -1 -1 -10 260.0 163.0 442.0 288.0 -1 -1 -1 -1000 -1000 -1000 -10 0.0004296302795410156
Car -1 -1 -10 455.0 166.0 483.0 197.0 -1 -1 -1 -1000 -1000 -1000 -10 0.0003750324249267578
Car -1 -1 -10 0.0 235.0 43.0 356.0 -1 -1 -1 -1000 -1000 -1000 -10 0.00037360191345214844
Car -1 -1 -10 561.0 79.0 590.0 101.0 -1 -1 -1 -1000 -1000 -1000 -10 0.00036525726318359375
Car -1 -1 -10 0.0 183.0 21.0 267.0 -1 -1 -1 -1000 -1000 -1000 -10 0.00027298927307128906
Car -1 -1 -10 1.0 192.0 54.0 290.0 -1 -1 -1 -1000 -1000 -1000 -10 0.0002689361572265625
Car -1 -1 -10 321.0 192.0 370.0 231.0 -1 -1 -1 -1000 -1000 -1000 -10 0.00022721290588378906
Car -1 -1 -10 0.0 211.0 12.0 334.0 -1 -1 -1 -1000 -1000 -1000 -10 0.0002065896987915039
Car -1 -1 -10 0.0 267.0 14.0 359.0 -1 -1 -1 -1000 -1000 -1000 -10 0.00017380714416503906
Car -1 -1 -10 1233.0 165.0 1242.0 201.0 -1 -1 -1 -1000 -1000 -1000 -10 0.00016772747039794922
Car -1 -1 -10 515.0 176.0 530.0 189.0 -1 -1 -1 -1000 -1000 -1000 -10 0.00014972686767578125
Car -1 -1 -10 0.0 194.0 12.0 295.0 -1 -1 -1 -1000 -1000 -1000 -10 0.0001285076141357422
Car -1 -1 -10 659.0 323.0 856.0 375.0 -1 -1 -1 -1000 -1000 -1000 -10 0.0001264810562133789
Car -1 -1 -10 4.0 271.0 75.0 353.0 -1 -1 -1 -1000 -1000 -1000 -10 0.00011467933654785156
Car -1 -1 -10 1.0 283.0 40.0 342.0 -1 -1 -1 -1000 -1000 -1000 -10 0.00011372566223144531
Car -1 -1 -10 0.0 244.0 11.0 349.0 -1 -1 -1 -1000 -1000 -1000 -10 0.00011259317398071289
