Car -1 -1 -10 478.0 168.0 524.0 207.0 -1 -1 -1 -1000 -1000 -1000 -10 0.9482421875
Cyclist -1 -1 -10 318.0 169.0 436.0 334.0 -1 -1 -1 -1000 -1000 -1000 -10 0.94775390625
Cyclist -1 -1 -10 1.0 142.0 193.0 369.0 -1 -1 -1 -1000 -1000 -1000 -10 0.93798828125
Pedestrian -1 -1 -10 669.0 156.0 736.0 320.0 -1 -1 -1 -1000 -1000 -1000 -10 0.9375
Pedestrian -1 -1 -10 195.0 163.0 268.0 337.0 -1 -1 -1 -1000 -1000 -1000 -10 0.9345703125
Cyclist -1 -1 -10 408.0 165.0 467.0 273.0 -1 -1 -1 -1000 -1000 -1000 -10 0.92431640625
Pedestrian -1 -1 -10 616.0 165.0 668.0 324.0 -1 -1 -1 -1000 -1000 -1000 -10 0.919921875
Pedestrian -1 -1 -10 750.0 163.0 773.0 237.0 -1 -1 -1 -1000 -1000 -1000 -10 0.85107421875
Pedestrian -1 -1 -10 726.0 161.0 749.0 225.0 -1 -1 -1 -1000 -1000 -1000 -10 0.69091796875
Pedestrian -1 -1 -10 722.0 161.0 742.0 216.0 -1 -1 -1 -1000 -1000 -1000 -10 0.23779296875
Pedestrian -1 -1 -10 732.0 163.0 755.0 234.0 -1 -1 -1 -1000 -1000 -1000 -10 0.1705322265625
Pedestrian -1 -1 -10 735.0 164.0 753.0 216.0 -1 -1 -1 -1000 -1000 -1000 -10 0.02276611328125
Pedestrian -1 -1 -10 661.0 167.0 679.0 233.0 -1 -1 -1 -1000 -1000 -1000 -10 0.0084381103515625
Pedestrian -1 -1 -10 717.0 159.0 736.0 223.0 -1 -1 -1 -1000 -1000 -1000 -10 0.003734588623046875
Pedestrian -1 -1 -10 714.0 161.0 754.0 226.0 -1 -1 -1 -1000 -1000 -1000 -10 0.0021991729736328125
Pedestrian -1 -1 -10 749.0 163.0 769.0 219.0 -1 -1 -1 -1000 -1000 -1000 -10 0.0016269683837890625
Pedestrian -1 -1 -10 168.0 160.0 290.0 339.0 -1 -1 -1 -1000 -1000 -1000 -10 0.001522064208984375
Cyclist -1 -1 -10 374.0 162.0 488.0 284.0 -1 -1 -1 -1000 -1000 -1000 -10 0.0015001296997070312
Cyclist -1 -1 -10 1.0 172.0 84.0 371.0 -1 -1 -1 -1000 -1000 -1000 -10 0.0013875961303710938
Pedestrian -1 -1 -10 727.0 158.0 745.0 203.0 -1 -1 -1 -1000 -1000 -1000 -10 0.0012140274047851562
Pedestrian -1 -1 -10 755.0 164.0 773.0 217.0 -1 -1 -1 -1000 -1000 -1000 -10 0.0011663436889648438
Pedestrian -1 -1 -10 722.0 159.0 738.0 203.0 -1 -1 -1 -1000 -1000 -1000 -10 0.000934600830078125
Pedestrian -1 -1 -10 582.0 159.0 702.0 327.0 -1 -1 -1 -1000 -1000 -1000 -10 0.0008420944213867188
Pedestrian -1 -1 -10 334.0 171.0 398.0 270.0 -1 -1 -1 -1000 -1000 -1000 -10 0.0008177757263183594
Car -1 -1 -10 476.0 159.0 535.0 223.0 -1 -1 -1 -1000 -1000 -1000 -10 0.0007877349853515625
Pedestrian -1 -1 -10 654.0 155.0 767.0 321.0 -1 -1 -1 -1000 -1000 -1000 -10 0.0007185935974121094
Pedestrian -1 -1 -10 657.0 165.0 683.0 243.0 -1 -1 -1 -1000 -1000 -1000 -10 0.0004863739013671875
Pedestrian -1 -1 -10 732.0 162.0 774.0 237.0 -1 -1 -1 -1000 -1000 -1000 -10 0.0004723072052001953
Cyclist -1 -1 -10 335.0 169.0 413.0 304.0 -1 -1 -1 -1000 -1000 -1000 -10 0.00039839744567871094
Pedestrian -1 -1 -10 759.0 166.0 781.0 235.0 -1 -1 -1 -1000 -1000 -1000 -10 0.0003974437713623047
Pedestrian -1 -1 -10 740.0 165.0 761.0 242.0 -1 -1 -1 -1000 -1000 -1000 -10 0.00038123130798339844
Pedestrian -1 -1 -10 667.0 165.0 694.0 231.0 -1 -1 -1 -1000 -1000 -1000 -10 0.00033354759216308594
Pedestrian -1 -1 -10 682.0 163.0 712.0 236.0 -1 -1 -1 -1000 -1000 -1000 -10 0.0003142356872558594
Car -1 -1 -10 429.0 133.0 592.0 270.0 -1 -1 -1 -1000 -1000 -1000 -10 0.00029206275939941406
Pedestrian -1 -1 -10 644.0 169.0 670.0 239.0 -1 -1 -1 -1000 -1000 -1000 -10 0.0002567768096923828
Pedestrian -1 -1 -10 674.0 162.0 726.0 270.0 -1 -1 -1 -1000 -1000 -1000 -10 0.000209808349609375
Pedestrian -1 -1 -10 334.0 164.0 378.0 254.0 -1 -1 -1 -1000 -1000 -1000 -10 0.00019657611846923828
Pedestrian -1 -1 -10 666.0 168.0 685.0 245.0 -1 -1 -1 -1000 -1000 -1000 -10 0.00016999244689941406
Cyclist -1 -1 -10 341.0 173.0 404.0 263.0 -1 -1 -1 -1000 -1000 -1000 -10 0.00016760826110839844
Pedestrian -1 -1 -10 649.0 169.0 680.0 235.0 -1 -1 -1 -1000 -1000 -1000 -10 0.00015687942504882812
Car -1 -1 -10 462.0 155.0 521.0 215.0 -1 -1 -1 -1000 -1000 -1000 -10 0.0001423358917236328
Car -1 -1 -10 1216.0 197.0 1238.0 365.0 -1 -1 -1 -1000 -1000 -1000 -10 0.00013947486877441406
Pedestrian -1 -1 -10 0.0 181.0 28.0 369.0 -1 -1 -1 -1000 -1000 -1000 -10 0.00013375282287597656
Cyclist -1 -1 -10 412.0 183.0 461.0 250.0 -1 -1 -1 -1000 -1000 -1000 -10 0.0001323223114013672
Car -1 -1 -10 807.0 77.0 834.0 98.0 -1 -1 -1 -1000 -1000 -1000 -10 0.00012826919555664062
Pedestrian -1 -1 -10 678.0 167.0 700.0 234.0 -1 -1 -1 -1000 -1000 -1000 -10 0.00011861324310302734
Pedestrian -1 -1 -10 700.0 155.0 758.0 234.0 -1 -1 -1 -1000 -1000 -1000 -10 0.00011432170867919922
Pedestrian -1 -1 -10 632.0 171.0 675.0 314.0 -1 -1 -1 -1000 -1000 -1000 -10 0.00010383129119873047
