Car -1 -1 -10 714.0 139.0 901.0 289.0 -1 -1 -1 -1000 -1000 -1000 -10 0.96728515625
Car -1 -1 -10 528.0 173.0 570.0 207.0 -1 -1 -1 -1000 -1000 -1000 -10 0.95166015625
Car -1 -1 -10 656.0 173.0 709.0 214.0 -1 -1 -1 -1000 -1000 -1000 -10 0.91845703125
Car -1 -1 -10 678.0 174.0 772.0 244.0 -1 -1 -1 -1000 -1000 -1000 -10 0.9150390625
Car -1 -1 -10 670.0 175.0 733.0 224.0 -1 -1 -1 -1000 -1000 -1000 -10 0.890625
Car -1 -1 -10 643.0 174.0 676.0 199.0 -1 -1 -1 -1000 -1000 -1000 -10 0.70361328125
Car -1 -1 -10 681.0 175.0 754.0 227.0 -1 -1 -1 -1000 -1000 -1000 -10 0.006183624267578125
Car -1 -1 -10 648.0 171.0 688.0 205.0 -1 -1 -1 -1000 -1000 -1000 -10 0.0017423629760742188
Car -1 -1 -10 521.0 156.0 576.0 214.0 -1 -1 -1 -1000 -1000 -1000 -10 0.0007200241088867188
Car -1 -1 -10 665.0 160.0 792.0 259.0 -1 -1 -1 -1000 -1000 -1000 -10 0.0005903244018554688
Car -1 -1 -10 635.0 172.0 664.0 194.0 -1 -1 -1 -1000 -1000 -1000 -10 0.0004870891571044922
Car -1 -1 -10 618.0 135.0 775.0 240.0 -1 -1 -1 -1000 -1000 -1000 -10 0.0003802776336669922
Car -1 -1 -10 646.0 165.0 713.0 227.0 -1 -1 -1 -1000 -1000 -1000 -10 0.0003650188446044922
Car -1 -1 -10 439.0 136.0 616.0 268.0 -1 -1 -1 -1000 -1000 -1000 -10 0.0003018379211425781
Car -1 -1 -10 474.0 115.0 638.0 238.0 -1 -1 -1 -1000 -1000 -1000 -10 0.0002689361572265625
Car -1 -1 -10 201.0 25.0 234.0 49.0 -1 -1 -1 -1000 -1000 -1000 -10 0.00019860267639160156
Car -1 -1 -10 580.0 141.0 759.0 265.0 -1 -1 -1 -1000 -1000 -1000 -10 0.0001842975616455078
Car -1 -1 -10 1219.0 183.0 1242.0 375.0 -1 -1 -1 -1000 -1000 -1000 -10 0.0001385211944580078
Car -1 -1 -10 208.0 29.0 230.0 51.0 -1 -1 -1 -1000 -1000 -1000 -10 0.00012767314910888672
