Car -1 -1 -10 164.0 190.0 435.0 358.0 -1 -1 -1 -1000 -1000 -1000 -10 0.97705078125
Car -1 -1 -10 431.0 174.0 487.0 210.0 -1 -1 -1 -1000 -1000 -1000 -10 0.9541015625
Car -1 -1 -10 600.0 171.0 639.0 210.0 -1 -1 -1 -1000 -1000 -1000 -10 0.95068359375
Car -1 -1 -10 504.0 173.0 584.0 245.0 -1 -1 -1 -1000 -1000 -1000 -10 0.9482421875
Car -1 -1 -10 215.0 185.0 343.0 259.0 -1 -1 -1 -1000 -1000 -1000 -10 0.92431640625
Car -1 -1 -10 501.0 171.0 564.0 222.0 -1 -1 -1 -1000 -1000 -1000 -10 0.9140625
Car -1 -1 -10 574.0 174.0 614.0 206.0 -1 -1 -1 -1000 -1000 -1000 -10 0.7890625
Car -1 -1 -10 185.0 182.0 372.0 299.0 -1 -1 -1 -1000 -1000 -1000 -10 0.004383087158203125
Car -1 -1 -10 522.0 173.0 589.0 229.0 -1 -1 -1 -1000 -1000 -1000 -10 0.003093719482421875
Car -1 -1 -10 422.0 163.0 491.0 224.0 -1 -1 -1 -1000 -1000 -1000 -10 0.001163482666015625
Car -1 -1 -10 493.0 159.0 611.0 257.0 -1 -1 -1 -1000 -1000 -1000 -10 0.0005812644958496094
Car -1 -1 -10 553.0 165.0 611.0 229.0 -1 -1 -1 -1000 -1000 -1000 -10 0.0005211830139160156
Car -1 -1 -10 243.0 197.0 356.0 344.0 -1 -1 -1 -1000 -1000 -1000 -10 0.00041747093200683594
Car -1 -1 -10 598.0 161.0 662.0 227.0 -1 -1 -1 -1000 -1000 -1000 -10 0.0004112720489501953
Car -1 -1 -10 360.0 134.0 527.0 269.0 -1 -1 -1 -1000 -1000 -1000 -10 0.0004055500030517578
Car -1 -1 -10 390.0 118.0 545.0 239.0 -1 -1 -1 -1000 -1000 -1000 -10 0.0003731250762939453
Car -1 -1 -10 449.0 138.0 602.0 245.0 -1 -1 -1 -1000 -1000 -1000 -10 0.0003654956817626953
Car -1 -1 -10 565.0 156.0 625.0 216.0 -1 -1 -1 -1000 -1000 -1000 -10 0.00026726722717285156
Car -1 -1 -10 556.0 133.0 714.0 270.0 -1 -1 -1 -1000 -1000 -1000 -10 0.00021338462829589844
Car -1 -1 -10 0.0 169.0 17.0 275.0 -1 -1 -1 -1000 -1000 -1000 -10 0.0002090930938720703
Car -1 -1 -10 493.0 175.0 549.0 217.0 -1 -1 -1 -1000 -1000 -1000 -10 0.00017786026000976562
Car -1 -1 -10 555.0 306.0 725.0 365.0 -1 -1 -1 -1000 -1000 -1000 -10 0.00012814998626708984
Car -1 -1 -10 1212.0 178.0 1238.0 374.0 -1 -1 -1 -1000 -1000 -1000 -10 0.00010704994201660156
Car -1 -1 -10 0.0 184.0 20.0 335.0 -1 -1 -1 -1000 -1000 -1000 -10 0.0001024007797241211
