Car -1 -1 -10 573.0 175.0 753.0 345.0 -1 -1 -1 -1000 -1000 -1000 -10 0.9765625
Car -1 -1 -10 1058.0 166.0 1241.0 373.0 -1 -1 -1 -1000 -1000 -1000 -10 0.96435546875
Car -1 -1 -10 69.0 192.0 245.0 262.0 -1 -1 -1 -1000 -1000 -1000 -10 0.95947265625
Car -1 -1 -10 713.0 168.0 833.0 223.0 -1 -1 -1 -1000 -1000 -1000 -10 0.95556640625
Car -1 -1 -10 356.0 180.0 428.0 215.0 -1 -1 -1 -1000 -1000 -1000 -10 0.9501953125
Car -1 -1 -10 405.0 172.0 454.0 207.0 -1 -1 -1 -1000 -1000 -1000 -10 0.94580078125
Car -1 -1 -10 244.0 178.0 316.0 213.0 -1 -1 -1 -1000 -1000 -1000 -10 0.9384765625
Car -1 -1 -10 460.0 174.0 500.0 198.0 -1 -1 -1 -1000 -1000 -1000 -10 0.9326171875
Car -1 -1 -10 568.0 173.0 593.0 189.0 -1 -1 -1 -1000 -1000 -1000 -10 0.9130859375
Car -1 -1 -10 683.0 171.0 756.0 205.0 -1 -1 -1 -1000 -1000 -1000 -10 0.91259765625
Car -1 -1 -10 515.0 175.0 552.0 192.0 -1 -1 -1 -1000 -1000 -1000 -10 0.90087890625
Car -1 -1 -10 229.0 177.0 302.0 203.0 -1 -1 -1 -1000 -1000 -1000 -10 0.8603515625
Car -1 -1 -10 666.0 173.0 727.0 197.0 -1 -1 -1 -1000 -1000 -1000 -10 0.833984375
Car -1 -1 -10 0.0 182.0 18.0 296.0 -1 -1 -1 -1000 -1000 -1000 -10 0.498291015625
Car -1 -1 -10 531.0 174.0 560.0 190.0 -1 -1 -1 -1000 -1000 -1000 -10 0.1295166015625
Car -1 -1 -10 0.0 173.0 15.0 269.0 -1 -1 -1 -1000 -1000 -1000 -10 0.04962158203125
Car -1 -1 -10 661.0 174.0 710.0 196.0 -1 -1 -1 -1000 -1000 -1000 -10 0.00937652587890625
Car -1 -1 -10 0.0 216.0 17.0 280.0 -1 -1 -1 -1000 -1000 -1000 -10 0.00707244873046875
Car -1 -1 -10 1.0 188.0 31.0 284.0 -1 -1 -1 -1000 -1000 -1000 -10 0.005519866943359375
Car -1 -1 -10 0.0 158.0 22.0 268.0 -1 -1 -1 -1000 -1000 -1000 -10 0.0054168701171875
Car -1 -1 -10 605.0 174.0 628.0 188.0 -1 -1 -1 -1000 -1000 -1000 -10 0.005100250244140625
Car -1 -1 -10 0.0 201.0 23.0 337.0 -1 -1 -1 -1000 -1000 -1000 -10 0.004878997802734375
Car -1 -1 -10 598.0 175.0 617.0 188.0 -1 -1 -1 -1000 -1000 -1000 -10 0.00312042236328125
Car -1 -1 -10 612.0 173.0 636.0 186.0 -1 -1 -1 -1000 -1000 -1000 -10 0.00231170654296875
Car -1 -1 -10 650.0 176.0 698.0 195.0 -1 -1 -1 -1000 -1000 -1000 -10 0.0020542144775390625
Car -1 -1 -10 664.0 169.0 732.0 206.0 -1 -1 -1 -1000 -1000 -1000 -10 0.0019378662109375
Car -1 -1 -10 0.0 212.0 14.0 321.0 -1 -1 -1 -1000 -1000 -1000 -10 0.0016651153564453125
Car -1 -1 -10 0.0 196.0 19.0 261.0 -1 -1 -1 -1000 -1000 -1000 -10 0.0016469955444335938
Car -1 -1 -10 684.0 173.0 734.0 200.0 -1 -1 -1 -1000 -1000 -1000 -10 0.0014505386352539062
Car -1 -1 -10 748.0 170.0 794.0 216.0 -1 -1 -1 -1000 -1000 -1000 -10 0.00139617919921875
Car -1 -1 -10 497.0 177.0 534.0 192.0 -1 -1 -1 -1000 -1000 -1000 -10 0.001186370849609375
Car -1 -1 -10 415.0 170.0 457.0 200.0 -1 -1 -1 -1000 -1000 -1000 -10 0.0011243820190429688
Car -1 -1 -10 0.0 194.0 49.0 297.0 -1 -1 -1 -1000 -1000 -1000 -10 0.0010786056518554688
Car -1 -1 -10 239.0 164.0 328.0 230.0 -1 -1 -1 -1000 -1000 -1000 -10 0.0010280609130859375
Car -1 -1 -10 645.0 164.0 757.0 242.0 -1 -1 -1 -1000 -1000 -1000 -10 0.0009813308715820312
Car -1 -1 -10 675.0 162.0 763.0 228.0 -1 -1 -1 -1000 -1000 -1000 -10 0.0009274482727050781
Car -1 -1 -10 399.0 157.0 458.0 214.0 -1 -1 -1 -1000 -1000 -1000 -10 0.0008554458618164062
Car -1 -1 -10 238.0 178.0 289.0 199.0 -1 -1 -1 -1000 -1000 -1000 -10 0.00081634521484375
Car -1 -1 -10 1221.0 222.0 1242.0 372.0 -1 -1 -1 -1000 -1000 -1000 -10 0.0008058547973632812
Car -1 -1 -10 609.0 172.0 628.0 183.0 -1 -1 -1 -1000 -1000 -1000 -10 0.0007739067077636719
Car -1 -1 -10 347.0 168.0 432.0 227.0 -1 -1 -1 -1000 -1000 -1000 -10 0.0007572174072265625
Car -1 -1 -10 0.0 161.0 11.0 237.0 -1 -1 -1 -1000 -1000 -1000 -10 0.0007529258728027344
Car -1 -1 -10 0.0 225.0 30.0 375.0 -1 -1 -1 -1000 -1000 -1000 -10 0.0006461143493652344
Car -1 -1 -10 514.0 170.0 556.0 198.0 -1 -1 -1 -1000 -1000 -1000 -10 0.0006327629089355469
Car -1 -1 -10 554.0 173.0 575.0 189.0 -1 -1 -1 -1000 -1000 -1000 -10 0.0005741119384765625
Car -1 -1 -10 0.0 150.0 18.0 232.0 -1 -1 -1 -1000 -1000 -1000 -10 0.0005621910095214844
Car -1 -1 -10 629.0 135.0 811.0 276.0 -1 -1 -1 -1000 -1000 -1000 -10 0.0005478858947753906
Car -1 -1 -10 679.0 177.0 741.0 210.0 -1 -1 -1 -1000 -1000 -1000 -10 0.000537872314453125
Car -1 -1 -10 0.0 164.0 29.0 247.0 -1 -1 -1 -1000 -1000 -1000 -10 0.0005102157592773438
Car -1 -1 -10 0.0 239.0 14.0 366.0 -1 -1 -1 -1000 -1000 -1000 -10 0.000507354736328125
Car -1 -1 -10 672.0 134.0 866.0 267.0 -1 -1 -1 -1000 -1000 -1000 -10 0.00040531158447265625
Car -1 -1 -10 179.0 129.0 360.0 277.0 -1 -1 -1 -1000 -1000 -1000 -10 0.0003895759582519531
Car -1 -1 -10 0.0 179.0 20.0 237.0 -1 -1 -1 -1000 -1000 -1000 -10 0.00037097930908203125
Car -1 -1 -10 306.0 125.0 478.0 242.0 -1 -1 -1 -1000 -1000 -1000 -10 0.0002772808074951172
Car -1 -1 -10 566.0 170.0 595.0 201.0 -1 -1 -1 -1000 -1000 -1000 -10 0.0002758502960205078
Car -1 -1 -10 0.0 181.0 57.0 253.0 -1 -1 -1 -1000 -1000 -1000 -10 0.00026988983154296875
Car -1 -1 -10 617.0 175.0 641.0 191.0 -1 -1 -1 -1000 -1000 -1000 -10 0.0002689361572265625
Car -1 -1 -10 596.0 177.0 616.0 193.0 -1 -1 -1 -1000 -1000 -1000 -10 0.0002551078796386719
Car -1 -1 -10 607.0 173.0 638.0 191.0 -1 -1 -1 -1000 -1000 -1000 -10 0.00024771690368652344
Car -1 -1 -10 0.0 204.0 39.0 345.0 -1 -1 -1 -1000 -1000 -1000 -10 0.0002434253692626953
Car -1 -1 -10 1202.0 187.0 1242.0 372.0 -1 -1 -1 -1000 -1000 -1000 -10 0.00024056434631347656
Car -1 -1 -10 343.0 116.0 516.0 238.0 -1 -1 -1 -1000 -1000 -1000 -10 0.00023043155670166016
Car -1 -1 -10 218.0 176.0 287.0 199.0 -1 -1 -1 -1000 -1000 -1000 -10 0.00022780895233154297
Car -1 -1 -10 604.0 177.0 626.0 194.0 -1 -1 -1 -1000 -1000 -1000 -10 0.00022554397583007812
Car -1 -1 -10 597.0 171.0 615.0 184.0 -1 -1 -1 -1000 -1000 -1000 -10 0.00021457672119140625
Car -1 -1 -10 256.0 178.0 307.0 208.0 -1 -1 -1 -1000 -1000 -1000 -10 0.00021409988403320312
Car -1 -1 -10 341.0 178.0 406.0 208.0 -1 -1 -1 -1000 -1000 -1000 -10 0.00020432472229003906
Car -1 -1 -10 572.0 166.0 598.0 184.0 -1 -1 -1 -1000 -1000 -1000 -10 0.000186920166015625
Car -1 -1 -10 647.0 171.0 681.0 189.0 -1 -1 -1 -1000 -1000 -1000 -10 0.00018012523651123047
Car -1 -1 -10 0.0 236.0 13.0 297.0 -1 -1 -1 -1000 -1000 -1000 -10 0.00017714500427246094
Car -1 -1 -10 614.0 178.0 636.0 195.0 -1 -1 -1 -1000 -1000 -1000 -10 0.00017535686492919922
Car -1 -1 -10 840.0 329.0 1087.0 375.0 -1 -1 -1 -1000 -1000 -1000 -10 0.0001723766326904297
Car -1 -1 -10 590.0 174.0 608.0 188.0 -1 -1 -1 -1000 -1000 -1000 -10 0.0001614093780517578
Car -1 -1 -10 588.0 179.0 607.0 194.0 -1 -1 -1 -1000 -1000 -1000 -10 0.00015819072723388672
Car -1 -1 -10 641.0 173.0 686.0 194.0 -1 -1 -1 -1000 -1000 -1000 -10 0.00015676021575927734
Cyclist -1 -1 -10 0.0 160.0 11.0 218.0 -1 -1 -1 -1000 -1000 -1000 -10 0.00015544891357421875
Car -1 -1 -10 426.0 0.0 485.0 35.0 -1 -1 -1 -1000 -1000 -1000 -10 0.00014340877532958984
Car -1 -1 -10 675.0 170.0 738.0 195.0 -1 -1 -1 -1000 -1000 -1000 -10 0.00013494491577148438
Car -1 -1 -10 225.0 170.0 304.0 194.0 -1 -1 -1 -1000 -1000 -1000 -10 0.00012814998626708984
Car -1 -1 -10 701.0 175.0 765.0 213.0 -1 -1 -1 -1000 -1000 -1000 -10 0.00012731552124023438
Car -1 -1 -10 560.0 166.0 585.0 184.0 -1 -1 -1 -1000 -1000 -1000 -10 0.0001176595687866211
Car -1 -1 -10 1223.0 170.0 1242.0 260.0 -1 -1 -1 -1000 -1000 -1000 -10 0.00010961294174194336
Car -1 -1 -10 0.0 248.0 24.0 360.0 -1 -1 -1 -1000 -1000 -1000 -10 0.00010955333709716797
Car -1 -1 -10 662.0 179.0 717.0 208.0 -1 -1 -1 -1000 -1000 -1000 -10 0.00010418891906738281
Car -1 -1 -10 613.0 119.0 792.0 240.0 -1 -1 -1 -1000 -1000 -1000 -10 0.00010383129119873047
