Car -1 -1 -10 556.0 180.0 607.0 223.0 -1 -1 -1 -1000 -1000 -1000 -10 0.95068359375
Car -1 -1 -10 456.0 177.0 491.0 207.0 -1 -1 -1 -1000 -1000 -1000 -10 0.9384765625
Car -1 -1 -10 1194.0 149.0 1242.0 287.0 -1 -1 -1 -1000 -1000 -1000 -10 0.004764556884765625
Car -1 -1 -10 1210.0 145.0 1242.0 271.0 -1 -1 -1 -1000 -1000 -1000 -10 0.0025119781494140625
Car -1 -1 -10 552.0 176.0 597.0 216.0 -1 -1 -1 -1000 -1000 -1000 -10 0.0012235641479492188
Car -1 -1 -10 1179.0 178.0 1242.0 302.0 -1 -1 -1 -1000 -1000 -1000 -10 0.0006437301635742188
Car -1 -1 -10 554.0 170.0 617.0 235.0 -1 -1 -1 -1000 -1000 -1000 -10 0.000640869140625
Car -1 -1 -10 1183.0 118.0 1242.0 272.0 -1 -1 -1 -1000 -1000 -1000 -10 0.0006127357482910156
Car -1 -1 -10 1177.0 159.0 1239.0 255.0 -1 -1 -1 -1000 -1000 -1000 -10 0.0004949569702148438
Car -1 -1 -10 1218.0 188.0 1242.0 318.0 -1 -1 -1 -1000 -1000 -1000 -10 0.000484466552734375
Car -1 -1 -10 1221.0 160.0 1242.0 268.0 -1 -1 -1 -1000 -1000 -1000 -10 0.0003750324249267578
Car -1 -1 -10 464.0 173.0 494.0 201.0 -1 -1 -1 -1000 -1000 -1000 -10 0.0003509521484375
Car -1 -1 -10 483.0 136.0 650.0 273.0 -1 -1 -1 -1000 -1000 -1000 -10 0.0003082752227783203
Car -1 -1 -10 1203.0 185.0 1242.0 321.0 -1 -1 -1 -1000 -1000 -1000 -10 0.0002808570861816406
Car -1 -1 -10 1160.0 151.0 1242.0 294.0 -1 -1 -1 -1000 -1000 -1000 -10 0.0002803802490234375
Car -1 -1 -10 520.0 135.0 667.0 249.0 -1 -1 -1 -1000 -1000 -1000 -10 0.00024175643920898438
Car -1 -1 -10 0.0 195.0 9.0 220.0 -1 -1 -1 -1000 -1000 -1000 -10 0.00022399425506591797
Pedestrian -1 -1 -10 379.0 0.0 430.0 51.0 -1 -1 -1 -1000 -1000 -1000 -10 0.0002155303955078125
Car -1 -1 -10 546.0 179.0 576.0 208.0 -1 -1 -1 -1000 -1000 -1000 -10 0.00018143653869628906
Car -1 -1 -10 549.0 174.0 582.0 205.0 -1 -1 -1 -1000 -1000 -1000 -10 0.0001672506332397461
Car -1 -1 -10 1221.0 218.0 1242.0 375.0 -1 -1 -1 -1000 -1000 -1000 -10 0.00013816356658935547
Car -1 -1 -10 0.0 189.0 9.0 251.0 -1 -1 -1 -1000 -1000 -1000 -10 0.00012791156768798828
Pedestrian -1 -1 -10 818.0 0.0 841.0 1.0 -1 -1 -1 -1000 -1000 -1000 -10 0.00010263919830322266
