Car -1 -1 -10 0.0 196.0 132.0 249.0 -1 -1 -1 -1000 -1000 -1000 -10 0.95263671875
Cyclist -1 -1 -10 314.0 180.0 335.0 207.0 -1 -1 -1 -1000 -1000 -1000 -10 0.888671875
Car -1 -1 -10 338.0 186.0 384.0 210.0 -1 -1 -1 -1000 -1000 -1000 -10 0.77978515625
Car -1 -1 -10 341.0 172.0 385.0 201.0 -1 -1 -1 -1000 -1000 -1000 -10 0.76806640625
Car -1 -1 -10 355.0 176.0 394.0 199.0 -1 -1 -1 -1000 -1000 -1000 -10 0.028533935546875
Car -1 -1 -10 335.0 177.0 387.0 207.0 -1 -1 -1 -1000 -1000 -1000 -10 0.021820068359375
Car -1 -1 -10 0.0 202.0 24.0 256.0 -1 -1 -1 -1000 -1000 -1000 -10 0.00724029541015625
Cyclist -1 -1 -10 338.0 181.0 369.0 205.0 -1 -1 -1 -1000 -1000 -1000 -10 0.004901885986328125
Cyclist -1 -1 -10 315.0 175.0 343.0 211.0 -1 -1 -1 -1000 -1000 -1000 -10 0.004314422607421875
Car -1 -1 -10 339.0 181.0 369.0 205.0 -1 -1 -1 -1000 -1000 -1000 -10 0.00414276123046875
Car -1 -1 -10 0.0 199.0 16.0 248.0 -1 -1 -1 -1000 -1000 -1000 -10 0.0027675628662109375
Car -1 -1 -10 0.0 210.0 33.0 264.0 -1 -1 -1 -1000 -1000 -1000 -10 0.001766204833984375
Car -1 -1 -10 0.0 199.0 36.0 246.0 -1 -1 -1 -1000 -1000 -1000 -10 0.0012149810791015625
Car -1 -1 -10 0.0 210.0 22.0 285.0 -1 -1 -1 -1000 -1000 -1000 -10 0.0009870529174804688
Car -1 -1 -10 0.0 211.0 18.0 265.0 -1 -1 -1 -1000 -1000 -1000 -10 0.0007910728454589844
Car -1 -1 -10 0.0 196.0 23.0 236.0 -1 -1 -1 -1000 -1000 -1000 -10 0.0007452964782714844
Car -1 -1 -10 44.0 198.0 89.0 242.0 -1 -1 -1 -1000 -1000 -1000 -10 0.0005006790161132812
Car -1 -1 -10 1.0 206.0 56.0 253.0 -1 -1 -1 -1000 -1000 -1000 -10 0.0004715919494628906
Car -1 -1 -10 0.0 168.0 159.0 296.0 -1 -1 -1 -1000 -1000 -1000 -10 0.0004391670227050781
Car -1 -1 -10 366.0 178.0 398.0 200.0 -1 -1 -1 -1000 -1000 -1000 -10 0.00043582916259765625
Car -1 -1 -10 0.0 188.0 10.0 228.0 -1 -1 -1 -1000 -1000 -1000 -10 0.0003726482391357422
Cyclist -1 -1 -10 336.0 168.0 384.0 206.0 -1 -1 -1 -1000 -1000 -1000 -10 0.00036907196044921875
Car -1 -1 -10 411.0 177.0 437.0 195.0 -1 -1 -1 -1000 -1000 -1000 -10 0.00020396709442138672
Cyclist -1 -1 -10 309.0 182.0 331.0 209.0 -1 -1 -1 -1000 -1000 -1000 -10 0.0001850128173828125
Car -1 -1 -10 0.0 177.0 25.0 246.0 -1 -1 -1 -1000 -1000 -1000 -10 0.00018453598022460938
Car -1 -1 -10 0.0 217.0 21.0 339.0 -1 -1 -1 -1000 -1000 -1000 -10 0.00017690658569335938
Car -1 -1 -10 0.0 215.0 30.0 302.0 -1 -1 -1 -1000 -1000 -1000 -10 0.0001461505889892578
Car -1 -1 -10 339.0 192.0 383.0 214.0 -1 -1 -1 -1000 -1000 -1000 -10 0.00013136863708496094
Car -1 -1 -10 0.0 217.0 16.0 302.0 -1 -1 -1 -1000 -1000 -1000 -10 0.00012576580047607422
Car -1 -1 -10 1.0 219.0 44.0 277.0 -1 -1 -1 -1000 -1000 -1000 -10 0.0001189112663269043
Car -1 -1 -10 327.0 155.0 395.0 217.0 -1 -1 -1 -1000 -1000 -1000 -10 0.00010228157043457031
