Car -1 -1 -10 723.0 191.0 903.0 306.0 -1 -1 -1 -1000 -1000 -1000 -10 0.9638671875
Car -1 -1 -10 656.0 183.0 739.0 240.0 -1 -1 -1 -1000 -1000 -1000 -10 0.9619140625
Car -1 -1 -10 0.0 192.0 201.0 372.0 -1 -1 -1 -1000 -1000 -1000 -10 0.9609375
Car -1 -1 -10 155.0 187.0 382.0 271.0 -1 -1 -1 -1000 -1000 -1000 -10 0.94140625
Car -1 -1 -10 647.0 182.0 694.0 215.0 -1 -1 -1 -1000 -1000 -1000 -10 0.91552734375
Car -1 -1 -10 631.0 175.0 660.0 200.0 -1 -1 -1 -1000 -1000 -1000 -10 0.9150390625
Car -1 -1 -10 398.0 174.0 485.0 217.0 -1 -1 -1 -1000 -1000 -1000 -10 0.9140625
Car -1 -1 -10 269.0 178.0 429.0 246.0 -1 -1 -1 -1000 -1000 -1000 -10 0.90576171875
Car -1 -1 -10 0.0 189.0 290.0 318.0 -1 -1 -1 -1000 -1000 -1000 -10 0.90283203125
Car -1 -1 -10 366.0 184.0 491.0 229.0 -1 -1 -1 -1000 -1000 -1000 -10 0.88134765625
Car -1 -1 -10 223.0 184.0 397.0 257.0 -1 -1 -1 -1000 -1000 -1000 -10 0.74658203125
Car -1 -1 -10 50.0 192.0 332.0 293.0 -1 -1 -1 -1000 -1000 -1000 -10 0.170166015625
Car -1 -1 -10 0.0 191.0 32.0 371.0 -1 -1 -1 -1000 -1000 -1000 -10 0.01995849609375
Car -1 -1 -10 0.0 171.0 46.0 365.0 -1 -1 -1 -1000 -1000 -1000 -10 0.003337860107421875
Car -1 -1 -10 417.0 181.0 465.0 215.0 -1 -1 -1 -1000 -1000 -1000 -10 0.0025234222412109375
Car -1 -1 -10 407.0 185.0 455.0 219.0 -1 -1 -1 -1000 -1000 -1000 -10 0.0012760162353515625
Car -1 -1 -10 391.0 183.0 472.0 225.0 -1 -1 -1 -1000 -1000 -1000 -10 0.0012226104736328125
Car -1 -1 -10 478.0 178.0 533.0 206.0 -1 -1 -1 -1000 -1000 -1000 -10 0.0007996559143066406
Car -1 -1 -10 259.0 164.0 436.0 266.0 -1 -1 -1 -1000 -1000 -1000 -10 0.0007562637329101562
Car -1 -1 -10 202.0 189.0 347.0 262.0 -1 -1 -1 -1000 -1000 -1000 -10 0.0006546974182128906
Car -1 -1 -10 383.0 165.0 507.0 233.0 -1 -1 -1 -1000 -1000 -1000 -10 0.0006451606750488281
Car -1 -1 -10 0.0 223.0 19.0 366.0 -1 -1 -1 -1000 -1000 -1000 -10 0.0004906654357910156
Car -1 -1 -10 1219.0 193.0 1242.0 373.0 -1 -1 -1 -1000 -1000 -1000 -10 0.00041866302490234375
Car -1 -1 -10 345.0 133.0 518.0 252.0 -1 -1 -1 -1000 -1000 -1000 -10 0.0004143714904785156
Car -1 -1 -10 449.0 184.0 517.0 210.0 -1 -1 -1 -1000 -1000 -1000 -10 0.0003981590270996094
Car -1 -1 -10 465.0 181.0 523.0 207.0 -1 -1 -1 -1000 -1000 -1000 -10 0.00038170814514160156
Car -1 -1 -10 107.0 199.0 242.0 283.0 -1 -1 -1 -1000 -1000 -1000 -10 0.00034737586975097656
Car -1 -1 -10 1223.0 161.0 1242.0 274.0 -1 -1 -1 -1000 -1000 -1000 -10 0.0003418922424316406
Car -1 -1 -10 321.0 153.0 496.0 269.0 -1 -1 -1 -1000 -1000 -1000 -10 0.0003345012664794922
Car -1 -1 -10 628.0 147.0 790.0 275.0 -1 -1 -1 -1000 -1000 -1000 -10 0.0002224445343017578
Car -1 -1 -10 6.0 191.0 187.0 303.0 -1 -1 -1 -1000 -1000 -1000 -10 0.0002199411392211914
Car -1 -1 -10 1228.0 166.0 1242.0 258.0 -1 -1 -1 -1000 -1000 -1000 -10 0.0002168416976928711
Car -1 -1 -10 635.0 168.0 700.0 230.0 -1 -1 -1 -1000 -1000 -1000 -10 0.00021600723266601562
Car -1 -1 -10 78.0 195.0 200.0 299.0 -1 -1 -1 -1000 -1000 -1000 -10 0.00020444393157958984
Car -1 -1 -10 673.0 186.0 724.0 235.0 -1 -1 -1 -1000 -1000 -1000 -10 0.0001590251922607422
Car -1 -1 -10 0.0 223.0 60.0 375.0 -1 -1 -1 -1000 -1000 -1000 -10 0.00015306472778320312
Car -1 -1 -10 563.0 136.0 751.0 273.0 -1 -1 -1 -1000 -1000 -1000 -10 0.00015282630920410156
Car -1 -1 -10 1217.0 158.0 1242.0 319.0 -1 -1 -1 -1000 -1000 -1000 -10 0.00013518333435058594
Car -1 -1 -10 1206.0 184.0 1242.0 375.0 -1 -1 -1 -1000 -1000 -1000 -10 0.00012362003326416016
Car -1 -1 -10 1185.0 158.0 1239.0 238.0 -1 -1 -1 -1000 -1000 -1000 -10 0.00011843442916870117
Car -1 -1 -10 965.0 121.0 1012.0 151.0 -1 -1 -1 -1000 -1000 -1000 -10 0.00011831521987915039
Car -1 -1 -10 1216.0 166.0 1242.0 255.0 -1 -1 -1 -1000 -1000 -1000 -10 0.00010788440704345703
Car -1 -1 -10 1210.0 158.0 1242.0 226.0 -1 -1 -1 -1000 -1000 -1000 -10 0.0001017451286315918
