Car -1 -1 -10 3.0 203.0 385.0 373.0 -1 -1 -1 -1000 -1000 -1000 -10 0.97119140625
Car -1 -1 -10 447.0 179.0 530.0 233.0 -1 -1 -1 -1000 -1000 -1000 -10 0.966796875
Car -1 -1 -10 643.0 170.0 708.0 233.0 -1 -1 -1 -1000 -1000 -1000 -10 0.9560546875
Car -1 -1 -10 594.0 164.0 619.0 183.0 -1 -1 -1 -1000 -1000 -1000 -10 0.1778564453125
Car -1 -1 -10 602.0 150.0 728.0 258.0 -1 -1 -1 -1000 -1000 -1000 -10 0.00077056884765625
Car -1 -1 -10 0.0 200.0 28.0 367.0 -1 -1 -1 -1000 -1000 -1000 -10 0.0005435943603515625
Car -1 -1 -10 0.0 214.0 44.0 375.0 -1 -1 -1 -1000 -1000 -1000 -10 0.0003719329833984375
Car -1 -1 -10 703.0 89.0 721.0 104.0 -1 -1 -1 -1000 -1000 -1000 -10 0.00027632713317871094
Car -1 -1 -10 592.0 0.0 636.0 13.0 -1 -1 -1 -1000 -1000 -1000 -10 0.0002498626708984375
Car -1 -1 -10 417.0 137.0 583.0 277.0 -1 -1 -1 -1000 -1000 -1000 -10 0.00022923946380615234
Car -1 -1 -10 706.0 90.0 717.0 104.0 -1 -1 -1 -1000 -1000 -1000 -10 0.00022125244140625
Car -1 -1 -10 582.0 0.0 626.0 3.0 -1 -1 -1 -1000 -1000 -1000 -10 0.00017595291137695312
Car -1 -1 -10 570.0 0.0 616.0 0.0 -1 -1 -1 -1000 -1000 -1000 -10 0.00014901161193847656
Car -1 -1 -10 1035.0 345.0 1242.0 375.0 -1 -1 -1 -1000 -1000 -1000 -10 0.0001442432403564453
Pedestrian -1 -1 -10 536.0 0.0 567.0 0.0 -1 -1 -1 -1000 -1000 -1000 -10 0.00014400482177734375
Car -1 -1 -10 1117.0 348.0 1242.0 375.0 -1 -1 -1 -1000 -1000 -1000 -10 0.00014269351959228516
Car -1 -1 -10 580.0 160.0 614.0 183.0 -1 -1 -1 -1000 -1000 -1000 -10 0.0001417398452758789
Car -1 -1 -10 531.0 0.0 584.0 1.0 -1 -1 -1 -1000 -1000 -1000 -10 0.00011920928955078125
Pedestrian -1 -1 -10 523.0 0.0 577.0 1.0 -1 -1 -1 -1000 -1000 -1000 -10 0.00010138750076293945
