Car -1 -1 -10 729.0 171.0 773.0 210.0 -1 -1 -1 -1000 -1000 -1000 -10 0.95068359375
Car -1 -1 -10 725.0 175.0 746.0 192.0 -1 -1 -1 -1000 -1000 -1000 -10 0.81298828125
Car -1 -1 -10 725.0 174.0 750.0 197.0 -1 -1 -1 -1000 -1000 -1000 -10 0.2156982421875
Car -1 -1 -10 706.0 175.0 722.0 186.0 -1 -1 -1 -1000 -1000 -1000 -10 0.1083984375
Car -1 -1 -10 740.0 170.0 774.0 199.0 -1 -1 -1 -1000 -1000 -1000 -10 0.0875244140625
Car -1 -1 -10 748.0 172.0 770.0 192.0 -1 -1 -1 -1000 -1000 -1000 -10 0.0178680419921875
Car -1 -1 -10 705.0 178.0 717.0 190.0 -1 -1 -1 -1000 -1000 -1000 -10 0.0011196136474609375
Car -1 -1 -10 720.0 162.0 778.0 221.0 -1 -1 -1 -1000 -1000 -1000 -10 0.0010595321655273438
Car -1 -1 -10 739.0 172.0 762.0 192.0 -1 -1 -1 -1000 -1000 -1000 -10 0.001049041748046875
Car -1 -1 -10 759.0 177.0 776.0 197.0 -1 -1 -1 -1000 -1000 -1000 -10 0.000827789306640625
Car -1 -1 -10 714.0 174.0 740.0 193.0 -1 -1 -1 -1000 -1000 -1000 -10 0.0006842613220214844
Car -1 -1 -10 710.0 177.0 725.0 190.0 -1 -1 -1 -1000 -1000 -1000 -10 0.0005736351013183594
Car -1 -1 -10 699.0 177.0 713.0 189.0 -1 -1 -1 -1000 -1000 -1000 -10 0.0003829002380371094
Car -1 -1 -10 649.0 136.0 817.0 264.0 -1 -1 -1 -1000 -1000 -1000 -10 0.0003483295440673828
Car -1 -1 -10 757.0 173.0 774.0 189.0 -1 -1 -1 -1000 -1000 -1000 -10 0.00034332275390625
Car -1 -1 -10 683.0 118.0 840.0 238.0 -1 -1 -1 -1000 -1000 -1000 -10 0.0003101825714111328
Car -1 -1 -10 784.0 177.0 801.0 189.0 -1 -1 -1 -1000 -1000 -1000 -10 0.000301361083984375
Car -1 -1 -10 771.0 177.0 787.0 191.0 -1 -1 -1 -1000 -1000 -1000 -10 0.0002467632293701172
Car -1 -1 -10 730.0 165.0 753.0 185.0 -1 -1 -1 -1000 -1000 -1000 -10 0.00013828277587890625
Car -1 -1 -10 0.0 199.0 20.0 374.0 -1 -1 -1 -1000 -1000 -1000 -10 0.00013136863708496094
Car -1 -1 -10 781.0 180.0 798.0 195.0 -1 -1 -1 -1000 -1000 -1000 -10 0.0001157522201538086
