Car -1 -1 -10 544.0 167.0 568.0 186.0 -1 -1 -1 -1000 -1000 -1000 -10 0.91552734375
Car -1 -1 -10 574.0 169.0 601.0 190.0 -1 -1 -1 -1000 -1000 -1000 -10 0.90576171875
Car -1 -1 -10 593.0 159.0 607.0 178.0 -1 -1 -1 -1000 -1000 -1000 -10 0.288818359375
Car -1 -1 -10 587.0 161.0 605.0 182.0 -1 -1 -1 -1000 -1000 -1000 -10 0.04193115234375
Car -1 -1 -10 543.0 165.0 563.0 183.0 -1 -1 -1 -1000 -1000 -1000 -10 0.002620697021484375
Car -1 -1 -10 579.0 161.0 595.0 180.0 -1 -1 -1 -1000 -1000 -1000 -10 0.0017385482788085938
Car -1 -1 -10 551.0 163.0 577.0 183.0 -1 -1 -1 -1000 -1000 -1000 -10 0.0015878677368164062
Car -1 -1 -10 543.0 160.0 569.0 191.0 -1 -1 -1 -1000 -1000 -1000 -10 0.0008721351623535156
Car -1 -1 -10 573.0 165.0 603.0 198.0 -1 -1 -1 -1000 -1000 -1000 -10 0.0004048347473144531
Car -1 -1 -10 596.0 166.0 608.0 182.0 -1 -1 -1 -1000 -1000 -1000 -10 0.00038313865661621094
Pedestrian -1 -1 -10 300.0 0.0 348.0 41.0 -1 -1 -1 -1000 -1000 -1000 -10 0.00022482872009277344
Car -1 -1 -10 0.0 165.0 11.0 241.0 -1 -1 -1 -1000 -1000 -1000 -10 0.00021779537200927734
Car -1 -1 -10 620.0 338.0 752.0 367.0 -1 -1 -1 -1000 -1000 -1000 -10 0.00021386146545410156
Car -1 -1 -10 0.0 167.0 17.0 269.0 -1 -1 -1 -1000 -1000 -1000 -10 0.00020885467529296875
Car -1 -1 -10 0.0 199.0 26.0 365.0 -1 -1 -1 -1000 -1000 -1000 -10 0.00019752979278564453
Car -1 -1 -10 0.0 173.0 20.0 313.0 -1 -1 -1 -1000 -1000 -1000 -10 0.0001804828643798828
Car -1 -1 -10 541.0 159.0 558.0 177.0 -1 -1 -1 -1000 -1000 -1000 -10 0.00017642974853515625
Car -1 -1 -10 530.0 165.0 557.0 184.0 -1 -1 -1 -1000 -1000 -1000 -10 0.0001283884048461914
Car -1 -1 -10 1221.0 191.0 1242.0 331.0 -1 -1 -1 -1000 -1000 -1000 -10 0.00012087821960449219
Car -1 -1 -10 0.0 194.0 42.0 372.0 -1 -1 -1 -1000 -1000 -1000 -10 0.00010401010513305664
