Car -1 -1 -10 576.0 174.0 742.0 329.0 -1 -1 -1 -1000 -1000 -1000 -10 0.97509765625
Car -1 -1 -10 87.0 191.0 256.0 258.0 -1 -1 -1 -1000 -1000 -1000 -10 0.96044921875
Car -1 -1 -10 710.0 167.0 827.0 220.0 -1 -1 -1 -1000 -1000 -1000 -10 0.958984375
Car -1 -1 -10 1002.0 167.0 1240.0 372.0 -1 -1 -1 -1000 -1000 -1000 -10 0.95849609375
Car -1 -1 -10 363.0 179.0 431.0 213.0 -1 -1 -1 -1000 -1000 -1000 -10 0.95849609375
Car -1 -1 -10 248.0 176.0 323.0 211.0 -1 -1 -1 -1000 -1000 -1000 -10 0.94287109375
Car -1 -1 -10 406.0 171.0 456.0 206.0 -1 -1 -1 -1000 -1000 -1000 -10 0.94287109375
Car -1 -1 -10 461.0 173.0 503.0 197.0 -1 -1 -1 -1000 -1000 -1000 -10 0.93994140625
Car -1 -1 -10 683.0 170.0 754.0 204.0 -1 -1 -1 -1000 -1000 -1000 -10 0.9140625
Car -1 -1 -10 0.0 188.0 47.0 299.0 -1 -1 -1 -1000 -1000 -1000 -10 0.90625
Car -1 -1 -10 581.0 171.0 603.0 187.0 -1 -1 -1 -1000 -1000 -1000 -10 0.89892578125
Car -1 -1 -10 515.0 174.0 552.0 191.0 -1 -1 -1 -1000 -1000 -1000 -10 0.8837890625
Car -1 -1 -10 666.0 172.0 728.0 196.0 -1 -1 -1 -1000 -1000 -1000 -10 0.86474609375
Car -1 -1 -10 234.0 175.0 310.0 201.0 -1 -1 -1 -1000 -1000 -1000 -10 0.8193359375
Car -1 -1 -10 535.0 174.0 561.0 189.0 -1 -1 -1 -1000 -1000 -1000 -10 0.264404296875
Car -1 -1 -10 658.0 174.0 715.0 194.0 -1 -1 -1 -1000 -1000 -1000 -10 0.039520263671875
Car -1 -1 -10 525.0 175.0 556.0 190.0 -1 -1 -1 -1000 -1000 -1000 -10 0.004535675048828125
Car -1 -1 -10 1216.0 204.0 1242.0 367.0 -1 -1 -1 -1000 -1000 -1000 -10 0.0039520263671875
Car -1 -1 -10 542.0 175.0 562.0 191.0 -1 -1 -1 -1000 -1000 -1000 -10 0.003910064697265625
Car -1 -1 -10 546.0 172.0 564.0 188.0 -1 -1 -1 -1000 -1000 -1000 -10 0.002841949462890625
Car -1 -1 -10 1195.0 221.0 1242.0 371.0 -1 -1 -1 -1000 -1000 -1000 -10 0.002777099609375
Car -1 -1 -10 349.0 177.0 413.0 208.0 -1 -1 -1 -1000 -1000 -1000 -10 0.0023040771484375
Car -1 -1 -10 246.0 176.0 297.0 198.0 -1 -1 -1 -1000 -1000 -1000 -10 0.00225067138671875
Car -1 -1 -10 0.0 215.0 45.0 322.0 -1 -1 -1 -1000 -1000 -1000 -10 0.002227783203125
Car -1 -1 -10 602.0 174.0 623.0 188.0 -1 -1 -1 -1000 -1000 -1000 -10 0.00211334228515625
Car -1 -1 -10 665.0 169.0 736.0 205.0 -1 -1 -1 -1000 -1000 -1000 -10 0.001911163330078125
Car -1 -1 -10 0.0 207.0 45.0 273.0 -1 -1 -1 -1000 -1000 -1000 -10 0.0015325546264648438
Car -1 -1 -10 489.0 176.0 528.0 192.0 -1 -1 -1 -1000 -1000 -1000 -10 0.0011425018310546875
Car -1 -1 -10 244.0 164.0 332.0 228.0 -1 -1 -1 -1000 -1000 -1000 -10 0.0011358261108398438
Car -1 -1 -10 676.0 154.0 761.0 216.0 -1 -1 -1 -1000 -1000 -1000 -10 0.0011205673217773438
Car -1 -1 -10 621.0 169.0 745.0 264.0 -1 -1 -1 -1000 -1000 -1000 -10 0.0010833740234375
Car -1 -1 -10 747.0 169.0 794.0 212.0 -1 -1 -1 -1000 -1000 -1000 -10 0.0009174346923828125
Car -1 -1 -10 653.0 176.0 698.0 194.0 -1 -1 -1 -1000 -1000 -1000 -10 0.0008606910705566406
Car -1 -1 -10 234.0 169.0 313.0 195.0 -1 -1 -1 -1000 -1000 -1000 -10 0.0008325576782226562
Car -1 -1 -10 0.0 174.0 88.0 317.0 -1 -1 -1 -1000 -1000 -1000 -10 0.0007839202880859375
Car -1 -1 -10 594.0 173.0 614.0 186.0 -1 -1 -1 -1000 -1000 -1000 -10 0.0007824897766113281
Car -1 -1 -10 615.0 173.0 638.0 189.0 -1 -1 -1 -1000 -1000 -1000 -10 0.0007214546203613281
Car -1 -1 -10 401.0 155.0 460.0 213.0 -1 -1 -1 -1000 -1000 -1000 -10 0.0006537437438964844
Car -1 -1 -10 364.0 163.0 457.0 221.0 -1 -1 -1 -1000 -1000 -1000 -10 0.0005950927734375
Car -1 -1 -10 1061.0 168.0 1189.0 362.0 -1 -1 -1 -1000 -1000 -1000 -10 0.00054931640625
Car -1 -1 -10 0.0 191.0 20.0 296.0 -1 -1 -1 -1000 -1000 -1000 -10 0.0005369186401367188
Car -1 -1 -10 633.0 114.0 810.0 243.0 -1 -1 -1 -1000 -1000 -1000 -10 0.00047659873962402344
Car -1 -1 -10 1225.0 227.0 1242.0 344.0 -1 -1 -1 -1000 -1000 -1000 -10 0.0004410743713378906
Car -1 -1 -10 668.0 132.0 864.0 268.0 -1 -1 -1 -1000 -1000 -1000 -10 0.00039505958557128906
Car -1 -1 -10 513.0 171.0 555.0 203.0 -1 -1 -1 -1000 -1000 -1000 -10 0.0003879070281982422
Car -1 -1 -10 591.0 153.0 778.0 289.0 -1 -1 -1 -1000 -1000 -1000 -10 0.0003848075866699219
Car -1 -1 -10 0.0 222.0 30.0 363.0 -1 -1 -1 -1000 -1000 -1000 -10 0.00038242340087890625
Car -1 -1 -10 1166.0 209.0 1242.0 372.0 -1 -1 -1 -1000 -1000 -1000 -10 0.0003497600555419922
Car -1 -1 -10 220.0 181.0 306.0 214.0 -1 -1 -1 -1000 -1000 -1000 -10 0.00034880638122558594
Car -1 -1 -10 1223.0 177.0 1242.0 309.0 -1 -1 -1 -1000 -1000 -1000 -10 0.00034427642822265625
Car -1 -1 -10 212.0 131.0 382.0 275.0 -1 -1 -1 -1000 -1000 -1000 -10 0.0003075599670410156
Car -1 -1 -10 469.0 172.0 503.0 191.0 -1 -1 -1 -1000 -1000 -1000 -10 0.00026345252990722656
Car -1 -1 -10 258.0 178.0 309.0 203.0 -1 -1 -1 -1000 -1000 -1000 -10 0.00025081634521484375
Car -1 -1 -10 579.0 168.0 604.0 194.0 -1 -1 -1 -1000 -1000 -1000 -10 0.00023221969604492188
Car -1 -1 -10 0.0 225.0 45.0 289.0 -1 -1 -1 -1000 -1000 -1000 -10 0.0002313852310180664
Car -1 -1 -10 189.0 123.0 357.0 241.0 -1 -1 -1 -1000 -1000 -1000 -10 0.00022113323211669922
Car -1 -1 -10 307.0 123.0 480.0 241.0 -1 -1 -1 -1000 -1000 -1000 -10 0.00022113323211669922
Car -1 -1 -10 454.0 175.0 492.0 199.0 -1 -1 -1 -1000 -1000 -1000 -10 0.00021827220916748047
Car -1 -1 -10 345.0 113.0 516.0 240.0 -1 -1 -1 -1000 -1000 -1000 -10 0.0002090930938720703
Car -1 -1 -10 0.0 169.0 28.0 249.0 -1 -1 -1 -1000 -1000 -1000 -10 0.0002034902572631836
Car -1 -1 -10 620.0 171.0 638.0 183.0 -1 -1 -1 -1000 -1000 -1000 -10 0.00019121170043945312
Car -1 -1 -10 603.0 172.0 621.0 183.0 -1 -1 -1 -1000 -1000 -1000 -10 0.0001876354217529297
Car -1 -1 -10 343.0 175.0 400.0 203.0 -1 -1 -1 -1000 -1000 -1000 -10 0.00016868114471435547
Car -1 -1 -10 1228.0 195.0 1242.0 294.0 -1 -1 -1 -1000 -1000 -1000 -10 0.00016355514526367188
Car -1 -1 -10 536.0 166.0 562.0 185.0 -1 -1 -1 -1000 -1000 -1000 -10 0.0001379251480102539
Car -1 -1 -10 1214.0 214.0 1242.0 315.0 -1 -1 -1 -1000 -1000 -1000 -10 0.00013566017150878906
Car -1 -1 -10 591.0 173.0 622.0 192.0 -1 -1 -1 -1000 -1000 -1000 -10 0.00012874603271484375
Car -1 -1 -10 644.0 174.0 685.0 193.0 -1 -1 -1 -1000 -1000 -1000 -10 0.00012433528900146484
Car -1 -1 -10 0.0 221.0 16.0 321.0 -1 -1 -1 -1000 -1000 -1000 -10 0.0001239776611328125
Car -1 -1 -10 1.0 247.0 43.0 306.0 -1 -1 -1 -1000 -1000 -1000 -10 0.00011992454528808594
Car -1 -1 -10 1223.0 258.0 1242.0 373.0 -1 -1 -1 -1000 -1000 -1000 -10 0.00011545419692993164
Car -1 -1 -10 153.0 193.0 188.0 252.0 -1 -1 -1 -1000 -1000 -1000 -10 0.00010943412780761719
Car -1 -1 -10 3.0 162.0 43.0 255.0 -1 -1 -1 -1000 -1000 -1000 -10 0.00010728836059570312
Car -1 -1 -10 530.0 167.0 565.0 204.0 -1 -1 -1 -1000 -1000 -1000 -10 0.00010341405868530273
Car -1 -1 -10 417.0 171.0 477.0 203.0 -1 -1 -1 -1000 -1000 -1000 -10 0.0001023411750793457
Car -1 -1 -10 0.0 228.0 50.0 374.0 -1 -1 -1 -1000 -1000 -1000 -10 0.00010132789611816406
