Car -1 -1 -10 713.0 180.0 859.0 285.0 -1 -1 -1 -1000 -1000 -1000 -10 0.962890625
Car -1 -1 -10 542.0 163.0 598.0 211.0 -1 -1 -1 -1000 -1000 -1000 -10 0.94873046875
Car -1 -1 -10 408.0 172.0 532.0 213.0 -1 -1 -1 -1000 -1000 -1000 -10 0.9462890625
Car -1 -1 -10 682.0 165.0 730.0 210.0 -1 -1 -1 -1000 -1000 -1000 -10 0.94091796875
Car -1 -1 -10 581.0 172.0 618.0 200.0 -1 -1 -1 -1000 -1000 -1000 -10 0.86083984375
Car -1 -1 -10 569.0 168.0 613.0 202.0 -1 -1 -1 -1000 -1000 -1000 -10 0.25439453125
Car -1 -1 -10 590.0 165.0 625.0 193.0 -1 -1 -1 -1000 -1000 -1000 -10 0.002063751220703125
Car -1 -1 -10 442.0 175.0 488.0 206.0 -1 -1 -1 -1000 -1000 -1000 -10 0.00115966796875
Car -1 -1 -10 0.0 173.0 21.0 345.0 -1 -1 -1 -1000 -1000 -1000 -10 0.0008792877197265625
Car -1 -1 -10 0.0 184.0 16.0 304.0 -1 -1 -1 -1000 -1000 -1000 -10 0.0004968643188476562
Car -1 -1 -10 376.0 123.0 562.0 237.0 -1 -1 -1 -1000 -1000 -1000 -10 0.0004317760467529297
Car -1 -1 -10 429.0 173.0 509.0 210.0 -1 -1 -1 -1000 -1000 -1000 -10 0.0004050731658935547
Car -1 -1 -10 681.0 157.0 747.0 227.0 -1 -1 -1 -1000 -1000 -1000 -10 0.00039839744567871094
Car -1 -1 -10 602.0 166.0 633.0 193.0 -1 -1 -1 -1000 -1000 -1000 -10 0.0003705024719238281
Car -1 -1 -10 0.0 184.0 31.0 375.0 -1 -1 -1 -1000 -1000 -1000 -10 0.00035190582275390625
Car -1 -1 -10 476.0 128.0 647.0 264.0 -1 -1 -1 -1000 -1000 -1000 -10 0.0002918243408203125
Car -1 -1 -10 355.0 183.0 469.0 224.0 -1 -1 -1 -1000 -1000 -1000 -10 0.00025153160095214844
Car -1 -1 -10 543.0 156.0 619.0 225.0 -1 -1 -1 -1000 -1000 -1000 -10 0.0002351999282836914
Car -1 -1 -10 643.0 130.0 805.0 271.0 -1 -1 -1 -1000 -1000 -1000 -10 0.00020635128021240234
Car -1 -1 -10 1214.0 195.0 1242.0 369.0 -1 -1 -1 -1000 -1000 -1000 -10 0.00014960765838623047
Car -1 -1 -10 611.0 123.0 768.0 235.0 -1 -1 -1 -1000 -1000 -1000 -10 0.0001169443130493164
Car -1 -1 -10 1203.0 168.0 1242.0 357.0 -1 -1 -1 -1000 -1000 -1000 -10 0.00011521577835083008
