Car -1 -1 -10 666.0 156.0 818.0 228.0 -1 -1 -1 -1000 -1000 -1000 -10 0.96240234375
Car -1 -1 -10 1165.0 167.0 1223.0 197.0 -1 -1 -1 -1000 -1000 -1000 -10 0.93603515625
Pedestrian -1 -1 -10 324.0 152.0 364.0 240.0 -1 -1 -1 -1000 -1000 -1000 -10 0.8564453125
Pedestrian -1 -1 -10 346.0 154.0 379.0 236.0 -1 -1 -1 -1000 -1000 -1000 -10 0.79931640625
Car -1 -1 -10 1215.0 163.0 1224.0 185.0 -1 -1 -1 -1000 -1000 -1000 -10 0.0032176971435546875
Car -1 -1 -10 1214.0 167.0 1224.0 193.0 -1 -1 -1 -1000 -1000 -1000 -10 0.0028839111328125
Pedestrian -1 -1 -10 327.0 155.0 387.0 236.0 -1 -1 -1 -1000 -1000 -1000 -10 0.0013818740844726562
Car -1 -1 -10 1187.0 168.0 1224.0 199.0 -1 -1 -1 -1000 -1000 -1000 -10 0.001377105712890625
Pedestrian -1 -1 -10 313.0 153.0 353.0 240.0 -1 -1 -1 -1000 -1000 -1000 -10 0.0007333755493164062
Car -1 -1 -10 1160.0 148.0 1224.0 210.0 -1 -1 -1 -1000 -1000 -1000 -10 0.0005474090576171875
Pedestrian -1 -1 -10 72.0 69.0 95.0 116.0 -1 -1 -1 -1000 -1000 -1000 -10 0.0004329681396484375
Car -1 -1 -10 0.0 163.0 18.0 347.0 -1 -1 -1 -1000 -1000 -1000 -10 0.0004036426544189453
Pedestrian -1 -1 -10 359.0 154.0 388.0 231.0 -1 -1 -1 -1000 -1000 -1000 -10 0.00032711029052734375
Pedestrian -1 -1 -10 1091.0 12.0 1139.0 67.0 -1 -1 -1 -1000 -1000 -1000 -10 0.0003120899200439453
Pedestrian -1 -1 -10 272.0 133.0 421.0 251.0 -1 -1 -1 -1000 -1000 -1000 -10 0.00020897388458251953
Car -1 -1 -10 0.0 151.0 16.0 282.0 -1 -1 -1 -1000 -1000 -1000 -10 0.00016891956329345703
Car -1 -1 -10 1094.0 113.0 1224.0 236.0 -1 -1 -1 -1000 -1000 -1000 -10 0.00016367435455322266
Car -1 -1 -10 701.0 159.0 776.0 223.0 -1 -1 -1 -1000 -1000 -1000 -10 0.00015735626220703125
Pedestrian -1 -1 -10 75.0 80.0 92.0 122.0 -1 -1 -1 -1000 -1000 -1000 -10 0.00015676021575927734
Car -1 -1 -10 1115.0 132.0 1224.0 267.0 -1 -1 -1 -1000 -1000 -1000 -10 0.0001456737518310547
Pedestrian -1 -1 -10 72.0 52.0 99.0 106.0 -1 -1 -1 -1000 -1000 -1000 -10 0.0001232624053955078
Car -1 -1 -10 1216.0 152.0 1224.0 179.0 -1 -1 -1 -1000 -1000 -1000 -10 0.00011551380157470703
Car -1 -1 -10 317.0 0.0 361.0 5.0 -1 -1 -1 -1000 -1000 -1000 -10 0.00011539459228515625
Pedestrian -1 -1 -10 337.0 153.0 370.0 224.0 -1 -1 -1 -1000 -1000 -1000 -10 0.00011473894119262695
Car -1 -1 -10 1.0 204.0 23.0 370.0 -1 -1 -1 -1000 -1000 -1000 -10 0.0001119375228881836
Pedestrian -1 -1 -10 84.0 65.0 108.0 117.0 -1 -1 -1 -1000 -1000 -1000 -10 0.00011110305786132812
