Car -1 -1 -10 410.0 188.0 543.0 283.0 -1 -1 -1 -1000 -1000 -1000 -10 0.96923828125
Car -1 -1 -10 568.0 178.0 616.0 215.0 -1 -1 -1 -1000 -1000 -1000 -10 0.9443359375
Pedestrian -1 -1 -10 853.0 165.0 867.0 207.0 -1 -1 -1 -1000 -1000 -1000 -10 0.88427734375
Car -1 -1 -10 562.0 164.0 620.0 222.0 -1 -1 -1 -1000 -1000 -1000 -10 0.0010986328125
Cyclist -1 -1 -10 1226.0 164.0 1242.0 314.0 -1 -1 -1 -1000 -1000 -1000 -10 0.0006780624389648438
Car -1 -1 -10 517.0 125.0 677.0 242.0 -1 -1 -1 -1000 -1000 -1000 -10 0.0003933906555175781
Car -1 -1 -10 486.0 135.0 659.0 272.0 -1 -1 -1 -1000 -1000 -1000 -10 0.00032591819763183594
Cyclist -1 -1 -10 1232.0 176.0 1242.0 272.0 -1 -1 -1 -1000 -1000 -1000 -10 0.0003058910369873047
Car -1 -1 -10 804.0 91.0 816.0 101.0 -1 -1 -1 -1000 -1000 -1000 -10 0.00021409988403320312
Car -1 -1 -10 1.0 199.0 22.0 365.0 -1 -1 -1 -1000 -1000 -1000 -10 0.00019693374633789062
Pedestrian -1 -1 -10 534.0 0.0 565.0 2.0 -1 -1 -1 -1000 -1000 -1000 -10 0.00019466876983642578
Cyclist -1 -1 -10 1212.0 152.0 1242.0 328.0 -1 -1 -1 -1000 -1000 -1000 -10 0.00019299983978271484
Pedestrian -1 -1 -10 550.0 0.0 582.0 3.0 -1 -1 -1 -1000 -1000 -1000 -10 0.0001270771026611328
Cyclist -1 -1 -10 1227.0 154.0 1242.0 254.0 -1 -1 -1 -1000 -1000 -1000 -10 0.00012242794036865234
Cyclist -1 -1 -10 1221.0 172.0 1242.0 275.0 -1 -1 -1 -1000 -1000 -1000 -10 0.00011050701141357422
