Car -1 -1 -10 724.0 188.0 937.0 328.0 -1 -1 -1 -1000 -1000 -1000 -10 0.9677734375
Car -1 -1 -10 2.0 180.0 252.0 340.0 -1 -1 -1 -1000 -1000 -1000 -10 0.96484375
Car -1 -1 -10 125.0 159.0 378.0 275.0 -1 -1 -1 -1000 -1000 -1000 -10 0.95849609375
Car -1 -1 -10 664.0 178.0 745.0 242.0 -1 -1 -1 -1000 -1000 -1000 -10 0.95166015625
Car -1 -1 -10 652.0 183.0 708.0 225.0 -1 -1 -1 -1000 -1000 -1000 -10 0.93798828125
Car -1 -1 -10 641.0 179.0 680.0 213.0 -1 -1 -1 -1000 -1000 -1000 -10 0.931640625
Car -1 -1 -10 300.0 181.0 462.0 241.0 -1 -1 -1 -1000 -1000 -1000 -10 0.91259765625
Car -1 -1 -10 227.0 186.0 413.0 259.0 -1 -1 -1 -1000 -1000 -1000 -10 0.904296875
Car -1 -1 -10 448.0 174.0 512.0 213.0 -1 -1 -1 -1000 -1000 -1000 -10 0.89501953125
Car -1 -1 -10 631.0 182.0 657.0 204.0 -1 -1 -1 -1000 -1000 -1000 -10 0.129150390625
Car -1 -1 -10 477.0 181.0 536.0 207.0 -1 -1 -1 -1000 -1000 -1000 -10 0.0204315185546875
Car -1 -1 -10 647.0 175.0 696.0 218.0 -1 -1 -1 -1000 -1000 -1000 -10 0.00621795654296875
Car -1 -1 -10 439.0 179.0 494.0 213.0 -1 -1 -1 -1000 -1000 -1000 -10 0.00479888916015625
Pedestrian -1 -1 -10 404.0 0.0 472.0 42.0 -1 -1 -1 -1000 -1000 -1000 -10 0.0026836395263671875
Car -1 -1 -10 0.0 181.0 57.0 315.0 -1 -1 -1 -1000 -1000 -1000 -10 0.0014810562133789062
Car -1 -1 -10 59.0 185.0 180.0 329.0 -1 -1 -1 -1000 -1000 -1000 -10 0.0012292861938476562
Car -1 -1 -10 0.0 177.0 32.0 306.0 -1 -1 -1 -1000 -1000 -1000 -10 0.0011310577392578125
Car -1 -1 -10 0.0 182.0 104.0 314.0 -1 -1 -1 -1000 -1000 -1000 -10 0.0009207725524902344
Car -1 -1 -10 644.0 171.0 710.0 234.0 -1 -1 -1 -1000 -1000 -1000 -10 0.0007557868957519531
Car -1 -1 -10 182.0 163.0 311.0 265.0 -1 -1 -1 -1000 -1000 -1000 -10 0.0007214546203613281
Car -1 -1 -10 438.0 164.0 526.0 228.0 -1 -1 -1 -1000 -1000 -1000 -10 0.0006933212280273438
Car -1 -1 -10 282.0 165.0 480.0 270.0 -1 -1 -1 -1000 -1000 -1000 -10 0.0006875991821289062
Car -1 -1 -10 650.0 160.0 776.0 261.0 -1 -1 -1 -1000 -1000 -1000 -10 0.0005846023559570312
Car -1 -1 -10 421.0 182.0 489.0 218.0 -1 -1 -1 -1000 -1000 -1000 -10 0.000560760498046875
Car -1 -1 -10 466.0 175.0 527.0 208.0 -1 -1 -1 -1000 -1000 -1000 -10 0.00044655799865722656
Car -1 -1 -10 1215.0 152.0 1242.0 370.0 -1 -1 -1 -1000 -1000 -1000 -10 0.0004298686981201172
Car -1 -1 -10 582.0 145.0 752.0 272.0 -1 -1 -1 -1000 -1000 -1000 -10 0.0004055500030517578
Car -1 -1 -10 357.0 185.0 400.0 233.0 -1 -1 -1 -1000 -1000 -1000 -10 0.00032973289489746094
Car -1 -1 -10 0.0 202.0 27.0 346.0 -1 -1 -1 -1000 -1000 -1000 -10 0.00031685829162597656
Car -1 -1 -10 479.0 188.0 530.0 212.0 -1 -1 -1 -1000 -1000 -1000 -10 0.000293731689453125
Car -1 -1 -10 1.0 180.0 161.0 324.0 -1 -1 -1 -1000 -1000 -1000 -10 0.0002703666687011719
Car -1 -1 -10 341.0 181.0 418.0 234.0 -1 -1 -1 -1000 -1000 -1000 -10 0.0002288818359375
Car -1 -1 -10 380.0 134.0 566.0 276.0 -1 -1 -1 -1000 -1000 -1000 -10 0.00019431114196777344
Car -1 -1 -10 1221.0 215.0 1242.0 375.0 -1 -1 -1 -1000 -1000 -1000 -10 0.00017845630645751953
Car -1 -1 -10 1203.0 114.0 1242.0 323.0 -1 -1 -1 -1000 -1000 -1000 -10 0.00017189979553222656
Car -1 -1 -10 1220.0 137.0 1242.0 301.0 -1 -1 -1 -1000 -1000 -1000 -10 0.000164031982421875
Car -1 -1 -10 664.0 180.0 728.0 223.0 -1 -1 -1 -1000 -1000 -1000 -10 0.0001373291015625
Car -1 -1 -10 631.0 163.0 687.0 223.0 -1 -1 -1 -1000 -1000 -1000 -10 0.00013339519500732422
Car -1 -1 -10 563.0 123.0 737.0 248.0 -1 -1 -1 -1000 -1000 -1000 -10 0.00012826919555664062
Car -1 -1 -10 492.0 175.0 549.0 201.0 -1 -1 -1 -1000 -1000 -1000 -10 0.00011277198791503906
Car -1 -1 -10 1.0 170.0 49.0 282.0 -1 -1 -1 -1000 -1000 -1000 -10 0.00010752677917480469
Car -1 -1 -10 0.0 154.0 23.0 259.0 -1 -1 -1 -1000 -1000 -1000 -10 0.00010579824447631836
