Car -1 -1 -10 185.0 200.0 417.0 340.0 -1 -1 -1 -1000 -1000 -1000 -10 0.96630859375
Car -1 -1 -10 658.0 181.0 720.0 229.0 -1 -1 -1 -1000 -1000 -1000 -10 0.95849609375
Car -1 -1 -10 835.0 166.0 1052.0 230.0 -1 -1 -1 -1000 -1000 -1000 -10 0.955078125
Car -1 -1 -10 0.0 237.0 200.0 373.0 -1 -1 -1 -1000 -1000 -1000 -10 0.9501953125
Car -1 -1 -10 473.0 185.0 514.0 213.0 -1 -1 -1 -1000 -1000 -1000 -10 0.94970703125
Car -1 -1 -10 419.0 184.0 481.0 228.0 -1 -1 -1 -1000 -1000 -1000 -10 0.94921875
Car -1 -1 -10 802.0 150.0 982.0 221.0 -1 -1 -1 -1000 -1000 -1000 -10 0.9443359375
Car -1 -1 -10 1118.0 134.0 1241.0 192.0 -1 -1 -1 -1000 -1000 -1000 -10 0.93994140625
Car -1 -1 -10 757.0 164.0 886.0 210.0 -1 -1 -1 -1000 -1000 -1000 -10 0.93603515625
Car -1 -1 -10 297.0 193.0 409.0 260.0 -1 -1 -1 -1000 -1000 -1000 -10 0.92041015625
Car -1 -1 -10 985.0 157.0 1095.0 189.0 -1 -1 -1 -1000 -1000 -1000 -10 0.0160064697265625
Car -1 -1 -10 1037.0 152.0 1148.0 191.0 -1 -1 -1 -1000 -1000 -1000 -10 0.00975799560546875
Car -1 -1 -10 265.0 201.0 378.0 269.0 -1 -1 -1 -1000 -1000 -1000 -10 0.00446319580078125
Car -1 -1 -10 235.0 204.0 375.0 326.0 -1 -1 -1 -1000 -1000 -1000 -10 0.002471923828125
Car -1 -1 -10 1017.0 158.0 1124.0 191.0 -1 -1 -1 -1000 -1000 -1000 -10 0.0015077590942382812
Car -1 -1 -10 967.0 154.0 1076.0 185.0 -1 -1 -1 -1000 -1000 -1000 -10 0.0012989044189453125
Car -1 -1 -10 877.0 168.0 1008.0 224.0 -1 -1 -1 -1000 -1000 -1000 -10 0.0011968612670898438
Car -1 -1 -10 283.0 178.0 420.0 273.0 -1 -1 -1 -1000 -1000 -1000 -10 0.0010881423950195312
Car -1 -1 -10 1095.0 104.0 1242.0 227.0 -1 -1 -1 -1000 -1000 -1000 -10 0.0010843276977539062
Car -1 -1 -10 825.0 150.0 1068.0 252.0 -1 -1 -1 -1000 -1000 -1000 -10 0.0009374618530273438
Car -1 -1 -10 216.0 88.0 245.0 108.0 -1 -1 -1 -1000 -1000 -1000 -10 0.0008392333984375
Car -1 -1 -10 413.0 175.0 484.0 239.0 -1 -1 -1 -1000 -1000 -1000 -10 0.0007658004760742188
Car -1 -1 -10 0.0 220.0 26.0 338.0 -1 -1 -1 -1000 -1000 -1000 -10 0.0005788803100585938
Car -1 -1 -10 904.0 162.0 1062.0 211.0 -1 -1 -1 -1000 -1000 -1000 -10 0.00033402442932128906
Car -1 -1 -10 798.0 169.0 845.0 203.0 -1 -1 -1 -1000 -1000 -1000 -10 0.0003094673156738281
Car -1 -1 -10 1160.0 137.0 1206.0 182.0 -1 -1 -1 -1000 -1000 -1000 -10 0.0002944469451904297
Car -1 -1 -10 608.0 143.0 761.0 253.0 -1 -1 -1 -1000 -1000 -1000 -10 0.0002903938293457031
Car -1 -1 -10 779.0 131.0 956.0 225.0 -1 -1 -1 -1000 -1000 -1000 -10 0.0002582073211669922
Car -1 -1 -10 996.0 162.0 1131.0 196.0 -1 -1 -1 -1000 -1000 -1000 -10 0.0002582073211669922
Car -1 -1 -10 714.0 129.0 921.0 265.0 -1 -1 -1 -1000 -1000 -1000 -10 0.0002503395080566406
Car -1 -1 -10 0.0 219.0 14.0 313.0 -1 -1 -1 -1000 -1000 -1000 -10 0.00024962425231933594
Car -1 -1 -10 64.0 256.0 205.0 370.0 -1 -1 -1 -1000 -1000 -1000 -10 0.00023746490478515625
Car -1 -1 -10 354.0 138.0 525.0 278.0 -1 -1 -1 -1000 -1000 -1000 -10 0.00022780895233154297
Car -1 -1 -10 969.0 162.0 1084.0 196.0 -1 -1 -1 -1000 -1000 -1000 -10 0.00021886825561523438
Car -1 -1 -10 0.0 220.0 40.0 341.0 -1 -1 -1 -1000 -1000 -1000 -10 0.00020265579223632812
Car -1 -1 -10 1229.0 141.0 1242.0 218.0 -1 -1 -1 -1000 -1000 -1000 -10 0.00016021728515625
Car -1 -1 -10 1163.0 136.0 1241.0 198.0 -1 -1 -1 -1000 -1000 -1000 -10 0.00015723705291748047
Car -1 -1 -10 0.0 235.0 52.0 365.0 -1 -1 -1 -1000 -1000 -1000 -10 0.00015115737915039062
Car -1 -1 -10 1223.0 137.0 1242.0 206.0 -1 -1 -1 -1000 -1000 -1000 -10 0.00015020370483398438
Car -1 -1 -10 1228.0 130.0 1242.0 196.0 -1 -1 -1 -1000 -1000 -1000 -10 0.00014793872833251953
Car -1 -1 -10 1118.0 0.0 1242.0 1.0 -1 -1 -1 -1000 -1000 -1000 -10 0.00013399124145507812
Car -1 -1 -10 252.0 203.0 365.0 294.0 -1 -1 -1 -1000 -1000 -1000 -10 0.0001246929168701172
Car -1 -1 -10 1212.0 139.0 1242.0 198.0 -1 -1 -1 -1000 -1000 -1000 -10 0.00012105703353881836
Car -1 -1 -10 0.0 192.0 21.0 306.0 -1 -1 -1 -1000 -1000 -1000 -10 0.00010150671005249023
