Car -1 -1 -10 822.0 185.0 1241.0 373.0 -1 -1 -1 -1000 -1000 -1000 -10 0.97265625
Car -1 -1 -10 0.0 210.0 303.0 373.0 -1 -1 -1 -1000 -1000 -1000 -10 0.96875
Car -1 -1 -10 741.0 175.0 913.0 293.0 -1 -1 -1 -1000 -1000 -1000 -10 0.96240234375
Car -1 -1 -10 224.0 198.0 439.0 328.0 -1 -1 -1 -1000 -1000 -1000 -10 0.9619140625
Car -1 -1 -10 644.0 176.0 696.0 213.0 -1 -1 -1 -1000 -1000 -1000 -10 0.9453125
Car -1 -1 -10 589.0 180.0 626.0 202.0 -1 -1 -1 -1000 -1000 -1000 -10 0.93505859375
Car -1 -1 -10 550.0 177.0 593.0 195.0 -1 -1 -1 -1000 -1000 -1000 -10 0.931640625
Car -1 -1 -10 1023.0 136.0 1231.0 224.0 -1 -1 -1 -1000 -1000 -1000 -10 0.92138671875
Cyclist -1 -1 -10 485.0 177.0 497.0 203.0 -1 -1 -1 -1000 -1000 -1000 -10 0.8896484375
Car -1 -1 -10 1217.0 137.0 1242.0 213.0 -1 -1 -1 -1000 -1000 -1000 -10 0.043609619140625
Car -1 -1 -10 1203.0 138.0 1242.0 217.0 -1 -1 -1 -1000 -1000 -1000 -10 0.03509521484375
Car -1 -1 -10 1226.0 125.0 1242.0 204.0 -1 -1 -1 -1000 -1000 -1000 -10 0.017364501953125
Car -1 -1 -10 1186.0 142.0 1242.0 226.0 -1 -1 -1 -1000 -1000 -1000 -10 0.0167083740234375
Car -1 -1 -10 767.0 172.0 866.0 211.0 -1 -1 -1 -1000 -1000 -1000 -10 0.013519287109375
Car -1 -1 -10 1150.0 135.0 1241.0 218.0 -1 -1 -1 -1000 -1000 -1000 -10 0.007091522216796875
Car -1 -1 -10 1225.0 149.0 1242.0 229.0 -1 -1 -1 -1000 -1000 -1000 -10 0.003692626953125
Car -1 -1 -10 622.0 176.0 659.0 194.0 -1 -1 -1 -1000 -1000 -1000 -10 0.0032024383544921875
Car -1 -1 -10 1219.0 118.0 1241.0 196.0 -1 -1 -1 -1000 -1000 -1000 -10 0.0031147003173828125
Car -1 -1 -10 1221.0 151.0 1242.0 282.0 -1 -1 -1 -1000 -1000 -1000 -10 0.002880096435546875
Car -1 -1 -10 1171.0 153.0 1242.0 243.0 -1 -1 -1 -1000 -1000 -1000 -10 0.002838134765625
Car -1 -1 -10 547.0 179.0 580.0 195.0 -1 -1 -1 -1000 -1000 -1000 -10 0.00272369384765625
Car -1 -1 -10 1216.0 160.0 1242.0 319.0 -1 -1 -1 -1000 -1000 -1000 -10 0.0024738311767578125
Car -1 -1 -10 1194.0 160.0 1242.0 319.0 -1 -1 -1 -1000 -1000 -1000 -10 0.002170562744140625
Car -1 -1 -10 1214.0 151.0 1242.0 247.0 -1 -1 -1 -1000 -1000 -1000 -10 0.0019550323486328125
Car -1 -1 -10 1015.0 141.0 1162.0 219.0 -1 -1 -1 -1000 -1000 -1000 -10 0.0013027191162109375
Car -1 -1 -10 1197.0 122.0 1242.0 201.0 -1 -1 -1 -1000 -1000 -1000 -10 0.00127410888671875
Car -1 -1 -10 1230.0 127.0 1242.0 185.0 -1 -1 -1 -1000 -1000 -1000 -10 0.0011444091796875
Car -1 -1 -10 637.0 165.0 700.0 226.0 -1 -1 -1 -1000 -1000 -1000 -10 0.0011281967163085938
Car -1 -1 -10 548.0 171.0 596.0 201.0 -1 -1 -1 -1000 -1000 -1000 -10 0.0008859634399414062
Car -1 -1 -10 1187.0 181.0 1242.0 363.0 -1 -1 -1 -1000 -1000 -1000 -10 0.0008144378662109375
Car -1 -1 -10 1210.0 186.0 1242.0 364.0 -1 -1 -1 -1000 -1000 -1000 -10 0.0007371902465820312
Car -1 -1 -10 1231.0 102.0 1242.0 192.0 -1 -1 -1 -1000 -1000 -1000 -10 0.0007104873657226562
Car -1 -1 -10 0.0 224.0 26.0 374.0 -1 -1 -1 -1000 -1000 -1000 -10 0.000701904296875
Car -1 -1 -10 1071.0 135.0 1230.0 203.0 -1 -1 -1 -1000 -1000 -1000 -10 0.0006976127624511719
Cyclist -1 -1 -10 476.0 178.0 492.0 204.0 -1 -1 -1 -1000 -1000 -1000 -10 0.0006003379821777344
Car -1 -1 -10 1157.0 171.0 1242.0 341.0 -1 -1 -1 -1000 -1000 -1000 -10 0.0005941390991210938
Car -1 -1 -10 1226.0 160.0 1242.0 265.0 -1 -1 -1 -1000 -1000 -1000 -10 0.0005121231079101562
Car -1 -1 -10 1133.0 153.0 1242.0 231.0 -1 -1 -1 -1000 -1000 -1000 -10 0.0004220008850097656
Car -1 -1 -10 570.0 135.0 737.0 269.0 -1 -1 -1 -1000 -1000 -1000 -10 0.0003895759582519531
Car -1 -1 -10 766.0 171.0 890.0 225.0 -1 -1 -1 -1000 -1000 -1000 -10 0.00034880638122558594
Car -1 -1 -10 600.0 122.0 757.0 240.0 -1 -1 -1 -1000 -1000 -1000 -10 0.0003037452697753906
Car -1 -1 -10 258.0 204.0 396.0 322.0 -1 -1 -1 -1000 -1000 -1000 -10 0.00028824806213378906
Car -1 -1 -10 1226.0 202.0 1242.0 326.0 -1 -1 -1 -1000 -1000 -1000 -10 0.00028061866760253906
Car -1 -1 -10 0.0 225.0 43.0 374.0 -1 -1 -1 -1000 -1000 -1000 -10 0.00026869773864746094
Car -1 -1 -10 884.0 0.0 987.0 63.0 -1 -1 -1 -1000 -1000 -1000 -10 0.0002474784851074219
Car -1 -1 -10 1156.0 152.0 1240.0 276.0 -1 -1 -1 -1000 -1000 -1000 -10 0.00022614002227783203
Car -1 -1 -10 1129.0 165.0 1242.0 258.0 -1 -1 -1 -1000 -1000 -1000 -10 0.0002180337905883789
Car -1 -1 -10 88.0 220.0 201.0 358.0 -1 -1 -1 -1000 -1000 -1000 -10 0.0001900196075439453
Car -1 -1 -10 1208.0 105.0 1240.0 191.0 -1 -1 -1 -1000 -1000 -1000 -10 0.00017702579498291016
Car -1 -1 -10 959.0 168.0 1192.0 255.0 -1 -1 -1 -1000 -1000 -1000 -10 0.0001665353775024414
Car -1 -1 -10 1178.0 131.0 1237.0 205.0 -1 -1 -1 -1000 -1000 -1000 -10 0.0001615285873413086
Car -1 -1 -10 1098.0 141.0 1238.0 221.0 -1 -1 -1 -1000 -1000 -1000 -10 0.00012981891632080078
Car -1 -1 -10 1100.0 167.0 1242.0 345.0 -1 -1 -1 -1000 -1000 -1000 -10 0.00012290477752685547
Car -1 -1 -10 1095.0 135.0 1242.0 272.0 -1 -1 -1 -1000 -1000 -1000 -10 0.00011897087097167969
Car -1 -1 -10 1226.0 79.0 1242.0 169.0 -1 -1 -1 -1000 -1000 -1000 -10 0.0001035928726196289
