Car -1 -1 -10 593.0 177.0 660.0 241.0 -1 -1 -1 -1000 -1000 -1000 -10 0.96484375
Car -1 -1 -10 811.0 174.0 1007.0 294.0 -1 -1 -1 -1000 -1000 -1000 -10 0.96435546875
Car -1 -1 -10 157.0 181.0 351.0 281.0 -1 -1 -1 -1000 -1000 -1000 -10 0.96435546875
Car -1 -1 -10 714.0 176.0 856.0 242.0 -1 -1 -1 -1000 -1000 -1000 -10 0.95654296875
Car -1 -1 -10 65.0 177.0 242.0 266.0 -1 -1 -1 -1000 -1000 -1000 -10 0.94384765625
Car -1 -1 -10 0.0 196.0 82.0 303.0 -1 -1 -1 -1000 -1000 -1000 -10 0.93359375
Car -1 -1 -10 298.0 180.0 394.0 227.0 -1 -1 -1 -1000 -1000 -1000 -10 0.93212890625
Car -1 -1 -10 570.0 172.0 601.0 195.0 -1 -1 -1 -1000 -1000 -1000 -10 0.92529296875
Car -1 -1 -10 442.0 180.0 516.0 218.0 -1 -1 -1 -1000 -1000 -1000 -10 0.9208984375
Car -1 -1 -10 663.0 173.0 689.0 191.0 -1 -1 -1 -1000 -1000 -1000 -10 0.91650390625
Car -1 -1 -10 162.0 183.0 265.0 223.0 -1 -1 -1 -1000 -1000 -1000 -10 0.87939453125
Car -1 -1 -10 436.0 181.0 500.0 208.0 -1 -1 -1 -1000 -1000 -1000 -10 0.8056640625
Car -1 -1 -10 697.0 174.0 718.0 189.0 -1 -1 -1 -1000 -1000 -1000 -10 0.1583251953125
Car -1 -1 -10 1208.0 197.0 1242.0 365.0 -1 -1 -1 -1000 -1000 -1000 -10 0.0726318359375
Car -1 -1 -10 169.0 182.0 307.0 237.0 -1 -1 -1 -1000 -1000 -1000 -10 0.06597900390625
Car -1 -1 -10 136.0 182.0 254.0 236.0 -1 -1 -1 -1000 -1000 -1000 -10 0.04595947265625
Car -1 -1 -10 1182.0 203.0 1242.0 373.0 -1 -1 -1 -1000 -1000 -1000 -10 0.01537322998046875
Car -1 -1 -10 179.0 181.0 293.0 218.0 -1 -1 -1 -1000 -1000 -1000 -10 0.0082550048828125
Car -1 -1 -10 657.0 173.0 682.0 189.0 -1 -1 -1 -1000 -1000 -1000 -10 0.006710052490234375
Car -1 -1 -10 1219.0 215.0 1242.0 358.0 -1 -1 -1 -1000 -1000 -1000 -10 0.005283355712890625
Car -1 -1 -10 1148.0 217.0 1241.0 372.0 -1 -1 -1 -1000 -1000 -1000 -10 0.003986358642578125
Car -1 -1 -10 316.0 177.0 398.0 213.0 -1 -1 -1 -1000 -1000 -1000 -10 0.00374603271484375
Car -1 -1 -10 460.0 180.0 510.0 206.0 -1 -1 -1 -1000 -1000 -1000 -10 0.0036373138427734375
Car -1 -1 -10 630.0 173.0 651.0 188.0 -1 -1 -1 -1000 -1000 -1000 -10 0.002960205078125
Car -1 -1 -10 3.0 193.0 89.0 257.0 -1 -1 -1 -1000 -1000 -1000 -10 0.0021533966064453125
Car -1 -1 -10 655.0 173.0 673.0 188.0 -1 -1 -1 -1000 -1000 -1000 -10 0.0008525848388671875
Car -1 -1 -10 279.0 171.0 399.0 240.0 -1 -1 -1 -1000 -1000 -1000 -10 0.0008225440979003906
Car -1 -1 -10 435.0 167.0 526.0 232.0 -1 -1 -1 -1000 -1000 -1000 -10 0.0007672309875488281
Car -1 -1 -10 542.0 176.0 564.0 191.0 -1 -1 -1 -1000 -1000 -1000 -10 0.0006513595581054688
Car -1 -1 -10 552.0 159.0 677.0 262.0 -1 -1 -1 -1000 -1000 -1000 -10 0.0006389617919921875
Car -1 -1 -10 261.0 139.0 431.0 251.0 -1 -1 -1 -1000 -1000 -1000 -10 0.0005741119384765625
Car -1 -1 -10 220.0 180.0 319.0 213.0 -1 -1 -1 -1000 -1000 -1000 -10 0.0005612373352050781
Car -1 -1 -10 70.0 179.0 213.0 243.0 -1 -1 -1 -1000 -1000 -1000 -10 0.0005388259887695312
Car -1 -1 -10 576.0 171.0 602.0 189.0 -1 -1 -1 -1000 -1000 -1000 -10 0.0005383491516113281
Car -1 -1 -10 55.0 186.0 191.0 255.0 -1 -1 -1 -1000 -1000 -1000 -10 0.0005202293395996094
Car -1 -1 -10 660.0 170.0 691.0 201.0 -1 -1 -1 -1000 -1000 -1000 -10 0.0005025863647460938
Car -1 -1 -10 270.0 181.0 370.0 225.0 -1 -1 -1 -1000 -1000 -1000 -10 0.000461578369140625
Car -1 -1 -10 321.0 183.0 372.0 218.0 -1 -1 -1 -1000 -1000 -1000 -10 0.0004525184631347656
Car -1 -1 -10 0.0 188.0 20.0 263.0 -1 -1 -1 -1000 -1000 -1000 -10 0.0004425048828125
Car -1 -1 -10 1220.0 172.0 1242.0 321.0 -1 -1 -1 -1000 -1000 -1000 -10 0.0004143714904785156
Car -1 -1 -10 0.0 194.0 12.0 273.0 -1 -1 -1 -1000 -1000 -1000 -10 0.00041365623474121094
Car -1 -1 -10 0.0 190.0 121.0 269.0 -1 -1 -1 -1000 -1000 -1000 -10 0.0003921985626220703
Car -1 -1 -10 0.0 201.0 25.0 284.0 -1 -1 -1 -1000 -1000 -1000 -10 0.00037789344787597656
Car -1 -1 -10 113.0 182.0 188.0 258.0 -1 -1 -1 -1000 -1000 -1000 -10 0.0003705024719238281
Car -1 -1 -10 389.0 127.0 555.0 247.0 -1 -1 -1 -1000 -1000 -1000 -10 0.0003414154052734375
Car -1 -1 -10 2.0 204.0 35.0 303.0 -1 -1 -1 -1000 -1000 -1000 -10 0.00033783912658691406
Car -1 -1 -10 552.0 175.0 574.0 190.0 -1 -1 -1 -1000 -1000 -1000 -10 0.0003058910369873047
Car -1 -1 -10 651.0 171.0 670.0 186.0 -1 -1 -1 -1000 -1000 -1000 -10 0.0002880096435546875
Car -1 -1 -10 673.0 174.0 702.0 191.0 -1 -1 -1 -1000 -1000 -1000 -10 0.00027751922607421875
Car -1 -1 -10 543.0 174.0 573.0 192.0 -1 -1 -1 -1000 -1000 -1000 -10 0.0002446174621582031
Car -1 -1 -10 4.0 188.0 149.0 247.0 -1 -1 -1 -1000 -1000 -1000 -10 0.00024056434631347656
Car -1 -1 -10 585.0 175.0 608.0 194.0 -1 -1 -1 -1000 -1000 -1000 -10 0.00022327899932861328
Car -1 -1 -10 759.0 179.0 804.0 233.0 -1 -1 -1 -1000 -1000 -1000 -10 0.00020325183868408203
Car -1 -1 -10 1199.0 167.0 1242.0 322.0 -1 -1 -1 -1000 -1000 -1000 -10 0.0001882314682006836
Car -1 -1 -10 130.0 139.0 321.0 254.0 -1 -1 -1 -1000 -1000 -1000 -10 0.00018012523651123047
Car -1 -1 -10 0.0 208.0 13.0 321.0 -1 -1 -1 -1000 -1000 -1000 -10 0.00017571449279785156
Car -1 -1 -10 0.0 215.0 25.0 324.0 -1 -1 -1 -1000 -1000 -1000 -10 0.00017118453979492188
Car -1 -1 -10 690.0 173.0 706.0 187.0 -1 -1 -1 -1000 -1000 -1000 -10 0.00015616416931152344
Car -1 -1 -10 1226.0 201.0 1242.0 331.0 -1 -1 -1 -1000 -1000 -1000 -10 0.0001558065414428711
Car -1 -1 -10 532.0 175.0 560.0 191.0 -1 -1 -1 -1000 -1000 -1000 -10 0.00014925003051757812
Car -1 -1 -10 567.0 176.0 592.0 194.0 -1 -1 -1 -1000 -1000 -1000 -10 0.00014770030975341797
Car -1 -1 -10 287.0 178.0 375.0 212.0 -1 -1 -1 -1000 -1000 -1000 -10 0.0001251697540283203
Car -1 -1 -10 663.0 166.0 686.0 185.0 -1 -1 -1 -1000 -1000 -1000 -10 0.00011771917343139648
Car -1 -1 -10 0.0 202.0 10.0 262.0 -1 -1 -1 -1000 -1000 -1000 -10 0.00011706352233886719
