Car -1 -1 -10 454.0 179.0 529.0 221.0 -1 -1 -1 -1000 -1000 -1000 -10 0.96142578125
Car -1 -1 -10 635.0 166.0 666.0 186.0 -1 -1 -1 -1000 -1000 -1000 -10 0.95703125
Cyclist -1 -1 -10 199.0 164.0 362.0 372.0 -1 -1 -1 -1000 -1000 -1000 -10 0.95654296875
Car -1 -1 -10 0.0 192.0 330.0 360.0 -1 -1 -1 -1000 -1000 -1000 -10 0.9560546875
Car -1 -1 -10 670.0 173.0 720.0 213.0 -1 -1 -1 -1000 -1000 -1000 -10 0.9482421875
Pedestrian -1 -1 -10 781.0 149.0 812.0 232.0 -1 -1 -1 -1000 -1000 -1000 -10 0.8935546875
Car -1 -1 -10 1210.0 184.0 1242.0 375.0 -1 -1 -1 -1000 -1000 -1000 -10 0.0035839080810546875
Car -1 -1 -10 1194.0 159.0 1242.0 372.0 -1 -1 -1 -1000 -1000 -1000 -10 0.002605438232421875
Car -1 -1 -10 0.0 195.0 28.0 362.0 -1 -1 -1 -1000 -1000 -1000 -10 0.00255584716796875
Car -1 -1 -10 0.0 196.0 46.0 365.0 -1 -1 -1 -1000 -1000 -1000 -10 0.0022106170654296875
Car -1 -1 -10 664.0 162.0 723.0 226.0 -1 -1 -1 -1000 -1000 -1000 -10 0.0012159347534179688
Car -1 -1 -10 451.0 166.0 538.0 233.0 -1 -1 -1 -1000 -1000 -1000 -10 0.0007395744323730469
Car -1 -1 -10 633.0 161.0 668.0 191.0 -1 -1 -1 -1000 -1000 -1000 -10 0.0007200241088867188
Car -1 -1 -10 1153.0 163.0 1242.0 373.0 -1 -1 -1 -1000 -1000 -1000 -10 0.0005998611450195312
Car -1 -1 -10 608.0 124.0 761.0 239.0 -1 -1 -1 -1000 -1000 -1000 -10 0.0003895759582519531
Pedestrian -1 -1 -10 742.0 0.0 776.0 2.0 -1 -1 -1 -1000 -1000 -1000 -10 0.000385284423828125
Car -1 -1 -10 0.0 175.0 50.0 316.0 -1 -1 -1 -1000 -1000 -1000 -10 0.0003612041473388672
Car -1 -1 -10 0.0 201.0 77.0 366.0 -1 -1 -1 -1000 -1000 -1000 -10 0.00035500526428222656
Car -1 -1 -10 759.0 0.0 814.0 16.0 -1 -1 -1 -1000 -1000 -1000 -10 0.0003132820129394531
Car -1 -1 -10 394.0 132.0 570.0 276.0 -1 -1 -1 -1000 -1000 -1000 -10 0.0003006458282470703
Car -1 -1 -10 639.0 134.0 789.0 270.0 -1 -1 -1 -1000 -1000 -1000 -10 0.00029206275939941406
Pedestrian -1 -1 -10 754.0 0.0 786.0 4.0 -1 -1 -1 -1000 -1000 -1000 -10 0.00028777122497558594
Car -1 -1 -10 757.0 0.0 814.0 7.0 -1 -1 -1 -1000 -1000 -1000 -10 0.00027108192443847656
Pedestrian -1 -1 -10 772.0 149.0 830.0 233.0 -1 -1 -1 -1000 -1000 -1000 -10 0.0002646446228027344
Car -1 -1 -10 723.0 0.0 775.0 1.0 -1 -1 -1 -1000 -1000 -1000 -10 0.0002453327178955078
Car -1 -1 -10 0.0 209.0 17.0 340.0 -1 -1 -1 -1000 -1000 -1000 -10 0.00021016597747802734
Car -1 -1 -10 0.0 187.0 30.0 306.0 -1 -1 -1 -1000 -1000 -1000 -10 0.00020885467529296875
Pedestrian -1 -1 -10 728.0 0.0 769.0 0.0 -1 -1 -1 -1000 -1000 -1000 -10 0.00012743473052978516
Car -1 -1 -10 1212.0 105.0 1242.0 341.0 -1 -1 -1 -1000 -1000 -1000 -10 0.00011289119720458984
Car -1 -1 -10 1219.0 247.0 1242.0 374.0 -1 -1 -1 -1000 -1000 -1000 -10 0.00010579824447631836
Car -1 -1 -10 1180.0 93.0 1242.0 355.0 -1 -1 -1 -1000 -1000 -1000 -10 0.00010037422180175781
