Car -1 -1 -10 270.0 187.0 431.0 283.0 -1 -1 -1 -1000 -1000 -1000 -10 0.9736328125
Car -1 -1 -10 7.0 161.0 202.0 245.0 -1 -1 -1 -1000 -1000 -1000 -10 0.9609375
Car -1 -1 -10 0.0 201.0 168.0 313.0 -1 -1 -1 -1000 -1000 -1000 -10 0.9599609375
Car -1 -1 -10 410.0 181.0 489.0 231.0 -1 -1 -1 -1000 -1000 -1000 -10 0.9599609375
Car -1 -1 -10 574.0 174.0 610.0 205.0 -1 -1 -1 -1000 -1000 -1000 -10 0.95654296875
Car -1 -1 -10 256.0 175.0 361.0 236.0 -1 -1 -1 -1000 -1000 -1000 -10 0.94873046875
Car -1 -1 -10 474.0 181.0 522.0 213.0 -1 -1 -1 -1000 -1000 -1000 -10 0.94580078125
Car -1 -1 -10 0.0 192.0 46.0 264.0 -1 -1 -1 -1000 -1000 -1000 -10 0.07293701171875
Car -1 -1 -10 0.0 216.0 38.0 376.0 -1 -1 -1 -1000 -1000 -1000 -10 0.0301971435546875
Car -1 -1 -10 0.0 187.0 21.0 262.0 -1 -1 -1 -1000 -1000 -1000 -10 0.0187530517578125
Car -1 -1 -10 1.0 196.0 69.0 269.0 -1 -1 -1 -1000 -1000 -1000 -10 0.01190948486328125
Car -1 -1 -10 0.0 192.0 101.0 261.0 -1 -1 -1 -1000 -1000 -1000 -10 0.00392913818359375
Car -1 -1 -10 0.0 196.0 26.0 303.0 -1 -1 -1 -1000 -1000 -1000 -10 0.0023956298828125
Car -1 -1 -10 0.0 167.0 13.0 254.0 -1 -1 -1 -1000 -1000 -1000 -10 0.0015306472778320312
Car -1 -1 -10 3.0 180.0 140.0 245.0 -1 -1 -1 -1000 -1000 -1000 -10 0.0012006759643554688
Car -1 -1 -10 0.0 207.0 59.0 365.0 -1 -1 -1 -1000 -1000 -1000 -10 0.0011768341064453125
Car -1 -1 -10 0.0 236.0 24.0 374.0 -1 -1 -1 -1000 -1000 -1000 -10 0.0008897781372070312
Car -1 -1 -10 470.0 167.0 534.0 230.0 -1 -1 -1 -1000 -1000 -1000 -10 0.0006923675537109375
Car -1 -1 -10 228.0 152.0 383.0 265.0 -1 -1 -1 -1000 -1000 -1000 -10 0.0006313323974609375
Car -1 -1 -10 0.0 163.0 57.0 261.0 -1 -1 -1 -1000 -1000 -1000 -10 0.00060272216796875
Car -1 -1 -10 0.0 165.0 25.0 255.0 -1 -1 -1 -1000 -1000 -1000 -10 0.000423431396484375
Car -1 -1 -10 427.0 134.0 593.0 278.0 -1 -1 -1 -1000 -1000 -1000 -10 0.00033855438232421875
Car -1 -1 -10 0.0 208.0 18.0 267.0 -1 -1 -1 -1000 -1000 -1000 -10 0.0003256797790527344
Car -1 -1 -10 567.0 172.0 595.0 198.0 -1 -1 -1 -1000 -1000 -1000 -10 0.00031113624572753906
Car -1 -1 -10 0.0 235.0 44.0 338.0 -1 -1 -1 -1000 -1000 -1000 -10 0.0002734661102294922
Car -1 -1 -10 490.0 180.0 522.0 207.0 -1 -1 -1 -1000 -1000 -1000 -10 0.00026535987854003906
Car -1 -1 -10 0.0 194.0 49.0 303.0 -1 -1 -1 -1000 -1000 -1000 -10 0.00024127960205078125
Car -1 -1 -10 0.0 224.0 16.0 349.0 -1 -1 -1 -1000 -1000 -1000 -10 0.0001958608627319336
Car -1 -1 -10 379.0 137.0 553.0 275.0 -1 -1 -1 -1000 -1000 -1000 -10 0.00018310546875
Car -1 -1 -10 0.0 229.0 85.0 376.0 -1 -1 -1 -1000 -1000 -1000 -10 0.0001609325408935547
Car -1 -1 -10 280.0 177.0 329.0 226.0 -1 -1 -1 -1000 -1000 -1000 -10 0.00012791156768798828
Car -1 -1 -10 510.0 171.0 538.0 199.0 -1 -1 -1 -1000 -1000 -1000 -10 0.0001251697540283203
Car -1 -1 -10 0.0 187.0 105.0 299.0 -1 -1 -1 -1000 -1000 -1000 -10 0.0001175999641418457
Car -1 -1 -10 521.0 161.0 550.0 196.0 -1 -1 -1 -1000 -1000 -1000 -10 0.00011050701141357422
Car -1 -1 -10 0.0 156.0 11.0 238.0 -1 -1 -1 -1000 -1000 -1000 -10 0.0001036524772644043
