Car -1 -1 -10 2.0 102.0 400.0 372.0 -1 -1 -1 -1000 -1000 -1000 -10 0.96630859375
Car -1 -1 -10 459.0 183.0 533.0 243.0 -1 -1 -1 -1000 -1000 -1000 -10 0.96044921875
Car -1 -1 -10 336.0 184.0 491.0 299.0 -1 -1 -1 -1000 -1000 -1000 -10 0.958984375
Car -1 -1 -10 496.0 155.0 557.0 218.0 -1 -1 -1 -1000 -1000 -1000 -10 0.95458984375
Car -1 -1 -10 675.0 171.0 868.0 245.0 -1 -1 -1 -1000 -1000 -1000 -10 0.95361328125
Car -1 -1 -10 629.0 172.0 731.0 212.0 -1 -1 -1 -1000 -1000 -1000 -10 0.94189453125
Car -1 -1 -10 658.0 176.0 805.0 227.0 -1 -1 -1 -1000 -1000 -1000 -10 0.93408203125
Car -1 -1 -10 534.0 168.0 574.0 204.0 -1 -1 -1 -1000 -1000 -1000 -10 0.92578125
Car -1 -1 -10 617.0 176.0 647.0 201.0 -1 -1 -1 -1000 -1000 -1000 -10 0.7822265625
Car -1 -1 -10 485.0 169.0 556.0 227.0 -1 -1 -1 -1000 -1000 -1000 -10 0.1708984375
Car -1 -1 -10 466.0 162.0 539.0 234.0 -1 -1 -1 -1000 -1000 -1000 -10 0.11590576171875
Car -1 -1 -10 612.0 175.0 636.0 199.0 -1 -1 -1 -1000 -1000 -1000 -10 0.02227783203125
Cyclist -1 -1 -10 1214.0 152.0 1242.0 373.0 -1 -1 -1 -1000 -1000 -1000 -10 0.01611328125
Car -1 -1 -10 0.0 203.0 55.0 375.0 -1 -1 -1 -1000 -1000 -1000 -10 0.01171112060546875
Cyclist -1 -1 -10 1199.0 121.0 1242.0 367.0 -1 -1 -1 -1000 -1000 -1000 -10 0.0098419189453125
Car -1 -1 -10 0.0 197.0 33.0 374.0 -1 -1 -1 -1000 -1000 -1000 -10 0.00838470458984375
Cyclist -1 -1 -10 1173.0 137.0 1242.0 375.0 -1 -1 -1 -1000 -1000 -1000 -10 0.004474639892578125
Pedestrian -1 -1 -10 588.0 172.0 596.0 186.0 -1 -1 -1 -1000 -1000 -1000 -10 0.004467010498046875
Cyclist -1 -1 -10 1226.0 193.0 1241.0 316.0 -1 -1 -1 -1000 -1000 -1000 -10 0.0038585662841796875
Pedestrian -1 -1 -10 585.0 173.0 593.0 186.0 -1 -1 -1 -1000 -1000 -1000 -10 0.0026683807373046875
Car -1 -1 -10 620.0 173.0 657.0 210.0 -1 -1 -1 -1000 -1000 -1000 -10 0.002079010009765625
Cyclist -1 -1 -10 1213.0 189.0 1242.0 323.0 -1 -1 -1 -1000 -1000 -1000 -10 0.0019006729125976562
Car -1 -1 -10 700.0 173.0 844.0 228.0 -1 -1 -1 -1000 -1000 -1000 -10 0.0017976760864257812
Car -1 -1 -10 0.0 205.0 136.0 375.0 -1 -1 -1 -1000 -1000 -1000 -10 0.001674652099609375
Cyclist -1 -1 -10 1221.0 120.0 1242.0 333.0 -1 -1 -1 -1000 -1000 -1000 -10 0.0014619827270507812
Pedestrian -1 -1 -10 590.0 172.0 600.0 185.0 -1 -1 -1 -1000 -1000 -1000 -10 0.0014286041259765625
Car -1 -1 -10 623.0 177.0 653.0 203.0 -1 -1 -1 -1000 -1000 -1000 -10 0.0013551712036132812
Car -1 -1 -10 0.0 186.0 93.0 369.0 -1 -1 -1 -1000 -1000 -1000 -10 0.0006403923034667969
Car -1 -1 -10 632.0 141.0 834.0 247.0 -1 -1 -1 -1000 -1000 -1000 -10 0.0005884170532226562
Cyclist -1 -1 -10 1219.0 196.0 1241.0 300.0 -1 -1 -1 -1000 -1000 -1000 -10 0.0005083084106445312
Car -1 -1 -10 414.0 157.0 555.0 270.0 -1 -1 -1 -1000 -1000 -1000 -10 0.00037479400634765625
Car -1 -1 -10 1.0 194.0 50.0 322.0 -1 -1 -1 -1000 -1000 -1000 -10 0.00037288665771484375
Car -1 -1 -10 585.0 132.0 781.0 275.0 -1 -1 -1 -1000 -1000 -1000 -10 0.0003447532653808594
Car -1 -1 -10 653.0 175.0 702.0 203.0 -1 -1 -1 -1000 -1000 -1000 -10 0.0003287792205810547
Car -1 -1 -10 682.0 0.0 730.0 16.0 -1 -1 -1 -1000 -1000 -1000 -10 0.0003120899200439453
Pedestrian -1 -1 -10 596.0 172.0 606.0 189.0 -1 -1 -1 -1000 -1000 -1000 -10 0.0003032684326171875
Car -1 -1 -10 622.0 164.0 743.0 230.0 -1 -1 -1 -1000 -1000 -1000 -10 0.00027298927307128906
Car -1 -1 -10 0.0 173.0 24.0 323.0 -1 -1 -1 -1000 -1000 -1000 -10 0.0002689361572265625
Car -1 -1 -10 936.0 82.0 961.0 115.0 -1 -1 -1 -1000 -1000 -1000 -10 0.0002582073211669922
Car -1 -1 -10 454.0 133.0 585.0 236.0 -1 -1 -1 -1000 -1000 -1000 -10 0.00025534629821777344
Car -1 -1 -10 547.0 169.0 572.0 192.0 -1 -1 -1 -1000 -1000 -1000 -10 0.00024509429931640625
Car -1 -1 -10 686.0 0.0 726.0 12.0 -1 -1 -1 -1000 -1000 -1000 -10 0.00022470951080322266
Cyclist -1 -1 -10 1130.0 160.0 1235.0 367.0 -1 -1 -1 -1000 -1000 -1000 -10 0.00019931793212890625
Cyclist -1 -1 -10 1198.0 185.0 1241.0 311.0 -1 -1 -1 -1000 -1000 -1000 -10 0.00018525123596191406
Cyclist -1 -1 -10 1230.0 181.0 1241.0 291.0 -1 -1 -1 -1000 -1000 -1000 -10 0.00017464160919189453
Car -1 -1 -10 612.0 174.0 645.0 209.0 -1 -1 -1 -1000 -1000 -1000 -10 0.0001550912857055664
Cyclist -1 -1 -10 1154.0 115.0 1238.0 335.0 -1 -1 -1 -1000 -1000 -1000 -10 0.0001480579376220703
Cyclist -1 -1 -10 1226.0 221.0 1242.0 284.0 -1 -1 -1 -1000 -1000 -1000 -10 0.00014770030975341797
Car -1 -1 -10 712.0 178.0 758.0 219.0 -1 -1 -1 -1000 -1000 -1000 -10 0.0001430511474609375
Pedestrian -1 -1 -10 565.0 172.0 578.0 191.0 -1 -1 -1 -1000 -1000 -1000 -10 0.00012993812561035156
Pedestrian -1 -1 -10 594.0 170.0 604.0 186.0 -1 -1 -1 -1000 -1000 -1000 -10 0.00011646747589111328
Car -1 -1 -10 692.0 177.0 772.0 221.0 -1 -1 -1 -1000 -1000 -1000 -10 0.00011307001113891602
