Car -1 -1 -10 848.0 160.0 1232.0 371.0 -1 -1 -1 -1000 -1000 -1000 -10 0.97021484375
Car -1 -1 -10 122.0 182.0 354.0 323.0 -1 -1 -1 -1000 -1000 -1000 -10 0.9697265625
Car -1 -1 -10 247.0 178.0 437.0 277.0 -1 -1 -1 -1000 -1000 -1000 -10 0.96142578125
Car -1 -1 -10 584.0 181.0 640.0 226.0 -1 -1 -1 -1000 -1000 -1000 -10 0.95654296875
Car -1 -1 -10 371.0 177.0 510.0 234.0 -1 -1 -1 -1000 -1000 -1000 -10 0.94580078125
Car -1 -1 -10 41.0 181.0 234.0 274.0 -1 -1 -1 -1000 -1000 -1000 -10 0.9375
Car -1 -1 -10 1025.0 142.0 1241.0 239.0 -1 -1 -1 -1000 -1000 -1000 -10 0.93310546875
Car -1 -1 -10 215.0 169.0 303.0 207.0 -1 -1 -1 -1000 -1000 -1000 -10 0.92333984375
Car -1 -1 -10 400.0 158.0 453.0 196.0 -1 -1 -1 -1000 -1000 -1000 -10 0.9150390625
Pedestrian -1 -1 -10 723.0 174.0 746.0 232.0 -1 -1 -1 -1000 -1000 -1000 -10 0.9111328125
Car -1 -1 -10 591.0 176.0 626.0 207.0 -1 -1 -1 -1000 -1000 -1000 -10 0.9091796875
Car -1 -1 -10 464.0 155.0 562.0 207.0 -1 -1 -1 -1000 -1000 -1000 -10 0.90771484375
Car -1 -1 -10 860.0 175.0 1043.0 240.0 -1 -1 -1 -1000 -1000 -1000 -10 0.9013671875
Car -1 -1 -10 0.0 181.0 80.0 304.0 -1 -1 -1 -1000 -1000 -1000 -10 0.8818359375
Car -1 -1 -10 439.0 177.0 531.0 214.0 -1 -1 -1 -1000 -1000 -1000 -10 0.78369140625
Car -1 -1 -10 401.0 178.0 522.0 223.0 -1 -1 -1 -1000 -1000 -1000 -10 0.5791015625
Car -1 -1 -10 453.0 172.0 545.0 209.0 -1 -1 -1 -1000 -1000 -1000 -10 0.347412109375
Car -1 -1 -10 1136.0 206.0 1242.0 373.0 -1 -1 -1 -1000 -1000 -1000 -10 0.06585693359375
Car -1 -1 -10 0.0 186.0 37.0 282.0 -1 -1 -1 -1000 -1000 -1000 -10 0.0199432373046875
Car -1 -1 -10 0.0 175.0 31.0 259.0 -1 -1 -1 -1000 -1000 -1000 -10 0.0142669677734375
Car -1 -1 -10 455.0 185.0 542.0 215.0 -1 -1 -1 -1000 -1000 -1000 -10 0.01392364501953125
Car -1 -1 -10 0.0 174.0 19.0 256.0 -1 -1 -1 -1000 -1000 -1000 -10 0.00997161865234375
Car -1 -1 -10 484.0 162.0 567.0 203.0 -1 -1 -1 -1000 -1000 -1000 -10 0.007572174072265625
Car -1 -1 -10 0.0 192.0 19.0 314.0 -1 -1 -1 -1000 -1000 -1000 -10 0.006855010986328125
Car -1 -1 -10 0.0 179.0 61.0 280.0 -1 -1 -1 -1000 -1000 -1000 -10 0.006511688232421875
Car -1 -1 -10 1175.0 135.0 1242.0 232.0 -1 -1 -1 -1000 -1000 -1000 -10 0.004486083984375
Car -1 -1 -10 388.0 169.0 473.0 205.0 -1 -1 -1 -1000 -1000 -1000 -10 0.004077911376953125
Car -1 -1 -10 0.0 202.0 36.0 321.0 -1 -1 -1 -1000 -1000 -1000 -10 0.0035648345947265625
Car -1 -1 -10 1176.0 172.0 1242.0 375.0 -1 -1 -1 -1000 -1000 -1000 -10 0.002590179443359375
Car -1 -1 -10 851.0 176.0 997.0 230.0 -1 -1 -1 -1000 -1000 -1000 -10 0.0025310516357421875
Car -1 -1 -10 1072.0 159.0 1232.0 237.0 -1 -1 -1 -1000 -1000 -1000 -10 0.002300262451171875
Car -1 -1 -10 482.0 179.0 560.0 210.0 -1 -1 -1 -1000 -1000 -1000 -10 0.002231597900390625
Car -1 -1 -10 418.0 180.0 462.0 224.0 -1 -1 -1 -1000 -1000 -1000 -10 0.00171661376953125
Car -1 -1 -10 0.0 166.0 54.0 253.0 -1 -1 -1 -1000 -1000 -1000 -10 0.0016002655029296875
Car -1 -1 -10 0.0 198.0 62.0 322.0 -1 -1 -1 -1000 -1000 -1000 -10 0.00154876708984375
Car -1 -1 -10 0.0 177.0 16.0 235.0 -1 -1 -1 -1000 -1000 -1000 -10 0.0014095306396484375
Car -1 -1 -10 1210.0 134.0 1242.0 255.0 -1 -1 -1 -1000 -1000 -1000 -10 0.00130462646484375
Car -1 -1 -10 174.0 187.0 302.0 311.0 -1 -1 -1 -1000 -1000 -1000 -10 0.001251220703125
Car -1 -1 -10 204.0 163.0 323.0 240.0 -1 -1 -1 -1000 -1000 -1000 -10 0.0012254714965820312
Car -1 -1 -10 1220.0 193.0 1242.0 319.0 -1 -1 -1 -1000 -1000 -1000 -10 0.00115966796875
Car -1 -1 -10 165.0 140.0 362.0 287.0 -1 -1 -1 -1000 -1000 -1000 -10 0.0008950233459472656
Car -1 -1 -10 208.0 155.0 311.0 218.0 -1 -1 -1 -1000 -1000 -1000 -10 0.0008902549743652344
Car -1 -1 -10 1219.0 168.0 1241.0 273.0 -1 -1 -1 -1000 -1000 -1000 -10 0.0008425712585449219
Car -1 -1 -10 1196.0 120.0 1241.0 240.0 -1 -1 -1 -1000 -1000 -1000 -10 0.0007944107055664062
Car -1 -1 -10 1228.0 204.0 1242.0 282.0 -1 -1 -1 -1000 -1000 -1000 -10 0.0006961822509765625
Car -1 -1 -10 849.0 158.0 1051.0 265.0 -1 -1 -1 -1000 -1000 -1000 -10 0.0006847381591796875
Car -1 -1 -10 461.0 179.0 511.0 209.0 -1 -1 -1 -1000 -1000 -1000 -10 0.0006561279296875
Car -1 -1 -10 1133.0 139.0 1242.0 242.0 -1 -1 -1 -1000 -1000 -1000 -10 0.0006279945373535156
Car -1 -1 -10 579.0 169.0 643.0 235.0 -1 -1 -1 -1000 -1000 -1000 -10 0.0005631446838378906
Car -1 -1 -10 1214.0 202.0 1242.0 285.0 -1 -1 -1 -1000 -1000 -1000 -10 0.0005335807800292969
Car -1 -1 -10 0.0 162.0 29.0 236.0 -1 -1 -1 -1000 -1000 -1000 -10 0.0005173683166503906
Car -1 -1 -10 402.0 148.0 455.0 185.0 -1 -1 -1 -1000 -1000 -1000 -10 0.0005049705505371094
Car -1 -1 -10 405.0 170.0 450.0 202.0 -1 -1 -1 -1000 -1000 -1000 -10 0.0005011558532714844
Car -1 -1 -10 584.0 181.0 626.0 215.0 -1 -1 -1 -1000 -1000 -1000 -10 0.00046825408935546875
Car -1 -1 -10 0.0 211.0 19.0 275.0 -1 -1 -1 -1000 -1000 -1000 -10 0.0004668235778808594
Car -1 -1 -10 400.0 176.0 475.0 225.0 -1 -1 -1 -1000 -1000 -1000 -10 0.0004553794860839844
Car -1 -1 -10 527.0 141.0 677.0 249.0 -1 -1 -1 -1000 -1000 -1000 -10 0.00044655799865722656
Car -1 -1 -10 1.0 168.0 85.0 257.0 -1 -1 -1 -1000 -1000 -1000 -10 0.0004343986511230469
Car -1 -1 -10 1207.0 202.0 1241.0 359.0 -1 -1 -1 -1000 -1000 -1000 -10 0.000415802001953125
Car -1 -1 -10 229.0 172.0 279.0 202.0 -1 -1 -1 -1000 -1000 -1000 -10 0.0003848075866699219
Car -1 -1 -10 1089.0 142.0 1242.0 216.0 -1 -1 -1 -1000 -1000 -1000 -10 0.00038051605224609375
Car -1 -1 -10 169.0 116.0 354.0 243.0 -1 -1 -1 -1000 -1000 -1000 -10 0.0003650188446044922
Car -1 -1 -10 421.0 156.0 534.0 223.0 -1 -1 -1 -1000 -1000 -1000 -10 0.0003647804260253906
Car -1 -1 -10 1016.0 157.0 1178.0 240.0 -1 -1 -1 -1000 -1000 -1000 -10 0.00034928321838378906
Car -1 -1 -10 348.0 149.0 535.0 251.0 -1 -1 -1 -1000 -1000 -1000 -10 0.00034928321838378906
Car -1 -1 -10 1192.0 150.0 1242.0 276.0 -1 -1 -1 -1000 -1000 -1000 -10 0.0003380775451660156
Car -1 -1 -10 1131.0 315.0 1239.0 375.0 -1 -1 -1 -1000 -1000 -1000 -10 0.00033283233642578125
Car -1 -1 -10 1227.0 187.0 1242.0 262.0 -1 -1 -1 -1000 -1000 -1000 -10 0.0003247261047363281
Car -1 -1 -10 270.0 174.0 335.0 202.0 -1 -1 -1 -1000 -1000 -1000 -10 0.00030922889709472656
Car -1 -1 -10 552.0 135.0 704.0 277.0 -1 -1 -1 -1000 -1000 -1000 -10 0.00025963783264160156
Car -1 -1 -10 380.0 164.0 431.0 202.0 -1 -1 -1 -1000 -1000 -1000 -10 0.00025582313537597656
Car -1 -1 -10 415.0 125.0 604.0 260.0 -1 -1 -1 -1000 -1000 -1000 -10 0.00025391578674316406
Car -1 -1 -10 226.0 179.0 363.0 264.0 -1 -1 -1 -1000 -1000 -1000 -10 0.00023543834686279297
Car -1 -1 -10 1201.0 179.0 1242.0 299.0 -1 -1 -1 -1000 -1000 -1000 -10 0.0002269744873046875
Car -1 -1 -10 1209.0 179.0 1242.0 265.0 -1 -1 -1 -1000 -1000 -1000 -10 0.00022339820861816406
Car -1 -1 -10 53.0 176.0 289.0 301.0 -1 -1 -1 -1000 -1000 -1000 -10 0.00021946430206298828
Car -1 -1 -10 0.0 227.0 18.0 339.0 -1 -1 -1 -1000 -1000 -1000 -10 0.0002065896987915039
Car -1 -1 -10 0.0 227.0 30.0 335.0 -1 -1 -1 -1000 -1000 -1000 -10 0.0001926422119140625
Car -1 -1 -10 630.0 168.0 661.0 196.0 -1 -1 -1 -1000 -1000 -1000 -10 0.00018274784088134766
Car -1 -1 -10 1122.0 257.0 1238.0 375.0 -1 -1 -1 -1000 -1000 -1000 -10 0.0001647472381591797
Car -1 -1 -10 315.0 110.0 506.0 246.0 -1 -1 -1 -1000 -1000 -1000 -10 0.00016188621520996094
Car -1 -1 -10 0.0 352.0 379.0 375.0 -1 -1 -1 -1000 -1000 -1000 -10 0.0001494884490966797
Pedestrian -1 -1 -10 729.0 179.0 748.0 232.0 -1 -1 -1 -1000 -1000 -1000 -10 0.00014519691467285156
Car -1 -1 -10 499.0 172.0 571.0 205.0 -1 -1 -1 -1000 -1000 -1000 -10 0.00014483928680419922
Car -1 -1 -10 600.0 179.0 634.0 210.0 -1 -1 -1 -1000 -1000 -1000 -10 0.00013518333435058594
Car -1 -1 -10 382.0 146.0 460.0 210.0 -1 -1 -1 -1000 -1000 -1000 -10 0.00012922286987304688
Car -1 -1 -10 330.0 176.0 499.0 256.0 -1 -1 -1 -1000 -1000 -1000 -10 0.00012373924255371094
Car -1 -1 -10 238.0 170.0 320.0 209.0 -1 -1 -1 -1000 -1000 -1000 -10 0.00012129545211791992
Car -1 -1 -10 286.0 171.0 344.0 196.0 -1 -1 -1 -1000 -1000 -1000 -10 0.0001055002212524414
