Car -1 -1 -10 179.0 193.0 268.0 222.0 -1 -1 -1 -1000 -1000 -1000 -10 0.921875
Car -1 -1 -10 146.0 190.0 215.0 214.0 -1 -1 -1 -1000 -1000 -1000 -10 0.00647735595703125
Car -1 -1 -10 155.0 191.0 235.0 217.0 -1 -1 -1 -1000 -1000 -1000 -10 0.00067138671875
Car -1 -1 -10 197.0 195.0 247.0 215.0 -1 -1 -1 -1000 -1000 -1000 -10 0.00037980079650878906
Car -1 -1 -10 169.0 175.0 277.0 238.0 -1 -1 -1 -1000 -1000 -1000 -10 0.0002636909484863281
Car -1 -1 -10 0.0 183.0 11.0 259.0 -1 -1 -1 -1000 -1000 -1000 -10 0.00024437904357910156
Car -1 -1 -10 0.0 191.0 10.0 236.0 -1 -1 -1 -1000 -1000 -1000 -10 0.00014913082122802734
Car -1 -1 -10 482.0 0.0 518.0 11.0 -1 -1 -1 -1000 -1000 -1000 -10 0.00014770030975341797
Car -1 -1 -10 0.0 160.0 14.0 254.0 -1 -1 -1 -1000 -1000 -1000 -10 0.00012576580047607422
Car -1 -1 -10 0.0 180.0 15.0 283.0 -1 -1 -1 -1000 -1000 -1000 -10 0.00011301040649414062
Car -1 -1 -10 130.0 138.0 316.0 277.0 -1 -1 -1 -1000 -1000 -1000 -10 0.00011026859283447266
