Car -1 -1 -10 699.0 168.0 864.0 309.0 -1 -1 -1 -1000 -1000 -1000 -10 0.96875
Car -1 -1 -10 344.0 195.0 503.0 322.0 -1 -1 -1 -1000 -1000 -1000 -10 0.96435546875
Car -1 -1 -10 489.0 188.0 549.0 236.0 -1 -1 -1 -1000 -1000 -1000 -10 0.94775390625
Car -1 -1 -10 653.0 187.0 734.0 242.0 -1 -1 -1 -1000 -1000 -1000 -10 0.94091796875
Car -1 -1 -10 686.0 185.0 787.0 261.0 -1 -1 -1 -1000 -1000 -1000 -10 0.9306640625
Car -1 -1 -10 544.0 184.0 570.0 208.0 -1 -1 -1 -1000 -1000 -1000 -10 0.92333984375
Car -1 -1 -10 629.0 181.0 655.0 203.0 -1 -1 -1 -1000 -1000 -1000 -10 0.89794921875
Car -1 -1 -10 661.0 185.0 759.0 253.0 -1 -1 -1 -1000 -1000 -1000 -10 0.38427734375
Pedestrian -1 -1 -10 1192.0 151.0 1242.0 375.0 -1 -1 -1 -1000 -1000 -1000 -10 0.0033969879150390625
Pedestrian -1 -1 -10 1209.0 174.0 1242.0 375.0 -1 -1 -1 -1000 -1000 -1000 -10 0.0023097991943359375
Car -1 -1 -10 477.0 193.0 533.0 245.0 -1 -1 -1 -1000 -1000 -1000 -10 0.0014677047729492188
Car -1 -1 -10 673.0 177.0 803.0 279.0 -1 -1 -1 -1000 -1000 -1000 -10 0.0012598037719726562
Car -1 -1 -10 554.0 181.0 575.0 201.0 -1 -1 -1 -1000 -1000 -1000 -10 0.0008668899536132812
Car -1 -1 -10 0.0 186.0 52.0 371.0 -1 -1 -1 -1000 -1000 -1000 -10 0.0006394386291503906
Car -1 -1 -10 430.0 144.0 601.0 282.0 -1 -1 -1 -1000 -1000 -1000 -10 0.00038242340087890625
Car -1 -1 -10 607.0 164.0 777.0 282.0 -1 -1 -1 -1000 -1000 -1000 -10 0.0003807544708251953
Car -1 -1 -10 468.0 184.0 552.0 255.0 -1 -1 -1 -1000 -1000 -1000 -10 0.0003733634948730469
Pedestrian -1 -1 -10 0.0 193.0 37.0 371.0 -1 -1 -1 -1000 -1000 -1000 -10 0.00036835670471191406
Pedestrian -1 -1 -10 1153.0 152.0 1242.0 375.0 -1 -1 -1 -1000 -1000 -1000 -10 0.00027251243591308594
Car -1 -1 -10 0.0 210.0 36.0 375.0 -1 -1 -1 -1000 -1000 -1000 -10 0.00025010108947753906
Pedestrian -1 -1 -10 1.0 217.0 51.0 357.0 -1 -1 -1 -1000 -1000 -1000 -10 0.00021982192993164062
Car -1 -1 -10 0.0 173.0 28.0 364.0 -1 -1 -1 -1000 -1000 -1000 -10 0.00020992755889892578
Car -1 -1 -10 629.0 173.0 659.0 207.0 -1 -1 -1 -1000 -1000 -1000 -10 0.0001672506332397461
Car -1 -1 -10 666.0 185.0 721.0 221.0 -1 -1 -1 -1000 -1000 -1000 -10 0.00015425682067871094
Car -1 -1 -10 1186.0 61.0 1242.0 374.0 -1 -1 -1 -1000 -1000 -1000 -10 0.00012743473052978516
Car -1 -1 -10 334.0 0.0 400.0 48.0 -1 -1 -1 -1000 -1000 -1000 -10 0.0001220703125
Car -1 -1 -10 865.0 322.0 1241.0 375.0 -1 -1 -1 -1000 -1000 -1000 -10 0.00010669231414794922
Pedestrian -1 -1 -10 1221.0 239.0 1242.0 373.0 -1 -1 -1 -1000 -1000 -1000 -10 0.00010395050048828125
Car -1 -1 -10 624.0 181.0 647.0 201.0 -1 -1 -1 -1000 -1000 -1000 -10 0.0001016855239868164
