Cyclist -1 -1 -10 836.0 175.0 938.0 288.0 -1 -1 -1 -1000 -1000 -1000 -10 0.93603515625
Pedestrian -1 -1 -10 200.0 169.0 235.0 265.0 -1 -1 -1 -1000 -1000 -1000 -10 0.88525390625
Pedestrian -1 -1 -10 75.0 175.0 102.0 282.0 -1 -1 -1 -1000 -1000 -1000 -10 0.00925445556640625
Pedestrian -1 -1 -10 3.0 178.0 24.0 286.0 -1 -1 -1 -1000 -1000 -1000 -10 0.004917144775390625
Pedestrian -1 -1 -10 0.0 173.0 14.0 290.0 -1 -1 -1 -1000 -1000 -1000 -10 0.0037441253662109375
Pedestrian -1 -1 -10 71.0 177.0 96.0 269.0 -1 -1 -1 -1000 -1000 -1000 -10 0.0031833648681640625
Pedestrian -1 -1 -10 9.0 180.0 41.0 283.0 -1 -1 -1 -1000 -1000 -1000 -10 0.0017576217651367188
Pedestrian -1 -1 -10 0.0 167.0 17.0 330.0 -1 -1 -1 -1000 -1000 -1000 -10 0.0012636184692382812
Car -1 -1 -10 1167.0 184.0 1223.0 368.0 -1 -1 -1 -1000 -1000 -1000 -10 0.0011587142944335938
Car -1 -1 -10 1193.0 183.0 1224.0 367.0 -1 -1 -1 -1000 -1000 -1000 -10 0.0009350776672363281
Pedestrian -1 -1 -10 209.0 177.0 241.0 264.0 -1 -1 -1 -1000 -1000 -1000 -10 0.000560760498046875
Pedestrian -1 -1 -10 118.0 177.0 158.0 279.0 -1 -1 -1 -1000 -1000 -1000 -10 0.0005259513854980469
Pedestrian -1 -1 -10 191.0 170.0 226.0 265.0 -1 -1 -1 -1000 -1000 -1000 -10 0.00043272972106933594
Car -1 -1 -10 1139.0 174.0 1224.0 361.0 -1 -1 -1 -1000 -1000 -1000 -10 0.0003097057342529297
Pedestrian -1 -1 -10 80.0 163.0 117.0 274.0 -1 -1 -1 -1000 -1000 -1000 -10 0.00023090839385986328
Pedestrian -1 -1 -10 0.0 180.0 26.0 370.0 -1 -1 -1 -1000 -1000 -1000 -10 0.0001709461212158203
Car -1 -1 -10 0.0 170.0 13.0 255.0 -1 -1 -1 -1000 -1000 -1000 -10 0.0001537799835205078
Pedestrian -1 -1 -10 1.0 170.0 37.0 327.0 -1 -1 -1 -1000 -1000 -1000 -10 0.00013768672943115234
Car -1 -1 -10 1198.0 150.0 1224.0 334.0 -1 -1 -1 -1000 -1000 -1000 -10 0.0001055598258972168
Pedestrian -1 -1 -10 125.0 164.0 163.0 265.0 -1 -1 -1 -1000 -1000 -1000 -10 0.00010019540786743164
