Car -1 -1 -10 196.0 128.0 354.0 244.0 -1 -1 -1 -1000 -1000 -1000 -10 0.95556640625
Car -1 -1 -10 468.0 171.0 497.0 201.0 -1 -1 -1 -1000 -1000 -1000 -10 0.92578125
Car -1 -1 -10 549.0 180.0 565.0 194.0 -1 -1 -1 -1000 -1000 -1000 -10 0.8935546875
Car -1 -1 -10 0.0 204.0 18.0 310.0 -1 -1 -1 -1000 -1000 -1000 -10 0.00041103363037109375
Car -1 -1 -10 1215.0 196.0 1242.0 319.0 -1 -1 -1 -1000 -1000 -1000 -10 0.0002532005310058594
Car -1 -1 -10 544.0 179.0 561.0 193.0 -1 -1 -1 -1000 -1000 -1000 -10 0.0002390146255493164
Car -1 -1 -10 0.0 199.0 14.0 284.0 -1 -1 -1 -1000 -1000 -1000 -10 0.0001747608184814453
Car -1 -1 -10 1220.0 142.0 1242.0 310.0 -1 -1 -1 -1000 -1000 -1000 -10 0.00015664100646972656
Car -1 -1 -10 1226.0 198.0 1242.0 315.0 -1 -1 -1 -1000 -1000 -1000 -10 0.00015044212341308594
Car -1 -1 -10 550.0 174.0 564.0 189.0 -1 -1 -1 -1000 -1000 -1000 -10 0.00013709068298339844
Car -1 -1 -10 0.0 191.0 24.0 294.0 -1 -1 -1 -1000 -1000 -1000 -10 0.00013446807861328125
Car -1 -1 -10 0.0 193.0 12.0 261.0 -1 -1 -1 -1000 -1000 -1000 -10 0.00010406970977783203
