Car -1 -1 -10 1.0 201.0 302.0 367.0 -1 -1 -1 -1000 -1000 -1000 -10 0.97265625
Car -1 -1 -10 483.0 169.0 564.0 206.0 -1 -1 -1 -1000 -1000 -1000 -10 0.96826171875
Cyclist -1 -1 -10 991.0 146.0 1029.0 217.0 -1 -1 -1 -1000 -1000 -1000 -10 0.9677734375
Car -1 -1 -10 0.0 180.0 167.0 262.0 -1 -1 -1 -1000 -1000 -1000 -10 0.94482421875
Car -1 -1 -10 0.0 187.0 18.0 277.0 -1 -1 -1 -1000 -1000 -1000 -10 0.004138946533203125
Car -1 -1 -10 0.0 184.0 12.0 260.0 -1 -1 -1 -1000 -1000 -1000 -10 0.002643585205078125
Cyclist -1 -1 -10 1215.0 134.0 1224.0 219.0 -1 -1 -1 -1000 -1000 -1000 -10 0.0014896392822265625
Car -1 -1 -10 0.0 172.0 12.0 234.0 -1 -1 -1 -1000 -1000 -1000 -10 0.0008835792541503906
Car -1 -1 -10 476.0 158.0 567.0 219.0 -1 -1 -1 -1000 -1000 -1000 -10 0.0008358955383300781
Car -1 -1 -10 1.0 177.0 19.0 247.0 -1 -1 -1 -1000 -1000 -1000 -10 0.0007491111755371094
Car -1 -1 -10 0.0 189.0 25.0 305.0 -1 -1 -1 -1000 -1000 -1000 -10 0.000598907470703125
Cyclist -1 -1 -10 1216.0 150.0 1224.0 202.0 -1 -1 -1 -1000 -1000 -1000 -10 0.0005970001220703125
Pedestrian -1 -1 -10 1212.0 135.0 1224.0 246.0 -1 -1 -1 -1000 -1000 -1000 -10 0.000537872314453125
Car -1 -1 -10 88.0 210.0 204.0 352.0 -1 -1 -1 -1000 -1000 -1000 -10 0.00043463706970214844
Car -1 -1 -10 0.0 179.0 38.0 259.0 -1 -1 -1 -1000 -1000 -1000 -10 0.0004127025604248047
Pedestrian -1 -1 -10 249.0 177.0 286.0 231.0 -1 -1 -1 -1000 -1000 -1000 -10 0.0003612041473388672
Cyclist -1 -1 -10 1214.0 143.0 1224.0 251.0 -1 -1 -1 -1000 -1000 -1000 -10 0.0003464221954345703
Pedestrian -1 -1 -10 1207.0 153.0 1224.0 309.0 -1 -1 -1 -1000 -1000 -1000 -10 0.0003445148468017578
Car -1 -1 -10 1.0 186.0 52.0 292.0 -1 -1 -1 -1000 -1000 -1000 -10 0.0002949237823486328
Car -1 -1 -10 499.0 172.0 550.0 200.0 -1 -1 -1 -1000 -1000 -1000 -10 0.0002651214599609375
Pedestrian -1 -1 -10 1212.0 161.0 1223.0 275.0 -1 -1 -1 -1000 -1000 -1000 -10 0.00025081634521484375
Car -1 -1 -10 448.0 127.0 620.0 265.0 -1 -1 -1 -1000 -1000 -1000 -10 0.0002384185791015625
Car -1 -1 -10 0.0 195.0 21.0 355.0 -1 -1 -1 -1000 -1000 -1000 -10 0.0002124309539794922
Pedestrian -1 -1 -10 1216.0 140.0 1223.0 181.0 -1 -1 -1 -1000 -1000 -1000 -10 0.00020122528076171875
Cyclist -1 -1 -10 1207.0 134.0 1224.0 219.0 -1 -1 -1 -1000 -1000 -1000 -10 0.00017917156219482422
Car -1 -1 -10 0.0 194.0 39.0 312.0 -1 -1 -1 -1000 -1000 -1000 -10 0.0001671314239501953
Car -1 -1 -10 432.0 116.0 600.0 232.0 -1 -1 -1 -1000 -1000 -1000 -10 0.00015997886657714844
Pedestrian -1 -1 -10 1213.0 129.0 1224.0 187.0 -1 -1 -1 -1000 -1000 -1000 -10 0.0001474618911743164
Car -1 -1 -10 9.0 171.0 165.0 232.0 -1 -1 -1 -1000 -1000 -1000 -10 0.00011032819747924805
Cyclist -1 -1 -10 245.0 177.0 291.0 229.0 -1 -1 -1 -1000 -1000 -1000 -10 0.00010907649993896484
Car -1 -1 -10 0.0 176.0 67.0 263.0 -1 -1 -1 -1000 -1000 -1000 -10 0.00010329484939575195
Pedestrian -1 -1 -10 1191.0 143.0 1223.0 285.0 -1 -1 -1 -1000 -1000 -1000 -10 0.00010246038436889648
