Car -1 -1 -10 672.0 109.0 862.0 258.0 -1 -1 -1 -1000 -1000 -1000 -10 0.9677734375
Car -1 -1 -10 340.0 186.0 394.0 211.0 -1 -1 -1 -1000 -1000 -1000 -10 0.9443359375
Car -1 -1 -10 0.0 201.0 80.0 277.0 -1 -1 -1 -1000 -1000 -1000 -10 0.93701171875
Car -1 -1 -10 0.0 198.0 21.0 259.0 -1 -1 -1 -1000 -1000 -1000 -10 0.0006036758422851562
Car -1 -1 -10 0.0 192.0 91.0 291.0 -1 -1 -1 -1000 -1000 -1000 -10 0.000560760498046875
Car -1 -1 -10 0.0 194.0 12.0 256.0 -1 -1 -1 -1000 -1000 -1000 -10 0.00041174888610839844
Car -1 -1 -10 0.0 201.0 35.0 271.0 -1 -1 -1 -1000 -1000 -1000 -10 0.000335693359375
Car -1 -1 -10 225.0 88.0 242.0 104.0 -1 -1 -1 -1000 -1000 -1000 -10 0.000244140625
Car -1 -1 -10 220.0 89.0 247.0 106.0 -1 -1 -1 -1000 -1000 -1000 -10 0.00021791458129882812
Car -1 -1 -10 333.0 187.0 380.0 209.0 -1 -1 -1 -1000 -1000 -1000 -10 0.00015401840209960938
Car -1 -1 -10 1219.0 203.0 1242.0 360.0 -1 -1 -1 -1000 -1000 -1000 -10 0.00014138221740722656
Car -1 -1 -10 0.0 180.0 15.0 237.0 -1 -1 -1 -1000 -1000 -1000 -10 0.00012153387069702148
Car -1 -1 -10 397.0 72.0 426.0 98.0 -1 -1 -1 -1000 -1000 -1000 -10 0.00010216236114501953
