Car -1 -1 -10 989.0 176.0 1224.0 273.0 -1 -1 -1 -1000 -1000 -1000 -10 0.96044921875
Pedestrian -1 -1 -10 483.0 184.0 580.0 373.0 -1 -1 -1 -1000 -1000 -1000 -10 0.92041015625
Pedestrian -1 -1 -10 0.0 172.0 64.0 371.0 -1 -1 -1 -1000 -1000 -1000 -10 0.048248291015625
Pedestrian -1 -1 -10 0.0 187.0 32.0 367.0 -1 -1 -1 -1000 -1000 -1000 -10 0.01120758056640625
Pedestrian -1 -1 -10 0.0 157.0 101.0 374.0 -1 -1 -1 -1000 -1000 -1000 -10 0.00890350341796875
Car -1 -1 -10 1088.0 107.0 1237.0 196.0 -1 -1 -1 -1000 -1000 -1000 -10 0.0084381103515625
Pedestrian -1 -1 -10 1213.0 179.0 1238.0 340.0 -1 -1 -1 -1000 -1000 -1000 -10 0.0029449462890625
Car -1 -1 -10 1213.0 167.0 1238.0 322.0 -1 -1 -1 -1000 -1000 -1000 -10 0.0016889572143554688
Car -1 -1 -10 1043.0 179.0 1164.0 264.0 -1 -1 -1 -1000 -1000 -1000 -10 0.0016832351684570312
Pedestrian -1 -1 -10 0.0 153.0 23.0 340.0 -1 -1 -1 -1000 -1000 -1000 -10 0.0014781951904296875
Car -1 -1 -10 1090.0 41.0 1237.0 207.0 -1 -1 -1 -1000 -1000 -1000 -10 0.001338958740234375
Car -1 -1 -10 1194.0 172.0 1238.0 345.0 -1 -1 -1 -1000 -1000 -1000 -10 0.0012683868408203125
Pedestrian -1 -1 -10 0.0 157.0 170.0 372.0 -1 -1 -1 -1000 -1000 -1000 -10 0.0010786056518554688
Pedestrian -1 -1 -10 1195.0 183.0 1238.0 372.0 -1 -1 -1 -1000 -1000 -1000 -10 0.0009870529174804688
Pedestrian -1 -1 -10 0.0 137.0 47.0 352.0 -1 -1 -1 -1000 -1000 -1000 -10 0.00092315673828125
Car -1 -1 -10 1154.0 104.0 1235.0 225.0 -1 -1 -1 -1000 -1000 -1000 -10 0.0008969306945800781
Pedestrian -1 -1 -10 1.0 105.0 85.0 350.0 -1 -1 -1 -1000 -1000 -1000 -10 0.0007853507995605469
Car -1 -1 -10 1184.0 137.0 1237.0 307.0 -1 -1 -1 -1000 -1000 -1000 -10 0.0007786750793457031
Pedestrian -1 -1 -10 0.0 229.0 111.0 374.0 -1 -1 -1 -1000 -1000 -1000 -10 0.0006780624389648438
Car -1 -1 -10 1108.0 132.0 1233.0 207.0 -1 -1 -1 -1000 -1000 -1000 -10 0.0005826950073242188
Pedestrian -1 -1 -10 0.0 191.0 14.0 320.0 -1 -1 -1 -1000 -1000 -1000 -10 0.00041174888610839844
Car -1 -1 -10 1067.0 93.0 1238.0 221.0 -1 -1 -1 -1000 -1000 -1000 -10 0.0003364086151123047
Car -1 -1 -10 1177.0 110.0 1237.0 244.0 -1 -1 -1 -1000 -1000 -1000 -10 0.00031447410583496094
Car -1 -1 -10 1179.0 83.0 1237.0 201.0 -1 -1 -1 -1000 -1000 -1000 -10 0.0003066062927246094
Car -1 -1 -10 1150.0 122.0 1238.0 275.0 -1 -1 -1 -1000 -1000 -1000 -10 0.0002601146697998047
Car -1 -1 -10 1212.0 126.0 1237.0 279.0 -1 -1 -1 -1000 -1000 -1000 -10 0.00023698806762695312
Car -1 -1 -10 1212.0 100.0 1237.0 214.0 -1 -1 -1 -1000 -1000 -1000 -10 0.00022077560424804688
Pedestrian -1 -1 -10 0.0 101.0 135.0 353.0 -1 -1 -1 -1000 -1000 -1000 -10 0.00020933151245117188
Pedestrian -1 -1 -10 1223.0 184.0 1238.0 305.0 -1 -1 -1 -1000 -1000 -1000 -10 0.00020134449005126953
Car -1 -1 -10 1105.0 92.0 1235.0 175.0 -1 -1 -1 -1000 -1000 -1000 -10 0.00019490718841552734
Pedestrian -1 -1 -10 1208.0 211.0 1238.0 372.0 -1 -1 -1 -1000 -1000 -1000 -10 0.00017952919006347656
Car -1 -1 -10 1168.0 187.0 1234.0 302.0 -1 -1 -1 -1000 -1000 -1000 -10 0.00017571449279785156
Pedestrian -1 -1 -10 1221.0 212.0 1238.0 336.0 -1 -1 -1 -1000 -1000 -1000 -10 0.00016891956329345703
Car -1 -1 -10 1177.0 192.0 1237.0 373.0 -1 -1 -1 -1000 -1000 -1000 -10 0.00013875961303710938
Pedestrian -1 -1 -10 0.0 217.0 15.0 352.0 -1 -1 -1 -1000 -1000 -1000 -10 0.0001310110092163086
Pedestrian -1 -1 -10 1.0 173.0 28.0 297.0 -1 -1 -1 -1000 -1000 -1000 -10 0.00010722875595092773
