Car -1 -1 -10 552.0 175.0 612.0 234.0 -1 -1 -1 -1000 -1000 -1000 -10 0.96435546875
Car -1 -1 -10 482.0 151.0 539.0 211.0 -1 -1 -1 -1000 -1000 -1000 -10 0.9541015625
Car -1 -1 -10 264.0 178.0 309.0 199.0 -1 -1 -1 -1000 -1000 -1000 -10 0.921875
Car -1 -1 -10 865.0 183.0 930.0 207.0 -1 -1 -1 -1000 -1000 -1000 -10 0.89990234375
Cyclist -1 -1 -10 818.0 180.0 834.0 214.0 -1 -1 -1 -1000 -1000 -1000 -10 0.8447265625
Cyclist -1 -1 -10 821.0 179.0 840.0 213.0 -1 -1 -1 -1000 -1000 -1000 -10 0.1373291015625
Cyclist -1 -1 -10 825.0 179.0 847.0 214.0 -1 -1 -1 -1000 -1000 -1000 -10 0.068603515625
Cyclist -1 -1 -10 812.0 180.0 828.0 212.0 -1 -1 -1 -1000 -1000 -1000 -10 0.045989990234375
Cyclist -1 -1 -10 800.0 181.0 814.0 213.0 -1 -1 -1 -1000 -1000 -1000 -10 0.021942138671875
Car -1 -1 -10 302.0 177.0 341.0 196.0 -1 -1 -1 -1000 -1000 -1000 -10 0.01279449462890625
Cyclist -1 -1 -10 1225.0 186.0 1242.0 337.0 -1 -1 -1 -1000 -1000 -1000 -10 0.0063629150390625
Cyclist -1 -1 -10 1229.0 200.0 1242.0 290.0 -1 -1 -1 -1000 -1000 -1000 -10 0.002719879150390625
Car -1 -1 -10 538.0 176.0 554.0 193.0 -1 -1 -1 -1000 -1000 -1000 -10 0.001987457275390625
Car -1 -1 -10 308.0 178.0 350.0 198.0 -1 -1 -1 -1000 -1000 -1000 -10 0.0017948150634765625
Cyclist -1 -1 -10 1226.0 181.0 1242.0 276.0 -1 -1 -1 -1000 -1000 -1000 -10 0.0015354156494140625
Cyclist -1 -1 -10 1219.0 181.0 1242.0 365.0 -1 -1 -1 -1000 -1000 -1000 -10 0.0014219284057617188
Cyclist -1 -1 -10 1230.0 207.0 1242.0 264.0 -1 -1 -1 -1000 -1000 -1000 -10 0.0009126663208007812
Cyclist -1 -1 -10 814.0 175.0 833.0 210.0 -1 -1 -1 -1000 -1000 -1000 -10 0.0008091926574707031
Cyclist -1 -1 -10 1214.0 174.0 1242.0 308.0 -1 -1 -1 -1000 -1000 -1000 -10 0.0005249977111816406
Car -1 -1 -10 13.0 170.0 113.0 200.0 -1 -1 -1 -1000 -1000 -1000 -10 0.00046253204345703125
Car -1 -1 -10 493.0 144.0 644.0 270.0 -1 -1 -1 -1000 -1000 -1000 -10 0.0004596710205078125
Cyclist -1 -1 -10 792.0 180.0 809.0 211.0 -1 -1 -1 -1000 -1000 -1000 -10 0.0004372596740722656
Car -1 -1 -10 442.0 121.0 589.0 234.0 -1 -1 -1 -1000 -1000 -1000 -10 0.0004036426544189453
Cyclist -1 -1 -10 1225.0 214.0 1242.0 272.0 -1 -1 -1 -1000 -1000 -1000 -10 0.0004000663757324219
Cyclist -1 -1 -10 1230.0 223.0 1242.0 282.0 -1 -1 -1 -1000 -1000 -1000 -10 0.0003476142883300781
Car -1 -1 -10 0.0 175.0 13.0 226.0 -1 -1 -1 -1000 -1000 -1000 -10 0.0003437995910644531
Cyclist -1 -1 -10 1223.0 147.0 1242.0 267.0 -1 -1 -1 -1000 -1000 -1000 -10 0.00027871131896972656
Cyclist -1 -1 -10 1230.0 178.0 1242.0 256.0 -1 -1 -1 -1000 -1000 -1000 -10 0.0002689361572265625
Cyclist -1 -1 -10 0.0 182.0 24.0 342.0 -1 -1 -1 -1000 -1000 -1000 -10 0.00025391578674316406
Car -1 -1 -10 524.0 147.0 661.0 251.0 -1 -1 -1 -1000 -1000 -1000 -10 0.00021731853485107422
Car -1 -1 -10 0.0 167.0 17.0 264.0 -1 -1 -1 -1000 -1000 -1000 -10 0.00020015239715576172
Car -1 -1 -10 0.0 173.0 45.0 216.0 -1 -1 -1 -1000 -1000 -1000 -10 0.00018918514251708984
Car -1 -1 -10 326.0 176.0 359.0 195.0 -1 -1 -1 -1000 -1000 -1000 -10 0.00016891956329345703
Car -1 -1 -10 534.0 171.0 557.0 197.0 -1 -1 -1 -1000 -1000 -1000 -10 0.0001666545867919922
Cyclist -1 -1 -10 1155.0 373.0 1235.0 375.0 -1 -1 -1 -1000 -1000 -1000 -10 0.00015878677368164062
Cyclist -1 -1 -10 1208.0 213.0 1240.0 339.0 -1 -1 -1 -1000 -1000 -1000 -10 0.00015842914581298828
Cyclist -1 -1 -10 0.0 179.0 43.0 351.0 -1 -1 -1 -1000 -1000 -1000 -10 0.0001361370086669922
Car -1 -1 -10 259.0 179.0 294.0 199.0 -1 -1 -1 -1000 -1000 -1000 -10 0.00012767314910888672
Cyclist -1 -1 -10 1199.0 185.0 1242.0 362.0 -1 -1 -1 -1000 -1000 -1000 -10 0.0001251697540283203
Car -1 -1 -10 11.0 162.0 116.0 194.0 -1 -1 -1 -1000 -1000 -1000 -10 0.00011557340621948242
Cyclist -1 -1 -10 1219.0 220.0 1242.0 328.0 -1 -1 -1 -1000 -1000 -1000 -10 0.00011336803436279297
Car -1 -1 -10 338.0 179.0 378.0 198.0 -1 -1 -1 -1000 -1000 -1000 -10 0.00010567903518676758
Car -1 -1 -10 518.0 0.0 588.0 53.0 -1 -1 -1 -1000 -1000 -1000 -10 0.00010138750076293945
