Car -1 -1 -10 0.0 214.0 186.0 366.0 -1 -1 -1 -1000 -1000 -1000 -10 0.958984375
Car -1 -1 -10 278.0 189.0 432.0 246.0 -1 -1 -1 -1000 -1000 -1000 -10 0.9541015625
Cyclist -1 -1 -10 609.0 176.0 630.0 227.0 -1 -1 -1 -1000 -1000 -1000 -10 0.91259765625
Cyclist -1 -1 -10 574.0 172.0 590.0 206.0 -1 -1 -1 -1000 -1000 -1000 -10 0.002147674560546875
Pedestrian -1 -1 -10 574.0 172.0 589.0 208.0 -1 -1 -1 -1000 -1000 -1000 -10 0.0008716583251953125
Car -1 -1 -10 0.0 229.0 21.0 369.0 -1 -1 -1 -1000 -1000 -1000 -10 0.0008587837219238281
Car -1 -1 -10 336.0 192.0 377.0 237.0 -1 -1 -1 -1000 -1000 -1000 -10 0.0006804466247558594
Car -1 -1 -10 1196.0 154.0 1241.0 371.0 -1 -1 -1 -1000 -1000 -1000 -10 0.00063323974609375
Car -1 -1 -10 1217.0 157.0 1241.0 362.0 -1 -1 -1 -1000 -1000 -1000 -10 0.0005030632019042969
Car -1 -1 -10 254.0 164.0 458.0 286.0 -1 -1 -1 -1000 -1000 -1000 -10 0.00045609474182128906
Car -1 -1 -10 369.0 124.0 397.0 142.0 -1 -1 -1 -1000 -1000 -1000 -10 0.00039315223693847656
Car -1 -1 -10 583.0 84.0 609.0 106.0 -1 -1 -1 -1000 -1000 -1000 -10 0.0003821849822998047
Pedestrian -1 -1 -10 570.0 171.0 585.0 204.0 -1 -1 -1 -1000 -1000 -1000 -10 0.0002968311309814453
Cyclist -1 -1 -10 657.0 179.0 676.0 217.0 -1 -1 -1 -1000 -1000 -1000 -10 0.0002474784851074219
Car -1 -1 -10 1168.0 141.0 1242.0 370.0 -1 -1 -1 -1000 -1000 -1000 -10 0.0001901388168334961
Car -1 -1 -10 0.0 231.0 13.0 341.0 -1 -1 -1 -1000 -1000 -1000 -10 0.0001615285873413086
Car -1 -1 -10 0.0 231.0 46.0 366.0 -1 -1 -1 -1000 -1000 -1000 -10 0.00014090538024902344
