Car -1 -1 -10 167.0 192.0 436.0 357.0 -1 -1 -1 -1000 -1000 -1000 -10 0.97509765625
Car -1 -1 -10 66.0 189.0 272.0 293.0 -1 -1 -1 -1000 -1000 -1000 -10 0.9599609375
Car -1 -1 -10 400.0 175.0 469.0 216.0 -1 -1 -1 -1000 -1000 -1000 -10 0.95654296875
Car -1 -1 -10 600.0 171.0 639.0 211.0 -1 -1 -1 -1000 -1000 -1000 -10 0.9521484375
Car -1 -1 -10 503.0 173.0 583.0 245.0 -1 -1 -1 -1000 -1000 -1000 -10 0.9482421875
Car -1 -1 -10 499.0 171.0 563.0 222.0 -1 -1 -1 -1000 -1000 -1000 -10 0.91162109375
Car -1 -1 -10 573.0 174.0 613.0 207.0 -1 -1 -1 -1000 -1000 -1000 -10 0.8828125
Car -1 -1 -10 580.0 173.0 636.0 211.0 -1 -1 -1 -1000 -1000 -1000 -10 0.5751953125
Car -1 -1 -10 396.0 164.0 472.0 231.0 -1 -1 -1 -1000 -1000 -1000 -10 0.0010671615600585938
Car -1 -1 -10 545.0 173.0 598.0 217.0 -1 -1 -1 -1000 -1000 -1000 -10 0.0010519027709960938
Car -1 -1 -10 492.0 159.0 610.0 257.0 -1 -1 -1 -1000 -1000 -1000 -10 0.00058746337890625
Car -1 -1 -10 244.0 199.0 356.0 343.0 -1 -1 -1 -1000 -1000 -1000 -10 0.0005164146423339844
Car -1 -1 -10 598.0 161.0 662.0 227.0 -1 -1 -1 -1000 -1000 -1000 -10 0.0004799365997314453
Car -1 -1 -10 342.0 131.0 520.0 276.0 -1 -1 -1 -1000 -1000 -1000 -10 0.00046253204345703125
Car -1 -1 -10 560.0 165.0 614.0 228.0 -1 -1 -1 -1000 -1000 -1000 -10 0.0003485679626464844
Car -1 -1 -10 565.0 157.0 624.0 217.0 -1 -1 -1 -1000 -1000 -1000 -10 0.0003330707550048828
Car -1 -1 -10 0.0 204.0 20.0 358.0 -1 -1 -1 -1000 -1000 -1000 -10 0.00029277801513671875
Car -1 -1 -10 449.0 136.0 603.0 245.0 -1 -1 -1 -1000 -1000 -1000 -10 0.0002646446228027344
Car -1 -1 -10 556.0 132.0 715.0 270.0 -1 -1 -1 -1000 -1000 -1000 -10 0.00023627281188964844
Car -1 -1 -10 0.0 188.0 17.0 300.0 -1 -1 -1 -1000 -1000 -1000 -10 0.0002237558364868164
Car -1 -1 -10 1208.0 185.0 1238.0 373.0 -1 -1 -1 -1000 -1000 -1000 -10 0.00019752979278564453
Car -1 -1 -10 521.0 175.0 571.0 229.0 -1 -1 -1 -1000 -1000 -1000 -10 0.0001430511474609375
Car -1 -1 -10 1193.0 163.0 1238.0 372.0 -1 -1 -1 -1000 -1000 -1000 -10 0.00014126300811767578
Car -1 -1 -10 0.0 249.0 22.0 374.0 -1 -1 -1 -1000 -1000 -1000 -10 0.00013494491577148438
Car -1 -1 -10 0.0 188.0 38.0 374.0 -1 -1 -1 -1000 -1000 -1000 -10 0.0001035928726196289
