Car -1 -1 -10 391.0 184.0 433.0 211.0 -1 -1 -1 -1000 -1000 -1000 -10 0.9482421875
Car -1 -1 -10 592.0 160.0 625.0 195.0 -1 -1 -1 -1000 -1000 -1000 -10 0.94384765625
Cyclist -1 -1 -10 704.0 161.0 726.0 210.0 -1 -1 -1 -1000 -1000 -1000 -10 0.916015625
Cyclist -1 -1 -10 246.0 188.0 266.0 219.0 -1 -1 -1 -1000 -1000 -1000 -10 0.86181640625
Cyclist -1 -1 -10 0.0 207.0 12.0 257.0 -1 -1 -1 -1000 -1000 -1000 -10 0.0022220611572265625
Car -1 -1 -10 0.0 208.0 13.0 270.0 -1 -1 -1 -1000 -1000 -1000 -10 0.00125885009765625
Cyclist -1 -1 -10 1219.0 149.0 1242.0 290.0 -1 -1 -1 -1000 -1000 -1000 -10 0.001033782958984375
Cyclist -1 -1 -10 1226.0 156.0 1242.0 272.0 -1 -1 -1 -1000 -1000 -1000 -10 0.00101470947265625
Cyclist -1 -1 -10 1214.0 139.0 1242.0 336.0 -1 -1 -1 -1000 -1000 -1000 -10 0.0007214546203613281
Cyclist -1 -1 -10 1.0 201.0 20.0 243.0 -1 -1 -1 -1000 -1000 -1000 -10 0.0004477500915527344
Cyclist -1 -1 -10 0.0 191.0 10.0 237.0 -1 -1 -1 -1000 -1000 -1000 -10 0.00042366981506347656
Cyclist -1 -1 -10 1192.0 120.0 1242.0 359.0 -1 -1 -1 -1000 -1000 -1000 -10 0.0004010200500488281
Car -1 -1 -10 0.0 215.0 16.0 283.0 -1 -1 -1 -1000 -1000 -1000 -10 0.000316619873046875
Cyclist -1 -1 -10 173.0 193.0 193.0 220.0 -1 -1 -1 -1000 -1000 -1000 -10 0.000274658203125
Cyclist -1 -1 -10 0.0 202.0 22.0 263.0 -1 -1 -1 -1000 -1000 -1000 -10 0.0002503395080566406
Car -1 -1 -10 518.0 0.0 587.0 51.0 -1 -1 -1 -1000 -1000 -1000 -10 0.00023567676544189453
Car -1 -1 -10 0.0 207.0 21.0 256.0 -1 -1 -1 -1000 -1000 -1000 -10 0.0002200603485107422
Cyclist -1 -1 -10 1204.0 119.0 1241.0 288.0 -1 -1 -1 -1000 -1000 -1000 -10 0.00017118453979492188
Cyclist -1 -1 -10 17.0 198.0 49.0 241.0 -1 -1 -1 -1000 -1000 -1000 -10 0.00015115737915039062
Cyclist -1 -1 -10 165.0 194.0 183.0 220.0 -1 -1 -1 -1000 -1000 -1000 -10 0.00013744831085205078
Cyclist -1 -1 -10 1224.0 137.0 1242.0 240.0 -1 -1 -1 -1000 -1000 -1000 -10 0.0001373291015625
Car -1 -1 -10 488.0 191.0 723.0 375.0 -1 -1 -1 -1000 -1000 -1000 -10 0.00013124942779541016
Cyclist -1 -1 -10 4.0 195.0 21.0 233.0 -1 -1 -1 -1000 -1000 -1000 -10 0.000125885009765625
Cyclist -1 -1 -10 182.0 194.0 199.0 220.0 -1 -1 -1 -1000 -1000 -1000 -10 0.00011348724365234375
Cyclist -1 -1 -10 1170.0 130.0 1241.0 314.0 -1 -1 -1 -1000 -1000 -1000 -10 0.00010257959365844727
Cyclist -1 -1 -10 1230.0 149.0 1242.0 222.0 -1 -1 -1 -1000 -1000 -1000 -10 0.00010216236114501953
