Car -1 -1 -10 0.0 146.0 235.0 371.0 -1 -1 -1 -1000 -1000 -1000 -10 0.96826171875
Car -1 -1 -10 448.0 186.0 539.0 251.0 -1 -1 -1 -1000 -1000 -1000 -10 0.9609375
Car -1 -1 -10 428.0 186.0 486.0 235.0 -1 -1 -1 -1000 -1000 -1000 -10 0.93798828125
Car -1 -1 -10 229.0 189.0 287.0 239.0 -1 -1 -1 -1000 -1000 -1000 -10 0.935546875
Car -1 -1 -10 245.0 163.0 301.0 221.0 -1 -1 -1 -1000 -1000 -1000 -10 0.93310546875
Car -1 -1 -10 404.0 188.0 458.0 228.0 -1 -1 -1 -1000 -1000 -1000 -10 0.9267578125
Car -1 -1 -10 386.0 187.0 417.0 214.0 -1 -1 -1 -1000 -1000 -1000 -10 0.9248046875
Car -1 -1 -10 234.0 173.0 294.0 235.0 -1 -1 -1 -1000 -1000 -1000 -10 0.6337890625
Car -1 -1 -10 357.0 178.0 383.0 203.0 -1 -1 -1 -1000 -1000 -1000 -10 0.439208984375
Car -1 -1 -10 0.0 201.0 67.0 369.0 -1 -1 -1 -1000 -1000 -1000 -10 0.05926513671875
Car -1 -1 -10 241.0 185.0 290.0 228.0 -1 -1 -1 -1000 -1000 -1000 -10 0.030120849609375
Car -1 -1 -10 0.0 211.0 36.0 371.0 -1 -1 -1 -1000 -1000 -1000 -10 0.00907135009765625
Car -1 -1 -10 0.0 171.0 95.0 375.0 -1 -1 -1 -1000 -1000 -1000 -10 0.0025844573974609375
Car -1 -1 -10 743.0 0.0 811.0 13.0 -1 -1 -1 -1000 -1000 -1000 -10 0.0009860992431640625
Car -1 -1 -10 0.0 109.0 58.0 291.0 -1 -1 -1 -1000 -1000 -1000 -10 0.0007758140563964844
Car -1 -1 -10 52.0 148.0 180.0 365.0 -1 -1 -1 -1000 -1000 -1000 -10 0.0005731582641601562
Car -1 -1 -10 438.0 170.0 561.0 264.0 -1 -1 -1 -1000 -1000 -1000 -10 0.0004901885986328125
Car -1 -1 -10 408.0 177.0 481.0 239.0 -1 -1 -1 -1000 -1000 -1000 -10 0.00045800209045410156
Car -1 -1 -10 161.0 151.0 323.0 275.0 -1 -1 -1 -1000 -1000 -1000 -10 0.0003962516784667969
Car -1 -1 -10 2.0 119.0 38.0 277.0 -1 -1 -1 -1000 -1000 -1000 -10 0.0003159046173095703
Car -1 -1 -10 0.0 249.0 58.0 374.0 -1 -1 -1 -1000 -1000 -1000 -10 0.00028705596923828125
Car -1 -1 -10 1.0 133.0 83.0 241.0 -1 -1 -1 -1000 -1000 -1000 -10 0.00025343894958496094
Car -1 -1 -10 0.0 160.0 22.0 335.0 -1 -1 -1 -1000 -1000 -1000 -10 0.0002338886260986328
Car -1 -1 -10 212.0 140.0 365.0 261.0 -1 -1 -1 -1000 -1000 -1000 -10 0.00022017955780029297
Car -1 -1 -10 404.0 79.0 419.0 92.0 -1 -1 -1 -1000 -1000 -1000 -10 0.00020241737365722656
Car -1 -1 -10 258.0 184.0 301.0 225.0 -1 -1 -1 -1000 -1000 -1000 -10 0.00019025802612304688
Car -1 -1 -10 328.0 142.0 503.0 277.0 -1 -1 -1 -1000 -1000 -1000 -10 0.00017189979553222656
Car -1 -1 -10 745.0 0.0 794.0 8.0 -1 -1 -1 -1000 -1000 -1000 -10 0.00014841556549072266
Car -1 -1 -10 0.0 128.0 50.0 357.0 -1 -1 -1 -1000 -1000 -1000 -10 0.00014388561248779297
Car -1 -1 -10 261.0 171.0 305.0 218.0 -1 -1 -1 -1000 -1000 -1000 -10 0.00013339519500732422
Car -1 -1 -10 1.0 214.0 138.0 373.0 -1 -1 -1 -1000 -1000 -1000 -10 0.00010591745376586914
