Car -1 -1 -10 1.0 186.0 379.0 371.0 -1 -1 -1 -1000 -1000 -1000 -10 0.97314453125
Car -1 -1 -10 497.0 183.0 546.0 221.0 -1 -1 -1 -1000 -1000 -1000 -10 0.95703125
Cyclist -1 -1 -10 361.0 185.0 385.0 221.0 -1 -1 -1 -1000 -1000 -1000 -10 0.91943359375
Car -1 -1 -10 0.0 196.0 49.0 369.0 -1 -1 -1 -1000 -1000 -1000 -10 0.004840850830078125
Car -1 -1 -10 0.0 184.0 33.0 356.0 -1 -1 -1 -1000 -1000 -1000 -10 0.00135040283203125
Car -1 -1 -10 492.0 169.0 551.0 235.0 -1 -1 -1 -1000 -1000 -1000 -10 0.001129150390625
Car -1 -1 -10 0.0 193.0 82.0 373.0 -1 -1 -1 -1000 -1000 -1000 -10 0.0010595321655273438
Cyclist -1 -1 -10 276.0 187.0 310.0 226.0 -1 -1 -1 -1000 -1000 -1000 -10 0.0005435943603515625
Car -1 -1 -10 440.0 134.0 594.0 249.0 -1 -1 -1 -1000 -1000 -1000 -10 0.00047779083251953125
Cyclist -1 -1 -10 354.0 185.0 377.0 220.0 -1 -1 -1 -1000 -1000 -1000 -10 0.0003330707550048828
Cyclist -1 -1 -10 285.0 188.0 318.0 225.0 -1 -1 -1 -1000 -1000 -1000 -10 0.00021457672119140625
Car -1 -1 -10 0.0 198.0 129.0 373.0 -1 -1 -1 -1000 -1000 -1000 -10 0.00018477439880371094
Car -1 -1 -10 0.0 236.0 29.0 375.0 -1 -1 -1 -1000 -1000 -1000 -10 0.00016558170318603516
Cyclist -1 -1 -10 265.0 188.0 316.0 230.0 -1 -1 -1 -1000 -1000 -1000 -10 0.00012493133544921875
Car -1 -1 -10 0.0 133.0 50.0 330.0 -1 -1 -1 -1000 -1000 -1000 -10 0.0001233816146850586
Cyclist -1 -1 -10 357.0 179.0 382.0 214.0 -1 -1 -1 -1000 -1000 -1000 -10 0.00010782480239868164
Car -1 -1 -10 0.0 218.0 17.0 354.0 -1 -1 -1 -1000 -1000 -1000 -10 0.0001055002212524414
