Car -1 -1 -10 117.0 187.0 418.0 368.0 -1 -1 -1 -1000 -1000 -1000 -10 0.9697265625
Car -1 -1 -10 346.0 141.0 452.0 218.0 -1 -1 -1 -1000 -1000 -1000 -10 0.966796875
Car -1 -1 -10 509.0 166.0 585.0 235.0 -1 -1 -1 -1000 -1000 -1000 -10 0.95556640625
Car -1 -1 -10 593.0 164.0 630.0 202.0 -1 -1 -1 -1000 -1000 -1000 -10 0.95263671875
Car -1 -1 -10 500.0 166.0 558.0 214.0 -1 -1 -1 -1000 -1000 -1000 -10 0.9169921875
Car -1 -1 -10 547.0 160.0 608.0 222.0 -1 -1 -1 -1000 -1000 -1000 -10 0.00044345855712890625
Car -1 -1 -10 561.0 166.0 596.0 203.0 -1 -1 -1 -1000 -1000 -1000 -10 0.0004057884216308594
Car -1 -1 -10 493.0 152.0 613.0 251.0 -1 -1 -1 -1000 -1000 -1000 -10 0.00038361549377441406
Car -1 -1 -10 1210.0 187.0 1238.0 372.0 -1 -1 -1 -1000 -1000 -1000 -10 0.00035643577575683594
Car -1 -1 -10 201.0 197.0 320.0 350.0 -1 -1 -1 -1000 -1000 -1000 -10 0.0002608299255371094
Car -1 -1 -10 496.0 164.0 544.0 205.0 -1 -1 -1 -1000 -1000 -1000 -10 0.0002484321594238281
Car -1 -1 -10 450.0 127.0 604.0 242.0 -1 -1 -1 -1000 -1000 -1000 -10 0.0002218484878540039
Car -1 -1 -10 580.0 166.0 612.0 198.0 -1 -1 -1 -1000 -1000 -1000 -10 0.00017702579498291016
Car -1 -1 -10 1198.0 159.0 1238.0 369.0 -1 -1 -1 -1000 -1000 -1000 -10 0.00010162591934204102
