Car -1 -1 -10 546.0 169.0 569.0 187.0 -1 -1 -1 -1000 -1000 -1000 -10 0.91015625
Car -1 -1 -10 574.0 170.0 600.0 191.0 -1 -1 -1 -1000 -1000 -1000 -10 0.908203125
Car -1 -1 -10 592.0 161.0 607.0 179.0 -1 -1 -1 -1000 -1000 -1000 -10 0.32568359375
Car -1 -1 -10 586.0 162.0 606.0 181.0 -1 -1 -1 -1000 -1000 -1000 -10 0.00331878662109375
Car -1 -1 -10 551.0 165.0 575.0 184.0 -1 -1 -1 -1000 -1000 -1000 -10 0.0013208389282226562
Cyclist -1 -1 -10 1232.0 174.0 1242.0 253.0 -1 -1 -1 -1000 -1000 -1000 -10 0.000614166259765625
Car -1 -1 -10 593.0 166.0 607.0 181.0 -1 -1 -1 -1000 -1000 -1000 -10 0.0006074905395507812
Car -1 -1 -10 574.0 167.0 602.0 199.0 -1 -1 -1 -1000 -1000 -1000 -10 0.0006008148193359375
Cyclist -1 -1 -10 1227.0 170.0 1242.0 267.0 -1 -1 -1 -1000 -1000 -1000 -10 0.0005245208740234375
Cyclist -1 -1 -10 1098.0 107.0 1129.0 138.0 -1 -1 -1 -1000 -1000 -1000 -10 0.000301361083984375
Car -1 -1 -10 0.0 168.0 17.0 269.0 -1 -1 -1 -1000 -1000 -1000 -10 0.0002849102020263672
Car -1 -1 -10 1221.0 178.0 1242.0 348.0 -1 -1 -1 -1000 -1000 -1000 -10 0.0002703666687011719
Car -1 -1 -10 0.0 201.0 26.0 361.0 -1 -1 -1 -1000 -1000 -1000 -10 0.00025653839111328125
Car -1 -1 -10 0.0 178.0 21.0 303.0 -1 -1 -1 -1000 -1000 -1000 -10 0.00024044513702392578
Car -1 -1 -10 1212.0 187.0 1242.0 372.0 -1 -1 -1 -1000 -1000 -1000 -10 0.0002040863037109375
Cyclist -1 -1 -10 1220.0 158.0 1242.0 280.0 -1 -1 -1 -1000 -1000 -1000 -10 0.00019693374633789062
Car -1 -1 -10 544.0 165.0 571.0 194.0 -1 -1 -1 -1000 -1000 -1000 -10 0.00019478797912597656
Car -1 -1 -10 579.0 161.0 595.0 180.0 -1 -1 -1 -1000 -1000 -1000 -10 0.00016415119171142578
Car -1 -1 -10 0.0 171.0 12.0 251.0 -1 -1 -1 -1000 -1000 -1000 -10 0.00016415119171142578
Cyclist -1 -1 -10 1229.0 155.0 1242.0 237.0 -1 -1 -1 -1000 -1000 -1000 -10 0.00012063980102539062
Car -1 -1 -10 544.0 166.0 561.0 182.0 -1 -1 -1 -1000 -1000 -1000 -10 0.00011861324310302734
Cyclist -1 -1 -10 1221.0 176.0 1242.0 249.0 -1 -1 -1 -1000 -1000 -1000 -10 0.0001043081283569336
