Car -1 -1 -10 654.0 179.0 688.0 206.0 -1 -1 -1 -1000 -1000 -1000 -10 0.95458984375
Pedestrian -1 -1 -10 451.0 179.0 463.0 209.0 -1 -1 -1 -1000 -1000 -1000 -10 0.8642578125
Car -1 -1 -10 741.0 184.0 759.0 197.0 -1 -1 -1 -1000 -1000 -1000 -10 0.4228515625
Cyclist -1 -1 -10 0.0 132.0 49.0 312.0 -1 -1 -1 -1000 -1000 -1000 -10 0.0026264190673828125
Cyclist -1 -1 -10 0.0 141.0 29.0 298.0 -1 -1 -1 -1000 -1000 -1000 -10 0.0018510818481445312
Pedestrian -1 -1 -10 567.0 181.0 577.0 207.0 -1 -1 -1 -1000 -1000 -1000 -10 0.0005159378051757812
Cyclist -1 -1 -10 1232.0 156.0 1242.0 245.0 -1 -1 -1 -1000 -1000 -1000 -10 0.0003826618194580078
Pedestrian -1 -1 -10 564.0 180.0 575.0 209.0 -1 -1 -1 -1000 -1000 -1000 -10 0.0003657341003417969
Pedestrian -1 -1 -10 447.0 178.0 467.0 209.0 -1 -1 -1 -1000 -1000 -1000 -10 0.0003025531768798828
Cyclist -1 -1 -10 0.0 185.0 24.0 328.0 -1 -1 -1 -1000 -1000 -1000 -10 0.00029921531677246094
Pedestrian -1 -1 -10 766.0 0.0 794.0 2.0 -1 -1 -1 -1000 -1000 -1000 -10 0.00027298927307128906
Cyclist -1 -1 -10 1228.0 159.0 1242.0 273.0 -1 -1 -1 -1000 -1000 -1000 -10 0.0002682209014892578
Pedestrian -1 -1 -10 478.0 178.0 492.0 207.0 -1 -1 -1 -1000 -1000 -1000 -10 0.00024700164794921875
Cyclist -1 -1 -10 1.0 149.0 15.0 263.0 -1 -1 -1 -1000 -1000 -1000 -10 0.00023245811462402344
Car -1 -1 -10 743.0 186.0 757.0 199.0 -1 -1 -1 -1000 -1000 -1000 -10 0.0002313852310180664
Cyclist -1 -1 -10 0.0 63.0 64.0 304.0 -1 -1 -1 -1000 -1000 -1000 -10 0.000194549560546875
Cyclist -1 -1 -10 0.0 220.0 14.0 328.0 -1 -1 -1 -1000 -1000 -1000 -10 0.00019121170043945312
Pedestrian -1 -1 -10 455.0 180.0 468.0 208.0 -1 -1 -1 -1000 -1000 -1000 -10 0.0001785755157470703
Cyclist -1 -1 -10 4.0 145.0 77.0 330.0 -1 -1 -1 -1000 -1000 -1000 -10 0.00016033649444580078
Car -1 -1 -10 763.0 0.0 798.0 2.0 -1 -1 -1 -1000 -1000 -1000 -10 0.00015103816986083984
Cyclist -1 -1 -10 0.0 94.0 23.0 276.0 -1 -1 -1 -1000 -1000 -1000 -10 0.000148773193359375
Cyclist -1 -1 -10 1233.0 162.0 1242.0 216.0 -1 -1 -1 -1000 -1000 -1000 -10 0.00013554096221923828
Pedestrian -1 -1 -10 409.0 0.0 428.0 7.0 -1 -1 -1 -1000 -1000 -1000 -10 0.00011897087097167969
Cyclist -1 -1 -10 1232.0 135.0 1242.0 210.0 -1 -1 -1 -1000 -1000 -1000 -10 0.00011044740676879883
Car -1 -1 -10 670.0 180.0 699.0 203.0 -1 -1 -1 -1000 -1000 -1000 -10 0.0001099705696105957
Cyclist -1 -1 -10 1.0 183.0 41.0 328.0 -1 -1 -1 -1000 -1000 -1000 -10 0.00010532140731811523
Car -1 -1 -10 751.0 354.0 874.0 375.0 -1 -1 -1 -1000 -1000 -1000 -10 0.00010097026824951172
