Car -1 -1 -10 1.0 215.0 219.0 373.0 -1 -1 -1 -1000 -1000 -1000 -10 0.9677734375
Car -1 -1 -10 680.0 183.0 805.0 268.0 -1 -1 -1 -1000 -1000 -1000 -10 0.966796875
Car -1 -1 -10 400.0 191.0 484.0 247.0 -1 -1 -1 -1000 -1000 -1000 -10 0.95458984375
Car -1 -1 -10 962.0 141.0 1240.0 373.0 -1 -1 -1 -1000 -1000 -1000 -10 0.95361328125
Car -1 -1 -10 455.0 181.0 513.0 226.0 -1 -1 -1 -1000 -1000 -1000 -10 0.9521484375
Car -1 -1 -10 643.0 183.0 701.0 230.0 -1 -1 -1 -1000 -1000 -1000 -10 0.9501953125
Car -1 -1 -10 622.0 180.0 659.0 209.0 -1 -1 -1 -1000 -1000 -1000 -10 0.94140625
Car -1 -1 -10 495.0 183.0 529.0 212.0 -1 -1 -1 -1000 -1000 -1000 -10 0.912109375
Cyclist -1 -1 -10 563.0 180.0 571.0 198.0 -1 -1 -1 -1000 -1000 -1000 -10 0.58056640625
Cyclist -1 -1 -10 567.0 180.0 575.0 198.0 -1 -1 -1 -1000 -1000 -1000 -10 0.5068359375
Cyclist -1 -1 -10 560.0 181.0 567.0 199.0 -1 -1 -1 -1000 -1000 -1000 -10 0.1697998046875
Cyclist -1 -1 -10 594.0 179.0 601.0 197.0 -1 -1 -1 -1000 -1000 -1000 -10 0.0675048828125
Cyclist -1 -1 -10 572.0 179.0 578.0 197.0 -1 -1 -1 -1000 -1000 -1000 -10 0.06634521484375
Car -1 -1 -10 502.0 182.0 532.0 207.0 -1 -1 -1 -1000 -1000 -1000 -10 0.04205322265625
Car -1 -1 -10 480.0 183.0 520.0 222.0 -1 -1 -1 -1000 -1000 -1000 -10 0.0251922607421875
Cyclist -1 -1 -10 563.0 185.0 570.0 201.0 -1 -1 -1 -1000 -1000 -1000 -10 0.009246826171875
Pedestrian -1 -1 -10 593.0 180.0 601.0 197.0 -1 -1 -1 -1000 -1000 -1000 -10 0.0081329345703125
Car -1 -1 -10 0.0 213.0 71.0 339.0 -1 -1 -1 -1000 -1000 -1000 -10 0.004055023193359375
Car -1 -1 -10 0.0 194.0 26.0 328.0 -1 -1 -1 -1000 -1000 -1000 -10 0.003627777099609375
Car -1 -1 -10 0.0 200.0 47.0 330.0 -1 -1 -1 -1000 -1000 -1000 -10 0.00229644775390625
Cyclist -1 -1 -10 568.0 185.0 574.0 201.0 -1 -1 -1 -1000 -1000 -1000 -10 0.0015840530395507812
Car -1 -1 -10 518.0 181.0 542.0 202.0 -1 -1 -1 -1000 -1000 -1000 -10 0.001461029052734375
Cyclist -1 -1 -10 563.0 180.0 576.0 200.0 -1 -1 -1 -1000 -1000 -1000 -10 0.0013818740844726562
Car -1 -1 -10 1.0 198.0 15.0 311.0 -1 -1 -1 -1000 -1000 -1000 -10 0.0009188652038574219
Cyclist -1 -1 -10 567.0 179.0 578.0 200.0 -1 -1 -1 -1000 -1000 -1000 -10 0.0007448196411132812
Car -1 -1 -10 1031.0 152.0 1159.0 363.0 -1 -1 -1 -1000 -1000 -1000 -10 0.0006380081176757812
Car -1 -1 -10 42.0 218.0 179.0 367.0 -1 -1 -1 -1000 -1000 -1000 -10 0.0004849433898925781
Car -1 -1 -10 0.0 220.0 28.0 363.0 -1 -1 -1 -1000 -1000 -1000 -10 0.0004291534423828125
Car -1 -1 -10 639.0 175.0 711.0 242.0 -1 -1 -1 -1000 -1000 -1000 -10 0.00037932395935058594
Car -1 -1 -10 349.0 164.0 526.0 292.0 -1 -1 -1 -1000 -1000 -1000 -10 0.00035858154296875
Car -1 -1 -10 621.0 181.0 647.0 204.0 -1 -1 -1 -1000 -1000 -1000 -10 0.0003466606140136719
Cyclist -1 -1 -10 558.0 179.0 570.0 200.0 -1 -1 -1 -1000 -1000 -1000 -10 0.00026106834411621094
Car -1 -1 -10 571.0 142.0 737.0 274.0 -1 -1 -1 -1000 -1000 -1000 -10 0.00021839141845703125
Cyclist -1 -1 -10 555.0 178.0 566.0 200.0 -1 -1 -1 -1000 -1000 -1000 -10 0.00021135807037353516
Car -1 -1 -10 1217.0 193.0 1242.0 369.0 -1 -1 -1 -1000 -1000 -1000 -10 0.0001798868179321289
Car -1 -1 -10 2.0 213.0 143.0 349.0 -1 -1 -1 -1000 -1000 -1000 -10 0.00015461444854736328
Car -1 -1 -10 0.0 165.0 21.0 297.0 -1 -1 -1 -1000 -1000 -1000 -10 0.00015091896057128906
Car -1 -1 -10 397.0 138.0 556.0 254.0 -1 -1 -1 -1000 -1000 -1000 -10 0.00014722347259521484
Car -1 -1 -10 612.0 180.0 629.0 196.0 -1 -1 -1 -1000 -1000 -1000 -10 0.00013720989227294922
Car -1 -1 -10 510.0 181.0 534.0 201.0 -1 -1 -1 -1000 -1000 -1000 -10 0.0001302957534790039
Car -1 -1 -10 768.0 0.0 829.0 16.0 -1 -1 -1 -1000 -1000 -1000 -10 0.00012314319610595703
Cyclist -1 -1 -10 595.0 184.0 601.0 203.0 -1 -1 -1 -1000 -1000 -1000 -10 0.0001170039176940918
Car -1 -1 -10 526.0 183.0 545.0 203.0 -1 -1 -1 -1000 -1000 -1000 -10 0.00010728836059570312
