Car -1 -1 -10 199.0 185.0 327.0 258.0 -1 -1 -1 -1000 -1000 -1000 -10 0.9677734375
Car -1 -1 -10 577.0 180.0 615.0 216.0 -1 -1 -1 -1000 -1000 -1000 -10 0.9658203125
Car -1 -1 -10 383.0 185.0 445.0 220.0 -1 -1 -1 -1000 -1000 -1000 -10 0.9443359375
Car -1 -1 -10 376.0 170.0 449.0 234.0 -1 -1 -1 -1000 -1000 -1000 -10 0.0011806488037109375
Car -1 -1 -10 1233.0 184.0 1242.0 219.0 -1 -1 -1 -1000 -1000 -1000 -10 0.0008025169372558594
Car -1 -1 -10 1233.0 177.0 1242.0 208.0 -1 -1 -1 -1000 -1000 -1000 -10 0.0007891654968261719
Car -1 -1 -10 1228.0 176.0 1242.0 218.0 -1 -1 -1 -1000 -1000 -1000 -10 0.0004546642303466797
Car -1 -1 -10 318.0 133.0 484.0 276.0 -1 -1 -1 -1000 -1000 -1000 -10 0.0004334449768066406
Car -1 -1 -10 1234.0 191.0 1242.0 230.0 -1 -1 -1 -1000 -1000 -1000 -10 0.00026917457580566406
Car -1 -1 -10 556.0 86.0 585.0 109.0 -1 -1 -1 -1000 -1000 -1000 -10 0.0002079010009765625
Car -1 -1 -10 1219.0 212.0 1242.0 375.0 -1 -1 -1 -1000 -1000 -1000 -10 0.00018203258514404297
Car -1 -1 -10 1219.0 175.0 1241.0 208.0 -1 -1 -1 -1000 -1000 -1000 -10 0.00017321109771728516
Car -1 -1 -10 1231.0 165.0 1242.0 210.0 -1 -1 -1 -1000 -1000 -1000 -10 0.00014734268188476562
Car -1 -1 -10 1228.0 182.0 1242.0 240.0 -1 -1 -1 -1000 -1000 -1000 -10 0.00011986494064331055
Car -1 -1 -10 1221.0 180.0 1241.0 218.0 -1 -1 -1 -1000 -1000 -1000 -10 0.00011593103408813477
Car -1 -1 -10 571.0 169.0 626.0 231.0 -1 -1 -1 -1000 -1000 -1000 -10 0.00011456012725830078
Car -1 -1 -10 395.0 181.0 442.0 209.0 -1 -1 -1 -1000 -1000 -1000 -10 0.00010865926742553711
