Car -1 -1 -10 619.0 148.0 667.0 199.0 -1 -1 -1 -1000 -1000 -1000 -10 0.9560546875
Car -1 -1 -10 233.0 188.0 308.0 220.0 -1 -1 -1 -1000 -1000 -1000 -10 0.94677734375
Car -1 -1 -10 381.0 180.0 421.0 203.0 -1 -1 -1 -1000 -1000 -1000 -10 0.9130859375
Car -1 -1 -10 454.0 177.0 481.0 192.0 -1 -1 -1 -1000 -1000 -1000 -10 0.71240234375
Car -1 -1 -10 0.0 203.0 19.0 268.0 -1 -1 -1 -1000 -1000 -1000 -10 0.00435638427734375
Car -1 -1 -10 0.0 188.0 15.0 261.0 -1 -1 -1 -1000 -1000 -1000 -10 0.0019397735595703125
Car -1 -1 -10 0.0 205.0 30.0 275.0 -1 -1 -1 -1000 -1000 -1000 -10 0.0008988380432128906
Car -1 -1 -10 225.0 172.0 315.0 237.0 -1 -1 -1 -1000 -1000 -1000 -10 0.0008602142333984375
Car -1 -1 -10 0.0 211.0 15.0 286.0 -1 -1 -1 -1000 -1000 -1000 -10 0.00045990943908691406
Car -1 -1 -10 561.0 121.0 726.0 247.0 -1 -1 -1 -1000 -1000 -1000 -10 0.00035572052001953125
Car -1 -1 -10 0.0 161.0 18.0 261.0 -1 -1 -1 -1000 -1000 -1000 -10 0.0003368854522705078
Car -1 -1 -10 0.0 173.0 35.0 279.0 -1 -1 -1 -1000 -1000 -1000 -10 0.00030303001403808594
Car -1 -1 -10 613.0 141.0 677.0 206.0 -1 -1 -1 -1000 -1000 -1000 -10 0.0003006458282470703
Car -1 -1 -10 175.0 133.0 361.0 282.0 -1 -1 -1 -1000 -1000 -1000 -10 0.0002765655517578125
Car -1 -1 -10 0.0 191.0 12.0 242.0 -1 -1 -1 -1000 -1000 -1000 -10 0.00025081634521484375
Car -1 -1 -10 1215.0 197.0 1242.0 371.0 -1 -1 -1 -1000 -1000 -1000 -10 0.00020062923431396484
Car -1 -1 -10 0.0 144.0 25.0 277.0 -1 -1 -1 -1000 -1000 -1000 -10 0.00019502639770507812
Car -1 -1 -10 0.0 183.0 21.0 248.0 -1 -1 -1 -1000 -1000 -1000 -10 0.00018835067749023438
Car -1 -1 -10 0.0 211.0 39.0 290.0 -1 -1 -1 -1000 -1000 -1000 -10 0.0001354217529296875
Car -1 -1 -10 374.0 177.0 415.0 201.0 -1 -1 -1 -1000 -1000 -1000 -10 0.00013458728790283203
Car -1 -1 -10 440.0 178.0 480.0 198.0 -1 -1 -1 -1000 -1000 -1000 -10 0.00012791156768798828
