Car -1 -1 -10 427.0 179.0 539.0 258.0 -1 -1 -1 -1000 -1000 -1000 -10 0.97412109375
Car -1 -1 -10 600.0 170.0 641.0 208.0 -1 -1 -1 -1000 -1000 -1000 -10 0.95556640625
Car -1 -1 -10 509.0 176.0 563.0 219.0 -1 -1 -1 -1000 -1000 -1000 -10 0.951171875
Car -1 -1 -10 563.0 168.0 595.0 197.0 -1 -1 -1 -1000 -1000 -1000 -10 0.9443359375
Car -1 -1 -10 0.0 161.0 23.0 277.0 -1 -1 -1 -1000 -1000 -1000 -10 0.00537872314453125
Car -1 -1 -10 0.0 156.0 34.0 314.0 -1 -1 -1 -1000 -1000 -1000 -10 0.0013074874877929688
Car -1 -1 -10 1210.0 180.0 1238.0 374.0 -1 -1 -1 -1000 -1000 -1000 -10 0.001094818115234375
Car -1 -1 -10 0.0 184.0 22.0 246.0 -1 -1 -1 -1000 -1000 -1000 -10 0.0007991790771484375
Car -1 -1 -10 0.0 165.0 15.0 251.0 -1 -1 -1 -1000 -1000 -1000 -10 0.0006961822509765625
Car -1 -1 -10 0.0 173.0 24.0 338.0 -1 -1 -1 -1000 -1000 -1000 -10 0.0006690025329589844
Car -1 -1 -10 597.0 160.0 657.0 224.0 -1 -1 -1 -1000 -1000 -1000 -10 0.0006537437438964844
Car -1 -1 -10 506.0 164.0 573.0 233.0 -1 -1 -1 -1000 -1000 -1000 -10 0.0006222724914550781
Car -1 -1 -10 0.0 125.0 41.0 283.0 -1 -1 -1 -1000 -1000 -1000 -10 0.00038552284240722656
Car -1 -1 -10 556.0 132.0 714.0 269.0 -1 -1 -1 -1000 -1000 -1000 -10 0.00029730796813964844
Car -1 -1 -10 469.0 132.0 629.0 275.0 -1 -1 -1 -1000 -1000 -1000 -10 0.000255584716796875
Car -1 -1 -10 1192.0 163.0 1238.0 371.0 -1 -1 -1 -1000 -1000 -1000 -10 0.0002448558807373047
Car -1 -1 -10 0.0 106.0 22.0 264.0 -1 -1 -1 -1000 -1000 -1000 -10 0.00023603439331054688
Car -1 -1 -10 631.0 164.0 650.0 183.0 -1 -1 -1 -1000 -1000 -1000 -10 0.00020384788513183594
Car -1 -1 -10 626.0 164.0 646.0 185.0 -1 -1 -1 -1000 -1000 -1000 -10 0.00014829635620117188
Car -1 -1 -10 440.0 135.0 595.0 246.0 -1 -1 -1 -1000 -1000 -1000 -10 0.0001366138458251953
Car -1 -1 -10 0.0 156.0 60.0 275.0 -1 -1 -1 -1000 -1000 -1000 -10 0.00012636184692382812
Car -1 -1 -10 1217.0 152.0 1238.0 331.0 -1 -1 -1 -1000 -1000 -1000 -10 0.00011444091796875
Car -1 -1 -10 0.0 189.0 36.0 374.0 -1 -1 -1 -1000 -1000 -1000 -10 0.00010663270950317383
