Car -1 -1 -10 193.0 179.0 428.0 331.0 -1 -1 -1 -1000 -1000 -1000 -10 0.9658203125
Car -1 -1 -10 0.0 241.0 188.0 374.0 -1 -1 -1 -1000 -1000 -1000 -10 0.94921875
Car -1 -1 -10 508.0 169.0 553.0 210.0 -1 -1 -1 -1000 -1000 -1000 -10 0.94140625
Car -1 -1 -10 488.0 181.0 540.0 221.0 -1 -1 -1 -1000 -1000 -1000 -10 0.93603515625
Car -1 -1 -10 553.0 173.0 577.0 193.0 -1 -1 -1 -1000 -1000 -1000 -10 0.5712890625
Car -1 -1 -10 528.0 169.0 563.0 209.0 -1 -1 -1 -1000 -1000 -1000 -10 0.00980377197265625
Car -1 -1 -10 559.0 172.0 584.0 194.0 -1 -1 -1 -1000 -1000 -1000 -10 0.0027866363525390625
Car -1 -1 -10 1.0 237.0 158.0 327.0 -1 -1 -1 -1000 -1000 -1000 -10 0.001262664794921875
Car -1 -1 -10 0.0 232.0 24.0 371.0 -1 -1 -1 -1000 -1000 -1000 -10 0.0010318756103515625
Car -1 -1 -10 503.0 160.0 570.0 229.0 -1 -1 -1 -1000 -1000 -1000 -10 0.0007781982421875
Car -1 -1 -10 479.0 169.0 544.0 234.0 -1 -1 -1 -1000 -1000 -1000 -10 0.0007567405700683594
Car -1 -1 -10 240.0 184.0 373.0 323.0 -1 -1 -1 -1000 -1000 -1000 -10 0.0006012916564941406
Car -1 -1 -10 1054.0 328.0 1242.0 375.0 -1 -1 -1 -1000 -1000 -1000 -10 0.0004582405090332031
Car -1 -1 -10 552.0 170.0 579.0 203.0 -1 -1 -1 -1000 -1000 -1000 -10 0.00041747093200683594
Car -1 -1 -10 412.0 137.0 587.0 274.0 -1 -1 -1 -1000 -1000 -1000 -10 0.0003616809844970703
Car -1 -1 -10 1109.0 330.0 1240.0 375.0 -1 -1 -1 -1000 -1000 -1000 -10 0.00035262107849121094
Car -1 -1 -10 0.0 201.0 27.0 321.0 -1 -1 -1 -1000 -1000 -1000 -10 0.0003457069396972656
Car -1 -1 -10 1066.0 305.0 1238.0 375.0 -1 -1 -1 -1000 -1000 -1000 -10 0.00026869773864746094
Car -1 -1 -10 0.0 242.0 42.0 365.0 -1 -1 -1 -1000 -1000 -1000 -10 0.00024890899658203125
Car -1 -1 -10 0.0 167.0 55.0 315.0 -1 -1 -1 -1000 -1000 -1000 -10 0.0002143383026123047
Car -1 -1 -10 468.0 133.0 626.0 270.0 -1 -1 -1 -1000 -1000 -1000 -10 0.00019812583923339844
Car -1 -1 -10 0.0 221.0 49.0 336.0 -1 -1 -1 -1000 -1000 -1000 -10 0.00019633769989013672
Car -1 -1 -10 566.0 173.0 588.0 194.0 -1 -1 -1 -1000 -1000 -1000 -10 0.00019276142120361328
Car -1 -1 -10 1218.0 182.0 1241.0 338.0 -1 -1 -1 -1000 -1000 -1000 -10 0.0001767873764038086
Car -1 -1 -10 0.0 255.0 14.0 375.0 -1 -1 -1 -1000 -1000 -1000 -10 0.00015342235565185547
Car -1 -1 -10 1105.0 276.0 1239.0 375.0 -1 -1 -1 -1000 -1000 -1000 -10 0.00014221668243408203
Car -1 -1 -10 1137.0 323.0 1242.0 375.0 -1 -1 -1 -1000 -1000 -1000 -10 0.0001380443572998047
Car -1 -1 -10 2.0 218.0 128.0 270.0 -1 -1 -1 -1000 -1000 -1000 -10 0.00013184547424316406
Car -1 -1 -10 2.0 231.0 138.0 302.0 -1 -1 -1 -1000 -1000 -1000 -10 0.0001266002655029297
Car -1 -1 -10 1.0 230.0 74.0 368.0 -1 -1 -1 -1000 -1000 -1000 -10 0.00011354684829711914
Car -1 -1 -10 0.0 199.0 54.0 290.0 -1 -1 -1 -1000 -1000 -1000 -10 0.00010889768600463867
