Car -1 -1 -10 64.0 168.0 234.0 229.0 -1 -1 -1 -1000 -1000 -1000 -10 0.9521484375
Car -1 -1 -10 568.0 176.0 624.0 202.0 -1 -1 -1 -1000 -1000 -1000 -10 0.93505859375
Car -1 -1 -10 196.0 184.0 343.0 234.0 -1 -1 -1 -1000 -1000 -1000 -10 0.931640625
Pedestrian -1 -1 -10 968.0 160.0 1012.0 277.0 -1 -1 -1 -1000 -1000 -1000 -10 0.9130859375
Car -1 -1 -10 556.0 172.0 596.0 196.0 -1 -1 -1 -1000 -1000 -1000 -10 0.89111328125
Car -1 -1 -10 623.0 171.0 646.0 190.0 -1 -1 -1 -1000 -1000 -1000 -10 0.8876953125
Car -1 -1 -10 431.0 179.0 516.0 214.0 -1 -1 -1 -1000 -1000 -1000 -10 0.880859375
Car -1 -1 -10 424.0 178.0 489.0 207.0 -1 -1 -1 -1000 -1000 -1000 -10 0.85986328125
Car -1 -1 -10 728.0 174.0 756.0 190.0 -1 -1 -1 -1000 -1000 -1000 -10 0.837890625
Car -1 -1 -10 559.0 175.0 608.0 200.0 -1 -1 -1 -1000 -1000 -1000 -10 0.211669921875
Car -1 -1 -10 443.0 178.0 510.0 206.0 -1 -1 -1 -1000 -1000 -1000 -10 0.03167724609375
Car -1 -1 -10 739.0 175.0 765.0 190.0 -1 -1 -1 -1000 -1000 -1000 -10 0.0101470947265625
Car -1 -1 -10 656.0 172.0 675.0 189.0 -1 -1 -1 -1000 -1000 -1000 -10 0.00968170166015625
Car -1 -1 -10 446.0 181.0 496.0 210.0 -1 -1 -1 -1000 -1000 -1000 -10 0.0026798248291015625
Pedestrian -1 -1 -10 963.0 161.0 994.0 273.0 -1 -1 -1 -1000 -1000 -1000 -10 0.002628326416015625
Car -1 -1 -10 419.0 165.0 519.0 228.0 -1 -1 -1 -1000 -1000 -1000 -10 0.0012426376342773438
Cyclist -1 -1 -10 728.0 0.0 756.0 24.0 -1 -1 -1 -1000 -1000 -1000 -10 0.0012340545654296875
Car -1 -1 -10 46.0 144.0 254.0 262.0 -1 -1 -1 -1000 -1000 -1000 -10 0.0008187294006347656
Car -1 -1 -10 746.0 174.0 773.0 190.0 -1 -1 -1 -1000 -1000 -1000 -10 0.0006885528564453125
Car -1 -1 -10 252.0 187.0 294.0 224.0 -1 -1 -1 -1000 -1000 -1000 -10 0.0006527900695800781
Car -1 -1 -10 0.0 182.0 21.0 300.0 -1 -1 -1 -1000 -1000 -1000 -10 0.0006284713745117188
Car -1 -1 -10 0.0 159.0 20.0 256.0 -1 -1 -1 -1000 -1000 -1000 -10 0.0005106925964355469
Pedestrian -1 -1 -10 936.0 143.0 1076.0 290.0 -1 -1 -1 -1000 -1000 -1000 -10 0.0004968643188476562
Car -1 -1 -10 375.0 136.0 549.0 273.0 -1 -1 -1 -1000 -1000 -1000 -10 0.0004565715789794922
Car -1 -1 -10 622.0 168.0 648.0 199.0 -1 -1 -1 -1000 -1000 -1000 -10 0.0004398822784423828
Car -1 -1 -10 173.0 157.0 368.0 271.0 -1 -1 -1 -1000 -1000 -1000 -10 0.0004200935363769531
Car -1 -1 -10 132.0 172.0 168.0 219.0 -1 -1 -1 -1000 -1000 -1000 -10 0.00039386749267578125
Car -1 -1 -10 0.0 186.0 27.0 332.0 -1 -1 -1 -1000 -1000 -1000 -10 0.0003533363342285156
Car -1 -1 -10 607.0 175.0 629.0 192.0 -1 -1 -1 -1000 -1000 -1000 -10 0.00034928321838378906
Pedestrian -1 -1 -10 1219.0 155.0 1241.0 373.0 -1 -1 -1 -1000 -1000 -1000 -10 0.00030517578125
Pedestrian -1 -1 -10 833.0 0.0 853.0 0.0 -1 -1 -1 -1000 -1000 -1000 -10 0.0002765655517578125
Car -1 -1 -10 629.0 172.0 654.0 191.0 -1 -1 -1 -1000 -1000 -1000 -10 0.00026106834411621094
Car -1 -1 -10 0.0 176.0 14.0 268.0 -1 -1 -1 -1000 -1000 -1000 -10 0.0002491474151611328
Pedestrian -1 -1 -10 822.0 0.0 842.0 0.0 -1 -1 -1 -1000 -1000 -1000 -10 0.0002453327178955078
Pedestrian -1 -1 -10 801.0 0.0 822.0 0.0 -1 -1 -1 -1000 -1000 -1000 -10 0.00023758411407470703
Car -1 -1 -10 726.0 170.0 756.0 197.0 -1 -1 -1 -1000 -1000 -1000 -10 0.00023663043975830078
Pedestrian -1 -1 -10 812.0 0.0 831.0 0.0 -1 -1 -1 -1000 -1000 -1000 -10 0.0002334117889404297
Pedestrian -1 -1 -10 727.0 0.0 752.0 9.0 -1 -1 -1 -1000 -1000 -1000 -10 0.00021004676818847656
Car -1 -1 -10 0.0 170.0 34.0 269.0 -1 -1 -1 -1000 -1000 -1000 -10 0.00020039081573486328
Car -1 -1 -10 0.0 192.0 42.0 370.0 -1 -1 -1 -1000 -1000 -1000 -10 0.00017023086547851562
Pedestrian -1 -1 -10 1190.0 154.0 1242.0 374.0 -1 -1 -1 -1000 -1000 -1000 -10 0.0001595020294189453
Car -1 -1 -10 0.0 176.0 39.0 306.0 -1 -1 -1 -1000 -1000 -1000 -10 0.00015354156494140625
Car -1 -1 -10 419.0 179.0 464.0 206.0 -1 -1 -1 -1000 -1000 -1000 -10 0.0001518726348876953
Pedestrian -1 -1 -10 792.0 0.0 811.0 1.0 -1 -1 -1 -1000 -1000 -1000 -10 0.0001462697982788086
Pedestrian -1 -1 -10 842.0 0.0 864.0 0.0 -1 -1 -1 -1000 -1000 -1000 -10 0.0001392364501953125
Cyclist -1 -1 -10 709.0 0.0 767.0 22.0 -1 -1 -1 -1000 -1000 -1000 -10 0.0001386404037475586
Pedestrian -1 -1 -10 851.0 0.0 874.0 0.0 -1 -1 -1 -1000 -1000 -1000 -10 0.0001342296600341797
Car -1 -1 -10 619.0 174.0 639.0 193.0 -1 -1 -1 -1000 -1000 -1000 -10 0.00013315677642822266
Pedestrian -1 -1 -10 831.0 0.0 871.0 2.0 -1 -1 -1 -1000 -1000 -1000 -10 0.000125885009765625
Pedestrian -1 -1 -10 873.0 0.0 918.0 1.0 -1 -1 -1 -1000 -1000 -1000 -10 0.00011914968490600586
Car -1 -1 -10 547.0 173.0 584.0 194.0 -1 -1 -1 -1000 -1000 -1000 -10 0.00011652708053588867
Car -1 -1 -10 717.0 173.0 745.0 189.0 -1 -1 -1 -1000 -1000 -1000 -10 0.00011473894119262695
Pedestrian -1 -1 -10 849.0 0.0 896.0 1.0 -1 -1 -1 -1000 -1000 -1000 -10 0.00011163949966430664
Car -1 -1 -10 623.0 167.0 645.0 186.0 -1 -1 -1 -1000 -1000 -1000 -10 0.00010669231414794922
Pedestrian -1 -1 -10 811.0 0.0 851.0 1.0 -1 -1 -1 -1000 -1000 -1000 -10 0.00010597705841064453
