Car -1 -1 -10 841.0 165.0 1157.0 279.0 -1 -1 -1 -1000 -1000 -1000 -10 0.966796875
Car -1 -1 -10 661.0 140.0 753.0 229.0 -1 -1 -1 -1000 -1000 -1000 -10 0.96142578125
Car -1 -1 -10 248.0 180.0 441.0 241.0 -1 -1 -1 -1000 -1000 -1000 -10 0.95263671875
Car -1 -1 -10 339.0 167.0 491.0 229.0 -1 -1 -1 -1000 -1000 -1000 -10 0.943359375
Car -1 -1 -10 636.0 152.0 684.0 203.0 -1 -1 -1 -1000 -1000 -1000 -10 0.94091796875
Car -1 -1 -10 494.0 159.0 564.0 192.0 -1 -1 -1 -1000 -1000 -1000 -10 0.93505859375
Car -1 -1 -10 0.0 111.0 246.0 329.0 -1 -1 -1 -1000 -1000 -1000 -10 0.9189453125
Car -1 -1 -10 4.0 182.0 299.0 283.0 -1 -1 -1 -1000 -1000 -1000 -10 0.87841796875
Car -1 -1 -10 449.0 174.0 524.0 203.0 -1 -1 -1 -1000 -1000 -1000 -10 0.7822265625
Car -1 -1 -10 436.0 173.0 499.0 206.0 -1 -1 -1 -1000 -1000 -1000 -10 0.35546875
Car -1 -1 -10 416.0 171.0 496.0 215.0 -1 -1 -1 -1000 -1000 -1000 -10 0.017578125
Car -1 -1 -10 651.0 150.0 728.0 219.0 -1 -1 -1 -1000 -1000 -1000 -10 0.01220703125
Car -1 -1 -10 485.0 170.0 555.0 196.0 -1 -1 -1 -1000 -1000 -1000 -10 0.007083892822265625
Car -1 -1 -10 465.0 176.0 515.0 198.0 -1 -1 -1 -1000 -1000 -1000 -10 0.0038585662841796875
Car -1 -1 -10 46.0 118.0 187.0 316.0 -1 -1 -1 -1000 -1000 -1000 -10 0.001636505126953125
Car -1 -1 -10 473.0 174.0 540.0 199.0 -1 -1 -1 -1000 -1000 -1000 -10 0.0010442733764648438
Car -1 -1 -10 230.0 163.0 461.0 266.0 -1 -1 -1 -1000 -1000 -1000 -10 0.0008835792541503906
Car -1 -1 -10 89.0 188.0 217.0 273.0 -1 -1 -1 -1000 -1000 -1000 -10 0.0006632804870605469
Car -1 -1 -10 484.0 151.0 565.0 215.0 -1 -1 -1 -1000 -1000 -1000 -10 0.0006613731384277344
Car -1 -1 -10 5.0 122.0 152.0 305.0 -1 -1 -1 -1000 -1000 -1000 -10 0.0006437301635742188
Car -1 -1 -10 398.0 169.0 438.0 219.0 -1 -1 -1 -1000 -1000 -1000 -10 0.0006146430969238281
Car -1 -1 -10 326.0 144.0 503.0 241.0 -1 -1 -1 -1000 -1000 -1000 -10 0.0005445480346679688
Car -1 -1 -10 460.0 102.0 622.0 243.0 -1 -1 -1 -1000 -1000 -1000 -10 0.0003132820129394531
Car -1 -1 -10 448.0 169.0 513.0 195.0 -1 -1 -1 -1000 -1000 -1000 -10 0.00028204917907714844
Car -1 -1 -10 425.0 163.0 519.0 225.0 -1 -1 -1 -1000 -1000 -1000 -10 0.0002796649932861328
Car -1 -1 -10 623.0 173.0 654.0 198.0 -1 -1 -1 -1000 -1000 -1000 -10 0.00025582313537597656
Car -1 -1 -10 636.0 167.0 672.0 204.0 -1 -1 -1 -1000 -1000 -1000 -10 0.00021755695343017578
Car -1 -1 -10 2.0 118.0 65.0 319.0 -1 -1 -1 -1000 -1000 -1000 -10 0.00021147727966308594
Car -1 -1 -10 626.0 165.0 657.0 195.0 -1 -1 -1 -1000 -1000 -1000 -10 0.00020301342010498047
Car -1 -1 -10 419.0 125.0 608.0 260.0 -1 -1 -1 -1000 -1000 -1000 -10 0.00019943714141845703
Car -1 -1 -10 570.0 111.0 729.0 238.0 -1 -1 -1 -1000 -1000 -1000 -10 0.0001977682113647461
Car -1 -1 -10 377.0 176.0 500.0 221.0 -1 -1 -1 -1000 -1000 -1000 -10 0.0001894235610961914
Car -1 -1 -10 2.0 120.0 110.0 348.0 -1 -1 -1 -1000 -1000 -1000 -10 0.00015783309936523438
Car -1 -1 -10 624.0 174.0 643.0 193.0 -1 -1 -1 -1000 -1000 -1000 -10 0.00015342235565185547
Car -1 -1 -10 373.0 135.0 572.0 272.0 -1 -1 -1 -1000 -1000 -1000 -10 0.0001169443130493164
Car -1 -1 -10 1.0 116.0 143.0 244.0 -1 -1 -1 -1000 -1000 -1000 -10 0.00011301040649414062
