Car -1 -1 -10 0.0 206.0 227.0 354.0 -1 -1 -1 -1000 -1000 -1000 -10 0.96533203125
Car -1 -1 -10 146.0 196.0 427.0 353.0 -1 -1 -1 -1000 -1000 -1000 -10 0.9521484375
Car -1 -1 -10 381.0 186.0 486.0 256.0 -1 -1 -1 -1000 -1000 -1000 -10 0.94921875
Car -1 -1 -10 643.0 174.0 692.0 214.0 -1 -1 -1 -1000 -1000 -1000 -10 0.947265625
Car -1 -1 -10 773.0 162.0 931.0 211.0 -1 -1 -1 -1000 -1000 -1000 -10 0.9365234375
Car -1 -1 -10 1026.0 136.0 1160.0 181.0 -1 -1 -1 -1000 -1000 -1000 -10 0.92333984375
Car -1 -1 -10 759.0 152.0 891.0 207.0 -1 -1 -1 -1000 -1000 -1000 -10 0.89599609375
Car -1 -1 -10 1223.0 133.0 1242.0 179.0 -1 -1 -1 -1000 -1000 -1000 -10 0.02996826171875
Car -1 -1 -10 485.0 182.0 516.0 206.0 -1 -1 -1 -1000 -1000 -1000 -10 0.0086212158203125
Car -1 -1 -10 1226.0 119.0 1242.0 172.0 -1 -1 -1 -1000 -1000 -1000 -10 0.00547027587890625
Car -1 -1 -10 1228.0 142.0 1242.0 190.0 -1 -1 -1 -1000 -1000 -1000 -10 0.005382537841796875
Car -1 -1 -10 1217.0 144.0 1241.0 186.0 -1 -1 -1 -1000 -1000 -1000 -10 0.004940032958984375
Car -1 -1 -10 1217.0 120.0 1242.0 183.0 -1 -1 -1 -1000 -1000 -1000 -10 0.004791259765625
Car -1 -1 -10 0.0 210.0 22.0 352.0 -1 -1 -1 -1000 -1000 -1000 -10 0.0029888153076171875
Car -1 -1 -10 1203.0 133.0 1241.0 179.0 -1 -1 -1 -1000 -1000 -1000 -10 0.002685546875
Car -1 -1 -10 1228.0 106.0 1241.0 162.0 -1 -1 -1 -1000 -1000 -1000 -10 0.0010805130004882812
Car -1 -1 -10 640.0 163.0 702.0 228.0 -1 -1 -1 -1000 -1000 -1000 -10 0.0008273124694824219
Car -1 -1 -10 366.0 177.0 497.0 274.0 -1 -1 -1 -1000 -1000 -1000 -10 0.0007348060607910156
Car -1 -1 -10 230.0 205.0 335.0 336.0 -1 -1 -1 -1000 -1000 -1000 -10 0.0006031990051269531
Car -1 -1 -10 0.0 213.0 16.0 318.0 -1 -1 -1 -1000 -1000 -1000 -10 0.0005517005920410156
Car -1 -1 -10 1225.0 79.0 1242.0 174.0 -1 -1 -1 -1000 -1000 -1000 -10 0.0005173683166503906
Car -1 -1 -10 35.0 210.0 181.0 347.0 -1 -1 -1 -1000 -1000 -1000 -10 0.00045609474182128906
Car -1 -1 -10 0.0 229.0 37.0 365.0 -1 -1 -1 -1000 -1000 -1000 -10 0.0004353523254394531
Car -1 -1 -10 1230.0 139.0 1242.0 213.0 -1 -1 -1 -1000 -1000 -1000 -10 0.0004115104675292969
Car -1 -1 -10 567.0 134.0 736.0 269.0 -1 -1 -1 -1000 -1000 -1000 -10 0.00039458274841308594
Car -1 -1 -10 992.0 94.0 1192.0 202.0 -1 -1 -1 -1000 -1000 -1000 -10 0.0003731250762939453
Car -1 -1 -10 723.0 114.0 921.0 235.0 -1 -1 -1 -1000 -1000 -1000 -10 0.0003612041473388672
Car -1 -1 -10 1197.0 147.0 1242.0 186.0 -1 -1 -1 -1000 -1000 -1000 -10 0.00034618377685546875
Car -1 -1 -10 1219.0 104.0 1242.0 163.0 -1 -1 -1 -1000 -1000 -1000 -10 0.0003371238708496094
Car -1 -1 -10 0.0 204.0 28.0 307.0 -1 -1 -1 -1000 -1000 -1000 -10 0.000324249267578125
Car -1 -1 -10 1069.0 139.0 1115.0 172.0 -1 -1 -1 -1000 -1000 -1000 -10 0.0003159046173095703
Car -1 -1 -10 602.0 123.0 754.0 240.0 -1 -1 -1 -1000 -1000 -1000 -10 0.0002608299255371094
Car -1 -1 -10 823.0 164.0 866.0 201.0 -1 -1 -1 -1000 -1000 -1000 -10 0.00025391578674316406
Car -1 -1 -10 0.0 241.0 15.0 367.0 -1 -1 -1 -1000 -1000 -1000 -10 0.0002484321594238281
Car -1 -1 -10 807.0 157.0 855.0 199.0 -1 -1 -1 -1000 -1000 -1000 -10 0.00022792816162109375
Car -1 -1 -10 1001.0 139.0 1109.0 181.0 -1 -1 -1 -1000 -1000 -1000 -10 0.00021970272064208984
Car -1 -1 -10 740.0 127.0 960.0 262.0 -1 -1 -1 -1000 -1000 -1000 -10 0.00019752979278564453
Car -1 -1 -10 781.0 154.0 862.0 204.0 -1 -1 -1 -1000 -1000 -1000 -10 0.00019443035125732422
Car -1 -1 -10 0.0 199.0 38.0 325.0 -1 -1 -1 -1000 -1000 -1000 -10 0.00016570091247558594
Car -1 -1 -10 406.0 189.0 454.0 246.0 -1 -1 -1 -1000 -1000 -1000 -10 0.0001367330551147461
Car -1 -1 -10 1218.0 68.0 1242.0 186.0 -1 -1 -1 -1000 -1000 -1000 -10 0.00012350082397460938
