Car -1 -1 -10 98.0 171.0 414.0 373.0 -1 -1 -1 -1000 -1000 -1000 -10 0.9658203125
Car -1 -1 -10 792.0 176.0 1146.0 360.0 -1 -1 -1 -1000 -1000 -1000 -10 0.96484375
Car -1 -1 -10 699.0 151.0 869.0 264.0 -1 -1 -1 -1000 -1000 -1000 -10 0.9609375
Car -1 -1 -10 339.0 170.0 466.0 280.0 -1 -1 -1 -1000 -1000 -1000 -10 0.9609375
Car -1 -1 -10 405.0 182.0 493.0 240.0 -1 -1 -1 -1000 -1000 -1000 -10 0.9482421875
Car -1 -1 -10 488.0 170.0 528.0 205.0 -1 -1 -1 -1000 -1000 -1000 -10 0.93603515625
Car -1 -1 -10 1217.0 158.0 1242.0 369.0 -1 -1 -1 -1000 -1000 -1000 -10 0.003910064697265625
Car -1 -1 -10 510.0 171.0 541.0 200.0 -1 -1 -1 -1000 -1000 -1000 -10 0.003787994384765625
Car -1 -1 -10 753.0 0.0 798.0 18.0 -1 -1 -1 -1000 -1000 -1000 -10 0.0008420944213867188
Car -1 -1 -10 1198.0 148.0 1242.0 373.0 -1 -1 -1 -1000 -1000 -1000 -10 0.0008363723754882812
Car -1 -1 -10 1220.0 141.0 1242.0 307.0 -1 -1 -1 -1000 -1000 -1000 -10 0.0007796287536621094
Car -1 -1 -10 0.0 189.0 28.0 373.0 -1 -1 -1 -1000 -1000 -1000 -10 0.0006418228149414062
Car -1 -1 -10 0.0 142.0 56.0 374.0 -1 -1 -1 -1000 -1000 -1000 -10 0.0005984306335449219
Car -1 -1 -10 1208.0 204.0 1242.0 375.0 -1 -1 -1 -1000 -1000 -1000 -10 0.0005254745483398438
Car -1 -1 -10 754.0 0.0 791.0 11.0 -1 -1 -1 -1000 -1000 -1000 -10 0.00046324729919433594
Car -1 -1 -10 379.0 151.0 533.0 272.0 -1 -1 -1 -1000 -1000 -1000 -10 0.000446319580078125
Car -1 -1 -10 1203.0 135.0 1242.0 302.0 -1 -1 -1 -1000 -1000 -1000 -10 0.00039005279541015625
Car -1 -1 -10 482.0 161.0 541.0 223.0 -1 -1 -1 -1000 -1000 -1000 -10 0.00030159950256347656
Car -1 -1 -10 429.0 133.0 602.0 273.0 -1 -1 -1 -1000 -1000 -1000 -10 0.00025391578674316406
Car -1 -1 -10 195.0 182.0 307.0 358.0 -1 -1 -1 -1000 -1000 -1000 -10 0.00025153160095214844
Car -1 -1 -10 0.0 213.0 48.0 370.0 -1 -1 -1 -1000 -1000 -1000 -10 0.00022351741790771484
Car -1 -1 -10 827.0 0.0 893.0 20.0 -1 -1 -1 -1000 -1000 -1000 -10 0.0002167224884033203
Car -1 -1 -10 0.0 100.0 31.0 345.0 -1 -1 -1 -1000 -1000 -1000 -10 0.000179290771484375
Car -1 -1 -10 1219.0 238.0 1242.0 375.0 -1 -1 -1 -1000 -1000 -1000 -10 0.00017762184143066406
Car -1 -1 -10 0.0 84.0 61.0 320.0 -1 -1 -1 -1000 -1000 -1000 -10 0.00015842914581298828
Car -1 -1 -10 1171.0 156.0 1242.0 363.0 -1 -1 -1 -1000 -1000 -1000 -10 0.00013756752014160156
Car -1 -1 -10 0.0 159.0 92.0 372.0 -1 -1 -1 -1000 -1000 -1000 -10 0.00013363361358642578
Car -1 -1 -10 1225.0 180.0 1242.0 306.0 -1 -1 -1 -1000 -1000 -1000 -10 0.0001195073127746582
Car -1 -1 -10 425.0 182.0 476.0 237.0 -1 -1 -1 -1000 -1000 -1000 -10 0.00011092424392700195
