Car -1 -1 -10 222.0 172.0 469.0 299.0 -1 -1 -1 -1000 -1000 -1000 -10 0.970703125
Car -1 -1 -10 52.0 204.0 205.0 272.0 -1 -1 -1 -1000 -1000 -1000 -10 0.9619140625
Car -1 -1 -10 539.0 182.0 618.0 238.0 -1 -1 -1 -1000 -1000 -1000 -10 0.9501953125
Car -1 -1 -10 120.0 184.0 228.0 227.0 -1 -1 -1 -1000 -1000 -1000 -10 0.93603515625
Car -1 -1 -10 461.0 182.0 527.0 239.0 -1 -1 -1 -1000 -1000 -1000 -10 0.935546875
Car -1 -1 -10 53.0 190.0 162.0 225.0 -1 -1 -1 -1000 -1000 -1000 -10 0.0016727447509765625
Car -1 -1 -10 606.0 175.0 706.0 224.0 -1 -1 -1 -1000 -1000 -1000 -10 0.0016717910766601562
Car -1 -1 -10 50.0 192.0 180.0 240.0 -1 -1 -1 -1000 -1000 -1000 -10 0.0014104843139648438
Car -1 -1 -10 285.0 176.0 400.0 289.0 -1 -1 -1 -1000 -1000 -1000 -10 0.0006494522094726562
Car -1 -1 -10 147.0 187.0 196.0 218.0 -1 -1 -1 -1000 -1000 -1000 -10 0.00042748451232910156
Car -1 -1 -10 80.0 140.0 269.0 277.0 -1 -1 -1 -1000 -1000 -1000 -10 0.00036525726318359375
Car -1 -1 -10 410.0 150.0 557.0 272.0 -1 -1 -1 -1000 -1000 -1000 -10 0.0002980232238769531
Car -1 -1 -10 490.0 147.0 648.0 275.0 -1 -1 -1 -1000 -1000 -1000 -10 0.0002880096435546875
Car -1 -1 -10 943.0 0.0 1005.0 51.0 -1 -1 -1 -1000 -1000 -1000 -10 0.0002796649932861328
Car -1 -1 -10 108.0 206.0 150.0 265.0 -1 -1 -1 -1000 -1000 -1000 -10 0.00027489662170410156
Car -1 -1 -10 0.0 233.0 21.0 375.0 -1 -1 -1 -1000 -1000 -1000 -10 0.00012123584747314453
Car -1 -1 -10 122.0 195.0 218.0 233.0 -1 -1 -1 -1000 -1000 -1000 -10 0.00011932849884033203
