Car -1 -1 -10 577.0 167.0 632.0 221.0 -1 -1 -1 -1000 -1000 -1000 -10 0.9609375
Car -1 -1 -10 3.0 170.0 122.0 216.0 -1 -1 -1 -1000 -1000 -1000 -10 0.9501953125
Car -1 -1 -10 83.0 164.0 162.0 199.0 -1 -1 -1 -1000 -1000 -1000 -10 0.92822265625
Car -1 -1 -10 331.0 170.0 364.0 188.0 -1 -1 -1 -1000 -1000 -1000 -10 0.923828125
Car -1 -1 -10 0.0 183.0 28.0 223.0 -1 -1 -1 -1000 -1000 -1000 -10 0.86279296875
Car -1 -1 -10 359.0 168.0 391.0 186.0 -1 -1 -1 -1000 -1000 -1000 -10 0.72802734375
Car -1 -1 -10 373.0 167.0 403.0 185.0 -1 -1 -1 -1000 -1000 -1000 -10 0.67724609375
Cyclist -1 -1 -10 708.0 175.0 715.0 192.0 -1 -1 -1 -1000 -1000 -1000 -10 0.427490234375
Cyclist -1 -1 -10 706.0 173.0 714.0 190.0 -1 -1 -1 -1000 -1000 -1000 -10 0.07952880859375
Cyclist -1 -1 -10 704.0 175.0 710.0 191.0 -1 -1 -1 -1000 -1000 -1000 -10 0.035888671875
Car -1 -1 -10 10.0 168.0 84.0 201.0 -1 -1 -1 -1000 -1000 -1000 -10 0.029571533203125
Car -1 -1 -10 0.0 172.0 34.0 216.0 -1 -1 -1 -1000 -1000 -1000 -10 0.005794525146484375
Car -1 -1 -10 378.0 165.0 411.0 183.0 -1 -1 -1 -1000 -1000 -1000 -10 0.003124237060546875
Car -1 -1 -10 32.0 172.0 79.0 203.0 -1 -1 -1 -1000 -1000 -1000 -10 0.0020294189453125
Car -1 -1 -10 0.0 171.0 15.0 211.0 -1 -1 -1 -1000 -1000 -1000 -10 0.001430511474609375
Cyclist -1 -1 -10 699.0 173.0 706.0 188.0 -1 -1 -1 -1000 -1000 -1000 -10 0.0013322830200195312
Car -1 -1 -10 0.0 157.0 12.0 201.0 -1 -1 -1 -1000 -1000 -1000 -10 0.0011434555053710938
Cyclist -1 -1 -10 710.0 173.0 719.0 190.0 -1 -1 -1 -1000 -1000 -1000 -10 0.00091552734375
Car -1 -1 -10 21.0 159.0 84.0 192.0 -1 -1 -1 -1000 -1000 -1000 -10 0.0007100105285644531
Car -1 -1 -10 0.0 146.0 11.0 190.0 -1 -1 -1 -1000 -1000 -1000 -10 0.0006785392761230469
Cyclist -1 -1 -10 708.0 174.0 721.0 194.0 -1 -1 -1 -1000 -1000 -1000 -10 0.0005598068237304688
Car -1 -1 -10 79.0 148.0 170.0 209.0 -1 -1 -1 -1000 -1000 -1000 -10 0.0005555152893066406
Car -1 -1 -10 41.0 159.0 151.0 224.0 -1 -1 -1 -1000 -1000 -1000 -10 0.0005121231079101562
Cyclist -1 -1 -10 725.0 177.0 734.0 194.0 -1 -1 -1 -1000 -1000 -1000 -10 0.0004801750183105469
Cyclist -1 -1 -10 703.0 173.0 715.0 194.0 -1 -1 -1 -1000 -1000 -1000 -10 0.0004773139953613281
Cyclist -1 -1 -10 701.0 176.0 707.0 193.0 -1 -1 -1 -1000 -1000 -1000 -10 0.0004677772521972656
Car -1 -1 -10 329.0 167.0 365.0 194.0 -1 -1 -1 -1000 -1000 -1000 -10 0.0004477500915527344
Car -1 -1 -10 43.0 173.0 88.0 207.0 -1 -1 -1 -1000 -1000 -1000 -10 0.0004322528839111328
Car -1 -1 -10 0.0 134.0 158.0 271.0 -1 -1 -1 -1000 -1000 -1000 -10 0.0003848075866699219
Car -1 -1 -10 524.0 129.0 677.0 241.0 -1 -1 -1 -1000 -1000 -1000 -10 0.0003266334533691406
Car -1 -1 -10 359.0 163.0 393.0 193.0 -1 -1 -1 -1000 -1000 -1000 -10 0.000324249267578125
Car -1 -1 -10 23.0 169.0 72.0 197.0 -1 -1 -1 -1000 -1000 -1000 -10 0.0003216266632080078
Car -1 -1 -10 21.0 110.0 198.0 244.0 -1 -1 -1 -1000 -1000 -1000 -10 0.0003027915954589844
Car -1 -1 -10 100.0 166.0 152.0 195.0 -1 -1 -1 -1000 -1000 -1000 -10 0.00027179718017578125
Car -1 -1 -10 0.0 194.0 26.0 373.0 -1 -1 -1 -1000 -1000 -1000 -10 0.00022411346435546875
Cyclist -1 -1 -10 671.0 176.0 679.0 190.0 -1 -1 -1 -1000 -1000 -1000 -10 0.0002053976058959961
Car -1 -1 -10 926.0 0.0 991.0 1.0 -1 -1 -1 -1000 -1000 -1000 -10 0.0001976490020751953
Car -1 -1 -10 7.0 155.0 65.0 191.0 -1 -1 -1 -1000 -1000 -1000 -10 0.0001800060272216797
Car -1 -1 -10 74.0 164.0 137.0 198.0 -1 -1 -1 -1000 -1000 -1000 -10 0.0001647472381591797
Car -1 -1 -10 0.0 134.0 11.0 181.0 -1 -1 -1 -1000 -1000 -1000 -10 0.00015354156494140625
Car -1 -1 -10 944.0 0.0 1012.0 0.0 -1 -1 -1 -1000 -1000 -1000 -10 0.000152587890625
Cyclist -1 -1 -10 692.0 177.0 699.0 192.0 -1 -1 -1 -1000 -1000 -1000 -10 0.00015234947204589844
Car -1 -1 -10 999.0 0.0 1066.0 2.0 -1 -1 -1 -1000 -1000 -1000 -10 0.00013697147369384766
Car -1 -1 -10 0.0 152.0 78.0 220.0 -1 -1 -1 -1000 -1000 -1000 -10 0.00013256072998046875
Car -1 -1 -10 0.0 149.0 22.0 188.0 -1 -1 -1 -1000 -1000 -1000 -10 0.00012350082397460938
Car -1 -1 -10 2.0 167.0 44.0 204.0 -1 -1 -1 -1000 -1000 -1000 -10 0.0001232624053955078
Cyclist -1 -1 -10 727.0 178.0 736.0 196.0 -1 -1 -1 -1000 -1000 -1000 -10 0.00011712312698364258
Car -1 -1 -10 1.0 221.0 48.0 372.0 -1 -1 -1 -1000 -1000 -1000 -10 0.0001150965690612793
Car -1 -1 -10 963.0 0.0 1038.0 0.0 -1 -1 -1 -1000 -1000 -1000 -10 0.0001035928726196289
Car -1 -1 -10 30.0 164.0 96.0 193.0 -1 -1 -1 -1000 -1000 -1000 -10 0.00010019540786743164
