Car -1 -1 -10 407.0 169.0 459.0 209.0 -1 -1 -1 -1000 -1000 -1000 -10 0.93896484375
Car -1 -1 -10 652.0 178.0 675.0 195.0 -1 -1 -1 -1000 -1000 -1000 -10 0.9130859375
Car -1 -1 -10 402.0 155.0 463.0 214.0 -1 -1 -1 -1000 -1000 -1000 -10 0.0008459091186523438
Car -1 -1 -10 1217.0 200.0 1242.0 368.0 -1 -1 -1 -1000 -1000 -1000 -10 0.0005316734313964844
Car -1 -1 -10 650.0 176.0 677.0 205.0 -1 -1 -1 -1000 -1000 -1000 -10 0.00035190582275390625
Car -1 -1 -10 345.0 131.0 519.0 269.0 -1 -1 -1 -1000 -1000 -1000 -10 0.0003132820129394531
Car -1 -1 -10 1199.0 217.0 1242.0 375.0 -1 -1 -1 -1000 -1000 -1000 -10 0.00019037723541259766
Car -1 -1 -10 914.0 79.0 942.0 100.0 -1 -1 -1 -1000 -1000 -1000 -10 0.0001531839370727539
Car -1 -1 -10 525.0 2.0 598.0 56.0 -1 -1 -1 -1000 -1000 -1000 -10 0.00011473894119262695
Car -1 -1 -10 661.0 177.0 682.0 192.0 -1 -1 -1 -1000 -1000 -1000 -10 0.00010389089584350586
