Car -1 -1 -10 2.0 188.0 421.0 372.0 -1 -1 -1 -1000 -1000 -1000 -10 0.97119140625
Car -1 -1 -10 416.0 177.0 519.0 255.0 -1 -1 -1 -1000 -1000 -1000 -10 0.96923828125
Car -1 -1 -10 580.0 170.0 636.0 221.0 -1 -1 -1 -1000 -1000 -1000 -10 0.9541015625
Car -1 -1 -10 533.0 169.0 578.0 208.0 -1 -1 -1 -1000 -1000 -1000 -10 0.94140625
Car -1 -1 -10 420.0 175.0 478.0 211.0 -1 -1 -1 -1000 -1000 -1000 -10 0.90673828125
Car -1 -1 -10 524.0 167.0 553.0 189.0 -1 -1 -1 -1000 -1000 -1000 -10 0.0137786865234375
Car -1 -1 -10 419.0 177.0 497.0 234.0 -1 -1 -1 -1000 -1000 -1000 -10 0.0015039443969726562
Car -1 -1 -10 526.0 154.0 583.0 213.0 -1 -1 -1 -1000 -1000 -1000 -10 0.0006933212280273438
Car -1 -1 -10 511.0 165.0 578.0 225.0 -1 -1 -1 -1000 -1000 -1000 -10 0.0006303787231445312
Car -1 -1 -10 534.0 166.0 568.0 195.0 -1 -1 -1 -1000 -1000 -1000 -10 0.00040030479431152344
Car -1 -1 -10 548.0 135.0 698.0 269.0 -1 -1 -1 -1000 -1000 -1000 -10 0.0002968311309814453
Car -1 -1 -10 473.0 115.0 642.0 238.0 -1 -1 -1 -1000 -1000 -1000 -10 0.00029349327087402344
Car -1 -1 -10 410.0 177.0 465.0 212.0 -1 -1 -1 -1000 -1000 -1000 -10 0.0002849102020263672
Car -1 -1 -10 516.0 161.0 550.0 185.0 -1 -1 -1 -1000 -1000 -1000 -10 0.0002753734588623047
Car -1 -1 -10 0.0 172.0 20.0 308.0 -1 -1 -1 -1000 -1000 -1000 -10 0.00023221969604492188
Car -1 -1 -10 537.0 99.0 559.0 117.0 -1 -1 -1 -1000 -1000 -1000 -10 0.00022995471954345703
Car -1 -1 -10 523.0 132.0 677.0 243.0 -1 -1 -1 -1000 -1000 -1000 -10 0.00022900104522705078
Car -1 -1 -10 0.0 192.0 27.0 368.0 -1 -1 -1 -1000 -1000 -1000 -10 0.0001995563507080078
Car -1 -1 -10 348.0 121.0 534.0 251.0 -1 -1 -1 -1000 -1000 -1000 -10 0.00016748905181884766
Car -1 -1 -10 526.0 162.0 559.0 186.0 -1 -1 -1 -1000 -1000 -1000 -10 0.0001621246337890625
Car -1 -1 -10 266.0 190.0 400.0 270.0 -1 -1 -1 -1000 -1000 -1000 -10 0.0001323223114013672
Car -1 -1 -10 409.0 161.0 485.0 224.0 -1 -1 -1 -1000 -1000 -1000 -10 0.00012564659118652344
Car -1 -1 -10 0.0 192.0 45.0 368.0 -1 -1 -1 -1000 -1000 -1000 -10 0.0001170039176940918
