Car -1 -1 -10 0.0 206.0 241.0 372.0 -1 -1 -1 -1000 -1000 -1000 -10 0.96923828125
Car -1 -1 -10 141.0 189.0 292.0 250.0 -1 -1 -1 -1000 -1000 -1000 -10 0.94921875
Car -1 -1 -10 614.0 170.0 649.0 199.0 -1 -1 -1 -1000 -1000 -1000 -10 0.93212890625
Car -1 -1 -10 0.0 199.0 160.0 291.0 -1 -1 -1 -1000 -1000 -1000 -10 0.91357421875
Car -1 -1 -10 652.0 175.0 686.0 205.0 -1 -1 -1 -1000 -1000 -1000 -10 0.9111328125
Car -1 -1 -10 669.0 171.0 697.0 196.0 -1 -1 -1 -1000 -1000 -1000 -10 0.90625
Car -1 -1 -10 882.0 155.0 957.0 182.0 -1 -1 -1 -1000 -1000 -1000 -10 0.85888671875
Car -1 -1 -10 904.0 156.0 983.0 182.0 -1 -1 -1 -1000 -1000 -1000 -10 0.424072265625
Car -1 -1 -10 708.0 169.0 726.0 180.0 -1 -1 -1 -1000 -1000 -1000 -10 0.10003662109375
Car -1 -1 -10 921.0 156.0 1003.0 184.0 -1 -1 -1 -1000 -1000 -1000 -10 0.032928466796875
Car -1 -1 -10 1013.0 149.0 1109.0 179.0 -1 -1 -1 -1000 -1000 -1000 -10 0.006381988525390625
Car -1 -1 -10 3.0 213.0 113.0 305.0 -1 -1 -1 -1000 -1000 -1000 -10 0.00447845458984375
Car -1 -1 -10 511.0 44.0 522.0 53.0 -1 -1 -1 -1000 -1000 -1000 -10 0.0034351348876953125
Car -1 -1 -10 981.0 150.0 1078.0 176.0 -1 -1 -1 -1000 -1000 -1000 -10 0.0014314651489257812
Car -1 -1 -10 624.0 171.0 662.0 201.0 -1 -1 -1 -1000 -1000 -1000 -10 0.0014009475708007812
Car -1 -1 -10 0.0 196.0 109.0 276.0 -1 -1 -1 -1000 -1000 -1000 -10 0.0011501312255859375
Car -1 -1 -10 0.0 207.0 25.0 308.0 -1 -1 -1 -1000 -1000 -1000 -10 0.0007786750793457031
Car -1 -1 -10 0.0 205.0 52.0 305.0 -1 -1 -1 -1000 -1000 -1000 -10 0.0007257461547851562
Car -1 -1 -10 120.0 171.0 316.0 286.0 -1 -1 -1 -1000 -1000 -1000 -10 0.0006575584411621094
Car -1 -1 -10 55.0 209.0 180.0 362.0 -1 -1 -1 -1000 -1000 -1000 -10 0.0006289482116699219
Car -1 -1 -10 507.0 43.0 526.0 54.0 -1 -1 -1 -1000 -1000 -1000 -10 0.0005731582641601562
Car -1 -1 -10 1.0 199.0 81.0 294.0 -1 -1 -1 -1000 -1000 -1000 -10 0.00037741661071777344
Car -1 -1 -10 0.0 208.0 15.0 301.0 -1 -1 -1 -1000 -1000 -1000 -10 0.0002789497375488281
Car -1 -1 -10 921.0 156.0 972.0 179.0 -1 -1 -1 -1000 -1000 -1000 -10 0.00024628639221191406
Car -1 -1 -10 191.0 192.0 233.0 245.0 -1 -1 -1 -1000 -1000 -1000 -10 0.0002129077911376953
Car -1 -1 -10 0.0 220.0 23.0 371.0 -1 -1 -1 -1000 -1000 -1000 -10 0.00018739700317382812
Car -1 -1 -10 5.0 206.0 146.0 333.0 -1 -1 -1 -1000 -1000 -1000 -10 0.00017893314361572266
Car -1 -1 -10 888.0 149.0 975.0 181.0 -1 -1 -1 -1000 -1000 -1000 -10 0.0001761913299560547
Car -1 -1 -10 40.0 204.0 116.0 290.0 -1 -1 -1 -1000 -1000 -1000 -10 0.00017571449279785156
Car -1 -1 -10 891.0 156.0 942.0 179.0 -1 -1 -1 -1000 -1000 -1000 -10 0.00015461444854736328
Car -1 -1 -10 0.0 225.0 49.0 371.0 -1 -1 -1 -1000 -1000 -1000 -10 0.0001310110092163086
Car -1 -1 -10 297.0 89.0 308.0 103.0 -1 -1 -1 -1000 -1000 -1000 -10 0.00010210275650024414
