Car -1 -1 -10 598.0 173.0 626.0 201.0 -1 -1 -1 -1000 -1000 -1000 -10 0.95654296875
Car -1 -1 -10 407.0 181.0 456.0 213.0 -1 -1 -1 -1000 -1000 -1000 -10 0.94482421875
Car -1 -1 -10 1.0 201.0 142.0 323.0 -1 -1 -1 -1000 -1000 -1000 -10 0.921875
Car -1 -1 -10 0.0 198.0 122.0 283.0 -1 -1 -1 -1000 -1000 -1000 -10 0.87255859375
Car -1 -1 -10 1.0 201.0 80.0 289.0 -1 -1 -1 -1000 -1000 -1000 -10 0.10113525390625
Car -1 -1 -10 0.0 200.0 36.0 284.0 -1 -1 -1 -1000 -1000 -1000 -10 0.0223236083984375
Car -1 -1 -10 0.0 194.0 18.0 277.0 -1 -1 -1 -1000 -1000 -1000 -10 0.00437164306640625
Car -1 -1 -10 0.0 188.0 29.0 270.0 -1 -1 -1 -1000 -1000 -1000 -10 0.0033779144287109375
Car -1 -1 -10 0.0 210.0 60.0 308.0 -1 -1 -1 -1000 -1000 -1000 -10 0.0019369125366210938
Car -1 -1 -10 0.0 199.0 14.0 256.0 -1 -1 -1 -1000 -1000 -1000 -10 0.0011491775512695312
Car -1 -1 -10 401.0 165.0 460.0 221.0 -1 -1 -1 -1000 -1000 -1000 -10 0.0009717941284179688
Car -1 -1 -10 0.0 191.0 59.0 273.0 -1 -1 -1 -1000 -1000 -1000 -10 0.0006175041198730469
Car -1 -1 -10 350.0 123.0 515.0 243.0 -1 -1 -1 -1000 -1000 -1000 -10 0.0003762245178222656
Car -1 -1 -10 324.0 136.0 503.0 273.0 -1 -1 -1 -1000 -1000 -1000 -10 0.00024008750915527344
Car -1 -1 -10 430.0 60.0 475.0 110.0 -1 -1 -1 -1000 -1000 -1000 -10 0.00021600723266601562
Car -1 -1 -10 1.0 191.0 11.0 244.0 -1 -1 -1 -1000 -1000 -1000 -10 0.00020563602447509766
Pedestrian -1 -1 -10 986.0 151.0 1001.0 195.0 -1 -1 -1 -1000 -1000 -1000 -10 0.00017642974853515625
Car -1 -1 -10 1.0 270.0 135.0 327.0 -1 -1 -1 -1000 -1000 -1000 -10 0.00017058849334716797
Car -1 -1 -10 0.0 252.0 128.0 343.0 -1 -1 -1 -1000 -1000 -1000 -10 0.00011920928955078125
Car -1 -1 -10 0.0 210.0 30.0 332.0 -1 -1 -1 -1000 -1000 -1000 -10 0.0001093149185180664
Car -1 -1 -10 0.0 172.0 18.0 249.0 -1 -1 -1 -1000 -1000 -1000 -10 0.00010472536087036133
Car -1 -1 -10 481.0 0.0 541.0 54.0 -1 -1 -1 -1000 -1000 -1000 -10 0.0001042485237121582
