Car -1 -1 -10 762.0 189.0 974.0 320.0 -1 -1 -1 -1000 -1000 -1000 -10 0.9716796875
Car -1 -1 -10 754.0 176.0 811.0 213.0 -1 -1 -1 -1000 -1000 -1000 -10 0.97021484375
Car -1 -1 -10 658.0 177.0 698.0 210.0 -1 -1 -1 -1000 -1000 -1000 -10 0.9521484375
Car -1 -1 -10 853.0 179.0 996.0 248.0 -1 -1 -1 -1000 -1000 -1000 -10 0.9482421875
Car -1 -1 -10 831.0 170.0 1003.0 268.0 -1 -1 -1 -1000 -1000 -1000 -10 0.0036487579345703125
Car -1 -1 -10 748.0 164.0 814.0 227.0 -1 -1 -1 -1000 -1000 -1000 -10 0.0021076202392578125
Car -1 -1 -10 1219.0 192.0 1242.0 368.0 -1 -1 -1 -1000 -1000 -1000 -10 0.0011806488037109375
Car -1 -1 -10 535.0 2.0 610.0 57.0 -1 -1 -1 -1000 -1000 -1000 -10 0.001132965087890625
Car -1 -1 -10 1206.0 190.0 1242.0 375.0 -1 -1 -1 -1000 -1000 -1000 -10 0.0010633468627929688
Car -1 -1 -10 289.0 69.0 307.0 86.0 -1 -1 -1 -1000 -1000 -1000 -10 0.0010423660278320312
Car -1 -1 -10 611.0 3.0 684.0 54.0 -1 -1 -1 -1000 -1000 -1000 -10 0.0005016326904296875
Car -1 -1 -10 651.0 160.0 705.0 216.0 -1 -1 -1 -1000 -1000 -1000 -10 0.0004954338073730469
Car -1 -1 -10 690.0 133.0 853.0 273.0 -1 -1 -1 -1000 -1000 -1000 -10 0.0004494190216064453
Car -1 -1 -10 794.0 193.0 934.0 313.0 -1 -1 -1 -1000 -1000 -1000 -10 0.0002608299255371094
Car -1 -1 -10 596.0 131.0 767.0 276.0 -1 -1 -1 -1000 -1000 -1000 -10 0.00025534629821777344
Car -1 -1 -10 1228.0 195.0 1242.0 315.0 -1 -1 -1 -1000 -1000 -1000 -10 0.00023293495178222656
Car -1 -1 -10 899.0 181.0 941.0 239.0 -1 -1 -1 -1000 -1000 -1000 -10 0.00017082691192626953
Car -1 -1 -10 1175.0 209.0 1242.0 371.0 -1 -1 -1 -1000 -1000 -1000 -10 0.00015294551849365234
Car -1 -1 -10 315.0 101.0 345.0 129.0 -1 -1 -1 -1000 -1000 -1000 -10 0.00011652708053588867
Car -1 -1 -10 664.0 1.0 735.0 51.0 -1 -1 -1 -1000 -1000 -1000 -10 0.00011456012725830078
Car -1 -1 -10 1233.0 169.0 1242.0 238.0 -1 -1 -1 -1000 -1000 -1000 -10 0.00010478496551513672
