Car -1 -1 -10 1.0 210.0 249.0 373.0 -1 -1 -1 -1000 -1000 -1000 -10 0.97216796875
Car -1 -1 -10 437.0 179.0 528.0 259.0 -1 -1 -1 -1000 -1000 -1000 -10 0.96728515625
Car -1 -1 -10 351.0 201.0 488.0 300.0 -1 -1 -1 -1000 -1000 -1000 -10 0.966796875
Car -1 -1 -10 165.0 205.0 361.0 314.0 -1 -1 -1 -1000 -1000 -1000 -10 0.96044921875
Cyclist -1 -1 -10 853.0 188.0 1009.0 328.0 -1 -1 -1 -1000 -1000 -1000 -10 0.9560546875
Cyclist -1 -1 -10 789.0 192.0 924.0 301.0 -1 -1 -1 -1000 -1000 -1000 -10 0.9384765625
Car -1 -1 -10 490.0 193.0 543.0 239.0 -1 -1 -1 -1000 -1000 -1000 -10 0.9384765625
Car -1 -1 -10 1176.0 159.0 1242.0 283.0 -1 -1 -1 -1000 -1000 -1000 -10 0.92529296875
Car -1 -1 -10 611.0 187.0 677.0 214.0 -1 -1 -1 -1000 -1000 -1000 -10 0.923828125
Pedestrian -1 -1 -10 111.0 187.0 145.0 294.0 -1 -1 -1 -1000 -1000 -1000 -10 0.91015625
Car -1 -1 -10 633.0 188.0 728.0 226.0 -1 -1 -1 -1000 -1000 -1000 -10 0.9033203125
Car -1 -1 -10 533.0 190.0 561.0 218.0 -1 -1 -1 -1000 -1000 -1000 -10 0.8408203125
Car -1 -1 -10 546.0 182.0 570.0 209.0 -1 -1 -1 -1000 -1000 -1000 -10 0.8310546875
Car -1 -1 -10 560.0 183.0 579.0 204.0 -1 -1 -1 -1000 -1000 -1000 -10 0.467529296875
Car -1 -1 -10 69.0 203.0 188.0 357.0 -1 -1 -1 -1000 -1000 -1000 -10 0.058807373046875
Car -1 -1 -10 619.0 190.0 693.0 219.0 -1 -1 -1 -1000 -1000 -1000 -10 0.0408935546875
Car -1 -1 -10 550.0 187.0 572.0 211.0 -1 -1 -1 -1000 -1000 -1000 -10 0.036285400390625
Car -1 -1 -10 508.0 190.0 550.0 234.0 -1 -1 -1 -1000 -1000 -1000 -10 0.0310821533203125
Pedestrian -1 -1 -10 69.0 205.0 179.0 356.0 -1 -1 -1 -1000 -1000 -1000 -10 0.0247344970703125
Car -1 -1 -10 0.0 218.0 24.0 373.0 -1 -1 -1 -1000 -1000 -1000 -10 0.0031414031982421875
Car -1 -1 -10 467.0 189.0 540.0 253.0 -1 -1 -1 -1000 -1000 -1000 -10 0.001468658447265625
Car -1 -1 -10 0.0 207.0 39.0 364.0 -1 -1 -1 -1000 -1000 -1000 -10 0.0008864402770996094
Car -1 -1 -10 1206.0 151.0 1241.0 265.0 -1 -1 -1 -1000 -1000 -1000 -10 0.0007138252258300781
Car -1 -1 -10 568.0 185.0 582.0 202.0 -1 -1 -1 -1000 -1000 -1000 -10 0.0007085800170898438
Car -1 -1 -10 0.0 202.0 19.0 323.0 -1 -1 -1 -1000 -1000 -1000 -10 0.0006685256958007812
Car -1 -1 -10 550.0 177.0 576.0 211.0 -1 -1 -1 -1000 -1000 -1000 -10 0.0005860328674316406
Car -1 -1 -10 624.0 174.0 732.0 238.0 -1 -1 -1 -1000 -1000 -1000 -10 0.0005526542663574219
Car -1 -1 -10 1159.0 156.0 1242.0 287.0 -1 -1 -1 -1000 -1000 -1000 -10 0.0005383491516113281
Car -1 -1 -10 484.0 192.0 529.0 248.0 -1 -1 -1 -1000 -1000 -1000 -10 0.00048828125
Car -1 -1 -10 1226.0 160.0 1242.0 269.0 -1 -1 -1 -1000 -1000 -1000 -10 0.00046539306640625
Car -1 -1 -10 430.0 168.0 552.0 267.0 -1 -1 -1 -1000 -1000 -1000 -10 0.0003898143768310547
Car -1 -1 -10 603.0 187.0 653.0 211.0 -1 -1 -1 -1000 -1000 -1000 -10 0.0003871917724609375
Car -1 -1 -10 653.0 191.0 703.0 217.0 -1 -1 -1 -1000 -1000 -1000 -10 0.00033664703369140625
Car -1 -1 -10 0.0 220.0 14.0 351.0 -1 -1 -1 -1000 -1000 -1000 -10 0.0003314018249511719
Car -1 -1 -10 598.0 146.0 764.0 258.0 -1 -1 -1 -1000 -1000 -1000 -10 0.00031948089599609375
Car -1 -1 -10 1230.0 160.0 1241.0 248.0 -1 -1 -1 -1000 -1000 -1000 -10 0.00031757354736328125
Car -1 -1 -10 0.0 203.0 13.0 307.0 -1 -1 -1 -1000 -1000 -1000 -10 0.00028252601623535156
Car -1 -1 -10 1214.0 198.0 1241.0 349.0 -1 -1 -1 -1000 -1000 -1000 -10 0.0002472400665283203
Car -1 -1 -10 1173.0 164.0 1215.0 278.0 -1 -1 -1 -1000 -1000 -1000 -10 0.00021541118621826172
Cyclist -1 -1 -10 817.0 193.0 897.0 299.0 -1 -1 -1 -1000 -1000 -1000 -10 0.00017940998077392578
Pedestrian -1 -1 -10 119.0 197.0 154.0 295.0 -1 -1 -1 -1000 -1000 -1000 -10 0.00016677379608154297
Car -1 -1 -10 1218.0 137.0 1241.0 233.0 -1 -1 -1 -1000 -1000 -1000 -10 0.00014829635620117188
Car -1 -1 -10 0.0 169.0 20.0 284.0 -1 -1 -1 -1000 -1000 -1000 -10 0.0001474618911743164
Car -1 -1 -10 0.0 218.0 60.0 372.0 -1 -1 -1 -1000 -1000 -1000 -10 0.0001316070556640625
Car -1 -1 -10 593.0 185.0 666.0 216.0 -1 -1 -1 -1000 -1000 -1000 -10 0.00012791156768798828
Car -1 -1 -10 0.0 201.0 31.0 324.0 -1 -1 -1 -1000 -1000 -1000 -10 0.00011861324310302734
Pedestrian -1 -1 -10 101.0 188.0 135.0 300.0 -1 -1 -1 -1000 -1000 -1000 -10 0.00010722875595092773
