Car -1 -1 -10 358.0 184.0 471.0 217.0 -1 -1 -1 -1000 -1000 -1000 -10 0.94677734375
Car -1 -1 -10 347.0 169.0 476.0 230.0 -1 -1 -1 -1000 -1000 -1000 -10 0.0006499290466308594
Cyclist -1 -1 -10 1232.0 193.0 1242.0 294.0 -1 -1 -1 -1000 -1000 -1000 -10 0.00038886070251464844
Car -1 -1 -10 306.0 133.0 504.0 275.0 -1 -1 -1 -1000 -1000 -1000 -10 0.0003674030303955078
Car -1 -1 -10 0.0 229.0 25.0 366.0 -1 -1 -1 -1000 -1000 -1000 -10 0.000301361083984375
Car -1 -1 -10 386.0 188.0 432.0 208.0 -1 -1 -1 -1000 -1000 -1000 -10 0.0002703666687011719
Cyclist -1 -1 -10 1233.0 183.0 1242.0 263.0 -1 -1 -1 -1000 -1000 -1000 -10 0.00015270709991455078
Cyclist -1 -1 -10 1228.0 184.0 1242.0 322.0 -1 -1 -1 -1000 -1000 -1000 -10 0.00014841556549072266
Car -1 -1 -10 0.0 232.0 43.0 369.0 -1 -1 -1 -1000 -1000 -1000 -10 0.0001285076141357422
Cyclist -1 -1 -10 1227.0 162.0 1242.0 275.0 -1 -1 -1 -1000 -1000 -1000 -10 0.0001233816146850586
Car -1 -1 -10 0.0 200.0 19.0 334.0 -1 -1 -1 -1000 -1000 -1000 -10 0.0001017451286315918
