Car -1 -1 -10 570.0 170.0 618.0 217.0 -1 -1 -1 -1000 -1000 -1000 -10 0.96484375
Car -1 -1 -10 180.0 158.0 243.0 195.0 -1 -1 -1 -1000 -1000 -1000 -10 0.95849609375
Car -1 -1 -10 261.0 176.0 311.0 196.0 -1 -1 -1 -1000 -1000 -1000 -10 0.939453125
Car -1 -1 -10 0.0 175.0 14.0 211.0 -1 -1 -1 -1000 -1000 -1000 -10 0.01306915283203125
Car -1 -1 -10 0.0 170.0 18.0 204.0 -1 -1 -1 -1000 -1000 -1000 -10 0.0027828216552734375
Car -1 -1 -10 279.0 175.0 323.0 194.0 -1 -1 -1 -1000 -1000 -1000 -10 0.0020618438720703125
Car -1 -1 -10 0.0 175.0 23.0 211.0 -1 -1 -1 -1000 -1000 -1000 -10 0.0020580291748046875
Car -1 -1 -10 259.0 173.0 313.0 205.0 -1 -1 -1 -1000 -1000 -1000 -10 0.0009775161743164062
Car -1 -1 -10 176.0 141.0 250.0 205.0 -1 -1 -1 -1000 -1000 -1000 -10 0.0007724761962890625
Car -1 -1 -10 113.0 105.0 282.0 239.0 -1 -1 -1 -1000 -1000 -1000 -10 0.00043845176696777344
Car -1 -1 -10 0.0 165.0 28.0 204.0 -1 -1 -1 -1000 -1000 -1000 -10 0.00041413307189941406
Car -1 -1 -10 137.0 124.0 308.0 256.0 -1 -1 -1 -1000 -1000 -1000 -10 0.000331878662109375
Car -1 -1 -10 374.0 87.0 406.0 110.0 -1 -1 -1 -1000 -1000 -1000 -10 0.0002913475036621094
Car -1 -1 -10 519.0 125.0 677.0 241.0 -1 -1 -1 -1000 -1000 -1000 -10 0.0002837181091308594
Car -1 -1 -10 489.0 136.0 661.0 265.0 -1 -1 -1 -1000 -1000 -1000 -10 0.0002815723419189453
Car -1 -1 -10 0.0 178.0 9.0 233.0 -1 -1 -1 -1000 -1000 -1000 -10 0.00027251243591308594
Car -1 -1 -10 0.0 154.0 14.0 205.0 -1 -1 -1 -1000 -1000 -1000 -10 0.0001704692840576172
Car -1 -1 -10 0.0 171.0 27.0 221.0 -1 -1 -1 -1000 -1000 -1000 -10 0.00016760826110839844
Car -1 -1 -10 739.0 90.0 754.0 104.0 -1 -1 -1 -1000 -1000 -1000 -10 0.0001061558723449707
