Pedestrian -1 -1 -10 435.0 178.0 452.0 214.0 -1 -1 -1 -1000 -1000 -1000 -10 0.90087890625
Pedestrian -1 -1 -10 446.0 177.0 462.0 206.0 -1 -1 -1 -1000 -1000 -1000 -10 0.0009207725524902344
Pedestrian -1 -1 -10 431.0 177.0 448.0 215.0 -1 -1 -1 -1000 -1000 -1000 -10 0.000492095947265625
Pedestrian -1 -1 -10 944.0 0.0 965.0 3.0 -1 -1 -1 -1000 -1000 -1000 -10 0.0002808570861816406
Car -1 -1 -10 640.0 1.0 715.0 53.0 -1 -1 -1 -1000 -1000 -1000 -10 0.00026702880859375
Car -1 -1 -10 682.0 1.0 755.0 53.0 -1 -1 -1 -1000 -1000 -1000 -10 0.0002486705780029297
Car -1 -1 -10 661.0 1.0 734.0 53.0 -1 -1 -1 -1000 -1000 -1000 -10 0.0001920461654663086
Car -1 -1 -10 704.0 1.0 774.0 53.0 -1 -1 -1 -1000 -1000 -1000 -10 0.00017571449279785156
Car -1 -1 -10 530.0 1.0 596.0 52.0 -1 -1 -1 -1000 -1000 -1000 -10 0.00017380714416503906
Car -1 -1 -10 619.0 1.0 694.0 53.0 -1 -1 -1 -1000 -1000 -1000 -10 0.00017333030700683594
Car -1 -1 -10 486.0 0.0 560.0 54.0 -1 -1 -1 -1000 -1000 -1000 -10 0.0001519918441772461
Car -1 -1 -10 724.0 1.0 794.0 52.0 -1 -1 -1 -1000 -1000 -1000 -10 0.00015091896057128906
Pedestrian -1 -1 -10 451.0 178.0 464.0 203.0 -1 -1 -1 -1000 -1000 -1000 -10 0.00014603137969970703
Car -1 -1 -10 588.0 1.0 661.0 52.0 -1 -1 -1 -1000 -1000 -1000 -10 0.00014483928680419922
Car -1 -1 -10 507.0 0.0 579.0 54.0 -1 -1 -1 -1000 -1000 -1000 -10 0.00013303756713867188
Car -1 -1 -10 571.0 1.0 637.0 52.0 -1 -1 -1 -1000 -1000 -1000 -10 0.00011736154556274414
Pedestrian -1 -1 -10 935.0 0.0 957.0 4.0 -1 -1 -1 -1000 -1000 -1000 -10 0.00011432170867919922
Pedestrian -1 -1 -10 957.0 0.0 976.0 1.0 -1 -1 -1 -1000 -1000 -1000 -10 0.0001137852668762207
