Car -1 -1 -10 384.0 178.0 452.0 211.0 -1 -1 -1 -1000 -1000 -1000 -10 0.96142578125
Car -1 -1 -10 705.0 174.0 734.0 199.0 -1 -1 -1 -1000 -1000 -1000 -10 0.9404296875
Car -1 -1 -10 885.0 166.0 929.0 182.0 -1 -1 -1 -1000 -1000 -1000 -10 0.87548828125
Pedestrian -1 -1 -10 584.0 172.0 591.0 191.0 -1 -1 -1 -1000 -1000 -1000 -10 0.720703125
Car -1 -1 -10 827.0 168.0 868.0 182.0 -1 -1 -1 -1000 -1000 -1000 -10 0.3544921875
Pedestrian -1 -1 -10 602.0 172.0 607.0 191.0 -1 -1 -1 -1000 -1000 -1000 -10 0.2369384765625
Pedestrian -1 -1 -10 604.0 172.0 610.0 191.0 -1 -1 -1 -1000 -1000 -1000 -10 0.057373046875
Pedestrian -1 -1 -10 581.0 173.0 587.0 192.0 -1 -1 -1 -1000 -1000 -1000 -10 0.0222015380859375
Pedestrian -1 -1 -10 586.0 171.0 594.0 190.0 -1 -1 -1 -1000 -1000 -1000 -10 0.0189208984375
Car -1 -1 -10 880.0 169.0 928.0 187.0 -1 -1 -1 -1000 -1000 -1000 -10 0.0021305084228515625
Car -1 -1 -10 836.0 167.0 879.0 181.0 -1 -1 -1 -1000 -1000 -1000 -10 0.001922607421875
Pedestrian -1 -1 -10 544.0 174.0 550.0 191.0 -1 -1 -1 -1000 -1000 -1000 -10 0.0019178390502929688
Car -1 -1 -10 961.0 160.0 1014.0 180.0 -1 -1 -1 -1000 -1000 -1000 -10 0.00186920166015625
Car -1 -1 -10 379.0 165.0 459.0 227.0 -1 -1 -1 -1000 -1000 -1000 -10 0.0013704299926757812
Pedestrian -1 -1 -10 584.0 172.0 596.0 193.0 -1 -1 -1 -1000 -1000 -1000 -10 0.001010894775390625
Car -1 -1 -10 828.0 170.0 876.0 188.0 -1 -1 -1 -1000 -1000 -1000 -10 0.0008969306945800781
Car -1 -1 -10 825.0 165.0 866.0 179.0 -1 -1 -1 -1000 -1000 -1000 -10 0.0008835792541503906
Pedestrian -1 -1 -10 580.0 172.0 590.0 193.0 -1 -1 -1 -1000 -1000 -1000 -10 0.0007076263427734375
Pedestrian -1 -1 -10 599.0 171.0 609.0 191.0 -1 -1 -1 -1000 -1000 -1000 -10 0.0004856586456298828
Car -1 -1 -10 342.0 132.0 511.0 276.0 -1 -1 -1 -1000 -1000 -1000 -10 0.0004162788391113281
Car -1 -1 -10 882.0 163.0 931.0 193.0 -1 -1 -1 -1000 -1000 -1000 -10 0.00041103363037109375
Car -1 -1 -10 944.0 164.0 1000.0 184.0 -1 -1 -1 -1000 -1000 -1000 -10 0.00035572052001953125
Car -1 -1 -10 869.0 167.0 915.0 184.0 -1 -1 -1 -1000 -1000 -1000 -10 0.0003535747528076172
Car -1 -1 -10 973.0 159.0 1023.0 178.0 -1 -1 -1 -1000 -1000 -1000 -10 0.0003161430358886719
Car -1 -1 -10 892.0 164.0 932.0 179.0 -1 -1 -1 -1000 -1000 -1000 -10 0.00025653839111328125
Pedestrian -1 -1 -10 937.0 0.0 1016.0 45.0 -1 -1 -1 -1000 -1000 -1000 -10 0.00024271011352539062
Car -1 -1 -10 0.0 176.0 20.0 342.0 -1 -1 -1 -1000 -1000 -1000 -10 0.00023472309112548828
Pedestrian -1 -1 -10 563.0 175.0 571.0 191.0 -1 -1 -1 -1000 -1000 -1000 -10 0.00020802021026611328
Car -1 -1 -10 803.0 169.0 838.0 182.0 -1 -1 -1 -1000 -1000 -1000 -10 0.00020563602447509766
Car -1 -1 -10 940.0 158.0 997.0 181.0 -1 -1 -1 -1000 -1000 -1000 -10 0.00020015239715576172
Car -1 -1 -10 825.0 170.0 857.0 184.0 -1 -1 -1 -1000 -1000 -1000 -10 0.00017070770263671875
Car -1 -1 -10 0.0 189.0 13.0 300.0 -1 -1 -1 -1000 -1000 -1000 -10 0.0001691579818725586
Car -1 -1 -10 534.0 216.0 756.0 358.0 -1 -1 -1 -1000 -1000 -1000 -10 0.00016605854034423828
Car -1 -1 -10 1210.0 203.0 1242.0 362.0 -1 -1 -1 -1000 -1000 -1000 -10 0.00015795230865478516
Pedestrian -1 -1 -10 717.0 0.0 740.0 1.0 -1 -1 -1 -1000 -1000 -1000 -10 0.00015664100646972656
Pedestrian -1 -1 -10 725.0 0.0 747.0 0.0 -1 -1 -1 -1000 -1000 -1000 -10 0.00015437602996826172
Pedestrian -1 -1 -10 660.0 0.0 720.0 44.0 -1 -1 -1 -1000 -1000 -1000 -10 0.00014984607696533203
Pedestrian -1 -1 -10 581.0 174.0 585.0 193.0 -1 -1 -1 -1000 -1000 -1000 -10 0.00013625621795654297
Pedestrian -1 -1 -10 603.0 170.0 611.0 187.0 -1 -1 -1 -1000 -1000 -1000 -10 0.0001310110092163086
Pedestrian -1 -1 -10 578.0 171.0 583.0 189.0 -1 -1 -1 -1000 -1000 -1000 -10 0.00011450052261352539
Pedestrian -1 -1 -10 542.0 170.0 550.0 187.0 -1 -1 -1 -1000 -1000 -1000 -10 0.00010311603546142578
