Car -1 -1 -10 322.0 190.0 441.0 275.0 -1 -1 -1 -1000 -1000 -1000 -10 0.96875
Car -1 -1 -10 697.0 154.0 855.0 262.0 -1 -1 -1 -1000 -1000 -1000 -10 0.96533203125
Car -1 -1 -10 423.0 189.0 484.0 234.0 -1 -1 -1 -1000 -1000 -1000 -10 0.94970703125
Car -1 -1 -10 450.0 177.0 501.0 220.0 -1 -1 -1 -1000 -1000 -1000 -10 0.93017578125
Car -1 -1 -10 570.0 176.0 599.0 200.0 -1 -1 -1 -1000 -1000 -1000 -10 0.8818359375
Pedestrian -1 -1 -10 570.0 176.0 596.0 201.0 -1 -1 -1 -1000 -1000 -1000 -10 0.21435546875
Pedestrian -1 -1 -10 564.0 176.0 573.0 201.0 -1 -1 -1 -1000 -1000 -1000 -10 0.09490966796875
Pedestrian -1 -1 -10 565.0 180.0 571.0 206.0 -1 -1 -1 -1000 -1000 -1000 -10 0.00113677978515625
Car -1 -1 -10 1190.0 136.0 1241.0 375.0 -1 -1 -1 -1000 -1000 -1000 -10 0.0008864402770996094
Pedestrian -1 -1 -10 556.0 174.0 573.0 202.0 -1 -1 -1 -1000 -1000 -1000 -10 0.0008640289306640625
Car -1 -1 -10 446.0 163.0 505.0 228.0 -1 -1 -1 -1000 -1000 -1000 -10 0.0005750656127929688
Pedestrian -1 -1 -10 557.0 175.0 566.0 202.0 -1 -1 -1 -1000 -1000 -1000 -10 0.0004863739013671875
Pedestrian -1 -1 -10 555.0 171.0 568.0 197.0 -1 -1 -1 -1000 -1000 -1000 -10 0.000476837158203125
Car -1 -1 -10 406.0 183.0 482.0 250.0 -1 -1 -1 -1000 -1000 -1000 -10 0.0004737377166748047
Car -1 -1 -10 477.0 178.0 505.0 211.0 -1 -1 -1 -1000 -1000 -1000 -10 0.00046181678771972656
Car -1 -1 -10 1209.0 153.0 1242.0 374.0 -1 -1 -1 -1000 -1000 -1000 -10 0.0003764629364013672
Car -1 -1 -10 1163.0 151.0 1242.0 374.0 -1 -1 -1 -1000 -1000 -1000 -10 0.00025725364685058594
Pedestrian -1 -1 -10 559.0 170.0 572.0 192.0 -1 -1 -1 -1000 -1000 -1000 -10 0.00023686885833740234
Pedestrian -1 -1 -10 545.0 168.0 570.0 198.0 -1 -1 -1 -1000 -1000 -1000 -10 0.0002130270004272461
Car -1 -1 -10 391.0 126.0 556.0 252.0 -1 -1 -1 -1000 -1000 -1000 -10 0.0001583099365234375
Car -1 -1 -10 469.0 175.0 506.0 221.0 -1 -1 -1 -1000 -1000 -1000 -10 0.0001513957977294922
Car -1 -1 -10 424.0 178.0 499.0 239.0 -1 -1 -1 -1000 -1000 -1000 -10 0.00014138221740722656
Car -1 -1 -10 354.0 145.0 520.0 281.0 -1 -1 -1 -1000 -1000 -1000 -10 0.00014138221740722656
Car -1 -1 -10 1188.0 67.0 1239.0 336.0 -1 -1 -1 -1000 -1000 -1000 -10 0.0001360177993774414
Car -1 -1 -10 521.0 159.0 549.0 193.0 -1 -1 -1 -1000 -1000 -1000 -10 0.00012600421905517578
Car -1 -1 -10 550.0 175.0 577.0 201.0 -1 -1 -1 -1000 -1000 -1000 -10 0.00012445449829101562
Car -1 -1 -10 1.0 4.0 154.0 315.0 -1 -1 -1 -1000 -1000 -1000 -10 0.00012409687042236328
Cyclist -1 -1 -10 0.0 173.0 21.0 310.0 -1 -1 -1 -1000 -1000 -1000 -10 0.00010758638381958008
