Car -1 -1 -10 279.0 141.0 395.0 230.0 -1 -1 -1 -1000 -1000 -1000 -10 0.95654296875
Car -1 -1 -10 1.0 194.0 126.0 293.0 -1 -1 -1 -1000 -1000 -1000 -10 0.9404296875
Car -1 -1 -10 474.0 171.0 501.0 201.0 -1 -1 -1 -1000 -1000 -1000 -10 0.939453125
Car -1 -1 -10 551.0 181.0 568.0 195.0 -1 -1 -1 -1000 -1000 -1000 -10 0.875
Car -1 -1 -10 1065.0 85.0 1093.0 105.0 -1 -1 -1 -1000 -1000 -1000 -10 0.001392364501953125
Car -1 -1 -10 0.0 192.0 22.0 285.0 -1 -1 -1 -1000 -1000 -1000 -10 0.0005035400390625
Car -1 -1 -10 4.0 195.0 81.0 291.0 -1 -1 -1 -1000 -1000 -1000 -10 0.00041174888610839844
Car -1 -1 -10 1072.0 86.0 1089.0 104.0 -1 -1 -1 -1000 -1000 -1000 -10 0.0002428293228149414
Car -1 -1 -10 0.0 191.0 14.0 275.0 -1 -1 -1 -1000 -1000 -1000 -10 0.00022542476654052734
Car -1 -1 -10 0.0 201.0 29.0 305.0 -1 -1 -1 -1000 -1000 -1000 -10 0.00017642974853515625
Car -1 -1 -10 3.0 207.0 118.0 329.0 -1 -1 -1 -1000 -1000 -1000 -10 0.00014507770538330078
Car -1 -1 -10 0.0 184.0 55.0 272.0 -1 -1 -1 -1000 -1000 -1000 -10 0.0001252889633178711
Car -1 -1 -10 1221.0 194.0 1242.0 331.0 -1 -1 -1 -1000 -1000 -1000 -10 0.00012177228927612305
