Car -1 -1 -10 0.0 196.0 287.0 302.0 -1 -1 -1 -1000 -1000 -1000 -10 0.96826171875
Car -1 -1 -10 777.0 150.0 1162.0 310.0 -1 -1 -1 -1000 -1000 -1000 -10 0.96435546875
Car -1 -1 -10 1043.0 188.0 1241.0 372.0 -1 -1 -1 -1000 -1000 -1000 -10 0.95849609375
Car -1 -1 -10 213.0 189.0 380.0 251.0 -1 -1 -1 -1000 -1000 -1000 -10 0.95751953125
Car -1 -1 -10 360.0 183.0 456.0 220.0 -1 -1 -1 -1000 -1000 -1000 -10 0.94140625
Cyclist -1 -1 -10 577.0 174.0 594.0 218.0 -1 -1 -1 -1000 -1000 -1000 -10 0.8974609375
Car -1 -1 -10 0.0 203.0 22.0 307.0 -1 -1 -1 -1000 -1000 -1000 -10 0.00390625
Car -1 -1 -10 0.0 213.0 21.0 375.0 -1 -1 -1 -1000 -1000 -1000 -10 0.001842498779296875
Car -1 -1 -10 0.0 226.0 16.0 356.0 -1 -1 -1 -1000 -1000 -1000 -10 0.0013599395751953125
Car -1 -1 -10 1201.0 221.0 1242.0 370.0 -1 -1 -1 -1000 -1000 -1000 -10 0.0011892318725585938
Car -1 -1 -10 0.0 208.0 39.0 303.0 -1 -1 -1 -1000 -1000 -1000 -10 0.0010156631469726562
Car -1 -1 -10 202.0 166.0 394.0 270.0 -1 -1 -1 -1000 -1000 -1000 -10 0.0008754730224609375
Car -1 -1 -10 0.0 202.0 15.0 287.0 -1 -1 -1 -1000 -1000 -1000 -10 0.0008230209350585938
Car -1 -1 -10 350.0 169.0 463.0 234.0 -1 -1 -1 -1000 -1000 -1000 -10 0.0007452964782714844
Car -1 -1 -10 384.0 188.0 433.0 214.0 -1 -1 -1 -1000 -1000 -1000 -10 0.0007162094116210938
Car -1 -1 -10 275.0 191.0 314.0 247.0 -1 -1 -1 -1000 -1000 -1000 -10 0.00043010711669921875
Car -1 -1 -10 1187.0 179.0 1241.0 373.0 -1 -1 -1 -1000 -1000 -1000 -10 0.0004284381866455078
Car -1 -1 -10 84.0 203.0 190.0 288.0 -1 -1 -1 -1000 -1000 -1000 -10 0.0003619194030761719
Car -1 -1 -10 323.0 132.0 510.0 279.0 -1 -1 -1 -1000 -1000 -1000 -10 0.0003561973571777344
Cyclist -1 -1 -10 571.0 172.0 587.0 210.0 -1 -1 -1 -1000 -1000 -1000 -10 0.0002694129943847656
Car -1 -1 -10 1.0 227.0 26.0 338.0 -1 -1 -1 -1000 -1000 -1000 -10 0.00026607513427734375
Car -1 -1 -10 1197.0 88.0 1242.0 283.0 -1 -1 -1 -1000 -1000 -1000 -10 0.0002071857452392578
Car -1 -1 -10 0.0 0.0 112.0 3.0 -1 -1 -1 -1000 -1000 -1000 -10 0.0001538991928100586
Car -1 -1 -10 616.0 87.0 651.0 112.0 -1 -1 -1 -1000 -1000 -1000 -10 0.00012433528900146484
Car -1 -1 -10 0.0 207.0 12.0 264.0 -1 -1 -1 -1000 -1000 -1000 -10 0.00012409687042236328
Car -1 -1 -10 1210.0 119.0 1242.0 280.0 -1 -1 -1 -1000 -1000 -1000 -10 0.00011563301086425781
Car -1 -1 -10 1.0 225.0 40.0 341.0 -1 -1 -1 -1000 -1000 -1000 -10 0.00010818243026733398
Car -1 -1 -10 0.0 179.0 25.0 281.0 -1 -1 -1 -1000 -1000 -1000 -10 0.0001074075698852539
