Car -1 -1 -10 1.0 233.0 123.0 321.0 -1 -1 -1 -1000 -1000 -1000 -10 0.96142578125
Car -1 -1 -10 510.0 168.0 595.0 231.0 -1 -1 -1 -1000 -1000 -1000 -10 0.9599609375
Car -1 -1 -10 904.0 145.0 1238.0 246.0 -1 -1 -1 -1000 -1000 -1000 -10 0.95751953125
Car -1 -1 -10 1122.0 142.0 1242.0 275.0 -1 -1 -1 -1000 -1000 -1000 -10 0.9423828125
Car -1 -1 -10 576.0 167.0 622.0 204.0 -1 -1 -1 -1000 -1000 -1000 -10 0.935546875
Car -1 -1 -10 627.0 165.0 650.0 183.0 -1 -1 -1 -1000 -1000 -1000 -10 0.919921875
Car -1 -1 -10 651.0 153.0 665.0 166.0 -1 -1 -1 -1000 -1000 -1000 -10 0.0013437271118164062
Car -1 -1 -10 648.0 156.0 662.0 169.0 -1 -1 -1 -1000 -1000 -1000 -10 0.0012655258178710938
Car -1 -1 -10 0.0 251.0 17.0 375.0 -1 -1 -1 -1000 -1000 -1000 -10 0.000835418701171875
Car -1 -1 -10 0.0 237.0 23.0 315.0 -1 -1 -1 -1000 -1000 -1000 -10 0.0008091926574707031
Car -1 -1 -10 487.0 148.0 628.0 257.0 -1 -1 -1 -1000 -1000 -1000 -10 0.0007581710815429688
Car -1 -1 -10 1221.0 158.0 1242.0 312.0 -1 -1 -1 -1000 -1000 -1000 -10 0.0006895065307617188
Car -1 -1 -10 3.0 229.0 65.0 310.0 -1 -1 -1 -1000 -1000 -1000 -10 0.0006690025329589844
Car -1 -1 -10 562.0 158.0 626.0 219.0 -1 -1 -1 -1000 -1000 -1000 -10 0.0006556510925292969
Car -1 -1 -10 0.0 245.0 13.0 362.0 -1 -1 -1 -1000 -1000 -1000 -10 0.0006256103515625
Car -1 -1 -10 625.0 163.0 650.0 190.0 -1 -1 -1 -1000 -1000 -1000 -10 0.0005617141723632812
Pedestrian -1 -1 -10 734.0 0.0 800.0 46.0 -1 -1 -1 -1000 -1000 -1000 -10 0.0005078315734863281
Car -1 -1 -10 632.0 162.0 653.0 180.0 -1 -1 -1 -1000 -1000 -1000 -10 0.0003905296325683594
Car -1 -1 -10 528.0 171.0 579.0 225.0 -1 -1 -1 -1000 -1000 -1000 -10 0.0003669261932373047
Car -1 -1 -10 582.0 165.0 620.0 194.0 -1 -1 -1 -1000 -1000 -1000 -10 0.00035643577575683594
Car -1 -1 -10 0.0 241.0 26.0 353.0 -1 -1 -1 -1000 -1000 -1000 -10 0.0003426074981689453
Car -1 -1 -10 0.0 235.0 33.0 298.0 -1 -1 -1 -1000 -1000 -1000 -10 0.00033783912658691406
Car -1 -1 -10 0.0 236.0 14.0 310.0 -1 -1 -1 -1000 -1000 -1000 -10 0.00024175643920898438
Car -1 -1 -10 508.0 133.0 683.0 268.0 -1 -1 -1 -1000 -1000 -1000 -10 0.0002371072769165039
Car -1 -1 -10 0.0 206.0 18.0 288.0 -1 -1 -1 -1000 -1000 -1000 -10 0.00021529197692871094
Car -1 -1 -10 0.0 284.0 14.0 375.0 -1 -1 -1 -1000 -1000 -1000 -10 0.0001531839370727539
Car -1 -1 -10 1224.0 170.0 1242.0 281.0 -1 -1 -1 -1000 -1000 -1000 -10 0.00015306472778320312
Pedestrian -1 -1 -10 486.0 0.0 552.0 2.0 -1 -1 -1 -1000 -1000 -1000 -10 0.00014913082122802734
Car -1 -1 -10 1212.0 138.0 1242.0 275.0 -1 -1 -1 -1000 -1000 -1000 -10 0.0001347064971923828
Car -1 -1 -10 1210.0 177.0 1241.0 375.0 -1 -1 -1 -1000 -1000 -1000 -10 0.0001227855682373047
Car -1 -1 -10 0.0 227.0 14.0 287.0 -1 -1 -1 -1000 -1000 -1000 -10 0.00012111663818359375
Car -1 -1 -10 0.0 261.0 25.0 375.0 -1 -1 -1 -1000 -1000 -1000 -10 0.00012004375457763672
Car -1 -1 -10 1200.0 169.0 1242.0 296.0 -1 -1 -1 -1000 -1000 -1000 -10 0.00011962652206420898
Car -1 -1 -10 0.0 269.0 41.0 375.0 -1 -1 -1 -1000 -1000 -1000 -10 0.0001176595687866211
Car -1 -1 -10 1135.0 372.0 1236.0 375.0 -1 -1 -1 -1000 -1000 -1000 -10 0.00011235475540161133
Pedestrian -1 -1 -10 345.0 0.0 390.0 9.0 -1 -1 -1 -1000 -1000 -1000 -10 0.00010114908218383789
