Car -1 -1 -10 269.0 188.0 345.0 225.0 -1 -1 -1 -1000 -1000 -1000 -10 0.96044921875
Car -1 -1 -10 635.0 148.0 693.0 210.0 -1 -1 -1 -1000 -1000 -1000 -10 0.953125
Car -1 -1 -10 0.0 208.0 20.0 275.0 -1 -1 -1 -1000 -1000 -1000 -10 0.0272979736328125
Car -1 -1 -10 0.0 206.0 15.0 262.0 -1 -1 -1 -1000 -1000 -1000 -10 0.00846099853515625
Car -1 -1 -10 1.0 190.0 20.0 261.0 -1 -1 -1 -1000 -1000 -1000 -10 0.003879547119140625
Car -1 -1 -10 0.0 217.0 30.0 288.0 -1 -1 -1 -1000 -1000 -1000 -10 0.003345489501953125
Car -1 -1 -10 0.0 198.0 12.0 254.0 -1 -1 -1 -1000 -1000 -1000 -10 0.0031604766845703125
Car -1 -1 -10 0.0 223.0 16.0 293.0 -1 -1 -1 -1000 -1000 -1000 -10 0.001354217529296875
Car -1 -1 -10 263.0 174.0 350.0 239.0 -1 -1 -1 -1000 -1000 -1000 -10 0.000804901123046875
Car -1 -1 -10 3.0 197.0 33.0 271.0 -1 -1 -1 -1000 -1000 -1000 -10 0.0007715225219726562
Car -1 -1 -10 0.0 208.0 41.0 279.0 -1 -1 -1 -1000 -1000 -1000 -10 0.0006084442138671875
Car -1 -1 -10 0.0 221.0 22.0 309.0 -1 -1 -1 -1000 -1000 -1000 -10 0.0004868507385253906
Car -1 -1 -10 609.0 122.0 745.0 232.0 -1 -1 -1 -1000 -1000 -1000 -10 0.0004661083221435547
Car -1 -1 -10 1.0 221.0 40.0 301.0 -1 -1 -1 -1000 -1000 -1000 -10 0.00033402442932128906
Car -1 -1 -10 210.0 136.0 382.0 279.0 -1 -1 -1 -1000 -1000 -1000 -10 0.0003254413604736328
Car -1 -1 -10 0.0 170.0 11.0 247.0 -1 -1 -1 -1000 -1000 -1000 -10 0.000274658203125
Car -1 -1 -10 1219.0 187.0 1242.0 374.0 -1 -1 -1 -1000 -1000 -1000 -10 0.00021135807037353516
Car -1 -1 -10 0.0 153.0 24.0 269.0 -1 -1 -1 -1000 -1000 -1000 -10 0.00013577938079833984
Car -1 -1 -10 1203.0 157.0 1242.0 371.0 -1 -1 -1 -1000 -1000 -1000 -10 0.00012350082397460938
Pedestrian -1 -1 -10 170.0 0.0 219.0 4.0 -1 -1 -1 -1000 -1000 -1000 -10 0.00012314319610595703
Pedestrian -1 -1 -10 166.0 0.0 220.0 46.0 -1 -1 -1 -1000 -1000 -1000 -10 0.00010156631469726562
