Cyclist -1 -1 -10 194.0 180.0 239.0 237.0 -1 -1 -1 -1000 -1000 -1000 -10 0.93408203125
Car -1 -1 -10 415.0 178.0 486.0 206.0 -1 -1 -1 -1000 -1000 -1000 -10 0.91259765625
Car -1 -1 -10 440.0 175.0 502.0 202.0 -1 -1 -1 -1000 -1000 -1000 -10 0.8896484375
Car -1 -1 -10 608.0 172.0 627.0 187.0 -1 -1 -1 -1000 -1000 -1000 -10 0.006092071533203125
Car -1 -1 -10 452.0 174.0 512.0 199.0 -1 -1 -1 -1000 -1000 -1000 -10 0.0014133453369140625
Car -1 -1 -10 431.0 177.0 483.0 202.0 -1 -1 -1 -1000 -1000 -1000 -10 0.0011358261108398438
Cyclist -1 -1 -10 0.0 173.0 23.0 351.0 -1 -1 -1 -1000 -1000 -1000 -10 0.0010747909545898438
Car -1 -1 -10 419.0 172.0 501.0 210.0 -1 -1 -1 -1000 -1000 -1000 -10 0.0009975433349609375
Car -1 -1 -10 0.0 212.0 22.0 375.0 -1 -1 -1 -1000 -1000 -1000 -10 0.0008893013000488281
Cyclist -1 -1 -10 0.0 190.0 34.0 372.0 -1 -1 -1 -1000 -1000 -1000 -10 0.0003371238708496094
Cyclist -1 -1 -10 0.0 149.0 37.0 334.0 -1 -1 -1 -1000 -1000 -1000 -10 0.00028514862060546875
Cyclist -1 -1 -10 122.0 144.0 281.0 276.0 -1 -1 -1 -1000 -1000 -1000 -10 0.0002777576446533203
Cyclist -1 -1 -10 0.0 147.0 20.0 305.0 -1 -1 -1 -1000 -1000 -1000 -10 0.00022649765014648438
Car -1 -1 -10 408.0 165.0 507.0 227.0 -1 -1 -1 -1000 -1000 -1000 -10 0.00021588802337646484
Car -1 -1 -10 0.0 214.0 36.0 375.0 -1 -1 -1 -1000 -1000 -1000 -10 0.00018310546875
Cyclist -1 -1 -10 0.0 201.0 17.0 330.0 -1 -1 -1 -1000 -1000 -1000 -10 0.00017654895782470703
Cyclist -1 -1 -10 3.0 137.0 93.0 264.0 -1 -1 -1 -1000 -1000 -1000 -10 0.00011479854583740234
Cyclist -1 -1 -10 3.0 133.0 65.0 305.0 -1 -1 -1 -1000 -1000 -1000 -10 0.00011372566223144531
