Car -1 -1 -10 280.0 177.0 380.0 224.0 -1 -1 -1 -1000 -1000 -1000 -10 0.95166015625
Car -1 -1 -10 697.0 174.0 731.0 203.0 -1 -1 -1 -1000 -1000 -1000 -10 0.94189453125
Car -1 -1 -10 883.0 165.0 931.0 182.0 -1 -1 -1 -1000 -1000 -1000 -10 0.87939453125
Car -1 -1 -10 1032.0 162.0 1085.0 182.0 -1 -1 -1 -1000 -1000 -1000 -10 0.79541015625
Pedestrian -1 -1 -10 571.0 171.0 578.0 192.0 -1 -1 -1 -1000 -1000 -1000 -10 0.78173828125
Car -1 -1 -10 814.0 169.0 860.0 184.0 -1 -1 -1 -1000 -1000 -1000 -10 0.7548828125
Pedestrian -1 -1 -10 583.0 172.0 589.0 192.0 -1 -1 -1 -1000 -1000 -1000 -10 0.1353759765625
Pedestrian -1 -1 -10 579.0 170.0 586.0 191.0 -1 -1 -1 -1000 -1000 -1000 -10 0.00431060791015625
Pedestrian -1 -1 -10 578.0 173.0 584.0 193.0 -1 -1 -1 -1000 -1000 -1000 -10 0.0027561187744140625
Pedestrian -1 -1 -10 524.0 172.0 531.0 192.0 -1 -1 -1 -1000 -1000 -1000 -10 0.0012769699096679688
Car -1 -1 -10 1040.0 164.0 1102.0 185.0 -1 -1 -1 -1000 -1000 -1000 -10 0.001125335693359375
Car -1 -1 -10 802.0 170.0 837.0 184.0 -1 -1 -1 -1000 -1000 -1000 -10 0.0010232925415039062
Car -1 -1 -10 302.0 182.0 351.0 217.0 -1 -1 -1 -1000 -1000 -1000 -10 0.0008230209350585938
Car -1 -1 -10 974.0 166.0 1016.0 182.0 -1 -1 -1 -1000 -1000 -1000 -10 0.0008068084716796875
Car -1 -1 -10 880.0 158.0 933.0 188.0 -1 -1 -1 -1000 -1000 -1000 -10 0.0006175041198730469
Pedestrian -1 -1 -10 522.0 172.0 528.0 191.0 -1 -1 -1 -1000 -1000 -1000 -10 0.0005578994750976562
Car -1 -1 -10 1030.0 154.0 1090.0 188.0 -1 -1 -1 -1000 -1000 -1000 -10 0.0005526542663574219
Car -1 -1 -10 867.0 167.0 918.0 184.0 -1 -1 -1 -1000 -1000 -1000 -10 0.00047850608825683594
Pedestrian -1 -1 -10 583.0 170.0 590.0 188.0 -1 -1 -1 -1000 -1000 -1000 -10 0.00046563148498535156
Car -1 -1 -10 1031.0 167.0 1089.0 189.0 -1 -1 -1 -1000 -1000 -1000 -10 0.0004334449768066406
Car -1 -1 -10 818.0 164.0 862.0 179.0 -1 -1 -1 -1000 -1000 -1000 -10 0.000431060791015625
Pedestrian -1 -1 -10 569.0 171.0 575.0 190.0 -1 -1 -1 -1000 -1000 -1000 -10 0.0004038810729980469
Pedestrian -1 -1 -10 555.0 174.0 562.0 191.0 -1 -1 -1 -1000 -1000 -1000 -10 0.00039267539978027344
Car -1 -1 -10 231.0 134.0 411.0 275.0 -1 -1 -1 -1000 -1000 -1000 -10 0.00038504600524902344
Car -1 -1 -10 815.0 164.0 863.0 194.0 -1 -1 -1 -1000 -1000 -1000 -10 0.0003705024719238281
Pedestrian -1 -1 -10 520.0 169.0 528.0 189.0 -1 -1 -1 -1000 -1000 -1000 -10 0.00030875205993652344
Car -1 -1 -10 830.0 164.0 880.0 183.0 -1 -1 -1 -1000 -1000 -1000 -10 0.00024700164794921875
Car -1 -1 -10 1214.0 194.0 1242.0 368.0 -1 -1 -1 -1000 -1000 -1000 -10 0.00019073486328125
Car -1 -1 -10 0.0 173.0 18.0 311.0 -1 -1 -1 -1000 -1000 -1000 -10 0.00017559528350830078
Car -1 -1 -10 801.0 166.0 851.0 184.0 -1 -1 -1 -1000 -1000 -1000 -10 0.000148773193359375
Car -1 -1 -10 839.0 168.0 877.0 183.0 -1 -1 -1 -1000 -1000 -1000 -10 0.00014138221740722656
Car -1 -1 -10 0.0 191.0 13.0 298.0 -1 -1 -1 -1000 -1000 -1000 -10 0.00013244152069091797
Pedestrian -1 -1 -10 543.0 174.0 549.0 191.0 -1 -1 -1 -1000 -1000 -1000 -10 0.00012069940567016602
