Car -1 -1 -10 32.0 205.0 323.0 340.0 -1 -1 -1 -1000 -1000 -1000 -10 0.9716796875
Car -1 -1 -10 566.0 177.0 623.0 231.0 -1 -1 -1 -1000 -1000 -1000 -10 0.953125
Car -1 -1 -10 640.0 178.0 662.0 197.0 -1 -1 -1 -1000 -1000 -1000 -10 0.9130859375
Car -1 -1 -10 804.0 170.0 838.0 187.0 -1 -1 -1 -1000 -1000 -1000 -10 0.892578125
Car -1 -1 -10 822.0 164.0 855.0 187.0 -1 -1 -1 -1000 -1000 -1000 -10 0.826171875
Car -1 -1 -10 809.0 168.0 849.0 188.0 -1 -1 -1 -1000 -1000 -1000 -10 0.03643798828125
Car -1 -1 -10 0.0 247.0 24.0 375.0 -1 -1 -1 -1000 -1000 -1000 -10 0.0177154541015625
Car -1 -1 -10 1.0 227.0 27.0 350.0 -1 -1 -1 -1000 -1000 -1000 -10 0.003017425537109375
Car -1 -1 -10 0.0 240.0 41.0 375.0 -1 -1 -1 -1000 -1000 -1000 -10 0.0020580291748046875
Car -1 -1 -10 739.0 64.0 754.0 78.0 -1 -1 -1 -1000 -1000 -1000 -10 0.0013856887817382812
Car -1 -1 -10 0.0 235.0 18.0 357.0 -1 -1 -1 -1000 -1000 -1000 -10 0.0011444091796875
Cyclist -1 -1 -10 1221.0 141.0 1242.0 346.0 -1 -1 -1 -1000 -1000 -1000 -10 0.0011129379272460938
Car -1 -1 -10 735.0 63.0 757.0 79.0 -1 -1 -1 -1000 -1000 -1000 -10 0.001064300537109375
Car -1 -1 -10 0.0 226.0 25.0 306.0 -1 -1 -1 -1000 -1000 -1000 -10 0.0008702278137207031
Car -1 -1 -10 820.0 159.0 858.0 192.0 -1 -1 -1 -1000 -1000 -1000 -10 0.0007815361022949219
Car -1 -1 -10 533.0 88.0 558.0 112.0 -1 -1 -1 -1000 -1000 -1000 -10 0.000701904296875
Car -1 -1 -10 638.0 175.0 663.0 205.0 -1 -1 -1 -1000 -1000 -1000 -10 0.0006589889526367188
Car -1 -1 -10 51.0 108.0 85.0 137.0 -1 -1 -1 -1000 -1000 -1000 -10 0.0006299018859863281
Car -1 -1 -10 121.0 215.0 232.0 324.0 -1 -1 -1 -1000 -1000 -1000 -10 0.0006041526794433594
Cyclist -1 -1 -10 1211.0 143.0 1242.0 374.0 -1 -1 -1 -1000 -1000 -1000 -10 0.0005307197570800781
Car -1 -1 -10 830.0 166.0 865.0 188.0 -1 -1 -1 -1000 -1000 -1000 -10 0.0004470348358154297
Cyclist -1 -1 -10 1226.0 146.0 1242.0 296.0 -1 -1 -1 -1000 -1000 -1000 -10 0.0004024505615234375
Car -1 -1 -10 803.0 165.0 845.0 195.0 -1 -1 -1 -1000 -1000 -1000 -10 0.00037670135498046875
Car -1 -1 -10 499.0 142.0 662.0 272.0 -1 -1 -1 -1000 -1000 -1000 -10 0.0003478527069091797
Car -1 -1 -10 1236.0 166.0 1242.0 213.0 -1 -1 -1 -1000 -1000 -1000 -10 0.00024378299713134766
Car -1 -1 -10 0.0 285.0 28.0 375.0 -1 -1 -1 -1000 -1000 -1000 -10 0.00020515918731689453
Pedestrian -1 -1 -10 827.0 0.0 858.0 12.0 -1 -1 -1 -1000 -1000 -1000 -10 0.00019240379333496094
Car -1 -1 -10 823.0 0.0 862.0 12.0 -1 -1 -1 -1000 -1000 -1000 -10 0.00018525123596191406
Car -1 -1 -10 0.0 217.0 31.0 277.0 -1 -1 -1 -1000 -1000 -1000 -10 0.0001634359359741211
Car -1 -1 -10 1234.0 149.0 1242.0 217.0 -1 -1 -1 -1000 -1000 -1000 -10 0.00015747547149658203
Car -1 -1 -10 0.0 252.0 62.0 375.0 -1 -1 -1 -1000 -1000 -1000 -10 0.00015676021575927734
Car -1 -1 -10 1234.0 157.0 1242.0 244.0 -1 -1 -1 -1000 -1000 -1000 -10 0.00015020370483398438
Car -1 -1 -10 0.0 223.0 19.0 290.0 -1 -1 -1 -1000 -1000 -1000 -10 0.00014388561248779297
Car -1 -1 -10 0.0 275.0 48.0 375.0 -1 -1 -1 -1000 -1000 -1000 -10 0.00012564659118652344
Car -1 -1 -10 716.0 60.0 730.0 72.0 -1 -1 -1 -1000 -1000 -1000 -10 0.00012552738189697266
Cyclist -1 -1 -10 1225.0 202.0 1242.0 329.0 -1 -1 -1 -1000 -1000 -1000 -10 0.00010538101196289062
Car -1 -1 -10 1231.0 160.0 1242.0 268.0 -1 -1 -1 -1000 -1000 -1000 -10 0.00010275840759277344
