Car -1 -1 -10 561.0 151.0 610.0 204.0 -1 -1 -1 -1000 -1000 -1000 -10 0.9365234375
Pedestrian -1 -1 -10 255.0 155.0 321.0 308.0 -1 -1 -1 -1000 -1000 -1000 -10 0.91015625
Pedestrian -1 -1 -10 309.0 155.0 357.0 301.0 -1 -1 -1 -1000 -1000 -1000 -10 0.84326171875
Pedestrian -1 -1 -10 368.0 163.0 390.0 223.0 -1 -1 -1 -1000 -1000 -1000 -10 0.8388671875
Cyclist -1 -1 -10 503.0 160.0 512.0 188.0 -1 -1 -1 -1000 -1000 -1000 -10 0.4482421875
Car -1 -1 -10 0.0 154.0 29.0 363.0 -1 -1 -1 -1000 -1000 -1000 -10 0.051300048828125
Pedestrian -1 -1 -10 288.0 159.0 342.0 305.0 -1 -1 -1 -1000 -1000 -1000 -10 0.02691650390625
Car -1 -1 -10 0.0 206.0 23.0 364.0 -1 -1 -1 -1000 -1000 -1000 -10 0.0176544189453125
Pedestrian -1 -1 -10 375.0 163.0 393.0 217.0 -1 -1 -1 -1000 -1000 -1000 -10 0.0120391845703125
Pedestrian -1 -1 -10 331.0 163.0 360.0 227.0 -1 -1 -1 -1000 -1000 -1000 -10 0.01122283935546875
Car -1 -1 -10 520.0 152.0 540.0 180.0 -1 -1 -1 -1000 -1000 -1000 -10 0.01110076904296875
Car -1 -1 -10 527.0 154.0 544.0 175.0 -1 -1 -1 -1000 -1000 -1000 -10 0.0096588134765625
Cyclist -1 -1 -10 498.0 158.0 508.0 187.0 -1 -1 -1 -1000 -1000 -1000 -10 0.00811767578125
Car -1 -1 -10 0.0 143.0 47.0 364.0 -1 -1 -1 -1000 -1000 -1000 -10 0.004795074462890625
Car -1 -1 -10 0.0 233.0 15.0 364.0 -1 -1 -1 -1000 -1000 -1000 -10 0.00341796875
Pedestrian -1 -1 -10 320.0 157.0 357.0 260.0 -1 -1 -1 -1000 -1000 -1000 -10 0.001434326171875
Pedestrian -1 -1 -10 389.0 164.0 404.0 207.0 -1 -1 -1 -1000 -1000 -1000 -10 0.0010919570922851562
Pedestrian -1 -1 -10 306.0 159.0 347.0 269.0 -1 -1 -1 -1000 -1000 -1000 -10 0.000972747802734375
Pedestrian -1 -1 -10 226.0 153.0 338.0 309.0 -1 -1 -1 -1000 -1000 -1000 -10 0.0008635520935058594
Pedestrian -1 -1 -10 274.0 149.0 400.0 309.0 -1 -1 -1 -1000 -1000 -1000 -10 0.0006971359252929688
Pedestrian -1 -1 -10 343.0 164.0 374.0 215.0 -1 -1 -1 -1000 -1000 -1000 -10 0.0006966590881347656
Pedestrian -1 -1 -10 321.0 161.0 353.0 222.0 -1 -1 -1 -1000 -1000 -1000 -10 0.0006880760192871094
Car -1 -1 -10 556.0 154.0 595.0 196.0 -1 -1 -1 -1000 -1000 -1000 -10 0.0006284713745117188
Pedestrian -1 -1 -10 1204.0 220.0 1224.0 370.0 -1 -1 -1 -1000 -1000 -1000 -10 0.0005826950073242188
Car -1 -1 -10 0.0 210.0 39.0 351.0 -1 -1 -1 -1000 -1000 -1000 -10 0.000576019287109375
Pedestrian -1 -1 -10 358.0 165.0 381.0 220.0 -1 -1 -1 -1000 -1000 -1000 -10 0.0004761219024658203
Pedestrian -1 -1 -10 381.0 164.0 399.0 210.0 -1 -1 -1 -1000 -1000 -1000 -10 0.0004706382751464844
Car -1 -1 -10 0.0 268.0 13.0 368.0 -1 -1 -1 -1000 -1000 -1000 -10 0.0004432201385498047
Pedestrian -1 -1 -10 327.0 154.0 362.0 289.0 -1 -1 -1 -1000 -1000 -1000 -10 0.0003859996795654297
Pedestrian -1 -1 -10 315.0 160.0 348.0 239.0 -1 -1 -1 -1000 -1000 -1000 -10 0.0003581047058105469
Pedestrian -1 -1 -10 1199.0 179.0 1224.0 370.0 -1 -1 -1 -1000 -1000 -1000 -10 0.00028824806213378906
Car -1 -1 -10 0.0 250.0 34.0 368.0 -1 -1 -1 -1000 -1000 -1000 -10 0.00028133392333984375
Pedestrian -1 -1 -10 1182.0 225.0 1224.0 368.0 -1 -1 -1 -1000 -1000 -1000 -10 0.0002770423889160156
Cyclist -1 -1 -10 503.0 161.0 515.0 193.0 -1 -1 -1 -1000 -1000 -1000 -10 0.00026535987854003906
Car -1 -1 -10 526.0 155.0 551.0 179.0 -1 -1 -1 -1000 -1000 -1000 -10 0.00025463104248046875
Car -1 -1 -10 0.0 264.0 20.0 370.0 -1 -1 -1 -1000 -1000 -1000 -10 0.00024962425231933594
Car -1 -1 -10 508.0 124.0 672.0 252.0 -1 -1 -1 -1000 -1000 -1000 -10 0.00024437904357910156
Cyclist -1 -1 -10 500.0 154.0 511.0 184.0 -1 -1 -1 -1000 -1000 -1000 -10 0.00023090839385986328
Cyclist -1 -1 -10 486.0 157.0 500.0 187.0 -1 -1 -1 -1000 -1000 -1000 -10 0.00022721290588378906
Pedestrian -1 -1 -10 1208.0 254.0 1224.0 370.0 -1 -1 -1 -1000 -1000 -1000 -10 0.00021600723266601562
Pedestrian -1 -1 -10 304.0 156.0 356.0 225.0 -1 -1 -1 -1000 -1000 -1000 -10 0.00021016597747802734
Cyclist -1 -1 -10 477.0 155.0 491.0 181.0 -1 -1 -1 -1000 -1000 -1000 -10 0.0002008676528930664
Pedestrian -1 -1 -10 333.0 157.0 379.0 251.0 -1 -1 -1 -1000 -1000 -1000 -10 0.00017189979553222656
Car -1 -1 -10 0.0 160.0 76.0 361.0 -1 -1 -1 -1000 -1000 -1000 -10 0.00015413761138916016
Car -1 -1 -10 574.0 158.0 613.0 205.0 -1 -1 -1 -1000 -1000 -1000 -10 0.00015246868133544922
Car -1 -1 -10 0.0 188.0 27.0 321.0 -1 -1 -1 -1000 -1000 -1000 -10 0.00013637542724609375
Car -1 -1 -10 366.0 189.0 602.0 370.0 -1 -1 -1 -1000 -1000 -1000 -10 0.0001023411750793457
Car -1 -1 -10 769.0 0.0 847.0 55.0 -1 -1 -1 -1000 -1000 -1000 -10 0.00010126829147338867
