Car -1 -1 -10 412.0 175.0 520.0 265.0 -1 -1 -1 -1000 -1000 -1000 -10 0.96142578125
Car -1 -1 -10 525.0 183.0 560.0 215.0 -1 -1 -1 -1000 -1000 -1000 -10 0.92822265625
Car -1 -1 -10 470.0 190.0 536.0 237.0 -1 -1 -1 -1000 -1000 -1000 -10 0.338623046875
Car -1 -1 -10 565.0 181.0 591.0 199.0 -1 -1 -1 -1000 -1000 -1000 -10 0.0034847259521484375
Car -1 -1 -10 532.0 183.0 562.0 209.0 -1 -1 -1 -1000 -1000 -1000 -10 0.0034770965576171875
Car -1 -1 -10 508.0 183.0 557.0 221.0 -1 -1 -1 -1000 -1000 -1000 -10 0.0004489421844482422
Car -1 -1 -10 550.0 181.0 581.0 205.0 -1 -1 -1 -1000 -1000 -1000 -10 0.00041365623474121094
Car -1 -1 -10 543.0 184.0 571.0 207.0 -1 -1 -1 -1000 -1000 -1000 -10 0.00021195411682128906
Car -1 -1 -10 559.0 177.0 590.0 201.0 -1 -1 -1 -1000 -1000 -1000 -10 0.00018024444580078125
Car -1 -1 -10 466.0 178.0 543.0 251.0 -1 -1 -1 -1000 -1000 -1000 -10 0.00014841556549072266
