Car -1 -1 -10 783.0 208.0 1069.0 373.0 -1 -1 -1 -1000 -1000 -1000 -10 0.96826171875
Car -1 -1 -10 704.0 192.0 831.0 298.0 -1 -1 -1 -1000 -1000 -1000 -10 0.96240234375
Car -1 -1 -10 425.0 184.0 539.0 276.0 -1 -1 -1 -1000 -1000 -1000 -10 0.9609375
Car -1 -1 -10 664.0 189.0 751.0 259.0 -1 -1 -1 -1000 -1000 -1000 -10 0.94921875
Car -1 -1 -10 638.0 187.0 688.0 226.0 -1 -1 -1 -1000 -1000 -1000 -10 0.9169921875
Car -1 -1 -10 1056.0 250.0 1240.0 373.0 -1 -1 -1 -1000 -1000 -1000 -10 0.8994140625
Car -1 -1 -10 656.0 186.0 715.0 237.0 -1 -1 -1 -1000 -1000 -1000 -10 0.88525390625
Car -1 -1 -10 481.0 190.0 552.0 251.0 -1 -1 -1 -1000 -1000 -1000 -10 0.865234375
Car -1 -1 -10 556.0 180.0 587.0 210.0 -1 -1 -1 -1000 -1000 -1000 -10 0.861328125
Car -1 -1 -10 539.0 186.0 574.0 215.0 -1 -1 -1 -1000 -1000 -1000 -10 0.82080078125
Car -1 -1 -10 570.0 181.0 598.0 208.0 -1 -1 -1 -1000 -1000 -1000 -10 0.80322265625
Car -1 -1 -10 494.0 188.0 559.0 237.0 -1 -1 -1 -1000 -1000 -1000 -10 0.469482421875
Car -1 -1 -10 1168.0 233.0 1241.0 371.0 -1 -1 -1 -1000 -1000 -1000 -10 0.03863525390625
Car -1 -1 -10 1124.0 239.0 1239.0 372.0 -1 -1 -1 -1000 -1000 -1000 -10 0.03009033203125
Car -1 -1 -10 1204.0 240.0 1242.0 369.0 -1 -1 -1 -1000 -1000 -1000 -10 0.02294921875
Car -1 -1 -10 521.0 183.0 565.0 225.0 -1 -1 -1 -1000 -1000 -1000 -10 0.0124664306640625
Car -1 -1 -10 667.0 182.0 795.0 287.0 -1 -1 -1 -1000 -1000 -1000 -10 0.00907135009765625
Car -1 -1 -10 1190.0 227.0 1241.0 352.0 -1 -1 -1 -1000 -1000 -1000 -10 0.004302978515625
Car -1 -1 -10 479.0 198.0 538.0 261.0 -1 -1 -1 -1000 -1000 -1000 -10 0.0032196044921875
Car -1 -1 -10 544.0 177.0 587.0 217.0 -1 -1 -1 -1000 -1000 -1000 -10 0.002452850341796875
Car -1 -1 -10 1225.0 246.0 1242.0 369.0 -1 -1 -1 -1000 -1000 -1000 -10 0.0023651123046875
Car -1 -1 -10 607.0 187.0 628.0 203.0 -1 -1 -1 -1000 -1000 -1000 -10 0.002063751220703125
Car -1 -1 -10 1214.0 204.0 1242.0 334.0 -1 -1 -1 -1000 -1000 -1000 -10 0.0012874603271484375
Pedestrian -1 -1 -10 0.0 208.0 20.0 360.0 -1 -1 -1 -1000 -1000 -1000 -10 0.0009570121765136719
Car -1 -1 -10 1189.0 266.0 1241.0 375.0 -1 -1 -1 -1000 -1000 -1000 -10 0.000751495361328125
Car -1 -1 -10 1146.0 206.0 1241.0 341.0 -1 -1 -1 -1000 -1000 -1000 -10 0.0005984306335449219
Car -1 -1 -10 578.0 184.0 605.0 206.0 -1 -1 -1 -1000 -1000 -1000 -10 0.0005922317504882812
Car -1 -1 -10 632.0 175.0 699.0 241.0 -1 -1 -1 -1000 -1000 -1000 -10 0.0005583763122558594
Pedestrian -1 -1 -10 0.0 202.0 41.0 365.0 -1 -1 -1 -1000 -1000 -1000 -10 0.0005445480346679688
Car -1 -1 -10 601.0 185.0 621.0 204.0 -1 -1 -1 -1000 -1000 -1000 -10 0.0005373954772949219
Car -1 -1 -10 129.0 84.0 160.0 111.0 -1 -1 -1 -1000 -1000 -1000 -10 0.0005326271057128906
Car -1 -1 -10 1097.0 197.0 1242.0 368.0 -1 -1 -1 -1000 -1000 -1000 -10 0.0004799365997314453
Car -1 -1 -10 1051.0 284.0 1205.0 375.0 -1 -1 -1 -1000 -1000 -1000 -10 0.00038504600524902344
Car -1 -1 -10 1213.0 278.0 1242.0 375.0 -1 -1 -1 -1000 -1000 -1000 -10 0.00034618377685546875
Car -1 -1 -10 1226.0 219.0 1241.0 334.0 -1 -1 -1 -1000 -1000 -1000 -10 0.0003399848937988281
Car -1 -1 -10 1078.0 238.0 1215.0 325.0 -1 -1 -1 -1000 -1000 -1000 -10 0.00033354759216308594
Car -1 -1 -10 533.0 183.0 567.0 211.0 -1 -1 -1 -1000 -1000 -1000 -10 0.00029349327087402344
Car -1 -1 -10 868.0 217.0 977.0 357.0 -1 -1 -1 -1000 -1000 -1000 -10 0.0002834796905517578
Pedestrian -1 -1 -10 0.0 224.0 14.0 346.0 -1 -1 -1 -1000 -1000 -1000 -10 0.0002810955047607422
Car -1 -1 -10 573.0 142.0 735.0 278.0 -1 -1 -1 -1000 -1000 -1000 -10 0.000247955322265625
Car -1 -1 -10 632.0 177.0 767.0 278.0 -1 -1 -1 -1000 -1000 -1000 -10 0.0002372264862060547
Car -1 -1 -10 496.0 201.0 559.0 248.0 -1 -1 -1 -1000 -1000 -1000 -10 0.00022137165069580078
Car -1 -1 -10 510.0 184.0 558.0 219.0 -1 -1 -1 -1000 -1000 -1000 -10 0.00020587444305419922
Car -1 -1 -10 612.0 187.0 646.0 209.0 -1 -1 -1 -1000 -1000 -1000 -10 0.00018143653869628906
Car -1 -1 -10 991.0 312.0 1228.0 375.0 -1 -1 -1 -1000 -1000 -1000 -10 0.00017249584197998047
Car -1 -1 -10 461.0 160.0 600.0 273.0 -1 -1 -1 -1000 -1000 -1000 -10 0.0001697540283203125
Car -1 -1 -10 1192.0 170.0 1242.0 323.0 -1 -1 -1 -1000 -1000 -1000 -10 0.0001666545867919922
Car -1 -1 -10 480.0 2.0 518.0 24.0 -1 -1 -1 -1000 -1000 -1000 -10 0.00014412403106689453
Car -1 -1 -10 1208.0 198.0 1242.0 292.0 -1 -1 -1 -1000 -1000 -1000 -10 0.00012862682342529297
Car -1 -1 -10 476.0 182.0 538.0 239.0 -1 -1 -1 -1000 -1000 -1000 -10 0.00012743473052978516
Car -1 -1 -10 636.0 188.0 669.0 218.0 -1 -1 -1 -1000 -1000 -1000 -10 0.00011622905731201172
Car -1 -1 -10 670.0 181.0 736.0 240.0 -1 -1 -1 -1000 -1000 -1000 -10 0.0001087188720703125
