Car -1 -1 -10 174.0 189.0 267.0 227.0 -1 -1 -1 -1000 -1000 -1000 -10 0.95751953125
Cyclist -1 -1 -10 881.0 153.0 943.0 240.0 -1 -1 -1 -1000 -1000 -1000 -10 0.9404296875
Car -1 -1 -10 0.0 197.0 89.0 269.0 -1 -1 -1 -1000 -1000 -1000 -10 0.93115234375
Car -1 -1 -10 491.0 174.0 511.0 188.0 -1 -1 -1 -1000 -1000 -1000 -10 0.00720977783203125
Car -1 -1 -10 169.0 175.0 272.0 239.0 -1 -1 -1 -1000 -1000 -1000 -10 0.00093841552734375
Car -1 -1 -10 0.0 189.0 112.0 288.0 -1 -1 -1 -1000 -1000 -1000 -10 0.0007290840148925781
Cyclist -1 -1 -10 848.0 146.0 957.0 251.0 -1 -1 -1 -1000 -1000 -1000 -10 0.0005331039428710938
Car -1 -1 -10 197.0 192.0 247.0 219.0 -1 -1 -1 -1000 -1000 -1000 -10 0.0004336833953857422
Car -1 -1 -10 124.0 137.0 299.0 280.0 -1 -1 -1 -1000 -1000 -1000 -10 0.0003273487091064453
Car -1 -1 -10 0.0 195.0 21.0 254.0 -1 -1 -1 -1000 -1000 -1000 -10 0.00031185150146484375
Car -1 -1 -10 0.0 190.0 12.0 246.0 -1 -1 -1 -1000 -1000 -1000 -10 0.00024700164794921875
Car -1 -1 -10 495.0 171.0 518.0 188.0 -1 -1 -1 -1000 -1000 -1000 -10 0.00024044513702392578
Car -1 -1 -10 0.0 193.0 33.0 258.0 -1 -1 -1 -1000 -1000 -1000 -10 0.0001881122589111328
Car -1 -1 -10 1128.0 0.0 1242.0 2.0 -1 -1 -1 -1000 -1000 -1000 -10 0.00014710426330566406
Car -1 -1 -10 490.0 174.0 518.0 193.0 -1 -1 -1 -1000 -1000 -1000 -10 0.00012218952178955078
Pedestrian -1 -1 -10 1138.0 61.0 1153.0 93.0 -1 -1 -1 -1000 -1000 -1000 -10 0.000110626220703125
Pedestrian -1 -1 -10 703.0 0.0 731.0 7.0 -1 -1 -1 -1000 -1000 -1000 -10 0.00010293722152709961
