Car -1 -1 -10 53.0 189.0 375.0 373.0 -1 -1 -1 -1000 -1000 -1000 -10 0.97021484375
Car -1 -1 -10 675.0 175.0 757.0 237.0 -1 -1 -1 -1000 -1000 -1000 -10 0.96728515625
Car -1 -1 -10 299.0 182.0 469.0 282.0 -1 -1 -1 -1000 -1000 -1000 -10 0.962890625
Car -1 -1 -10 895.0 161.0 1014.0 226.0 -1 -1 -1 -1000 -1000 -1000 -10 0.962890625
Car -1 -1 -10 607.0 141.0 660.0 196.0 -1 -1 -1 -1000 -1000 -1000 -10 0.9541015625
Car -1 -1 -10 1010.0 150.0 1147.0 228.0 -1 -1 -1 -1000 -1000 -1000 -10 0.95068359375
Car -1 -1 -10 461.0 174.0 533.0 226.0 -1 -1 -1 -1000 -1000 -1000 -10 0.9462890625
Car -1 -1 -10 490.0 163.0 552.0 217.0 -1 -1 -1 -1000 -1000 -1000 -10 0.94091796875
Car -1 -1 -10 843.0 163.0 952.0 220.0 -1 -1 -1 -1000 -1000 -1000 -10 0.93408203125
Car -1 -1 -10 1120.0 111.0 1242.0 289.0 -1 -1 -1 -1000 -1000 -1000 -10 0.90966796875
Car -1 -1 -10 719.0 163.0 791.0 195.0 -1 -1 -1 -1000 -1000 -1000 -10 0.90087890625
Car -1 -1 -10 664.0 179.0 721.0 221.0 -1 -1 -1 -1000 -1000 -1000 -10 0.89453125
Car -1 -1 -10 822.0 166.0 922.0 214.0 -1 -1 -1 -1000 -1000 -1000 -10 0.8046875
Car -1 -1 -10 795.0 165.0 893.0 209.0 -1 -1 -1 -1000 -1000 -1000 -10 0.765625
Car -1 -1 -10 0.0 208.0 63.0 374.0 -1 -1 -1 -1000 -1000 -1000 -10 0.3134765625
Car -1 -1 -10 787.0 168.0 867.0 207.0 -1 -1 -1 -1000 -1000 -1000 -10 0.01088714599609375
Car -1 -1 -10 528.0 174.0 566.0 205.0 -1 -1 -1 -1000 -1000 -1000 -10 0.003871917724609375
Car -1 -1 -10 805.0 175.0 882.0 212.0 -1 -1 -1 -1000 -1000 -1000 -10 0.002384185791015625
Car -1 -1 -10 760.0 172.0 855.0 205.0 -1 -1 -1 -1000 -1000 -1000 -10 0.0018949508666992188
Car -1 -1 -10 1.0 223.0 43.0 368.0 -1 -1 -1 -1000 -1000 -1000 -10 0.0013494491577148438
Car -1 -1 -10 1216.0 122.0 1242.0 309.0 -1 -1 -1 -1000 -1000 -1000 -10 0.0012874603271484375
Car -1 -1 -10 652.0 152.0 792.0 260.0 -1 -1 -1 -1000 -1000 -1000 -10 0.0010776519775390625
Car -1 -1 -10 0.0 188.0 28.0 351.0 -1 -1 -1 -1000 -1000 -1000 -10 0.0010728836059570312
Car -1 -1 -10 0.0 207.0 109.0 375.0 -1 -1 -1 -1000 -1000 -1000 -10 0.0008993148803710938
Car -1 -1 -10 509.0 169.0 558.0 213.0 -1 -1 -1 -1000 -1000 -1000 -10 0.0008769035339355469
Car -1 -1 -10 669.0 176.0 740.0 226.0 -1 -1 -1 -1000 -1000 -1000 -10 0.0007600784301757812
Car -1 -1 -10 886.0 147.0 1029.0 249.0 -1 -1 -1 -1000 -1000 -1000 -10 0.0007300376892089844
Car -1 -1 -10 800.0 159.0 912.0 222.0 -1 -1 -1 -1000 -1000 -1000 -10 0.0004875659942626953
Car -1 -1 -10 1165.0 123.0 1239.0 297.0 -1 -1 -1 -1000 -1000 -1000 -10 0.0004405975341796875
Car -1 -1 -10 708.0 158.0 800.0 223.0 -1 -1 -1 -1000 -1000 -1000 -10 0.00038552284240722656
Car -1 -1 -10 1223.0 159.0 1242.0 360.0 -1 -1 -1 -1000 -1000 -1000 -10 0.00038123130798339844
Car -1 -1 -10 565.0 114.0 716.0 234.0 -1 -1 -1 -1000 -1000 -1000 -10 0.00037598609924316406
Car -1 -1 -10 0.0 200.0 8.0 244.0 -1 -1 -1 -1000 -1000 -1000 -10 0.0003514289855957031
Car -1 -1 -10 763.0 121.0 942.0 238.0 -1 -1 -1 -1000 -1000 -1000 -10 0.00034499168395996094
Car -1 -1 -10 0.0 196.0 10.0 265.0 -1 -1 -1 -1000 -1000 -1000 -10 0.00033473968505859375
Car -1 -1 -10 534.0 169.0 576.0 198.0 -1 -1 -1 -1000 -1000 -1000 -10 0.0003330707550048828
Car -1 -1 -10 0.0 196.0 16.0 271.0 -1 -1 -1 -1000 -1000 -1000 -10 0.00030422210693359375
Car -1 -1 -10 871.0 165.0 921.0 212.0 -1 -1 -1 -1000 -1000 -1000 -10 0.0003039836883544922
Car -1 -1 -10 612.0 133.0 771.0 250.0 -1 -1 -1 -1000 -1000 -1000 -10 0.0002720355987548828
Car -1 -1 -10 1199.0 181.0 1242.0 375.0 -1 -1 -1 -1000 -1000 -1000 -10 0.0002410411834716797
Car -1 -1 -10 1126.0 188.0 1239.0 288.0 -1 -1 -1 -1000 -1000 -1000 -10 0.00020968914031982422
Car -1 -1 -10 932.0 165.0 980.0 223.0 -1 -1 -1 -1000 -1000 -1000 -10 0.00019729137420654297
Car -1 -1 -10 809.0 131.0 977.0 239.0 -1 -1 -1 -1000 -1000 -1000 -10 0.00019073486328125
Car -1 -1 -10 397.0 137.0 571.0 270.0 -1 -1 -1 -1000 -1000 -1000 -10 0.00018143653869628906
Car -1 -1 -10 669.0 137.0 849.0 265.0 -1 -1 -1 -1000 -1000 -1000 -10 0.0001456737518310547
Car -1 -1 -10 724.0 135.0 928.0 262.0 -1 -1 -1 -1000 -1000 -1000 -10 0.0001423358917236328
Car -1 -1 -10 1189.0 143.0 1242.0 320.0 -1 -1 -1 -1000 -1000 -1000 -10 0.00014197826385498047
Car -1 -1 -10 1137.0 86.0 1239.0 252.0 -1 -1 -1 -1000 -1000 -1000 -10 0.0001380443572998047
Car -1 -1 -10 817.0 167.0 867.0 205.0 -1 -1 -1 -1000 -1000 -1000 -10 0.00013649463653564453
Car -1 -1 -10 1223.0 87.0 1241.0 188.0 -1 -1 -1 -1000 -1000 -1000 -10 0.00013005733489990234
Car -1 -1 -10 832.0 175.0 932.0 226.0 -1 -1 -1 -1000 -1000 -1000 -10 0.0001291036605834961
Car -1 -1 -10 774.0 181.0 858.0 207.0 -1 -1 -1 -1000 -1000 -1000 -10 0.00012600421905517578
Car -1 -1 -10 450.0 133.0 616.0 262.0 -1 -1 -1 -1000 -1000 -1000 -10 0.00012445449829101562
Car -1 -1 -10 1133.0 144.0 1241.0 261.0 -1 -1 -1 -1000 -1000 -1000 -10 0.00010955333709716797
