Car -1 -1 -10 0.0 192.0 323.0 298.0 -1 -1 -1 -1000 -1000 -1000 -10 0.96533203125
Car -1 -1 -10 1029.0 151.0 1241.0 266.0 -1 -1 -1 -1000 -1000 -1000 -10 0.95458984375
Car -1 -1 -10 0.0 206.0 122.0 373.0 -1 -1 -1 -1000 -1000 -1000 -10 0.93896484375
Car -1 -1 -10 189.0 184.0 384.0 245.0 -1 -1 -1 -1000 -1000 -1000 -10 0.93017578125
Car -1 -1 -10 1147.0 143.0 1241.0 255.0 -1 -1 -1 -1000 -1000 -1000 -10 0.90283203125
Pedestrian -1 -1 -10 330.0 166.0 354.0 228.0 -1 -1 -1 -1000 -1000 -1000 -10 0.87353515625
Car -1 -1 -10 1211.0 148.0 1242.0 256.0 -1 -1 -1 -1000 -1000 -1000 -10 0.034332275390625
Car -1 -1 -10 155.0 189.0 318.0 243.0 -1 -1 -1 -1000 -1000 -1000 -10 0.016510009765625
Car -1 -1 -10 0.0 182.0 178.0 243.0 -1 -1 -1 -1000 -1000 -1000 -10 0.00678253173828125
Car -1 -1 -10 1223.0 155.0 1242.0 263.0 -1 -1 -1 -1000 -1000 -1000 -10 0.006481170654296875
Car -1 -1 -10 1219.0 159.0 1242.0 370.0 -1 -1 -1 -1000 -1000 -1000 -10 0.00595855712890625
Car -1 -1 -10 0.0 189.0 121.0 257.0 -1 -1 -1 -1000 -1000 -1000 -10 0.0046234130859375
Car -1 -1 -10 1187.0 150.0 1241.0 262.0 -1 -1 -1 -1000 -1000 -1000 -10 0.002361297607421875
Car -1 -1 -10 105.0 184.0 338.0 256.0 -1 -1 -1 -1000 -1000 -1000 -10 0.00171661376953125
Car -1 -1 -10 103.0 181.0 296.0 236.0 -1 -1 -1 -1000 -1000 -1000 -10 0.00115966796875
Car -1 -1 -10 1063.0 154.0 1200.0 259.0 -1 -1 -1 -1000 -1000 -1000 -10 0.00092315673828125
Car -1 -1 -10 1194.0 167.0 1242.0 375.0 -1 -1 -1 -1000 -1000 -1000 -10 0.0008893013000488281
Car -1 -1 -10 0.0 176.0 101.0 238.0 -1 -1 -1 -1000 -1000 -1000 -10 0.0007081031799316406
Car -1 -1 -10 0.0 178.0 64.0 253.0 -1 -1 -1 -1000 -1000 -1000 -10 0.0005211830139160156
Car -1 -1 -10 167.0 158.0 411.0 268.0 -1 -1 -1 -1000 -1000 -1000 -10 0.0003504753112792969
Car -1 -1 -10 1176.0 140.0 1241.0 298.0 -1 -1 -1 -1000 -1000 -1000 -10 0.0003364086151123047
Car -1 -1 -10 1229.0 140.0 1242.0 231.0 -1 -1 -1 -1000 -1000 -1000 -10 0.000335693359375
Car -1 -1 -10 144.0 181.0 314.0 226.0 -1 -1 -1 -1000 -1000 -1000 -10 0.0003345012664794922
Car -1 -1 -10 223.0 179.0 374.0 232.0 -1 -1 -1 -1000 -1000 -1000 -10 0.00033283233642578125
Car -1 -1 -10 0.0 178.0 114.0 295.0 -1 -1 -1 -1000 -1000 -1000 -10 0.0003170967102050781
Car -1 -1 -10 6.0 171.0 216.0 231.0 -1 -1 -1 -1000 -1000 -1000 -10 0.00031280517578125
Car -1 -1 -10 1226.0 172.0 1242.0 292.0 -1 -1 -1 -1000 -1000 -1000 -10 0.0002903938293457031
Car -1 -1 -10 0.0 178.0 25.0 255.0 -1 -1 -1 -1000 -1000 -1000 -10 0.00028967857360839844
Car -1 -1 -10 3.0 168.0 88.0 267.0 -1 -1 -1 -1000 -1000 -1000 -10 0.00023353099822998047
Car -1 -1 -10 0.0 179.0 23.0 300.0 -1 -1 -1 -1000 -1000 -1000 -10 0.00023293495178222656
Car -1 -1 -10 68.0 171.0 212.0 218.0 -1 -1 -1 -1000 -1000 -1000 -10 0.00021779537200927734
Car -1 -1 -10 0.0 207.0 28.0 365.0 -1 -1 -1 -1000 -1000 -1000 -10 0.00020515918731689453
Car -1 -1 -10 1104.0 145.0 1242.0 278.0 -1 -1 -1 -1000 -1000 -1000 -10 0.00020039081573486328
Car -1 -1 -10 194.0 184.0 327.0 233.0 -1 -1 -1 -1000 -1000 -1000 -10 0.0001990795135498047
Car -1 -1 -10 0.0 155.0 57.0 238.0 -1 -1 -1 -1000 -1000 -1000 -10 0.0001786947250366211
Car -1 -1 -10 1223.0 176.0 1242.0 240.0 -1 -1 -1 -1000 -1000 -1000 -10 0.00017845630645751953
Car -1 -1 -10 1.0 154.0 133.0 236.0 -1 -1 -1 -1000 -1000 -1000 -10 0.0001761913299560547
Car -1 -1 -10 1.0 183.0 91.0 356.0 -1 -1 -1 -1000 -1000 -1000 -10 0.00017321109771728516
Pedestrian -1 -1 -10 336.0 168.0 358.0 229.0 -1 -1 -1 -1000 -1000 -1000 -10 0.0001691579818725586
Car -1 -1 -10 1164.0 179.0 1242.0 375.0 -1 -1 -1 -1000 -1000 -1000 -10 0.00016510486602783203
Car -1 -1 -10 125.0 160.0 279.0 220.0 -1 -1 -1 -1000 -1000 -1000 -10 0.0001633167266845703
Car -1 -1 -10 1213.0 167.0 1242.0 291.0 -1 -1 -1 -1000 -1000 -1000 -10 0.00016009807586669922
Car -1 -1 -10 1227.0 198.0 1242.0 328.0 -1 -1 -1 -1000 -1000 -1000 -10 0.00015246868133544922
Pedestrian -1 -1 -10 295.0 172.0 368.0 229.0 -1 -1 -1 -1000 -1000 -1000 -10 0.00015115737915039062
Pedestrian -1 -1 -10 311.0 166.0 360.0 227.0 -1 -1 -1 -1000 -1000 -1000 -10 0.00012093782424926758
Car -1 -1 -10 1226.0 188.0 1242.0 250.0 -1 -1 -1 -1000 -1000 -1000 -10 0.00010496377944946289
