Car -1 -1 -10 319.0 182.0 463.0 279.0 -1 -1 -1 -1000 -1000 -1000 -10 0.9599609375
Car -1 -1 -10 638.0 173.0 703.0 225.0 -1 -1 -1 -1000 -1000 -1000 -10 0.94677734375
Car -1 -1 -10 480.0 176.0 536.0 214.0 -1 -1 -1 -1000 -1000 -1000 -10 0.94580078125
Car -1 -1 -10 624.0 178.0 672.0 214.0 -1 -1 -1 -1000 -1000 -1000 -10 0.92431640625
Car -1 -1 -10 476.0 161.0 539.0 219.0 -1 -1 -1 -1000 -1000 -1000 -10 0.00106048583984375
Car -1 -1 -10 617.0 162.0 679.0 222.0 -1 -1 -1 -1000 -1000 -1000 -10 0.00043654441833496094
Car -1 -1 -10 825.0 14.0 869.0 41.0 -1 -1 -1 -1000 -1000 -1000 -10 0.00034880638122558594
Car -1 -1 -10 407.0 136.0 574.0 270.0 -1 -1 -1 -1000 -1000 -1000 -10 0.00033402442932128906
Car -1 -1 -10 433.0 123.0 593.0 240.0 -1 -1 -1 -1000 -1000 -1000 -10 0.0003294944763183594
Car -1 -1 -10 601.0 136.0 756.0 245.0 -1 -1 -1 -1000 -1000 -1000 -10 0.00026679039001464844
Car -1 -1 -10 1175.0 198.0 1242.0 372.0 -1 -1 -1 -1000 -1000 -1000 -10 0.00021958351135253906
Car -1 -1 -10 562.0 138.0 736.0 269.0 -1 -1 -1 -1000 -1000 -1000 -10 0.00021016597747802734
Car -1 -1 -10 1127.0 226.0 1242.0 375.0 -1 -1 -1 -1000 -1000 -1000 -10 0.00015079975128173828
