Car -1 -1 -10 49.0 189.0 90.0 220.0 -1 -1 -1 -1000 -1000 -1000 -10 0.9228515625
Cyclist -1 -1 -10 1223.0 166.0 1242.0 358.0 -1 -1 -1 -1000 -1000 -1000 -10 0.0024166107177734375
Pedestrian -1 -1 -10 1.0 192.0 14.0 226.0 -1 -1 -1 -1000 -1000 -1000 -10 0.001239776611328125
Cyclist -1 -1 -10 1214.0 155.0 1242.0 369.0 -1 -1 -1 -1000 -1000 -1000 -10 0.0008292198181152344
Car -1 -1 -10 1.0 188.0 14.0 231.0 -1 -1 -1 -1000 -1000 -1000 -10 0.0006222724914550781
Car -1 -1 -10 39.0 173.0 97.0 237.0 -1 -1 -1 -1000 -1000 -1000 -10 0.0005321502685546875
Pedestrian -1 -1 -10 284.0 175.0 292.0 205.0 -1 -1 -1 -1000 -1000 -1000 -10 0.0005102157592773438
Cyclist -1 -1 -10 1230.0 200.0 1242.0 332.0 -1 -1 -1 -1000 -1000 -1000 -10 0.00025773048400878906
Car -1 -1 -10 15.0 140.0 167.0 280.0 -1 -1 -1 -1000 -1000 -1000 -10 0.0002562999725341797
Cyclist -1 -1 -10 0.0 163.0 21.0 370.0 -1 -1 -1 -1000 -1000 -1000 -10 0.00023686885833740234
Pedestrian -1 -1 -10 286.0 175.0 296.0 204.0 -1 -1 -1 -1000 -1000 -1000 -10 0.00022673606872558594
Car -1 -1 -10 0.0 134.0 141.0 254.0 -1 -1 -1 -1000 -1000 -1000 -10 0.00022232532501220703
Cyclist -1 -1 -10 1224.0 162.0 1242.0 282.0 -1 -1 -1 -1000 -1000 -1000 -10 0.00020647048950195312
Cyclist -1 -1 -10 1230.0 175.0 1242.0 274.0 -1 -1 -1 -1000 -1000 -1000 -10 0.00017881393432617188
Pedestrian -1 -1 -10 1.0 197.0 11.0 233.0 -1 -1 -1 -1000 -1000 -1000 -10 0.0001628398895263672
Pedestrian -1 -1 -10 936.0 0.0 1019.0 4.0 -1 -1 -1 -1000 -1000 -1000 -10 0.00011456012725830078
