Car -1 -1 -10 573.0 175.0 618.0 216.0 -1 -1 -1 -1000 -1000 -1000 -10 0.97412109375
Car -1 -1 -10 108.0 182.0 281.0 271.0 -1 -1 -1 -1000 -1000 -1000 -10 0.9677734375
Car -1 -1 -10 480.0 114.0 561.0 215.0 -1 -1 -1 -1000 -1000 -1000 -10 0.96142578125
Car -1 -1 -10 416.0 186.0 504.0 244.0 -1 -1 -1 -1000 -1000 -1000 -10 0.96044921875
Car -1 -1 -10 270.0 160.0 400.0 238.0 -1 -1 -1 -1000 -1000 -1000 -10 0.92822265625
Car -1 -1 -10 157.0 180.0 267.0 231.0 -1 -1 -1 -1000 -1000 -1000 -10 0.908203125
Car -1 -1 -10 0.0 172.0 52.0 340.0 -1 -1 -1 -1000 -1000 -1000 -10 0.85302734375
Car -1 -1 -10 0.0 215.0 40.0 368.0 -1 -1 -1 -1000 -1000 -1000 -10 0.023406982421875
Car -1 -1 -10 123.0 182.0 231.0 230.0 -1 -1 -1 -1000 -1000 -1000 -10 0.00799560546875
Car -1 -1 -10 115.0 182.0 259.0 244.0 -1 -1 -1 -1000 -1000 -1000 -10 0.0021800994873046875
Car -1 -1 -10 0.0 160.0 35.0 298.0 -1 -1 -1 -1000 -1000 -1000 -10 0.0021114349365234375
Car -1 -1 -10 0.0 226.0 17.0 347.0 -1 -1 -1 -1000 -1000 -1000 -10 0.00177764892578125
Car -1 -1 -10 0.0 172.0 81.0 349.0 -1 -1 -1 -1000 -1000 -1000 -10 0.0012788772583007812
Car -1 -1 -10 279.0 146.0 408.0 211.0 -1 -1 -1 -1000 -1000 -1000 -10 0.001224517822265625
Car -1 -1 -10 0.0 234.0 50.0 346.0 -1 -1 -1 -1000 -1000 -1000 -10 0.0011539459228515625
Car -1 -1 -10 435.0 186.0 485.0 238.0 -1 -1 -1 -1000 -1000 -1000 -10 0.0010747909545898438
Car -1 -1 -10 567.0 161.0 622.0 221.0 -1 -1 -1 -1000 -1000 -1000 -10 0.00086212158203125
Car -1 -1 -10 383.0 164.0 546.0 280.0 -1 -1 -1 -1000 -1000 -1000 -10 0.00045490264892578125
Car -1 -1 -10 0.0 148.0 25.0 265.0 -1 -1 -1 -1000 -1000 -1000 -10 0.000392913818359375
Car -1 -1 -10 187.0 183.0 237.0 228.0 -1 -1 -1 -1000 -1000 -1000 -10 0.00036263465881347656
Car -1 -1 -10 516.0 124.0 678.0 242.0 -1 -1 -1 -1000 -1000 -1000 -10 0.00031948089599609375
Car -1 -1 -10 0.0 253.0 20.0 374.0 -1 -1 -1 -1000 -1000 -1000 -10 0.00022554397583007812
Car -1 -1 -10 125.0 148.0 305.0 255.0 -1 -1 -1 -1000 -1000 -1000 -10 0.00017821788787841797
Car -1 -1 -10 0.0 184.0 16.0 321.0 -1 -1 -1 -1000 -1000 -1000 -10 0.00017213821411132812
Car -1 -1 -10 1.0 214.0 13.0 335.0 -1 -1 -1 -1000 -1000 -1000 -10 0.0001366138458251953
Car -1 -1 -10 0.0 218.0 47.0 283.0 -1 -1 -1 -1000 -1000 -1000 -10 0.00013637542724609375
Car -1 -1 -10 1.0 190.0 68.0 376.0 -1 -1 -1 -1000 -1000 -1000 -10 0.00013506412506103516
Car -1 -1 -10 0.0 121.0 20.0 252.0 -1 -1 -1 -1000 -1000 -1000 -10 0.00013267993927001953
Car -1 -1 -10 542.0 176.0 572.0 204.0 -1 -1 -1 -1000 -1000 -1000 -10 0.00011277198791503906
Car -1 -1 -10 0.0 254.0 17.0 315.0 -1 -1 -1 -1000 -1000 -1000 -10 0.00011229515075683594
Car -1 -1 -10 483.0 133.0 663.0 268.0 -1 -1 -1 -1000 -1000 -1000 -10 0.00010985136032104492
Car -1 -1 -10 0.0 159.0 14.0 252.0 -1 -1 -1 -1000 -1000 -1000 -10 0.00010204315185546875
Car -1 -1 -10 2.0 250.0 41.0 314.0 -1 -1 -1 -1000 -1000 -1000 -10 0.0001017451286315918
