Car -1 -1 -10 2.0 189.0 462.0 372.0 -1 -1 -1 -1000 -1000 -1000 -10 0.9677734375
Car -1 -1 -10 586.0 126.0 689.0 240.0 -1 -1 -1 -1000 -1000 -1000 -10 0.95849609375
Pedestrian -1 -1 -10 736.0 161.0 790.0 275.0 -1 -1 -1 -1000 -1000 -1000 -10 0.8935546875
Pedestrian -1 -1 -10 437.0 172.0 456.0 229.0 -1 -1 -1 -1000 -1000 -1000 -10 0.87841796875
Pedestrian -1 -1 -10 401.0 174.0 421.0 230.0 -1 -1 -1 -1000 -1000 -1000 -10 0.85498046875
Pedestrian -1 -1 -10 508.0 174.0 523.0 213.0 -1 -1 -1 -1000 -1000 -1000 -10 0.8203125
Pedestrian -1 -1 -10 1157.0 131.0 1238.0 373.0 -1 -1 -1 -1000 -1000 -1000 -10 0.328857421875
Pedestrian -1 -1 -10 511.0 173.0 526.0 210.0 -1 -1 -1 -1000 -1000 -1000 -10 0.07989501953125
Pedestrian -1 -1 -10 1202.0 133.0 1238.0 374.0 -1 -1 -1 -1000 -1000 -1000 -10 0.049102783203125
Pedestrian -1 -1 -10 466.0 174.0 484.0 213.0 -1 -1 -1 -1000 -1000 -1000 -10 0.002437591552734375
Car -1 -1 -10 0.0 194.0 93.0 369.0 -1 -1 -1 -1000 -1000 -1000 -10 0.0024280548095703125
Car -1 -1 -10 0.0 183.0 59.0 374.0 -1 -1 -1 -1000 -1000 -1000 -10 0.00170135498046875
Pedestrian -1 -1 -10 420.0 173.0 435.0 229.0 -1 -1 -1 -1000 -1000 -1000 -10 0.0016412734985351562
Pedestrian -1 -1 -10 517.0 173.0 530.0 208.0 -1 -1 -1 -1000 -1000 -1000 -10 0.0015869140625
Pedestrian -1 -1 -10 1118.0 106.0 1238.0 374.0 -1 -1 -1 -1000 -1000 -1000 -10 0.0015306472778320312
Pedestrian -1 -1 -10 1212.0 79.0 1238.0 330.0 -1 -1 -1 -1000 -1000 -1000 -10 0.0014677047729492188
Pedestrian -1 -1 -10 500.0 176.0 513.0 211.0 -1 -1 -1 -1000 -1000 -1000 -10 0.0012865066528320312
Car -1 -1 -10 0.0 191.0 36.0 372.0 -1 -1 -1 -1000 -1000 -1000 -10 0.0008311271667480469
Pedestrian -1 -1 -10 702.0 155.0 824.0 279.0 -1 -1 -1 -1000 -1000 -1000 -10 0.0006890296936035156
Car -1 -1 -10 0.0 194.0 155.0 370.0 -1 -1 -1 -1000 -1000 -1000 -10 0.0006518363952636719
Pedestrian -1 -1 -10 1222.0 137.0 1238.0 253.0 -1 -1 -1 -1000 -1000 -1000 -10 0.0006093978881835938
Pedestrian -1 -1 -10 724.0 162.0 773.0 275.0 -1 -1 -1 -1000 -1000 -1000 -10 0.0005869865417480469
Pedestrian -1 -1 -10 528.0 172.0 541.0 201.0 -1 -1 -1 -1000 -1000 -1000 -10 0.0005655288696289062
Pedestrian -1 -1 -10 470.0 174.0 491.0 210.0 -1 -1 -1 -1000 -1000 -1000 -10 0.0004279613494873047
Pedestrian -1 -1 -10 1220.0 170.0 1238.0 300.0 -1 -1 -1 -1000 -1000 -1000 -10 0.0004215240478515625
Pedestrian -1 -1 -10 488.0 177.0 503.0 210.0 -1 -1 -1 -1000 -1000 -1000 -10 0.00038170814514160156
Pedestrian -1 -1 -10 758.0 166.0 795.0 274.0 -1 -1 -1 -1000 -1000 -1000 -10 0.0003764629364013672
Pedestrian -1 -1 -10 523.0 173.0 535.0 202.0 -1 -1 -1 -1000 -1000 -1000 -10 0.0003757476806640625
Pedestrian -1 -1 -10 1210.0 220.0 1238.0 368.0 -1 -1 -1 -1000 -1000 -1000 -10 0.0003058910369873047
Pedestrian -1 -1 -10 1201.0 114.0 1237.0 294.0 -1 -1 -1 -1000 -1000 -1000 -10 0.0002541542053222656
Pedestrian -1 -1 -10 441.0 175.0 459.0 217.0 -1 -1 -1 -1000 -1000 -1000 -10 0.0002334117889404297
Pedestrian -1 -1 -10 1139.0 203.0 1238.0 372.0 -1 -1 -1 -1000 -1000 -1000 -10 0.0002275705337524414
Pedestrian -1 -1 -10 1223.0 279.0 1238.0 373.0 -1 -1 -1 -1000 -1000 -1000 -10 0.00019443035125732422
Pedestrian -1 -1 -10 405.0 171.0 427.0 220.0 -1 -1 -1 -1000 -1000 -1000 -10 0.0001875162124633789
Pedestrian -1 -1 -10 398.0 173.0 416.0 232.0 -1 -1 -1 -1000 -1000 -1000 -10 0.0001646280288696289
Pedestrian -1 -1 -10 1201.0 143.0 1236.0 248.0 -1 -1 -1 -1000 -1000 -1000 -10 0.00015938282012939453
Car -1 -1 -10 0.0 197.0 292.0 368.0 -1 -1 -1 -1000 -1000 -1000 -10 0.0001468658447265625
Pedestrian -1 -1 -10 1197.0 168.0 1236.0 303.0 -1 -1 -1 -1000 -1000 -1000 -10 0.00013720989227294922
Pedestrian -1 -1 -10 1164.0 236.0 1237.0 373.0 -1 -1 -1 -1000 -1000 -1000 -10 0.00011599063873291016
Pedestrian -1 -1 -10 1187.0 77.0 1237.0 302.0 -1 -1 -1 -1000 -1000 -1000 -10 0.00011396408081054688
Pedestrian -1 -1 -10 527.0 170.0 547.0 203.0 -1 -1 -1 -1000 -1000 -1000 -10 0.00010836124420166016
