Cyclist -1 -1 -10 223.0 187.0 262.0 237.0 -1 -1 -1 -1000 -1000 -1000 -10 0.93994140625
Car -1 -1 -10 446.0 180.0 507.0 206.0 -1 -1 -1 -1000 -1000 -1000 -10 0.90185546875
Car -1 -1 -10 423.0 183.0 495.0 211.0 -1 -1 -1 -1000 -1000 -1000 -10 0.88427734375
Car -1 -1 -10 610.0 176.0 626.0 190.0 -1 -1 -1 -1000 -1000 -1000 -10 0.0157012939453125
Cyclist -1 -1 -10 0.0 178.0 32.0 345.0 -1 -1 -1 -1000 -1000 -1000 -10 0.002002716064453125
Car -1 -1 -10 0.0 217.0 21.0 369.0 -1 -1 -1 -1000 -1000 -1000 -10 0.0012292861938476562
Cyclist -1 -1 -10 214.0 192.0 254.0 234.0 -1 -1 -1 -1000 -1000 -1000 -10 0.0003418922424316406
Cyclist -1 -1 -10 0.0 209.0 17.0 339.0 -1 -1 -1 -1000 -1000 -1000 -10 0.00033354759216308594
Car -1 -1 -10 0.0 233.0 15.0 357.0 -1 -1 -1 -1000 -1000 -1000 -10 0.0002994537353515625
Cyclist -1 -1 -10 0.0 180.0 54.0 338.0 -1 -1 -1 -1000 -1000 -1000 -10 0.0002624988555908203
Car -1 -1 -10 609.0 174.0 632.0 191.0 -1 -1 -1 -1000 -1000 -1000 -10 0.0002465248107910156
Cyclist -1 -1 -10 213.0 178.0 267.0 242.0 -1 -1 -1 -1000 -1000 -1000 -10 0.0001767873764038086
Cyclist -1 -1 -10 1.0 163.0 21.0 296.0 -1 -1 -1 -1000 -1000 -1000 -10 0.00015997886657714844
Car -1 -1 -10 0.0 222.0 33.0 375.0 -1 -1 -1 -1000 -1000 -1000 -10 0.00015783309936523438
Cyclist -1 -1 -10 0.0 169.0 40.0 305.0 -1 -1 -1 -1000 -1000 -1000 -10 0.00013697147369384766
Cyclist -1 -1 -10 187.0 143.0 339.0 281.0 -1 -1 -1 -1000 -1000 -1000 -10 0.0001251697540283203
