Car -1 -1 -10 706.0 181.0 791.0 242.0 -1 -1 -1 -1000 -1000 -1000 -10 0.978515625
Car -1 -1 -10 838.0 178.0 977.0 243.0 -1 -1 -1 -1000 -1000 -1000 -10 0.97509765625
Car -1 -1 -10 663.0 170.0 719.0 217.0 -1 -1 -1 -1000 -1000 -1000 -10 0.9638671875
Car -1 -1 -10 625.0 173.0 650.0 195.0 -1 -1 -1 -1000 -1000 -1000 -10 0.94677734375
Car -1 -1 -10 803.0 175.0 869.0 201.0 -1 -1 -1 -1000 -1000 -1000 -10 0.93603515625
Car -1 -1 -10 667.0 142.0 721.0 195.0 -1 -1 -1 -1000 -1000 -1000 -10 0.93115234375
Car -1 -1 -10 669.0 163.0 721.0 206.0 -1 -1 -1 -1000 -1000 -1000 -10 0.046783447265625
Car -1 -1 -10 883.0 181.0 928.0 235.0 -1 -1 -1 -1000 -1000 -1000 -10 0.0015344619750976562
Car -1 -1 -10 289.0 70.0 307.0 86.0 -1 -1 -1 -1000 -1000 -1000 -10 0.001312255859375
Car -1 -1 -10 724.0 183.0 775.0 236.0 -1 -1 -1 -1000 -1000 -1000 -10 0.0008244514465332031
Car -1 -1 -10 1219.0 200.0 1242.0 364.0 -1 -1 -1 -1000 -1000 -1000 -10 0.0007214546203613281
Car -1 -1 -10 682.0 151.0 832.0 270.0 -1 -1 -1 -1000 -1000 -1000 -10 0.00044345855712890625
Car -1 -1 -10 531.0 307.0 581.0 342.0 -1 -1 -1 -1000 -1000 -1000 -10 0.0003204345703125
Car -1 -1 -10 1206.0 192.0 1242.0 374.0 -1 -1 -1 -1000 -1000 -1000 -10 0.00027298927307128906
Car -1 -1 -10 609.0 110.0 760.0 243.0 -1 -1 -1 -1000 -1000 -1000 -10 0.0001895427703857422
Car -1 -1 -10 291.0 75.0 303.0 87.0 -1 -1 -1 -1000 -1000 -1000 -10 0.00011152029037475586
Car -1 -1 -10 365.0 74.0 385.0 93.0 -1 -1 -1 -1000 -1000 -1000 -10 0.00010627508163452148
