Car -1 -1 -10 459.0 186.0 519.0 240.0 -1 -1 -1 -1000 -1000 -1000 -10 0.9501953125
Pedestrian -1 -1 -10 0.0 200.0 33.0 371.0 -1 -1 -1 -1000 -1000 -1000 -10 0.004489898681640625
Car -1 -1 -10 0.0 188.0 53.0 371.0 -1 -1 -1 -1000 -1000 -1000 -10 0.0038318634033203125
Car -1 -1 -10 0.0 173.0 32.0 369.0 -1 -1 -1 -1000 -1000 -1000 -10 0.0021953582763671875
Pedestrian -1 -1 -10 0.0 236.0 47.0 373.0 -1 -1 -1 -1000 -1000 -1000 -10 0.001800537109375
Car -1 -1 -10 571.0 180.0 593.0 199.0 -1 -1 -1 -1000 -1000 -1000 -10 0.0015592575073242188
Car -1 -1 -10 0.0 172.0 82.0 374.0 -1 -1 -1 -1000 -1000 -1000 -10 0.0013513565063476562
Pedestrian -1 -1 -10 0.0 238.0 21.0 372.0 -1 -1 -1 -1000 -1000 -1000 -10 0.0013265609741210938
Car -1 -1 -10 0.0 249.0 30.0 373.0 -1 -1 -1 -1000 -1000 -1000 -10 0.0012540817260742188
Car -1 -1 -10 0.0 253.0 55.0 375.0 -1 -1 -1 -1000 -1000 -1000 -10 0.0007977485656738281
Car -1 -1 -10 0.0 251.0 99.0 375.0 -1 -1 -1 -1000 -1000 -1000 -10 0.0005130767822265625
Car -1 -1 -10 399.0 161.0 561.0 282.0 -1 -1 -1 -1000 -1000 -1000 -10 0.00038313865661621094
Car -1 -1 -10 1104.0 112.0 1159.0 150.0 -1 -1 -1 -1000 -1000 -1000 -10 0.0002353191375732422
Car -1 -1 -10 0.0 332.0 119.0 375.0 -1 -1 -1 -1000 -1000 -1000 -10 0.0002263784408569336
Car -1 -1 -10 0.0 211.0 124.0 374.0 -1 -1 -1 -1000 -1000 -1000 -10 0.00020933151245117188
Car -1 -1 -10 0.0 343.0 211.0 375.0 -1 -1 -1 -1000 -1000 -1000 -10 0.0001672506332397461
Car -1 -1 -10 0.0 71.0 59.0 375.0 -1 -1 -1 -1000 -1000 -1000 -10 0.00014412403106689453
Car -1 -1 -10 1082.0 123.0 1125.0 151.0 -1 -1 -1 -1000 -1000 -1000 -10 0.0001316070556640625
Car -1 -1 -10 0.0 293.0 197.0 375.0 -1 -1 -1 -1000 -1000 -1000 -10 0.00012755393981933594
Car -1 -1 -10 0.0 316.0 58.0 375.0 -1 -1 -1 -1000 -1000 -1000 -10 0.00012540817260742188
