Car -1 -1 -10 794.0 182.0 1163.0 373.0 -1 -1 -1 -1000 -1000 -1000 -10 0.97021484375
Car -1 -1 -10 174.0 185.0 365.0 290.0 -1 -1 -1 -1000 -1000 -1000 -10 0.96435546875
Car -1 -1 -10 304.0 180.0 432.0 256.0 -1 -1 -1 -1000 -1000 -1000 -10 0.96337890625
Car -1 -1 -10 739.0 178.0 886.0 276.0 -1 -1 -1 -1000 -1000 -1000 -10 0.96240234375
Car -1 -1 -10 476.0 175.0 531.0 198.0 -1 -1 -1 -1000 -1000 -1000 -10 0.93505859375
Car -1 -1 -10 1140.0 200.0 1241.0 373.0 -1 -1 -1 -1000 -1000 -1000 -10 0.92578125
Car -1 -1 -10 647.0 150.0 723.0 188.0 -1 -1 -1 -1000 -1000 -1000 -10 0.89794921875
Pedestrian -1 -1 -10 670.0 168.0 686.0 199.0 -1 -1 -1 -1000 -1000 -1000 -10 0.8037109375
Pedestrian -1 -1 -10 668.0 166.0 691.0 198.0 -1 -1 -1 -1000 -1000 -1000 -10 0.299072265625
Pedestrian -1 -1 -10 651.0 153.0 714.0 191.0 -1 -1 -1 -1000 -1000 -1000 -10 0.1793212890625
Pedestrian -1 -1 -10 662.0 152.0 699.0 190.0 -1 -1 -1 -1000 -1000 -1000 -10 0.04205322265625
Car -1 -1 -10 645.0 163.0 707.0 188.0 -1 -1 -1 -1000 -1000 -1000 -10 0.040283203125
Car -1 -1 -10 586.0 170.0 643.0 190.0 -1 -1 -1 -1000 -1000 -1000 -10 0.0260162353515625
Car -1 -1 -10 654.0 163.0 689.0 189.0 -1 -1 -1 -1000 -1000 -1000 -10 0.0091094970703125
Pedestrian -1 -1 -10 723.0 167.0 735.0 199.0 -1 -1 -1 -1000 -1000 -1000 -10 0.008209228515625
Car -1 -1 -10 659.0 152.0 710.0 185.0 -1 -1 -1 -1000 -1000 -1000 -10 0.0015420913696289062
Pedestrian -1 -1 -10 675.0 157.0 725.0 191.0 -1 -1 -1 -1000 -1000 -1000 -10 0.0013036727905273438
Car -1 -1 -10 1215.0 183.0 1241.0 349.0 -1 -1 -1 -1000 -1000 -1000 -10 0.0009918212890625
Car -1 -1 -10 639.0 136.0 730.0 201.0 -1 -1 -1 -1000 -1000 -1000 -10 0.0004112720489501953
Car -1 -1 -10 1203.0 190.0 1241.0 367.0 -1 -1 -1 -1000 -1000 -1000 -10 0.00032639503479003906
Pedestrian -1 -1 -10 717.0 169.0 733.0 204.0 -1 -1 -1 -1000 -1000 -1000 -10 0.0003070831298828125
Car -1 -1 -10 1165.0 188.0 1240.0 325.0 -1 -1 -1 -1000 -1000 -1000 -10 0.0003046989440917969
Pedestrian -1 -1 -10 719.0 163.0 735.0 194.0 -1 -1 -1 -1000 -1000 -1000 -10 0.00024306774139404297
Car -1 -1 -10 589.0 97.0 778.0 239.0 -1 -1 -1 -1000 -1000 -1000 -10 0.00022995471954345703
Pedestrian -1 -1 -10 719.0 166.0 742.0 203.0 -1 -1 -1 -1000 -1000 -1000 -10 0.00022900104522705078
Car -1 -1 -10 1228.0 191.0 1242.0 316.0 -1 -1 -1 -1000 -1000 -1000 -10 0.00020265579223632812
Car -1 -1 -10 0.0 195.0 28.0 368.0 -1 -1 -1 -1000 -1000 -1000 -10 0.00019478797912597656
Car -1 -1 -10 587.0 168.0 624.0 193.0 -1 -1 -1 -1000 -1000 -1000 -10 0.00017917156219482422
Pedestrian -1 -1 -10 699.0 169.0 715.0 192.0 -1 -1 -1 -1000 -1000 -1000 -10 0.00017452239990234375
Car -1 -1 -10 518.0 205.0 740.0 365.0 -1 -1 -1 -1000 -1000 -1000 -10 0.0001227855682373047
Pedestrian -1 -1 -10 688.0 166.0 711.0 187.0 -1 -1 -1 -1000 -1000 -1000 -10 0.0001220703125
Car -1 -1 -10 1189.0 133.0 1242.0 324.0 -1 -1 -1 -1000 -1000 -1000 -10 0.00011235475540161133
Car -1 -1 -10 944.0 0.0 999.0 49.0 -1 -1 -1 -1000 -1000 -1000 -10 0.00010573863983154297
