Car -1 -1 -10 295.0 194.0 453.0 292.0 -1 -1 -1 -1000 -1000 -1000 -10 0.9599609375
Car -1 -1 -10 1.0 212.0 334.0 374.0 -1 -1 -1 -1000 -1000 -1000 -10 0.958984375
Car -1 -1 -10 651.0 178.0 708.0 223.0 -1 -1 -1 -1000 -1000 -1000 -10 0.9560546875
Car -1 -1 -10 783.0 151.0 941.0 215.0 -1 -1 -1 -1000 -1000 -1000 -10 0.951171875
Car -1 -1 -10 805.0 166.0 999.0 221.0 -1 -1 -1 -1000 -1000 -1000 -10 0.94873046875
Car -1 -1 -10 430.0 182.0 487.0 223.0 -1 -1 -1 -1000 -1000 -1000 -10 0.9384765625
Car -1 -1 -10 476.0 183.0 515.0 211.0 -1 -1 -1 -1000 -1000 -1000 -10 0.93115234375
Car -1 -1 -10 1078.0 135.0 1239.0 187.0 -1 -1 -1 -1000 -1000 -1000 -10 0.92822265625
Car -1 -1 -10 743.0 162.0 864.0 206.0 -1 -1 -1 -1000 -1000 -1000 -10 0.90380859375
Car -1 -1 -10 335.0 191.0 434.0 248.0 -1 -1 -1 -1000 -1000 -1000 -10 0.89892578125
Car -1 -1 -10 0.0 224.0 56.0 375.0 -1 -1 -1 -1000 -1000 -1000 -10 0.671875
Car -1 -1 -10 0.0 238.0 37.0 374.0 -1 -1 -1 -1000 -1000 -1000 -10 0.183349609375
Car -1 -1 -10 1222.0 123.0 1242.0 200.0 -1 -1 -1 -1000 -1000 -1000 -10 0.049713134765625
Car -1 -1 -10 0.0 228.0 23.0 363.0 -1 -1 -1 -1000 -1000 -1000 -10 0.044830322265625
Car -1 -1 -10 1212.0 118.0 1242.0 191.0 -1 -1 -1 -1000 -1000 -1000 -10 0.031463623046875
Car -1 -1 -10 1198.0 101.0 1242.0 186.0 -1 -1 -1 -1000 -1000 -1000 -10 0.005512237548828125
Car -1 -1 -10 0.0 202.0 28.0 340.0 -1 -1 -1 -1000 -1000 -1000 -10 0.004947662353515625
Car -1 -1 -10 1228.0 140.0 1242.0 212.0 -1 -1 -1 -1000 -1000 -1000 -10 0.0038204193115234375
Car -1 -1 -10 4.0 221.0 109.0 374.0 -1 -1 -1 -1000 -1000 -1000 -10 0.00341033935546875
Car -1 -1 -10 0.0 211.0 18.0 321.0 -1 -1 -1 -1000 -1000 -1000 -10 0.0026378631591796875
Car -1 -1 -10 0.0 200.0 78.0 364.0 -1 -1 -1 -1000 -1000 -1000 -10 0.002620697021484375
Car -1 -1 -10 2.0 255.0 74.0 369.0 -1 -1 -1 -1000 -1000 -1000 -10 0.0016679763793945312
Car -1 -1 -10 1210.0 96.0 1242.0 173.0 -1 -1 -1 -1000 -1000 -1000 -10 0.0016002655029296875
Car -1 -1 -10 1222.0 114.0 1242.0 173.0 -1 -1 -1 -1000 -1000 -1000 -10 0.00142669677734375
Car -1 -1 -10 0.0 277.0 53.0 375.0 -1 -1 -1 -1000 -1000 -1000 -10 0.0010995864868164062
Car -1 -1 -10 801.0 164.0 957.0 209.0 -1 -1 -1 -1000 -1000 -1000 -10 0.0010623931884765625
Car -1 -1 -10 1174.0 107.0 1242.0 177.0 -1 -1 -1 -1000 -1000 -1000 -10 0.0009045600891113281
Car -1 -1 -10 647.0 168.0 713.0 234.0 -1 -1 -1 -1000 -1000 -1000 -10 0.0008969306945800781
Car -1 -1 -10 414.0 175.0 489.0 241.0 -1 -1 -1 -1000 -1000 -1000 -10 0.0008535385131835938
Car -1 -1 -10 0.0 196.0 15.0 298.0 -1 -1 -1 -1000 -1000 -1000 -10 0.0007309913635253906
Car -1 -1 -10 1203.0 138.0 1242.0 196.0 -1 -1 -1 -1000 -1000 -1000 -10 0.0007085800170898438
Car -1 -1 -10 959.0 150.0 1099.0 187.0 -1 -1 -1 -1000 -1000 -1000 -10 0.0006895065307617188
Car -1 -1 -10 1036.0 96.0 1242.0 231.0 -1 -1 -1 -1000 -1000 -1000 -10 0.0005984306335449219
Car -1 -1 -10 356.0 195.0 405.0 242.0 -1 -1 -1 -1000 -1000 -1000 -10 0.0005369186401367188
Car -1 -1 -10 787.0 134.0 1000.0 233.0 -1 -1 -1 -1000 -1000 -1000 -10 0.0004968643188476562
Car -1 -1 -10 1215.0 69.0 1242.0 184.0 -1 -1 -1 -1000 -1000 -1000 -10 0.0004801750183105469
Car -1 -1 -10 627.0 176.0 655.0 197.0 -1 -1 -1 -1000 -1000 -1000 -10 0.0004596710205078125
Car -1 -1 -10 0.0 194.0 25.0 299.0 -1 -1 -1 -1000 -1000 -1000 -10 0.00045800209045410156
Car -1 -1 -10 711.0 113.0 900.0 237.0 -1 -1 -1 -1000 -1000 -1000 -10 0.00037360191345214844
Car -1 -1 -10 1138.0 138.0 1182.0 179.0 -1 -1 -1 -1000 -1000 -1000 -10 0.0003705024719238281
Car -1 -1 -10 1.0 271.0 22.0 336.0 -1 -1 -1 -1000 -1000 -1000 -10 0.0003407001495361328
Car -1 -1 -10 340.0 194.0 418.0 272.0 -1 -1 -1 -1000 -1000 -1000 -10 0.00033593177795410156
Car -1 -1 -10 579.0 138.0 750.0 271.0 -1 -1 -1 -1000 -1000 -1000 -10 0.0003230571746826172
Car -1 -1 -10 1191.0 70.0 1242.0 182.0 -1 -1 -1 -1000 -1000 -1000 -10 0.00032258033752441406
Car -1 -1 -10 1.0 210.0 46.0 326.0 -1 -1 -1 -1000 -1000 -1000 -10 0.0003190040588378906
Car -1 -1 -10 0.0 210.0 183.0 374.0 -1 -1 -1 -1000 -1000 -1000 -10 0.00024318695068359375
Car -1 -1 -10 0.0 173.0 19.0 286.0 -1 -1 -1 -1000 -1000 -1000 -10 0.00020515918731689453
Car -1 -1 -10 0.0 276.0 19.0 375.0 -1 -1 -1 -1000 -1000 -1000 -10 0.00018978118896484375
Car -1 -1 -10 1.0 254.0 22.0 319.0 -1 -1 -1 -1000 -1000 -1000 -10 0.00018775463104248047
Car -1 -1 -10 856.0 161.0 999.0 211.0 -1 -1 -1 -1000 -1000 -1000 -10 0.00018584728240966797
Car -1 -1 -10 387.0 135.0 551.0 281.0 -1 -1 -1 -1000 -1000 -1000 -10 0.00017261505126953125
Car -1 -1 -10 0.0 233.0 17.0 296.0 -1 -1 -1 -1000 -1000 -1000 -10 0.00015342235565185547
Car -1 -1 -10 1221.0 137.0 1242.0 228.0 -1 -1 -1 -1000 -1000 -1000 -10 0.0001436471939086914
Car -1 -1 -10 1.0 262.0 32.0 328.0 -1 -1 -1 -1000 -1000 -1000 -10 0.0001385211944580078
Car -1 -1 -10 778.0 166.0 827.0 197.0 -1 -1 -1 -1000 -1000 -1000 -10 0.0001316070556640625
Car -1 -1 -10 1119.0 137.0 1198.0 181.0 -1 -1 -1 -1000 -1000 -1000 -10 0.00011664628982543945
Car -1 -1 -10 1109.0 33.0 1242.0 183.0 -1 -1 -1 -1000 -1000 -1000 -10 0.00011581182479858398
Car -1 -1 -10 1.0 274.0 49.0 340.0 -1 -1 -1 -1000 -1000 -1000 -10 0.0001087188720703125
Car -1 -1 -10 841.0 155.0 885.0 206.0 -1 -1 -1 -1000 -1000 -1000 -10 0.00010663270950317383
Car -1 -1 -10 1.0 233.0 29.0 297.0 -1 -1 -1 -1000 -1000 -1000 -10 0.00010579824447631836
