Car -1 -1 -10 214.0 189.0 306.0 236.0 -1 -1 -1 -1000 -1000 -1000 -10 0.95263671875
Car -1 -1 -10 589.0 163.0 623.0 198.0 -1 -1 -1 -1000 -1000 -1000 -10 0.9453125
Cyclist -1 -1 -10 64.0 191.0 100.0 235.0 -1 -1 -1 -1000 -1000 -1000 -10 0.9296875
Cyclist -1 -1 -10 726.0 163.0 756.0 221.0 -1 -1 -1 -1000 -1000 -1000 -10 0.91162109375
Car -1 -1 -10 0.0 208.0 12.0 260.0 -1 -1 -1 -1000 -1000 -1000 -10 0.01081085205078125
Cyclist -1 -1 -10 0.0 209.0 14.0 259.0 -1 -1 -1 -1000 -1000 -1000 -10 0.00865936279296875
Cyclist -1 -1 -10 0.0 205.0 10.0 249.0 -1 -1 -1 -1000 -1000 -1000 -10 0.003612518310546875
Car -1 -1 -10 435.0 185.0 459.0 202.0 -1 -1 -1 -1000 -1000 -1000 -10 0.0033435821533203125
Car -1 -1 -10 0.0 215.0 15.0 276.0 -1 -1 -1 -1000 -1000 -1000 -10 0.0012969970703125
Car -1 -1 -10 230.0 192.0 279.0 226.0 -1 -1 -1 -1000 -1000 -1000 -10 0.0008416175842285156
Cyclist -1 -1 -10 0.0 204.0 20.0 261.0 -1 -1 -1 -1000 -1000 -1000 -10 0.0006976127624511719
Car -1 -1 -10 1.0 223.0 12.0 271.0 -1 -1 -1 -1000 -1000 -1000 -10 0.0005998611450195312
Car -1 -1 -10 0.0 208.0 20.0 256.0 -1 -1 -1 -1000 -1000 -1000 -10 0.0005502700805664062
Cyclist -1 -1 -10 0.0 192.0 10.0 238.0 -1 -1 -1 -1000 -1000 -1000 -10 0.0004456043243408203
Car -1 -1 -10 357.0 85.0 368.0 95.0 -1 -1 -1 -1000 -1000 -1000 -10 0.0004355907440185547
Cyclist -1 -1 -10 0.0 200.0 17.0 245.0 -1 -1 -1 -1000 -1000 -1000 -10 0.0004279613494873047
Car -1 -1 -10 164.0 147.0 338.0 277.0 -1 -1 -1 -1000 -1000 -1000 -10 0.00030231475830078125
Cyclist -1 -1 -10 171.0 192.0 195.0 219.0 -1 -1 -1 -1000 -1000 -1000 -10 0.0002987384796142578
Cyclist -1 -1 -10 1229.0 170.0 1242.0 278.0 -1 -1 -1 -1000 -1000 -1000 -10 0.00016760826110839844
Cyclist -1 -1 -10 1223.0 155.0 1242.0 291.0 -1 -1 -1 -1000 -1000 -1000 -10 0.00016701221466064453
Cyclist -1 -1 -10 1213.0 138.0 1241.0 342.0 -1 -1 -1 -1000 -1000 -1000 -10 0.0001283884048461914
