Car -1 -1 -10 195.0 146.0 470.0 250.0 -1 -1 -1 -1000 -1000 -1000 -10 0.96826171875
Car -1 -1 -10 509.0 156.0 744.0 250.0 -1 -1 -1 -1000 -1000 -1000 -10 0.96240234375
Cyclist -1 -1 -10 806.0 159.0 921.0 273.0 -1 -1 -1 -1000 -1000 -1000 -10 0.947265625
Car -1 -1 -10 0.0 149.0 85.0 258.0 -1 -1 -1 -1000 -1000 -1000 -10 0.943359375
Car -1 -1 -10 562.0 160.0 697.0 241.0 -1 -1 -1 -1000 -1000 -1000 -10 0.0012845993041992188
Car -1 -1 -10 0.0 137.0 18.0 215.0 -1 -1 -1 -1000 -1000 -1000 -10 0.0009350776672363281
Car -1 -1 -10 0.0 158.0 13.0 259.0 -1 -1 -1 -1000 -1000 -1000 -10 0.0007300376892089844
Car -1 -1 -10 0.0 152.0 23.0 247.0 -1 -1 -1 -1000 -1000 -1000 -10 0.00047087669372558594
Car -1 -1 -10 280.0 152.0 390.0 235.0 -1 -1 -1 -1000 -1000 -1000 -10 0.0003998279571533203
Car -1 -1 -10 0.0 130.0 12.0 194.0 -1 -1 -1 -1000 -1000 -1000 -10 0.0003466606140136719
Pedestrian -1 -1 -10 1210.0 130.0 1224.0 292.0 -1 -1 -1 -1000 -1000 -1000 -10 0.0002796649932861328
Car -1 -1 -10 0.0 195.0 12.0 284.0 -1 -1 -1 -1000 -1000 -1000 -10 0.00026988983154296875
Car -1 -1 -10 0.0 136.0 66.0 242.0 -1 -1 -1 -1000 -1000 -1000 -10 0.00024402141571044922
Car -1 -1 -10 0.0 156.0 34.0 260.0 -1 -1 -1 -1000 -1000 -1000 -10 0.0002027750015258789
Car -1 -1 -10 0.0 169.0 19.0 282.0 -1 -1 -1 -1000 -1000 -1000 -10 0.00019240379333496094
Car -1 -1 -10 785.0 0.0 836.0 10.0 -1 -1 -1 -1000 -1000 -1000 -10 0.00013339519500732422
Car -1 -1 -10 0.0 132.0 25.0 195.0 -1 -1 -1 -1000 -1000 -1000 -10 0.00013065338134765625
Car -1 -1 -10 755.0 0.0 803.0 11.0 -1 -1 -1 -1000 -1000 -1000 -10 0.00012290477752685547
Car -1 -1 -10 0.0 184.0 18.0 370.0 -1 -1 -1 -1000 -1000 -1000 -10 0.00012052059173583984
Pedestrian -1 -1 -10 1214.0 138.0 1224.0 246.0 -1 -1 -1 -1000 -1000 -1000 -10 0.00011742115020751953
Car -1 -1 -10 0.0 131.0 10.0 176.0 -1 -1 -1 -1000 -1000 -1000 -10 0.00010722875595092773
Car -1 -1 -10 0.0 116.0 15.0 176.0 -1 -1 -1 -1000 -1000 -1000 -10 0.00010305643081665039
