Car -1 -1 -10 674.0 180.0 770.0 244.0 -1 -1 -1 -1000 -1000 -1000 -10 0.95361328125
Car -1 -1 -10 1193.0 229.0 1242.0 370.0 -1 -1 -1 -1000 -1000 -1000 -10 0.01303863525390625
Car -1 -1 -10 1209.0 247.0 1242.0 375.0 -1 -1 -1 -1000 -1000 -1000 -10 0.007442474365234375
Car -1 -1 -10 86.0 56.0 116.0 78.0 -1 -1 -1 -1000 -1000 -1000 -10 0.0028324127197265625
Car -1 -1 -10 120.0 68.0 149.0 85.0 -1 -1 -1 -1000 -1000 -1000 -10 0.0009489059448242188
Car -1 -1 -10 1160.0 211.0 1242.0 371.0 -1 -1 -1 -1000 -1000 -1000 -10 0.0008859634399414062
Car -1 -1 -10 653.0 159.0 793.0 264.0 -1 -1 -1 -1000 -1000 -1000 -10 0.0008111000061035156
Car -1 -1 -10 1220.0 259.0 1242.0 372.0 -1 -1 -1 -1000 -1000 -1000 -10 0.0005054473876953125
Car -1 -1 -10 124.0 67.0 143.0 84.0 -1 -1 -1 -1000 -1000 -1000 -10 0.00024306774139404297
Car -1 -1 -10 1225.0 232.0 1242.0 362.0 -1 -1 -1 -1000 -1000 -1000 -10 0.0002008676528930664
Car -1 -1 -10 693.0 181.0 744.0 237.0 -1 -1 -1 -1000 -1000 -1000 -10 0.00012290477752685547
