Car -1 -1 -10 592.0 174.0 626.0 207.0 -1 -1 -1 -1000 -1000 -1000 -10 0.9443359375
Car -1 -1 -10 449.0 158.0 493.0 197.0 -1 -1 -1 -1000 -1000 -1000 -10 0.9267578125
Car -1 -1 -10 704.0 162.0 779.0 194.0 -1 -1 -1 -1000 -1000 -1000 -10 0.916015625
Car -1 -1 -10 529.0 153.0 566.0 191.0 -1 -1 -1 -1000 -1000 -1000 -10 0.039398193359375
Cyclist -1 -1 -10 1220.0 161.0 1242.0 325.0 -1 -1 -1 -1000 -1000 -1000 -10 0.002582550048828125
Cyclist -1 -1 -10 1224.0 188.0 1242.0 304.0 -1 -1 -1 -1000 -1000 -1000 -10 0.0009984970092773438
Car -1 -1 -10 0.0 210.0 17.0 267.0 -1 -1 -1 -1000 -1000 -1000 -10 0.000988006591796875
Car -1 -1 -10 442.0 149.0 501.0 211.0 -1 -1 -1 -1000 -1000 -1000 -10 0.0007867813110351562
Car -1 -1 -10 694.0 145.0 785.0 209.0 -1 -1 -1 -1000 -1000 -1000 -10 0.0006527900695800781
Cyclist -1 -1 -10 1206.0 177.0 1240.0 299.0 -1 -1 -1 -1000 -1000 -1000 -10 0.00058746337890625
Car -1 -1 -10 0.0 220.0 14.0 279.0 -1 -1 -1 -1000 -1000 -1000 -10 0.00047469139099121094
Cyclist -1 -1 -10 1210.0 129.0 1241.0 320.0 -1 -1 -1 -1000 -1000 -1000 -10 0.0004508495330810547
Car -1 -1 -10 392.0 127.0 559.0 256.0 -1 -1 -1 -1000 -1000 -1000 -10 0.00038051605224609375
Car -1 -1 -10 0.0 218.0 24.0 281.0 -1 -1 -1 -1000 -1000 -1000 -10 0.00032401084899902344
Car -1 -1 -10 366.0 111.0 535.0 237.0 -1 -1 -1 -1000 -1000 -1000 -10 0.00032138824462890625
Car -1 -1 -10 714.0 163.0 766.0 190.0 -1 -1 -1 -1000 -1000 -1000 -10 0.0003185272216796875
Car -1 -1 -10 1223.0 198.0 1242.0 347.0 -1 -1 -1 -1000 -1000 -1000 -10 0.0002970695495605469
Car -1 -1 -10 439.0 163.0 480.0 194.0 -1 -1 -1 -1000 -1000 -1000 -10 0.00028133392333984375
Car -1 -1 -10 643.0 102.0 822.0 243.0 -1 -1 -1 -1000 -1000 -1000 -10 0.0002512931823730469
Car -1 -1 -10 796.0 182.0 868.0 216.0 -1 -1 -1 -1000 -1000 -1000 -10 0.00023293495178222656
Car -1 -1 -10 594.0 2.0 679.0 56.0 -1 -1 -1 -1000 -1000 -1000 -10 0.00021338462829589844
Cyclist -1 -1 -10 1227.0 170.0 1241.0 284.0 -1 -1 -1 -1000 -1000 -1000 -10 0.00020205974578857422
Car -1 -1 -10 0.0 206.0 27.0 263.0 -1 -1 -1 -1000 -1000 -1000 -10 0.0001773834228515625
Car -1 -1 -10 468.0 161.0 497.0 191.0 -1 -1 -1 -1000 -1000 -1000 -10 0.0001621246337890625
Car -1 -1 -10 0.0 225.0 19.0 327.0 -1 -1 -1 -1000 -1000 -1000 -10 0.0001289844512939453
Car -1 -1 -10 535.0 148.0 575.0 188.0 -1 -1 -1 -1000 -1000 -1000 -10 0.00012022256851196289
Car -1 -1 -10 0.0 207.0 43.0 279.0 -1 -1 -1 -1000 -1000 -1000 -10 0.00011205673217773438
Car -1 -1 -10 1218.0 112.0 1242.0 303.0 -1 -1 -1 -1000 -1000 -1000 -10 0.0001004338264465332
