Car -1 -1 -10 0.0 190.0 241.0 374.0 -1 -1 -1 -1000 -1000 -1000 -10 0.96826171875
Car -1 -1 -10 394.0 186.0 537.0 272.0 -1 -1 -1 -1000 -1000 -1000 -10 0.9599609375
Car -1 -1 -10 752.0 181.0 1023.0 351.0 -1 -1 -1 -1000 -1000 -1000 -10 0.9599609375
Car -1 -1 -10 239.0 173.0 393.0 252.0 -1 -1 -1 -1000 -1000 -1000 -10 0.958984375
Car -1 -1 -10 681.0 170.0 762.0 235.0 -1 -1 -1 -1000 -1000 -1000 -10 0.951171875
Car -1 -1 -10 585.0 174.0 646.0 225.0 -1 -1 -1 -1000 -1000 -1000 -10 0.94384765625
Car -1 -1 -10 702.0 184.0 848.0 273.0 -1 -1 -1 -1000 -1000 -1000 -10 0.94140625
Pedestrian -1 -1 -10 938.0 182.0 1031.0 373.0 -1 -1 -1 -1000 -1000 -1000 -10 0.93212890625
Car -1 -1 -10 158.0 173.0 257.0 212.0 -1 -1 -1 -1000 -1000 -1000 -10 0.92626953125
Car -1 -1 -10 632.0 137.0 679.0 194.0 -1 -1 -1 -1000 -1000 -1000 -10 0.92529296875
Car -1 -1 -10 0.0 126.0 76.0 302.0 -1 -1 -1 -1000 -1000 -1000 -10 0.91943359375
Car -1 -1 -10 389.0 173.0 485.0 219.0 -1 -1 -1 -1000 -1000 -1000 -10 0.91796875
Car -1 -1 -10 639.0 175.0 676.0 204.0 -1 -1 -1 -1000 -1000 -1000 -10 0.908203125
Car -1 -1 -10 587.0 172.0 626.0 207.0 -1 -1 -1 -1000 -1000 -1000 -10 0.90234375
Car -1 -1 -10 468.0 176.0 546.0 243.0 -1 -1 -1 -1000 -1000 -1000 -10 0.896484375
Car -1 -1 -10 552.0 172.0 582.0 194.0 -1 -1 -1 -1000 -1000 -1000 -10 0.72314453125
Car -1 -1 -10 437.0 178.0 546.0 259.0 -1 -1 -1 -1000 -1000 -1000 -10 0.371337890625
Car -1 -1 -10 397.0 175.0 507.0 230.0 -1 -1 -1 -1000 -1000 -1000 -10 0.1278076171875
Car -1 -1 -10 0.0 185.0 31.0 301.0 -1 -1 -1 -1000 -1000 -1000 -10 0.01114654541015625
Car -1 -1 -10 1.0 184.0 50.0 301.0 -1 -1 -1 -1000 -1000 -1000 -10 0.011077880859375
Car -1 -1 -10 0.0 188.0 17.0 300.0 -1 -1 -1 -1000 -1000 -1000 -10 0.0063323974609375
Car -1 -1 -10 0.0 194.0 28.0 371.0 -1 -1 -1 -1000 -1000 -1000 -10 0.006103515625
Car -1 -1 -10 487.0 177.0 553.0 231.0 -1 -1 -1 -1000 -1000 -1000 -10 0.004261016845703125
Car -1 -1 -10 149.0 163.0 259.0 226.0 -1 -1 -1 -1000 -1000 -1000 -10 0.001422882080078125
Car -1 -1 -10 3.0 173.0 67.0 284.0 -1 -1 -1 -1000 -1000 -1000 -10 0.0009522438049316406
Car -1 -1 -10 831.0 190.0 957.0 336.0 -1 -1 -1 -1000 -1000 -1000 -10 0.0007538795471191406
Car -1 -1 -10 56.0 194.0 179.0 363.0 -1 -1 -1 -1000 -1000 -1000 -10 0.0007090568542480469
Car -1 -1 -10 1.0 193.0 64.0 362.0 -1 -1 -1 -1000 -1000 -1000 -10 0.0005903244018554688
Car -1 -1 -10 622.0 164.0 660.0 203.0 -1 -1 -1 -1000 -1000 -1000 -10 0.000579833984375
Car -1 -1 -10 634.0 138.0 705.0 209.0 -1 -1 -1 -1000 -1000 -1000 -10 0.0005087852478027344
Car -1 -1 -10 662.0 153.0 788.0 242.0 -1 -1 -1 -1000 -1000 -1000 -10 0.0005021095275878906
Car -1 -1 -10 179.0 177.0 228.0 203.0 -1 -1 -1 -1000 -1000 -1000 -10 0.00043201446533203125
Car -1 -1 -10 545.0 173.0 579.0 201.0 -1 -1 -1 -1000 -1000 -1000 -10 0.00038886070251464844
Car -1 -1 -10 103.0 134.0 287.0 271.0 -1 -1 -1 -1000 -1000 -1000 -10 0.0003859996795654297
Car -1 -1 -10 445.0 162.0 575.0 264.0 -1 -1 -1 -1000 -1000 -1000 -10 0.00036907196044921875
Car -1 -1 -10 254.0 172.0 371.0 221.0 -1 -1 -1 -1000 -1000 -1000 -10 0.00034046173095703125
Car -1 -1 -10 527.0 135.0 686.0 246.0 -1 -1 -1 -1000 -1000 -1000 -10 0.00032401084899902344
Car -1 -1 -10 0.0 231.0 46.0 375.0 -1 -1 -1 -1000 -1000 -1000 -10 0.0002942085266113281
Car -1 -1 -10 349.0 127.0 527.0 249.0 -1 -1 -1 -1000 -1000 -1000 -10 0.00028586387634277344
Car -1 -1 -10 129.0 122.0 295.0 239.0 -1 -1 -1 -1000 -1000 -1000 -10 0.0002684593200683594
Car -1 -1 -10 264.0 173.0 357.0 205.0 -1 -1 -1 -1000 -1000 -1000 -10 0.00025463104248046875
Car -1 -1 -10 0.0 211.0 17.0 333.0 -1 -1 -1 -1000 -1000 -1000 -10 0.0002498626708984375
Car -1 -1 -10 0.0 250.0 16.0 375.0 -1 -1 -1 -1000 -1000 -1000 -10 0.0002467632293701172
Pedestrian -1 -1 -10 393.0 0.0 420.0 3.0 -1 -1 -1 -1000 -1000 -1000 -10 0.00023615360260009766
Car -1 -1 -10 550.0 167.0 584.0 199.0 -1 -1 -1 -1000 -1000 -1000 -10 0.00023484230041503906
Car -1 -1 -10 1055.0 50.0 1237.0 351.0 -1 -1 -1 -1000 -1000 -1000 -10 0.00023126602172851562
Car -1 -1 -10 0.0 210.0 16.0 275.0 -1 -1 -1 -1000 -1000 -1000 -10 0.0002143383026123047
Car -1 -1 -10 3.0 128.0 35.0 289.0 -1 -1 -1 -1000 -1000 -1000 -10 0.00020682811737060547
Car -1 -1 -10 624.0 174.0 657.0 207.0 -1 -1 -1 -1000 -1000 -1000 -10 0.0001957416534423828
Pedestrian -1 -1 -10 931.0 195.0 993.0 336.0 -1 -1 -1 -1000 -1000 -1000 -10 0.0001633167266845703
Car -1 -1 -10 437.0 169.0 533.0 235.0 -1 -1 -1 -1000 -1000 -1000 -10 0.00015997886657714844
Pedestrian -1 -1 -10 829.0 0.0 893.0 42.0 -1 -1 -1 -1000 -1000 -1000 -10 0.0001575946807861328
Car -1 -1 -10 548.0 170.0 597.0 206.0 -1 -1 -1 -1000 -1000 -1000 -10 0.00015234947204589844
Car -1 -1 -10 1.0 77.0 24.0 192.0 -1 -1 -1 -1000 -1000 -1000 -10 0.00015163421630859375
Car -1 -1 -10 572.0 108.0 719.0 215.0 -1 -1 -1 -1000 -1000 -1000 -10 0.00015044212341308594
Car -1 -1 -10 5.0 175.0 78.0 329.0 -1 -1 -1 -1000 -1000 -1000 -10 0.00013756752014160156
Car -1 -1 -10 555.0 131.0 712.0 272.0 -1 -1 -1 -1000 -1000 -1000 -10 0.00013625621795654297
Pedestrian -1 -1 -10 687.0 166.0 700.0 197.0 -1 -1 -1 -1000 -1000 -1000 -10 0.00012958049774169922
Car -1 -1 -10 0.0 264.0 28.0 375.0 -1 -1 -1 -1000 -1000 -1000 -10 0.0001271963119506836
Car -1 -1 -10 1.0 209.0 30.0 275.0 -1 -1 -1 -1000 -1000 -1000 -10 0.00012421607971191406
Car -1 -1 -10 0.0 150.0 13.0 282.0 -1 -1 -1 -1000 -1000 -1000 -10 0.00011962652206420898
Car -1 -1 -10 0.0 77.0 15.0 187.0 -1 -1 -1 -1000 -1000 -1000 -10 0.00010663270950317383
