Car -1 -1 -10 717.0 176.0 875.0 294.0 -1 -1 -1 -1000 -1000 -1000 -10 0.9677734375
Car -1 -1 -10 435.0 184.0 535.0 251.0 -1 -1 -1 -1000 -1000 -1000 -10 0.9453125
Car -1 -1 -10 678.0 180.0 765.0 244.0 -1 -1 -1 -1000 -1000 -1000 -10 0.94189453125
Car -1 -1 -10 523.0 179.0 562.0 213.0 -1 -1 -1 -1000 -1000 -1000 -10 0.9091796875
Car -1 -1 -10 661.0 180.0 726.0 228.0 -1 -1 -1 -1000 -1000 -1000 -10 0.90625
Car -1 -1 -10 0.0 224.0 115.0 372.0 -1 -1 -1 -1000 -1000 -1000 -10 0.286376953125
Car -1 -1 -10 653.0 177.0 692.0 204.0 -1 -1 -1 -1000 -1000 -1000 -10 0.0158538818359375
Cyclist -1 -1 -10 1218.0 196.0 1242.0 369.0 -1 -1 -1 -1000 -1000 -1000 -10 0.00298309326171875
Car -1 -1 -10 648.0 172.0 679.0 197.0 -1 -1 -1 -1000 -1000 -1000 -10 0.0019378662109375
Car -1 -1 -10 1219.0 211.0 1242.0 375.0 -1 -1 -1 -1000 -1000 -1000 -10 0.001819610595703125
Car -1 -1 -10 657.0 161.0 794.0 263.0 -1 -1 -1 -1000 -1000 -1000 -10 0.0011358261108398438
Car -1 -1 -10 665.0 176.0 721.0 215.0 -1 -1 -1 -1000 -1000 -1000 -10 0.0010585784912109375
Car -1 -1 -10 419.0 169.0 545.0 263.0 -1 -1 -1 -1000 -1000 -1000 -10 0.0010576248168945312
Cyclist -1 -1 -10 1205.0 170.0 1242.0 360.0 -1 -1 -1 -1000 -1000 -1000 -10 0.0007815361022949219
Car -1 -1 -10 2.0 159.0 74.0 374.0 -1 -1 -1 -1000 -1000 -1000 -10 0.000598907470703125
Car -1 -1 -10 481.0 183.0 541.0 227.0 -1 -1 -1 -1000 -1000 -1000 -10 0.0004849433898925781
Cyclist -1 -1 -10 1225.0 204.0 1242.0 330.0 -1 -1 -1 -1000 -1000 -1000 -10 0.000461578369140625
Car -1 -1 -10 457.0 186.0 506.0 244.0 -1 -1 -1 -1000 -1000 -1000 -10 0.0004303455352783203
Car -1 -1 -10 1.0 68.0 61.0 337.0 -1 -1 -1 -1000 -1000 -1000 -10 0.000347137451171875
Car -1 -1 -10 642.0 169.0 669.0 192.0 -1 -1 -1 -1000 -1000 -1000 -10 0.00030684471130371094
Car -1 -1 -10 614.0 142.0 771.0 255.0 -1 -1 -1 -1000 -1000 -1000 -10 0.0002923011779785156
Car -1 -1 -10 0.0 82.0 98.0 359.0 -1 -1 -1 -1000 -1000 -1000 -10 0.0002446174621582031
Car -1 -1 -10 677.0 170.0 836.0 279.0 -1 -1 -1 -1000 -1000 -1000 -10 0.00023829936981201172
Car -1 -1 -10 641.0 173.0 664.0 195.0 -1 -1 -1 -1000 -1000 -1000 -10 0.00021648406982421875
Car -1 -1 -10 515.0 169.0 580.0 231.0 -1 -1 -1 -1000 -1000 -1000 -10 0.0001958608627319336
Cyclist -1 -1 -10 1184.0 197.0 1242.0 371.0 -1 -1 -1 -1000 -1000 -1000 -10 0.00019311904907226562
Car -1 -1 -10 699.0 182.0 749.0 239.0 -1 -1 -1 -1000 -1000 -1000 -10 0.00018417835235595703
Car -1 -1 -10 656.0 171.0 699.0 213.0 -1 -1 -1 -1000 -1000 -1000 -10 0.00015819072723388672
Car -1 -1 -10 1195.0 218.0 1242.0 375.0 -1 -1 -1 -1000 -1000 -1000 -10 0.000141143798828125
Car -1 -1 -10 0.0 225.0 22.0 367.0 -1 -1 -1 -1000 -1000 -1000 -10 0.00012445449829101562
Cyclist -1 -1 -10 1215.0 212.0 1242.0 324.0 -1 -1 -1 -1000 -1000 -1000 -10 0.0001188516616821289
Car -1 -1 -10 0.0 83.0 31.0 274.0 -1 -1 -1 -1000 -1000 -1000 -10 0.00011551380157470703
Car -1 -1 -10 469.0 139.0 636.0 275.0 -1 -1 -1 -1000 -1000 -1000 -10 0.0001004934310913086
