Car -1 -1 -10 772.0 184.0 1194.0 373.0 -1 -1 -1 -1000 -1000 -1000 -10 0.97314453125
Car -1 -1 -10 715.0 182.0 869.0 291.0 -1 -1 -1 -1000 -1000 -1000 -10 0.96337890625
Car -1 -1 -10 677.0 179.0 768.0 248.0 -1 -1 -1 -1000 -1000 -1000 -10 0.95654296875
Car -1 -1 -10 482.0 180.0 547.0 231.0 -1 -1 -1 -1000 -1000 -1000 -10 0.953125
Car -1 -1 -10 649.0 180.0 688.0 212.0 -1 -1 -1 -1000 -1000 -1000 -10 0.92333984375
Car -1 -1 -10 667.0 180.0 723.0 224.0 -1 -1 -1 -1000 -1000 -1000 -10 0.9228515625
Car -1 -1 -10 636.0 179.0 668.0 204.0 -1 -1 -1 -1000 -1000 -1000 -10 0.7451171875
Car -1 -1 -10 657.0 179.0 701.0 218.0 -1 -1 -1 -1000 -1000 -1000 -10 0.148193359375
Car -1 -1 -10 1104.0 197.0 1242.0 373.0 -1 -1 -1 -1000 -1000 -1000 -10 0.042724609375
Car -1 -1 -10 1222.0 172.0 1241.0 307.0 -1 -1 -1 -1000 -1000 -1000 -10 0.0012903213500976562
Car -1 -1 -10 666.0 166.0 789.0 260.0 -1 -1 -1 -1000 -1000 -1000 -10 0.0011615753173828125
Car -1 -1 -10 1228.0 195.0 1242.0 310.0 -1 -1 -1 -1000 -1000 -1000 -10 0.0008096694946289062
Car -1 -1 -10 1201.0 180.0 1242.0 340.0 -1 -1 -1 -1000 -1000 -1000 -10 0.000507354736328125
Car -1 -1 -10 1.0 0.0 25.0 10.0 -1 -1 -1 -1000 -1000 -1000 -10 0.0004260540008544922
Car -1 -1 -10 419.0 142.0 589.0 274.0 -1 -1 -1 -1000 -1000 -1000 -10 0.00034308433532714844
Car -1 -1 -10 1219.0 195.0 1242.0 357.0 -1 -1 -1 -1000 -1000 -1000 -10 0.0002665519714355469
Car -1 -1 -10 1215.0 157.0 1242.0 290.0 -1 -1 -1 -1000 -1000 -1000 -10 0.0002548694610595703
Car -1 -1 -10 614.0 136.0 770.0 253.0 -1 -1 -1 -1000 -1000 -1000 -10 0.00024700164794921875
Car -1 -1 -10 1226.0 173.0 1242.0 277.0 -1 -1 -1 -1000 -1000 -1000 -10 0.0002455711364746094
Car -1 -1 -10 1172.0 173.0 1242.0 355.0 -1 -1 -1 -1000 -1000 -1000 -10 0.00024247169494628906
Car -1 -1 -10 1124.0 248.0 1242.0 374.0 -1 -1 -1 -1000 -1000 -1000 -10 0.00017917156219482422
Car -1 -1 -10 1222.0 148.0 1241.0 257.0 -1 -1 -1 -1000 -1000 -1000 -10 0.00016748905181884766
Car -1 -1 -10 633.0 172.0 663.0 201.0 -1 -1 -1 -1000 -1000 -1000 -10 0.0001537799835205078
Car -1 -1 -10 637.0 167.0 695.0 228.0 -1 -1 -1 -1000 -1000 -1000 -10 0.00015294551849365234
Car -1 -1 -10 1229.0 158.0 1242.0 250.0 -1 -1 -1 -1000 -1000 -1000 -10 0.0001252889633178711
Car -1 -1 -10 2.0 0.0 39.0 8.0 -1 -1 -1 -1000 -1000 -1000 -10 0.00012505054473876953
Car -1 -1 -10 1.0 0.0 12.0 11.0 -1 -1 -1 -1000 -1000 -1000 -10 0.00011086463928222656
Pedestrian -1 -1 -10 716.0 0.0 776.0 1.0 -1 -1 -1 -1000 -1000 -1000 -10 0.00010925531387329102
