Car -1 -1 -10 792.0 183.0 1082.0 348.0 -1 -1 -1 -1000 -1000 -1000 -10 0.97412109375
Car -1 -1 -10 675.0 181.0 745.0 231.0 -1 -1 -1 -1000 -1000 -1000 -10 0.97314453125
Car -1 -1 -10 884.0 4.0 1242.0 315.0 -1 -1 -1 -1000 -1000 -1000 -10 0.96923828125
Car -1 -1 -10 740.0 175.0 800.0 210.0 -1 -1 -1 -1000 -1000 -1000 -10 0.96044921875
Car -1 -1 -10 632.0 175.0 658.0 196.0 -1 -1 -1 -1000 -1000 -1000 -10 0.9345703125
Car -1 -1 -10 693.0 173.0 728.0 197.0 -1 -1 -1 -1000 -1000 -1000 -10 0.88134765625
Car -1 -1 -10 689.0 172.0 729.0 208.0 -1 -1 -1 -1000 -1000 -1000 -10 0.0014524459838867188
Car -1 -1 -10 289.0 70.0 307.0 86.0 -1 -1 -1 -1000 -1000 -1000 -10 0.0010528564453125
Car -1 -1 -10 631.0 173.0 659.0 204.0 -1 -1 -1 -1000 -1000 -1000 -10 0.0008988380432128906
Car -1 -1 -10 734.0 158.0 802.0 217.0 -1 -1 -1 -1000 -1000 -1000 -10 0.0007510185241699219
Car -1 -1 -10 883.0 193.0 996.0 329.0 -1 -1 -1 -1000 -1000 -1000 -10 0.0005097389221191406
Car -1 -1 -10 637.0 136.0 800.0 274.0 -1 -1 -1 -1000 -1000 -1000 -10 0.0003650188446044922
Car -1 -1 -10 679.0 131.0 853.0 278.0 -1 -1 -1 -1000 -1000 -1000 -10 0.0003571510314941406
Car -1 -1 -10 536.0 2.0 609.0 56.0 -1 -1 -1 -1000 -1000 -1000 -10 0.0003440380096435547
Car -1 -1 -10 1221.0 130.0 1241.0 266.0 -1 -1 -1 -1000 -1000 -1000 -10 0.0001995563507080078
Car -1 -1 -10 858.0 169.0 928.0 198.0 -1 -1 -1 -1000 -1000 -1000 -10 0.00017642974853515625
Car -1 -1 -10 1196.0 102.0 1242.0 255.0 -1 -1 -1 -1000 -1000 -1000 -10 0.00014925003051757812
Car -1 -1 -10 315.0 101.0 345.0 129.0 -1 -1 -1 -1000 -1000 -1000 -10 0.0001456737518310547
Car -1 -1 -10 1212.0 117.0 1242.0 282.0 -1 -1 -1 -1000 -1000 -1000 -10 0.00012129545211791992
