Car -1 -1 -10 769.0 175.0 816.0 206.0 -1 -1 -1 -1000 -1000 -1000 -10 0.9560546875
Car -1 -1 -10 888.0 170.0 975.0 254.0 -1 -1 -1 -1000 -1000 -1000 -10 0.93310546875
Car -1 -1 -10 819.0 173.0 854.0 195.0 -1 -1 -1 -1000 -1000 -1000 -10 0.92333984375
Car -1 -1 -10 765.0 161.0 829.0 224.0 -1 -1 -1 -1000 -1000 -1000 -10 0.0009694099426269531
Car -1 -1 -10 629.0 74.0 646.0 85.0 -1 -1 -1 -1000 -1000 -1000 -10 0.00077056884765625
Car -1 -1 -10 867.0 163.0 990.0 264.0 -1 -1 -1 -1000 -1000 -1000 -10 0.0005702972412109375
Car -1 -1 -10 1177.0 191.0 1242.0 373.0 -1 -1 -1 -1000 -1000 -1000 -10 0.0004887580871582031
Car -1 -1 -10 722.0 132.0 886.0 274.0 -1 -1 -1 -1000 -1000 -1000 -10 0.000354766845703125
Car -1 -1 -10 1207.0 190.0 1242.0 371.0 -1 -1 -1 -1000 -1000 -1000 -10 0.0002994537353515625
Car -1 -1 -10 0.0 174.0 16.0 268.0 -1 -1 -1 -1000 -1000 -1000 -10 0.00021338462829589844
Car -1 -1 -10 875.0 0.0 935.0 55.0 -1 -1 -1 -1000 -1000 -1000 -10 0.00016546249389648438
Pedestrian -1 -1 -10 694.0 0.0 719.0 2.0 -1 -1 -1 -1000 -1000 -1000 -10 0.00014162063598632812
Car -1 -1 -10 796.0 175.0 830.0 198.0 -1 -1 -1 -1000 -1000 -1000 -10 0.0001227855682373047
Car -1 -1 -10 1149.0 163.0 1242.0 373.0 -1 -1 -1 -1000 -1000 -1000 -10 0.00010752677917480469
Pedestrian -1 -1 -10 652.0 0.0 677.0 8.0 -1 -1 -1 -1000 -1000 -1000 -10 0.00010335445404052734
