Car -1 -1 -10 589.0 176.0 633.0 218.0 -1 -1 -1 -1000 -1000 -1000 -10 0.9580078125
Car -1 -1 -10 0.0 193.0 115.0 284.0 -1 -1 -1 -1000 -1000 -1000 -10 0.9501953125
Car -1 -1 -10 349.0 183.0 410.0 215.0 -1 -1 -1 -1000 -1000 -1000 -10 0.94677734375
Car -1 -1 -10 385.0 178.0 437.0 209.0 -1 -1 -1 -1000 -1000 -1000 -10 0.9423828125
Car -1 -1 -10 661.0 175.0 732.0 205.0 -1 -1 -1 -1000 -1000 -1000 -10 0.9169921875
Car -1 -1 -10 643.0 175.0 710.0 202.0 -1 -1 -1 -1000 -1000 -1000 -10 0.88818359375
Car -1 -1 -10 634.0 173.0 688.0 194.0 -1 -1 -1 -1000 -1000 -1000 -10 0.00722503662109375
Car -1 -1 -10 628.0 172.0 675.0 190.0 -1 -1 -1 -1000 -1000 -1000 -10 0.0032939910888671875
Car -1 -1 -10 0.0 188.0 29.0 259.0 -1 -1 -1 -1000 -1000 -1000 -10 0.0031757354736328125
Car -1 -1 -10 0.0 188.0 46.0 263.0 -1 -1 -1 -1000 -1000 -1000 -10 0.001728057861328125
Car -1 -1 -10 0.0 188.0 15.0 257.0 -1 -1 -1 -1000 -1000 -1000 -10 0.0012903213500976562
Car -1 -1 -10 662.0 176.0 714.0 199.0 -1 -1 -1 -1000 -1000 -1000 -10 0.0009617805480957031
Car -1 -1 -10 379.0 164.0 451.0 229.0 -1 -1 -1 -1000 -1000 -1000 -10 0.0008563995361328125
Car -1 -1 -10 348.0 164.0 422.0 221.0 -1 -1 -1 -1000 -1000 -1000 -10 0.0007605552673339844
Car -1 -1 -10 651.0 161.0 735.0 223.0 -1 -1 -1 -1000 -1000 -1000 -10 0.0006670951843261719
Car -1 -1 -10 582.0 165.0 637.0 229.0 -1 -1 -1 -1000 -1000 -1000 -10 0.000514984130859375
Car -1 -1 -10 0.0 186.0 77.0 275.0 -1 -1 -1 -1000 -1000 -1000 -10 0.0003628730773925781
Car -1 -1 -10 900.0 75.0 925.0 97.0 -1 -1 -1 -1000 -1000 -1000 -10 0.0003199577331542969
Car -1 -1 -10 779.0 0.0 821.0 2.0 -1 -1 -1 -1000 -1000 -1000 -10 0.000316619873046875
Car -1 -1 -10 524.0 128.0 680.0 242.0 -1 -1 -1 -1000 -1000 -1000 -10 0.0002951622009277344
Car -1 -1 -10 279.0 135.0 452.0 276.0 -1 -1 -1 -1000 -1000 -1000 -10 0.00029397010803222656
Car -1 -1 -10 343.0 135.0 507.0 274.0 -1 -1 -1 -1000 -1000 -1000 -10 0.00028204917907714844
Car -1 -1 -10 626.0 133.0 798.0 273.0 -1 -1 -1 -1000 -1000 -1000 -10 0.00026226043701171875
Car -1 -1 -10 2.0 188.0 39.0 243.0 -1 -1 -1 -1000 -1000 -1000 -10 0.0002410411834716797
Car -1 -1 -10 590.0 175.0 625.0 207.0 -1 -1 -1 -1000 -1000 -1000 -10 0.00023174285888671875
Car -1 -1 -10 0.0 194.0 34.0 282.0 -1 -1 -1 -1000 -1000 -1000 -10 0.00020956993103027344
Car -1 -1 -10 1221.0 228.0 1242.0 370.0 -1 -1 -1 -1000 -1000 -1000 -10 0.0002033710479736328
Car -1 -1 -10 1001.0 104.0 1029.0 124.0 -1 -1 -1 -1000 -1000 -1000 -10 0.0002014636993408203
Pedestrian -1 -1 -10 1232.0 184.0 1242.0 263.0 -1 -1 -1 -1000 -1000 -1000 -10 0.00018668174743652344
Car -1 -1 -10 559.0 135.0 708.0 268.0 -1 -1 -1 -1000 -1000 -1000 -10 0.0001850128173828125
Car -1 -1 -10 313.0 127.0 472.0 244.0 -1 -1 -1 -1000 -1000 -1000 -10 0.0001819133758544922
Car -1 -1 -10 518.0 176.0 534.0 190.0 -1 -1 -1 -1000 -1000 -1000 -10 0.00018036365509033203
Car -1 -1 -10 367.0 184.0 419.0 210.0 -1 -1 -1 -1000 -1000 -1000 -10 0.00017273426055908203
Car -1 -1 -10 630.0 175.0 667.0 193.0 -1 -1 -1 -1000 -1000 -1000 -10 0.00015592575073242188
Car -1 -1 -10 0.0 173.0 13.0 243.0 -1 -1 -1 -1000 -1000 -1000 -10 0.0001442432403564453
Car -1 -1 -10 120.0 164.0 218.0 202.0 -1 -1 -1 -1000 -1000 -1000 -10 0.00014257431030273438
Car -1 -1 -10 357.0 298.0 636.0 371.0 -1 -1 -1 -1000 -1000 -1000 -10 0.00014209747314453125
Car -1 -1 -10 0.0 208.0 21.0 296.0 -1 -1 -1 -1000 -1000 -1000 -10 0.00013637542724609375
Car -1 -1 -10 595.0 116.0 771.0 238.0 -1 -1 -1 -1000 -1000 -1000 -10 0.00011008977890014648
