Pedestrian -1 -1 -10 483.0 177.0 494.0 203.0 -1 -1 -1 -1000 -1000 -1000 -10 0.8251953125
Pedestrian -1 -1 -10 478.0 179.0 492.0 206.0 -1 -1 -1 -1000 -1000 -1000 -10 0.0074005126953125
Pedestrian -1 -1 -10 487.0 177.0 497.0 202.0 -1 -1 -1 -1000 -1000 -1000 -10 0.00487518310546875
Pedestrian -1 -1 -10 483.0 182.0 492.0 205.0 -1 -1 -1 -1000 -1000 -1000 -10 0.0011854171752929688
Pedestrian -1 -1 -10 479.0 176.0 499.0 202.0 -1 -1 -1 -1000 -1000 -1000 -10 0.0004506111145019531
Pedestrian -1 -1 -10 509.0 177.0 518.0 194.0 -1 -1 -1 -1000 -1000 -1000 -10 0.0001786947250366211
Pedestrian -1 -1 -10 494.0 177.0 503.0 198.0 -1 -1 -1 -1000 -1000 -1000 -10 0.0001621246337890625
Car -1 -1 -10 621.0 1.0 692.0 53.0 -1 -1 -1 -1000 -1000 -1000 -10 0.000152587890625
Pedestrian -1 -1 -10 472.0 173.0 489.0 203.0 -1 -1 -1 -1000 -1000 -1000 -10 0.0001513957977294922
Pedestrian -1 -1 -10 467.0 185.0 478.0 206.0 -1 -1 -1 -1000 -1000 -1000 -10 0.0001424551010131836
Car -1 -1 -10 600.0 1.0 671.0 53.0 -1 -1 -1 -1000 -1000 -1000 -10 0.00014221668243408203
Pedestrian -1 -1 -10 511.0 176.0 520.0 193.0 -1 -1 -1 -1000 -1000 -1000 -10 0.00013577938079833984
Car -1 -1 -10 569.0 1.0 641.0 54.0 -1 -1 -1 -1000 -1000 -1000 -10 0.00012552738189697266
Car -1 -1 -10 641.0 1.0 711.0 52.0 -1 -1 -1 -1000 -1000 -1000 -10 0.00011676549911499023
