Car -1 -1 -10 367.0 177.0 494.0 278.0 -1 -1 -1 -1000 -1000 -1000 -10 0.96484375
Car -1 -1 -10 488.0 181.0 544.0 229.0 -1 -1 -1 -1000 -1000 -1000 -10 0.93603515625
Car -1 -1 -10 539.0 174.0 588.0 205.0 -1 -1 -1 -1000 -1000 -1000 -10 0.9296875
Car -1 -1 -10 456.0 175.0 544.0 263.0 -1 -1 -1 -1000 -1000 -1000 -10 0.0021038055419921875
Car -1 -1 -10 404.0 149.0 570.0 284.0 -1 -1 -1 -1000 -1000 -1000 -10 0.0006232261657714844
Car -1 -1 -10 531.0 164.0 610.0 228.0 -1 -1 -1 -1000 -1000 -1000 -10 0.00042557716369628906
Car -1 -1 -10 531.0 156.0 593.0 215.0 -1 -1 -1 -1000 -1000 -1000 -10 0.0004038810729980469
Car -1 -1 -10 432.0 85.0 448.0 101.0 -1 -1 -1 -1000 -1000 -1000 -10 0.00032258033752441406
Car -1 -1 -10 439.0 143.0 594.0 254.0 -1 -1 -1 -1000 -1000 -1000 -10 0.0002567768096923828
Car -1 -1 -10 504.0 181.0 549.0 216.0 -1 -1 -1 -1000 -1000 -1000 -10 0.00023615360260009766
Car -1 -1 -10 426.0 84.0 453.0 102.0 -1 -1 -1 -1000 -1000 -1000 -10 0.0002079010009765625
Pedestrian -1 -1 -10 1215.0 147.0 1242.0 375.0 -1 -1 -1 -1000 -1000 -1000 -10 0.00018608570098876953
Car -1 -1 -10 468.0 113.0 643.0 242.0 -1 -1 -1 -1000 -1000 -1000 -10 0.00017523765563964844
Car -1 -1 -10 503.0 137.0 663.0 271.0 -1 -1 -1 -1000 -1000 -1000 -10 0.00016117095947265625
Car -1 -1 -10 526.0 177.0 561.0 208.0 -1 -1 -1 -1000 -1000 -1000 -10 0.0001468658447265625
Car -1 -1 -10 509.0 174.0 554.0 211.0 -1 -1 -1 -1000 -1000 -1000 -10 0.00011134147644042969
Pedestrian -1 -1 -10 1195.0 148.0 1241.0 375.0 -1 -1 -1 -1000 -1000 -1000 -10 0.00010907649993896484
Car -1 -1 -10 783.0 75.0 828.0 105.0 -1 -1 -1 -1000 -1000 -1000 -10 0.00010848045349121094
