Car -1 -1 -10 735.0 179.0 924.0 305.0 -1 -1 -1 -1000 -1000 -1000 -10 0.966796875
Car -1 -1 -10 1.0 45.0 272.0 375.0 -1 -1 -1 -1000 -1000 -1000 -10 0.95947265625
Car -1 -1 -10 696.0 174.0 789.0 248.0 -1 -1 -1 -1000 -1000 -1000 -10 0.95556640625
Car -1 -1 -10 446.0 177.0 525.0 241.0 -1 -1 -1 -1000 -1000 -1000 -10 0.9541015625
Car -1 -1 -10 665.0 177.0 737.0 232.0 -1 -1 -1 -1000 -1000 -1000 -10 0.951171875
Car -1 -1 -10 488.0 145.0 550.0 212.0 -1 -1 -1 -1000 -1000 -1000 -10 0.9423828125
Car -1 -1 -10 640.0 175.0 679.0 208.0 -1 -1 -1 -1000 -1000 -1000 -10 0.939453125
Car -1 -1 -10 613.0 168.0 639.0 192.0 -1 -1 -1 -1000 -1000 -1000 -10 0.92724609375
Car -1 -1 -10 457.0 156.0 544.0 229.0 -1 -1 -1 -1000 -1000 -1000 -10 0.398681640625
Car -1 -1 -10 787.0 53.0 803.0 65.0 -1 -1 -1 -1000 -1000 -1000 -10 0.0013866424560546875
Car -1 -1 -10 690.0 163.0 811.0 262.0 -1 -1 -1 -1000 -1000 -1000 -10 0.000644683837890625
Car -1 -1 -10 496.0 171.0 551.0 217.0 -1 -1 -1 -1000 -1000 -1000 -10 0.00045299530029296875
Car -1 -1 -10 416.0 157.0 547.0 260.0 -1 -1 -1 -1000 -1000 -1000 -10 0.0004470348358154297
Car -1 -1 -10 454.0 129.0 577.0 231.0 -1 -1 -1 -1000 -1000 -1000 -10 0.0003211498260498047
Car -1 -1 -10 1223.0 232.0 1242.0 365.0 -1 -1 -1 -1000 -1000 -1000 -10 0.0002875328063964844
Car -1 -1 -10 867.0 0.0 920.0 6.0 -1 -1 -1 -1000 -1000 -1000 -10 0.0002677440643310547
Car -1 -1 -10 627.0 150.0 767.0 251.0 -1 -1 -1 -1000 -1000 -1000 -10 0.0002377033233642578
Car -1 -1 -10 555.0 132.0 740.0 273.0 -1 -1 -1 -1000 -1000 -1000 -10 0.00017058849334716797
Car -1 -1 -10 630.0 157.0 686.0 217.0 -1 -1 -1 -1000 -1000 -1000 -10 0.00014066696166992188
Car -1 -1 -10 754.0 50.0 781.0 70.0 -1 -1 -1 -1000 -1000 -1000 -10 0.00013744831085205078
Car -1 -1 -10 0.0 197.0 23.0 366.0 -1 -1 -1 -1000 -1000 -1000 -10 0.0001329183578491211
Car -1 -1 -10 1216.0 198.0 1242.0 373.0 -1 -1 -1 -1000 -1000 -1000 -10 0.0001283884048461914
Car -1 -1 -10 77.0 64.0 193.0 357.0 -1 -1 -1 -1000 -1000 -1000 -10 0.0001252889633178711
Car -1 -1 -10 520.0 70.0 533.0 83.0 -1 -1 -1 -1000 -1000 -1000 -10 0.00012385845184326172
Car -1 -1 -10 0.0 57.0 120.0 307.0 -1 -1 -1 -1000 -1000 -1000 -10 0.00012117624282836914
Car -1 -1 -10 1.0 48.0 57.0 357.0 -1 -1 -1 -1000 -1000 -1000 -10 0.0001207590103149414
Car -1 -1 -10 780.0 54.0 809.0 72.0 -1 -1 -1 -1000 -1000 -1000 -10 0.00010865926742553711
Car -1 -1 -10 1201.0 234.0 1242.0 370.0 -1 -1 -1 -1000 -1000 -1000 -10 0.00010597705841064453
Car -1 -1 -10 516.0 69.0 538.0 84.0 -1 -1 -1 -1000 -1000 -1000 -10 0.00010484457015991211
Car -1 -1 -10 705.0 46.0 732.0 71.0 -1 -1 -1 -1000 -1000 -1000 -10 0.00010353326797485352
