Cyclist -1 -1 -10 708.0 161.0 763.0 227.0 -1 -1 -1 -1000 -1000 -1000 -10 0.91064453125
Pedestrian -1 -1 -10 462.0 164.0 493.0 216.0 -1 -1 -1 -1000 -1000 -1000 -10 0.83203125
Car -1 -1 -10 0.0 199.0 29.0 374.0 -1 -1 -1 -1000 -1000 -1000 -10 0.0041046142578125
Pedestrian -1 -1 -10 445.0 168.0 497.0 217.0 -1 -1 -1 -1000 -1000 -1000 -10 0.004039764404296875
Pedestrian -1 -1 -10 474.0 163.0 500.0 212.0 -1 -1 -1 -1000 -1000 -1000 -10 0.0011463165283203125
Car -1 -1 -10 559.0 87.0 595.0 110.0 -1 -1 -1 -1000 -1000 -1000 -10 0.0010728836059570312
Pedestrian -1 -1 -10 550.0 166.0 571.0 204.0 -1 -1 -1 -1000 -1000 -1000 -10 0.0007061958312988281
Car -1 -1 -10 0.0 198.0 49.0 363.0 -1 -1 -1 -1000 -1000 -1000 -10 0.0006418228149414062
Pedestrian -1 -1 -10 400.0 182.0 439.0 223.0 -1 -1 -1 -1000 -1000 -1000 -10 0.0006337165832519531
Car -1 -1 -10 1216.0 166.0 1242.0 352.0 -1 -1 -1 -1000 -1000 -1000 -10 0.00044465065002441406
Cyclist -1 -1 -10 670.0 142.0 787.0 235.0 -1 -1 -1 -1000 -1000 -1000 -10 0.0004336833953857422
Car -1 -1 -10 1193.0 161.0 1242.0 361.0 -1 -1 -1 -1000 -1000 -1000 -10 0.0003685951232910156
Car -1 -1 -10 0.0 237.0 17.0 372.0 -1 -1 -1 -1000 -1000 -1000 -10 0.0003249645233154297
Cyclist -1 -1 -10 693.0 145.0 807.0 253.0 -1 -1 -1 -1000 -1000 -1000 -10 0.0002865791320800781
Car -1 -1 -10 1212.0 186.0 1242.0 305.0 -1 -1 -1 -1000 -1000 -1000 -10 0.0002574920654296875
Pedestrian -1 -1 -10 476.0 176.0 496.0 215.0 -1 -1 -1 -1000 -1000 -1000 -10 0.00021648406982421875
Car -1 -1 -10 603.0 70.0 633.0 90.0 -1 -1 -1 -1000 -1000 -1000 -10 0.0002149343490600586
Car -1 -1 -10 0.0 193.0 77.0 372.0 -1 -1 -1 -1000 -1000 -1000 -10 0.00020706653594970703
Pedestrian -1 -1 -10 571.0 168.0 595.0 204.0 -1 -1 -1 -1000 -1000 -1000 -10 0.00019502639770507812
Pedestrian -1 -1 -10 484.0 170.0 504.0 212.0 -1 -1 -1 -1000 -1000 -1000 -10 0.00017905235290527344
Pedestrian -1 -1 -10 454.0 150.0 493.0 213.0 -1 -1 -1 -1000 -1000 -1000 -10 0.000152587890625
Car -1 -1 -10 1225.0 191.0 1242.0 300.0 -1 -1 -1 -1000 -1000 -1000 -10 0.0001513957977294922
Pedestrian -1 -1 -10 389.0 168.0 440.0 231.0 -1 -1 -1 -1000 -1000 -1000 -10 0.00014293193817138672
Car -1 -1 -10 1156.0 194.0 1242.0 368.0 -1 -1 -1 -1000 -1000 -1000 -10 0.00010216236114501953
