Car -1 -1 -10 467.0 173.0 505.0 204.0 -1 -1 -1 -1000 -1000 -1000 -10 0.93994140625
Car -1 -1 -10 571.0 176.0 624.0 220.0 -1 -1 -1 -1000 -1000 -1000 -10 0.93798828125
Car -1 -1 -10 566.0 173.0 603.0 205.0 -1 -1 -1 -1000 -1000 -1000 -10 0.00147247314453125
Car -1 -1 -10 566.0 166.0 628.0 231.0 -1 -1 -1 -1000 -1000 -1000 -10 0.0007610321044921875
Car -1 -1 -10 562.0 171.0 594.0 201.0 -1 -1 -1 -1000 -1000 -1000 -10 0.0006136894226074219
Car -1 -1 -10 0.0 195.0 12.0 221.0 -1 -1 -1 -1000 -1000 -1000 -10 0.0003495216369628906
Car -1 -1 -10 518.0 129.0 679.0 244.0 -1 -1 -1 -1000 -1000 -1000 -10 0.00032520294189453125
Car -1 -1 -10 0.0 186.0 14.0 227.0 -1 -1 -1 -1000 -1000 -1000 -10 0.0002644062042236328
Car -1 -1 -10 0.0 196.0 10.0 242.0 -1 -1 -1 -1000 -1000 -1000 -10 0.0002162456512451172
Car -1 -1 -10 0.0 194.0 10.0 287.0 -1 -1 -1 -1000 -1000 -1000 -10 0.0001703500747680664
Car -1 -1 -10 563.0 171.0 608.0 215.0 -1 -1 -1 -1000 -1000 -1000 -10 0.00016427040100097656
Car -1 -1 -10 560.0 171.0 584.0 198.0 -1 -1 -1 -1000 -1000 -1000 -10 0.00015938282012939453
Car -1 -1 -10 1215.0 189.0 1242.0 293.0 -1 -1 -1 -1000 -1000 -1000 -10 0.00015091896057128906
Car -1 -1 -10 1221.0 223.0 1242.0 375.0 -1 -1 -1 -1000 -1000 -1000 -10 0.0001093745231628418
