Cyclist -1 -1 -10 446.0 162.0 506.0 271.0 -1 -1 -1 -1000 -1000 -1000 -10 0.92724609375
Pedestrian -1 -1 -10 696.0 158.0 748.0 285.0 -1 -1 -1 -1000 -1000 -1000 -10 0.92724609375
Pedestrian -1 -1 -10 319.0 157.0 374.0 290.0 -1 -1 -1 -1000 -1000 -1000 -10 0.92041015625
Pedestrian -1 -1 -10 643.0 163.0 686.0 286.0 -1 -1 -1 -1000 -1000 -1000 -10 0.91455078125
Cyclist -1 -1 -10 526.0 166.0 568.0 234.0 -1 -1 -1 -1000 -1000 -1000 -10 0.90625
Cyclist -1 -1 -10 501.0 166.0 533.0 228.0 -1 -1 -1 -1000 -1000 -1000 -10 0.8583984375
Pedestrian -1 -1 -10 738.0 163.0 753.0 218.0 -1 -1 -1 -1000 -1000 -1000 -10 0.8466796875
Car -1 -1 -10 526.0 167.0 560.0 208.0 -1 -1 -1 -1000 -1000 -1000 -10 0.1849365234375
Car -1 -1 -10 514.0 166.0 552.0 202.0 -1 -1 -1 -1000 -1000 -1000 -10 0.117431640625
Cyclist -1 -1 -10 513.0 165.0 552.0 217.0 -1 -1 -1 -1000 -1000 -1000 -10 0.035552978515625
Pedestrian -1 -1 -10 668.0 159.0 736.0 290.0 -1 -1 -1 -1000 -1000 -1000 -10 0.026641845703125
Pedestrian -1 -1 -10 713.0 154.0 751.0 271.0 -1 -1 -1 -1000 -1000 -1000 -10 0.004180908203125
Pedestrian -1 -1 -10 729.0 160.0 742.0 209.0 -1 -1 -1 -1000 -1000 -1000 -10 0.0011777877807617188
Pedestrian -1 -1 -10 655.0 168.0 692.0 280.0 -1 -1 -1 -1000 -1000 -1000 -10 0.0010156631469726562
Pedestrian -1 -1 -10 729.0 167.0 752.0 250.0 -1 -1 -1 -1000 -1000 -1000 -10 0.0009255409240722656
Cyclist -1 -1 -10 418.0 159.0 531.0 277.0 -1 -1 -1 -1000 -1000 -1000 -10 0.0008320808410644531
Pedestrian -1 -1 -10 658.0 150.0 786.0 297.0 -1 -1 -1 -1000 -1000 -1000 -10 0.00079345703125
Pedestrian -1 -1 -10 287.0 153.0 411.0 293.0 -1 -1 -1 -1000 -1000 -1000 -10 0.00066375732421875
Cyclist -1 -1 -10 532.0 162.0 566.0 213.0 -1 -1 -1 -1000 -1000 -1000 -10 0.0005526542663574219
Pedestrian -1 -1 -10 1218.0 132.0 1238.0 346.0 -1 -1 -1 -1000 -1000 -1000 -10 0.0004413127899169922
Pedestrian -1 -1 -10 1.0 172.0 18.0 318.0 -1 -1 -1 -1000 -1000 -1000 -10 0.00038909912109375
Cyclist -1 -1 -10 488.0 161.0 541.0 231.0 -1 -1 -1 -1000 -1000 -1000 -10 0.0003745555877685547
Pedestrian -1 -1 -10 582.0 145.0 722.0 300.0 -1 -1 -1 -1000 -1000 -1000 -10 0.00025534629821777344
Pedestrian -1 -1 -10 1190.0 133.0 1238.0 374.0 -1 -1 -1 -1000 -1000 -1000 -10 0.0002536773681640625
Pedestrian -1 -1 -10 724.0 162.0 754.0 277.0 -1 -1 -1 -1000 -1000 -1000 -10 0.00023746490478515625
Cyclist -1 -1 -10 479.0 137.0 627.0 250.0 -1 -1 -1 -1000 -1000 -1000 -10 0.0002300739288330078
Pedestrian -1 -1 -10 0.0 181.0 23.0 372.0 -1 -1 -1 -1000 -1000 -1000 -10 0.00021767616271972656
Car -1 -1 -10 524.0 162.0 560.0 189.0 -1 -1 -1 -1000 -1000 -1000 -10 0.00017404556274414062
Cyclist -1 -1 -10 493.0 166.0 518.0 219.0 -1 -1 -1 -1000 -1000 -1000 -10 0.0001697540283203125
Car -1 -1 -10 1213.0 182.0 1238.0 373.0 -1 -1 -1 -1000 -1000 -1000 -10 0.00015461444854736328
Pedestrian -1 -1 -10 755.0 168.0 765.0 216.0 -1 -1 -1 -1000 -1000 -1000 -10 0.00014090538024902344
Car -1 -1 -10 1199.0 138.0 1238.0 374.0 -1 -1 -1 -1000 -1000 -1000 -10 0.0001304149627685547
Pedestrian -1 -1 -10 690.0 164.0 705.0 232.0 -1 -1 -1 -1000 -1000 -1000 -10 0.00012731552124023438
Pedestrian -1 -1 -10 640.0 162.0 669.0 283.0 -1 -1 -1 -1000 -1000 -1000 -10 0.00011855363845825195
Pedestrian -1 -1 -10 746.0 173.0 759.0 221.0 -1 -1 -1 -1000 -1000 -1000 -10 0.00011593103408813477
Pedestrian -1 -1 -10 0.0 167.0 35.0 355.0 -1 -1 -1 -1000 -1000 -1000 -10 0.00011461973190307617
Cyclist -1 -1 -10 542.0 168.0 567.0 209.0 -1 -1 -1 -1000 -1000 -1000 -10 0.0001023411750793457
