Car -1 -1 -10 0.0 205.0 173.0 369.0 -1 -1 -1 -1000 -1000 -1000 -10 0.9638671875
Car -1 -1 -10 937.0 121.0 1240.0 372.0 -1 -1 -1 -1000 -1000 -1000 -10 0.96240234375
Car -1 -1 -10 141.0 192.0 351.0 273.0 -1 -1 -1 -1000 -1000 -1000 -10 0.9609375
Car -1 -1 -10 352.0 184.0 462.0 225.0 -1 -1 -1 -1000 -1000 -1000 -10 0.9423828125
Cyclist -1 -1 -10 597.0 171.0 615.0 219.0 -1 -1 -1 -1000 -1000 -1000 -10 0.89453125
Car -1 -1 -10 346.0 172.0 464.0 236.0 -1 -1 -1 -1000 -1000 -1000 -10 0.0007839202880859375
Car -1 -1 -10 173.0 194.0 311.0 267.0 -1 -1 -1 -1000 -1000 -1000 -10 0.0005817413330078125
Car -1 -1 -10 0.0 222.0 23.0 369.0 -1 -1 -1 -1000 -1000 -1000 -10 0.00047898292541503906
Car -1 -1 -10 1137.0 0.0 1242.0 2.0 -1 -1 -1 -1000 -1000 -1000 -10 0.0004444122314453125
Car -1 -1 -10 1032.0 121.0 1144.0 364.0 -1 -1 -1 -1000 -1000 -1000 -10 0.00043654441833496094
Car -1 -1 -10 320.0 134.0 507.0 278.0 -1 -1 -1 -1000 -1000 -1000 -10 0.00038623809814453125
Cyclist -1 -1 -10 591.0 171.0 608.0 209.0 -1 -1 -1 -1000 -1000 -1000 -10 0.0002951622009277344
Car -1 -1 -10 376.0 188.0 425.0 215.0 -1 -1 -1 -1000 -1000 -1000 -10 0.0002732276916503906
Car -1 -1 -10 1218.0 218.0 1242.0 373.0 -1 -1 -1 -1000 -1000 -1000 -10 0.00024700164794921875
Car -1 -1 -10 0.0 223.0 53.0 371.0 -1 -1 -1 -1000 -1000 -1000 -10 0.0001558065414428711
Cyclist -1 -1 -10 595.0 173.0 611.0 208.0 -1 -1 -1 -1000 -1000 -1000 -10 0.0001100301742553711
