Car -1 -1 -10 425.0 177.0 602.0 283.0 -1 -1 -1 -1000 -1000 -1000 -10 0.96240234375
Car -1 -1 -10 0.0 71.0 437.0 275.0 -1 -1 -1 -1000 -1000 -1000 -10 0.95751953125
Car -1 -1 -10 76.0 182.0 385.0 308.0 -1 -1 -1 -1000 -1000 -1000 -10 0.9560546875
Car -1 -1 -10 704.0 170.0 744.0 199.0 -1 -1 -1 -1000 -1000 -1000 -10 0.927734375
Car -1 -1 -10 671.0 174.0 702.0 195.0 -1 -1 -1 -1000 -1000 -1000 -10 0.92578125
Car -1 -1 -10 593.0 157.0 651.0 187.0 -1 -1 -1 -1000 -1000 -1000 -10 0.919921875
Car -1 -1 -10 480.0 182.0 518.0 204.0 -1 -1 -1 -1000 -1000 -1000 -10 0.7822265625
Car -1 -1 -10 489.0 184.0 525.0 207.0 -1 -1 -1 -1000 -1000 -1000 -10 0.109130859375
Car -1 -1 -10 531.0 184.0 560.0 205.0 -1 -1 -1 -1000 -1000 -1000 -10 0.01081085205078125
Car -1 -1 -10 140.0 86.0 440.0 254.0 -1 -1 -1 -1000 -1000 -1000 -10 0.0021820068359375
Car -1 -1 -10 475.0 182.0 522.0 221.0 -1 -1 -1 -1000 -1000 -1000 -10 0.001140594482421875
Car -1 -1 -10 0.0 183.0 20.0 373.0 -1 -1 -1 -1000 -1000 -1000 -10 0.0010967254638671875
Car -1 -1 -10 696.0 173.0 722.0 194.0 -1 -1 -1 -1000 -1000 -1000 -10 0.0010776519775390625
Car -1 -1 -10 518.0 184.0 551.0 205.0 -1 -1 -1 -1000 -1000 -1000 -10 0.0010166168212890625
Car -1 -1 -10 688.0 176.0 714.0 192.0 -1 -1 -1 -1000 -1000 -1000 -10 0.0008134841918945312
Car -1 -1 -10 0.0 159.0 21.0 316.0 -1 -1 -1 -1000 -1000 -1000 -10 0.0006051063537597656
Car -1 -1 -10 587.0 139.0 662.0 204.0 -1 -1 -1 -1000 -1000 -1000 -10 0.0005331039428710938
Car -1 -1 -10 469.0 176.0 519.0 206.0 -1 -1 -1 -1000 -1000 -1000 -10 0.0005064010620117188
Car -1 -1 -10 469.0 184.0 507.0 206.0 -1 -1 -1 -1000 -1000 -1000 -10 0.00046181678771972656
Car -1 -1 -10 6.0 101.0 278.0 277.0 -1 -1 -1 -1000 -1000 -1000 -10 0.00045871734619140625
Car -1 -1 -10 0.0 177.0 32.0 375.0 -1 -1 -1 -1000 -1000 -1000 -10 0.0003399848937988281
Car -1 -1 -10 450.0 179.0 548.0 235.0 -1 -1 -1 -1000 -1000 -1000 -10 0.0003323554992675781
Car -1 -1 -10 688.0 171.0 708.0 188.0 -1 -1 -1 -1000 -1000 -1000 -10 0.0003147125244140625
Car -1 -1 -10 483.0 177.0 589.0 234.0 -1 -1 -1 -1000 -1000 -1000 -10 0.00031113624572753906
Car -1 -1 -10 488.0 182.0 530.0 218.0 -1 -1 -1 -1000 -1000 -1000 -10 0.00023889541625976562
Car -1 -1 -10 477.0 179.0 534.0 209.0 -1 -1 -1 -1000 -1000 -1000 -10 0.00023818016052246094
Car -1 -1 -10 0.0 183.0 16.0 302.0 -1 -1 -1 -1000 -1000 -1000 -10 0.00023317337036132812
Car -1 -1 -10 552.0 99.0 714.0 241.0 -1 -1 -1 -1000 -1000 -1000 -10 0.00021386146545410156
Car -1 -1 -10 0.0 211.0 13.0 334.0 -1 -1 -1 -1000 -1000 -1000 -10 0.00020384788513183594
Car -1 -1 -10 166.0 193.0 285.0 291.0 -1 -1 -1 -1000 -1000 -1000 -10 0.0002015829086303711
Car -1 -1 -10 0.0 156.0 38.0 317.0 -1 -1 -1 -1000 -1000 -1000 -10 0.00018453598022460938
Car -1 -1 -10 0.0 109.0 18.0 249.0 -1 -1 -1 -1000 -1000 -1000 -10 0.00013911724090576172
Car -1 -1 -10 474.0 178.0 507.0 202.0 -1 -1 -1 -1000 -1000 -1000 -10 0.00012552738189697266
Car -1 -1 -10 521.0 182.0 546.0 201.0 -1 -1 -1 -1000 -1000 -1000 -10 0.00010067224502563477
