Car -1 -1 -10 744.0 185.0 943.0 320.0 -1 -1 -1 -1000 -1000 -1000 -10 0.966796875
Car -1 -1 -10 0.0 0.0 420.0 369.0 -1 -1 -1 -1000 -1000 -1000 -10 0.9453125
Car -1 -1 -10 638.0 169.0 682.0 213.0 -1 -1 -1 -1000 -1000 -1000 -10 0.93896484375
Car -1 -1 -10 550.0 183.0 575.0 203.0 -1 -1 -1 -1000 -1000 -1000 -10 0.91845703125
Car -1 -1 -10 1215.0 187.0 1242.0 373.0 -1 -1 -1 -1000 -1000 -1000 -10 0.0011796951293945312
Car -1 -1 -10 550.0 177.0 577.0 206.0 -1 -1 -1 -1000 -1000 -1000 -10 0.000789642333984375
Car -1 -1 -10 545.0 181.0 569.0 201.0 -1 -1 -1 -1000 -1000 -1000 -10 0.0007448196411132812
Car -1 -1 -10 1200.0 161.0 1241.0 368.0 -1 -1 -1 -1000 -1000 -1000 -10 0.0004584789276123047
Car -1 -1 -10 630.0 160.0 686.0 223.0 -1 -1 -1 -1000 -1000 -1000 -10 0.0004525184631347656
Car -1 -1 -10 5.0 10.0 190.0 354.0 -1 -1 -1 -1000 -1000 -1000 -10 0.00042748451232910156
Car -1 -1 -10 1175.0 202.0 1242.0 369.0 -1 -1 -1 -1000 -1000 -1000 -10 0.00024318695068359375
Car -1 -1 -10 600.0 132.0 757.0 270.0 -1 -1 -1 -1000 -1000 -1000 -10 0.00024306774139404297
Car -1 -1 -10 628.0 175.0 662.0 208.0 -1 -1 -1 -1000 -1000 -1000 -10 0.00024116039276123047
Car -1 -1 -10 570.0 123.0 721.0 236.0 -1 -1 -1 -1000 -1000 -1000 -10 0.000217437744140625
Car -1 -1 -10 0.0 18.0 57.0 344.0 -1 -1 -1 -1000 -1000 -1000 -10 0.00021064281463623047
Car -1 -1 -10 0.0 141.0 23.0 347.0 -1 -1 -1 -1000 -1000 -1000 -10 0.00019371509552001953
Pedestrian -1 -1 -10 0.0 185.0 26.0 370.0 -1 -1 -1 -1000 -1000 -1000 -10 0.0001437664031982422
Car -1 -1 -10 1227.0 229.0 1242.0 360.0 -1 -1 -1 -1000 -1000 -1000 -10 0.0001379251480102539
Car -1 -1 -10 157.0 11.0 428.0 357.0 -1 -1 -1 -1000 -1000 -1000 -10 0.0001251697540283203
Car -1 -1 -10 540.0 182.0 560.0 199.0 -1 -1 -1 -1000 -1000 -1000 -10 0.0001055598258972168
Car -1 -1 -10 0.0 191.0 48.0 371.0 -1 -1 -1 -1000 -1000 -1000 -10 0.0001043081283569336
