Car -1 -1 -10 846.0 160.0 1035.0 285.0 -1 -1 -1 -1000 -1000 -1000 -10 0.96337890625
Car -1 -1 -10 581.0 180.0 660.0 246.0 -1 -1 -1 -1000 -1000 -1000 -10 0.9541015625
Car -1 -1 -10 658.0 175.0 692.0 209.0 -1 -1 -1 -1000 -1000 -1000 -10 0.9169921875
Car -1 -1 -10 766.0 167.0 810.0 208.0 -1 -1 -1 -1000 -1000 -1000 -10 0.8681640625
Car -1 -1 -10 530.0 101.0 546.0 119.0 -1 -1 -1 -1000 -1000 -1000 -10 0.0231475830078125
Cyclist -1 -1 -10 0.0 197.0 33.0 366.0 -1 -1 -1 -1000 -1000 -1000 -10 0.01265716552734375
Cyclist -1 -1 -10 0.0 197.0 58.0 375.0 -1 -1 -1 -1000 -1000 -1000 -10 0.01010894775390625
Cyclist -1 -1 -10 0.0 176.0 27.0 324.0 -1 -1 -1 -1000 -1000 -1000 -10 0.0011816024780273438
Car -1 -1 -10 526.0 100.0 550.0 120.0 -1 -1 -1 -1000 -1000 -1000 -10 0.0010852813720703125
Car -1 -1 -10 554.0 166.0 671.0 259.0 -1 -1 -1 -1000 -1000 -1000 -10 0.0008144378662109375
Cyclist -1 -1 -10 0.0 209.0 18.0 339.0 -1 -1 -1 -1000 -1000 -1000 -10 0.0007839202880859375
Car -1 -1 -10 763.0 159.0 826.0 223.0 -1 -1 -1 -1000 -1000 -1000 -10 0.0006175041198730469
Cyclist -1 -1 -10 0.0 149.0 45.0 346.0 -1 -1 -1 -1000 -1000 -1000 -10 0.0005588531494140625
Car -1 -1 -10 757.0 153.0 812.0 213.0 -1 -1 -1 -1000 -1000 -1000 -10 0.00040340423583984375
Car -1 -1 -10 770.0 164.0 808.0 198.0 -1 -1 -1 -1000 -1000 -1000 -10 0.00023984909057617188
Car -1 -1 -10 726.0 134.0 882.0 266.0 -1 -1 -1 -1000 -1000 -1000 -10 0.00020802021026611328
Cyclist -1 -1 -10 0.0 156.0 82.0 375.0 -1 -1 -1 -1000 -1000 -1000 -10 0.00019931793212890625
Car -1 -1 -10 692.0 121.0 847.0 234.0 -1 -1 -1 -1000 -1000 -1000 -10 0.00014150142669677734
Cyclist -1 -1 -10 0.0 190.0 110.0 375.0 -1 -1 -1 -1000 -1000 -1000 -10 0.00011372566223144531
Cyclist -1 -1 -10 3.0 231.0 91.0 375.0 -1 -1 -1 -1000 -1000 -1000 -10 0.0001112222671508789
