Car -1 -1 -10 724.0 174.0 1024.0 372.0 -1 -1 -1 -1000 -1000 -1000 -10 0.97314453125
Car -1 -1 -10 212.0 189.0 415.0 262.0 -1 -1 -1 -1000 -1000 -1000 -10 0.94091796875
Car -1 -1 -10 638.0 185.0 673.0 210.0 -1 -1 -1 -1000 -1000 -1000 -10 0.935546875
Car -1 -1 -10 0.0 215.0 388.0 374.0 -1 -1 -1 -1000 -1000 -1000 -10 0.9326171875
Car -1 -1 -10 9.0 193.0 332.0 307.0 -1 -1 -1 -1000 -1000 -1000 -10 0.92626953125
Car -1 -1 -10 440.0 171.0 541.0 211.0 -1 -1 -1 -1000 -1000 -1000 -10 0.9248046875
Car -1 -1 -10 625.0 170.0 661.0 202.0 -1 -1 -1 -1000 -1000 -1000 -10 0.916015625
Car -1 -1 -10 358.0 186.0 481.0 234.0 -1 -1 -1 -1000 -1000 -1000 -10 0.91162109375
Car -1 -1 -10 385.0 186.0 509.0 229.0 -1 -1 -1 -1000 -1000 -1000 -10 0.84814453125
Car -1 -1 -10 420.0 184.0 525.0 217.0 -1 -1 -1 -1000 -1000 -1000 -10 0.013153076171875
Car -1 -1 -10 0.0 203.0 60.0 362.0 -1 -1 -1 -1000 -1000 -1000 -10 0.001895904541015625
Car -1 -1 -10 629.0 166.0 670.0 208.0 -1 -1 -1 -1000 -1000 -1000 -10 0.001567840576171875
Car -1 -1 -10 0.0 207.0 33.0 356.0 -1 -1 -1 -1000 -1000 -1000 -10 0.0014514923095703125
Car -1 -1 -10 0.0 189.0 25.0 295.0 -1 -1 -1 -1000 -1000 -1000 -10 0.0012063980102539062
Car -1 -1 -10 265.0 192.0 421.0 249.0 -1 -1 -1 -1000 -1000 -1000 -10 0.0011730194091796875
Car -1 -1 -10 1.0 200.0 95.0 366.0 -1 -1 -1 -1000 -1000 -1000 -10 0.001125335693359375
Car -1 -1 -10 0.0 194.0 50.0 316.0 -1 -1 -1 -1000 -1000 -1000 -10 0.000713348388671875
Car -1 -1 -10 640.0 176.0 673.0 205.0 -1 -1 -1 -1000 -1000 -1000 -10 0.0005431175231933594
Car -1 -1 -10 0.0 114.0 28.0 292.0 -1 -1 -1 -1000 -1000 -1000 -10 0.0004723072052001953
Car -1 -1 -10 431.0 161.0 552.0 227.0 -1 -1 -1 -1000 -1000 -1000 -10 0.0004684925079345703
Car -1 -1 -10 0.0 177.0 23.0 253.0 -1 -1 -1 -1000 -1000 -1000 -10 0.0004532337188720703
Car -1 -1 -10 334.0 161.0 527.0 275.0 -1 -1 -1 -1000 -1000 -1000 -10 0.0004222393035888672
Car -1 -1 -10 0.0 201.0 16.0 305.0 -1 -1 -1 -1000 -1000 -1000 -10 0.0003783702850341797
Car -1 -1 -10 819.0 186.0 937.0 352.0 -1 -1 -1 -1000 -1000 -1000 -10 0.0003273487091064453
Car -1 -1 -10 399.0 131.0 596.0 271.0 -1 -1 -1 -1000 -1000 -1000 -10 0.0003185272216796875
Car -1 -1 -10 0.0 60.0 37.0 301.0 -1 -1 -1 -1000 -1000 -1000 -10 0.000308990478515625
Car -1 -1 -10 0.0 166.0 35.0 276.0 -1 -1 -1 -1000 -1000 -1000 -10 0.00030040740966796875
Car -1 -1 -10 401.0 178.0 505.0 215.0 -1 -1 -1 -1000 -1000 -1000 -10 0.00028252601623535156
Pedestrian -1 -1 -10 207.0 95.0 224.0 126.0 -1 -1 -1 -1000 -1000 -1000 -10 0.0002498626708984375
Car -1 -1 -10 1218.0 193.0 1241.0 375.0 -1 -1 -1 -1000 -1000 -1000 -10 0.00024628639221191406
Car -1 -1 -10 467.0 181.0 517.0 207.0 -1 -1 -1 -1000 -1000 -1000 -10 0.00023472309112548828
Car -1 -1 -10 394.0 189.0 443.0 225.0 -1 -1 -1 -1000 -1000 -1000 -10 0.00021767616271972656
Car -1 -1 -10 402.0 166.0 530.0 231.0 -1 -1 -1 -1000 -1000 -1000 -10 0.00016236305236816406
Car -1 -1 -10 463.0 175.0 512.0 204.0 -1 -1 -1 -1000 -1000 -1000 -10 0.0001595020294189453
Car -1 -1 -10 591.0 168.0 620.0 192.0 -1 -1 -1 -1000 -1000 -1000 -10 0.00015616416931152344
Pedestrian -1 -1 -10 205.0 99.0 226.0 118.0 -1 -1 -1 -1000 -1000 -1000 -10 0.00014293193817138672
Car -1 -1 -10 450.0 185.0 542.0 216.0 -1 -1 -1 -1000 -1000 -1000 -10 0.00013875961303710938
Car -1 -1 -10 88.0 197.0 362.0 287.0 -1 -1 -1 -1000 -1000 -1000 -10 0.00013339519500732422
Car -1 -1 -10 2.0 200.0 158.0 293.0 -1 -1 -1 -1000 -1000 -1000 -10 0.00013208389282226562
Car -1 -1 -10 0.0 186.0 17.0 242.0 -1 -1 -1 -1000 -1000 -1000 -10 0.0001316070556640625
Car -1 -1 -10 0.0 179.0 87.0 281.0 -1 -1 -1 -1000 -1000 -1000 -10 0.00013077259063720703
Car -1 -1 -10 0.0 152.0 60.0 296.0 -1 -1 -1 -1000 -1000 -1000 -10 0.00011867284774780273
Car -1 -1 -10 0.0 82.0 24.0 252.0 -1 -1 -1 -1000 -1000 -1000 -10 0.00011730194091796875
Car -1 -1 -10 6.0 203.0 194.0 370.0 -1 -1 -1 -1000 -1000 -1000 -10 0.00011527538299560547
Car -1 -1 -10 606.0 169.0 640.0 195.0 -1 -1 -1 -1000 -1000 -1000 -10 0.00010716915130615234
