Car -1 -1 -10 602.0 178.0 663.0 237.0 -1 -1 -1 -1000 -1000 -1000 -10 0.953125
Car -1 -1 -10 772.0 184.0 957.0 303.0 -1 -1 -1 -1000 -1000 -1000 -10 0.9091796875
Pedestrian -1 -1 -10 837.0 177.0 876.0 303.0 -1 -1 -1 -1000 -1000 -1000 -10 0.81298828125
Pedestrian -1 -1 -10 814.0 180.0 902.0 305.0 -1 -1 -1 -1000 -1000 -1000 -10 0.40625
Car -1 -1 -10 816.0 182.0 900.0 304.0 -1 -1 -1 -1000 -1000 -1000 -10 0.3740234375
Pedestrian -1 -1 -10 838.0 174.0 866.0 285.0 -1 -1 -1 -1000 -1000 -1000 -10 0.0054779052734375
Car -1 -1 -10 1236.0 161.0 1242.0 202.0 -1 -1 -1 -1000 -1000 -1000 -10 0.00543212890625
Car -1 -1 -10 1233.0 165.0 1242.0 214.0 -1 -1 -1 -1000 -1000 -1000 -10 0.0019025802612304688
Car -1 -1 -10 1218.0 216.0 1241.0 375.0 -1 -1 -1 -1000 -1000 -1000 -10 0.000942230224609375
Car -1 -1 -10 457.0 117.0 481.0 139.0 -1 -1 -1 -1000 -1000 -1000 -10 0.0008344650268554688
Car -1 -1 -10 1225.0 167.0 1241.0 213.0 -1 -1 -1 -1000 -1000 -1000 -10 0.0004897117614746094
Car -1 -1 -10 547.0 149.0 694.0 271.0 -1 -1 -1 -1000 -1000 -1000 -10 0.000484466552734375
Car -1 -1 -10 455.0 110.0 482.0 133.0 -1 -1 -1 -1000 -1000 -1000 -10 0.0003917217254638672
Car -1 -1 -10 1233.0 137.0 1242.0 196.0 -1 -1 -1 -1000 -1000 -1000 -10 0.0003230571746826172
Car -1 -1 -10 1203.0 185.0 1242.0 375.0 -1 -1 -1 -1000 -1000 -1000 -10 0.0002942085266113281
Car -1 -1 -10 1225.0 148.0 1239.0 202.0 -1 -1 -1 -1000 -1000 -1000 -10 0.000209808349609375
Car -1 -1 -10 1232.0 171.0 1242.0 248.0 -1 -1 -1 -1000 -1000 -1000 -10 0.00020825862884521484
Car -1 -1 -10 1228.0 168.0 1241.0 250.0 -1 -1 -1 -1000 -1000 -1000 -10 0.00012123584747314453
Car -1 -1 -10 0.0 203.0 20.0 360.0 -1 -1 -1 -1000 -1000 -1000 -10 0.00011199712753295898
