Car -1 -1 -10 401.0 180.0 566.0 292.0 -1 -1 -1 -1000 -1000 -1000 -10 0.96728515625
Car -1 -1 -10 884.0 210.0 1242.0 373.0 -1 -1 -1 -1000 -1000 -1000 -10 0.96484375
Car -1 -1 -10 587.0 170.0 641.0 213.0 -1 -1 -1 -1000 -1000 -1000 -10 0.93994140625
Car -1 -1 -10 746.0 179.0 820.0 245.0 -1 -1 -1 -1000 -1000 -1000 -10 0.92138671875
Car -1 -1 -10 738.0 182.0 796.0 228.0 -1 -1 -1 -1000 -1000 -1000 -10 0.89501953125
Cyclist -1 -1 -10 672.0 170.0 681.0 199.0 -1 -1 -1 -1000 -1000 -1000 -10 0.73974609375
Car -1 -1 -10 755.0 182.0 805.0 233.0 -1 -1 -1 -1000 -1000 -1000 -10 0.053436279296875
Car -1 -1 -10 710.0 176.0 731.0 196.0 -1 -1 -1 -1000 -1000 -1000 -10 0.047760009765625
Cyclist -1 -1 -10 675.0 170.0 682.0 198.0 -1 -1 -1 -1000 -1000 -1000 -10 0.04022216796875
Car -1 -1 -10 582.0 161.0 644.0 225.0 -1 -1 -1 -1000 -1000 -1000 -10 0.0010175704956054688
Car -1 -1 -10 734.0 162.0 851.0 260.0 -1 -1 -1 -1000 -1000 -1000 -10 0.0005884170532226562
Car -1 -1 -10 736.0 196.0 788.0 231.0 -1 -1 -1 -1000 -1000 -1000 -10 0.0005269050598144531
Car -1 -1 -10 610.0 175.0 648.0 205.0 -1 -1 -1 -1000 -1000 -1000 -10 0.0004398822784423828
Car -1 -1 -10 528.0 124.0 681.0 237.0 -1 -1 -1 -1000 -1000 -1000 -10 0.0003361701965332031
Car -1 -1 -10 554.0 132.0 711.0 270.0 -1 -1 -1 -1000 -1000 -1000 -10 0.0002799034118652344
Car -1 -1 -10 1051.0 219.0 1242.0 371.0 -1 -1 -1 -1000 -1000 -1000 -10 0.00021255016326904297
Car -1 -1 -10 443.0 180.0 519.0 288.0 -1 -1 -1 -1000 -1000 -1000 -10 0.00015354156494140625
Cyclist -1 -1 -10 673.0 179.0 681.0 207.0 -1 -1 -1 -1000 -1000 -1000 -10 0.00013530254364013672
Car -1 -1 -10 1222.0 208.0 1242.0 353.0 -1 -1 -1 -1000 -1000 -1000 -10 0.00011837482452392578
