Car -1 -1 -10 107.0 194.0 284.0 297.0 -1 -1 -1 -1000 -1000 -1000 -10 0.96728515625
Car -1 -1 -10 615.0 179.0 785.0 288.0 -1 -1 -1 -1000 -1000 -1000 -10 0.96435546875
Car -1 -1 -10 790.0 176.0 1005.0 368.0 -1 -1 -1 -1000 -1000 -1000 -10 0.962890625
Car -1 -1 -10 548.0 173.0 645.0 244.0 -1 -1 -1 -1000 -1000 -1000 -10 0.9521484375
Car -1 -1 -10 214.0 183.0 324.0 263.0 -1 -1 -1 -1000 -1000 -1000 -10 0.94873046875
Car -1 -1 -10 524.0 178.0 596.0 228.0 -1 -1 -1 -1000 -1000 -1000 -10 0.916015625
Cyclist -1 -1 -10 504.0 173.0 560.0 272.0 -1 -1 -1 -1000 -1000 -1000 -10 0.91162109375
Car -1 -1 -10 427.0 170.0 465.0 210.0 -1 -1 -1 -1000 -1000 -1000 -10 0.896484375
Car -1 -1 -10 271.0 189.0 341.0 241.0 -1 -1 -1 -1000 -1000 -1000 -10 0.892578125
Car -1 -1 -10 502.0 180.0 551.0 217.0 -1 -1 -1 -1000 -1000 -1000 -10 0.82861328125
Pedestrian -1 -1 -10 681.0 164.0 704.0 228.0 -1 -1 -1 -1000 -1000 -1000 -10 0.61083984375
Car -1 -1 -10 504.0 175.0 565.0 270.0 -1 -1 -1 -1000 -1000 -1000 -10 0.55322265625
Cyclist -1 -1 -10 510.0 173.0 586.0 273.0 -1 -1 -1 -1000 -1000 -1000 -10 0.42041015625
Car -1 -1 -10 288.0 188.0 347.0 231.0 -1 -1 -1 -1000 -1000 -1000 -10 0.416259765625
Car -1 -1 -10 511.0 180.0 577.0 226.0 -1 -1 -1 -1000 -1000 -1000 -10 0.065673828125
Cyclist -1 -1 -10 505.0 177.0 551.0 238.0 -1 -1 -1 -1000 -1000 -1000 -10 0.0278778076171875
Cyclist -1 -1 -10 510.0 176.0 566.0 245.0 -1 -1 -1 -1000 -1000 -1000 -10 0.0093231201171875
Car -1 -1 -10 500.0 179.0 551.0 255.0 -1 -1 -1 -1000 -1000 -1000 -10 0.005767822265625
Car -1 -1 -10 494.0 180.0 538.0 211.0 -1 -1 -1 -1000 -1000 -1000 -10 0.005100250244140625
Cyclist -1 -1 -10 524.0 178.0 574.0 254.0 -1 -1 -1 -1000 -1000 -1000 -10 0.001922607421875
Car -1 -1 -10 428.0 164.0 457.0 199.0 -1 -1 -1 -1000 -1000 -1000 -10 0.0018510818481445312
Car -1 -1 -10 570.0 176.0 620.0 233.0 -1 -1 -1 -1000 -1000 -1000 -10 0.0015420913696289062
Cyclist -1 -1 -10 470.0 162.0 577.0 276.0 -1 -1 -1 -1000 -1000 -1000 -10 0.0011224746704101562
Car -1 -1 -10 223.0 166.0 358.0 271.0 -1 -1 -1 -1000 -1000 -1000 -10 0.0011129379272460938
Car -1 -1 -10 0.0 227.0 35.0 371.0 -1 -1 -1 -1000 -1000 -1000 -10 0.0008635520935058594
Car -1 -1 -10 1216.0 187.0 1242.0 369.0 -1 -1 -1 -1000 -1000 -1000 -10 0.0008344650268554688
Car -1 -1 -10 1193.0 182.0 1242.0 375.0 -1 -1 -1 -1000 -1000 -1000 -10 0.0007605552673339844
Car -1 -1 -10 269.0 201.0 327.0 249.0 -1 -1 -1 -1000 -1000 -1000 -10 0.0005578994750976562
Car -1 -1 -10 0.0 221.0 60.0 375.0 -1 -1 -1 -1000 -1000 -1000 -10 0.0004723072052001953
Car -1 -1 -10 496.0 166.0 559.0 235.0 -1 -1 -1 -1000 -1000 -1000 -10 0.0004296302795410156
Car -1 -1 -10 248.0 186.0 332.0 247.0 -1 -1 -1 -1000 -1000 -1000 -10 0.0003559589385986328
Cyclist -1 -1 -10 507.0 164.0 629.0 281.0 -1 -1 -1 -1000 -1000 -1000 -10 0.0003402233123779297
Car -1 -1 -10 533.0 160.0 660.0 259.0 -1 -1 -1 -1000 -1000 -1000 -10 0.00032401084899902344
Car -1 -1 -10 300.0 199.0 345.0 230.0 -1 -1 -1 -1000 -1000 -1000 -10 0.0002791881561279297
Car -1 -1 -10 1155.0 174.0 1241.0 362.0 -1 -1 -1 -1000 -1000 -1000 -10 0.0002524852752685547
Cyclist -1 -1 -10 507.0 187.0 556.0 254.0 -1 -1 -1 -1000 -1000 -1000 -10 0.00023686885833740234
Car -1 -1 -10 423.0 171.0 455.0 207.0 -1 -1 -1 -1000 -1000 -1000 -10 0.00022876262664794922
Car -1 -1 -10 278.0 181.0 367.0 249.0 -1 -1 -1 -1000 -1000 -1000 -10 0.00021660327911376953
Car -1 -1 -10 1142.0 11.0 1241.0 340.0 -1 -1 -1 -1000 -1000 -1000 -10 0.0002142190933227539
Cyclist -1 -1 -10 500.0 179.0 544.0 263.0 -1 -1 -1 -1000 -1000 -1000 -10 0.00018739700317382812
Car -1 -1 -10 446.0 164.0 518.0 245.0 -1 -1 -1 -1000 -1000 -1000 -10 0.00016319751739501953
Pedestrian -1 -1 -10 668.0 168.0 717.0 225.0 -1 -1 -1 -1000 -1000 -1000 -10 0.00013780593872070312
Car -1 -1 -10 485.0 147.0 642.0 251.0 -1 -1 -1 -1000 -1000 -1000 -10 0.00013756752014160156
Car -1 -1 -10 0.0 203.0 23.0 329.0 -1 -1 -1 -1000 -1000 -1000 -10 0.00012010335922241211
Car -1 -1 -10 411.0 162.0 468.0 226.0 -1 -1 -1 -1000 -1000 -1000 -10 0.0001170039176940918
Car -1 -1 -10 634.0 172.0 759.0 246.0 -1 -1 -1 -1000 -1000 -1000 -10 0.00010770559310913086
Car -1 -1 -10 0.0 205.0 46.0 351.0 -1 -1 -1 -1000 -1000 -1000 -10 0.00010466575622558594
Car -1 -1 -10 440.0 130.0 608.0 258.0 -1 -1 -1 -1000 -1000 -1000 -10 0.00010317564010620117
Car -1 -1 -10 240.0 288.0 482.0 375.0 -1 -1 -1 -1000 -1000 -1000 -10 0.00010263919830322266
