Car -1 -1 -10 591.0 175.0 626.0 208.0 -1 -1 -1 -1000 -1000 -1000 -10 0.94482421875
Car -1 -1 -10 455.0 157.0 497.0 196.0 -1 -1 -1 -1000 -1000 -1000 -10 0.92236328125
Car -1 -1 -10 710.0 163.0 781.0 195.0 -1 -1 -1 -1000 -1000 -1000 -10 0.9169921875
Car -1 -1 -10 529.0 153.0 565.0 192.0 -1 -1 -1 -1000 -1000 -1000 -10 0.207275390625
Car -1 -1 -10 448.0 166.0 481.0 196.0 -1 -1 -1 -1000 -1000 -1000 -10 0.0014600753784179688
Car -1 -1 -10 700.0 146.0 787.0 209.0 -1 -1 -1 -1000 -1000 -1000 -10 0.0006327629089355469
Car -1 -1 -10 448.0 143.0 503.0 206.0 -1 -1 -1 -1000 -1000 -1000 -10 0.0005879402160644531
Car -1 -1 -10 0.0 206.0 18.0 268.0 -1 -1 -1 -1000 -1000 -1000 -10 0.0004544258117675781
Car -1 -1 -10 594.0 1.0 679.0 56.0 -1 -1 -1 -1000 -1000 -1000 -10 0.00041031837463378906
Car -1 -1 -10 393.0 127.0 563.0 255.0 -1 -1 -1 -1000 -1000 -1000 -10 0.00034618377685546875
Cyclist -1 -1 -10 30.0 184.0 99.0 235.0 -1 -1 -1 -1000 -1000 -1000 -10 0.000274658203125
Car -1 -1 -10 647.0 104.0 822.0 242.0 -1 -1 -1 -1000 -1000 -1000 -10 0.0002651214599609375
Car -1 -1 -10 0.0 216.0 14.0 264.0 -1 -1 -1 -1000 -1000 -1000 -10 0.00023424625396728516
Car -1 -1 -10 444.0 174.0 472.0 195.0 -1 -1 -1 -1000 -1000 -1000 -10 0.00018465518951416016
Car -1 -1 -10 535.0 149.0 575.0 189.0 -1 -1 -1 -1000 -1000 -1000 -10 0.00018274784088134766
Car -1 -1 -10 535.0 0.0 636.0 58.0 -1 -1 -1 -1000 -1000 -1000 -10 0.0001690387725830078
Car -1 -1 -10 783.0 182.0 853.0 214.0 -1 -1 -1 -1000 -1000 -1000 -10 0.00016772747039794922
Car -1 -1 -10 568.0 4.0 666.0 62.0 -1 -1 -1 -1000 -1000 -1000 -10 0.00014412403106689453
Car -1 -1 -10 673.0 132.0 842.0 261.0 -1 -1 -1 -1000 -1000 -1000 -10 0.00013375282287597656
Car -1 -1 -10 626.0 1.0 708.0 54.0 -1 -1 -1 -1000 -1000 -1000 -10 0.00013148784637451172
Car -1 -1 -10 0.0 183.0 24.0 278.0 -1 -1 -1 -1000 -1000 -1000 -10 0.00012183189392089844
Car -1 -1 -10 439.0 168.0 476.0 194.0 -1 -1 -1 -1000 -1000 -1000 -10 0.00011438131332397461
Car -1 -1 -10 521.0 134.0 576.0 181.0 -1 -1 -1 -1000 -1000 -1000 -10 0.00011199712753295898
Cyclist -1 -1 -10 1221.0 156.0 1242.0 288.0 -1 -1 -1 -1000 -1000 -1000 -10 0.00010436773300170898
