Car -1 -1 -10 875.0 174.0 1163.0 352.0 -1 -1 -1 -1000 -1000 -1000 -10 0.96826171875
Car -1 -1 -10 563.0 171.0 663.0 265.0 -1 -1 -1 -1000 -1000 -1000 -10 0.966796875
Car -1 -1 -10 763.0 163.0 1014.0 283.0 -1 -1 -1 -1000 -1000 -1000 -10 0.96240234375
Car -1 -1 -10 0.0 180.0 108.0 293.0 -1 -1 -1 -1000 -1000 -1000 -10 0.96044921875
Car -1 -1 -10 43.0 168.0 230.0 254.0 -1 -1 -1 -1000 -1000 -1000 -10 0.95947265625
Car -1 -1 -10 748.0 173.0 919.0 252.0 -1 -1 -1 -1000 -1000 -1000 -10 0.9443359375
Car -1 -1 -10 531.0 169.0 557.0 191.0 -1 -1 -1 -1000 -1000 -1000 -10 0.93505859375
Car -1 -1 -10 1186.0 166.0 1242.0 372.0 -1 -1 -1 -1000 -1000 -1000 -10 0.8955078125
Pedestrian -1 -1 -10 698.0 167.0 717.0 213.0 -1 -1 -1 -1000 -1000 -1000 -10 0.86962890625
Pedestrian -1 -1 -10 932.0 163.0 941.0 195.0 -1 -1 -1 -1000 -1000 -1000 -10 0.4765625
Pedestrian -1 -1 -10 937.0 161.0 945.0 194.0 -1 -1 -1 -1000 -1000 -1000 -10 0.39697265625
Pedestrian -1 -1 -10 981.0 165.0 991.0 201.0 -1 -1 -1 -1000 -1000 -1000 -10 0.35205078125
Pedestrian -1 -1 -10 926.0 165.0 936.0 196.0 -1 -1 -1 -1000 -1000 -1000 -10 0.271728515625
Pedestrian -1 -1 -10 924.0 164.0 933.0 196.0 -1 -1 -1 -1000 -1000 -1000 -10 0.1258544921875
Pedestrian -1 -1 -10 917.0 165.0 926.0 196.0 -1 -1 -1 -1000 -1000 -1000 -10 0.1241455078125
Pedestrian -1 -1 -10 947.0 161.0 956.0 198.0 -1 -1 -1 -1000 -1000 -1000 -10 0.10626220703125
Pedestrian -1 -1 -10 930.0 168.0 938.0 198.0 -1 -1 -1 -1000 -1000 -1000 -10 0.053985595703125
Pedestrian -1 -1 -10 933.0 161.0 948.0 195.0 -1 -1 -1 -1000 -1000 -1000 -10 0.05364990234375
Pedestrian -1 -1 -10 958.0 162.0 967.0 199.0 -1 -1 -1 -1000 -1000 -1000 -10 0.048614501953125
Pedestrian -1 -1 -10 928.0 162.0 942.0 195.0 -1 -1 -1 -1000 -1000 -1000 -10 0.045562744140625
Pedestrian -1 -1 -10 977.0 168.0 986.0 202.0 -1 -1 -1 -1000 -1000 -1000 -10 0.038421630859375
Pedestrian -1 -1 -10 913.0 168.0 924.0 201.0 -1 -1 -1 -1000 -1000 -1000 -10 0.0362548828125
Pedestrian -1 -1 -10 941.0 162.0 953.0 198.0 -1 -1 -1 -1000 -1000 -1000 -10 0.02667236328125
Pedestrian -1 -1 -10 677.0 164.0 692.0 208.0 -1 -1 -1 -1000 -1000 -1000 -10 0.016845703125
Pedestrian -1 -1 -10 908.0 166.0 918.0 198.0 -1 -1 -1 -1000 -1000 -1000 -10 0.012420654296875
Pedestrian -1 -1 -10 921.0 168.0 935.0 199.0 -1 -1 -1 -1000 -1000 -1000 -10 0.01131439208984375
Pedestrian -1 -1 -10 910.0 164.0 926.0 197.0 -1 -1 -1 -1000 -1000 -1000 -10 0.0036945343017578125
Pedestrian -1 -1 -10 942.0 168.0 950.0 199.0 -1 -1 -1 -1000 -1000 -1000 -10 0.0034961700439453125
Pedestrian -1 -1 -10 897.0 168.0 920.0 203.0 -1 -1 -1 -1000 -1000 -1000 -10 0.0033969879150390625
Pedestrian -1 -1 -10 902.0 167.0 914.0 203.0 -1 -1 -1 -1000 -1000 -1000 -10 0.003246307373046875
Pedestrian -1 -1 -10 952.0 164.0 964.0 199.0 -1 -1 -1 -1000 -1000 -1000 -10 0.0026874542236328125
Pedestrian -1 -1 -10 2.0 170.0 12.0 240.0 -1 -1 -1 -1000 -1000 -1000 -10 0.0026092529296875
Pedestrian -1 -1 -10 3.0 173.0 18.0 237.0 -1 -1 -1 -1000 -1000 -1000 -10 0.002471923828125
Pedestrian -1 -1 -10 985.0 168.0 995.0 203.0 -1 -1 -1 -1000 -1000 -1000 -10 0.00213623046875
Car -1 -1 -10 818.0 167.0 946.0 272.0 -1 -1 -1 -1000 -1000 -1000 -10 0.0016078948974609375
Pedestrian -1 -1 -10 963.0 168.0 974.0 202.0 -1 -1 -1 -1000 -1000 -1000 -10 0.0012540817260742188
Car -1 -1 -10 1160.0 163.0 1242.0 375.0 -1 -1 -1 -1000 -1000 -1000 -10 0.0011758804321289062
Pedestrian -1 -1 -10 921.0 161.0 934.0 190.0 -1 -1 -1 -1000 -1000 -1000 -10 0.0009751319885253906
Car -1 -1 -10 953.0 183.0 1075.0 335.0 -1 -1 -1 -1000 -1000 -1000 -10 0.0005483627319335938
Car -1 -1 -10 549.0 171.0 568.0 191.0 -1 -1 -1 -1000 -1000 -1000 -10 0.0004699230194091797
Car -1 -1 -10 530.0 166.0 559.0 198.0 -1 -1 -1 -1000 -1000 -1000 -10 0.0003886222839355469
Car -1 -1 -10 518.0 170.0 539.0 191.0 -1 -1 -1 -1000 -1000 -1000 -10 0.0003790855407714844
Pedestrian -1 -1 -10 2.0 170.0 25.0 246.0 -1 -1 -1 -1000 -1000 -1000 -10 0.00035834312438964844
Car -1 -1 -10 0.0 182.0 12.0 261.0 -1 -1 -1 -1000 -1000 -1000 -10 0.00034880638122558594
Pedestrian -1 -1 -10 888.0 167.0 930.0 231.0 -1 -1 -1 -1000 -1000 -1000 -10 0.0003299713134765625
Pedestrian -1 -1 -10 919.0 163.0 958.0 195.0 -1 -1 -1 -1000 -1000 -1000 -10 0.00029921531677246094
Car -1 -1 -10 1206.0 129.0 1242.0 327.0 -1 -1 -1 -1000 -1000 -1000 -10 0.00029754638671875
Pedestrian -1 -1 -10 935.0 167.0 955.0 201.0 -1 -1 -1 -1000 -1000 -1000 -10 0.00028896331787109375
Pedestrian -1 -1 -10 953.0 157.0 966.0 192.0 -1 -1 -1 -1000 -1000 -1000 -10 0.00023758411407470703
Car -1 -1 -10 0.0 176.0 24.0 266.0 -1 -1 -1 -1000 -1000 -1000 -10 0.0002263784408569336
Car -1 -1 -10 1195.0 186.0 1242.0 328.0 -1 -1 -1 -1000 -1000 -1000 -10 0.00021028518676757812
Car -1 -1 -10 750.0 183.0 875.0 248.0 -1 -1 -1 -1000 -1000 -1000 -10 0.0002073049545288086
Pedestrian -1 -1 -10 977.0 170.0 998.0 207.0 -1 -1 -1 -1000 -1000 -1000 -10 0.00019848346710205078
Pedestrian -1 -1 -10 959.0 0.0 997.0 18.0 -1 -1 -1 -1000 -1000 -1000 -10 0.0001914501190185547
Pedestrian -1 -1 -10 968.0 0.0 988.0 17.0 -1 -1 -1 -1000 -1000 -1000 -10 0.00018668174743652344
Pedestrian -1 -1 -10 940.0 156.0 949.0 187.0 -1 -1 -1 -1000 -1000 -1000 -10 0.00018656253814697266
Pedestrian -1 -1 -10 935.0 158.0 942.0 185.0 -1 -1 -1 -1000 -1000 -1000 -10 0.0001633167266845703
Pedestrian -1 -1 -10 889.0 159.0 950.0 213.0 -1 -1 -1 -1000 -1000 -1000 -10 0.00015342235565185547
Pedestrian -1 -1 -10 815.0 164.0 985.0 250.0 -1 -1 -1 -1000 -1000 -1000 -10 0.00015091896057128906
Car -1 -1 -10 475.0 0.0 526.0 9.0 -1 -1 -1 -1000 -1000 -1000 -10 0.00014984607696533203
Pedestrian -1 -1 -10 897.0 168.0 907.0 198.0 -1 -1 -1 -1000 -1000 -1000 -10 0.0001474618911743164
Pedestrian -1 -1 -10 968.0 0.0 1007.0 14.0 -1 -1 -1 -1000 -1000 -1000 -10 0.0001455545425415039
Pedestrian -1 -1 -10 6.0 152.0 20.0 225.0 -1 -1 -1 -1000 -1000 -1000 -10 0.0001347064971923828
Pedestrian -1 -1 -10 2.0 149.0 11.0 225.0 -1 -1 -1 -1000 -1000 -1000 -10 0.00013136863708496094
Pedestrian -1 -1 -10 3.0 147.0 17.0 231.0 -1 -1 -1 -1000 -1000 -1000 -10 0.00013136863708496094
Pedestrian -1 -1 -10 977.0 0.0 996.0 13.0 -1 -1 -1 -1000 -1000 -1000 -10 0.00013077259063720703
Pedestrian -1 -1 -10 8.0 177.0 27.0 232.0 -1 -1 -1 -1000 -1000 -1000 -10 0.0001245737075805664
Car -1 -1 -10 1177.0 156.0 1242.0 303.0 -1 -1 -1 -1000 -1000 -1000 -10 0.00012409687042236328
Car -1 -1 -10 0.0 181.0 32.0 282.0 -1 -1 -1 -1000 -1000 -1000 -10 0.00011098384857177734
Pedestrian -1 -1 -10 923.0 158.0 931.0 185.0 -1 -1 -1 -1000 -1000 -1000 -10 0.00010883808135986328
