Car -1 -1 -10 342.0 173.0 486.0 223.0 -1 -1 -1 -1000 -1000 -1000 -10 0.943359375
Car -1 -1 -10 544.0 171.0 607.0 206.0 -1 -1 -1 -1000 -1000 -1000 -10 0.9306640625
Car -1 -1 -10 327.0 170.0 395.0 203.0 -1 -1 -1 -1000 -1000 -1000 -10 0.9091796875
Car -1 -1 -10 561.0 169.0 585.0 186.0 -1 -1 -1 -1000 -1000 -1000 -10 0.7373046875
Car -1 -1 -10 551.0 171.0 597.0 199.0 -1 -1 -1 -1000 -1000 -1000 -10 0.50927734375
Car -1 -1 -10 550.0 170.0 579.0 187.0 -1 -1 -1 -1000 -1000 -1000 -10 0.38037109375
Car -1 -1 -10 560.0 168.0 601.0 193.0 -1 -1 -1 -1000 -1000 -1000 -10 0.10467529296875
Car -1 -1 -10 574.0 170.0 602.0 188.0 -1 -1 -1 -1000 -1000 -1000 -10 0.046112060546875
Car -1 -1 -10 570.0 167.0 596.0 184.0 -1 -1 -1 -1000 -1000 -1000 -10 0.03240966796875
Car -1 -1 -10 395.0 174.0 438.0 213.0 -1 -1 -1 -1000 -1000 -1000 -10 0.002777099609375
Car -1 -1 -10 583.0 167.0 607.0 186.0 -1 -1 -1 -1000 -1000 -1000 -10 0.0015735626220703125
Car -1 -1 -10 574.0 172.0 605.0 195.0 -1 -1 -1 -1000 -1000 -1000 -10 0.0013380050659179688
Car -1 -1 -10 0.0 198.0 19.0 287.0 -1 -1 -1 -1000 -1000 -1000 -10 0.0010986328125
Car -1 -1 -10 536.0 160.0 611.0 220.0 -1 -1 -1 -1000 -1000 -1000 -10 0.0009407997131347656
Car -1 -1 -10 376.0 173.0 452.0 216.0 -1 -1 -1 -1000 -1000 -1000 -10 0.0006089210510253906
Pedestrian -1 -1 -10 572.0 0.0 593.0 1.0 -1 -1 -1 -1000 -1000 -1000 -10 0.0005316734313964844
Car -1 -1 -10 321.0 153.0 400.0 213.0 -1 -1 -1 -1000 -1000 -1000 -10 0.00042557716369628906
Pedestrian -1 -1 -10 620.0 0.0 644.0 0.0 -1 -1 -1 -1000 -1000 -1000 -10 0.0003809928894042969
Car -1 -1 -10 1213.0 165.0 1238.0 355.0 -1 -1 -1 -1000 -1000 -1000 -10 0.00030875205993652344
Car -1 -1 -10 0.0 180.0 17.0 266.0 -1 -1 -1 -1000 -1000 -1000 -10 0.0002963542938232422
Car -1 -1 -10 261.0 128.0 449.0 272.0 -1 -1 -1 -1000 -1000 -1000 -10 0.00029158592224121094
Car -1 -1 -10 318.0 133.0 508.0 244.0 -1 -1 -1 -1000 -1000 -1000 -10 0.00028204917907714844
Car -1 -1 -10 477.0 130.0 647.0 267.0 -1 -1 -1 -1000 -1000 -1000 -10 0.0002665519714355469
Car -1 -1 -10 0.0 221.0 16.0 298.0 -1 -1 -1 -1000 -1000 -1000 -10 0.00025844573974609375
Pedestrian -1 -1 -10 559.0 0.0 585.0 0.0 -1 -1 -1 -1000 -1000 -1000 -10 0.00023031234741210938
Car -1 -1 -10 584.0 163.0 616.0 184.0 -1 -1 -1 -1000 -1000 -1000 -10 0.0002180337905883789
Car -1 -1 -10 0.0 197.0 32.0 287.0 -1 -1 -1 -1000 -1000 -1000 -10 0.0001983642578125
Car -1 -1 -10 330.0 156.0 455.0 229.0 -1 -1 -1 -1000 -1000 -1000 -10 0.00018477439880371094
Car -1 -1 -10 542.0 164.0 574.0 184.0 -1 -1 -1 -1000 -1000 -1000 -10 0.00017595291137695312
Car -1 -1 -10 605.0 169.0 628.0 185.0 -1 -1 -1 -1000 -1000 -1000 -10 0.0001652240753173828
Car -1 -1 -10 539.0 170.0 585.0 198.0 -1 -1 -1 -1000 -1000 -1000 -10 0.00015795230865478516
Car -1 -1 -10 0.0 180.0 12.0 246.0 -1 -1 -1 -1000 -1000 -1000 -10 0.0001475811004638672
Car -1 -1 -10 556.0 159.0 587.0 192.0 -1 -1 -1 -1000 -1000 -1000 -10 0.00013744831085205078
Pedestrian -1 -1 -10 580.0 0.0 606.0 2.0 -1 -1 -1 -1000 -1000 -1000 -10 0.0001327991485595703
Pedestrian -1 -1 -10 951.0 0.0 977.0 2.0 -1 -1 -1 -1000 -1000 -1000 -10 0.00012862682342529297
Car -1 -1 -10 1200.0 148.0 1238.0 371.0 -1 -1 -1 -1000 -1000 -1000 -10 0.0001226663589477539
Pedestrian -1 -1 -10 938.0 0.0 964.0 3.0 -1 -1 -1 -1000 -1000 -1000 -10 0.0001169443130493164
Car -1 -1 -10 599.0 166.0 637.0 187.0 -1 -1 -1 -1000 -1000 -1000 -10 0.0001004934310913086
