Car -1 -1 -10 704.0 174.0 730.0 201.0 -1 -1 -1 -1000 -1000 -1000 -10 0.92138671875
Cyclist -1 -1 -10 885.0 156.0 929.0 225.0 -1 -1 -1 -1000 -1000 -1000 -10 0.9208984375
Car -1 -1 -10 0.0 220.0 28.0 370.0 -1 -1 -1 -1000 -1000 -1000 -10 0.00841522216796875
Car -1 -1 -10 1.0 218.0 46.0 375.0 -1 -1 -1 -1000 -1000 -1000 -10 0.002300262451171875
Car -1 -1 -10 379.0 0.0 453.0 53.0 -1 -1 -1 -1000 -1000 -1000 -10 0.00110626220703125
Car -1 -1 -10 311.0 168.0 401.0 203.0 -1 -1 -1 -1000 -1000 -1000 -10 0.00072479248046875
Car -1 -1 -10 259.0 184.0 350.0 217.0 -1 -1 -1 -1000 -1000 -1000 -10 0.0005540847778320312
Car -1 -1 -10 0.0 216.0 19.0 334.0 -1 -1 -1 -1000 -1000 -1000 -10 0.0005488395690917969
Car -1 -1 -10 0.0 166.0 34.0 366.0 -1 -1 -1 -1000 -1000 -1000 -10 0.0004968643188476562
Car -1 -1 -10 402.0 0.0 477.0 53.0 -1 -1 -1 -1000 -1000 -1000 -10 0.0004520416259765625
Car -1 -1 -10 360.0 0.0 436.0 54.0 -1 -1 -1 -1000 -1000 -1000 -10 0.0003924369812011719
Car -1 -1 -10 700.0 178.0 724.0 204.0 -1 -1 -1 -1000 -1000 -1000 -10 0.0003762245178222656
Car -1 -1 -10 0.0 260.0 35.0 375.0 -1 -1 -1 -1000 -1000 -1000 -10 0.0003368854522705078
Car -1 -1 -10 0.0 247.0 79.0 375.0 -1 -1 -1 -1000 -1000 -1000 -10 0.00030732154846191406
Car -1 -1 -10 253.0 0.0 315.0 53.0 -1 -1 -1 -1000 -1000 -1000 -10 0.0002760887145996094
Car -1 -1 -10 0.0 249.0 21.0 375.0 -1 -1 -1 -1000 -1000 -1000 -10 0.0002751350402832031
Cyclist -1 -1 -10 827.0 130.0 964.0 240.0 -1 -1 -1 -1000 -1000 -1000 -10 0.00024890899658203125
Cyclist -1 -1 -10 855.0 131.0 994.0 259.0 -1 -1 -1 -1000 -1000 -1000 -10 0.0002396106719970703
Car -1 -1 -10 0.0 170.0 21.0 322.0 -1 -1 -1 -1000 -1000 -1000 -10 0.00021183490753173828
Car -1 -1 -10 705.0 181.0 728.0 205.0 -1 -1 -1 -1000 -1000 -1000 -10 0.00020515918731689453
Car -1 -1 -10 725.0 90.0 737.0 102.0 -1 -1 -1 -1000 -1000 -1000 -10 0.00020241737365722656
Car -1 -1 -10 682.0 186.0 699.0 207.0 -1 -1 -1 -1000 -1000 -1000 -10 0.00018668174743652344
Car -1 -1 -10 418.0 0.0 497.0 55.0 -1 -1 -1 -1000 -1000 -1000 -10 0.00013065338134765625
Car -1 -1 -10 272.0 3.0 335.0 55.0 -1 -1 -1 -1000 -1000 -1000 -10 0.00012373924255371094
Car -1 -1 -10 319.0 1.0 391.0 55.0 -1 -1 -1 -1000 -1000 -1000 -10 0.00011920928955078125
Cyclist -1 -1 -10 899.0 158.0 935.0 221.0 -1 -1 -1 -1000 -1000 -1000 -10 0.00011771917343139648
Car -1 -1 -10 297.0 2.0 369.0 56.0 -1 -1 -1 -1000 -1000 -1000 -10 0.00011247396469116211
Car -1 -1 -10 1212.0 144.0 1242.0 375.0 -1 -1 -1 -1000 -1000 -1000 -10 0.00010883808135986328
Car -1 -1 -10 341.0 0.0 414.0 54.0 -1 -1 -1 -1000 -1000 -1000 -10 0.00010031461715698242
