Car -1 -1 -10 739.0 186.0 904.0 293.0 -1 -1 -1 -1000 -1000 -1000 -10 0.97314453125
Car -1 -1 -10 653.0 177.0 690.0 207.0 -1 -1 -1 -1000 -1000 -1000 -10 0.96142578125
Car -1 -1 -10 741.0 176.0 793.0 209.0 -1 -1 -1 -1000 -1000 -1000 -10 0.95703125
Car -1 -1 -10 827.0 178.0 946.0 237.0 -1 -1 -1 -1000 -1000 -1000 -10 0.95361328125
Car -1 -1 -10 778.0 154.0 970.0 284.0 -1 -1 -1 -1000 -1000 -1000 -10 0.0014448165893554688
Car -1 -1 -10 736.0 164.0 801.0 227.0 -1 -1 -1 -1000 -1000 -1000 -10 0.0013418197631835938
Car -1 -1 -10 289.0 70.0 307.0 86.0 -1 -1 -1 -1000 -1000 -1000 -10 0.00102996826171875
Car -1 -1 -10 862.0 180.0 908.0 228.0 -1 -1 -1 -1000 -1000 -1000 -10 0.0008153915405273438
Car -1 -1 -10 1219.0 198.0 1242.0 363.0 -1 -1 -1 -1000 -1000 -1000 -10 0.0007953643798828125
Car -1 -1 -10 535.0 2.0 611.0 57.0 -1 -1 -1 -1000 -1000 -1000 -10 0.0005311965942382812
Car -1 -1 -10 684.0 133.0 853.0 276.0 -1 -1 -1 -1000 -1000 -1000 -10 0.0002961158752441406
Car -1 -1 -10 611.0 4.0 684.0 54.0 -1 -1 -1 -1000 -1000 -1000 -10 0.00024890899658203125
Car -1 -1 -10 1203.0 214.0 1242.0 375.0 -1 -1 -1 -1000 -1000 -1000 -10 0.00018835067749023438
Car -1 -1 -10 1208.0 183.0 1241.0 345.0 -1 -1 -1 -1000 -1000 -1000 -10 0.00013458728790283203
Car -1 -1 -10 315.0 101.0 345.0 129.0 -1 -1 -1 -1000 -1000 -1000 -10 0.00010246038436889648
