Car -1 -1 -10 735.0 172.0 851.0 270.0 -1 -1 -1 -1000 -1000 -1000 -10 0.96142578125
Car -1 -1 -10 702.0 173.0 792.0 241.0 -1 -1 -1 -1000 -1000 -1000 -10 0.955078125
Car -1 -1 -10 385.0 179.0 444.0 210.0 -1 -1 -1 -1000 -1000 -1000 -10 0.94970703125
Car -1 -1 -10 680.0 176.0 742.0 224.0 -1 -1 -1 -1000 -1000 -1000 -10 0.93408203125
Car -1 -1 -10 653.0 175.0 684.0 202.0 -1 -1 -1 -1000 -1000 -1000 -10 0.931640625
Car -1 -1 -10 669.0 176.0 718.0 216.0 -1 -1 -1 -1000 -1000 -1000 -10 0.82666015625
Car -1 -1 -10 1199.0 192.0 1224.0 369.0 -1 -1 -1 -1000 -1000 -1000 -10 0.0733642578125
Car -1 -1 -10 1182.0 189.0 1224.0 369.0 -1 -1 -1 -1000 -1000 -1000 -10 0.014923095703125
Car -1 -1 -10 1202.0 171.0 1224.0 318.0 -1 -1 -1 -1000 -1000 -1000 -10 0.0026073455810546875
Car -1 -1 -10 1206.0 215.0 1224.0 349.0 -1 -1 -1 -1000 -1000 -1000 -10 0.00258636474609375
Car -1 -1 -10 381.0 164.0 453.0 226.0 -1 -1 -1 -1000 -1000 -1000 -10 0.0009064674377441406
Car -1 -1 -10 1158.0 176.0 1224.0 336.0 -1 -1 -1 -1000 -1000 -1000 -10 0.0006184577941894531
Car -1 -1 -10 664.0 167.0 736.0 231.0 -1 -1 -1 -1000 -1000 -1000 -10 0.0005826950073242188
Car -1 -1 -10 0.0 187.0 20.0 250.0 -1 -1 -1 -1000 -1000 -1000 -10 0.0005822181701660156
Car -1 -1 -10 1.0 196.0 26.0 256.0 -1 -1 -1 -1000 -1000 -1000 -10 0.0005545616149902344
Car -1 -1 -10 609.0 138.0 772.0 270.0 -1 -1 -1 -1000 -1000 -1000 -10 0.0005431175231933594
Car -1 -1 -10 659.0 177.0 694.0 208.0 -1 -1 -1 -1000 -1000 -1000 -10 0.0005354881286621094
Car -1 -1 -10 1186.0 185.0 1223.0 301.0 -1 -1 -1 -1000 -1000 -1000 -10 0.0004398822784423828
Car -1 -1 -10 590.0 174.0 606.0 184.0 -1 -1 -1 -1000 -1000 -1000 -10 0.0003910064697265625
Car -1 -1 -10 1196.0 182.0 1224.0 284.0 -1 -1 -1 -1000 -1000 -1000 -10 0.00037479400634765625
Car -1 -1 -10 339.0 130.0 507.0 273.0 -1 -1 -1 -1000 -1000 -1000 -10 0.00035881996154785156
Car -1 -1 -10 1207.0 179.0 1224.0 286.0 -1 -1 -1 -1000 -1000 -1000 -10 0.0003561973571777344
Car -1 -1 -10 642.0 141.0 794.0 245.0 -1 -1 -1 -1000 -1000 -1000 -10 0.00032973289489746094
Car -1 -1 -10 1153.0 211.0 1221.0 370.0 -1 -1 -1 -1000 -1000 -1000 -10 0.0003185272216796875
Car -1 -1 -10 675.0 159.0 805.0 257.0 -1 -1 -1 -1000 -1000 -1000 -10 0.00031280517578125
Car -1 -1 -10 2.0 192.0 41.0 255.0 -1 -1 -1 -1000 -1000 -1000 -10 0.0002949237823486328
Car -1 -1 -10 724.0 175.0 774.0 233.0 -1 -1 -1 -1000 -1000 -1000 -10 0.0002751350402832031
Car -1 -1 -10 0.0 195.0 12.0 247.0 -1 -1 -1 -1000 -1000 -1000 -10 0.00012826919555664062
Pedestrian -1 -1 -10 112.0 0.0 142.0 11.0 -1 -1 -1 -1000 -1000 -1000 -10 0.00012493133544921875
Pedestrian -1 -1 -10 152.0 0.0 185.0 11.0 -1 -1 -1 -1000 -1000 -1000 -10 0.00010943412780761719
Pedestrian -1 -1 -10 122.0 0.0 149.0 10.0 -1 -1 -1 -1000 -1000 -1000 -10 0.0001010894775390625
