Car -1 -1 -10 185.0 197.0 373.0 295.0 -1 -1 -1 -1000 -1000 -1000 -10 0.96337890625
Car -1 -1 -10 567.0 175.0 624.0 230.0 -1 -1 -1 -1000 -1000 -1000 -10 0.95166015625
Car -1 -1 -10 639.0 175.0 660.0 194.0 -1 -1 -1 -1000 -1000 -1000 -10 0.91796875
Car -1 -1 -10 816.0 163.0 850.0 184.0 -1 -1 -1 -1000 -1000 -1000 -10 0.8564453125
Car -1 -1 -10 800.0 170.0 830.0 184.0 -1 -1 -1 -1000 -1000 -1000 -10 0.65478515625
Car -1 -1 -10 807.0 167.0 840.0 185.0 -1 -1 -1 -1000 -1000 -1000 -10 0.44580078125
Car -1 -1 -10 829.0 163.0 860.0 186.0 -1 -1 -1 -1000 -1000 -1000 -10 0.01025390625
Car -1 -1 -10 0.0 225.0 20.0 342.0 -1 -1 -1 -1000 -1000 -1000 -10 0.0031337738037109375
Car -1 -1 -10 811.0 159.0 847.0 189.0 -1 -1 -1 -1000 -1000 -1000 -10 0.0023937225341796875
Car -1 -1 -10 823.0 160.0 856.0 183.0 -1 -1 -1 -1000 -1000 -1000 -10 0.0015783309936523438
Car -1 -1 -10 0.0 220.0 16.0 310.0 -1 -1 -1 -1000 -1000 -1000 -10 0.0011234283447265625
Cyclist -1 -1 -10 1218.0 138.0 1242.0 348.0 -1 -1 -1 -1000 -1000 -1000 -10 0.00106048583984375
Car -1 -1 -10 0.0 233.0 31.0 372.0 -1 -1 -1 -1000 -1000 -1000 -10 0.0010404586791992188
Car -1 -1 -10 637.0 173.0 662.0 204.0 -1 -1 -1 -1000 -1000 -1000 -10 0.0006175041198730469
Cyclist -1 -1 -10 1225.0 140.0 1241.0 305.0 -1 -1 -1 -1000 -1000 -1000 -10 0.00037026405334472656
Car -1 -1 -10 1232.0 154.0 1242.0 227.0 -1 -1 -1 -1000 -1000 -1000 -10 0.000362396240234375
Car -1 -1 -10 523.0 142.0 675.0 249.0 -1 -1 -1 -1000 -1000 -1000 -10 0.00033283233642578125
Car -1 -1 -10 1226.0 146.0 1242.0 211.0 -1 -1 -1 -1000 -1000 -1000 -10 0.00023317337036132812
Car -1 -1 -10 789.0 166.0 824.0 184.0 -1 -1 -1 -1000 -1000 -1000 -10 0.0001842975616455078
Car -1 -1 -10 1231.0 160.0 1242.0 205.0 -1 -1 -1 -1000 -1000 -1000 -10 0.00018405914306640625
Car -1 -1 -10 0.0 226.0 13.0 282.0 -1 -1 -1 -1000 -1000 -1000 -10 0.00017464160919189453
Car -1 -1 -10 0.0 237.0 56.0 375.0 -1 -1 -1 -1000 -1000 -1000 -10 0.00017154216766357422
Cyclist -1 -1 -10 1199.0 135.0 1242.0 365.0 -1 -1 -1 -1000 -1000 -1000 -10 0.00015461444854736328
Car -1 -1 -10 1.0 258.0 43.0 373.0 -1 -1 -1 -1000 -1000 -1000 -10 0.00015056133270263672
Car -1 -1 -10 0.0 218.0 30.0 309.0 -1 -1 -1 -1000 -1000 -1000 -10 0.0001468658447265625
Car -1 -1 -10 0.0 197.0 24.0 299.0 -1 -1 -1 -1000 -1000 -1000 -10 0.00014662742614746094
Car -1 -1 -10 0.0 219.0 20.0 287.0 -1 -1 -1 -1000 -1000 -1000 -10 0.0001163482666015625
Cyclist -1 -1 -10 1210.0 176.0 1242.0 375.0 -1 -1 -1 -1000 -1000 -1000 -10 0.00010198354721069336
