Car -1 -1 -10 1.0 1.0 264.0 365.0 -1 -1 -1 -1000 -1000 -1000 -10 0.9677734375
Pedestrian -1 -1 -10 282.0 136.0 319.0 257.0 -1 -1 -1 -1000 -1000 -1000 -10 0.9140625
Pedestrian -1 -1 -10 835.0 144.0 901.0 336.0 -1 -1 -1 -1000 -1000 -1000 -10 0.8759765625
Pedestrian -1 -1 -10 497.0 150.0 517.0 209.0 -1 -1 -1 -1000 -1000 -1000 -10 0.8701171875
Pedestrian -1 -1 -10 619.0 143.0 635.0 195.0 -1 -1 -1 -1000 -1000 -1000 -10 0.86279296875
Pedestrian -1 -1 -10 651.0 141.0 671.0 201.0 -1 -1 -1 -1000 -1000 -1000 -10 0.86083984375
Pedestrian -1 -1 -10 754.0 143.0 793.0 260.0 -1 -1 -1 -1000 -1000 -1000 -10 0.841796875
Pedestrian -1 -1 -10 479.0 154.0 498.0 210.0 -1 -1 -1 -1000 -1000 -1000 -10 0.8359375
Pedestrian -1 -1 -10 404.0 139.0 426.0 209.0 -1 -1 -1 -1000 -1000 -1000 -10 0.8212890625
Pedestrian -1 -1 -10 422.0 141.0 447.0 210.0 -1 -1 -1 -1000 -1000 -1000 -10 0.81640625
Pedestrian -1 -1 -10 770.0 147.0 807.0 257.0 -1 -1 -1 -1000 -1000 -1000 -10 0.73681640625
Pedestrian -1 -1 -10 409.0 140.0 445.0 210.0 -1 -1 -1 -1000 -1000 -1000 -10 0.485107421875
Pedestrian -1 -1 -10 445.0 139.0 466.0 206.0 -1 -1 -1 -1000 -1000 -1000 -10 0.422119140625
Pedestrian -1 -1 -10 648.0 140.0 664.0 197.0 -1 -1 -1 -1000 -1000 -1000 -10 0.406982421875
Pedestrian -1 -1 -10 596.0 145.0 607.0 190.0 -1 -1 -1 -1000 -1000 -1000 -10 0.103271484375
Pedestrian -1 -1 -10 411.0 143.0 433.0 208.0 -1 -1 -1 -1000 -1000 -1000 -10 0.05316162109375
Pedestrian -1 -1 -10 591.0 144.0 604.0 190.0 -1 -1 -1 -1000 -1000 -1000 -10 0.049530029296875
Pedestrian -1 -1 -10 644.0 141.0 660.0 195.0 -1 -1 -1 -1000 -1000 -1000 -10 0.048583984375
Pedestrian -1 -1 -10 361.0 145.0 380.0 202.0 -1 -1 -1 -1000 -1000 -1000 -10 0.0438232421875
Pedestrian -1 -1 -10 399.0 139.0 419.0 206.0 -1 -1 -1 -1000 -1000 -1000 -10 0.036376953125
Pedestrian -1 -1 -10 585.0 142.0 598.0 189.0 -1 -1 -1 -1000 -1000 -1000 -10 0.0133056640625
Pedestrian -1 -1 -10 385.0 141.0 407.0 201.0 -1 -1 -1 -1000 -1000 -1000 -10 0.01219940185546875
Pedestrian -1 -1 -10 374.0 144.0 392.0 201.0 -1 -1 -1 -1000 -1000 -1000 -10 0.010009765625
Pedestrian -1 -1 -10 1210.0 160.0 1224.0 321.0 -1 -1 -1 -1000 -1000 -1000 -10 0.008392333984375
Pedestrian -1 -1 -10 483.0 147.0 505.0 207.0 -1 -1 -1 -1000 -1000 -1000 -10 0.008270263671875
Pedestrian -1 -1 -10 771.0 145.0 796.0 227.0 -1 -1 -1 -1000 -1000 -1000 -10 0.00489044189453125
Pedestrian -1 -1 -10 1214.0 194.0 1224.0 309.0 -1 -1 -1 -1000 -1000 -1000 -10 0.0037097930908203125
Pedestrian -1 -1 -10 746.0 144.0 782.0 257.0 -1 -1 -1 -1000 -1000 -1000 -10 0.0029296875
Pedestrian -1 -1 -10 581.0 144.0 593.0 187.0 -1 -1 -1 -1000 -1000 -1000 -10 0.0029087066650390625
Pedestrian -1 -1 -10 268.0 138.0 301.0 262.0 -1 -1 -1 -1000 -1000 -1000 -10 0.0028228759765625
Pedestrian -1 -1 -10 812.0 142.0 935.0 339.0 -1 -1 -1 -1000 -1000 -1000 -10 0.002635955810546875
Pedestrian -1 -1 -10 836.0 151.0 885.0 293.0 -1 -1 -1 -1000 -1000 -1000 -10 0.0021114349365234375
Pedestrian -1 -1 -10 1206.0 183.0 1224.0 352.0 -1 -1 -1 -1000 -1000 -1000 -10 0.0016679763793945312
Pedestrian -1 -1 -10 538.0 149.0 557.0 187.0 -1 -1 -1 -1000 -1000 -1000 -10 0.0014867782592773438
Pedestrian -1 -1 -10 772.0 162.0 805.0 227.0 -1 -1 -1 -1000 -1000 -1000 -10 0.0013885498046875
Pedestrian -1 -1 -10 624.0 138.0 639.0 191.0 -1 -1 -1 -1000 -1000 -1000 -10 0.0010595321655273438
Pedestrian -1 -1 -10 1197.0 166.0 1223.0 348.0 -1 -1 -1 -1000 -1000 -1000 -10 0.0008368492126464844
Pedestrian -1 -1 -10 785.0 145.0 818.0 254.0 -1 -1 -1 -1000 -1000 -1000 -10 0.0006151199340820312
Pedestrian -1 -1 -10 544.0 146.0 561.0 188.0 -1 -1 -1 -1000 -1000 -1000 -10 0.0006103515625
Pedestrian -1 -1 -10 764.0 149.0 827.0 267.0 -1 -1 -1 -1000 -1000 -1000 -10 0.0005927085876464844
Pedestrian -1 -1 -10 758.0 142.0 789.0 233.0 -1 -1 -1 -1000 -1000 -1000 -10 0.00055694580078125
Pedestrian -1 -1 -10 1206.0 122.0 1224.0 286.0 -1 -1 -1 -1000 -1000 -1000 -10 0.0005354881286621094
Pedestrian -1 -1 -10 688.0 130.0 836.0 271.0 -1 -1 -1 -1000 -1000 -1000 -10 0.0004987716674804688
Pedestrian -1 -1 -10 1213.0 167.0 1224.0 281.0 -1 -1 -1 -1000 -1000 -1000 -10 0.00043272972106933594
Pedestrian -1 -1 -10 577.0 145.0 588.0 187.0 -1 -1 -1 -1000 -1000 -1000 -10 0.0003371238708496094
Pedestrian -1 -1 -10 1177.0 181.0 1224.0 359.0 -1 -1 -1 -1000 -1000 -1000 -10 0.0003275871276855469
Pedestrian -1 -1 -10 847.0 152.0 902.0 290.0 -1 -1 -1 -1000 -1000 -1000 -10 0.0003025531768798828
Pedestrian -1 -1 -10 494.0 136.0 526.0 203.0 -1 -1 -1 -1000 -1000 -1000 -10 0.0002715587615966797
Pedestrian -1 -1 -10 1214.0 219.0 1223.0 280.0 -1 -1 -1 -1000 -1000 -1000 -10 0.0002701282501220703
Pedestrian -1 -1 -10 471.0 146.0 517.0 205.0 -1 -1 -1 -1000 -1000 -1000 -10 0.0002586841583251953
Pedestrian -1 -1 -10 779.0 140.0 807.0 238.0 -1 -1 -1 -1000 -1000 -1000 -10 0.0002256631851196289
Pedestrian -1 -1 -10 354.0 139.0 378.0 202.0 -1 -1 -1 -1000 -1000 -1000 -10 0.00021636486053466797
Pedestrian -1 -1 -10 589.0 144.0 613.0 193.0 -1 -1 -1 -1000 -1000 -1000 -10 0.00020253658294677734
Pedestrian -1 -1 -10 491.0 140.0 517.0 198.0 -1 -1 -1 -1000 -1000 -1000 -10 0.00018465518951416016
Pedestrian -1 -1 -10 1195.0 146.0 1222.0 295.0 -1 -1 -1 -1000 -1000 -1000 -10 0.00017571449279785156
Pedestrian -1 -1 -10 550.0 149.0 565.0 189.0 -1 -1 -1 -1000 -1000 -1000 -10 0.00016832351684570312
Pedestrian -1 -1 -10 475.0 149.0 493.0 211.0 -1 -1 -1 -1000 -1000 -1000 -10 0.00016641616821289062
Car -1 -1 -10 0.0 30.0 62.0 362.0 -1 -1 -1 -1000 -1000 -1000 -10 0.00016069412231445312
Pedestrian -1 -1 -10 580.0 139.0 601.0 191.0 -1 -1 -1 -1000 -1000 -1000 -10 0.0001577138900756836
Car -1 -1 -10 1.0 8.0 143.0 366.0 -1 -1 -1 -1000 -1000 -1000 -10 0.00015532970428466797
Pedestrian -1 -1 -10 1206.0 190.0 1224.0 295.0 -1 -1 -1 -1000 -1000 -1000 -10 0.00014710426330566406
Pedestrian -1 -1 -10 462.0 149.0 505.0 206.0 -1 -1 -1 -1000 -1000 -1000 -10 0.00013208389282226562
Pedestrian -1 -1 -10 392.0 140.0 434.0 204.0 -1 -1 -1 -1000 -1000 -1000 -10 0.00012552738189697266
Pedestrian -1 -1 -10 232.0 117.0 378.0 278.0 -1 -1 -1 -1000 -1000 -1000 -10 0.00012254714965820312
Car -1 -1 -10 0.0 135.0 23.0 349.0 -1 -1 -1 -1000 -1000 -1000 -10 0.00011670589447021484
Pedestrian -1 -1 -10 262.0 145.0 291.0 263.0 -1 -1 -1 -1000 -1000 -1000 -10 0.00010961294174194336
