Car -1 -1 -10 664.0 176.0 790.0 262.0 -1 -1 -1 -1000 -1000 -1000 -10 0.96533203125
Car -1 -1 -10 498.0 175.0 551.0 221.0 -1 -1 -1 -1000 -1000 -1000 -10 0.9482421875
Car -1 -1 -10 631.0 174.0 695.0 221.0 -1 -1 -1 -1000 -1000 -1000 -10 0.94091796875
Car -1 -1 -10 0.0 188.0 363.0 375.0 -1 -1 -1 -1000 -1000 -1000 -10 0.9345703125
Car -1 -1 -10 156.0 188.0 332.0 254.0 -1 -1 -1 -1000 -1000 -1000 -10 0.92626953125
Car -1 -1 -10 528.0 177.0 562.0 205.0 -1 -1 -1 -1000 -1000 -1000 -10 0.91650390625
Car -1 -1 -10 618.0 170.0 650.0 202.0 -1 -1 -1 -1000 -1000 -1000 -10 0.890625
Pedestrian -1 -1 -10 111.0 166.0 150.0 332.0 -1 -1 -1 -1000 -1000 -1000 -10 0.8564453125
Pedestrian -1 -1 -10 166.0 173.0 203.0 336.0 -1 -1 -1 -1000 -1000 -1000 -10 0.79296875
Car -1 -1 -10 621.0 169.0 658.0 210.0 -1 -1 -1 -1000 -1000 -1000 -10 0.121337890625
Pedestrian -1 -1 -10 0.0 164.0 22.0 357.0 -1 -1 -1 -1000 -1000 -1000 -10 0.1109619140625
Pedestrian -1 -1 -10 174.0 194.0 211.0 335.0 -1 -1 -1 -1000 -1000 -1000 -10 0.09136962890625
Pedestrian -1 -1 -10 207.0 194.0 245.0 332.0 -1 -1 -1 -1000 -1000 -1000 -10 0.07720947265625
Pedestrian -1 -1 -10 91.0 182.0 227.0 342.0 -1 -1 -1 -1000 -1000 -1000 -10 0.025238037109375
Pedestrian -1 -1 -10 195.0 195.0 231.0 332.0 -1 -1 -1 -1000 -1000 -1000 -10 0.022369384765625
Pedestrian -1 -1 -10 160.0 178.0 193.0 326.0 -1 -1 -1 -1000 -1000 -1000 -10 0.0204925537109375
Pedestrian -1 -1 -10 143.0 192.0 216.0 364.0 -1 -1 -1 -1000 -1000 -1000 -10 0.017852783203125
Pedestrian -1 -1 -10 124.0 186.0 257.0 357.0 -1 -1 -1 -1000 -1000 -1000 -10 0.0177001953125
Car -1 -1 -10 0.0 200.0 52.0 375.0 -1 -1 -1 -1000 -1000 -1000 -10 0.01479339599609375
Pedestrian -1 -1 -10 137.0 175.0 177.0 343.0 -1 -1 -1 -1000 -1000 -1000 -10 0.0135040283203125
Pedestrian -1 -1 -10 0.0 177.0 16.0 313.0 -1 -1 -1 -1000 -1000 -1000 -10 0.01291656494140625
Pedestrian -1 -1 -10 0.0 180.0 41.0 375.0 -1 -1 -1 -1000 -1000 -1000 -10 0.0108184814453125
Car -1 -1 -10 0.0 193.0 30.0 375.0 -1 -1 -1 -1000 -1000 -1000 -10 0.010009765625
Pedestrian -1 -1 -10 153.0 192.0 187.0 335.0 -1 -1 -1 -1000 -1000 -1000 -10 0.00568389892578125
Pedestrian -1 -1 -10 36.0 181.0 292.0 345.0 -1 -1 -1 -1000 -1000 -1000 -10 0.005340576171875
Car -1 -1 -10 3.0 207.0 90.0 375.0 -1 -1 -1 -1000 -1000 -1000 -10 0.0052032470703125
Car -1 -1 -10 126.0 179.0 350.0 287.0 -1 -1 -1 -1000 -1000 -1000 -10 0.004337310791015625
Car -1 -1 -10 541.0 176.0 569.0 197.0 -1 -1 -1 -1000 -1000 -1000 -10 0.003387451171875
Pedestrian -1 -1 -10 174.0 188.0 260.0 324.0 -1 -1 -1 -1000 -1000 -1000 -10 0.002712249755859375
Pedestrian -1 -1 -10 148.0 190.0 308.0 354.0 -1 -1 -1 -1000 -1000 -1000 -10 0.0026493072509765625
Pedestrian -1 -1 -10 2.0 186.0 35.0 327.0 -1 -1 -1 -1000 -1000 -1000 -10 0.0021514892578125
Pedestrian -1 -1 -10 87.0 195.0 158.0 353.0 -1 -1 -1 -1000 -1000 -1000 -10 0.0020885467529296875
Pedestrian -1 -1 -10 219.0 192.0 255.0 323.0 -1 -1 -1 -1000 -1000 -1000 -10 0.0019664764404296875
Pedestrian -1 -1 -10 185.0 179.0 296.0 337.0 -1 -1 -1 -1000 -1000 -1000 -10 0.0015993118286132812
Pedestrian -1 -1 -10 131.0 182.0 161.0 329.0 -1 -1 -1 -1000 -1000 -1000 -10 0.0014324188232421875
Car -1 -1 -10 497.0 165.0 560.0 231.0 -1 -1 -1 -1000 -1000 -1000 -10 0.001087188720703125
Pedestrian -1 -1 -10 95.0 193.0 127.0 335.0 -1 -1 -1 -1000 -1000 -1000 -10 0.0010595321655273438
Car -1 -1 -10 614.0 175.0 643.0 202.0 -1 -1 -1 -1000 -1000 -1000 -10 0.0009455680847167969
Pedestrian -1 -1 -10 161.0 170.0 222.0 321.0 -1 -1 -1 -1000 -1000 -1000 -10 0.0008802413940429688
Pedestrian -1 -1 -10 1.0 165.0 19.0 290.0 -1 -1 -1 -1000 -1000 -1000 -10 0.0007848739624023438
Pedestrian -1 -1 -10 47.0 190.0 164.0 364.0 -1 -1 -1 -1000 -1000 -1000 -10 0.0007491111755371094
Pedestrian -1 -1 -10 124.0 197.0 194.0 356.0 -1 -1 -1 -1000 -1000 -1000 -10 0.0005922317504882812
Pedestrian -1 -1 -10 148.0 177.0 175.0 322.0 -1 -1 -1 -1000 -1000 -1000 -10 0.0005359649658203125
Car -1 -1 -10 614.0 172.0 637.0 197.0 -1 -1 -1 -1000 -1000 -1000 -10 0.0004963874816894531
Pedestrian -1 -1 -10 0.0 138.0 30.0 318.0 -1 -1 -1 -1000 -1000 -1000 -10 0.0004067420959472656
Car -1 -1 -10 441.0 130.0 594.0 245.0 -1 -1 -1 -1000 -1000 -1000 -10 0.00036406517028808594
Car -1 -1 -10 620.0 143.0 771.0 282.0 -1 -1 -1 -1000 -1000 -1000 -10 0.00033736228942871094
Car -1 -1 -10 17.0 172.0 78.0 365.0 -1 -1 -1 -1000 -1000 -1000 -10 0.0003311634063720703
Car -1 -1 -10 0.0 219.0 131.0 375.0 -1 -1 -1 -1000 -1000 -1000 -10 0.00029730796813964844
Car -1 -1 -10 0.0 125.0 19.0 293.0 -1 -1 -1 -1000 -1000 -1000 -10 0.0002918243408203125
Car -1 -1 -10 626.0 176.0 673.0 214.0 -1 -1 -1 -1000 -1000 -1000 -10 0.0002655982971191406
Car -1 -1 -10 565.0 133.0 734.0 273.0 -1 -1 -1 -1000 -1000 -1000 -10 0.0002613067626953125
Pedestrian -1 -1 -10 13.0 189.0 118.0 375.0 -1 -1 -1 -1000 -1000 -1000 -10 0.0002435445785522461
Pedestrian -1 -1 -10 24.0 176.0 211.0 365.0 -1 -1 -1 -1000 -1000 -1000 -10 0.00023055076599121094
Pedestrian -1 -1 -10 1.0 203.0 26.0 341.0 -1 -1 -1 -1000 -1000 -1000 -10 0.00022614002227783203
Car -1 -1 -10 470.0 134.0 614.0 271.0 -1 -1 -1 -1000 -1000 -1000 -10 0.00021958351135253906
Car -1 -1 -10 0.0 268.0 63.0 375.0 -1 -1 -1 -1000 -1000 -1000 -10 0.00021159648895263672
Pedestrian -1 -1 -10 0.0 124.0 41.0 341.0 -1 -1 -1 -1000 -1000 -1000 -10 0.00019991397857666016
Car -1 -1 -10 0.0 161.0 13.0 279.0 -1 -1 -1 -1000 -1000 -1000 -10 0.00019562244415283203
Pedestrian -1 -1 -10 98.0 182.0 140.0 355.0 -1 -1 -1 -1000 -1000 -1000 -10 0.00019097328186035156
Car -1 -1 -10 0.0 263.0 29.0 375.0 -1 -1 -1 -1000 -1000 -1000 -10 0.00018978118896484375
Car -1 -1 -10 496.0 318.0 579.0 362.0 -1 -1 -1 -1000 -1000 -1000 -10 0.0001825094223022461
Car -1 -1 -10 600.0 130.0 748.0 247.0 -1 -1 -1 -1000 -1000 -1000 -10 0.00018095970153808594
Car -1 -1 -10 10.0 206.0 181.0 375.0 -1 -1 -1 -1000 -1000 -1000 -10 0.00017702579498291016
Pedestrian -1 -1 -10 0.0 210.0 16.0 276.0 -1 -1 -1 -1000 -1000 -1000 -10 0.00015842914581298828
Car -1 -1 -10 516.0 174.0 552.0 206.0 -1 -1 -1 -1000 -1000 -1000 -10 0.0001544952392578125
Car -1 -1 -10 0.0 64.0 27.0 305.0 -1 -1 -1 -1000 -1000 -1000 -10 0.00013840198516845703
Pedestrian -1 -1 -10 86.0 195.0 118.0 335.0 -1 -1 -1 -1000 -1000 -1000 -10 0.00012922286987304688
Car -1 -1 -10 705.0 16.0 766.0 47.0 -1 -1 -1 -1000 -1000 -1000 -10 0.00012177228927612305
Pedestrian -1 -1 -10 168.0 167.0 201.0 287.0 -1 -1 -1 -1000 -1000 -1000 -10 0.0001195669174194336
Car -1 -1 -10 232.0 192.0 264.0 245.0 -1 -1 -1 -1000 -1000 -1000 -10 0.00011944770812988281
Car -1 -1 -10 0.0 36.0 47.0 321.0 -1 -1 -1 -1000 -1000 -1000 -10 0.00010925531387329102
Pedestrian -1 -1 -10 62.0 197.0 95.0 336.0 -1 -1 -1 -1000 -1000 -1000 -10 0.00010865926742553711
