Car -1 -1 -10 504.0 162.0 666.0 242.0 -1 -1 -1 -1000 -1000 -1000 -10 0.9609375
Car -1 -1 -10 945.0 178.0 993.0 204.0 -1 -1 -1 -1000 -1000 -1000 -10 0.9453125
Pedestrian -1 -1 -10 83.0 155.0 133.0 255.0 -1 -1 -1 -1000 -1000 -1000 -10 0.849609375
Pedestrian -1 -1 -10 48.0 152.0 97.0 260.0 -1 -1 -1 -1000 -1000 -1000 -10 0.8408203125
Pedestrian -1 -1 -10 59.0 154.0 114.0 258.0 -1 -1 -1 -1000 -1000 -1000 -10 0.482421875
Car -1 -1 -10 1204.0 180.0 1224.0 242.0 -1 -1 -1 -1000 -1000 -1000 -10 0.296630859375
Car -1 -1 -10 1212.0 188.0 1223.0 287.0 -1 -1 -1 -1000 -1000 -1000 -10 0.2376708984375
Car -1 -1 -10 1207.0 174.0 1223.0 283.0 -1 -1 -1 -1000 -1000 -1000 -10 0.13623046875
Pedestrian -1 -1 -10 0.0 144.0 13.0 257.0 -1 -1 -1 -1000 -1000 -1000 -10 0.004520416259765625
Car -1 -1 -10 1211.0 163.0 1224.0 230.0 -1 -1 -1 -1000 -1000 -1000 -10 0.0038700103759765625
Car -1 -1 -10 1210.0 203.0 1223.0 309.0 -1 -1 -1 -1000 -1000 -1000 -10 0.003204345703125
Car -1 -1 -10 1213.0 212.0 1224.0 276.0 -1 -1 -1 -1000 -1000 -1000 -10 0.0029735565185546875
Pedestrian -1 -1 -10 72.0 149.0 120.0 248.0 -1 -1 -1 -1000 -1000 -1000 -10 0.002735137939453125
Pedestrian -1 -1 -10 34.0 153.0 83.0 260.0 -1 -1 -1 -1000 -1000 -1000 -10 0.002544403076171875
Car -1 -1 -10 1079.0 179.0 1110.0 196.0 -1 -1 -1 -1000 -1000 -1000 -10 0.0024433135986328125
Car -1 -1 -10 1202.0 161.0 1223.0 230.0 -1 -1 -1 -1000 -1000 -1000 -10 0.0023632049560546875
Car -1 -1 -10 1195.0 174.0 1220.0 246.0 -1 -1 -1 -1000 -1000 -1000 -10 0.002109527587890625
Car -1 -1 -10 1209.0 197.0 1223.0 261.0 -1 -1 -1 -1000 -1000 -1000 -10 0.0018301010131835938
Pedestrian -1 -1 -10 0.0 149.0 16.0 314.0 -1 -1 -1 -1000 -1000 -1000 -10 0.0015001296997070312
Pedestrian -1 -1 -10 0.0 146.0 20.0 272.0 -1 -1 -1 -1000 -1000 -1000 -10 0.0011339187622070312
Pedestrian -1 -1 -10 0.0 177.0 20.0 370.0 -1 -1 -1 -1000 -1000 -1000 -10 0.0010471343994140625
Pedestrian -1 -1 -10 30.0 148.0 162.0 262.0 -1 -1 -1 -1000 -1000 -1000 -10 0.0009794235229492188
Pedestrian -1 -1 -10 97.0 161.0 138.0 254.0 -1 -1 -1 -1000 -1000 -1000 -10 0.0004892349243164062
Car -1 -1 -10 1200.0 184.0 1223.0 313.0 -1 -1 -1 -1000 -1000 -1000 -10 0.00044465065002441406
Car -1 -1 -10 1193.0 174.0 1220.0 287.0 -1 -1 -1 -1000 -1000 -1000 -10 0.0004336833953857422
Car -1 -1 -10 1214.0 161.0 1224.0 210.0 -1 -1 -1 -1000 -1000 -1000 -10 0.00033020973205566406
Pedestrian -1 -1 -10 5.0 144.0 129.0 272.0 -1 -1 -1 -1000 -1000 -1000 -10 0.00032830238342285156
Pedestrian -1 -1 -10 0.0 176.0 32.0 370.0 -1 -1 -1 -1000 -1000 -1000 -10 0.000301361083984375
Pedestrian -1 -1 -10 0.0 170.0 11.0 283.0 -1 -1 -1 -1000 -1000 -1000 -10 0.00029730796813964844
Cyclist -1 -1 -10 1214.0 145.0 1224.0 207.0 -1 -1 -1 -1000 -1000 -1000 -10 0.0002956390380859375
Car -1 -1 -10 1211.0 224.0 1222.0 287.0 -1 -1 -1 -1000 -1000 -1000 -10 0.0002951622009277344
Cyclist -1 -1 -10 1202.0 152.0 1224.0 219.0 -1 -1 -1 -1000 -1000 -1000 -10 0.00026869773864746094
Pedestrian -1 -1 -10 0.0 146.0 33.0 254.0 -1 -1 -1 -1000 -1000 -1000 -10 0.0002570152282714844
Pedestrian -1 -1 -10 0.0 168.0 12.0 231.0 -1 -1 -1 -1000 -1000 -1000 -10 0.00019860267639160156
Car -1 -1 -10 1211.0 236.0 1224.0 344.0 -1 -1 -1 -1000 -1000 -1000 -10 0.0001608133316040039
Car -1 -1 -10 0.0 206.0 21.0 370.0 -1 -1 -1 -1000 -1000 -1000 -10 0.00014495849609375
Car -1 -1 -10 1183.0 163.0 1224.0 231.0 -1 -1 -1 -1000 -1000 -1000 -10 0.00012290477752685547
Pedestrian -1 -1 -10 0.0 157.0 47.0 270.0 -1 -1 -1 -1000 -1000 -1000 -10 0.00012242794036865234
Car -1 -1 -10 1207.0 214.0 1224.0 364.0 -1 -1 -1 -1000 -1000 -1000 -10 0.00011265277862548828
Pedestrian -1 -1 -10 0.0 187.0 12.0 249.0 -1 -1 -1 -1000 -1000 -1000 -10 0.0001112222671508789
