Car -1 -1 -10 225.0 194.0 410.0 256.0 -1 -1 -1 -1000 -1000 -1000 -10 0.95654296875
Car -1 -1 -10 486.0 184.0 532.0 203.0 -1 -1 -1 -1000 -1000 -1000 -10 0.8759765625
Car -1 -1 -10 0.0 218.0 22.0 298.0 -1 -1 -1 -1000 -1000 -1000 -10 0.0015239715576171875
Car -1 -1 -10 206.0 173.0 430.0 290.0 -1 -1 -1 -1000 -1000 -1000 -10 0.0009069442749023438
Car -1 -1 -10 484.0 177.0 535.0 209.0 -1 -1 -1 -1000 -1000 -1000 -10 0.0007519721984863281
Car -1 -1 -10 1.0 225.0 17.0 328.0 -1 -1 -1 -1000 -1000 -1000 -10 0.0007276535034179688
Car -1 -1 -10 1.0 218.0 25.0 271.0 -1 -1 -1 -1000 -1000 -1000 -10 0.0007152557373046875
Car -1 -1 -10 0.0 243.0 10.0 328.0 -1 -1 -1 -1000 -1000 -1000 -10 0.0003612041473388672
Car -1 -1 -10 501.0 182.0 545.0 202.0 -1 -1 -1 -1000 -1000 -1000 -10 0.00033092498779296875
Car -1 -1 -10 0.0 212.0 15.0 264.0 -1 -1 -1 -1000 -1000 -1000 -10 0.000293731689453125
Car -1 -1 -10 0.0 213.0 31.0 306.0 -1 -1 -1 -1000 -1000 -1000 -10 0.00024962425231933594
Car -1 -1 -10 0.0 199.0 19.0 269.0 -1 -1 -1 -1000 -1000 -1000 -10 0.00021958351135253906
Car -1 -1 -10 0.0 226.0 16.0 281.0 -1 -1 -1 -1000 -1000 -1000 -10 0.00016999244689941406
Pedestrian -1 -1 -10 0.0 195.0 13.0 266.0 -1 -1 -1 -1000 -1000 -1000 -10 0.00013339519500732422
Car -1 -1 -10 0.0 256.0 9.0 313.0 -1 -1 -1 -1000 -1000 -1000 -10 0.00011998414993286133
