Car -1 -1 -10 310.0 182.0 546.0 299.0 -1 -1 -1 -1000 -1000 -1000 -10 0.970703125
Car -1 -1 -10 0.0 151.0 191.0 276.0 -1 -1 -1 -1000 -1000 -1000 -10 0.95947265625
Car -1 -1 -10 394.0 125.0 537.0 213.0 -1 -1 -1 -1000 -1000 -1000 -10 0.9580078125
Car -1 -1 -10 597.0 176.0 659.0 208.0 -1 -1 -1 -1000 -1000 -1000 -10 0.94482421875
Car -1 -1 -10 731.0 164.0 754.0 186.0 -1 -1 -1 -1000 -1000 -1000 -10 0.9306640625
Car -1 -1 -10 693.0 172.0 715.0 190.0 -1 -1 -1 -1000 -1000 -1000 -10 0.919921875
Car -1 -1 -10 578.0 159.0 633.0 186.0 -1 -1 -1 -1000 -1000 -1000 -10 0.88232421875
Car -1 -1 -10 679.0 174.0 693.0 187.0 -1 -1 -1 -1000 -1000 -1000 -10 0.01100921630859375
Car -1 -1 -10 348.0 185.0 418.0 220.0 -1 -1 -1 -1000 -1000 -1000 -10 0.0014066696166992188
Car -1 -1 -10 368.0 186.0 485.0 289.0 -1 -1 -1 -1000 -1000 -1000 -10 0.0009889602661132812
Car -1 -1 -10 592.0 161.0 666.0 224.0 -1 -1 -1 -1000 -1000 -1000 -10 0.0008358955383300781
Car -1 -1 -10 609.0 175.0 657.0 201.0 -1 -1 -1 -1000 -1000 -1000 -10 0.00034999847412109375
Car -1 -1 -10 549.0 129.0 723.0 274.0 -1 -1 -1 -1000 -1000 -1000 -10 0.00032901763916015625
Car -1 -1 -10 691.0 169.0 715.0 198.0 -1 -1 -1 -1000 -1000 -1000 -10 0.00027108192443847656
Car -1 -1 -10 686.0 167.0 712.0 185.0 -1 -1 -1 -1000 -1000 -1000 -10 0.00021982192993164062
Car -1 -1 -10 2.0 161.0 74.0 255.0 -1 -1 -1 -1000 -1000 -1000 -10 0.00021529197692871094
Car -1 -1 -10 466.0 144.0 543.0 206.0 -1 -1 -1 -1000 -1000 -1000 -10 0.0002014636993408203
Car -1 -1 -10 675.0 173.0 699.0 189.0 -1 -1 -1 -1000 -1000 -1000 -10 0.00018870830535888672
Car -1 -1 -10 1.0 152.0 113.0 257.0 -1 -1 -1 -1000 -1000 -1000 -10 0.00017845630645751953
Pedestrian -1 -1 -10 354.0 0.0 376.0 4.0 -1 -1 -1 -1000 -1000 -1000 -10 0.00013339519500732422
Car -1 -1 -10 316.0 82.0 329.0 95.0 -1 -1 -1 -1000 -1000 -1000 -10 0.0001289844512939453
Car -1 -1 -10 508.0 174.0 548.0 196.0 -1 -1 -1 -1000 -1000 -1000 -10 0.00012564659118652344
Car -1 -1 -10 0.0 155.0 20.0 244.0 -1 -1 -1 -1000 -1000 -1000 -10 0.00011789798736572266
Pedestrian -1 -1 -10 769.0 0.0 803.0 0.0 -1 -1 -1 -1000 -1000 -1000 -10 0.0001068115234375
Pedestrian -1 -1 -10 795.0 0.0 822.0 6.0 -1 -1 -1 -1000 -1000 -1000 -10 0.00010597705841064453
Pedestrian -1 -1 -10 789.0 0.0 817.0 2.0 -1 -1 -1 -1000 -1000 -1000 -10 0.00010585784912109375
