Car -1 -1 -10 750.0 188.0 935.0 305.0 -1 -1 -1 -1000 -1000 -1000 -10 0.9755859375
Car -1 -1 -10 747.0 176.0 800.0 211.0 -1 -1 -1 -1000 -1000 -1000 -10 0.96337890625
Car -1 -1 -10 656.0 177.0 695.0 208.0 -1 -1 -1 -1000 -1000 -1000 -10 0.9599609375
Car -1 -1 -10 842.0 179.0 970.0 241.0 -1 -1 -1 -1000 -1000 -1000 -10 0.95849609375
Car -1 -1 -10 803.0 165.0 973.0 270.0 -1 -1 -1 -1000 -1000 -1000 -10 0.0036716461181640625
Car -1 -1 -10 741.0 164.0 805.0 229.0 -1 -1 -1 -1000 -1000 -1000 -10 0.0020008087158203125
Car -1 -1 -10 1219.0 196.0 1242.0 366.0 -1 -1 -1 -1000 -1000 -1000 -10 0.0010967254638671875
Car -1 -1 -10 289.0 70.0 307.0 86.0 -1 -1 -1 -1000 -1000 -1000 -10 0.00106048583984375
Car -1 -1 -10 536.0 2.0 611.0 57.0 -1 -1 -1 -1000 -1000 -1000 -10 0.0010557174682617188
Car -1 -1 -10 725.0 146.0 877.0 286.0 -1 -1 -1 -1000 -1000 -1000 -10 0.0009388923645019531
Car -1 -1 -10 882.0 182.0 929.0 234.0 -1 -1 -1 -1000 -1000 -1000 -10 0.0006718635559082031
Car -1 -1 -10 744.0 172.0 834.0 245.0 -1 -1 -1 -1000 -1000 -1000 -10 0.0005879402160644531
Car -1 -1 -10 685.0 134.0 852.0 276.0 -1 -1 -1 -1000 -1000 -1000 -10 0.00048828125
Car -1 -1 -10 612.0 3.0 684.0 55.0 -1 -1 -1 -1000 -1000 -1000 -10 0.0004780292510986328
Car -1 -1 -10 649.0 165.0 708.0 226.0 -1 -1 -1 -1000 -1000 -1000 -10 0.00040221214294433594
Car -1 -1 -10 1203.0 213.0 1242.0 375.0 -1 -1 -1 -1000 -1000 -1000 -10 0.0003707408905029297
Car -1 -1 -10 598.0 134.0 765.0 275.0 -1 -1 -1 -1000 -1000 -1000 -10 0.00023829936981201172
Car -1 -1 -10 315.0 101.0 345.0 129.0 -1 -1 -1 -1000 -1000 -1000 -10 0.00012314319610595703
Car -1 -1 -10 1175.0 209.0 1242.0 371.0 -1 -1 -1 -1000 -1000 -1000 -10 0.00011754035949707031
Car -1 -1 -10 1228.0 196.0 1242.0 314.0 -1 -1 -1 -1000 -1000 -1000 -10 0.00010854005813598633
