Car -1 -1 -10 123.0 182.0 237.0 224.0 -1 -1 -1 -1000 -1000 -1000 -10 0.94873046875
Car -1 -1 -10 462.0 172.0 530.0 196.0 -1 -1 -1 -1000 -1000 -1000 -10 0.9296875
Car -1 -1 -10 274.0 180.0 352.0 206.0 -1 -1 -1 -1000 -1000 -1000 -10 0.92822265625
Car -1 -1 -10 327.0 174.0 404.0 206.0 -1 -1 -1 -1000 -1000 -1000 -10 0.92724609375
Car -1 -1 -10 921.0 168.0 982.0 189.0 -1 -1 -1 -1000 -1000 -1000 -10 0.88427734375
Car -1 -1 -10 875.0 167.0 926.0 185.0 -1 -1 -1 -1000 -1000 -1000 -10 0.00504302978515625
Car -1 -1 -10 0.0 177.0 13.0 248.0 -1 -1 -1 -1000 -1000 -1000 -10 0.0019483566284179688
Car -1 -1 -10 117.0 170.0 242.0 234.0 -1 -1 -1 -1000 -1000 -1000 -10 0.001132965087890625
Car -1 -1 -10 156.0 186.0 204.0 214.0 -1 -1 -1 -1000 -1000 -1000 -10 0.0008192062377929688
Car -1 -1 -10 0.0 162.0 16.0 254.0 -1 -1 -1 -1000 -1000 -1000 -10 0.000732421875
Car -1 -1 -10 897.0 167.0 955.0 186.0 -1 -1 -1 -1000 -1000 -1000 -10 0.0005216598510742188
Car -1 -1 -10 93.0 137.0 267.0 249.0 -1 -1 -1 -1000 -1000 -1000 -10 0.0005044937133789062
Car -1 -1 -10 919.0 163.0 983.0 196.0 -1 -1 -1 -1000 -1000 -1000 -10 0.0004487037658691406
Car -1 -1 -10 504.0 46.0 521.0 60.0 -1 -1 -1 -1000 -1000 -1000 -10 0.00040030479431152344
Car -1 -1 -10 0.0 195.0 17.0 264.0 -1 -1 -1 -1000 -1000 -1000 -10 0.00038170814514160156
Car -1 -1 -10 0.0 182.0 23.0 246.0 -1 -1 -1 -1000 -1000 -1000 -10 0.0003750324249267578
Car -1 -1 -10 818.0 164.0 862.0 184.0 -1 -1 -1 -1000 -1000 -1000 -10 0.00037217140197753906
Car -1 -1 -10 289.0 181.0 340.0 202.0 -1 -1 -1 -1000 -1000 -1000 -10 0.0003592967987060547
Car -1 -1 -10 318.0 162.0 408.0 222.0 -1 -1 -1 -1000 -1000 -1000 -10 0.0003581047058105469
Car -1 -1 -10 921.0 166.0 968.0 185.0 -1 -1 -1 -1000 -1000 -1000 -10 0.0003490447998046875
Car -1 -1 -10 0.0 187.0 16.0 238.0 -1 -1 -1 -1000 -1000 -1000 -10 0.00033402442932128906
Car -1 -1 -10 341.0 175.0 393.0 203.0 -1 -1 -1 -1000 -1000 -1000 -10 0.00027823448181152344
Car -1 -1 -10 0.0 143.0 23.0 270.0 -1 -1 -1 -1000 -1000 -1000 -10 0.00023674964904785156
Car -1 -1 -10 889.0 167.0 937.0 185.0 -1 -1 -1 -1000 -1000 -1000 -10 0.00020873546600341797
Car -1 -1 -10 876.0 166.0 908.0 184.0 -1 -1 -1 -1000 -1000 -1000 -10 0.00019478797912597656
Car -1 -1 -10 289.0 132.0 467.0 272.0 -1 -1 -1 -1000 -1000 -1000 -10 0.00017786026000976562
Car -1 -1 -10 975.0 162.0 1025.0 182.0 -1 -1 -1 -1000 -1000 -1000 -10 0.00015938282012939453
Car -1 -1 -10 1.0 205.0 12.0 252.0 -1 -1 -1 -1000 -1000 -1000 -10 0.0001474618911743164
Car -1 -1 -10 0.0 206.0 13.0 274.0 -1 -1 -1 -1000 -1000 -1000 -10 0.00014269351959228516
Car -1 -1 -10 267.0 117.0 441.0 236.0 -1 -1 -1 -1000 -1000 -1000 -10 0.0001310110092163086
Car -1 -1 -10 915.0 162.0 977.0 181.0 -1 -1 -1 -1000 -1000 -1000 -10 0.00012350082397460938
Car -1 -1 -10 805.0 165.0 849.0 187.0 -1 -1 -1 -1000 -1000 -1000 -10 0.00010198354721069336
