Car -1 -1 -10 978.0 162.0 1053.0 202.0 -1 -1 -1 -1000 -1000 -1000 -10 0.9580078125
Car -1 -1 -10 585.0 177.0 644.0 234.0 -1 -1 -1 -1000 -1000 -1000 -10 0.95751953125
Car -1 -1 -10 671.0 180.0 714.0 214.0 -1 -1 -1 -1000 -1000 -1000 -10 0.939453125
Car -1 -1 -10 928.0 172.0 995.0 199.0 -1 -1 -1 -1000 -1000 -1000 -10 0.93310546875
Car -1 -1 -10 972.0 147.0 1056.0 209.0 -1 -1 -1 -1000 -1000 -1000 -10 0.00110626220703125
Car -1 -1 -10 664.0 166.0 719.0 230.0 -1 -1 -1 -1000 -1000 -1000 -10 0.0007481575012207031
Car -1 -1 -10 0.0 197.0 21.0 368.0 -1 -1 -1 -1000 -1000 -1000 -10 0.000614166259765625
Car -1 -1 -10 926.0 108.0 1099.0 238.0 -1 -1 -1 -1000 -1000 -1000 -10 0.0004837512969970703
Pedestrian -1 -1 -10 1229.0 158.0 1241.0 217.0 -1 -1 -1 -1000 -1000 -1000 -10 0.00042819976806640625
Car -1 -1 -10 1228.0 162.0 1240.0 221.0 -1 -1 -1 -1000 -1000 -1000 -10 0.00040721893310546875
Car -1 -1 -10 600.0 133.0 767.0 276.0 -1 -1 -1 -1000 -1000 -1000 -10 0.00036334991455078125
Car -1 -1 -10 557.0 141.0 705.0 271.0 -1 -1 -1 -1000 -1000 -1000 -10 0.0003292560577392578
Car -1 -1 -10 1231.0 171.0 1241.0 228.0 -1 -1 -1 -1000 -1000 -1000 -10 0.00029850006103515625
Car -1 -1 -10 537.0 148.0 675.0 251.0 -1 -1 -1 -1000 -1000 -1000 -10 0.0002453327178955078
Car -1 -1 -10 1233.0 178.0 1242.0 241.0 -1 -1 -1 -1000 -1000 -1000 -10 0.00014603137969970703
Car -1 -1 -10 0.0 184.0 30.0 375.0 -1 -1 -1 -1000 -1000 -1000 -10 0.00013566017150878906
Pedestrian -1 -1 -10 1225.0 159.0 1238.0 216.0 -1 -1 -1 -1000 -1000 -1000 -10 0.00013196468353271484
Car -1 -1 -10 1234.0 188.0 1242.0 229.0 -1 -1 -1 -1000 -1000 -1000 -10 0.0001252889633178711
Car -1 -1 -10 1.0 245.0 24.0 375.0 -1 -1 -1 -1000 -1000 -1000 -10 0.00012409687042236328
