Car -1 -1 -10 398.0 185.0 474.0 250.0 -1 -1 -1 -1000 -1000 -1000 -10 0.95263671875
Car -1 -1 -10 537.0 178.0 562.0 198.0 -1 -1 -1 -1000 -1000 -1000 -10 0.82958984375
Car -1 -1 -10 1210.0 227.0 1242.0 369.0 -1 -1 -1 -1000 -1000 -1000 -10 0.0013532638549804688
Car -1 -1 -10 0.0 165.0 49.0 372.0 -1 -1 -1 -1000 -1000 -1000 -10 0.001094818115234375
Car -1 -1 -10 0.0 193.0 33.0 367.0 -1 -1 -1 -1000 -1000 -1000 -10 0.0010633468627929688
Car -1 -1 -10 1181.0 210.0 1242.0 373.0 -1 -1 -1 -1000 -1000 -1000 -10 0.0010614395141601562
Car -1 -1 -10 370.0 174.0 498.0 273.0 -1 -1 -1 -1000 -1000 -1000 -10 0.0006365776062011719
Car -1 -1 -10 0.0 198.0 73.0 371.0 -1 -1 -1 -1000 -1000 -1000 -10 0.0005850791931152344
Car -1 -1 -10 535.0 176.0 563.0 206.0 -1 -1 -1 -1000 -1000 -1000 -10 0.00043582916259765625
Car -1 -1 -10 0.0 44.0 51.0 352.0 -1 -1 -1 -1000 -1000 -1000 -10 0.00041961669921875
Car -1 -1 -10 1.0 54.0 31.0 348.0 -1 -1 -1 -1000 -1000 -1000 -10 0.0003883838653564453
Car -1 -1 -10 1148.0 225.0 1242.0 369.0 -1 -1 -1 -1000 -1000 -1000 -10 0.00025916099548339844
Car -1 -1 -10 0.0 116.0 25.0 333.0 -1 -1 -1 -1000 -1000 -1000 -10 0.0002505779266357422
Car -1 -1 -10 544.0 180.0 565.0 199.0 -1 -1 -1 -1000 -1000 -1000 -10 0.00010532140731811523
Car -1 -1 -10 1226.0 233.0 1242.0 359.0 -1 -1 -1 -1000 -1000 -1000 -10 0.00010353326797485352
