Car -1 -1 -10 337.0 116.0 521.0 223.0 -1 -1 -1 -1000 -1000 -1000 -10 0.9619140625
Car -1 -1 -10 726.0 164.0 747.0 184.0 -1 -1 -1 -1000 -1000 -1000 -10 0.92626953125
Car -1 -1 -10 693.0 172.0 714.0 189.0 -1 -1 -1 -1000 -1000 -1000 -10 0.91845703125
Car -1 -1 -10 623.0 175.0 673.0 204.0 -1 -1 -1 -1000 -1000 -1000 -10 0.90869140625
Car -1 -1 -10 580.0 158.0 638.0 184.0 -1 -1 -1 -1000 -1000 -1000 -10 0.89111328125
Car -1 -1 -10 545.0 177.0 658.0 241.0 -1 -1 -1 -1000 -1000 -1000 -10 0.8759765625
Car -1 -1 -10 0.0 168.0 11.0 262.0 -1 -1 -1 -1000 -1000 -1000 -10 0.0516357421875
Car -1 -1 -10 521.0 180.0 546.0 200.0 -1 -1 -1 -1000 -1000 -1000 -10 0.023651123046875
Car -1 -1 -10 0.0 200.0 10.0 258.0 -1 -1 -1 -1000 -1000 -1000 -10 0.01000213623046875
Car -1 -1 -10 541.0 183.0 573.0 203.0 -1 -1 -1 -1000 -1000 -1000 -10 0.00974273681640625
Car -1 -1 -10 1.0 190.0 13.0 272.0 -1 -1 -1 -1000 -1000 -1000 -10 0.004306793212890625
Car -1 -1 -10 675.0 173.0 691.0 186.0 -1 -1 -1 -1000 -1000 -1000 -10 0.00423431396484375
Car -1 -1 -10 0.0 148.0 21.0 275.0 -1 -1 -1 -1000 -1000 -1000 -10 0.00376129150390625
Car -1 -1 -10 671.0 174.0 687.0 187.0 -1 -1 -1 -1000 -1000 -1000 -10 0.0023288726806640625
Car -1 -1 -10 533.0 159.0 670.0 260.0 -1 -1 -1 -1000 -1000 -1000 -10 0.0018587112426757812
Car -1 -1 -10 2.0 159.0 17.0 256.0 -1 -1 -1 -1000 -1000 -1000 -10 0.0015077590942382812
Car -1 -1 -10 531.0 179.0 570.0 200.0 -1 -1 -1 -1000 -1000 -1000 -10 0.0013275146484375
Car -1 -1 -10 1.0 183.0 16.0 245.0 -1 -1 -1 -1000 -1000 -1000 -10 0.0006780624389648438
Car -1 -1 -10 573.0 155.0 642.0 194.0 -1 -1 -1 -1000 -1000 -1000 -10 0.0006556510925292969
Car -1 -1 -10 0.0 198.0 12.0 298.0 -1 -1 -1 -1000 -1000 -1000 -10 0.0005984306335449219
Car -1 -1 -10 0.0 85.0 24.0 286.0 -1 -1 -1 -1000 -1000 -1000 -10 0.00048828125
Car -1 -1 -10 484.0 172.0 531.0 199.0 -1 -1 -1 -1000 -1000 -1000 -10 0.0004324913024902344
Car -1 -1 -10 601.0 148.0 678.0 216.0 -1 -1 -1 -1000 -1000 -1000 -10 0.0004177093505859375
Car -1 -1 -10 0.0 207.0 9.0 286.0 -1 -1 -1 -1000 -1000 -1000 -10 0.0003921985626220703
Car -1 -1 -10 574.0 167.0 635.0 188.0 -1 -1 -1 -1000 -1000 -1000 -10 0.0003294944763183594
Car -1 -1 -10 640.0 174.0 677.0 197.0 -1 -1 -1 -1000 -1000 -1000 -10 0.0003235340118408203
Car -1 -1 -10 725.0 159.0 750.0 188.0 -1 -1 -1 -1000 -1000 -1000 -10 0.0002970695495605469
Pedestrian -1 -1 -10 355.0 0.0 375.0 6.0 -1 -1 -1 -1000 -1000 -1000 -10 0.00028824806213378906
Car -1 -1 -10 493.0 176.0 539.0 202.0 -1 -1 -1 -1000 -1000 -1000 -10 0.0002613067626953125
Pedestrian -1 -1 -10 770.0 0.0 803.0 0.0 -1 -1 -1 -1000 -1000 -1000 -10 0.00022339820861816406
Car -1 -1 -10 1.0 191.0 24.0 284.0 -1 -1 -1 -1000 -1000 -1000 -10 0.00021409988403320312
Car -1 -1 -10 476.0 163.0 525.0 197.0 -1 -1 -1 -1000 -1000 -1000 -10 0.00021374225616455078
Car -1 -1 -10 2.0 211.0 12.0 267.0 -1 -1 -1 -1000 -1000 -1000 -10 0.0002129077911376953
Car -1 -1 -10 581.0 178.0 627.0 229.0 -1 -1 -1 -1000 -1000 -1000 -10 0.0001983642578125
Car -1 -1 -10 686.0 167.0 712.0 186.0 -1 -1 -1 -1000 -1000 -1000 -10 0.00017642974853515625
Car -1 -1 -10 692.0 169.0 715.0 194.0 -1 -1 -1 -1000 -1000 -1000 -10 0.0001659393310546875
Car -1 -1 -10 594.0 156.0 653.0 185.0 -1 -1 -1 -1000 -1000 -1000 -10 0.00016415119171142578
Car -1 -1 -10 1.0 220.0 8.0 272.0 -1 -1 -1 -1000 -1000 -1000 -10 0.00015485286712646484
Pedestrian -1 -1 -10 787.0 0.0 817.0 2.0 -1 -1 -1 -1000 -1000 -1000 -10 0.0001494884490966797
Car -1 -1 -10 563.0 172.0 647.0 205.0 -1 -1 -1 -1000 -1000 -1000 -10 0.00014400482177734375
Car -1 -1 -10 561.0 168.0 619.0 199.0 -1 -1 -1 -1000 -1000 -1000 -10 0.00013530254364013672
Pedestrian -1 -1 -10 349.0 0.0 366.0 4.0 -1 -1 -1 -1000 -1000 -1000 -10 0.00011748075485229492
Car -1 -1 -10 545.0 176.0 593.0 199.0 -1 -1 -1 -1000 -1000 -1000 -10 0.00011688470840454102
Car -1 -1 -10 764.0 0.0 811.0 0.0 -1 -1 -1 -1000 -1000 -1000 -10 0.00011628866195678711
Pedestrian -1 -1 -10 796.0 0.0 824.0 5.0 -1 -1 -1 -1000 -1000 -1000 -10 0.00011110305786132812
Car -1 -1 -10 0.0 182.0 30.0 295.0 -1 -1 -1 -1000 -1000 -1000 -10 0.00011098384857177734
Car -1 -1 -10 0.0 223.0 11.0 323.0 -1 -1 -1 -1000 -1000 -1000 -10 0.00010770559310913086
Car -1 -1 -10 0.0 166.0 39.0 274.0 -1 -1 -1 -1000 -1000 -1000 -10 0.00010383129119873047
Car -1 -1 -10 512.0 177.0 538.0 199.0 -1 -1 -1 -1000 -1000 -1000 -10 0.00010019540786743164
