Car -1 -1 -10 572.0 170.0 614.0 213.0 -1 -1 -1 -1000 -1000 -1000 -10 0.96826171875
Car -1 -1 -10 308.0 160.0 343.0 186.0 -1 -1 -1 -1000 -1000 -1000 -10 0.95068359375
Car -1 -1 -10 204.0 175.0 264.0 202.0 -1 -1 -1 -1000 -1000 -1000 -10 0.93994140625
Car -1 -1 -10 365.0 173.0 395.0 187.0 -1 -1 -1 -1000 -1000 -1000 -10 0.80419921875
Car -1 -1 -10 566.0 156.0 619.0 217.0 -1 -1 -1 -1000 -1000 -1000 -10 0.0006413459777832031
Car -1 -1 -10 369.0 171.0 402.0 186.0 -1 -1 -1 -1000 -1000 -1000 -10 0.0002567768096923828
Car -1 -1 -10 0.0 220.0 22.0 370.0 -1 -1 -1 -1000 -1000 -1000 -10 0.00025653839111328125
Car -1 -1 -10 484.0 136.0 660.0 265.0 -1 -1 -1 -1000 -1000 -1000 -10 0.000240325927734375
Car -1 -1 -10 518.0 119.0 680.0 240.0 -1 -1 -1 -1000 -1000 -1000 -10 0.00022935867309570312
Car -1 -1 -10 0.0 195.0 29.0 375.0 -1 -1 -1 -1000 -1000 -1000 -10 0.00017082691192626953
Car -1 -1 -10 0.0 149.0 11.0 233.0 -1 -1 -1 -1000 -1000 -1000 -10 0.00014138221740722656
Car -1 -1 -10 0.0 213.0 46.0 371.0 -1 -1 -1 -1000 -1000 -1000 -10 0.0001316070556640625
Car -1 -1 -10 806.0 0.0 866.0 11.0 -1 -1 -1 -1000 -1000 -1000 -10 0.0001270771026611328
Car -1 -1 -10 498.0 212.0 722.0 364.0 -1 -1 -1 -1000 -1000 -1000 -10 0.00010865926742553711
Car -1 -1 -10 367.0 175.0 392.0 189.0 -1 -1 -1 -1000 -1000 -1000 -10 0.00010675191879272461
Car -1 -1 -10 1.0 138.0 15.0 254.0 -1 -1 -1 -1000 -1000 -1000 -10 0.00010251998901367188
Car -1 -1 -10 821.0 0.0 865.0 11.0 -1 -1 -1 -1000 -1000 -1000 -10 0.00010061264038085938
