Car -1 -1 -10 765.0 198.0 1021.0 343.0 -1 -1 -1 -1000 -1000 -1000 -10 0.96875
Car -1 -1 -10 348.0 180.0 492.0 240.0 -1 -1 -1 -1000 -1000 -1000 -10 0.953125
Car -1 -1 -10 562.0 189.0 620.0 235.0 -1 -1 -1 -1000 -1000 -1000 -10 0.9501953125
Car -1 -1 -10 645.0 161.0 714.0 225.0 -1 -1 -1 -1000 -1000 -1000 -10 0.94921875
Car -1 -1 -10 585.0 186.0 625.0 222.0 -1 -1 -1 -1000 -1000 -1000 -10 0.94140625
Car -1 -1 -10 438.0 186.0 526.0 218.0 -1 -1 -1 -1000 -1000 -1000 -10 0.865234375
Car -1 -1 -10 545.0 187.0 582.0 210.0 -1 -1 -1 -1000 -1000 -1000 -10 0.162841796875
Car -1 -1 -10 462.0 187.0 537.0 215.0 -1 -1 -1 -1000 -1000 -1000 -10 0.026824951171875
Car -1 -1 -10 477.0 187.0 553.0 211.0 -1 -1 -1 -1000 -1000 -1000 -10 0.0013551712036132812
Pedestrian -1 -1 -10 1219.0 187.0 1242.0 375.0 -1 -1 -1 -1000 -1000 -1000 -10 0.0011377334594726562
Car -1 -1 -10 398.0 181.0 441.0 234.0 -1 -1 -1 -1000 -1000 -1000 -10 0.0011129379272460938
Car -1 -1 -10 1070.0 58.0 1110.0 90.0 -1 -1 -1 -1000 -1000 -1000 -10 0.0010519027709960938
Car -1 -1 -10 431.0 171.0 547.0 235.0 -1 -1 -1 -1000 -1000 -1000 -10 0.0007009506225585938
Car -1 -1 -10 456.0 187.0 507.0 213.0 -1 -1 -1 -1000 -1000 -1000 -10 0.0006313323974609375
Car -1 -1 -10 838.0 203.0 955.0 332.0 -1 -1 -1 -1000 -1000 -1000 -10 0.0005240440368652344
Car -1 -1 -10 2.0 198.0 198.0 372.0 -1 -1 -1 -1000 -1000 -1000 -10 0.0004944801330566406
Pedestrian -1 -1 -10 1224.0 152.0 1242.0 332.0 -1 -1 -1 -1000 -1000 -1000 -10 0.0004944801330566406
Car -1 -1 -10 618.0 141.0 744.0 233.0 -1 -1 -1 -1000 -1000 -1000 -10 0.00048732757568359375
Car -1 -1 -10 322.0 150.0 509.0 269.0 -1 -1 -1 -1000 -1000 -1000 -10 0.00046706199645996094
Car -1 -1 -10 314.0 183.0 362.0 213.0 -1 -1 -1 -1000 -1000 -1000 -10 0.0004456043243408203
Car -1 -1 -10 400.0 181.0 497.0 222.0 -1 -1 -1 -1000 -1000 -1000 -10 0.0004184246063232422
Car -1 -1 -10 431.0 187.0 502.0 223.0 -1 -1 -1 -1000 -1000 -1000 -10 0.000415802001953125
Car -1 -1 -10 538.0 183.0 576.0 207.0 -1 -1 -1 -1000 -1000 -1000 -10 0.0003921985626220703
Car -1 -1 -10 402.0 137.0 589.0 277.0 -1 -1 -1 -1000 -1000 -1000 -10 0.0003440380096435547
Car -1 -1 -10 1218.0 210.0 1242.0 375.0 -1 -1 -1 -1000 -1000 -1000 -10 0.0003428459167480469
Pedestrian -1 -1 -10 1230.0 163.0 1242.0 267.0 -1 -1 -1 -1000 -1000 -1000 -10 0.0003345012664794922
Car -1 -1 -10 492.0 148.0 660.0 274.0 -1 -1 -1 -1000 -1000 -1000 -10 0.0002925395965576172
Pedestrian -1 -1 -10 1201.0 191.0 1241.0 375.0 -1 -1 -1 -1000 -1000 -1000 -10 0.0002913475036621094
Car -1 -1 -10 1.0 165.0 21.0 256.0 -1 -1 -1 -1000 -1000 -1000 -10 0.00028014183044433594
Car -1 -1 -10 552.0 185.0 597.0 223.0 -1 -1 -1 -1000 -1000 -1000 -10 0.00027060508728027344
Pedestrian -1 -1 -10 0.0 182.0 19.0 294.0 -1 -1 -1 -1000 -1000 -1000 -10 0.0002503395080566406
Car -1 -1 -10 0.0 201.0 19.0 315.0 -1 -1 -1 -1000 -1000 -1000 -10 0.00022602081298828125
Pedestrian -1 -1 -10 1.0 169.0 39.0 265.0 -1 -1 -1 -1000 -1000 -1000 -10 0.00015270709991455078
Cyclist -1 -1 -10 444.0 0.0 512.0 37.0 -1 -1 -1 -1000 -1000 -1000 -10 0.00014483928680419922
Pedestrian -1 -1 -10 1225.0 139.0 1242.0 264.0 -1 -1 -1 -1000 -1000 -1000 -10 0.0001329183578491211
Car -1 -1 -10 633.0 171.0 680.0 217.0 -1 -1 -1 -1000 -1000 -1000 -10 0.0001226663589477539
Car -1 -1 -10 0.0 212.0 12.0 296.0 -1 -1 -1 -1000 -1000 -1000 -10 0.00012254714965820312
Car -1 -1 -10 0.0 209.0 26.0 344.0 -1 -1 -1 -1000 -1000 -1000 -10 0.00011748075485229492
Pedestrian -1 -1 -10 0.0 177.0 12.0 266.0 -1 -1 -1 -1000 -1000 -1000 -10 0.00011408329010009766
Car -1 -1 -10 7.0 202.0 154.0 297.0 -1 -1 -1 -1000 -1000 -1000 -10 0.0001131892204284668
Car -1 -1 -10 0.0 173.0 15.0 242.0 -1 -1 -1 -1000 -1000 -1000 -10 0.00011032819747924805
Car -1 -1 -10 1105.0 204.0 1239.0 369.0 -1 -1 -1 -1000 -1000 -1000 -10 0.00010716915130615234
Pedestrian -1 -1 -10 0.0 173.0 25.0 258.0 -1 -1 -1 -1000 -1000 -1000 -10 0.00010085105895996094
