Car -1 -1 -10 133.0 199.0 239.0 240.0 -1 -1 -1 -1000 -1000 -1000 -10 0.9541015625
Car -1 -1 -10 622.0 151.0 671.0 204.0 -1 -1 -1 -1000 -1000 -1000 -10 0.9541015625
Car -1 -1 -10 340.0 188.0 393.0 215.0 -1 -1 -1 -1000 -1000 -1000 -10 0.9384765625
Car -1 -1 -10 436.0 182.0 467.0 200.0 -1 -1 -1 -1000 -1000 -1000 -10 0.90625
Car -1 -1 -10 0.0 204.0 18.0 271.0 -1 -1 -1 -1000 -1000 -1000 -10 0.006946563720703125
Car -1 -1 -10 0.0 201.0 13.0 255.0 -1 -1 -1 -1000 -1000 -1000 -10 0.0007734298706054688
Car -1 -1 -10 91.0 167.0 281.0 299.0 -1 -1 -1 -1000 -1000 -1000 -10 0.000576019287109375
Car -1 -1 -10 0.0 210.0 22.0 289.0 -1 -1 -1 -1000 -1000 -1000 -10 0.0005292892456054688
Car -1 -1 -10 434.0 177.0 469.0 205.0 -1 -1 -1 -1000 -1000 -1000 -10 0.0004057884216308594
Car -1 -1 -10 1217.0 195.0 1242.0 372.0 -1 -1 -1 -1000 -1000 -1000 -10 0.00035953521728515625
Car -1 -1 -10 561.0 123.0 728.0 253.0 -1 -1 -1 -1000 -1000 -1000 -10 0.0003552436828613281
Car -1 -1 -10 125.0 188.0 251.0 248.0 -1 -1 -1 -1000 -1000 -1000 -10 0.0003457069396972656
Car -1 -1 -10 0.0 219.0 14.0 277.0 -1 -1 -1 -1000 -1000 -1000 -10 0.00032591819763183594
Car -1 -1 -10 1.0 185.0 31.0 269.0 -1 -1 -1 -1000 -1000 -1000 -10 0.0001920461654663086
Car -1 -1 -10 1203.0 186.0 1242.0 375.0 -1 -1 -1 -1000 -1000 -1000 -10 0.00013446807861328125
Car -1 -1 -10 333.0 188.0 378.0 212.0 -1 -1 -1 -1000 -1000 -1000 -10 0.00013375282287597656
Car -1 -1 -10 527.0 199.0 760.0 370.0 -1 -1 -1 -1000 -1000 -1000 -10 0.0001157522201538086
Car -1 -1 -10 421.0 182.0 459.0 201.0 -1 -1 -1 -1000 -1000 -1000 -10 0.00010955333709716797
