Car -1 -1 -10 802.0 184.0 969.0 332.0 -1 -1 -1 -1000 -1000 -1000 -10 0.96044921875
Car -1 -1 -10 598.0 182.0 651.0 220.0 -1 -1 -1 -1000 -1000 -1000 -10 0.95166015625
Car -1 -1 -10 651.0 182.0 684.0 205.0 -1 -1 -1 -1000 -1000 -1000 -10 0.927734375
Car -1 -1 -10 754.0 181.0 786.0 213.0 -1 -1 -1 -1000 -1000 -1000 -10 0.91162109375
Car -1 -1 -10 851.0 189.0 1091.0 375.0 -1 -1 -1 -1000 -1000 -1000 -10 0.0012340545654296875
Car -1 -1 -10 590.0 169.0 655.0 234.0 -1 -1 -1 -1000 -1000 -1000 -10 0.00104522705078125
Car -1 -1 -10 751.0 60.0 777.0 79.0 -1 -1 -1 -1000 -1000 -1000 -10 0.0006365776062011719
Car -1 -1 -10 757.0 61.0 772.0 79.0 -1 -1 -1 -1000 -1000 -1000 -10 0.0006198883056640625
Car -1 -1 -10 527.0 135.0 693.0 275.0 -1 -1 -1 -1000 -1000 -1000 -10 0.0005011558532714844
Car -1 -1 -10 1173.0 220.0 1242.0 373.0 -1 -1 -1 -1000 -1000 -1000 -10 0.00047516822814941406
Car -1 -1 -10 746.0 180.0 771.0 204.0 -1 -1 -1 -1000 -1000 -1000 -10 0.00035262107849121094
Car -1 -1 -10 561.0 132.0 709.0 248.0 -1 -1 -1 -1000 -1000 -1000 -10 0.00033164024353027344
Car -1 -1 -10 1207.0 224.0 1242.0 371.0 -1 -1 -1 -1000 -1000 -1000 -10 0.0002598762512207031
Car -1 -1 -10 796.0 192.0 842.0 230.0 -1 -1 -1 -1000 -1000 -1000 -10 0.0002225637435913086
Car -1 -1 -10 1137.0 228.0 1242.0 375.0 -1 -1 -1 -1000 -1000 -1000 -10 0.00019180774688720703
Car -1 -1 -10 738.0 176.0 754.0 196.0 -1 -1 -1 -1000 -1000 -1000 -10 0.0001628398895263672
Cyclist -1 -1 -10 0.0 158.0 23.0 322.0 -1 -1 -1 -1000 -1000 -1000 -10 0.00011301040649414062
