Car -1 -1 -10 702.0 176.0 761.0 220.0 -1 -1 -1 -1000 -1000 -1000 -10 0.96435546875
Car -1 -1 -10 1098.0 155.0 1169.0 181.0 -1 -1 -1 -1000 -1000 -1000 -10 0.91845703125
Car -1 -1 -10 886.0 165.0 942.0 186.0 -1 -1 -1 -1000 -1000 -1000 -10 0.90283203125
Car -1 -1 -10 754.0 170.0 807.0 189.0 -1 -1 -1 -1000 -1000 -1000 -10 0.82177734375
Cyclist -1 -1 -10 778.0 167.0 818.0 201.0 -1 -1 -1 -1000 -1000 -1000 -10 0.80908203125
Pedestrian -1 -1 -10 540.0 173.0 550.0 202.0 -1 -1 -1 -1000 -1000 -1000 -10 0.77294921875
Pedestrian -1 -1 -10 538.0 174.0 547.0 204.0 -1 -1 -1 -1000 -1000 -1000 -10 0.218994140625
Car -1 -1 -10 578.0 176.0 598.0 188.0 -1 -1 -1 -1000 -1000 -1000 -10 0.034942626953125
Car -1 -1 -10 370.0 180.0 421.0 200.0 -1 -1 -1 -1000 -1000 -1000 -10 0.03411865234375
Car -1 -1 -10 704.0 171.0 741.0 185.0 -1 -1 -1 -1000 -1000 -1000 -10 0.00576019287109375
Car -1 -1 -10 704.0 174.0 751.0 197.0 -1 -1 -1 -1000 -1000 -1000 -10 0.003631591796875
Cyclist -1 -1 -10 790.0 164.0 826.0 190.0 -1 -1 -1 -1000 -1000 -1000 -10 0.003429412841796875
Car -1 -1 -10 875.0 164.0 929.0 183.0 -1 -1 -1 -1000 -1000 -1000 -10 0.00237274169921875
Cyclist -1 -1 -10 757.0 166.0 811.0 201.0 -1 -1 -1 -1000 -1000 -1000 -10 0.001956939697265625
Car -1 -1 -10 726.0 171.0 776.0 186.0 -1 -1 -1 -1000 -1000 -1000 -10 0.0013170242309570312
Cyclist -1 -1 -10 757.0 172.0 805.0 193.0 -1 -1 -1 -1000 -1000 -1000 -10 0.00122833251953125
Car -1 -1 -10 609.0 174.0 625.0 187.0 -1 -1 -1 -1000 -1000 -1000 -10 0.0011281967163085938
Car -1 -1 -10 771.0 166.0 814.0 185.0 -1 -1 -1 -1000 -1000 -1000 -10 0.00103759765625
Car -1 -1 -10 744.0 172.0 794.0 187.0 -1 -1 -1 -1000 -1000 -1000 -10 0.0009217262268066406
Cyclist -1 -1 -10 771.0 157.0 829.0 218.0 -1 -1 -1 -1000 -1000 -1000 -10 0.0008792877197265625
Car -1 -1 -10 864.0 163.0 917.0 181.0 -1 -1 -1 -1000 -1000 -1000 -10 0.0007367134094238281
Car -1 -1 -10 179.0 183.0 251.0 211.0 -1 -1 -1 -1000 -1000 -1000 -10 0.0007100105285644531
Car -1 -1 -10 697.0 166.0 765.0 233.0 -1 -1 -1 -1000 -1000 -1000 -10 0.0006632804870605469
Car -1 -1 -10 367.0 1.0 427.0 52.0 -1 -1 -1 -1000 -1000 -1000 -10 0.00048422813415527344
Cyclist -1 -1 -10 699.0 165.0 772.0 230.0 -1 -1 -1 -1000 -1000 -1000 -10 0.0003790855407714844
Car -1 -1 -10 639.0 132.0 814.0 276.0 -1 -1 -1 -1000 -1000 -1000 -10 0.000377655029296875
Car -1 -1 -10 719.0 171.0 761.0 189.0 -1 -1 -1 -1000 -1000 -1000 -10 0.00036025047302246094
Car -1 -1 -10 712.0 165.0 754.0 183.0 -1 -1 -1 -1000 -1000 -1000 -10 0.0003521442413330078
Cyclist -1 -1 -10 776.0 165.0 814.0 186.0 -1 -1 -1 -1000 -1000 -1000 -10 0.0003304481506347656
Car -1 -1 -10 1214.0 182.0 1241.0 375.0 -1 -1 -1 -1000 -1000 -1000 -10 0.00030517578125
Car -1 -1 -10 421.0 1.0 484.0 54.0 -1 -1 -1 -1000 -1000 -1000 -10 0.0002949237823486328
Cyclist -1 -1 -10 718.0 107.0 886.0 240.0 -1 -1 -1 -1000 -1000 -1000 -10 0.0002777576446533203
Car -1 -1 -10 793.0 161.0 840.0 184.0 -1 -1 -1 -1000 -1000 -1000 -10 0.0002772808074951172
Cyclist -1 -1 -10 803.0 163.0 836.0 185.0 -1 -1 -1 -1000 -1000 -1000 -10 0.0002453327178955078
Car -1 -1 -10 1234.0 154.0 1241.0 187.0 -1 -1 -1 -1000 -1000 -1000 -10 0.00023448467254638672
Car -1 -1 -10 706.0 170.0 745.0 192.0 -1 -1 -1 -1000 -1000 -1000 -10 0.00021314620971679688
Cyclist -1 -1 -10 672.0 133.0 825.0 270.0 -1 -1 -1 -1000 -1000 -1000 -10 0.00020825862884521484
Car -1 -1 -10 754.0 162.0 807.0 182.0 -1 -1 -1 -1000 -1000 -1000 -10 0.00020265579223632812
Car -1 -1 -10 987.0 162.0 1062.0 185.0 -1 -1 -1 -1000 -1000 -1000 -10 0.0001856088638305664
Car -1 -1 -10 966.0 163.0 1043.0 186.0 -1 -1 -1 -1000 -1000 -1000 -10 0.00018465518951416016
Cyclist -1 -1 -10 754.0 151.0 820.0 211.0 -1 -1 -1 -1000 -1000 -1000 -10 0.00017940998077392578
Car -1 -1 -10 807.0 164.0 848.0 185.0 -1 -1 -1 -1000 -1000 -1000 -10 0.00017583370208740234
Cyclist -1 -1 -10 797.0 164.0 834.0 193.0 -1 -1 -1 -1000 -1000 -1000 -10 0.00016486644744873047
Car -1 -1 -10 576.0 174.0 602.0 191.0 -1 -1 -1 -1000 -1000 -1000 -10 0.00016117095947265625
Pedestrian -1 -1 -10 512.0 175.0 519.0 196.0 -1 -1 -1 -1000 -1000 -1000 -10 0.00016045570373535156
Car -1 -1 -10 606.0 176.0 622.0 189.0 -1 -1 -1 -1000 -1000 -1000 -10 0.0001417398452758789
Car -1 -1 -10 952.0 164.0 1019.0 187.0 -1 -1 -1 -1000 -1000 -1000 -10 0.00013887882232666016
Car -1 -1 -10 1234.0 161.0 1241.0 198.0 -1 -1 -1 -1000 -1000 -1000 -10 0.00013828277587890625
Pedestrian -1 -1 -10 544.0 173.0 559.0 203.0 -1 -1 -1 -1000 -1000 -1000 -10 0.0001380443572998047
Car -1 -1 -10 776.0 161.0 821.0 180.0 -1 -1 -1 -1000 -1000 -1000 -10 0.00013244152069091797
Cyclist -1 -1 -10 1215.0 159.0 1242.0 367.0 -1 -1 -1 -1000 -1000 -1000 -10 0.00013124942779541016
Car -1 -1 -10 859.0 160.0 898.0 178.0 -1 -1 -1 -1000 -1000 -1000 -10 0.00012218952178955078
Car -1 -1 -10 835.0 162.0 891.0 182.0 -1 -1 -1 -1000 -1000 -1000 -10 0.00011485815048217773
