Car -1 -1 -10 693.0 118.0 888.0 286.0 -1 -1 -1 -1000 -1000 -1000 -10 0.96533203125
Car -1 -1 -10 267.0 184.0 441.0 256.0 -1 -1 -1 -1000 -1000 -1000 -10 0.958984375
Car -1 -1 -10 0.0 179.0 114.0 372.0 -1 -1 -1 -1000 -1000 -1000 -10 0.955078125
Car -1 -1 -10 104.0 189.0 263.0 261.0 -1 -1 -1 -1000 -1000 -1000 -10 0.95458984375
Car -1 -1 -10 341.0 186.0 474.0 242.0 -1 -1 -1 -1000 -1000 -1000 -10 0.9453125
Car -1 -1 -10 505.0 186.0 566.0 225.0 -1 -1 -1 -1000 -1000 -1000 -10 0.94287109375
Car -1 -1 -10 577.0 181.0 635.0 228.0 -1 -1 -1 -1000 -1000 -1000 -10 0.94189453125
Car -1 -1 -10 215.0 159.0 345.0 240.0 -1 -1 -1 -1000 -1000 -1000 -10 0.94091796875
Car -1 -1 -10 84.0 183.0 196.0 231.0 -1 -1 -1 -1000 -1000 -1000 -10 0.9384765625
Car -1 -1 -10 405.0 180.0 487.0 221.0 -1 -1 -1 -1000 -1000 -1000 -10 0.9169921875
Car -1 -1 -10 670.0 180.0 748.0 237.0 -1 -1 -1 -1000 -1000 -1000 -10 0.91650390625
Car -1 -1 -10 589.0 177.0 629.0 211.0 -1 -1 -1 -1000 -1000 -1000 -10 0.8896484375
Car -1 -1 -10 631.0 179.0 657.0 199.0 -1 -1 -1 -1000 -1000 -1000 -10 0.875
Cyclist -1 -1 -10 6.0 184.0 59.0 229.0 -1 -1 -1 -1000 -1000 -1000 -10 0.83349609375
Car -1 -1 -10 658.0 177.0 711.0 218.0 -1 -1 -1 -1000 -1000 -1000 -10 0.5634765625
Cyclist -1 -1 -10 1.0 183.0 36.0 226.0 -1 -1 -1 -1000 -1000 -1000 -10 0.27001953125
Car -1 -1 -10 651.0 176.0 698.0 213.0 -1 -1 -1 -1000 -1000 -1000 -10 0.2015380859375
Cyclist -1 -1 -10 0.0 185.0 18.0 224.0 -1 -1 -1 -1000 -1000 -1000 -10 0.1549072265625
Car -1 -1 -10 459.0 178.0 526.0 209.0 -1 -1 -1 -1000 -1000 -1000 -10 0.15185546875
Cyclist -1 -1 -10 0.0 179.0 28.0 220.0 -1 -1 -1 -1000 -1000 -1000 -10 0.0216827392578125
Car -1 -1 -10 662.0 178.0 731.0 226.0 -1 -1 -1 -1000 -1000 -1000 -10 0.0161895751953125
Cyclist -1 -1 -10 3.0 170.0 92.0 293.0 -1 -1 -1 -1000 -1000 -1000 -10 0.01434326171875
Cyclist -1 -1 -10 0.0 176.0 20.0 216.0 -1 -1 -1 -1000 -1000 -1000 -10 0.01169586181640625
Car -1 -1 -10 118.0 181.0 195.0 216.0 -1 -1 -1 -1000 -1000 -1000 -10 0.01111602783203125
Cyclist -1 -1 -10 3.0 177.0 62.0 245.0 -1 -1 -1 -1000 -1000 -1000 -10 0.00902557373046875
Car -1 -1 -10 601.0 177.0 641.0 218.0 -1 -1 -1 -1000 -1000 -1000 -10 0.005462646484375
Cyclist -1 -1 -10 0.0 196.0 16.0 236.0 -1 -1 -1 -1000 -1000 -1000 -10 0.0033817291259765625
Car -1 -1 -10 378.0 187.0 482.0 234.0 -1 -1 -1 -1000 -1000 -1000 -10 0.002124786376953125
Car -1 -1 -10 633.0 176.0 664.0 210.0 -1 -1 -1 -1000 -1000 -1000 -10 0.0017004013061523438
Car -1 -1 -10 514.0 183.0 569.0 214.0 -1 -1 -1 -1000 -1000 -1000 -10 0.0013484954833984375
Cyclist -1 -1 -10 5.0 192.0 50.0 236.0 -1 -1 -1 -1000 -1000 -1000 -10 0.001148223876953125
Car -1 -1 -10 0.0 197.0 22.0 251.0 -1 -1 -1 -1000 -1000 -1000 -10 0.0011205673217773438
Car -1 -1 -10 497.0 172.0 569.0 238.0 -1 -1 -1 -1000 -1000 -1000 -10 0.0006804466247558594
Car -1 -1 -10 0.0 194.0 48.0 249.0 -1 -1 -1 -1000 -1000 -1000 -10 0.00046563148498535156
Cyclist -1 -1 -10 0.0 175.0 11.0 208.0 -1 -1 -1 -1000 -1000 -1000 -10 0.00046443939208984375
Car -1 -1 -10 599.0 182.0 634.0 211.0 -1 -1 -1 -1000 -1000 -1000 -10 0.0004642009735107422
Car -1 -1 -10 1179.0 151.0 1242.0 372.0 -1 -1 -1 -1000 -1000 -1000 -10 0.00046324729919433594
Car -1 -1 -10 0.0 204.0 11.0 248.0 -1 -1 -1 -1000 -1000 -1000 -10 0.00046324729919433594
Car -1 -1 -10 640.0 143.0 804.0 280.0 -1 -1 -1 -1000 -1000 -1000 -10 0.0004570484161376953
Cyclist -1 -1 -10 0.0 199.0 13.0 254.0 -1 -1 -1 -1000 -1000 -1000 -10 0.00044989585876464844
Cyclist -1 -1 -10 0.0 195.0 34.0 234.0 -1 -1 -1 -1000 -1000 -1000 -10 0.0004417896270751953
Car -1 -1 -10 521.0 144.0 677.0 252.0 -1 -1 -1 -1000 -1000 -1000 -10 0.0004241466522216797
Car -1 -1 -10 574.0 169.0 649.0 238.0 -1 -1 -1 -1000 -1000 -1000 -10 0.0003619194030761719
Cyclist -1 -1 -10 0.0 193.0 29.0 255.0 -1 -1 -1 -1000 -1000 -1000 -10 0.00034689903259277344
Car -1 -1 -10 466.0 186.0 535.0 216.0 -1 -1 -1 -1000 -1000 -1000 -10 0.00033974647521972656
Car -1 -1 -10 115.0 187.0 163.0 221.0 -1 -1 -1 -1000 -1000 -1000 -10 0.0003368854522705078
Pedestrian -1 -1 -10 1117.0 165.0 1242.0 370.0 -1 -1 -1 -1000 -1000 -1000 -10 0.00032401084899902344
Car -1 -1 -10 400.0 170.0 499.0 236.0 -1 -1 -1 -1000 -1000 -1000 -10 0.0003039836883544922
Cyclist -1 -1 -10 1.0 0.0 9.0 57.0 -1 -1 -1 -1000 -1000 -1000 -10 0.0002887248992919922
Cyclist -1 -1 -10 0.0 171.0 112.0 337.0 -1 -1 -1 -1000 -1000 -1000 -10 0.000278472900390625
Cyclist -1 -1 -10 0.0 142.0 121.0 282.0 -1 -1 -1 -1000 -1000 -1000 -10 0.00027108192443847656
Car -1 -1 -10 470.0 133.0 629.0 280.0 -1 -1 -1 -1000 -1000 -1000 -10 0.0002646446228027344
Car -1 -1 -10 548.0 138.0 696.0 275.0 -1 -1 -1 -1000 -1000 -1000 -10 0.00025463104248046875
Cyclist -1 -1 -10 0.0 190.0 48.0 254.0 -1 -1 -1 -1000 -1000 -1000 -10 0.0002460479736328125
Car -1 -1 -10 1209.0 183.0 1242.0 373.0 -1 -1 -1 -1000 -1000 -1000 -10 0.0002315044403076172
Car -1 -1 -10 4.0 188.0 83.0 328.0 -1 -1 -1 -1000 -1000 -1000 -10 0.00021541118621826172
Car -1 -1 -10 56.0 150.0 226.0 258.0 -1 -1 -1 -1000 -1000 -1000 -10 0.0002110004425048828
Car -1 -1 -10 510.0 178.0 560.0 208.0 -1 -1 -1 -1000 -1000 -1000 -10 0.00020110607147216797
Car -1 -1 -10 365.0 134.0 548.0 278.0 -1 -1 -1 -1000 -1000 -1000 -10 0.00017249584197998047
Car -1 -1 -10 301.0 167.0 491.0 278.0 -1 -1 -1 -1000 -1000 -1000 -10 0.00017070770263671875
Car -1 -1 -10 6.0 334.0 109.0 374.0 -1 -1 -1 -1000 -1000 -1000 -10 0.00016021728515625
Car -1 -1 -10 168.0 193.0 207.0 247.0 -1 -1 -1 -1000 -1000 -1000 -10 0.0001571178436279297
Cyclist -1 -1 -10 0.0 143.0 94.0 256.0 -1 -1 -1 -1000 -1000 -1000 -10 0.00015223026275634766
Car -1 -1 -10 77.0 169.0 251.0 269.0 -1 -1 -1 -1000 -1000 -1000 -10 0.00014579296112060547
Car -1 -1 -10 0.0 205.0 12.0 272.0 -1 -1 -1 -1000 -1000 -1000 -10 0.0001386404037475586
Car -1 -1 -10 346.0 0.0 398.0 38.0 -1 -1 -1 -1000 -1000 -1000 -10 0.00013697147369384766
Car -1 -1 -10 1153.0 96.0 1242.0 375.0 -1 -1 -1 -1000 -1000 -1000 -10 0.0001348257064819336
Car -1 -1 -10 475.0 181.0 535.0 207.0 -1 -1 -1 -1000 -1000 -1000 -10 0.0001302957534790039
Cyclist -1 -1 -10 1.0 9.0 7.0 54.0 -1 -1 -1 -1000 -1000 -1000 -10 0.00012600421905517578
Car -1 -1 -10 451.0 144.0 595.0 255.0 -1 -1 -1 -1000 -1000 -1000 -10 0.00012153387069702148
Pedestrian -1 -1 -10 260.0 0.0 279.0 14.0 -1 -1 -1 -1000 -1000 -1000 -10 0.00011831521987915039
Car -1 -1 -10 1143.0 184.0 1242.0 371.0 -1 -1 -1 -1000 -1000 -1000 -10 0.0001131892204284668
Car -1 -1 -10 0.0 191.0 25.0 326.0 -1 -1 -1 -1000 -1000 -1000 -10 0.00010836124420166016
Cyclist -1 -1 -10 8.0 177.0 46.0 216.0 -1 -1 -1 -1000 -1000 -1000 -10 0.00010460615158081055
Car -1 -1 -10 107.0 185.0 232.0 237.0 -1 -1 -1 -1000 -1000 -1000 -10 0.00010323524475097656
Car -1 -1 -10 523.0 178.0 571.0 205.0 -1 -1 -1 -1000 -1000 -1000 -10 0.00010025501251220703
Car -1 -1 -10 0.0 213.0 9.0 262.0 -1 -1 -1 -1000 -1000 -1000 -10 0.00010013580322265625
