Car -1 -1 -10 436.0 178.0 605.0 267.0 -1 -1 -1 -1000 -1000 -1000 -10 0.9677734375
Car -1 -1 -10 1.0 151.0 131.0 278.0 -1 -1 -1 -1000 -1000 -1000 -10 0.96533203125
Car -1 -1 -10 371.0 121.0 530.0 220.0 -1 -1 -1 -1000 -1000 -1000 -10 0.962890625
Car -1 -1 -10 609.0 175.0 665.0 207.0 -1 -1 -1 -1000 -1000 -1000 -10 0.94580078125
Car -1 -1 -10 693.0 172.0 714.0 189.0 -1 -1 -1 -1000 -1000 -1000 -10 0.92431640625
Car -1 -1 -10 730.0 164.0 752.0 185.0 -1 -1 -1 -1000 -1000 -1000 -10 0.919921875
Car -1 -1 -10 578.0 159.0 635.0 186.0 -1 -1 -1 -1000 -1000 -1000 -10 0.89208984375
Car -1 -1 -10 633.0 174.0 670.0 193.0 -1 -1 -1 -1000 -1000 -1000 -10 0.0039043426513671875
Car -1 -1 -10 390.0 150.0 545.0 226.0 -1 -1 -1 -1000 -1000 -1000 -10 0.0024261474609375
Car -1 -1 -10 679.0 174.0 692.0 187.0 -1 -1 -1 -1000 -1000 -1000 -10 0.0011959075927734375
Car -1 -1 -10 684.0 174.0 699.0 186.0 -1 -1 -1 -1000 -1000 -1000 -10 0.0009946823120117188
Car -1 -1 -10 520.0 178.0 570.0 199.0 -1 -1 -1 -1000 -1000 -1000 -10 0.000888824462890625
Car -1 -1 -10 602.0 161.0 671.0 223.0 -1 -1 -1 -1000 -1000 -1000 -10 0.0007410049438476562
Car -1 -1 -10 0.0 166.0 23.0 264.0 -1 -1 -1 -1000 -1000 -1000 -10 0.0006093978881835938
Car -1 -1 -10 640.0 175.0 662.0 189.0 -1 -1 -1 -1000 -1000 -1000 -10 0.00048542022705078125
Car -1 -1 -10 617.0 172.0 662.0 197.0 -1 -1 -1 -1000 -1000 -1000 -10 0.00037026405334472656
Car -1 -1 -10 518.0 181.0 565.0 206.0 -1 -1 -1 -1000 -1000 -1000 -10 0.0003540515899658203
Car -1 -1 -10 467.0 157.0 538.0 203.0 -1 -1 -1 -1000 -1000 -1000 -10 0.00031685829162597656
Car -1 -1 -10 691.0 169.0 715.0 194.0 -1 -1 -1 -1000 -1000 -1000 -10 0.00031280517578125
Car -1 -1 -10 3.0 221.0 120.0 283.0 -1 -1 -1 -1000 -1000 -1000 -10 0.00030994415283203125
Car -1 -1 -10 369.0 137.0 476.0 219.0 -1 -1 -1 -1000 -1000 -1000 -10 0.0002777576446533203
Car -1 -1 -10 0.0 169.0 14.0 238.0 -1 -1 -1 -1000 -1000 -1000 -10 0.0002644062042236328
Car -1 -1 -10 499.0 171.0 568.0 202.0 -1 -1 -1 -1000 -1000 -1000 -10 0.00024211406707763672
Car -1 -1 -10 548.0 129.0 727.0 274.0 -1 -1 -1 -1000 -1000 -1000 -10 0.00022530555725097656
Car -1 -1 -10 0.0 156.0 27.0 230.0 -1 -1 -1 -1000 -1000 -1000 -10 0.00019788742065429688
Car -1 -1 -10 463.0 181.0 596.0 246.0 -1 -1 -1 -1000 -1000 -1000 -10 0.00019752979278564453
Car -1 -1 -10 686.0 166.0 712.0 186.0 -1 -1 -1 -1000 -1000 -1000 -10 0.00014579296112060547
Car -1 -1 -10 0.0 180.0 18.0 286.0 -1 -1 -1 -1000 -1000 -1000 -10 0.00014150142669677734
Car -1 -1 -10 0.0 169.0 12.0 219.0 -1 -1 -1 -1000 -1000 -1000 -10 0.00013375282287597656
Pedestrian -1 -1 -10 355.0 0.0 374.0 5.0 -1 -1 -1 -1000 -1000 -1000 -10 0.00012683868408203125
Car -1 -1 -10 0.0 157.0 43.0 271.0 -1 -1 -1 -1000 -1000 -1000 -10 0.0001233816146850586
Car -1 -1 -10 555.0 160.0 620.0 194.0 -1 -1 -1 -1000 -1000 -1000 -10 0.00011819601058959961
Pedestrian -1 -1 -10 769.0 0.0 803.0 0.0 -1 -1 -1 -1000 -1000 -1000 -10 0.00011527538299560547
Car -1 -1 -10 576.0 164.0 642.0 193.0 -1 -1 -1 -1000 -1000 -1000 -10 0.00011414289474487305
Car -1 -1 -10 411.0 122.0 488.0 215.0 -1 -1 -1 -1000 -1000 -1000 -10 0.00010633468627929688
