Car -1 -1 -10 730.0 173.0 891.0 268.0 -1 -1 -1 -1000 -1000 -1000 -10 0.96826171875
Car -1 -1 -10 1.0 157.0 317.0 373.0 -1 -1 -1 -1000 -1000 -1000 -10 0.96630859375
Car -1 -1 -10 343.0 168.0 488.0 279.0 -1 -1 -1 -1000 -1000 -1000 -10 0.962890625
Car -1 -1 -10 682.0 157.0 793.0 232.0 -1 -1 -1 -1000 -1000 -1000 -10 0.95751953125
Car -1 -1 -10 1091.0 32.0 1242.0 290.0 -1 -1 -1 -1000 -1000 -1000 -10 0.9521484375
Car -1 -1 -10 430.0 171.0 512.0 243.0 -1 -1 -1 -1000 -1000 -1000 -10 0.93408203125
Car -1 -1 -10 510.0 167.0 544.0 199.0 -1 -1 -1 -1000 -1000 -1000 -10 0.93115234375
Car -1 -1 -10 457.0 177.0 521.0 224.0 -1 -1 -1 -1000 -1000 -1000 -10 0.7880859375
Car -1 -1 -10 498.0 170.0 539.0 203.0 -1 -1 -1 -1000 -1000 -1000 -10 0.0026340484619140625
Car -1 -1 -10 407.0 159.0 533.0 260.0 -1 -1 -1 -1000 -1000 -1000 -10 0.00127410888671875
Car -1 -1 -10 1221.0 100.0 1241.0 259.0 -1 -1 -1 -1000 -1000 -1000 -10 0.0012569427490234375
Car -1 -1 -10 519.0 167.0 550.0 194.0 -1 -1 -1 -1000 -1000 -1000 -10 0.0011625289916992188
Car -1 -1 -10 1211.0 55.0 1242.0 274.0 -1 -1 -1 -1000 -1000 -1000 -10 0.0008058547973632812
Car -1 -1 -10 1226.0 148.0 1242.0 216.0 -1 -1 -1 -1000 -1000 -1000 -10 0.0005359649658203125
Car -1 -1 -10 700.0 0.0 736.0 13.0 -1 -1 -1 -1000 -1000 -1000 -10 0.0005269050598144531
Car -1 -1 -10 1100.0 140.0 1237.0 209.0 -1 -1 -1 -1000 -1000 -1000 -10 0.00048065185546875
Pedestrian -1 -1 -10 896.0 0.0 942.0 52.0 -1 -1 -1 -1000 -1000 -1000 -10 0.0004646778106689453
Car -1 -1 -10 790.0 0.0 829.0 16.0 -1 -1 -1 -1000 -1000 -1000 -10 0.0003914833068847656
Car -1 -1 -10 1223.0 156.0 1242.0 282.0 -1 -1 -1 -1000 -1000 -1000 -10 0.000370025634765625
Car -1 -1 -10 1189.0 77.0 1242.0 269.0 -1 -1 -1 -1000 -1000 -1000 -10 0.0003495216369628906
Car -1 -1 -10 1220.0 186.0 1242.0 325.0 -1 -1 -1 -1000 -1000 -1000 -10 0.00032711029052734375
Car -1 -1 -10 1217.0 142.0 1242.0 221.0 -1 -1 -1 -1000 -1000 -1000 -10 0.0003249645233154297
Car -1 -1 -10 514.0 163.0 543.0 188.0 -1 -1 -1 -1000 -1000 -1000 -10 0.0002663135528564453
Pedestrian -1 -1 -10 970.0 0.0 1003.0 14.0 -1 -1 -1 -1000 -1000 -1000 -10 0.00025963783264160156
Car -1 -1 -10 1227.0 132.0 1241.0 196.0 -1 -1 -1 -1000 -1000 -1000 -10 0.00023877620697021484
Pedestrian -1 -1 -10 818.0 0.0 883.0 42.0 -1 -1 -1 -1000 -1000 -1000 -10 0.00021278858184814453
Car -1 -1 -10 1227.0 163.0 1242.0 261.0 -1 -1 -1 -1000 -1000 -1000 -10 0.00019681453704833984
Car -1 -1 -10 1225.0 197.0 1242.0 291.0 -1 -1 -1 -1000 -1000 -1000 -10 0.00018846988677978516
Car -1 -1 -10 1215.0 179.0 1242.0 374.0 -1 -1 -1 -1000 -1000 -1000 -10 0.00018024444580078125
Car -1 -1 -10 1216.0 134.0 1242.0 196.0 -1 -1 -1 -1000 -1000 -1000 -10 0.00016009807586669922
Car -1 -1 -10 1201.0 126.0 1242.0 262.0 -1 -1 -1 -1000 -1000 -1000 -10 0.00014340877532958984
Car -1 -1 -10 5.0 301.0 305.0 372.0 -1 -1 -1 -1000 -1000 -1000 -10 0.0001418590545654297
Car -1 -1 -10 1197.0 134.0 1241.0 210.0 -1 -1 -1 -1000 -1000 -1000 -10 0.0001226663589477539
Cyclist -1 -1 -10 555.0 2.0 601.0 48.0 -1 -1 -1 -1000 -1000 -1000 -10 0.00011497735977172852
Car -1 -1 -10 1157.0 52.0 1237.0 272.0 -1 -1 -1 -1000 -1000 -1000 -10 0.00011396408081054688
Car -1 -1 -10 1196.0 194.0 1242.0 312.0 -1 -1 -1 -1000 -1000 -1000 -10 0.0001118779182434082
Car -1 -1 -10 446.0 174.0 497.0 235.0 -1 -1 -1 -1000 -1000 -1000 -10 0.0001062154769897461
