Car -1 -1 -10 467.0 178.0 529.0 227.0 -1 -1 -1 -1000 -1000 -1000 -10 0.9658203125
Car -1 -1 -10 535.0 179.0 562.0 201.0 -1 -1 -1 -1000 -1000 -1000 -10 0.9423828125
Cyclist -1 -1 -10 435.0 180.0 450.0 206.0 -1 -1 -1 -1000 -1000 -1000 -10 0.7822265625
Car -1 -1 -10 0.0 193.0 21.0 366.0 -1 -1 -1 -1000 -1000 -1000 -10 0.000988006591796875
Car -1 -1 -10 524.0 177.0 563.0 214.0 -1 -1 -1 -1000 -1000 -1000 -10 0.0005269050598144531
Car -1 -1 -10 430.0 135.0 594.0 277.0 -1 -1 -1 -1000 -1000 -1000 -10 0.00032973289489746094
Car -1 -1 -10 0.0 180.0 17.0 304.0 -1 -1 -1 -1000 -1000 -1000 -10 0.0002830028533935547
Car -1 -1 -10 1.0 187.0 34.0 375.0 -1 -1 -1 -1000 -1000 -1000 -10 0.00026535987854003906
Car -1 -1 -10 0.0 203.0 12.0 323.0 -1 -1 -1 -1000 -1000 -1000 -10 0.0002340078353881836
Cyclist -1 -1 -10 440.0 182.0 456.0 209.0 -1 -1 -1 -1000 -1000 -1000 -10 0.00020205974578857422
Cyclist -1 -1 -10 437.0 185.0 450.0 213.0 -1 -1 -1 -1000 -1000 -1000 -10 0.0001379251480102539
Car -1 -1 -10 0.0 185.0 11.0 284.0 -1 -1 -1 -1000 -1000 -1000 -10 0.00010925531387329102
