Car -1 -1 -10 384.0 175.0 432.0 204.0 -1 -1 -1 -1000 -1000 -1000 -10 0.95166015625
Car -1 -1 -10 584.0 172.0 626.0 211.0 -1 -1 -1 -1000 -1000 -1000 -10 0.9462890625
Car -1 -1 -10 602.0 175.0 670.0 231.0 -1 -1 -1 -1000 -1000 -1000 -10 0.94580078125
Car -1 -1 -10 1016.0 166.0 1149.0 205.0 -1 -1 -1 -1000 -1000 -1000 -10 0.94287109375
Car -1 -1 -10 650.0 159.0 686.0 199.0 -1 -1 -1 -1000 -1000 -1000 -10 0.91943359375
Pedestrian -1 -1 -10 913.0 156.0 942.0 224.0 -1 -1 -1 -1000 -1000 -1000 -10 0.9189453125
Cyclist -1 -1 -10 748.0 166.0 796.0 203.0 -1 -1 -1 -1000 -1000 -1000 -10 0.91015625
Pedestrian -1 -1 -10 536.0 164.0 548.0 204.0 -1 -1 -1 -1000 -1000 -1000 -10 0.787109375
Car -1 -1 -10 471.0 171.0 495.0 189.0 -1 -1 -1 -1000 -1000 -1000 -10 0.229736328125
Car -1 -1 -10 427.0 175.0 453.0 194.0 -1 -1 -1 -1000 -1000 -1000 -10 0.0137939453125
Car -1 -1 -10 1232.0 137.0 1242.0 205.0 -1 -1 -1 -1000 -1000 -1000 -10 0.0042724609375
Cyclist -1 -1 -10 743.0 151.0 800.0 210.0 -1 -1 -1 -1000 -1000 -1000 -10 0.0021820068359375
Car -1 -1 -10 414.0 173.0 450.0 195.0 -1 -1 -1 -1000 -1000 -1000 -10 0.0015039443969726562
Pedestrian -1 -1 -10 534.0 163.0 544.0 199.0 -1 -1 -1 -1000 -1000 -1000 -10 0.0012998580932617188
Pedestrian -1 -1 -10 0.0 172.0 17.0 248.0 -1 -1 -1 -1000 -1000 -1000 -10 0.00122833251953125
Car -1 -1 -10 1226.0 132.0 1241.0 193.0 -1 -1 -1 -1000 -1000 -1000 -10 0.0007443428039550781
Car -1 -1 -10 582.0 170.0 615.0 201.0 -1 -1 -1 -1000 -1000 -1000 -10 0.0006222724914550781
Car -1 -1 -10 1230.0 121.0 1242.0 191.0 -1 -1 -1 -1000 -1000 -1000 -10 0.0006184577941894531
Car -1 -1 -10 0.0 171.0 22.0 238.0 -1 -1 -1 -1000 -1000 -1000 -10 0.0006098747253417969
Cyclist -1 -1 -10 687.0 111.0 847.0 238.0 -1 -1 -1 -1000 -1000 -1000 -10 0.0005788803100585938
Pedestrian -1 -1 -10 529.0 163.0 549.0 199.0 -1 -1 -1 -1000 -1000 -1000 -10 0.0005249977111816406
Pedestrian -1 -1 -10 267.0 0.0 280.0 6.0 -1 -1 -1 -1000 -1000 -1000 -10 0.0004863739013671875
Car -1 -1 -10 1233.0 162.0 1242.0 213.0 -1 -1 -1 -1000 -1000 -1000 -10 0.00042319297790527344
Car -1 -1 -10 513.0 165.0 563.0 199.0 -1 -1 -1 -1000 -1000 -1000 -10 0.0004181861877441406
Car -1 -1 -10 1058.0 170.0 1104.0 197.0 -1 -1 -1 -1000 -1000 -1000 -10 0.0003483295440673828
Car -1 -1 -10 1009.0 158.0 1155.0 219.0 -1 -1 -1 -1000 -1000 -1000 -10 0.0003457069396972656
Car -1 -1 -10 1228.0 147.0 1241.0 215.0 -1 -1 -1 -1000 -1000 -1000 -10 0.00033664703369140625
Car -1 -1 -10 485.0 170.0 522.0 193.0 -1 -1 -1 -1000 -1000 -1000 -10 0.0003330707550048828
Pedestrian -1 -1 -10 523.0 169.0 551.0 203.0 -1 -1 -1 -1000 -1000 -1000 -10 0.0003192424774169922
Cyclist -1 -1 -10 0.0 172.0 23.0 245.0 -1 -1 -1 -1000 -1000 -1000 -10 0.0003178119659423828
Pedestrian -1 -1 -10 532.0 164.0 552.0 206.0 -1 -1 -1 -1000 -1000 -1000 -10 0.00031280517578125
Car -1 -1 -10 518.0 168.0 543.0 201.0 -1 -1 -1 -1000 -1000 -1000 -10 0.00031256675720214844
Pedestrian -1 -1 -10 539.0 0.0 566.0 0.0 -1 -1 -1 -1000 -1000 -1000 -10 0.0003008842468261719
Car -1 -1 -10 985.0 115.0 1175.0 233.0 -1 -1 -1 -1000 -1000 -1000 -10 0.00026035308837890625
Pedestrian -1 -1 -10 256.0 0.0 272.0 6.0 -1 -1 -1 -1000 -1000 -1000 -10 0.00024628639221191406
Car -1 -1 -10 470.0 167.0 494.0 185.0 -1 -1 -1 -1000 -1000 -1000 -10 0.0002415180206298828
Car -1 -1 -10 609.0 169.0 665.0 218.0 -1 -1 -1 -1000 -1000 -1000 -10 0.0002377033233642578
Car -1 -1 -10 558.0 171.0 612.0 205.0 -1 -1 -1 -1000 -1000 -1000 -10 0.0002149343490600586
Car -1 -1 -10 563.0 142.0 715.0 251.0 -1 -1 -1 -1000 -1000 -1000 -10 0.00020372867584228516
Car -1 -1 -10 576.0 157.0 637.0 218.0 -1 -1 -1 -1000 -1000 -1000 -10 0.00019466876983642578
Pedestrian -1 -1 -10 536.0 159.0 552.0 192.0 -1 -1 -1 -1000 -1000 -1000 -10 0.00019156932830810547
Pedestrian -1 -1 -10 1.0 180.0 24.0 236.0 -1 -1 -1 -1000 -1000 -1000 -10 0.00018990039825439453
Car -1 -1 -10 0.0 167.0 18.0 221.0 -1 -1 -1 -1000 -1000 -1000 -10 0.00018715858459472656
Pedestrian -1 -1 -10 519.0 0.0 547.0 0.0 -1 -1 -1 -1000 -1000 -1000 -10 0.00018608570098876953
Pedestrian -1 -1 -10 529.0 0.0 555.0 0.0 -1 -1 -1 -1000 -1000 -1000 -10 0.00016963481903076172
Pedestrian -1 -1 -10 276.0 0.0 290.0 6.0 -1 -1 -1 -1000 -1000 -1000 -10 0.00016808509826660156
Car -1 -1 -10 374.0 157.0 438.0 214.0 -1 -1 -1 -1000 -1000 -1000 -10 0.0001634359359741211
Car -1 -1 -10 378.0 163.0 451.0 226.0 -1 -1 -1 -1000 -1000 -1000 -10 0.00015604496002197266
Car -1 -1 -10 1.0 154.0 26.0 222.0 -1 -1 -1 -1000 -1000 -1000 -10 0.0001558065414428711
Cyclist -1 -1 -10 0.0 162.0 17.0 303.0 -1 -1 -1 -1000 -1000 -1000 -10 0.00014662742614746094
Pedestrian -1 -1 -10 537.0 0.0 580.0 2.0 -1 -1 -1 -1000 -1000 -1000 -10 0.0001385211944580078
Car -1 -1 -10 458.0 171.0 490.0 195.0 -1 -1 -1 -1000 -1000 -1000 -10 0.00013720989227294922
Pedestrian -1 -1 -10 270.0 0.0 341.0 56.0 -1 -1 -1 -1000 -1000 -1000 -10 0.00012230873107910156
Pedestrian -1 -1 -10 1.0 191.0 12.0 247.0 -1 -1 -1 -1000 -1000 -1000 -10 0.00012052059173583984
Car -1 -1 -10 516.0 118.0 693.0 245.0 -1 -1 -1 -1000 -1000 -1000 -10 0.00011920928955078125
Pedestrian -1 -1 -10 288.0 0.0 303.0 6.0 -1 -1 -1 -1000 -1000 -1000 -10 0.0001150965690612793
Pedestrian -1 -1 -10 244.0 0.0 262.0 6.0 -1 -1 -1 -1000 -1000 -1000 -10 0.00010991096496582031
Pedestrian -1 -1 -10 1.0 170.0 27.0 259.0 -1 -1 -1 -1000 -1000 -1000 -10 0.0001080632209777832
Car -1 -1 -10 465.0 166.0 494.0 198.0 -1 -1 -1 -1000 -1000 -1000 -10 0.00010800361633300781
Pedestrian -1 -1 -10 549.0 0.0 576.0 0.0 -1 -1 -1 -1000 -1000 -1000 -10 0.0001055002212524414
Pedestrian -1 -1 -10 490.0 0.0 512.0 0.0 -1 -1 -1 -1000 -1000 -1000 -10 0.00010466575622558594
Car -1 -1 -10 1222.0 123.0 1242.0 206.0 -1 -1 -1 -1000 -1000 -1000 -10 0.00010371208190917969
