Car -1 -1 -10 211.0 181.0 454.0 329.0 -1 -1 -1 -1000 -1000 -1000 -10 0.96826171875
Car -1 -1 -10 1084.0 149.0 1220.0 187.0 -1 -1 -1 -1000 -1000 -1000 -10 0.92919921875
Pedestrian -1 -1 -10 597.0 153.0 642.0 236.0 -1 -1 -1 -1000 -1000 -1000 -10 0.9072265625
Cyclist -1 -1 -10 293.0 166.0 390.0 251.0 -1 -1 -1 -1000 -1000 -1000 -10 0.90283203125
Pedestrian -1 -1 -10 65.0 173.0 117.0 260.0 -1 -1 -1 -1000 -1000 -1000 -10 0.8876953125
Pedestrian -1 -1 -10 393.0 156.0 428.0 250.0 -1 -1 -1 -1000 -1000 -1000 -10 0.87255859375
Pedestrian -1 -1 -10 151.0 177.0 182.0 244.0 -1 -1 -1 -1000 -1000 -1000 -10 0.8564453125
Pedestrian -1 -1 -10 125.0 178.0 159.0 250.0 -1 -1 -1 -1000 -1000 -1000 -10 0.85009765625
Cyclist -1 -1 -10 893.0 150.0 934.0 198.0 -1 -1 -1 -1000 -1000 -1000 -10 0.83447265625
Cyclist -1 -1 -10 1186.0 127.0 1223.0 208.0 -1 -1 -1 -1000 -1000 -1000 -10 0.80322265625
Pedestrian -1 -1 -10 231.0 162.0 260.0 247.0 -1 -1 -1 -1000 -1000 -1000 -10 0.7685546875
Cyclist -1 -1 -10 211.0 179.0 455.0 329.0 -1 -1 -1 -1000 -1000 -1000 -10 0.0751953125
Car -1 -1 -10 462.0 166.0 491.0 188.0 -1 -1 -1 -1000 -1000 -1000 -10 0.06182861328125
Pedestrian -1 -1 -10 120.0 181.0 151.0 242.0 -1 -1 -1 -1000 -1000 -1000 -10 0.04998779296875
Pedestrian -1 -1 -10 92.0 177.0 121.0 252.0 -1 -1 -1 -1000 -1000 -1000 -10 0.039093017578125
Cyclist -1 -1 -10 321.0 155.0 399.0 261.0 -1 -1 -1 -1000 -1000 -1000 -10 0.027862548828125
Car -1 -1 -10 277.0 191.0 393.0 313.0 -1 -1 -1 -1000 -1000 -1000 -10 0.02301025390625
Pedestrian -1 -1 -10 99.0 180.0 128.0 247.0 -1 -1 -1 -1000 -1000 -1000 -10 0.0130615234375
Cyclist -1 -1 -10 908.0 153.0 941.0 193.0 -1 -1 -1 -1000 -1000 -1000 -10 0.01140594482421875
Car -1 -1 -10 1193.0 123.0 1223.0 189.0 -1 -1 -1 -1000 -1000 -1000 -10 0.0101165771484375
Cyclist -1 -1 -10 1.0 183.0 19.0 240.0 -1 -1 -1 -1000 -1000 -1000 -10 0.007228851318359375
Cyclist -1 -1 -10 1199.0 127.0 1223.0 199.0 -1 -1 -1 -1000 -1000 -1000 -10 0.006252288818359375
Cyclist -1 -1 -10 887.0 152.0 921.0 197.0 -1 -1 -1 -1000 -1000 -1000 -10 0.005847930908203125
Pedestrian -1 -1 -10 0.0 183.0 16.0 242.0 -1 -1 -1 -1000 -1000 -1000 -10 0.004924774169921875
Car -1 -1 -10 0.0 189.0 13.0 248.0 -1 -1 -1 -1000 -1000 -1000 -10 0.0031833648681640625
Cyclist -1 -1 -10 280.0 160.0 409.0 269.0 -1 -1 -1 -1000 -1000 -1000 -10 0.0027751922607421875
Car -1 -1 -10 1181.0 131.0 1223.0 181.0 -1 -1 -1 -1000 -1000 -1000 -10 0.002094268798828125
Pedestrian -1 -1 -10 225.0 170.0 270.0 253.0 -1 -1 -1 -1000 -1000 -1000 -10 0.0018863677978515625
Pedestrian -1 -1 -10 0.0 195.0 12.0 256.0 -1 -1 -1 -1000 -1000 -1000 -10 0.0017175674438476562
Car -1 -1 -10 1207.0 121.0 1224.0 182.0 -1 -1 -1 -1000 -1000 -1000 -10 0.0017042160034179688
Pedestrian -1 -1 -10 106.0 178.0 162.0 248.0 -1 -1 -1 -1000 -1000 -1000 -10 0.001293182373046875
Cyclist -1 -1 -10 1179.0 140.0 1214.0 189.0 -1 -1 -1 -1000 -1000 -1000 -10 0.00121307373046875
Cyclist -1 -1 -10 885.0 146.0 942.0 207.0 -1 -1 -1 -1000 -1000 -1000 -10 0.0010862350463867188
Cyclist -1 -1 -10 0.0 179.0 13.0 234.0 -1 -1 -1 -1000 -1000 -1000 -10 0.00102996826171875
Pedestrian -1 -1 -10 66.0 180.0 105.0 243.0 -1 -1 -1 -1000 -1000 -1000 -10 0.0009870529174804688
Cyclist -1 -1 -10 290.0 179.0 363.0 248.0 -1 -1 -1 -1000 -1000 -1000 -10 0.0009613037109375
Car -1 -1 -10 1128.0 152.0 1171.0 180.0 -1 -1 -1 -1000 -1000 -1000 -10 0.000934600830078125
Pedestrian -1 -1 -10 379.0 159.0 436.0 250.0 -1 -1 -1 -1000 -1000 -1000 -10 0.0008788108825683594
Car -1 -1 -10 1196.0 118.0 1223.0 167.0 -1 -1 -1 -1000 -1000 -1000 -10 0.0006918907165527344
Car -1 -1 -10 1078.0 136.0 1223.0 200.0 -1 -1 -1 -1000 -1000 -1000 -10 0.0005269050598144531
Cyclist -1 -1 -10 327.0 180.0 386.0 251.0 -1 -1 -1 -1000 -1000 -1000 -10 0.000514984130859375
Car -1 -1 -10 1183.0 121.0 1221.0 170.0 -1 -1 -1 -1000 -1000 -1000 -10 0.0005116462707519531
Pedestrian -1 -1 -10 119.0 173.0 166.0 235.0 -1 -1 -1 -1000 -1000 -1000 -10 0.0004992485046386719
Pedestrian -1 -1 -10 0.0 186.0 21.0 260.0 -1 -1 -1 -1000 -1000 -1000 -10 0.0004982948303222656
Pedestrian -1 -1 -10 75.0 0.0 126.0 67.0 -1 -1 -1 -1000 -1000 -1000 -10 0.00047135353088378906
Pedestrian -1 -1 -10 19.0 163.0 138.0 269.0 -1 -1 -1 -1000 -1000 -1000 -10 0.0004668235778808594
Pedestrian -1 -1 -10 106.0 178.0 132.0 236.0 -1 -1 -1 -1000 -1000 -1000 -10 0.00043773651123046875
Car -1 -1 -10 1049.0 99.0 1224.0 235.0 -1 -1 -1 -1000 -1000 -1000 -10 0.0004248619079589844
Pedestrian -1 -1 -10 594.0 156.0 633.0 219.0 -1 -1 -1 -1000 -1000 -1000 -10 0.00042247772216796875
Cyclist -1 -1 -10 375.0 168.0 427.0 255.0 -1 -1 -1 -1000 -1000 -1000 -10 0.0004146099090576172
Pedestrian -1 -1 -10 541.0 137.0 673.0 257.0 -1 -1 -1 -1000 -1000 -1000 -10 0.00041103363037109375
Cyclist -1 -1 -10 1185.0 111.0 1223.0 185.0 -1 -1 -1 -1000 -1000 -1000 -10 0.0004074573516845703
Pedestrian -1 -1 -10 55.0 179.0 104.0 261.0 -1 -1 -1 -1000 -1000 -1000 -10 0.0003654956817626953
Cyclist -1 -1 -10 1205.0 151.0 1224.0 249.0 -1 -1 -1 -1000 -1000 -1000 -10 0.0003628730773925781
Pedestrian -1 -1 -10 1.0 197.0 17.0 254.0 -1 -1 -1 -1000 -1000 -1000 -10 0.0003540515899658203
Pedestrian -1 -1 -10 713.0 0.0 739.0 0.0 -1 -1 -1 -1000 -1000 -1000 -10 0.00034546852111816406
Pedestrian -1 -1 -10 747.0 0.0 769.0 0.0 -1 -1 -1 -1000 -1000 -1000 -10 0.0002970695495605469
Pedestrian -1 -1 -10 606.0 159.0 632.0 186.0 -1 -1 -1 -1000 -1000 -1000 -10 0.00029349327087402344
Cyclist -1 -1 -10 1108.0 135.0 1219.0 203.0 -1 -1 -1 -1000 -1000 -1000 -10 0.00029158592224121094
Cyclist -1 -1 -10 1209.0 160.0 1224.0 227.0 -1 -1 -1 -1000 -1000 -1000 -10 0.00028395652770996094
Car -1 -1 -10 0.0 187.0 16.0 314.0 -1 -1 -1 -1000 -1000 -1000 -10 0.00026726722717285156
Cyclist -1 -1 -10 1213.0 169.0 1224.0 241.0 -1 -1 -1 -1000 -1000 -1000 -10 0.0002562999725341797
Car -1 -1 -10 2.0 199.0 16.0 251.0 -1 -1 -1 -1000 -1000 -1000 -10 0.00024700164794921875
Cyclist -1 -1 -10 837.0 125.0 998.0 248.0 -1 -1 -1 -1000 -1000 -1000 -10 0.00024509429931640625
Car -1 -1 -10 1204.0 84.0 1224.0 169.0 -1 -1 -1 -1000 -1000 -1000 -10 0.000244140625
Cyclist -1 -1 -10 317.0 183.0 364.0 243.0 -1 -1 -1 -1000 -1000 -1000 -10 0.00024080276489257812
Pedestrian -1 -1 -10 1.0 170.0 26.0 239.0 -1 -1 -1 -1000 -1000 -1000 -10 0.00024056434631347656
Pedestrian -1 -1 -10 736.0 0.0 761.0 1.0 -1 -1 -1 -1000 -1000 -1000 -10 0.00023543834686279297
Car -1 -1 -10 1113.0 151.0 1191.0 183.0 -1 -1 -1 -1000 -1000 -1000 -10 0.00022220611572265625
Cyclist -1 -1 -10 1133.0 105.0 1224.0 238.0 -1 -1 -1 -1000 -1000 -1000 -10 0.0002143383026123047
Cyclist -1 -1 -10 1063.0 95.0 1224.0 240.0 -1 -1 -1 -1000 -1000 -1000 -10 0.0002034902572631836
Car -1 -1 -10 0.0 194.0 21.0 356.0 -1 -1 -1 -1000 -1000 -1000 -10 0.00020205974578857422
Pedestrian -1 -1 -10 616.0 159.0 638.0 179.0 -1 -1 -1 -1000 -1000 -1000 -10 0.0001996755599975586
Cyclist -1 -1 -10 0.0 167.0 27.0 240.0 -1 -1 -1 -1000 -1000 -1000 -10 0.0001920461654663086
Car -1 -1 -10 1107.0 0.0 1224.0 2.0 -1 -1 -1 -1000 -1000 -1000 -10 0.0001895427703857422
Car -1 -1 -10 606.0 159.0 632.0 187.0 -1 -1 -1 -1000 -1000 -1000 -10 0.00018656253814697266
Pedestrian -1 -1 -10 236.0 168.0 279.0 254.0 -1 -1 -1 -1000 -1000 -1000 -10 0.00018584728240966797
Car -1 -1 -10 616.0 160.0 638.0 178.0 -1 -1 -1 -1000 -1000 -1000 -10 0.00018477439880371094
Car -1 -1 -10 0.0 198.0 11.0 296.0 -1 -1 -1 -1000 -1000 -1000 -10 0.00017321109771728516
Pedestrian -1 -1 -10 160.0 178.0 189.0 241.0 -1 -1 -1 -1000 -1000 -1000 -10 0.00017189979553222656
Cyclist -1 -1 -10 0.0 151.0 12.0 238.0 -1 -1 -1 -1000 -1000 -1000 -10 0.00017011165618896484
Pedestrian -1 -1 -10 115.0 176.0 186.0 249.0 -1 -1 -1 -1000 -1000 -1000 -10 0.00016307830810546875
Pedestrian -1 -1 -10 225.0 165.0 252.0 238.0 -1 -1 -1 -1000 -1000 -1000 -10 0.0001628398895263672
Car -1 -1 -10 0.0 126.0 19.0 244.0 -1 -1 -1 -1000 -1000 -1000 -10 0.0001628398895263672
Car -1 -1 -10 1209.0 102.0 1224.0 163.0 -1 -1 -1 -1000 -1000 -1000 -10 0.0001552104949951172
Pedestrian -1 -1 -10 331.0 175.0 409.0 256.0 -1 -1 -1 -1000 -1000 -1000 -10 0.00014960765838623047
Car -1 -1 -10 616.0 161.0 637.0 173.0 -1 -1 -1 -1000 -1000 -1000 -10 0.0001481771469116211
Pedestrian -1 -1 -10 723.0 0.0 750.0 1.0 -1 -1 -1 -1000 -1000 -1000 -10 0.00014662742614746094
Pedestrian -1 -1 -10 606.0 157.0 643.0 214.0 -1 -1 -1 -1000 -1000 -1000 -10 0.00014472007751464844
Pedestrian -1 -1 -10 701.0 0.0 729.0 0.0 -1 -1 -1 -1000 -1000 -1000 -10 0.00013518333435058594
Cyclist -1 -1 -10 922.0 153.0 947.0 190.0 -1 -1 -1 -1000 -1000 -1000 -10 0.00013303756713867188
Car -1 -1 -10 623.0 161.0 642.0 175.0 -1 -1 -1 -1000 -1000 -1000 -10 0.0001329183578491211
Car -1 -1 -10 609.0 160.0 629.0 174.0 -1 -1 -1 -1000 -1000 -1000 -10 0.00012862682342529297
Pedestrian -1 -1 -10 58.0 182.0 91.0 253.0 -1 -1 -1 -1000 -1000 -1000 -10 0.00012803077697753906
Pedestrian -1 -1 -10 397.0 166.0 426.0 232.0 -1 -1 -1 -1000 -1000 -1000 -10 0.0001251697540283203
Car -1 -1 -10 0.0 214.0 47.0 370.0 -1 -1 -1 -1000 -1000 -1000 -10 0.00010401010513305664
Pedestrian -1 -1 -10 611.0 162.0 648.0 196.0 -1 -1 -1 -1000 -1000 -1000 -10 0.00010251998901367188
