Car -1 -1 -10 785.0 148.0 1109.0 353.0 -1 -1 -1 -1000 -1000 -1000 -10 0.97216796875
Car -1 -1 -10 345.0 177.0 485.0 271.0 -1 -1 -1 -1000 -1000 -1000 -10 0.9677734375
Car -1 -1 -10 525.0 165.0 597.0 218.0 -1 -1 -1 -1000 -1000 -1000 -10 0.958984375
Car -1 -1 -10 442.0 173.0 510.0 217.0 -1 -1 -1 -1000 -1000 -1000 -10 0.9501953125
Car -1 -1 -10 714.0 167.0 794.0 224.0 -1 -1 -1 -1000 -1000 -1000 -10 0.94921875
Car -1 -1 -10 761.0 166.0 865.0 210.0 -1 -1 -1 -1000 -1000 -1000 -10 0.9052734375
Car -1 -1 -10 1215.0 191.0 1242.0 374.0 -1 -1 -1 -1000 -1000 -1000 -10 0.0031147003173828125
Car -1 -1 -10 1207.0 138.0 1242.0 375.0 -1 -1 -1 -1000 -1000 -1000 -10 0.00103759765625
Car -1 -1 -10 775.0 163.0 898.0 203.0 -1 -1 -1 -1000 -1000 -1000 -10 0.001003265380859375
Pedestrian -1 -1 -10 1216.0 138.0 1242.0 355.0 -1 -1 -1 -1000 -1000 -1000 -10 0.0009870529174804688
Car -1 -1 -10 1184.0 210.0 1242.0 371.0 -1 -1 -1 -1000 -1000 -1000 -10 0.0006585121154785156
Car -1 -1 -10 436.0 165.0 514.0 235.0 -1 -1 -1 -1000 -1000 -1000 -10 0.0005035400390625
Car -1 -1 -10 1223.0 220.0 1242.0 351.0 -1 -1 -1 -1000 -1000 -1000 -10 0.0004973411560058594
Car -1 -1 -10 1201.0 219.0 1242.0 354.0 -1 -1 -1 -1000 -1000 -1000 -10 0.00048041343688964844
Car -1 -1 -10 752.0 160.0 891.0 224.0 -1 -1 -1 -1000 -1000 -1000 -10 0.0004582405090332031
Car -1 -1 -10 719.0 119.0 901.0 242.0 -1 -1 -1 -1000 -1000 -1000 -10 0.00029277801513671875
Car -1 -1 -10 659.0 135.0 826.0 267.0 -1 -1 -1 -1000 -1000 -1000 -10 0.00028228759765625
Car -1 -1 -10 475.0 124.0 640.0 240.0 -1 -1 -1 -1000 -1000 -1000 -10 0.0002605915069580078
Car -1 -1 -10 0.0 195.0 24.0 371.0 -1 -1 -1 -1000 -1000 -1000 -10 0.00023376941680908203
Car -1 -1 -10 387.0 125.0 558.0 243.0 -1 -1 -1 -1000 -1000 -1000 -10 0.0002334117889404297
Pedestrian -1 -1 -10 1049.0 14.0 1096.0 82.0 -1 -1 -1 -1000 -1000 -1000 -10 0.0002129077911376953
Car -1 -1 -10 735.0 137.0 924.0 262.0 -1 -1 -1 -1000 -1000 -1000 -10 0.00019931793212890625
Car -1 -1 -10 1204.0 31.0 1242.0 332.0 -1 -1 -1 -1000 -1000 -1000 -10 0.00016236305236816406
Car -1 -1 -10 1192.0 81.0 1242.0 368.0 -1 -1 -1 -1000 -1000 -1000 -10 0.00014352798461914062
Car -1 -1 -10 786.0 170.0 836.0 203.0 -1 -1 -1 -1000 -1000 -1000 -10 0.00014162063598632812
Car -1 -1 -10 815.0 152.0 953.0 197.0 -1 -1 -1 -1000 -1000 -1000 -10 0.00013828277587890625
Car -1 -1 -10 0.0 225.0 47.0 373.0 -1 -1 -1 -1000 -1000 -1000 -10 0.00012362003326416016
Car -1 -1 -10 1170.0 153.0 1242.0 367.0 -1 -1 -1 -1000 -1000 -1000 -10 0.00012290477752685547
Pedestrian -1 -1 -10 0.0 166.0 24.0 366.0 -1 -1 -1 -1000 -1000 -1000 -10 0.00010532140731811523
Car -1 -1 -10 1215.0 69.0 1242.0 325.0 -1 -1 -1 -1000 -1000 -1000 -10 0.00010091066360473633
