Car -1 -1 -10 218.0 189.0 373.0 247.0 -1 -1 -1 -1000 -1000 -1000 -10 0.95556640625
Car -1 -1 -10 305.0 183.0 422.0 231.0 -1 -1 -1 -1000 -1000 -1000 -10 0.9453125
Car -1 -1 -10 334.0 180.0 442.0 224.0 -1 -1 -1 -1000 -1000 -1000 -10 0.90478515625
Car -1 -1 -10 383.0 178.0 476.0 216.0 -1 -1 -1 -1000 -1000 -1000 -10 0.87109375
Car -1 -1 -10 452.0 180.0 513.0 205.0 -1 -1 -1 -1000 -1000 -1000 -10 0.75927734375
Car -1 -1 -10 478.0 178.0 533.0 200.0 -1 -1 -1 -1000 -1000 -1000 -10 0.75927734375
Car -1 -1 -10 435.0 182.0 498.0 209.0 -1 -1 -1 -1000 -1000 -1000 -10 0.724609375
Car -1 -1 -10 412.0 180.0 489.0 212.0 -1 -1 -1 -1000 -1000 -1000 -10 0.49658203125
Car -1 -1 -10 465.0 178.0 522.0 202.0 -1 -1 -1 -1000 -1000 -1000 -10 0.381591796875
Car -1 -1 -10 473.0 183.0 529.0 203.0 -1 -1 -1 -1000 -1000 -1000 -10 0.02197265625
Car -1 -1 -10 359.0 180.0 460.0 219.0 -1 -1 -1 -1000 -1000 -1000 -10 0.00984954833984375
Car -1 -1 -10 444.0 175.0 518.0 212.0 -1 -1 -1 -1000 -1000 -1000 -10 0.0017194747924804688
Car -1 -1 -10 470.0 175.0 534.0 210.0 -1 -1 -1 -1000 -1000 -1000 -10 0.0010709762573242188
Car -1 -1 -10 318.0 172.0 448.0 235.0 -1 -1 -1 -1000 -1000 -1000 -10 0.0010423660278320312
Car -1 -1 -10 428.0 191.0 493.0 216.0 -1 -1 -1 -1000 -1000 -1000 -10 0.0008678436279296875
Car -1 -1 -10 274.0 192.0 317.0 240.0 -1 -1 -1 -1000 -1000 -1000 -10 0.0007419586181640625
Car -1 -1 -10 404.0 168.0 511.0 232.0 -1 -1 -1 -1000 -1000 -1000 -10 0.0006747245788574219
Car -1 -1 -10 335.0 185.0 384.0 222.0 -1 -1 -1 -1000 -1000 -1000 -10 0.0006079673767089844
Car -1 -1 -10 200.0 154.0 398.0 275.0 -1 -1 -1 -1000 -1000 -1000 -10 0.0005855560302734375
Car -1 -1 -10 374.0 167.0 483.0 232.0 -1 -1 -1 -1000 -1000 -1000 -10 0.0005273818969726562
Car -1 -1 -10 393.0 189.0 482.0 219.0 -1 -1 -1 -1000 -1000 -1000 -10 0.0005068778991699219
Car -1 -1 -10 299.0 138.0 475.0 251.0 -1 -1 -1 -1000 -1000 -1000 -10 0.00047016143798828125
Car -1 -1 -10 404.0 181.0 454.0 210.0 -1 -1 -1 -1000 -1000 -1000 -10 0.0003902912139892578
Car -1 -1 -10 416.0 181.0 466.0 209.0 -1 -1 -1 -1000 -1000 -1000 -10 0.0003833770751953125
Car -1 -1 -10 295.0 93.0 319.0 110.0 -1 -1 -1 -1000 -1000 -1000 -10 0.00023984909057617188
Car -1 -1 -10 338.0 125.0 517.0 246.0 -1 -1 -1 -1000 -1000 -1000 -10 0.00021886825561523438
Car -1 -1 -10 373.0 139.0 552.0 272.0 -1 -1 -1 -1000 -1000 -1000 -10 0.00017595291137695312
Car -1 -1 -10 358.0 185.0 407.0 218.0 -1 -1 -1 -1000 -1000 -1000 -10 0.00016009807586669922
Car -1 -1 -10 503.0 177.0 548.0 196.0 -1 -1 -1 -1000 -1000 -1000 -10 0.00015032291412353516
