Car -1 -1 -10 574.0 173.0 833.0 259.0 -1 -1 -1 -1000 -1000 -1000 -10 0.96728515625
Car -1 -1 -10 452.0 186.0 486.0 211.0 -1 -1 -1 -1000 -1000 -1000 -10 0.935546875
Car -1 -1 -10 547.0 184.0 574.0 208.0 -1 -1 -1 -1000 -1000 -1000 -10 0.91943359375
Car -1 -1 -10 0.0 129.0 29.0 355.0 -1 -1 -1 -1000 -1000 -1000 -10 0.0009937286376953125
Car -1 -1 -10 639.0 176.0 756.0 250.0 -1 -1 -1 -1000 -1000 -1000 -10 0.0009584426879882812
Car -1 -1 -10 0.0 77.0 40.0 365.0 -1 -1 -1 -1000 -1000 -1000 -10 0.0008893013000488281
Car -1 -1 -10 1233.0 149.0 1242.0 216.0 -1 -1 -1 -1000 -1000 -1000 -10 0.0006618499755859375
Car -1 -1 -10 458.0 185.0 489.0 205.0 -1 -1 -1 -1000 -1000 -1000 -10 0.0006418228149414062
Car -1 -1 -10 0.0 67.0 70.0 360.0 -1 -1 -1 -1000 -1000 -1000 -10 0.00026106834411621094
Car -1 -1 -10 0.0 130.0 56.0 375.0 -1 -1 -1 -1000 -1000 -1000 -10 0.0002301931381225586
Car -1 -1 -10 1234.0 148.0 1241.0 193.0 -1 -1 -1 -1000 -1000 -1000 -10 0.00021457672119140625
Car -1 -1 -10 1226.0 134.0 1242.0 195.0 -1 -1 -1 -1000 -1000 -1000 -10 0.00020194053649902344
Car -1 -1 -10 1230.0 149.0 1242.0 231.0 -1 -1 -1 -1000 -1000 -1000 -10 0.0001857280731201172
Car -1 -1 -10 0.0 188.0 27.0 316.0 -1 -1 -1 -1000 -1000 -1000 -10 0.00018477439880371094
Car -1 -1 -10 547.0 178.0 578.0 213.0 -1 -1 -1 -1000 -1000 -1000 -10 0.00015020370483398438
Car -1 -1 -10 1232.0 134.0 1242.0 191.0 -1 -1 -1 -1000 -1000 -1000 -10 0.00014102458953857422
Car -1 -1 -10 0.0 71.0 54.0 292.0 -1 -1 -1 -1000 -1000 -1000 -10 0.00012803077697753906
