Car -1 -1 -10 549.0 175.0 572.0 197.0 -1 -1 -1 -1000 -1000 -1000 -10 0.93017578125
Car -1 -1 -10 0.0 189.0 24.0 372.0 -1 -1 -1 -1000 -1000 -1000 -10 0.0003523826599121094
Cyclist -1 -1 -10 0.0 175.0 24.0 351.0 -1 -1 -1 -1000 -1000 -1000 -10 0.0002313852310180664
Pedestrian -1 -1 -10 239.0 0.0 264.0 2.0 -1 -1 -1 -1000 -1000 -1000 -10 0.0001882314682006836
Pedestrian -1 -1 -10 227.0 0.0 253.0 1.0 -1 -1 -1 -1000 -1000 -1000 -10 0.0001881122589111328
Pedestrian -1 -1 -10 220.0 0.0 245.0 1.0 -1 -1 -1 -1000 -1000 -1000 -10 0.00017189979553222656
Pedestrian -1 -1 -10 250.0 0.0 276.0 2.0 -1 -1 -1 -1000 -1000 -1000 -10 0.0001424551010131836
Car -1 -1 -10 1.0 176.0 38.0 375.0 -1 -1 -1 -1000 -1000 -1000 -10 0.00013816356658935547
Pedestrian -1 -1 -10 187.0 0.0 241.0 3.0 -1 -1 -1 -1000 -1000 -1000 -10 0.00013744831085205078
Pedestrian -1 -1 -10 227.0 0.0 272.0 2.0 -1 -1 -1 -1000 -1000 -1000 -10 0.00012409687042236328
Cyclist -1 -1 -10 1.0 155.0 37.0 370.0 -1 -1 -1 -1000 -1000 -1000 -10 0.00011771917343139648
Pedestrian -1 -1 -10 146.0 0.0 205.0 2.0 -1 -1 -1 -1000 -1000 -1000 -10 0.00010639429092407227
Car -1 -1 -10 769.0 330.0 914.0 369.0 -1 -1 -1 -1000 -1000 -1000 -10 0.00010520219802856445
Pedestrian -1 -1 -10 209.0 0.0 255.0 2.0 -1 -1 -1 -1000 -1000 -1000 -10 0.00010138750076293945
