Car -1 -1 -10 653.0 185.0 733.0 243.0 -1 -1 -1 -1000 -1000 -1000 -10 0.94677734375
Car -1 -1 -10 1173.0 211.0 1242.0 373.0 -1 -1 -1 -1000 -1000 -1000 -10 0.004947662353515625
Car -1 -1 -10 1210.0 206.0 1241.0 363.0 -1 -1 -1 -1000 -1000 -1000 -10 0.0015621185302734375
Car -1 -1 -10 1133.0 217.0 1241.0 375.0 -1 -1 -1 -1000 -1000 -1000 -10 0.0010366439819335938
Car -1 -1 -10 1193.0 171.0 1242.0 367.0 -1 -1 -1 -1000 -1000 -1000 -10 0.0005908012390136719
Car -1 -1 -10 628.0 151.0 781.0 274.0 -1 -1 -1 -1000 -1000 -1000 -10 0.0004203319549560547
Pedestrian -1 -1 -10 427.0 0.0 480.0 41.0 -1 -1 -1 -1000 -1000 -1000 -10 0.0003712177276611328
Cyclist -1 -1 -10 580.0 0.0 642.0 39.0 -1 -1 -1 -1000 -1000 -1000 -10 0.0003612041473388672
Car -1 -1 -10 1056.0 207.0 1242.0 375.0 -1 -1 -1 -1000 -1000 -1000 -10 0.00024771690368652344
Car -1 -1 -10 1153.0 176.0 1241.0 362.0 -1 -1 -1 -1000 -1000 -1000 -10 0.00019550323486328125
Car -1 -1 -10 1197.0 214.0 1241.0 341.0 -1 -1 -1 -1000 -1000 -1000 -10 0.00013399124145507812
