Car -1 -1 -10 606.0 174.0 628.0 190.0 -1 -1 -1 -1000 -1000 -1000 -10 0.93408203125
Car -1 -1 -10 674.0 169.0 692.0 185.0 -1 -1 -1 -1000 -1000 -1000 -10 0.01224517822265625
Pedestrian -1 -1 -10 467.0 161.0 487.0 212.0 -1 -1 -1 -1000 -1000 -1000 -10 0.001941680908203125
Car -1 -1 -10 0.0 211.0 26.0 375.0 -1 -1 -1 -1000 -1000 -1000 -10 0.0010471343994140625
Car -1 -1 -10 0.0 184.0 36.0 375.0 -1 -1 -1 -1000 -1000 -1000 -10 0.00028514862060546875
Car -1 -1 -10 605.0 171.0 629.0 195.0 -1 -1 -1 -1000 -1000 -1000 -10 0.0002359151840209961
Car -1 -1 -10 528.0 115.0 541.0 128.0 -1 -1 -1 -1000 -1000 -1000 -10 0.0001863241195678711
Car -1 -1 -10 668.0 163.0 692.0 184.0 -1 -1 -1 -1000 -1000 -1000 -10 0.00016427040100097656
Car -1 -1 -10 665.0 0.0 708.0 5.0 -1 -1 -1 -1000 -1000 -1000 -10 0.0001226663589477539
Car -1 -1 -10 583.0 175.0 599.0 187.0 -1 -1 -1 -1000 -1000 -1000 -10 0.00010675191879272461
Pedestrian -1 -1 -10 667.0 0.0 704.0 4.0 -1 -1 -1 -1000 -1000 -1000 -10 0.00010383129119873047
Car -1 -1 -10 673.0 162.0 702.0 185.0 -1 -1 -1 -1000 -1000 -1000 -10 0.00010257959365844727
