Car -1 -1 -10 203.0 186.0 421.0 336.0 -1 -1 -1 -1000 -1000 -1000 -10 0.96728515625
Car -1 -1 -10 385.0 181.0 500.0 263.0 -1 -1 -1 -1000 -1000 -1000 -10 0.96435546875
Car -1 -1 -10 483.0 178.0 533.0 214.0 -1 -1 -1 -1000 -1000 -1000 -10 0.85205078125
Car -1 -1 -10 499.0 171.0 536.0 203.0 -1 -1 -1 -1000 -1000 -1000 -10 0.8505859375
Car -1 -1 -10 530.0 172.0 552.0 190.0 -1 -1 -1 -1000 -1000 -1000 -10 0.7412109375
Car -1 -1 -10 528.0 174.0 548.0 194.0 -1 -1 -1 -1000 -1000 -1000 -10 0.0007343292236328125
Car -1 -1 -10 238.0 188.0 378.0 328.0 -1 -1 -1 -1000 -1000 -1000 -10 0.0005426406860351562
Car -1 -1 -10 477.0 159.0 536.0 223.0 -1 -1 -1 -1000 -1000 -1000 -10 0.0005292892456054688
Car -1 -1 -10 531.0 164.0 555.0 187.0 -1 -1 -1 -1000 -1000 -1000 -10 0.0004413127899169922
Car -1 -1 -10 528.0 168.0 554.0 199.0 -1 -1 -1 -1000 -1000 -1000 -10 0.00036454200744628906
Car -1 -1 -10 0.0 188.0 30.0 371.0 -1 -1 -1 -1000 -1000 -1000 -10 0.00024116039276123047
Car -1 -1 -10 430.0 120.0 593.0 247.0 -1 -1 -1 -1000 -1000 -1000 -10 0.0002033710479736328
Car -1 -1 -10 477.0 177.0 521.0 205.0 -1 -1 -1 -1000 -1000 -1000 -10 0.0001442432403564453
Car -1 -1 -10 0.0 167.0 48.0 366.0 -1 -1 -1 -1000 -1000 -1000 -10 0.0001285076141357422
