Car -1 -1 -10 0.0 159.0 405.0 373.0 -1 -1 -1 -1000 -1000 -1000 -10 0.96630859375
Car -1 -1 -10 359.0 202.0 490.0 293.0 -1 -1 -1 -1000 -1000 -1000 -10 0.9619140625
Car -1 -1 -10 500.0 190.0 548.0 236.0 -1 -1 -1 -1000 -1000 -1000 -10 0.95556640625
Car -1 -1 -10 562.0 189.0 595.0 210.0 -1 -1 -1 -1000 -1000 -1000 -10 0.904296875
Car -1 -1 -10 536.0 193.0 567.0 222.0 -1 -1 -1 -1000 -1000 -1000 -10 0.88671875
Car -1 -1 -10 538.0 191.0 587.0 217.0 -1 -1 -1 -1000 -1000 -1000 -10 0.492431640625
Car -1 -1 -10 528.0 191.0 563.0 228.0 -1 -1 -1 -1000 -1000 -1000 -10 0.0027866363525390625
Car -1 -1 -10 495.0 179.0 552.0 245.0 -1 -1 -1 -1000 -1000 -1000 -10 0.0009450912475585938
Car -1 -1 -10 1187.0 121.0 1242.0 375.0 -1 -1 -1 -1000 -1000 -1000 -10 0.0006833076477050781
Car -1 -1 -10 0.0 221.0 25.0 372.0 -1 -1 -1 -1000 -1000 -1000 -10 0.0006718635559082031
Car -1 -1 -10 1137.0 81.0 1242.0 356.0 -1 -1 -1 -1000 -1000 -1000 -10 0.000530242919921875
Car -1 -1 -10 0.0 224.0 49.0 373.0 -1 -1 -1 -1000 -1000 -1000 -10 0.0004706382751464844
Car -1 -1 -10 1206.0 140.0 1242.0 375.0 -1 -1 -1 -1000 -1000 -1000 -10 0.0004355907440185547
Car -1 -1 -10 544.0 188.0 571.0 207.0 -1 -1 -1 -1000 -1000 -1000 -10 0.0004074573516845703
Car -1 -1 -10 552.0 185.0 591.0 220.0 -1 -1 -1 -1000 -1000 -1000 -10 0.0003974437713623047
Car -1 -1 -10 435.0 160.0 605.0 289.0 -1 -1 -1 -1000 -1000 -1000 -10 0.00032448768615722656
Car -1 -1 -10 0.0 191.0 20.0 340.0 -1 -1 -1 -1000 -1000 -1000 -10 0.00029468536376953125
Car -1 -1 -10 0.0 213.0 80.0 371.0 -1 -1 -1 -1000 -1000 -1000 -10 0.00022852420806884766
Car -1 -1 -10 1157.0 199.0 1242.0 373.0 -1 -1 -1 -1000 -1000 -1000 -10 0.00021088123321533203
Car -1 -1 -10 1212.0 219.0 1242.0 373.0 -1 -1 -1 -1000 -1000 -1000 -10 0.00020492076873779297
Car -1 -1 -10 1187.0 218.0 1241.0 371.0 -1 -1 -1 -1000 -1000 -1000 -10 0.00018787384033203125
Car -1 -1 -10 0.0 174.0 44.0 354.0 -1 -1 -1 -1000 -1000 -1000 -10 0.0001112222671508789
Car -1 -1 -10 1099.0 68.0 1242.0 209.0 -1 -1 -1 -1000 -1000 -1000 -10 0.00010007619857788086
