Car -1 -1 -10 0.0 216.0 359.0 373.0 -1 -1 -1 -1000 -1000 -1000 -10 0.96435546875
Car -1 -1 -10 639.0 180.0 709.0 237.0 -1 -1 -1 -1000 -1000 -1000 -10 0.9541015625
Car -1 -1 -10 519.0 172.0 564.0 208.0 -1 -1 -1 -1000 -1000 -1000 -10 0.95361328125
Car -1 -1 -10 875.0 162.0 1126.0 256.0 -1 -1 -1 -1000 -1000 -1000 -10 0.94140625
Car -1 -1 -10 630.0 171.0 663.0 205.0 -1 -1 -1 -1000 -1000 -1000 -10 0.92626953125
Car -1 -1 -10 420.0 180.0 513.0 211.0 -1 -1 -1 -1000 -1000 -1000 -10 0.91943359375
Car -1 -1 -10 545.0 177.0 578.0 200.0 -1 -1 -1 -1000 -1000 -1000 -10 0.00392913818359375
Car -1 -1 -10 439.0 183.0 487.0 204.0 -1 -1 -1 -1000 -1000 -1000 -10 0.0015478134155273438
Car -1 -1 -10 514.0 156.0 570.0 215.0 -1 -1 -1 -1000 -1000 -1000 -10 0.0008816719055175781
Car -1 -1 -10 412.0 165.0 522.0 228.0 -1 -1 -1 -1000 -1000 -1000 -10 0.0007739067077636719
Car -1 -1 -10 373.0 132.0 566.0 276.0 -1 -1 -1 -1000 -1000 -1000 -10 0.0004012584686279297
Pedestrian -1 -1 -10 1092.0 90.0 1119.0 126.0 -1 -1 -1 -1000 -1000 -1000 -10 0.0003459453582763672
Car -1 -1 -10 935.0 166.0 1069.0 247.0 -1 -1 -1 -1000 -1000 -1000 -10 0.0003452301025390625
Car -1 -1 -10 582.0 148.0 741.0 273.0 -1 -1 -1 -1000 -1000 -1000 -10 0.00032401084899902344
Car -1 -1 -10 477.0 117.0 629.0 238.0 -1 -1 -1 -1000 -1000 -1000 -10 0.00029158592224121094
Car -1 -1 -10 434.0 133.0 609.0 267.0 -1 -1 -1 -1000 -1000 -1000 -10 0.0002727508544921875
Car -1 -1 -10 0.0 191.0 25.0 371.0 -1 -1 -1 -1000 -1000 -1000 -10 0.00020682811737060547
Car -1 -1 -10 2.0 220.0 201.0 375.0 -1 -1 -1 -1000 -1000 -1000 -10 0.00013065338134765625
Car -1 -1 -10 549.0 182.0 577.0 205.0 -1 -1 -1 -1000 -1000 -1000 -10 0.00011032819747924805
Car -1 -1 -10 553.0 174.0 581.0 198.0 -1 -1 -1 -1000 -1000 -1000 -10 0.00010144710540771484
