Car -1 -1 -10 54.0 196.0 194.0 256.0 -1 -1 -1 -1000 -1000 -1000 -10 0.96142578125
Car -1 -1 -10 631.0 149.0 684.0 207.0 -1 -1 -1 -1000 -1000 -1000 -10 0.95361328125
Car -1 -1 -10 350.0 184.0 404.0 212.0 -1 -1 -1 -1000 -1000 -1000 -10 0.9482421875
Car -1 -1 -10 0.0 204.0 16.0 273.0 -1 -1 -1 -1000 -1000 -1000 -10 0.0012254714965820312
Car -1 -1 -10 106.0 198.0 149.0 246.0 -1 -1 -1 -1000 -1000 -1000 -10 0.0009822845458984375
Car -1 -1 -10 1212.0 195.0 1242.0 368.0 -1 -1 -1 -1000 -1000 -1000 -10 0.0006694793701171875
Car -1 -1 -10 0.0 194.0 12.0 256.0 -1 -1 -1 -1000 -1000 -1000 -10 0.0006232261657714844
Car -1 -1 -10 1195.0 160.0 1242.0 373.0 -1 -1 -1 -1000 -1000 -1000 -10 0.0005249977111816406
Car -1 -1 -10 572.0 127.0 723.0 246.0 -1 -1 -1 -1000 -1000 -1000 -10 0.0004100799560546875
Car -1 -1 -10 35.0 168.0 210.0 275.0 -1 -1 -1 -1000 -1000 -1000 -10 0.00033211708068847656
Car -1 -1 -10 604.0 116.0 745.0 235.0 -1 -1 -1 -1000 -1000 -1000 -10 0.000286102294921875
Car -1 -1 -10 0.0 210.0 23.0 288.0 -1 -1 -1 -1000 -1000 -1000 -10 0.00023436546325683594
Car -1 -1 -10 0.0 190.0 23.0 268.0 -1 -1 -1 -1000 -1000 -1000 -10 0.0002028942108154297
Car -1 -1 -10 562.0 1.0 625.0 53.0 -1 -1 -1 -1000 -1000 -1000 -10 0.00020229816436767578
Car -1 -1 -10 1179.0 207.0 1242.0 369.0 -1 -1 -1 -1000 -1000 -1000 -10 0.00016748905181884766
Car -1 -1 -10 543.0 0.0 605.0 51.0 -1 -1 -1 -1000 -1000 -1000 -10 0.00015485286712646484
Car -1 -1 -10 0.0 194.0 10.0 238.0 -1 -1 -1 -1000 -1000 -1000 -10 0.00012010335922241211
Car -1 -1 -10 1226.0 229.0 1242.0 358.0 -1 -1 -1 -1000 -1000 -1000 -10 0.00011688470840454102
Pedestrian -1 -1 -10 144.0 0.0 197.0 1.0 -1 -1 -1 -1000 -1000 -1000 -10 0.00011485815048217773
Car -1 -1 -10 334.0 67.0 349.0 83.0 -1 -1 -1 -1000 -1000 -1000 -10 0.00010991096496582031
Car -1 -1 -10 521.0 0.0 583.0 52.0 -1 -1 -1 -1000 -1000 -1000 -10 0.00010645389556884766
Car -1 -1 -10 0.0 207.0 32.0 274.0 -1 -1 -1 -1000 -1000 -1000 -10 0.00010401010513305664
