Car -1 -1 -10 1.0 102.0 295.0 315.0 -1 -1 -1 -1000 -1000 -1000 -10 0.96435546875
Car -1 -1 -10 255.0 183.0 366.0 243.0 -1 -1 -1 -1000 -1000 -1000 -10 0.95751953125
Car -1 -1 -10 576.0 176.0 614.0 210.0 -1 -1 -1 -1000 -1000 -1000 -10 0.95458984375
Car -1 -1 -10 526.0 140.0 568.0 199.0 -1 -1 -1 -1000 -1000 -1000 -10 0.93212890625
Car -1 -1 -10 0.0 191.0 22.0 368.0 -1 -1 -1 -1000 -1000 -1000 -10 0.0009851455688476562
Car -1 -1 -10 229.0 157.0 390.0 269.0 -1 -1 -1 -1000 -1000 -1000 -10 0.0008864402770996094
Car -1 -1 -10 0.0 181.0 24.0 296.0 -1 -1 -1 -1000 -1000 -1000 -10 0.0006041526794433594
Car -1 -1 -10 95.0 113.0 210.0 296.0 -1 -1 -1 -1000 -1000 -1000 -10 0.00044083595275878906
Car -1 -1 -10 290.0 184.0 338.0 236.0 -1 -1 -1 -1000 -1000 -1000 -10 0.0003731250762939453
Car -1 -1 -10 0.0 183.0 53.0 286.0 -1 -1 -1 -1000 -1000 -1000 -10 0.0003418922424316406
Car -1 -1 -10 0.0 195.0 41.0 360.0 -1 -1 -1 -1000 -1000 -1000 -10 0.00021886825561523438
Car -1 -1 -10 9.0 112.0 113.0 160.0 -1 -1 -1 -1000 -1000 -1000 -10 0.00021255016326904297
Car -1 -1 -10 502.0 6.0 584.0 60.0 -1 -1 -1 -1000 -1000 -1000 -10 0.0001666545867919922
Car -1 -1 -10 0.0 182.0 14.0 268.0 -1 -1 -1 -1000 -1000 -1000 -10 0.00014853477478027344
Car -1 -1 -10 0.0 112.0 17.0 169.0 -1 -1 -1 -1000 -1000 -1000 -10 0.0001348257064819336
Car -1 -1 -10 0.0 116.0 11.0 169.0 -1 -1 -1 -1000 -1000 -1000 -10 0.00012314319610595703
Car -1 -1 -10 448.0 6.0 534.0 62.0 -1 -1 -1 -1000 -1000 -1000 -10 0.00012218952178955078
Car -1 -1 -10 3.0 110.0 110.0 197.0 -1 -1 -1 -1000 -1000 -1000 -10 0.00010496377944946289
Car -1 -1 -10 6.0 113.0 66.0 163.0 -1 -1 -1 -1000 -1000 -1000 -10 0.00010061264038085938
