Car -1 -1 -10 844.0 155.0 1239.0 372.0 -1 -1 -1 -1000 -1000 -1000 -10 0.966796875
Car -1 -1 -10 304.0 175.0 480.0 292.0 -1 -1 -1 -1000 -1000 -1000 -10 0.9658203125
Car -1 -1 -10 676.0 166.0 783.0 245.0 -1 -1 -1 -1000 -1000 -1000 -10 0.96484375
Car -1 -1 -10 0.0 219.0 252.0 374.0 -1 -1 -1 -1000 -1000 -1000 -10 0.9619140625
Car -1 -1 -10 637.0 166.0 675.0 200.0 -1 -1 -1 -1000 -1000 -1000 -10 0.93603515625
Car -1 -1 -10 681.0 149.0 719.0 177.0 -1 -1 -1 -1000 -1000 -1000 -10 0.89599609375
Car -1 -1 -10 697.0 150.0 730.0 176.0 -1 -1 -1 -1000 -1000 -1000 -10 0.003261566162109375
Car -1 -1 -10 1182.0 142.0 1242.0 222.0 -1 -1 -1 -1000 -1000 -1000 -10 0.0032291412353515625
Car -1 -1 -10 710.0 148.0 741.0 174.0 -1 -1 -1 -1000 -1000 -1000 -10 0.0012683868408203125
Car -1 -1 -10 670.0 153.0 701.0 176.0 -1 -1 -1 -1000 -1000 -1000 -10 0.0007662773132324219
Car -1 -1 -10 58.0 226.0 180.0 362.0 -1 -1 -1 -1000 -1000 -1000 -10 0.0007429122924804688
Car -1 -1 -10 671.0 170.0 751.0 232.0 -1 -1 -1 -1000 -1000 -1000 -10 0.0007071495056152344
Car -1 -1 -10 661.0 162.0 684.0 182.0 -1 -1 -1 -1000 -1000 -1000 -10 0.0005040168762207031
Car -1 -1 -10 1172.0 146.0 1242.0 254.0 -1 -1 -1 -1000 -1000 -1000 -10 0.0004658699035644531
Car -1 -1 -10 640.0 161.0 672.0 183.0 -1 -1 -1 -1000 -1000 -1000 -10 0.00046324729919433594
Car -1 -1 -10 1190.0 142.0 1242.0 353.0 -1 -1 -1 -1000 -1000 -1000 -10 0.00041866302490234375
Car -1 -1 -10 1215.0 142.0 1242.0 339.0 -1 -1 -1 -1000 -1000 -1000 -10 0.0004086494445800781
Car -1 -1 -10 1210.0 114.0 1241.0 217.0 -1 -1 -1 -1000 -1000 -1000 -10 0.00032639503479003906
Car -1 -1 -10 1189.0 94.0 1241.0 216.0 -1 -1 -1 -1000 -1000 -1000 -10 0.00020503997802734375
Car -1 -1 -10 1197.0 160.0 1241.0 219.0 -1 -1 -1 -1000 -1000 -1000 -10 0.00015425682067871094
Car -1 -1 -10 551.0 129.0 734.0 269.0 -1 -1 -1 -1000 -1000 -1000 -10 0.00015413761138916016
Car -1 -1 -10 625.0 150.0 681.0 210.0 -1 -1 -1 -1000 -1000 -1000 -10 0.0001442432403564453
Car -1 -1 -10 3.0 235.0 124.0 373.0 -1 -1 -1 -1000 -1000 -1000 -10 0.0001227855682373047
Cyclist -1 -1 -10 1182.0 84.0 1242.0 219.0 -1 -1 -1 -1000 -1000 -1000 -10 0.00012123584747314453
Car -1 -1 -10 649.0 153.0 721.0 213.0 -1 -1 -1 -1000 -1000 -1000 -10 0.00010323524475097656
