Car -1 -1 -10 714.0 181.0 771.0 229.0 -1 -1 -1 -1000 -1000 -1000 -10 0.96142578125
Car -1 -1 -10 792.0 182.0 825.0 202.0 -1 -1 -1 -1000 -1000 -1000 -10 0.91796875
Car -1 -1 -10 318.0 185.0 352.0 213.0 -1 -1 -1 -1000 -1000 -1000 -10 0.90380859375
Car -1 -1 -10 283.0 192.0 327.0 220.0 -1 -1 -1 -1000 -1000 -1000 -10 0.89892578125
Car -1 -1 -10 0.0 209.0 35.0 257.0 -1 -1 -1 -1000 -1000 -1000 -10 0.8876953125
Car -1 -1 -10 856.0 177.0 887.0 192.0 -1 -1 -1 -1000 -1000 -1000 -10 0.75830078125
Car -1 -1 -10 60.0 205.0 117.0 239.0 -1 -1 -1 -1000 -1000 -1000 -10 0.486083984375
Car -1 -1 -10 858.0 174.0 887.0 188.0 -1 -1 -1 -1000 -1000 -1000 -10 0.392578125
Car -1 -1 -10 287.0 189.0 349.0 217.0 -1 -1 -1 -1000 -1000 -1000 -10 0.366455078125
Car -1 -1 -10 0.0 214.0 14.0 292.0 -1 -1 -1 -1000 -1000 -1000 -10 0.25
Car -1 -1 -10 0.0 211.0 18.0 277.0 -1 -1 -1 -1000 -1000 -1000 -10 0.1322021484375
Car -1 -1 -10 266.0 190.0 315.0 222.0 -1 -1 -1 -1000 -1000 -1000 -10 0.037841796875
Car -1 -1 -10 864.0 170.0 893.0 184.0 -1 -1 -1 -1000 -1000 -1000 -10 0.030975341796875
Car -1 -1 -10 844.0 178.0 873.0 193.0 -1 -1 -1 -1000 -1000 -1000 -10 0.025726318359375
Car -1 -1 -10 327.0 183.0 356.0 208.0 -1 -1 -1 -1000 -1000 -1000 -10 0.0212860107421875
Car -1 -1 -10 19.0 206.0 90.0 244.0 -1 -1 -1 -1000 -1000 -1000 -10 0.0085296630859375
Car -1 -1 -10 54.0 203.0 105.0 235.0 -1 -1 -1 -1000 -1000 -1000 -10 0.003997802734375
Car -1 -1 -10 869.0 171.0 901.0 187.0 -1 -1 -1 -1000 -1000 -1000 -10 0.0037078857421875
Car -1 -1 -10 343.0 181.0 370.0 205.0 -1 -1 -1 -1000 -1000 -1000 -10 0.002498626708984375
Car -1 -1 -10 1.0 202.0 31.0 244.0 -1 -1 -1 -1000 -1000 -1000 -10 0.002193450927734375
Car -1 -1 -10 351.0 181.0 377.0 203.0 -1 -1 -1 -1000 -1000 -1000 -10 0.0020465850830078125
Car -1 -1 -10 869.0 164.0 895.0 178.0 -1 -1 -1 -1000 -1000 -1000 -10 0.0016117095947265625
Car -1 -1 -10 336.0 184.0 365.0 206.0 -1 -1 -1 -1000 -1000 -1000 -10 0.00148773193359375
Car -1 -1 -10 73.0 204.0 132.0 235.0 -1 -1 -1 -1000 -1000 -1000 -10 0.0012912750244140625
Car -1 -1 -10 35.0 201.0 93.0 235.0 -1 -1 -1 -1000 -1000 -1000 -10 0.001232147216796875
Car -1 -1 -10 874.0 166.0 902.0 181.0 -1 -1 -1 -1000 -1000 -1000 -10 0.0010824203491210938
Car -1 -1 -10 0.0 209.0 22.0 324.0 -1 -1 -1 -1000 -1000 -1000 -10 0.0009722709655761719
Car -1 -1 -10 791.0 176.0 829.0 207.0 -1 -1 -1 -1000 -1000 -1000 -10 0.0009450912475585938
Car -1 -1 -10 0.0 212.0 29.0 278.0 -1 -1 -1 -1000 -1000 -1000 -10 0.0008168220520019531
Car -1 -1 -10 839.0 179.0 862.0 194.0 -1 -1 -1 -1000 -1000 -1000 -10 0.0007505416870117188
Car -1 -1 -10 854.0 168.0 891.0 203.0 -1 -1 -1 -1000 -1000 -1000 -10 0.0005064010620117188
Car -1 -1 -10 886.0 160.0 920.0 178.0 -1 -1 -1 -1000 -1000 -1000 -10 0.0004949569702148438
Car -1 -1 -10 861.0 164.0 888.0 180.0 -1 -1 -1 -1000 -1000 -1000 -10 0.0004858970642089844
Car -1 -1 -10 888.0 165.0 917.0 180.0 -1 -1 -1 -1000 -1000 -1000 -10 0.0004222393035888672
Car -1 -1 -10 7.0 211.0 48.0 249.0 -1 -1 -1 -1000 -1000 -1000 -10 0.0003876686096191406
Car -1 -1 -10 1.0 219.0 16.0 317.0 -1 -1 -1 -1000 -1000 -1000 -10 0.0003647804260253906
Car -1 -1 -10 352.0 185.0 381.0 207.0 -1 -1 -1 -1000 -1000 -1000 -10 0.00034332275390625
Car -1 -1 -10 273.0 174.0 338.0 239.0 -1 -1 -1 -1000 -1000 -1000 -10 0.0003154277801513672
Car -1 -1 -10 887.0 172.0 915.0 188.0 -1 -1 -1 -1000 -1000 -1000 -10 0.0003142356872558594
Car -1 -1 -10 0.0 217.0 19.0 376.0 -1 -1 -1 -1000 -1000 -1000 -10 0.0002865791320800781
Car -1 -1 -10 868.0 176.0 907.0 196.0 -1 -1 -1 -1000 -1000 -1000 -10 0.00028133392333984375
Car -1 -1 -10 0.0 204.0 49.0 273.0 -1 -1 -1 -1000 -1000 -1000 -10 0.0002727508544921875
Car -1 -1 -10 331.0 179.0 360.0 205.0 -1 -1 -1 -1000 -1000 -1000 -10 0.0002532005310058594
Car -1 -1 -10 852.0 167.0 882.0 185.0 -1 -1 -1 -1000 -1000 -1000 -10 0.00024962425231933594
Car -1 -1 -10 647.0 139.0 812.0 274.0 -1 -1 -1 -1000 -1000 -1000 -10 0.00023996829986572266
Car -1 -1 -10 890.0 159.0 918.0 173.0 -1 -1 -1 -1000 -1000 -1000 -10 0.00022661685943603516
Car -1 -1 -10 832.0 180.0 863.0 199.0 -1 -1 -1 -1000 -1000 -1000 -10 0.00022101402282714844
Car -1 -1 -10 52.0 191.0 122.0 252.0 -1 -1 -1 -1000 -1000 -1000 -10 0.00022077560424804688
Car -1 -1 -10 0.0 221.0 11.0 339.0 -1 -1 -1 -1000 -1000 -1000 -10 0.0002167224884033203
Car -1 -1 -10 879.0 161.0 906.0 176.0 -1 -1 -1 -1000 -1000 -1000 -10 0.00020956993103027344
Car -1 -1 -10 0.0 203.0 18.0 236.0 -1 -1 -1 -1000 -1000 -1000 -10 0.00020766258239746094
Car -1 -1 -10 88.0 207.0 139.0 238.0 -1 -1 -1 -1000 -1000 -1000 -10 0.00017690658569335938
Car -1 -1 -10 56.0 196.0 141.0 263.0 -1 -1 -1 -1000 -1000 -1000 -10 0.00016689300537109375
Car -1 -1 -10 736.0 182.0 776.0 207.0 -1 -1 -1 -1000 -1000 -1000 -10 0.00016438961029052734
Car -1 -1 -10 862.0 165.0 889.0 187.0 -1 -1 -1 -1000 -1000 -1000 -10 0.00016224384307861328
Car -1 -1 -10 79.0 195.0 144.0 234.0 -1 -1 -1 -1000 -1000 -1000 -10 0.00015461444854736328
Car -1 -1 -10 2.0 198.0 46.0 232.0 -1 -1 -1 -1000 -1000 -1000 -10 0.0001537799835205078
Car -1 -1 -10 0.0 205.0 31.0 343.0 -1 -1 -1 -1000 -1000 -1000 -10 0.00015282630920410156
Car -1 -1 -10 895.0 168.0 933.0 186.0 -1 -1 -1 -1000 -1000 -1000 -10 0.0001519918441772461
Car -1 -1 -10 860.0 184.0 887.0 203.0 -1 -1 -1 -1000 -1000 -1000 -10 0.00013816356658935547
Car -1 -1 -10 245.0 186.0 304.0 221.0 -1 -1 -1 -1000 -1000 -1000 -10 0.0001366138458251953
Car -1 -1 -10 899.0 156.0 935.0 173.0 -1 -1 -1 -1000 -1000 -1000 -10 0.00012576580047607422
Car -1 -1 -10 747.0 182.0 772.0 201.0 -1 -1 -1 -1000 -1000 -1000 -10 0.00011974573135375977
Car -1 -1 -10 41.0 209.0 93.0 241.0 -1 -1 -1 -1000 -1000 -1000 -10 0.0001175999641418457
Car -1 -1 -10 900.0 164.0 929.0 179.0 -1 -1 -1 -1000 -1000 -1000 -10 0.00011277198791503906
Car -1 -1 -10 818.0 183.0 840.0 198.0 -1 -1 -1 -1000 -1000 -1000 -10 0.00011235475540161133
Car -1 -1 -10 0.0 237.0 12.0 296.0 -1 -1 -1 -1000 -1000 -1000 -10 0.00010448694229125977
Car -1 -1 -10 230.0 136.0 383.0 254.0 -1 -1 -1 -1000 -1000 -1000 -10 0.00010335445404052734
