Car -1 -1 -10 110.0 188.0 465.0 373.0 -1 -1 -1 -1000 -1000 -1000 -10 0.97265625
Car -1 -1 -10 457.0 187.0 546.0 258.0 -1 -1 -1 -1000 -1000 -1000 -10 0.96533203125
Car -1 -1 -10 563.0 186.0 592.0 209.0 -1 -1 -1 -1000 -1000 -1000 -10 0.93212890625
Car -1 -1 -10 1211.0 188.0 1242.0 375.0 -1 -1 -1 -1000 -1000 -1000 -10 0.0009341239929199219
Car -1 -1 -10 447.0 174.0 566.0 267.0 -1 -1 -1 -1000 -1000 -1000 -10 0.0007491111755371094
Car -1 -1 -10 1.0 224.0 22.0 375.0 -1 -1 -1 -1000 -1000 -1000 -10 0.0006322860717773438
Car -1 -1 -10 1197.0 205.0 1241.0 375.0 -1 -1 -1 -1000 -1000 -1000 -10 0.00048279762268066406
Car -1 -1 -10 0.0 225.0 38.0 375.0 -1 -1 -1 -1000 -1000 -1000 -10 0.0003039836883544922
Car -1 -1 -10 1.0 212.0 142.0 373.0 -1 -1 -1 -1000 -1000 -1000 -10 0.00018262863159179688
Car -1 -1 -10 1164.0 135.0 1242.0 375.0 -1 -1 -1 -1000 -1000 -1000 -10 0.00017070770263671875
Car -1 -1 -10 0.0 187.0 17.0 335.0 -1 -1 -1 -1000 -1000 -1000 -10 0.0001684427261352539
Car -1 -1 -10 0.0 231.0 13.0 341.0 -1 -1 -1 -1000 -1000 -1000 -10 0.0001571178436279297
Car -1 -1 -10 1200.0 109.0 1241.0 369.0 -1 -1 -1 -1000 -1000 -1000 -10 0.00015044212341308594
Car -1 -1 -10 0.0 208.0 13.0 295.0 -1 -1 -1 -1000 -1000 -1000 -10 0.0001443624496459961
Car -1 -1 -10 595.0 0.0 633.0 0.0 -1 -1 -1 -1000 -1000 -1000 -10 0.00012576580047607422
Car -1 -1 -10 582.0 0.0 625.0 1.0 -1 -1 -1 -1000 -1000 -1000 -10 0.00010561943054199219
