Pedestrian -1 -1 -10 48.0 164.0 139.0 329.0 -1 -1 -1 -1000 -1000 -1000 -10 0.93017578125
Pedestrian -1 -1 -10 0.0 117.0 17.0 271.0 -1 -1 -1 -1000 -1000 -1000 -10 0.0028514862060546875
Pedestrian -1 -1 -10 0.0 114.0 27.0 279.0 -1 -1 -1 -1000 -1000 -1000 -10 0.0007348060607910156
Pedestrian -1 -1 -10 1.0 138.0 23.0 246.0 -1 -1 -1 -1000 -1000 -1000 -10 0.00034737586975097656
Car -1 -1 -10 717.0 52.0 736.0 68.0 -1 -1 -1 -1000 -1000 -1000 -10 0.0002899169921875
Pedestrian -1 -1 -10 0.0 138.0 12.0 261.0 -1 -1 -1 -1000 -1000 -1000 -10 0.00025773048400878906
Pedestrian -1 -1 -10 0.0 146.0 14.0 325.0 -1 -1 -1 -1000 -1000 -1000 -10 0.00017559528350830078
Car -1 -1 -10 675.0 54.0 698.0 71.0 -1 -1 -1 -1000 -1000 -1000 -10 0.00013005733489990234
Car -1 -1 -10 711.0 51.0 741.0 68.0 -1 -1 -1 -1000 -1000 -1000 -10 0.00011980533599853516
Pedestrian -1 -1 -10 0.0 183.0 16.0 370.0 -1 -1 -1 -1000 -1000 -1000 -10 0.00010687112808227539
Car -1 -1 -10 0.0 108.0 16.0 222.0 -1 -1 -1 -1000 -1000 -1000 -10 0.00010013580322265625
