Car -1 -1 -10 179.0 180.0 344.0 245.0 -1 -1 -1 -1000 -1000 -1000 -10 0.95556640625
Car -1 -1 -10 1.0 182.0 136.0 308.0 -1 -1 -1 -1000 -1000 -1000 -10 0.9541015625
Car -1 -1 -10 389.0 176.0 446.0 216.0 -1 -1 -1 -1000 -1000 -1000 -10 0.94873046875
Car -1 -1 -10 106.0 182.0 245.0 256.0 -1 -1 -1 -1000 -1000 -1000 -10 0.943359375
Car -1 -1 -10 413.0 176.0 464.0 209.0 -1 -1 -1 -1000 -1000 -1000 -10 0.935546875
Pedestrian -1 -1 -10 343.0 183.0 361.0 240.0 -1 -1 -1 -1000 -1000 -1000 -10 0.70947265625
Car -1 -1 -10 0.0 181.0 40.0 334.0 -1 -1 -1 -1000 -1000 -1000 -10 0.689453125
Pedestrian -1 -1 -10 344.0 197.0 359.0 239.0 -1 -1 -1 -1000 -1000 -1000 -10 0.402099609375
Pedestrian -1 -1 -10 347.0 207.0 360.0 242.0 -1 -1 -1 -1000 -1000 -1000 -10 0.044647216796875
Car -1 -1 -10 0.0 200.0 32.0 370.0 -1 -1 -1 -1000 -1000 -1000 -10 0.035614013671875
Car -1 -1 -10 443.0 177.0 481.0 203.0 -1 -1 -1 -1000 -1000 -1000 -10 0.0197601318359375
Pedestrian -1 -1 -10 337.0 188.0 353.0 238.0 -1 -1 -1 -1000 -1000 -1000 -10 0.01220703125
Pedestrian -1 -1 -10 349.0 187.0 367.0 235.0 -1 -1 -1 -1000 -1000 -1000 -10 0.005268096923828125
Pedestrian -1 -1 -10 332.0 177.0 354.0 239.0 -1 -1 -1 -1000 -1000 -1000 -10 0.00299835205078125
Car -1 -1 -10 0.0 232.0 22.0 368.0 -1 -1 -1 -1000 -1000 -1000 -10 0.0026912689208984375
Car -1 -1 -10 0.0 170.0 100.0 348.0 -1 -1 -1 -1000 -1000 -1000 -10 0.002399444580078125
Pedestrian -1 -1 -10 336.0 199.0 349.0 238.0 -1 -1 -1 -1000 -1000 -1000 -10 0.0023555755615234375
Pedestrian -1 -1 -10 351.0 203.0 365.0 240.0 -1 -1 -1 -1000 -1000 -1000 -10 0.0022830963134765625
Car -1 -1 -10 0.0 179.0 23.0 320.0 -1 -1 -1 -1000 -1000 -1000 -10 0.001674652099609375
Car -1 -1 -10 650.0 172.0 673.0 191.0 -1 -1 -1 -1000 -1000 -1000 -10 0.0013036727905273438
Car -1 -1 -10 838.0 159.0 923.0 188.0 -1 -1 -1 -1000 -1000 -1000 -10 0.0011692047119140625
Car -1 -1 -10 4.0 195.0 52.0 311.0 -1 -1 -1 -1000 -1000 -1000 -10 0.0011568069458007812
Car -1 -1 -10 0.0 149.0 32.0 316.0 -1 -1 -1 -1000 -1000 -1000 -10 0.0009484291076660156
Car -1 -1 -10 388.0 160.0 453.0 222.0 -1 -1 -1 -1000 -1000 -1000 -10 0.0009140968322753906
Car -1 -1 -10 170.0 161.0 356.0 265.0 -1 -1 -1 -1000 -1000 -1000 -10 0.0008068084716796875
Car -1 -1 -10 314.0 137.0 488.0 275.0 -1 -1 -1 -1000 -1000 -1000 -10 0.0004425048828125
Car -1 -1 -10 452.0 179.0 494.0 203.0 -1 -1 -1 -1000 -1000 -1000 -10 0.00041294097900390625
Pedestrian -1 -1 -10 851.0 0.0 911.0 55.0 -1 -1 -1 -1000 -1000 -1000 -10 0.0003399848937988281
Car -1 -1 -10 423.0 174.0 471.0 205.0 -1 -1 -1 -1000 -1000 -1000 -10 0.0003325939178466797
Pedestrian -1 -1 -10 345.0 176.0 365.0 228.0 -1 -1 -1 -1000 -1000 -1000 -10 0.0002932548522949219
Car -1 -1 -10 352.0 127.0 508.0 244.0 -1 -1 -1 -1000 -1000 -1000 -10 0.0002772808074951172
Pedestrian -1 -1 -10 351.0 176.0 380.0 230.0 -1 -1 -1 -1000 -1000 -1000 -10 0.00025844573974609375
Car -1 -1 -10 406.0 164.0 485.0 227.0 -1 -1 -1 -1000 -1000 -1000 -10 0.0002579689025878906
Car -1 -1 -10 0.0 233.0 38.0 347.0 -1 -1 -1 -1000 -1000 -1000 -10 0.00020039081573486328
Car -1 -1 -10 456.0 173.0 500.0 198.0 -1 -1 -1 -1000 -1000 -1000 -10 0.00018703937530517578
Car -1 -1 -10 0.0 214.0 54.0 375.0 -1 -1 -1 -1000 -1000 -1000 -10 0.00016176700592041016
Car -1 -1 -10 373.0 135.0 541.0 272.0 -1 -1 -1 -1000 -1000 -1000 -10 0.0001589059829711914
Car -1 -1 -10 649.0 174.0 679.0 196.0 -1 -1 -1 -1000 -1000 -1000 -10 0.00015795230865478516
Car -1 -1 -10 0.0 218.0 42.0 285.0 -1 -1 -1 -1000 -1000 -1000 -10 0.00013744831085205078
Pedestrian -1 -1 -10 338.0 172.0 360.0 232.0 -1 -1 -1 -1000 -1000 -1000 -10 0.00012493133544921875
Pedestrian -1 -1 -10 358.0 184.0 380.0 224.0 -1 -1 -1 -1000 -1000 -1000 -10 0.00011974573135375977
Car -1 -1 -10 227.0 185.0 357.0 237.0 -1 -1 -1 -1000 -1000 -1000 -10 0.00011497735977172852
Car -1 -1 -10 242.0 183.0 283.0 237.0 -1 -1 -1 -1000 -1000 -1000 -10 0.00011259317398071289
Pedestrian -1 -1 -10 352.0 191.0 377.0 241.0 -1 -1 -1 -1000 -1000 -1000 -10 0.00010854005813598633
