Car -1 -1 -10 838.0 167.0 1068.0 310.0 -1 -1 -1 -1000 -1000 -1000 -10 0.96826171875
Car -1 -1 -10 0.0 184.0 168.0 285.0 -1 -1 -1 -1000 -1000 -1000 -10 0.96484375
Car -1 -1 -10 594.0 176.0 637.0 216.0 -1 -1 -1 -1000 -1000 -1000 -10 0.96142578125
Car -1 -1 -10 778.0 170.0 974.0 270.0 -1 -1 -1 -1000 -1000 -1000 -10 0.96044921875
Car -1 -1 -10 717.0 178.0 872.0 247.0 -1 -1 -1 -1000 -1000 -1000 -10 0.9482421875
Car -1 -1 -10 693.0 171.0 823.0 233.0 -1 -1 -1 -1000 -1000 -1000 -10 0.92724609375
Car -1 -1 -10 489.0 176.0 514.0 194.0 -1 -1 -1 -1000 -1000 -1000 -10 0.92626953125
Car -1 -1 -10 523.0 179.0 546.0 196.0 -1 -1 -1 -1000 -1000 -1000 -10 0.92138671875
Car -1 -1 -10 674.0 172.0 781.0 217.0 -1 -1 -1 -1000 -1000 -1000 -10 0.84716796875
Car -1 -1 -10 635.0 170.0 682.0 191.0 -1 -1 -1 -1000 -1000 -1000 -10 0.818359375
Car -1 -1 -10 644.0 174.0 692.0 193.0 -1 -1 -1 -1000 -1000 -1000 -10 0.72509765625
Car -1 -1 -10 650.0 174.0 712.0 198.0 -1 -1 -1 -1000 -1000 -1000 -10 0.59521484375
Car -1 -1 -10 668.0 172.0 756.0 208.0 -1 -1 -1 -1000 -1000 -1000 -10 0.455810546875
Car -1 -1 -10 468.0 177.0 485.0 190.0 -1 -1 -1 -1000 -1000 -1000 -10 0.2318115234375
Car -1 -1 -10 0.0 170.0 71.0 232.0 -1 -1 -1 -1000 -1000 -1000 -10 0.0181121826171875
Car -1 -1 -10 0.0 176.0 24.0 251.0 -1 -1 -1 -1000 -1000 -1000 -10 0.005283355712890625
Car -1 -1 -10 0.0 175.0 52.0 248.0 -1 -1 -1 -1000 -1000 -1000 -10 0.004894256591796875
Car -1 -1 -10 0.0 172.0 36.0 242.0 -1 -1 -1 -1000 -1000 -1000 -10 0.00376129150390625
Car -1 -1 -10 0.0 182.0 22.0 288.0 -1 -1 -1 -1000 -1000 -1000 -10 0.00359344482421875
Car -1 -1 -10 0.0 197.0 24.0 357.0 -1 -1 -1 -1000 -1000 -1000 -10 0.0027217864990234375
Car -1 -1 -10 632.0 166.0 684.0 201.0 -1 -1 -1 -1000 -1000 -1000 -10 0.0018548965454101562
Car -1 -1 -10 475.0 177.0 499.0 193.0 -1 -1 -1 -1000 -1000 -1000 -10 0.0016908645629882812
Car -1 -1 -10 0.0 182.0 16.0 258.0 -1 -1 -1 -1000 -1000 -1000 -10 0.0015592575073242188
Car -1 -1 -10 1.0 206.0 18.0 320.0 -1 -1 -1 -1000 -1000 -1000 -10 0.00148773193359375
Car -1 -1 -10 0.0 171.0 14.0 240.0 -1 -1 -1 -1000 -1000 -1000 -10 0.0013370513916015625
Car -1 -1 -10 644.0 168.0 706.0 202.0 -1 -1 -1 -1000 -1000 -1000 -10 0.0013322830200195312
Car -1 -1 -10 0.0 162.0 66.0 217.0 -1 -1 -1 -1000 -1000 -1000 -10 0.0011749267578125
Car -1 -1 -10 0.0 176.0 88.0 249.0 -1 -1 -1 -1000 -1000 -1000 -10 0.0009593963623046875
Car -1 -1 -10 0.0 215.0 26.0 309.0 -1 -1 -1 -1000 -1000 -1000 -10 0.0009198188781738281
Car -1 -1 -10 0.0 194.0 16.0 294.0 -1 -1 -1 -1000 -1000 -1000 -10 0.0008807182312011719
Car -1 -1 -10 726.0 173.0 774.0 223.0 -1 -1 -1 -1000 -1000 -1000 -10 0.0006361007690429688
Car -1 -1 -10 585.0 164.0 640.0 227.0 -1 -1 -1 -1000 -1000 -1000 -10 0.0005998611450195312
Car -1 -1 -10 487.0 174.0 516.0 203.0 -1 -1 -1 -1000 -1000 -1000 -10 0.0005960464477539062
Car -1 -1 -10 682.0 150.0 840.0 246.0 -1 -1 -1 -1000 -1000 -1000 -10 0.0005273818969726562
Car -1 -1 -10 648.0 132.0 819.0 244.0 -1 -1 -1 -1000 -1000 -1000 -10 0.0004582405090332031
Car -1 -1 -10 1.0 186.0 49.0 277.0 -1 -1 -1 -1000 -1000 -1000 -10 0.000453948974609375
Car -1 -1 -10 880.0 171.0 1018.0 300.0 -1 -1 -1 -1000 -1000 -1000 -10 0.00044536590576171875
Car -1 -1 -10 521.0 177.0 548.0 205.0 -1 -1 -1 -1000 -1000 -1000 -10 0.00042700767517089844
Car -1 -1 -10 0.0 203.0 39.0 312.0 -1 -1 -1 -1000 -1000 -1000 -10 0.0003876686096191406
Car -1 -1 -10 2.0 160.0 31.0 217.0 -1 -1 -1 -1000 -1000 -1000 -10 0.00038361549377441406
Car -1 -1 -10 658.0 162.0 771.0 225.0 -1 -1 -1 -1000 -1000 -1000 -10 0.00034689903259277344
Car -1 -1 -10 561.0 133.0 712.0 270.0 -1 -1 -1 -1000 -1000 -1000 -10 0.00029277801513671875
Car -1 -1 -10 525.0 127.0 681.0 241.0 -1 -1 -1 -1000 -1000 -1000 -10 0.00028443336486816406
Car -1 -1 -10 710.0 172.0 790.0 225.0 -1 -1 -1 -1000 -1000 -1000 -10 0.00026917457580566406
Car -1 -1 -10 713.0 176.0 762.0 217.0 -1 -1 -1 -1000 -1000 -1000 -10 0.0002522468566894531
Car -1 -1 -10 703.0 175.0 753.0 210.0 -1 -1 -1 -1000 -1000 -1000 -10 0.00022327899932861328
Car -1 -1 -10 0.0 183.0 69.0 262.0 -1 -1 -1 -1000 -1000 -1000 -10 0.0002206563949584961
Car -1 -1 -10 1.0 208.0 34.0 375.0 -1 -1 -1 -1000 -1000 -1000 -10 0.0002048015594482422
Car -1 -1 -10 1.0 156.0 54.0 204.0 -1 -1 -1 -1000 -1000 -1000 -10 0.00020122528076171875
Car -1 -1 -10 895.0 77.0 926.0 100.0 -1 -1 -1 -1000 -1000 -1000 -10 0.00018727779388427734
Car -1 -1 -10 623.0 169.0 661.0 189.0 -1 -1 -1 -1000 -1000 -1000 -10 0.00017273426055908203
Car -1 -1 -10 770.0 181.0 816.0 240.0 -1 -1 -1 -1000 -1000 -1000 -10 0.00016415119171142578
Car -1 -1 -10 1.0 223.0 43.0 337.0 -1 -1 -1 -1000 -1000 -1000 -10 0.00015819072723388672
Car -1 -1 -10 1229.0 187.0 1242.0 279.0 -1 -1 -1 -1000 -1000 -1000 -10 0.00014197826385498047
Car -1 -1 -10 1225.0 174.0 1242.0 305.0 -1 -1 -1 -1000 -1000 -1000 -10 0.00013911724090576172
Car -1 -1 -10 1220.0 169.0 1242.0 352.0 -1 -1 -1 -1000 -1000 -1000 -10 0.00013244152069091797
Car -1 -1 -10 0.0 229.0 23.0 375.0 -1 -1 -1 -1000 -1000 -1000 -10 0.00011450052261352539
Car -1 -1 -10 0.0 172.0 11.0 221.0 -1 -1 -1 -1000 -1000 -1000 -10 0.00011432170867919922
Car -1 -1 -10 1.0 231.0 17.0 293.0 -1 -1 -1 -1000 -1000 -1000 -10 0.00011134147644042969
Car -1 -1 -10 639.0 166.0 687.0 187.0 -1 -1 -1 -1000 -1000 -1000 -10 0.0001074671745300293
Car -1 -1 -10 681.0 173.0 732.0 200.0 -1 -1 -1 -1000 -1000 -1000 -10 0.0001074075698852539
Car -1 -1 -10 524.0 175.0 542.0 189.0 -1 -1 -1 -1000 -1000 -1000 -10 0.00010687112808227539
