Pedestrian -1 -1 -10 1037.0 145.0 1118.0 304.0 -1 -1 -1 -1000 -1000 -1000 -10 0.92236328125
Pedestrian -1 -1 -10 1122.0 149.0 1201.0 309.0 -1 -1 -1 -1000 -1000 -1000 -10 0.8779296875
Pedestrian -1 -1 -10 430.0 176.0 445.0 220.0 -1 -1 -1 -1000 -1000 -1000 -10 0.85595703125
Pedestrian -1 -1 -10 377.0 170.0 395.0 211.0 -1 -1 -1 -1000 -1000 -1000 -10 0.0911865234375
Pedestrian -1 -1 -10 1109.0 150.0 1157.0 290.0 -1 -1 -1 -1000 -1000 -1000 -10 0.00439453125
Pedestrian -1 -1 -10 163.0 0.0 184.0 45.0 -1 -1 -1 -1000 -1000 -1000 -10 0.0019388198852539062
Pedestrian -1 -1 -10 0.0 155.0 22.0 320.0 -1 -1 -1 -1000 -1000 -1000 -10 0.001628875732421875
Pedestrian -1 -1 -10 163.0 0.0 242.0 62.0 -1 -1 -1 -1000 -1000 -1000 -10 0.0015935897827148438
Pedestrian -1 -1 -10 1217.0 147.0 1242.0 373.0 -1 -1 -1 -1000 -1000 -1000 -10 0.0010995864868164062
Cyclist -1 -1 -10 1204.0 148.0 1242.0 375.0 -1 -1 -1 -1000 -1000 -1000 -10 0.0009908676147460938
Pedestrian -1 -1 -10 370.0 173.0 393.0 213.0 -1 -1 -1 -1000 -1000 -1000 -10 0.0006914138793945312
Pedestrian -1 -1 -10 0.0 160.0 14.0 268.0 -1 -1 -1 -1000 -1000 -1000 -10 0.0005292892456054688
Pedestrian -1 -1 -10 0.0 183.0 21.0 375.0 -1 -1 -1 -1000 -1000 -1000 -10 0.0004336833953857422
Pedestrian -1 -1 -10 1190.0 144.0 1242.0 375.0 -1 -1 -1 -1000 -1000 -1000 -10 0.0003254413604736328
Pedestrian -1 -1 -10 541.0 0.0 560.0 2.0 -1 -1 -1 -1000 -1000 -1000 -10 0.0002739429473876953
Pedestrian -1 -1 -10 1223.0 130.0 1242.0 318.0 -1 -1 -1 -1000 -1000 -1000 -10 0.0002613067626953125
Pedestrian -1 -1 -10 0.0 157.0 31.0 287.0 -1 -1 -1 -1000 -1000 -1000 -10 0.00024437904357910156
Pedestrian -1 -1 -10 424.0 170.0 444.0 222.0 -1 -1 -1 -1000 -1000 -1000 -10 0.00023221969604492188
Pedestrian -1 -1 -10 0.0 167.0 21.0 260.0 -1 -1 -1 -1000 -1000 -1000 -10 0.0002321004867553711
Pedestrian -1 -1 -10 123.0 0.0 198.0 62.0 -1 -1 -1 -1000 -1000 -1000 -10 0.00022864341735839844
Pedestrian -1 -1 -10 0.0 149.0 32.0 367.0 -1 -1 -1 -1000 -1000 -1000 -10 0.00022494792938232422
Pedestrian -1 -1 -10 528.0 0.0 554.0 9.0 -1 -1 -1 -1000 -1000 -1000 -10 0.00021791458129882812
Pedestrian -1 -1 -10 170.0 0.0 184.0 22.0 -1 -1 -1 -1000 -1000 -1000 -10 0.00019693374633789062
Pedestrian -1 -1 -10 0.0 190.0 14.0 315.0 -1 -1 -1 -1000 -1000 -1000 -10 0.00018990039825439453
Pedestrian -1 -1 -10 122.0 0.0 137.0 3.0 -1 -1 -1 -1000 -1000 -1000 -10 0.0001875162124633789
Pedestrian -1 -1 -10 1204.0 135.0 1242.0 349.0 -1 -1 -1 -1000 -1000 -1000 -10 0.0001857280731201172
Pedestrian -1 -1 -10 1124.0 146.0 1182.0 280.0 -1 -1 -1 -1000 -1000 -1000 -10 0.0001800060272216797
Car -1 -1 -10 1198.0 168.0 1242.0 375.0 -1 -1 -1 -1000 -1000 -1000 -10 0.0001748800277709961
Pedestrian -1 -1 -10 152.0 0.0 194.0 58.0 -1 -1 -1 -1000 -1000 -1000 -10 0.0001575946807861328
Pedestrian -1 -1 -10 513.0 0.0 560.0 47.0 -1 -1 -1 -1000 -1000 -1000 -10 0.0001436471939086914
Pedestrian -1 -1 -10 337.0 0.0 352.0 4.0 -1 -1 -1 -1000 -1000 -1000 -10 0.0001417398452758789
Pedestrian -1 -1 -10 0.0 146.0 11.0 245.0 -1 -1 -1 -1000 -1000 -1000 -10 0.00013399124145507812
Car -1 -1 -10 1.0 215.0 21.0 375.0 -1 -1 -1 -1000 -1000 -1000 -10 0.00012189149856567383
Pedestrian -1 -1 -10 167.0 0.0 180.0 23.0 -1 -1 -1 -1000 -1000 -1000 -10 0.00011855363845825195
