Car -1 -1 -10 1.0 207.0 329.0 373.0 -1 -1 -1 -1000 -1000 -1000 -10 0.97216796875
Car -1 -1 -10 802.0 177.0 1087.0 343.0 -1 -1 -1 -1000 -1000 -1000 -10 0.96337890625
Car -1 -1 -10 629.0 169.0 671.0 198.0 -1 -1 -1 -1000 -1000 -1000 -10 0.96044921875
Car -1 -1 -10 763.0 171.0 847.0 239.0 -1 -1 -1 -1000 -1000 -1000 -10 0.94580078125
Car -1 -1 -10 743.0 172.0 799.0 221.0 -1 -1 -1 -1000 -1000 -1000 -10 0.93408203125
Car -1 -1 -10 664.0 172.0 696.0 193.0 -1 -1 -1 -1000 -1000 -1000 -10 0.9267578125
Car -1 -1 -10 1192.0 191.0 1242.0 374.0 -1 -1 -1 -1000 -1000 -1000 -10 0.017578125
Car -1 -1 -10 1212.0 211.0 1242.0 375.0 -1 -1 -1 -1000 -1000 -1000 -10 0.0085906982421875
Car -1 -1 -10 1152.0 192.0 1242.0 375.0 -1 -1 -1 -1000 -1000 -1000 -10 0.00547027587890625
Car -1 -1 -10 0.0 220.0 31.0 375.0 -1 -1 -1 -1000 -1000 -1000 -10 0.003154754638671875
Car -1 -1 -10 0.0 221.0 56.0 375.0 -1 -1 -1 -1000 -1000 -1000 -10 0.0026683807373046875
Car -1 -1 -10 1221.0 227.0 1242.0 365.0 -1 -1 -1 -1000 -1000 -1000 -10 0.0014352798461914062
Car -1 -1 -10 3.0 218.0 88.0 375.0 -1 -1 -1 -1000 -1000 -1000 -10 0.0008726119995117188
Car -1 -1 -10 730.0 160.0 866.0 254.0 -1 -1 -1 -1000 -1000 -1000 -10 0.0005626678466796875
Car -1 -1 -10 715.0 170.0 739.0 186.0 -1 -1 -1 -1000 -1000 -1000 -10 0.0004782676696777344
Pedestrian -1 -1 -10 1199.0 102.0 1242.0 375.0 -1 -1 -1 -1000 -1000 -1000 -10 0.00029277801513671875
Car -1 -1 -10 0.0 122.0 44.0 360.0 -1 -1 -1 -1000 -1000 -1000 -10 0.0002493858337402344
Car -1 -1 -10 886.0 189.0 1013.0 322.0 -1 -1 -1 -1000 -1000 -1000 -10 0.00024116039276123047
Pedestrian -1 -1 -10 1217.0 129.0 1242.0 353.0 -1 -1 -1 -1000 -1000 -1000 -10 0.0001990795135498047
Car -1 -1 -10 694.0 134.0 851.0 247.0 -1 -1 -1 -1000 -1000 -1000 -10 0.00018095970153808594
Car -1 -1 -10 1113.0 171.0 1242.0 375.0 -1 -1 -1 -1000 -1000 -1000 -10 0.00017750263214111328
Car -1 -1 -10 0.0 140.0 27.0 345.0 -1 -1 -1 -1000 -1000 -1000 -10 0.00016868114471435547
Car -1 -1 -10 1155.0 0.0 1240.0 9.0 -1 -1 -1 -1000 -1000 -1000 -10 0.00010502338409423828
