Car -1 -1 -10 6.0 0.0 428.0 370.0 -1 -1 -1 -1000 -1000 -1000 -10 0.96044921875
Car -1 -1 -10 623.0 175.0 724.0 268.0 -1 -1 -1 -1000 -1000 -1000 -10 0.958984375
Pedestrian -1 -1 -10 600.0 167.0 634.0 258.0 -1 -1 -1 -1000 -1000 -1000 -10 0.88330078125
Car -1 -1 -10 0.0 0.0 94.0 71.0 -1 -1 -1 -1000 -1000 -1000 -10 0.0021343231201171875
Car -1 -1 -10 0.0 161.0 29.0 366.0 -1 -1 -1 -1000 -1000 -1000 -10 0.0014715194702148438
Car -1 -1 -10 0.0 155.0 52.0 368.0 -1 -1 -1 -1000 -1000 -1000 -10 0.0012502670288085938
Pedestrian -1 -1 -10 597.0 172.0 621.0 253.0 -1 -1 -1 -1000 -1000 -1000 -10 0.0007805824279785156
Car -1 -1 -10 0.0 0.0 26.0 76.0 -1 -1 -1 -1000 -1000 -1000 -10 0.0006604194641113281
Car -1 -1 -10 1.0 0.0 132.0 85.0 -1 -1 -1 -1000 -1000 -1000 -10 0.0004475116729736328
Car -1 -1 -10 2.0 0.0 75.0 102.0 -1 -1 -1 -1000 -1000 -1000 -10 0.00044536590576171875
Car -1 -1 -10 0.0 0.0 52.0 75.0 -1 -1 -1 -1000 -1000 -1000 -10 0.00032210350036621094
Pedestrian -1 -1 -10 609.0 166.0 644.0 259.0 -1 -1 -1 -1000 -1000 -1000 -10 0.00024700164794921875
Car -1 -1 -10 411.0 157.0 481.0 198.0 -1 -1 -1 -1000 -1000 -1000 -10 0.0002353191375732422
Car -1 -1 -10 0.0 142.0 88.0 372.0 -1 -1 -1 -1000 -1000 -1000 -10 0.00021183490753173828
Car -1 -1 -10 601.0 179.0 650.0 262.0 -1 -1 -1 -1000 -1000 -1000 -10 0.0001596212387084961
Car -1 -1 -10 3.0 25.0 96.0 323.0 -1 -1 -1 -1000 -1000 -1000 -10 0.00011861324310302734
Car -1 -1 -10 0.0 96.0 64.0 342.0 -1 -1 -1 -1000 -1000 -1000 -10 0.00010919570922851562
Car -1 -1 -10 1129.0 0.0 1242.0 3.0 -1 -1 -1 -1000 -1000 -1000 -10 0.0001024007797241211
Car -1 -1 -10 0.0 0.0 17.0 78.0 -1 -1 -1 -1000 -1000 -1000 -10 0.00010204315185546875
