Car -1 -1 -10 223.0 103.0 501.0 346.0 -1 -1 -1 -1000 -1000 -1000 -10 0.96875
Car -1 -1 -10 821.0 166.0 1239.0 373.0 -1 -1 -1 -1000 -1000 -1000 -10 0.96728515625
Car -1 -1 -10 460.0 158.0 559.0 243.0 -1 -1 -1 -1000 -1000 -1000 -10 0.958984375
Car -1 -1 -10 670.0 164.0 905.0 257.0 -1 -1 -1 -1000 -1000 -1000 -10 0.9560546875
Car -1 -1 -10 642.0 176.0 688.0 215.0 -1 -1 -1 -1000 -1000 -1000 -10 0.95166015625
Car -1 -1 -10 78.0 196.0 324.0 329.0 -1 -1 -1 -1000 -1000 -1000 -10 0.9482421875
Car -1 -1 -10 0.0 222.0 212.0 374.0 -1 -1 -1 -1000 -1000 -1000 -10 0.935546875
Car -1 -1 -10 628.0 173.0 669.0 209.0 -1 -1 -1 -1000 -1000 -1000 -10 0.91845703125
Car -1 -1 -10 544.0 173.0 561.0 192.0 -1 -1 -1 -1000 -1000 -1000 -10 0.8134765625
Pedestrian -1 -1 -10 583.0 173.0 592.0 194.0 -1 -1 -1 -1000 -1000 -1000 -10 0.59423828125
Pedestrian -1 -1 -10 706.0 167.0 721.0 209.0 -1 -1 -1 -1000 -1000 -1000 -10 0.41015625
Pedestrian -1 -1 -10 586.0 173.0 595.0 193.0 -1 -1 -1 -1000 -1000 -1000 -10 0.179443359375
Pedestrian -1 -1 -10 704.0 169.0 717.0 207.0 -1 -1 -1 -1000 -1000 -1000 -10 0.1292724609375
Pedestrian -1 -1 -10 708.0 166.0 727.0 211.0 -1 -1 -1 -1000 -1000 -1000 -10 0.04638671875
Pedestrian -1 -1 -10 579.0 172.0 587.0 193.0 -1 -1 -1 -1000 -1000 -1000 -10 0.0443115234375
Car -1 -1 -10 1.0 215.0 126.0 371.0 -1 -1 -1 -1000 -1000 -1000 -10 0.039154052734375
Pedestrian -1 -1 -10 700.0 171.0 713.0 208.0 -1 -1 -1 -1000 -1000 -1000 -10 0.03826904296875
Pedestrian -1 -1 -10 593.0 174.0 600.0 191.0 -1 -1 -1 -1000 -1000 -1000 -10 0.03466796875
Car -1 -1 -10 0.0 200.0 28.0 362.0 -1 -1 -1 -1000 -1000 -1000 -10 0.011383056640625
Car -1 -1 -10 0.0 203.0 54.0 370.0 -1 -1 -1 -1000 -1000 -1000 -10 0.005191802978515625
Car -1 -1 -10 2.0 221.0 78.0 374.0 -1 -1 -1 -1000 -1000 -1000 -10 0.00475311279296875
Car -1 -1 -10 531.0 172.0 550.0 197.0 -1 -1 -1 -1000 -1000 -1000 -10 0.0040283203125
Pedestrian -1 -1 -10 697.0 167.0 717.0 212.0 -1 -1 -1 -1000 -1000 -1000 -10 0.0023975372314453125
Pedestrian -1 -1 -10 707.0 170.0 737.0 213.0 -1 -1 -1 -1000 -1000 -1000 -10 0.0018129348754882812
Car -1 -1 -10 628.0 174.0 656.0 202.0 -1 -1 -1 -1000 -1000 -1000 -10 0.0015716552734375
Car -1 -1 -10 1.0 194.0 21.0 320.0 -1 -1 -1 -1000 -1000 -1000 -10 0.0012493133544921875
Car -1 -1 -10 1216.0 179.0 1242.0 374.0 -1 -1 -1 -1000 -1000 -1000 -10 0.0010957717895507812
Car -1 -1 -10 133.0 199.0 263.0 318.0 -1 -1 -1 -1000 -1000 -1000 -10 0.0010471343994140625
Car -1 -1 -10 716.0 167.0 848.0 250.0 -1 -1 -1 -1000 -1000 -1000 -10 0.0009965896606445312
Pedestrian -1 -1 -10 628.0 176.0 640.0 192.0 -1 -1 -1 -1000 -1000 -1000 -10 0.0008382797241210938
Pedestrian -1 -1 -10 597.0 176.0 604.0 192.0 -1 -1 -1 -1000 -1000 -1000 -10 0.0006518363952636719
Pedestrian -1 -1 -10 577.0 174.0 583.0 193.0 -1 -1 -1 -1000 -1000 -1000 -10 0.0006422996520996094
Car -1 -1 -10 1183.0 185.0 1242.0 374.0 -1 -1 -1 -1000 -1000 -1000 -10 0.0006365776062011719
Car -1 -1 -10 0.0 208.0 15.0 342.0 -1 -1 -1 -1000 -1000 -1000 -10 0.0005598068237304688
Car -1 -1 -10 637.0 161.0 694.0 221.0 -1 -1 -1 -1000 -1000 -1000 -10 0.00045990943908691406
Car -1 -1 -10 1135.0 217.0 1242.0 371.0 -1 -1 -1 -1000 -1000 -1000 -10 0.0004544258117675781
Car -1 -1 -10 306.0 102.0 417.0 340.0 -1 -1 -1 -1000 -1000 -1000 -10 0.0004525184631347656
Car -1 -1 -10 1220.0 147.0 1242.0 291.0 -1 -1 -1 -1000 -1000 -1000 -10 0.0004436969757080078
Pedestrian -1 -1 -10 611.0 176.0 621.0 189.0 -1 -1 -1 -1000 -1000 -1000 -10 0.0004050731658935547
Car -1 -1 -10 1202.0 160.0 1242.0 364.0 -1 -1 -1 -1000 -1000 -1000 -10 0.00038170814514160156
Pedestrian -1 -1 -10 570.0 172.0 578.0 189.0 -1 -1 -1 -1000 -1000 -1000 -10 0.00035572052001953125
Car -1 -1 -10 884.0 0.0 947.0 20.0 -1 -1 -1 -1000 -1000 -1000 -10 0.0003001689910888672
Pedestrian -1 -1 -10 894.0 158.0 921.0 227.0 -1 -1 -1 -1000 -1000 -1000 -10 0.0002989768981933594
Car -1 -1 -10 534.0 170.0 556.0 197.0 -1 -1 -1 -1000 -1000 -1000 -10 0.0002961158752441406
Car -1 -1 -10 1111.0 274.0 1242.0 374.0 -1 -1 -1 -1000 -1000 -1000 -10 0.0002791881561279297
Pedestrian -1 -1 -10 579.0 173.0 601.0 193.0 -1 -1 -1 -1000 -1000 -1000 -10 0.0002498626708984375
Pedestrian -1 -1 -10 596.0 173.0 607.0 188.0 -1 -1 -1 -1000 -1000 -1000 -10 0.00024402141571044922
Car -1 -1 -10 601.0 125.0 755.0 242.0 -1 -1 -1 -1000 -1000 -1000 -10 0.00024378299713134766
Car -1 -1 -10 552.0 176.0 569.0 190.0 -1 -1 -1 -1000 -1000 -1000 -10 0.00024116039276123047
Car -1 -1 -10 667.0 30.0 681.0 45.0 -1 -1 -1 -1000 -1000 -1000 -10 0.00022149085998535156
Car -1 -1 -10 1.0 194.0 41.0 321.0 -1 -1 -1 -1000 -1000 -1000 -10 0.00021791458129882812
Pedestrian -1 -1 -10 702.0 173.0 724.0 216.0 -1 -1 -1 -1000 -1000 -1000 -10 0.00019741058349609375
Car -1 -1 -10 620.0 157.0 682.0 218.0 -1 -1 -1 -1000 -1000 -1000 -10 0.0001856088638305664
Pedestrian -1 -1 -10 1224.0 141.0 1242.0 263.0 -1 -1 -1 -1000 -1000 -1000 -10 0.00018310546875
Car -1 -1 -10 0.0 197.0 16.0 299.0 -1 -1 -1 -1000 -1000 -1000 -10 0.00017631053924560547
Car -1 -1 -10 560.0 135.0 735.0 268.0 -1 -1 -1 -1000 -1000 -1000 -10 0.00013768672943115234
Car -1 -1 -10 1205.0 151.0 1241.0 289.0 -1 -1 -1 -1000 -1000 -1000 -10 0.00013518333435058594
Car -1 -1 -10 764.0 84.0 792.0 111.0 -1 -1 -1 -1000 -1000 -1000 -10 0.00013208389282226562
Pedestrian -1 -1 -10 559.0 173.0 572.0 196.0 -1 -1 -1 -1000 -1000 -1000 -10 0.00011581182479858398
Pedestrian -1 -1 -10 709.0 161.0 723.0 203.0 -1 -1 -1 -1000 -1000 -1000 -10 0.00011223554611206055
