Car -1 -1 -10 577.0 168.0 631.0 222.0 -1 -1 -1 -1000 -1000 -1000 -10 0.96240234375
Car -1 -1 -10 48.0 171.0 155.0 214.0 -1 -1 -1 -1000 -1000 -1000 -10 0.9541015625
Car -1 -1 -10 0.0 179.0 77.0 222.0 -1 -1 -1 -1000 -1000 -1000 -10 0.931640625
Car -1 -1 -10 341.0 171.0 373.0 189.0 -1 -1 -1 -1000 -1000 -1000 -10 0.9296875
Car -1 -1 -10 365.0 169.0 394.0 187.0 -1 -1 -1 -1000 -1000 -1000 -10 0.9140625
Car -1 -1 -10 113.0 166.0 184.0 198.0 -1 -1 -1 -1000 -1000 -1000 -10 0.9140625
Cyclist -1 -1 -10 706.0 175.0 712.0 192.0 -1 -1 -1 -1000 -1000 -1000 -10 0.27099609375
Cyclist -1 -1 -10 707.0 177.0 714.0 193.0 -1 -1 -1 -1000 -1000 -1000 -10 0.1488037109375
Car -1 -1 -10 372.0 169.0 401.0 185.0 -1 -1 -1 -1000 -1000 -1000 -10 0.0282745361328125
Car -1 -1 -10 0.0 182.0 20.0 223.0 -1 -1 -1 -1000 -1000 -1000 -10 0.0136566162109375
Car -1 -1 -10 378.0 168.0 406.0 185.0 -1 -1 -1 -1000 -1000 -1000 -10 0.006061553955078125
Car -1 -1 -10 0.0 180.0 31.0 220.0 -1 -1 -1 -1000 -1000 -1000 -10 0.004486083984375
Car -1 -1 -10 0.0 170.0 18.0 209.0 -1 -1 -1 -1000 -1000 -1000 -10 0.0034885406494140625
Car -1 -1 -10 0.0 177.0 10.0 215.0 -1 -1 -1 -1000 -1000 -1000 -10 0.0032749176025390625
Car -1 -1 -10 0.0 170.0 9.0 204.0 -1 -1 -1 -1000 -1000 -1000 -10 0.001842498779296875
Car -1 -1 -10 74.0 175.0 121.0 202.0 -1 -1 -1 -1000 -1000 -1000 -10 0.0010156631469726562
Car -1 -1 -10 52.0 169.0 136.0 204.0 -1 -1 -1 -1000 -1000 -1000 -10 0.0009112358093261719
Car -1 -1 -10 0.0 167.0 28.0 212.0 -1 -1 -1 -1000 -1000 -1000 -10 0.0008893013000488281
Car -1 -1 -10 0.0 168.0 80.0 234.0 -1 -1 -1 -1000 -1000 -1000 -10 0.0006589889526367188
Car -1 -1 -10 53.0 165.0 115.0 199.0 -1 -1 -1 -1000 -1000 -1000 -10 0.0006203651428222656
Car -1 -1 -10 0.0 155.0 12.0 200.0 -1 -1 -1 -1000 -1000 -1000 -10 0.0005168914794921875
Car -1 -1 -10 42.0 162.0 161.0 227.0 -1 -1 -1 -1000 -1000 -1000 -10 0.0005125999450683594
Cyclist -1 -1 -10 706.0 174.0 719.0 194.0 -1 -1 -1 -1000 -1000 -1000 -10 0.0005068778991699219
Cyclist -1 -1 -10 703.0 173.0 713.0 194.0 -1 -1 -1 -1000 -1000 -1000 -10 0.0004968643188476562
Car -1 -1 -10 3.0 130.0 200.0 273.0 -1 -1 -1 -1000 -1000 -1000 -10 0.00040411949157714844
Car -1 -1 -10 105.0 149.0 189.0 213.0 -1 -1 -1 -1000 -1000 -1000 -10 0.0004031658172607422
Car -1 -1 -10 364.0 165.0 397.0 193.0 -1 -1 -1 -1000 -1000 -1000 -10 0.0003974437713623047
Cyclist -1 -1 -10 703.0 176.0 710.0 192.0 -1 -1 -1 -1000 -1000 -1000 -10 0.0003414154052734375
Car -1 -1 -10 523.0 129.0 677.0 242.0 -1 -1 -1 -1000 -1000 -1000 -10 0.0003197193145751953
Car -1 -1 -10 344.0 167.0 374.0 185.0 -1 -1 -1 -1000 -1000 -1000 -10 0.0003020763397216797
Car -1 -1 -10 339.0 167.0 375.0 198.0 -1 -1 -1 -1000 -1000 -1000 -10 0.0002751350402832031
Car -1 -1 -10 51.0 106.0 232.0 246.0 -1 -1 -1 -1000 -1000 -1000 -10 0.00025773048400878906
Cyclist -1 -1 -10 726.0 179.0 734.0 196.0 -1 -1 -1 -1000 -1000 -1000 -10 0.00023925304412841797
Car -1 -1 -10 941.0 0.0 1012.0 2.0 -1 -1 -1 -1000 -1000 -1000 -10 0.00022614002227783203
Cyclist -1 -1 -10 698.0 174.0 706.0 188.0 -1 -1 -1 -1000 -1000 -1000 -10 0.0001881122589111328
Car -1 -1 -10 1219.0 203.0 1241.0 357.0 -1 -1 -1 -1000 -1000 -1000 -10 0.00015425682067871094
Car -1 -1 -10 0.0 231.0 21.0 370.0 -1 -1 -1 -1000 -1000 -1000 -10 0.00013971328735351562
Car -1 -1 -10 84.0 174.0 131.0 206.0 -1 -1 -1 -1000 -1000 -1000 -10 0.0001379251480102539
Car -1 -1 -10 893.0 0.0 944.0 1.0 -1 -1 -1 -1000 -1000 -1000 -10 0.0001366138458251953
Car -1 -1 -10 0.0 133.0 114.0 277.0 -1 -1 -1 -1000 -1000 -1000 -10 0.00012362003326416016
Car -1 -1 -10 67.0 166.0 127.0 194.0 -1 -1 -1 -1000 -1000 -1000 -10 0.00012093782424926758
Cyclist -1 -1 -10 724.0 179.0 733.0 195.0 -1 -1 -1 -1000 -1000 -1000 -10 0.00011593103408813477
Car -1 -1 -10 1225.0 182.0 1242.0 296.0 -1 -1 -1 -1000 -1000 -1000 -10 0.00011450052261352539
Car -1 -1 -10 0.0 144.0 18.0 194.0 -1 -1 -1 -1000 -1000 -1000 -10 0.00010228157043457031
