Car -1 -1 -10 710.0 171.0 844.0 274.0 -1 -1 -1 -1000 -1000 -1000 -10 0.97216796875
Car -1 -1 -10 531.0 173.0 630.0 269.0 -1 -1 -1 -1000 -1000 -1000 -10 0.9619140625
Car -1 -1 -10 667.0 174.0 752.0 241.0 -1 -1 -1 -1000 -1000 -1000 -10 0.9580078125
Car -1 -1 -10 569.0 163.0 637.0 239.0 -1 -1 -1 -1000 -1000 -1000 -10 0.939453125
Car -1 -1 -10 643.0 172.0 701.0 223.0 -1 -1 -1 -1000 -1000 -1000 -10 0.92822265625
Car -1 -1 -10 347.0 177.0 402.0 201.0 -1 -1 -1 -1000 -1000 -1000 -10 0.92333984375
Car -1 -1 -10 236.0 182.0 299.0 207.0 -1 -1 -1 -1000 -1000 -1000 -10 0.921875
Car -1 -1 -10 635.0 174.0 673.0 207.0 -1 -1 -1 -1000 -1000 -1000 -10 0.2440185546875
Car -1 -1 -10 636.0 173.0 685.0 215.0 -1 -1 -1 -1000 -1000 -1000 -10 0.01392364501953125
Car -1 -1 -10 0.0 182.0 26.0 219.0 -1 -1 -1 -1000 -1000 -1000 -10 0.00856781005859375
Car -1 -1 -10 0.0 183.0 40.0 216.0 -1 -1 -1 -1000 -1000 -1000 -10 0.006317138671875
Car -1 -1 -10 2.0 184.0 75.0 213.0 -1 -1 -1 -1000 -1000 -1000 -10 0.0023403167724609375
Car -1 -1 -10 0.0 183.0 16.0 232.0 -1 -1 -1 -1000 -1000 -1000 -10 0.0016889572143554688
Car -1 -1 -10 1212.0 232.0 1242.0 361.0 -1 -1 -1 -1000 -1000 -1000 -10 0.0016126632690429688
Car -1 -1 -10 645.0 168.0 720.0 230.0 -1 -1 -1 -1000 -1000 -1000 -10 0.0013828277587890625
Car -1 -1 -10 0.0 174.0 20.0 216.0 -1 -1 -1 -1000 -1000 -1000 -10 0.001148223876953125
Car -1 -1 -10 1223.0 234.0 1242.0 358.0 -1 -1 -1 -1000 -1000 -1000 -10 0.0008096694946289062
Car -1 -1 -10 186.0 180.0 246.0 208.0 -1 -1 -1 -1000 -1000 -1000 -10 0.0006628036499023438
Car -1 -1 -10 656.0 160.0 779.0 260.0 -1 -1 -1 -1000 -1000 -1000 -10 0.0006208419799804688
Car -1 -1 -10 1191.0 218.0 1242.0 373.0 -1 -1 -1 -1000 -1000 -1000 -10 0.0005478858947753906
Car -1 -1 -10 576.0 175.0 626.0 234.0 -1 -1 -1 -1000 -1000 -1000 -10 0.0004987716674804688
Car -1 -1 -10 631.0 171.0 663.0 216.0 -1 -1 -1 -1000 -1000 -1000 -10 0.00037550926208496094
Car -1 -1 -10 1212.0 162.0 1242.0 374.0 -1 -1 -1 -1000 -1000 -1000 -10 0.0003719329833984375
Car -1 -1 -10 0.0 224.0 27.0 370.0 -1 -1 -1 -1000 -1000 -1000 -10 0.00032782554626464844
Car -1 -1 -10 1158.0 226.0 1242.0 371.0 -1 -1 -1 -1000 -1000 -1000 -10 0.0003180503845214844
Car -1 -1 -10 3.0 177.0 63.0 208.0 -1 -1 -1 -1000 -1000 -1000 -10 0.0003058910369873047
Car -1 -1 -10 0.0 187.0 21.0 340.0 -1 -1 -1 -1000 -1000 -1000 -10 0.0002887248992919922
Car -1 -1 -10 0.0 179.0 55.0 232.0 -1 -1 -1 -1000 -1000 -1000 -10 0.0002868175506591797
Car -1 -1 -10 600.0 162.0 666.0 227.0 -1 -1 -1 -1000 -1000 -1000 -10 0.00025463104248046875
Car -1 -1 -10 0.0 172.0 13.0 209.0 -1 -1 -1 -1000 -1000 -1000 -10 0.00024771690368652344
Car -1 -1 -10 538.0 150.0 660.0 246.0 -1 -1 -1 -1000 -1000 -1000 -10 0.00018525123596191406
Car -1 -1 -10 0.0 181.0 13.0 258.0 -1 -1 -1 -1000 -1000 -1000 -10 0.0001780986785888672
Car -1 -1 -10 1.0 181.0 87.0 228.0 -1 -1 -1 -1000 -1000 -1000 -10 0.0001748800277709961
Car -1 -1 -10 0.0 199.0 37.0 372.0 -1 -1 -1 -1000 -1000 -1000 -10 0.00016021728515625
Car -1 -1 -10 608.0 138.0 760.0 247.0 -1 -1 -1 -1000 -1000 -1000 -10 0.00014579296112060547
