Pedestrian -1 -1 -10 304.0 166.0 326.0 216.0 -1 -1 -1 -1000 -1000 -1000 -10 0.91650390625
Pedestrian -1 -1 -10 378.0 172.0 397.0 227.0 -1 -1 -1 -1000 -1000 -1000 -10 0.916015625
Pedestrian -1 -1 -10 472.0 164.0 490.0 206.0 -1 -1 -1 -1000 -1000 -1000 -10 0.0020294189453125
Car -1 -1 -10 0.0 199.0 22.0 366.0 -1 -1 -1 -1000 -1000 -1000 -10 0.0006518363952636719
Pedestrian -1 -1 -10 0.0 175.0 19.0 351.0 -1 -1 -1 -1000 -1000 -1000 -10 0.0005593299865722656
Pedestrian -1 -1 -10 526.0 0.0 555.0 13.0 -1 -1 -1 -1000 -1000 -1000 -10 0.0004892349243164062
Pedestrian -1 -1 -10 0.0 149.0 11.0 237.0 -1 -1 -1 -1000 -1000 -1000 -10 0.0002875328063964844
Cyclist -1 -1 -10 531.0 177.0 773.0 372.0 -1 -1 -1 -1000 -1000 -1000 -10 0.00024437904357910156
Car -1 -1 -10 1223.0 191.0 1242.0 371.0 -1 -1 -1 -1000 -1000 -1000 -10 0.00019466876983642578
Pedestrian -1 -1 -10 0.0 148.0 17.0 294.0 -1 -1 -1 -1000 -1000 -1000 -10 0.00018417835235595703
Pedestrian -1 -1 -10 538.0 0.0 561.0 5.0 -1 -1 -1 -1000 -1000 -1000 -10 0.000164031982421875
Pedestrian -1 -1 -10 0.0 202.0 14.0 327.0 -1 -1 -1 -1000 -1000 -1000 -10 0.00015544891357421875
Car -1 -1 -10 1223.0 107.0 1242.0 294.0 -1 -1 -1 -1000 -1000 -1000 -10 0.00011789798736572266
Car -1 -1 -10 0.0 224.0 35.0 373.0 -1 -1 -1 -1000 -1000 -1000 -10 0.0001024007797241211
Pedestrian -1 -1 -10 478.0 160.0 502.0 205.0 -1 -1 -1 -1000 -1000 -1000 -10 0.00010186433792114258
Pedestrian -1 -1 -10 311.0 0.0 335.0 8.0 -1 -1 -1 -1000 -1000 -1000 -10 0.00010120868682861328
