Car -1 -1 -10 812.0 170.0 1237.0 373.0 -1 -1 -1 -1000 -1000 -1000 -10 0.97412109375
Car -1 -1 -10 134.0 170.0 396.0 283.0 -1 -1 -1 -1000 -1000 -1000 -10 0.96826171875
Car -1 -1 -10 688.0 147.0 781.0 233.0 -1 -1 -1 -1000 -1000 -1000 -10 0.94189453125
Car -1 -1 -10 551.0 175.0 579.0 198.0 -1 -1 -1 -1000 -1000 -1000 -10 0.927734375
Car -1 -1 -10 586.0 172.0 614.0 192.0 -1 -1 -1 -1000 -1000 -1000 -10 0.91943359375
Car -1 -1 -10 657.0 168.0 689.0 198.0 -1 -1 -1 -1000 -1000 -1000 -10 0.9169921875
Car -1 -1 -10 674.0 166.0 732.0 215.0 -1 -1 -1 -1000 -1000 -1000 -10 0.354736328125
Car -1 -1 -10 658.0 166.0 697.0 209.0 -1 -1 -1 -1000 -1000 -1000 -10 0.0631103515625
Car -1 -1 -10 678.0 155.0 750.0 219.0 -1 -1 -1 -1000 -1000 -1000 -10 0.05072021484375
Car -1 -1 -10 206.0 175.0 315.0 270.0 -1 -1 -1 -1000 -1000 -1000 -10 0.00122833251953125
Car -1 -1 -10 1219.0 169.0 1241.0 311.0 -1 -1 -1 -1000 -1000 -1000 -10 0.0008640289306640625
Car -1 -1 -10 1217.0 187.0 1242.0 375.0 -1 -1 -1 -1000 -1000 -1000 -10 0.000843048095703125
Car -1 -1 -10 1193.0 189.0 1242.0 369.0 -1 -1 -1 -1000 -1000 -1000 -10 0.0003809928894042969
Car -1 -1 -10 1197.0 164.0 1242.0 318.0 -1 -1 -1 -1000 -1000 -1000 -10 0.0003063678741455078
Car -1 -1 -10 585.0 168.0 615.0 200.0 -1 -1 -1 -1000 -1000 -1000 -10 0.00024890899658203125
Car -1 -1 -10 1197.0 148.0 1242.0 199.0 -1 -1 -1 -1000 -1000 -1000 -10 0.00023245811462402344
Car -1 -1 -10 656.0 163.0 687.0 187.0 -1 -1 -1 -1000 -1000 -1000 -10 0.0001614093780517578
Car -1 -1 -10 1227.0 246.0 1242.0 368.0 -1 -1 -1 -1000 -1000 -1000 -10 0.0001291036605834961
Car -1 -1 -10 1227.0 184.0 1242.0 302.0 -1 -1 -1 -1000 -1000 -1000 -10 0.00012803077697753906
Car -1 -1 -10 803.0 50.0 904.0 92.0 -1 -1 -1 -1000 -1000 -1000 -10 0.00012290477752685547
Car -1 -1 -10 0.0 228.0 27.0 368.0 -1 -1 -1 -1000 -1000 -1000 -10 0.00011903047561645508
