Car -1 -1 -10 453.0 186.0 516.0 246.0 -1 -1 -1 -1000 -1000 -1000 -10 0.95361328125
Car -1 -1 -10 476.0 186.0 525.0 229.0 -1 -1 -1 -1000 -1000 -1000 -10 0.9033203125
Car -1 -1 -10 955.0 347.0 1242.0 375.0 -1 -1 -1 -1000 -1000 -1000 -10 0.0006113052368164062
Car -1 -1 -10 406.0 165.0 555.0 282.0 -1 -1 -1 -1000 -1000 -1000 -10 0.000507354736328125
Car -1 -1 -10 825.0 349.0 1214.0 375.0 -1 -1 -1 -1000 -1000 -1000 -10 0.00026345252990722656
Car -1 -1 -10 456.0 185.0 501.0 231.0 -1 -1 -1 -1000 -1000 -1000 -10 0.0002570152282714844
Car -1 -1 -10 947.0 300.0 1242.0 375.0 -1 -1 -1 -1000 -1000 -1000 -10 0.0001914501190185547
Car -1 -1 -10 1190.0 184.0 1241.0 375.0 -1 -1 -1 -1000 -1000 -1000 -10 0.0001609325408935547
Car -1 -1 -10 1214.0 192.0 1242.0 370.0 -1 -1 -1 -1000 -1000 -1000 -10 0.0001556873321533203
Car -1 -1 -10 989.0 362.0 1236.0 375.0 -1 -1 -1 -1000 -1000 -1000 -10 0.00013267993927001953
Car -1 -1 -10 1080.0 350.0 1242.0 375.0 -1 -1 -1 -1000 -1000 -1000 -10 0.00010061264038085938
