Car -1 -1 -10 206.0 36.0 524.0 293.0 -1 -1 -1 -1000 -1000 -1000 -10 0.95751953125
Car -1 -1 -10 583.0 175.0 648.0 239.0 -1 -1 -1 -1000 -1000 -1000 -10 0.9521484375
Cyclist -1 -1 -10 783.0 159.0 829.0 228.0 -1 -1 -1 -1000 -1000 -1000 -10 0.9521484375
Car -1 -1 -10 458.0 119.0 556.0 219.0 -1 -1 -1 -1000 -1000 -1000 -10 0.93701171875
Cyclist -1 -1 -10 0.0 184.0 19.0 241.0 -1 -1 -1 -1000 -1000 -1000 -10 0.0016651153564453125
Cyclist -1 -1 -10 0.0 189.0 14.0 253.0 -1 -1 -1 -1000 -1000 -1000 -10 0.0007910728454589844
Car -1 -1 -10 568.0 157.0 689.0 263.0 -1 -1 -1 -1000 -1000 -1000 -10 0.000507354736328125
Cyclist -1 -1 -10 0.0 180.0 15.0 231.0 -1 -1 -1 -1000 -1000 -1000 -10 0.0004177093505859375
Cyclist -1 -1 -10 735.0 131.0 878.0 242.0 -1 -1 -1 -1000 -1000 -1000 -10 0.0004074573516845703
Cyclist -1 -1 -10 0.0 188.0 32.0 244.0 -1 -1 -1 -1000 -1000 -1000 -10 0.00038814544677734375
Car -1 -1 -10 492.0 128.0 559.0 210.0 -1 -1 -1 -1000 -1000 -1000 -10 0.0002932548522949219
Cyclist -1 -1 -10 1.0 176.0 37.0 233.0 -1 -1 -1 -1000 -1000 -1000 -10 0.00029158592224121094
Car -1 -1 -10 308.0 40.0 419.0 283.0 -1 -1 -1 -1000 -1000 -1000 -10 0.0002696514129638672
Cyclist -1 -1 -10 1217.0 140.0 1242.0 298.0 -1 -1 -1 -1000 -1000 -1000 -10 0.0002617835998535156
Cyclist -1 -1 -10 0.0 189.0 24.0 271.0 -1 -1 -1 -1000 -1000 -1000 -10 0.0002512931823730469
Car -1 -1 -10 0.0 201.0 20.0 318.0 -1 -1 -1 -1000 -1000 -1000 -10 0.00019240379333496094
Car -1 -1 -10 0.0 193.0 24.0 265.0 -1 -1 -1 -1000 -1000 -1000 -10 0.00018739700317382812
Car -1 -1 -10 579.0 183.0 630.0 236.0 -1 -1 -1 -1000 -1000 -1000 -10 0.00017130374908447266
Cyclist -1 -1 -10 1187.0 141.0 1241.0 367.0 -1 -1 -1 -1000 -1000 -1000 -10 0.0001678466796875
Cyclist -1 -1 -10 1212.0 148.0 1242.0 371.0 -1 -1 -1 -1000 -1000 -1000 -10 0.00016558170318603516
Cyclist -1 -1 -10 0.0 150.0 19.0 230.0 -1 -1 -1 -1000 -1000 -1000 -10 0.00015914440155029297
Car -1 -1 -10 0.0 195.0 14.0 286.0 -1 -1 -1 -1000 -1000 -1000 -10 0.00015020370483398438
Car -1 -1 -10 549.0 162.0 664.0 250.0 -1 -1 -1 -1000 -1000 -1000 -10 0.00012600421905517578
Cyclist -1 -1 -10 0.0 152.0 12.0 224.0 -1 -1 -1 -1000 -1000 -1000 -10 0.00012373924255371094
Cyclist -1 -1 -10 1226.0 152.0 1242.0 256.0 -1 -1 -1 -1000 -1000 -1000 -10 0.00010758638381958008
