Car -1 -1 -10 372.0 161.0 675.0 283.0 -1 -1 -1 -1000 -1000 -1000 -10 0.96337890625
Car -1 -1 -10 790.0 175.0 908.0 236.0 -1 -1 -1 -1000 -1000 -1000 -10 0.95751953125
Car -1 -1 -10 1170.0 179.0 1241.0 305.0 -1 -1 -1 -1000 -1000 -1000 -10 0.95068359375
Car -1 -1 -10 930.0 168.0 1002.0 209.0 -1 -1 -1 -1000 -1000 -1000 -10 0.94384765625
Car -1 -1 -10 1170.0 173.0 1242.0 238.0 -1 -1 -1 -1000 -1000 -1000 -10 0.92333984375
Car -1 -1 -10 0.0 168.0 21.0 205.0 -1 -1 -1 -1000 -1000 -1000 -10 0.83203125
Car -1 -1 -10 972.0 167.0 1029.0 203.0 -1 -1 -1 -1000 -1000 -1000 -10 0.689453125
Car -1 -1 -10 709.0 168.0 757.0 189.0 -1 -1 -1 -1000 -1000 -1000 -10 0.02337646484375
Car -1 -1 -10 1190.0 177.0 1241.0 247.0 -1 -1 -1 -1000 -1000 -1000 -10 0.0020465850830078125
Car -1 -1 -10 441.0 41.0 472.0 61.0 -1 -1 -1 -1000 -1000 -1000 -10 0.0014867782592773438
Car -1 -1 -10 1156.0 176.0 1242.0 308.0 -1 -1 -1 -1000 -1000 -1000 -10 0.0012788772583007812
Car -1 -1 -10 1230.0 163.0 1241.0 222.0 -1 -1 -1 -1000 -1000 -1000 -10 0.0011653900146484375
Car -1 -1 -10 0.0 165.0 38.0 203.0 -1 -1 -1 -1000 -1000 -1000 -10 0.0007891654968261719
Car -1 -1 -10 0.0 152.0 18.0 197.0 -1 -1 -1 -1000 -1000 -1000 -10 0.0007848739624023438
Car -1 -1 -10 765.0 146.0 932.0 268.0 -1 -1 -1 -1000 -1000 -1000 -10 0.0007624626159667969
Car -1 -1 -10 926.0 159.0 1010.0 222.0 -1 -1 -1 -1000 -1000 -1000 -10 0.0006761550903320312
Car -1 -1 -10 1128.0 159.0 1242.0 268.0 -1 -1 -1 -1000 -1000 -1000 -10 0.0005903244018554688
Car -1 -1 -10 585.0 169.0 637.0 186.0 -1 -1 -1 -1000 -1000 -1000 -10 0.0005841255187988281
Car -1 -1 -10 0.0 177.0 18.0 209.0 -1 -1 -1 -1000 -1000 -1000 -10 0.0005192756652832031
Car -1 -1 -10 1.0 176.0 14.0 229.0 -1 -1 -1 -1000 -1000 -1000 -10 0.00046706199645996094
Car -1 -1 -10 459.0 168.0 577.0 267.0 -1 -1 -1 -1000 -1000 -1000 -10 0.00036978721618652344
Car -1 -1 -10 1148.0 154.0 1242.0 249.0 -1 -1 -1 -1000 -1000 -1000 -10 0.0003542900085449219
Car -1 -1 -10 829.0 177.0 877.0 227.0 -1 -1 -1 -1000 -1000 -1000 -10 0.0003447532653808594
Car -1 -1 -10 878.0 131.0 1061.0 268.0 -1 -1 -1 -1000 -1000 -1000 -10 0.00027632713317871094
Car -1 -1 -10 447.0 43.0 467.0 61.0 -1 -1 -1 -1000 -1000 -1000 -10 0.0002522468566894531
Car -1 -1 -10 964.0 151.0 1037.0 212.0 -1 -1 -1 -1000 -1000 -1000 -10 0.0002422332763671875
Car -1 -1 -10 1217.0 167.0 1242.0 216.0 -1 -1 -1 -1000 -1000 -1000 -10 0.00022804737091064453
Car -1 -1 -10 1230.0 175.0 1242.0 244.0 -1 -1 -1 -1000 -1000 -1000 -10 0.00021207332611083984
Car -1 -1 -10 1007.0 165.0 1056.0 196.0 -1 -1 -1 -1000 -1000 -1000 -10 0.00020754337310791016
Car -1 -1 -10 1201.0 171.0 1241.0 234.0 -1 -1 -1 -1000 -1000 -1000 -10 0.00020051002502441406
Car -1 -1 -10 564.0 166.0 634.0 190.0 -1 -1 -1 -1000 -1000 -1000 -10 0.0001583099365234375
Car -1 -1 -10 546.0 0.0 587.0 18.0 -1 -1 -1 -1000 -1000 -1000 -10 0.00015425682067871094
Car -1 -1 -10 1227.0 188.0 1242.0 297.0 -1 -1 -1 -1000 -1000 -1000 -10 0.0001366138458251953
Car -1 -1 -10 3.0 169.0 29.0 204.0 -1 -1 -1 -1000 -1000 -1000 -10 0.0001245737075805664
Car -1 -1 -10 990.0 170.0 1047.0 200.0 -1 -1 -1 -1000 -1000 -1000 -10 0.00010508298873901367
Car -1 -1 -10 919.0 112.0 1089.0 238.0 -1 -1 -1 -1000 -1000 -1000 -10 0.0001036524772644043
Car -1 -1 -10 582.0 163.0 637.0 183.0 -1 -1 -1 -1000 -1000 -1000 -10 0.00010097026824951172
