Car -1 -1 -10 839.0 178.0 992.0 251.0 -1 -1 -1 -1000 -1000 -1000 -10 0.9658203125
Car -1 -1 -10 52.0 144.0 269.0 209.0 -1 -1 -1 -1000 -1000 -1000 -10 0.9365234375
Car -1 -1 -10 307.0 0.0 387.0 54.0 -1 -1 -1 -1000 -1000 -1000 -10 0.0009908676147460938
Car -1 -1 -10 92.0 145.0 235.0 203.0 -1 -1 -1 -1000 -1000 -1000 -10 0.000911712646484375
Car -1 -1 -10 420.0 0.0 499.0 52.0 -1 -1 -1 -1000 -1000 -1000 -10 0.0004837512969970703
Car -1 -1 -10 266.0 0.0 345.0 54.0 -1 -1 -1 -1000 -1000 -1000 -10 0.00048351287841796875
Car -1 -1 -10 213.0 0.0 293.0 55.0 -1 -1 -1 -1000 -1000 -1000 -10 0.00045108795166015625
Car -1 -1 -10 371.0 0.0 448.0 52.0 -1 -1 -1 -1000 -1000 -1000 -10 0.0004487037658691406
Car -1 -1 -10 287.0 0.0 365.0 54.0 -1 -1 -1 -1000 -1000 -1000 -10 0.0004239082336425781
Car -1 -1 -10 46.0 146.0 206.0 201.0 -1 -1 -1 -1000 -1000 -1000 -10 0.00040268898010253906
Car -1 -1 -10 441.0 0.0 520.0 52.0 -1 -1 -1 -1000 -1000 -1000 -10 0.0003402233123779297
Car -1 -1 -10 351.0 0.0 426.0 52.0 -1 -1 -1 -1000 -1000 -1000 -10 0.0003368854522705078
Car -1 -1 -10 246.0 0.0 324.0 54.0 -1 -1 -1 -1000 -1000 -1000 -10 0.00033164024353027344
Car -1 -1 -10 401.0 0.0 479.0 52.0 -1 -1 -1 -1000 -1000 -1000 -10 0.0002951622009277344
Car -1 -1 -10 193.0 0.0 272.0 55.0 -1 -1 -1 -1000 -1000 -1000 -10 0.0002865791320800781
Car -1 -1 -10 332.0 0.0 400.0 52.0 -1 -1 -1 -1000 -1000 -1000 -10 0.0001957416534423828
Car -1 -1 -10 163.0 0.0 242.0 56.0 -1 -1 -1 -1000 -1000 -1000 -10 0.0001901388168334961
Car -1 -1 -10 463.0 0.0 541.0 51.0 -1 -1 -1 -1000 -1000 -1000 -10 0.00017321109771728516
Car -1 -1 -10 877.0 178.0 952.0 244.0 -1 -1 -1 -1000 -1000 -1000 -10 0.0001392364501953125
Car -1 -1 -10 1159.0 86.0 1196.0 114.0 -1 -1 -1 -1000 -1000 -1000 -10 0.00012969970703125
Car -1 -1 -10 484.0 0.0 561.0 51.0 -1 -1 -1 -1000 -1000 -1000 -10 0.00011587142944335938
Car -1 -1 -10 6.0 371.0 86.0 375.0 -1 -1 -1 -1000 -1000 -1000 -10 0.00010722875595092773
Car -1 -1 -10 897.0 183.0 935.0 240.0 -1 -1 -1 -1000 -1000 -1000 -10 0.0001068115234375
Car -1 -1 -10 132.0 0.0 211.0 56.0 -1 -1 -1 -1000 -1000 -1000 -10 0.00010389089584350586
