Car -1 -1 -10 959.0 195.0 1241.0 372.0 -1 -1 -1 -1000 -1000 -1000 -10 0.97119140625
Car -1 -1 -10 802.0 185.0 1032.0 310.0 -1 -1 -1 -1000 -1000 -1000 -10 0.97021484375
Car -1 -1 -10 144.0 179.0 422.0 321.0 -1 -1 -1 -1000 -1000 -1000 -10 0.96728515625
Car -1 -1 -10 0.0 174.0 236.0 273.0 -1 -1 -1 -1000 -1000 -1000 -10 0.9560546875
Car -1 -1 -10 743.0 163.0 878.0 254.0 -1 -1 -1 -1000 -1000 -1000 -10 0.95556640625
Car -1 -1 -10 588.0 173.0 649.0 221.0 -1 -1 -1 -1000 -1000 -1000 -10 0.94921875
Car -1 -1 -10 347.0 172.0 476.0 241.0 -1 -1 -1 -1000 -1000 -1000 -10 0.9453125
Car -1 -1 -10 388.0 172.0 509.0 226.0 -1 -1 -1 -1000 -1000 -1000 -10 0.94384765625
Car -1 -1 -10 919.0 146.0 1107.0 211.0 -1 -1 -1 -1000 -1000 -1000 -10 0.93896484375
Car -1 -1 -10 498.0 152.0 573.0 191.0 -1 -1 -1 -1000 -1000 -1000 -10 0.92919921875
Car -1 -1 -10 178.0 171.0 306.0 237.0 -1 -1 -1 -1000 -1000 -1000 -10 0.9248046875
Car -1 -1 -10 442.0 168.0 540.0 208.0 -1 -1 -1 -1000 -1000 -1000 -10 0.916015625
Car -1 -1 -10 597.0 168.0 631.0 198.0 -1 -1 -1 -1000 -1000 -1000 -10 0.91015625
Car -1 -1 -10 803.0 166.0 927.0 213.0 -1 -1 -1 -1000 -1000 -1000 -10 0.8935546875
Car -1 -1 -10 268.0 172.0 367.0 223.0 -1 -1 -1 -1000 -1000 -1000 -10 0.88330078125
Pedestrian -1 -1 -10 699.0 167.0 717.0 210.0 -1 -1 -1 -1000 -1000 -1000 -10 0.8583984375
Car -1 -1 -10 0.0 184.0 31.0 317.0 -1 -1 -1 -1000 -1000 -1000 -10 0.59521484375
Car -1 -1 -10 162.0 165.0 365.0 291.0 -1 -1 -1 -1000 -1000 -1000 -10 0.1160888671875
Car -1 -1 -10 596.0 170.0 638.0 206.0 -1 -1 -1 -1000 -1000 -1000 -10 0.084716796875
Car -1 -1 -10 494.0 165.0 563.0 195.0 -1 -1 -1 -1000 -1000 -1000 -10 0.0389404296875
Car -1 -1 -10 477.0 168.0 550.0 199.0 -1 -1 -1 -1000 -1000 -1000 -10 0.030426025390625
Car -1 -1 -10 1203.0 163.0 1242.0 221.0 -1 -1 -1 -1000 -1000 -1000 -10 0.0111846923828125
Car -1 -1 -10 208.0 177.0 385.0 270.0 -1 -1 -1 -1000 -1000 -1000 -10 0.00835418701171875
Car -1 -1 -10 0.0 197.0 24.0 375.0 -1 -1 -1 -1000 -1000 -1000 -10 0.0069732666015625
Car -1 -1 -10 790.0 165.0 893.0 206.0 -1 -1 -1 -1000 -1000 -1000 -10 0.005016326904296875
Car -1 -1 -10 1181.0 167.0 1242.0 232.0 -1 -1 -1 -1000 -1000 -1000 -10 0.004322052001953125
Car -1 -1 -10 422.0 174.0 519.0 215.0 -1 -1 -1 -1000 -1000 -1000 -10 0.0038509368896484375
Car -1 -1 -10 256.0 172.0 400.0 240.0 -1 -1 -1 -1000 -1000 -1000 -10 0.00366973876953125
Car -1 -1 -10 789.0 172.0 972.0 260.0 -1 -1 -1 -1000 -1000 -1000 -10 0.003360748291015625
Car -1 -1 -10 775.0 155.0 992.0 286.0 -1 -1 -1 -1000 -1000 -1000 -10 0.00319671630859375
Car -1 -1 -10 0.0 185.0 50.0 320.0 -1 -1 -1 -1000 -1000 -1000 -10 0.0029964447021484375
Car -1 -1 -10 1175.0 159.0 1241.0 216.0 -1 -1 -1 -1000 -1000 -1000 -10 0.0020503997802734375
Car -1 -1 -10 0.0 213.0 18.0 350.0 -1 -1 -1 -1000 -1000 -1000 -10 0.00201416015625
Car -1 -1 -10 130.0 176.0 258.0 243.0 -1 -1 -1 -1000 -1000 -1000 -10 0.0019435882568359375
Car -1 -1 -10 284.0 176.0 396.0 228.0 -1 -1 -1 -1000 -1000 -1000 -10 0.0016918182373046875
Car -1 -1 -10 1225.0 164.0 1242.0 220.0 -1 -1 -1 -1000 -1000 -1000 -10 0.0016489028930664062
Car -1 -1 -10 0.0 179.0 20.0 274.0 -1 -1 -1 -1000 -1000 -1000 -10 0.00156402587890625
Car -1 -1 -10 1222.0 183.0 1242.0 299.0 -1 -1 -1 -1000 -1000 -1000 -10 0.0011491775512695312
Car -1 -1 -10 1218.0 168.0 1241.0 253.0 -1 -1 -1 -1000 -1000 -1000 -10 0.0010328292846679688
Car -1 -1 -10 51.0 177.0 177.0 264.0 -1 -1 -1 -1000 -1000 -1000 -10 0.00101470947265625
Pedestrian -1 -1 -10 678.0 168.0 688.0 198.0 -1 -1 -1 -1000 -1000 -1000 -10 0.0009355545043945312
Car -1 -1 -10 801.0 174.0 892.0 213.0 -1 -1 -1 -1000 -1000 -1000 -10 0.0008535385131835938
Car -1 -1 -10 0.0 178.0 39.0 276.0 -1 -1 -1 -1000 -1000 -1000 -10 0.000804901123046875
Car -1 -1 -10 855.0 188.0 983.0 302.0 -1 -1 -1 -1000 -1000 -1000 -10 0.000774383544921875
Car -1 -1 -10 161.0 159.0 315.0 264.0 -1 -1 -1 -1000 -1000 -1000 -10 0.0007061958312988281
Car -1 -1 -10 491.0 138.0 582.0 204.0 -1 -1 -1 -1000 -1000 -1000 -10 0.0006837844848632812
Car -1 -1 -10 1217.0 193.0 1242.0 360.0 -1 -1 -1 -1000 -1000 -1000 -10 0.0006699562072753906
Car -1 -1 -10 229.0 188.0 335.0 306.0 -1 -1 -1 -1000 -1000 -1000 -10 0.0006694793701171875
Car -1 -1 -10 426.0 174.0 474.0 218.0 -1 -1 -1 -1000 -1000 -1000 -10 0.0006237030029296875
Car -1 -1 -10 1034.0 199.0 1155.0 358.0 -1 -1 -1 -1000 -1000 -1000 -10 0.0006003379821777344
Car -1 -1 -10 298.0 181.0 413.0 237.0 -1 -1 -1 -1000 -1000 -1000 -10 0.0005669593811035156
Car -1 -1 -10 924.0 171.0 1075.0 219.0 -1 -1 -1 -1000 -1000 -1000 -10 0.00048232078552246094
Car -1 -1 -10 458.0 100.0 627.0 240.0 -1 -1 -1 -1000 -1000 -1000 -10 0.0004513263702392578
Car -1 -1 -10 237.0 149.0 428.0 274.0 -1 -1 -1 -1000 -1000 -1000 -10 0.0004467964172363281
Car -1 -1 -10 328.0 177.0 433.0 230.0 -1 -1 -1 -1000 -1000 -1000 -10 0.0004038810729980469
Car -1 -1 -10 0.0 218.0 35.0 283.0 -1 -1 -1 -1000 -1000 -1000 -10 0.0003960132598876953
Car -1 -1 -10 1192.0 179.0 1242.0 319.0 -1 -1 -1 -1000 -1000 -1000 -10 0.0003883838653564453
Car -1 -1 -10 1195.0 170.0 1241.0 247.0 -1 -1 -1 -1000 -1000 -1000 -10 0.0003712177276611328
Car -1 -1 -10 0.0 162.0 26.0 263.0 -1 -1 -1 -1000 -1000 -1000 -10 0.0003695487976074219
Car -1 -1 -10 1195.0 139.0 1240.0 217.0 -1 -1 -1 -1000 -1000 -1000 -10 0.0003685951232910156
Car -1 -1 -10 305.0 171.0 411.0 218.0 -1 -1 -1 -1000 -1000 -1000 -10 0.0003635883331298828
Car -1 -1 -10 448.0 157.0 561.0 221.0 -1 -1 -1 -1000 -1000 -1000 -10 0.0003299713134765625
Car -1 -1 -10 595.0 164.0 630.0 189.0 -1 -1 -1 -1000 -1000 -1000 -10 0.00032901763916015625
Pedestrian -1 -1 -10 674.0 170.0 691.0 200.0 -1 -1 -1 -1000 -1000 -1000 -10 0.00032210350036621094
Car -1 -1 -10 776.0 166.0 860.0 205.0 -1 -1 -1 -1000 -1000 -1000 -10 0.00031185150146484375
Pedestrian -1 -1 -10 673.0 167.0 685.0 195.0 -1 -1 -1 -1000 -1000 -1000 -10 0.0003116130828857422
Car -1 -1 -10 1169.0 131.0 1242.0 227.0 -1 -1 -1 -1000 -1000 -1000 -10 0.0003104209899902344
Car -1 -1 -10 0.0 177.0 14.0 241.0 -1 -1 -1 -1000 -1000 -1000 -10 0.00030875205993652344
Car -1 -1 -10 530.0 133.0 684.0 242.0 -1 -1 -1 -1000 -1000 -1000 -10 0.0002989768981933594
Pedestrian -1 -1 -10 683.0 168.0 695.0 202.0 -1 -1 -1 -1000 -1000 -1000 -10 0.00025081634521484375
Car -1 -1 -10 227.0 136.0 401.0 247.0 -1 -1 -1 -1000 -1000 -1000 -10 0.00025010108947753906
Car -1 -1 -10 1188.0 101.0 1242.0 236.0 -1 -1 -1 -1000 -1000 -1000 -10 0.0002460479736328125
Car -1 -1 -10 762.0 167.0 885.0 225.0 -1 -1 -1 -1000 -1000 -1000 -10 0.00024437904357910156
Pedestrian -1 -1 -10 666.0 169.0 677.0 197.0 -1 -1 -1 -1000 -1000 -1000 -10 0.00019800662994384766
Car -1 -1 -10 1225.0 207.0 1242.0 320.0 -1 -1 -1 -1000 -1000 -1000 -10 0.00019288063049316406
Car -1 -1 -10 266.0 85.0 288.0 100.0 -1 -1 -1 -1000 -1000 -1000 -10 0.00018703937530517578
Car -1 -1 -10 0.0 189.0 26.0 248.0 -1 -1 -1 -1000 -1000 -1000 -10 0.00018155574798583984
Car -1 -1 -10 1227.0 169.0 1242.0 255.0 -1 -1 -1 -1000 -1000 -1000 -10 0.00017905235290527344
Car -1 -1 -10 346.0 147.0 520.0 245.0 -1 -1 -1 -1000 -1000 -1000 -10 0.00017750263214111328
Car -1 -1 -10 552.0 130.0 715.0 273.0 -1 -1 -1 -1000 -1000 -1000 -10 0.0001747608184814453
Car -1 -1 -10 466.0 172.0 517.0 201.0 -1 -1 -1 -1000 -1000 -1000 -10 0.00017011165618896484
Car -1 -1 -10 271.0 86.0 296.0 102.0 -1 -1 -1 -1000 -1000 -1000 -10 0.00016796588897705078
Car -1 -1 -10 211.0 87.0 229.0 102.0 -1 -1 -1 -1000 -1000 -1000 -10 0.00016415119171142578
Car -1 -1 -10 585.0 175.0 625.0 206.0 -1 -1 -1 -1000 -1000 -1000 -10 0.0001621246337890625
Pedestrian -1 -1 -10 664.0 167.0 675.0 192.0 -1 -1 -1 -1000 -1000 -1000 -10 0.00015878677368164062
Car -1 -1 -10 1211.0 113.0 1242.0 225.0 -1 -1 -1 -1000 -1000 -1000 -10 0.0001571178436279297
Car -1 -1 -10 74.0 175.0 236.0 259.0 -1 -1 -1 -1000 -1000 -1000 -10 0.00015401840209960938
Car -1 -1 -10 386.0 174.0 431.0 230.0 -1 -1 -1 -1000 -1000 -1000 -10 0.00013625621795654297
Car -1 -1 -10 840.0 170.0 888.0 204.0 -1 -1 -1 -1000 -1000 -1000 -10 0.00013566017150878906
Car -1 -1 -10 264.0 79.0 299.0 100.0 -1 -1 -1 -1000 -1000 -1000 -10 0.00013434886932373047
Car -1 -1 -10 1226.0 189.0 1242.0 280.0 -1 -1 -1 -1000 -1000 -1000 -10 0.00012934207916259766
Car -1 -1 -10 425.0 158.0 493.0 199.0 -1 -1 -1 -1000 -1000 -1000 -10 0.00011199712753295898
Car -1 -1 -10 379.0 114.0 576.0 245.0 -1 -1 -1 -1000 -1000 -1000 -10 0.00010317564010620117
Car -1 -1 -10 418.0 154.0 535.0 220.0 -1 -1 -1 -1000 -1000 -1000 -10 0.00010287761688232422
Car -1 -1 -10 408.0 132.0 603.0 262.0 -1 -1 -1 -1000 -1000 -1000 -10 0.0001016855239868164
Car -1 -1 -10 408.0 173.0 489.0 221.0 -1 -1 -1 -1000 -1000 -1000 -10 0.00010055303573608398
