Car -1 -1 -10 568.0 179.0 636.0 243.0 -1 -1 -1 -1000 -1000 -1000 -10 0.9541015625
Car -1 -1 -10 159.0 199.0 258.0 247.0 -1 -1 -1 -1000 -1000 -1000 -10 0.953125
Car -1 -1 -10 41.0 209.0 165.0 254.0 -1 -1 -1 -1000 -1000 -1000 -10 0.94775390625
Car -1 -1 -10 0.0 221.0 24.0 282.0 -1 -1 -1 -1000 -1000 -1000 -10 0.65087890625
Car -1 -1 -10 0.0 213.0 19.0 270.0 -1 -1 -1 -1000 -1000 -1000 -10 0.0178680419921875
Car -1 -1 -10 0.0 230.0 16.0 329.0 -1 -1 -1 -1000 -1000 -1000 -10 0.0031280517578125
Car -1 -1 -10 0.0 227.0 21.0 307.0 -1 -1 -1 -1000 -1000 -1000 -10 0.0011320114135742188
Car -1 -1 -10 0.0 202.0 15.0 262.0 -1 -1 -1 -1000 -1000 -1000 -10 0.0006628036499023438
Car -1 -1 -10 536.0 165.0 666.0 266.0 -1 -1 -1 -1000 -1000 -1000 -10 0.0005049705505371094
Car -1 -1 -10 0.0 217.0 39.0 285.0 -1 -1 -1 -1000 -1000 -1000 -10 0.0004820823669433594
Car -1 -1 -10 82.0 211.0 129.0 245.0 -1 -1 -1 -1000 -1000 -1000 -10 0.0004761219024658203
Car -1 -1 -10 0.0 237.0 16.0 296.0 -1 -1 -1 -1000 -1000 -1000 -10 0.0004665851593017578
Car -1 -1 -10 0.0 230.0 24.0 356.0 -1 -1 -1 -1000 -1000 -1000 -10 0.0004291534423828125
Car -1 -1 -10 1.0 221.0 31.0 269.0 -1 -1 -1 -1000 -1000 -1000 -10 0.0004200935363769531
Car -1 -1 -10 0.0 249.0 14.0 355.0 -1 -1 -1 -1000 -1000 -1000 -10 0.0003902912139892578
Car -1 -1 -10 7.0 171.0 201.0 310.0 -1 -1 -1 -1000 -1000 -1000 -10 0.0003795623779296875
Car -1 -1 -10 119.0 156.0 285.0 277.0 -1 -1 -1 -1000 -1000 -1000 -10 0.0003581047058105469
Car -1 -1 -10 0.0 198.0 39.0 256.0 -1 -1 -1 -1000 -1000 -1000 -10 0.0002117156982421875
Cyclist -1 -1 -10 1224.0 166.0 1242.0 352.0 -1 -1 -1 -1000 -1000 -1000 -10 0.0001709461212158203
Car -1 -1 -10 177.0 202.0 226.0 238.0 -1 -1 -1 -1000 -1000 -1000 -10 0.00017011165618896484
Car -1 -1 -10 0.0 205.0 22.0 254.0 -1 -1 -1 -1000 -1000 -1000 -10 0.00010728836059570312
Car -1 -1 -10 619.0 0.0 648.0 6.0 -1 -1 -1 -1000 -1000 -1000 -10 0.00010097026824951172
