Car -1 -1 -10 922.0 196.0 1240.0 373.0 -1 -1 -1 -1000 -1000 -1000 -10 0.9716796875
Car -1 -1 -10 360.0 179.0 432.0 222.0 -1 -1 -1 -1000 -1000 -1000 -10 0.96630859375
Car -1 -1 -10 267.0 164.0 357.0 223.0 -1 -1 -1 -1000 -1000 -1000 -10 0.958984375
Car -1 -1 -10 831.0 130.0 1066.0 216.0 -1 -1 -1 -1000 -1000 -1000 -10 0.95361328125
Car -1 -1 -10 109.0 183.0 221.0 227.0 -1 -1 -1 -1000 -1000 -1000 -10 0.95068359375
Car -1 -1 -10 880.0 149.0 1097.0 325.0 -1 -1 -1 -1000 -1000 -1000 -10 0.94873046875
Car -1 -1 -10 552.0 163.0 602.0 217.0 -1 -1 -1 -1000 -1000 -1000 -10 0.94775390625
Car -1 -1 -10 1109.0 134.0 1240.0 198.0 -1 -1 -1 -1000 -1000 -1000 -10 0.94677734375
Car -1 -1 -10 482.0 169.0 521.0 202.0 -1 -1 -1 -1000 -1000 -1000 -10 0.94384765625
Car -1 -1 -10 703.0 169.0 772.0 209.0 -1 -1 -1 -1000 -1000 -1000 -10 0.939453125
Car -1 -1 -10 0.0 187.0 95.0 229.0 -1 -1 -1 -1000 -1000 -1000 -10 0.92431640625
Car -1 -1 -10 752.0 165.0 827.0 209.0 -1 -1 -1 -1000 -1000 -1000 -10 0.9228515625
Car -1 -1 -10 583.0 136.0 616.0 187.0 -1 -1 -1 -1000 -1000 -1000 -10 0.9130859375
Car -1 -1 -10 626.0 149.0 660.0 186.0 -1 -1 -1 -1000 -1000 -1000 -10 0.900390625
Car -1 -1 -10 590.0 154.0 621.0 191.0 -1 -1 -1 -1000 -1000 -1000 -10 0.5009765625
Car -1 -1 -10 593.0 165.0 623.0 193.0 -1 -1 -1 -1000 -1000 -1000 -10 0.2412109375
Car -1 -1 -10 0.0 184.0 15.0 230.0 -1 -1 -1 -1000 -1000 -1000 -10 0.0131988525390625
Car -1 -1 -10 0.0 178.0 12.0 221.0 -1 -1 -1 -1000 -1000 -1000 -10 0.006397247314453125
Car -1 -1 -10 1.0 167.0 99.0 375.0 -1 -1 -1 -1000 -1000 -1000 -10 0.0033721923828125
Car -1 -1 -10 1228.0 131.0 1242.0 194.0 -1 -1 -1 -1000 -1000 -1000 -10 0.0028896331787109375
Car -1 -1 -10 0.0 181.0 23.0 229.0 -1 -1 -1 -1000 -1000 -1000 -10 0.0026912689208984375
Car -1 -1 -10 0.0 168.0 105.0 259.0 -1 -1 -1 -1000 -1000 -1000 -10 0.0017547607421875
Car -1 -1 -10 593.0 140.0 619.0 185.0 -1 -1 -1 -1000 -1000 -1000 -10 0.0012359619140625
Car -1 -1 -10 1097.0 117.0 1242.0 217.0 -1 -1 -1 -1000 -1000 -1000 -10 0.0010690689086914062
Car -1 -1 -10 1228.0 147.0 1242.0 209.0 -1 -1 -1 -1000 -1000 -1000 -10 0.001010894775390625
Car -1 -1 -10 697.0 159.0 776.0 223.0 -1 -1 -1 -1000 -1000 -1000 -10 0.0009918212890625
Car -1 -1 -10 876.0 134.0 1010.0 211.0 -1 -1 -1 -1000 -1000 -1000 -10 0.0009765625
Car -1 -1 -10 1.0 193.0 12.0 242.0 -1 -1 -1 -1000 -1000 -1000 -10 0.0009560585021972656
Car -1 -1 -10 0.0 176.0 18.0 218.0 -1 -1 -1 -1000 -1000 -1000 -10 0.0007867813110351562
Car -1 -1 -10 1219.0 137.0 1242.0 202.0 -1 -1 -1 -1000 -1000 -1000 -10 0.0007371902465820312
Car -1 -1 -10 2.0 165.0 62.0 366.0 -1 -1 -1 -1000 -1000 -1000 -10 0.0007305145263671875
Car -1 -1 -10 20.0 189.0 71.0 221.0 -1 -1 -1 -1000 -1000 -1000 -10 0.0005726814270019531
Car -1 -1 -10 0.0 175.0 20.0 348.0 -1 -1 -1 -1000 -1000 -1000 -10 0.0005435943603515625
Car -1 -1 -10 354.0 169.0 442.0 234.0 -1 -1 -1 -1000 -1000 -1000 -10 0.0005421638488769531
Car -1 -1 -10 0.0 180.0 16.0 281.0 -1 -1 -1 -1000 -1000 -1000 -10 0.0005402565002441406
Car -1 -1 -10 225.0 134.0 399.0 264.0 -1 -1 -1 -1000 -1000 -1000 -10 0.0004436969757080078
Car -1 -1 -10 281.0 164.0 332.0 217.0 -1 -1 -1 -1000 -1000 -1000 -10 0.00039124488830566406
Car -1 -1 -10 1221.0 164.0 1241.0 349.0 -1 -1 -1 -1000 -1000 -1000 -10 0.0003864765167236328
Car -1 -1 -10 300.0 132.0 485.0 279.0 -1 -1 -1 -1000 -1000 -1000 -10 0.0003790855407714844
Car -1 -1 -10 63.0 190.0 124.0 222.0 -1 -1 -1 -1000 -1000 -1000 -10 0.0003733634948730469
Car -1 -1 -10 77.0 135.0 264.0 277.0 -1 -1 -1 -1000 -1000 -1000 -10 0.00036787986755371094
Car -1 -1 -10 181.0 0.0 241.0 54.0 -1 -1 -1 -1000 -1000 -1000 -10 0.00036454200744628906
Car -1 -1 -10 0.0 139.0 140.0 277.0 -1 -1 -1 -1000 -1000 -1000 -10 0.00034618377685546875
Car -1 -1 -10 201.0 0.0 262.0 55.0 -1 -1 -1 -1000 -1000 -1000 -10 0.0003440380096435547
Car -1 -1 -10 1225.0 140.0 1242.0 237.0 -1 -1 -1 -1000 -1000 -1000 -10 0.00030875205993652344
Car -1 -1 -10 714.0 116.0 878.0 237.0 -1 -1 -1 -1000 -1000 -1000 -10 0.00030875205993652344
Car -1 -1 -10 0.0 167.0 11.0 213.0 -1 -1 -1 -1000 -1000 -1000 -10 0.0003063678741455078
Car -1 -1 -10 759.0 167.0 811.0 204.0 -1 -1 -1 -1000 -1000 -1000 -10 0.0002923011779785156
Car -1 -1 -10 643.0 130.0 816.0 269.0 -1 -1 -1 -1000 -1000 -1000 -10 0.0002808570861816406
Car -1 -1 -10 1150.0 136.0 1198.0 193.0 -1 -1 -1 -1000 -1000 -1000 -10 0.0002460479736328125
Car -1 -1 -10 144.0 186.0 193.0 216.0 -1 -1 -1 -1000 -1000 -1000 -10 0.00024509429931640625
Car -1 -1 -10 475.0 152.0 533.0 209.0 -1 -1 -1 -1000 -1000 -1000 -10 0.0002397298812866211
Car -1 -1 -10 217.0 0.0 284.0 53.0 -1 -1 -1 -1000 -1000 -1000 -10 0.00023508071899414062
Car -1 -1 -10 481.0 131.0 645.0 261.0 -1 -1 -1 -1000 -1000 -1000 -10 0.0002315044403076172
Car -1 -1 -10 434.0 111.0 591.0 237.0 -1 -1 -1 -1000 -1000 -1000 -10 0.00021708011627197266
Car -1 -1 -10 1204.0 148.0 1241.0 332.0 -1 -1 -1 -1000 -1000 -1000 -10 0.0002092123031616211
Car -1 -1 -10 621.0 156.0 647.0 186.0 -1 -1 -1 -1000 -1000 -1000 -10 0.00020372867584228516
Car -1 -1 -10 0.0 162.0 22.0 223.0 -1 -1 -1 -1000 -1000 -1000 -10 0.000202178955078125
Car -1 -1 -10 624.0 141.0 653.0 180.0 -1 -1 -1 -1000 -1000 -1000 -10 0.0001920461654663086
Car -1 -1 -10 1221.0 122.0 1242.0 190.0 -1 -1 -1 -1000 -1000 -1000 -10 0.00018084049224853516
Car -1 -1 -10 1188.0 144.0 1242.0 197.0 -1 -1 -1 -1000 -1000 -1000 -10 0.00017213821411132812
Car -1 -1 -10 150.0 0.0 208.0 52.0 -1 -1 -1 -1000 -1000 -1000 -10 0.0001704692840576172
Car -1 -1 -10 0.0 192.0 13.0 314.0 -1 -1 -1 -1000 -1000 -1000 -10 0.00012814998626708984
Car -1 -1 -10 0.0 190.0 20.0 242.0 -1 -1 -1 -1000 -1000 -1000 -10 0.0001233816146850586
Car -1 -1 -10 1184.0 136.0 1242.0 228.0 -1 -1 -1 -1000 -1000 -1000 -10 0.00011736154556274414
Car -1 -1 -10 1230.0 114.0 1242.0 182.0 -1 -1 -1 -1000 -1000 -1000 -10 0.00011324882507324219
Car -1 -1 -10 0.0 151.0 10.0 202.0 -1 -1 -1 -1000 -1000 -1000 -10 0.00011074542999267578
Pedestrian -1 -1 -10 882.0 0.0 942.0 2.0 -1 -1 -1 -1000 -1000 -1000 -10 0.00010269880294799805
