Car -1 -1 -10 850.0 128.0 1239.0 373.0 -1 -1 -1 -1000 -1000 -1000 -10 0.9736328125
Car -1 -1 -10 789.0 164.0 878.0 238.0 -1 -1 -1 -1000 -1000 -1000 -10 0.94921875
Car -1 -1 -10 771.0 136.0 844.0 206.0 -1 -1 -1 -1000 -1000 -1000 -10 0.93115234375
Car -1 -1 -10 1167.0 189.0 1242.0 373.0 -1 -1 -1 -1000 -1000 -1000 -10 0.85546875
Car -1 -1 -10 1203.0 173.0 1242.0 366.0 -1 -1 -1 -1000 -1000 -1000 -10 0.03753662109375
Car -1 -1 -10 1215.0 179.0 1242.0 315.0 -1 -1 -1 -1000 -1000 -1000 -10 0.0160675048828125
Car -1 -1 -10 1190.0 189.0 1241.0 324.0 -1 -1 -1 -1000 -1000 -1000 -10 0.01456451416015625
Car -1 -1 -10 1224.0 188.0 1242.0 284.0 -1 -1 -1 -1000 -1000 -1000 -10 0.0054168701171875
Car -1 -1 -10 1127.0 181.0 1242.0 373.0 -1 -1 -1 -1000 -1000 -1000 -10 0.0021305084228515625
Car -1 -1 -10 1197.0 162.0 1241.0 298.0 -1 -1 -1 -1000 -1000 -1000 -10 0.0018720626831054688
Car -1 -1 -10 1177.0 184.0 1239.0 292.0 -1 -1 -1 -1000 -1000 -1000 -10 0.0009794235229492188
Car -1 -1 -10 1214.0 212.0 1241.0 274.0 -1 -1 -1 -1000 -1000 -1000 -10 0.0009708404541015625
Car -1 -1 -10 783.0 152.0 847.0 202.0 -1 -1 -1 -1000 -1000 -1000 -10 0.0009169578552246094
Car -1 -1 -10 1225.0 204.0 1242.0 265.0 -1 -1 -1 -1000 -1000 -1000 -10 0.0008196830749511719
Car -1 -1 -10 777.0 152.0 900.0 253.0 -1 -1 -1 -1000 -1000 -1000 -10 0.0005645751953125
Car -1 -1 -10 0.0 198.0 30.0 371.0 -1 -1 -1 -1000 -1000 -1000 -10 0.0004475116729736328
Car -1 -1 -10 1193.0 229.0 1242.0 372.0 -1 -1 -1 -1000 -1000 -1000 -10 0.0004398822784423828
Car -1 -1 -10 1228.0 175.0 1242.0 255.0 -1 -1 -1 -1000 -1000 -1000 -10 0.00043082237243652344
Car -1 -1 -10 1218.0 134.0 1242.0 281.0 -1 -1 -1 -1000 -1000 -1000 -10 0.00042366981506347656
Car -1 -1 -10 0.0 192.0 55.0 375.0 -1 -1 -1 -1000 -1000 -1000 -10 0.000370025634765625
Car -1 -1 -10 1213.0 167.0 1242.0 262.0 -1 -1 -1 -1000 -1000 -1000 -10 0.0003638267517089844
Car -1 -1 -10 1217.0 205.0 1242.0 343.0 -1 -1 -1 -1000 -1000 -1000 -10 0.0003635883331298828
Car -1 -1 -10 1161.0 249.0 1237.0 367.0 -1 -1 -1 -1000 -1000 -1000 -10 0.00024700164794921875
Car -1 -1 -10 0.0 195.0 95.0 375.0 -1 -1 -1 -1000 -1000 -1000 -10 0.00023818016052246094
Car -1 -1 -10 1153.0 200.0 1231.0 330.0 -1 -1 -1 -1000 -1000 -1000 -10 0.00023186206817626953
Car -1 -1 -10 1168.0 145.0 1241.0 325.0 -1 -1 -1 -1000 -1000 -1000 -10 0.00018799304962158203
Car -1 -1 -10 1222.0 221.0 1242.0 284.0 -1 -1 -1 -1000 -1000 -1000 -10 0.00018298625946044922
Car -1 -1 -10 739.0 126.0 869.0 221.0 -1 -1 -1 -1000 -1000 -1000 -10 0.00015211105346679688
Car -1 -1 -10 776.0 156.0 827.0 217.0 -1 -1 -1 -1000 -1000 -1000 -10 0.00013065338134765625
Car -1 -1 -10 1202.0 216.0 1242.0 333.0 -1 -1 -1 -1000 -1000 -1000 -10 0.00012350082397460938
Car -1 -1 -10 536.0 0.0 586.0 11.0 -1 -1 -1 -1000 -1000 -1000 -10 0.00011783838272094727
