Car -1 -1 -10 828.0 188.0 1241.0 373.0 -1 -1 -1 -1000 -1000 -1000 -10 0.9765625
Car -1 -1 -10 1.0 204.0 271.0 373.0 -1 -1 -1 -1000 -1000 -1000 -10 0.9716796875
Car -1 -1 -10 750.0 180.0 924.0 293.0 -1 -1 -1 -1000 -1000 -1000 -10 0.96533203125
Car -1 -1 -10 184.0 191.0 404.0 302.0 -1 -1 -1 -1000 -1000 -1000 -10 0.9609375
Car -1 -1 -10 721.0 178.0 820.0 250.0 -1 -1 -1 -1000 -1000 -1000 -10 0.96044921875
Car -1 -1 -10 697.0 178.0 772.0 231.0 -1 -1 -1 -1000 -1000 -1000 -10 0.95068359375
Car -1 -1 -10 458.0 178.0 516.0 219.0 -1 -1 -1 -1000 -1000 -1000 -10 0.9501953125
Car -1 -1 -10 483.0 177.0 536.0 213.0 -1 -1 -1 -1000 -1000 -1000 -10 0.943359375
Car -1 -1 -10 690.0 177.0 746.0 218.0 -1 -1 -1 -1000 -1000 -1000 -10 0.8955078125
Car -1 -1 -10 1201.0 203.0 1242.0 369.0 -1 -1 -1 -1000 -1000 -1000 -10 0.0465087890625
Car -1 -1 -10 715.0 168.0 851.0 271.0 -1 -1 -1 -1000 -1000 -1000 -10 0.00382232666015625
Car -1 -1 -10 1215.0 195.0 1242.0 345.0 -1 -1 -1 -1000 -1000 -1000 -10 0.00267791748046875
Car -1 -1 -10 1225.0 209.0 1242.0 341.0 -1 -1 -1 -1000 -1000 -1000 -10 0.000823974609375
Car -1 -1 -10 1169.0 202.0 1242.0 367.0 -1 -1 -1 -1000 -1000 -1000 -10 0.0008106231689453125
Car -1 -1 -10 476.0 160.0 541.0 220.0 -1 -1 -1 -1000 -1000 -1000 -10 0.0008068084716796875
Car -1 -1 -10 228.0 194.0 365.0 295.0 -1 -1 -1 -1000 -1000 -1000 -10 0.0006470680236816406
Car -1 -1 -10 80.0 210.0 190.0 359.0 -1 -1 -1 -1000 -1000 -1000 -10 0.0006012916564941406
Car -1 -1 -10 1117.0 206.0 1242.0 375.0 -1 -1 -1 -1000 -1000 -1000 -10 0.0005025863647460938
Car -1 -1 -10 667.0 146.0 812.0 249.0 -1 -1 -1 -1000 -1000 -1000 -10 0.0003921985626220703
Car -1 -1 -10 682.0 167.0 750.0 232.0 -1 -1 -1 -1000 -1000 -1000 -10 0.000370025634765625
Car -1 -1 -10 403.0 132.0 559.0 245.0 -1 -1 -1 -1000 -1000 -1000 -10 0.0003662109375
Car -1 -1 -10 0.0 202.0 24.0 362.0 -1 -1 -1 -1000 -1000 -1000 -10 0.0003573894500732422
Car -1 -1 -10 454.0 165.0 526.0 230.0 -1 -1 -1 -1000 -1000 -1000 -10 0.0003504753112792969
Car -1 -1 -10 0.0 166.0 15.0 225.0 -1 -1 -1 -1000 -1000 -1000 -10 0.0003371238708496094
Car -1 -1 -10 701.0 172.0 757.0 216.0 -1 -1 -1 -1000 -1000 -1000 -10 0.00033354759216308594
Car -1 -1 -10 612.0 137.0 797.0 272.0 -1 -1 -1 -1000 -1000 -1000 -10 0.00033283233642578125
Car -1 -1 -10 1211.0 231.0 1242.0 375.0 -1 -1 -1 -1000 -1000 -1000 -10 0.0002409219741821289
Car -1 -1 -10 690.0 171.0 736.0 209.0 -1 -1 -1 -1000 -1000 -1000 -10 0.00020170211791992188
Car -1 -1 -10 717.0 177.0 792.0 231.0 -1 -1 -1 -1000 -1000 -1000 -10 0.00017118453979492188
Car -1 -1 -10 0.0 181.0 12.0 226.0 -1 -1 -1 -1000 -1000 -1000 -10 0.00016486644744873047
Car -1 -1 -10 0.0 150.0 19.0 225.0 -1 -1 -1 -1000 -1000 -1000 -10 0.0001500844955444336
Car -1 -1 -10 1221.0 186.0 1242.0 304.0 -1 -1 -1 -1000 -1000 -1000 -10 0.0001252889633178711
Car -1 -1 -10 418.0 137.0 598.0 271.0 -1 -1 -1 -1000 -1000 -1000 -10 0.00012058019638061523
Pedestrian -1 -1 -10 746.0 0.0 812.0 39.0 -1 -1 -1 -1000 -1000 -1000 -10 0.00010991096496582031
Car -1 -1 -10 631.0 173.0 663.0 188.0 -1 -1 -1 -1000 -1000 -1000 -10 0.00010979175567626953
Car -1 -1 -10 0.0 179.0 16.0 260.0 -1 -1 -1 -1000 -1000 -1000 -10 0.00010782480239868164
