Cyclist -1 -1 -10 845.0 140.0 905.0 262.0 -1 -1 -1 -1000 -1000 -1000 -10 0.9453125
Cyclist -1 -1 -10 504.0 163.0 547.0 221.0 -1 -1 -1 -1000 -1000 -1000 -10 0.93359375
Pedestrian -1 -1 -10 735.0 156.0 790.0 279.0 -1 -1 -1 -1000 -1000 -1000 -10 0.9248046875
Pedestrian -1 -1 -10 918.0 140.0 954.0 238.0 -1 -1 -1 -1000 -1000 -1000 -10 0.9150390625
Pedestrian -1 -1 -10 686.0 155.0 701.0 202.0 -1 -1 -1 -1000 -1000 -1000 -10 0.77099609375
Pedestrian -1 -1 -10 726.0 150.0 745.0 198.0 -1 -1 -1 -1000 -1000 -1000 -10 0.72119140625
Pedestrian -1 -1 -10 710.0 152.0 725.0 199.0 -1 -1 -1 -1000 -1000 -1000 -10 0.5966796875
Pedestrian -1 -1 -10 705.0 154.0 720.0 199.0 -1 -1 -1 -1000 -1000 -1000 -10 0.552734375
Pedestrian -1 -1 -10 684.0 155.0 720.0 200.0 -1 -1 -1 -1000 -1000 -1000 -10 0.28125
Pedestrian -1 -1 -10 694.0 154.0 714.0 201.0 -1 -1 -1 -1000 -1000 -1000 -10 0.254638671875
Pedestrian -1 -1 -10 715.0 151.0 738.0 196.0 -1 -1 -1 -1000 -1000 -1000 -10 0.21826171875
Pedestrian -1 -1 -10 732.0 151.0 751.0 201.0 -1 -1 -1 -1000 -1000 -1000 -10 0.0286712646484375
Pedestrian -1 -1 -10 680.0 157.0 693.0 202.0 -1 -1 -1 -1000 -1000 -1000 -10 0.0268707275390625
Pedestrian -1 -1 -10 863.0 136.0 918.0 257.0 -1 -1 -1 -1000 -1000 -1000 -10 0.01092529296875
Pedestrian -1 -1 -10 678.0 156.0 688.0 193.0 -1 -1 -1 -1000 -1000 -1000 -10 0.0081634521484375
Car -1 -1 -10 0.0 148.0 23.0 288.0 -1 -1 -1 -1000 -1000 -1000 -10 0.003681182861328125
Car -1 -1 -10 1206.0 162.0 1224.0 243.0 -1 -1 -1 -1000 -1000 -1000 -10 0.0030231475830078125
Pedestrian -1 -1 -10 701.0 152.0 749.0 202.0 -1 -1 -1 -1000 -1000 -1000 -10 0.002044677734375
Pedestrian -1 -1 -10 702.0 157.0 716.0 204.0 -1 -1 -1 -1000 -1000 -1000 -10 0.002017974853515625
Pedestrian -1 -1 -10 672.0 157.0 687.0 198.0 -1 -1 -1 -1000 -1000 -1000 -10 0.0017786026000976562
Pedestrian -1 -1 -10 702.0 148.0 718.0 190.0 -1 -1 -1 -1000 -1000 -1000 -10 0.0015935897827148438
Pedestrian -1 -1 -10 724.0 148.0 741.0 191.0 -1 -1 -1 -1000 -1000 -1000 -10 0.0015077590942382812
Pedestrian -1 -1 -10 742.0 152.0 764.0 196.0 -1 -1 -1 -1000 -1000 -1000 -10 0.0011014938354492188
Pedestrian -1 -1 -10 736.0 152.0 759.0 200.0 -1 -1 -1 -1000 -1000 -1000 -10 0.0011005401611328125
Car -1 -1 -10 1194.0 171.0 1224.0 247.0 -1 -1 -1 -1000 -1000 -1000 -10 0.0010976791381835938
Car -1 -1 -10 1202.0 154.0 1224.0 316.0 -1 -1 -1 -1000 -1000 -1000 -10 0.0010442733764648438
Car -1 -1 -10 0.0 168.0 25.0 336.0 -1 -1 -1 -1000 -1000 -1000 -10 0.0009784698486328125
Pedestrian -1 -1 -10 700.0 152.0 816.0 280.0 -1 -1 -1 -1000 -1000 -1000 -10 0.0007038116455078125
Cyclist -1 -1 -10 428.0 162.0 455.0 210.0 -1 -1 -1 -1000 -1000 -1000 -10 0.0006809234619140625
Car -1 -1 -10 0.0 145.0 17.0 257.0 -1 -1 -1 -1000 -1000 -1000 -10 0.0006537437438964844
Cyclist -1 -1 -10 822.0 135.0 931.0 265.0 -1 -1 -1 -1000 -1000 -1000 -10 0.0006422996520996094
Pedestrian -1 -1 -10 723.0 156.0 740.0 204.0 -1 -1 -1 -1000 -1000 -1000 -10 0.00063323974609375
Car -1 -1 -10 0.0 214.0 24.0 368.0 -1 -1 -1 -1000 -1000 -1000 -10 0.0005335807800292969
Car -1 -1 -10 585.0 159.0 599.0 178.0 -1 -1 -1 -1000 -1000 -1000 -10 0.000492095947265625
Pedestrian -1 -1 -10 685.0 147.0 699.0 192.0 -1 -1 -1 -1000 -1000 -1000 -10 0.00042319297790527344
Car -1 -1 -10 1.0 134.0 30.0 267.0 -1 -1 -1 -1000 -1000 -1000 -10 0.0004115104675292969
Pedestrian -1 -1 -10 690.0 148.0 704.0 191.0 -1 -1 -1 -1000 -1000 -1000 -10 0.0003764629364013672
Car -1 -1 -10 0.0 181.0 18.0 297.0 -1 -1 -1 -1000 -1000 -1000 -10 0.00037479400634765625
Pedestrian -1 -1 -10 677.0 158.0 690.0 205.0 -1 -1 -1 -1000 -1000 -1000 -10 0.00037217140197753906
Car -1 -1 -10 1209.0 163.0 1224.0 218.0 -1 -1 -1 -1000 -1000 -1000 -10 0.0003421306610107422
Car -1 -1 -10 0.0 154.0 34.0 360.0 -1 -1 -1 -1000 -1000 -1000 -10 0.0003077983856201172
Cyclist -1 -1 -10 443.0 129.0 587.0 236.0 -1 -1 -1 -1000 -1000 -1000 -10 0.00021660327911376953
Cyclist -1 -1 -10 469.0 128.0 618.0 265.0 -1 -1 -1 -1000 -1000 -1000 -10 0.00020647048950195312
Car -1 -1 -10 1180.0 162.0 1223.0 251.0 -1 -1 -1 -1000 -1000 -1000 -10 0.00019741058349609375
Pedestrian -1 -1 -10 1005.0 146.0 1031.0 211.0 -1 -1 -1 -1000 -1000 -1000 -10 0.00019538402557373047
Pedestrian -1 -1 -10 910.0 150.0 942.0 227.0 -1 -1 -1 -1000 -1000 -1000 -10 0.00019443035125732422
Pedestrian -1 -1 -10 667.0 154.0 691.0 202.0 -1 -1 -1 -1000 -1000 -1000 -10 0.00017452239990234375
Car -1 -1 -10 1213.0 145.0 1224.0 227.0 -1 -1 -1 -1000 -1000 -1000 -10 0.00017130374908447266
Pedestrian -1 -1 -10 710.0 145.0 778.0 242.0 -1 -1 -1 -1000 -1000 -1000 -10 0.00016987323760986328
Car -1 -1 -10 0.0 145.0 39.0 289.0 -1 -1 -1 -1000 -1000 -1000 -10 0.00015604496002197266
Car -1 -1 -10 1.0 212.0 42.0 370.0 -1 -1 -1 -1000 -1000 -1000 -10 0.00015246868133544922
Car -1 -1 -10 1192.0 159.0 1224.0 347.0 -1 -1 -1 -1000 -1000 -1000 -10 0.00014400482177734375
Car -1 -1 -10 1183.0 154.0 1224.0 299.0 -1 -1 -1 -1000 -1000 -1000 -10 0.00014209747314453125
Car -1 -1 -10 1.0 132.0 24.0 231.0 -1 -1 -1 -1000 -1000 -1000 -10 0.00013899803161621094
Car -1 -1 -10 0.0 102.0 18.0 229.0 -1 -1 -1 -1000 -1000 -1000 -10 0.00012671947479248047
Car -1 -1 -10 1163.0 169.0 1224.0 242.0 -1 -1 -1 -1000 -1000 -1000 -10 0.00011408329010009766
Pedestrian -1 -1 -10 757.0 0.0 776.0 0.0 -1 -1 -1 -1000 -1000 -1000 -10 0.00010508298873901367
