Car -1 -1 -10 514.0 181.0 559.0 213.0 -1 -1 -1 -1000 -1000 -1000 -10 0.9609375
Car -1 -1 -10 504.0 167.0 563.0 229.0 -1 -1 -1 -1000 -1000 -1000 -10 0.0012960433959960938
Cyclist -1 -1 -10 0.0 157.0 25.0 322.0 -1 -1 -1 -1000 -1000 -1000 -10 0.0007486343383789062
Car -1 -1 -10 438.0 134.0 605.0 274.0 -1 -1 -1 -1000 -1000 -1000 -10 0.00045490264892578125
Cyclist -1 -1 -10 0.0 133.0 46.0 325.0 -1 -1 -1 -1000 -1000 -1000 -10 0.00035119056701660156
Car -1 -1 -10 1224.0 186.0 1242.0 334.0 -1 -1 -1 -1000 -1000 -1000 -10 0.0001939535140991211
Pedestrian -1 -1 -10 805.0 0.0 902.0 43.0 -1 -1 -1 -1000 -1000 -1000 -10 0.00019359588623046875
Cyclist -1 -1 -10 0.0 189.0 16.0 304.0 -1 -1 -1 -1000 -1000 -1000 -10 0.0001806020736694336
Cyclist -1 -1 -10 0.0 195.0 29.0 298.0 -1 -1 -1 -1000 -1000 -1000 -10 0.00011771917343139648
Car -1 -1 -10 1142.0 0.0 1242.0 2.0 -1 -1 -1 -1000 -1000 -1000 -10 0.00011461973190307617
Car -1 -1 -10 1221.0 159.0 1242.0 278.0 -1 -1 -1 -1000 -1000 -1000 -10 0.00010180473327636719
