Car -1 -1 -10 485.0 190.0 543.0 237.0 -1 -1 -1 -1000 -1000 -1000 -10 0.93408203125
Car -1 -1 -10 1186.0 191.0 1241.0 375.0 -1 -1 -1 -1000 -1000 -1000 -10 0.0008425712585449219
Pedestrian -1 -1 -10 0.0 149.0 27.0 375.0 -1 -1 -1 -1000 -1000 -1000 -10 0.0008254051208496094
Car -1 -1 -10 1204.0 206.0 1242.0 375.0 -1 -1 -1 -1000 -1000 -1000 -10 0.0005393028259277344
Pedestrian -1 -1 -10 1.0 138.0 50.0 375.0 -1 -1 -1 -1000 -1000 -1000 -10 0.00045037269592285156
Car -1 -1 -10 0.0 177.0 28.0 375.0 -1 -1 -1 -1000 -1000 -1000 -10 0.000286102294921875
Car -1 -1 -10 430.0 161.0 603.0 287.0 -1 -1 -1 -1000 -1000 -1000 -10 0.0002827644348144531
Car -1 -1 -10 0.0 146.0 53.0 375.0 -1 -1 -1 -1000 -1000 -1000 -10 0.00027751922607421875
Car -1 -1 -10 1158.0 216.0 1242.0 375.0 -1 -1 -1 -1000 -1000 -1000 -10 0.0002219676971435547
Car -1 -1 -10 0.0 259.0 27.0 374.0 -1 -1 -1 -1000 -1000 -1000 -10 0.00020968914031982422
Pedestrian -1 -1 -10 1082.0 0.0 1166.0 74.0 -1 -1 -1 -1000 -1000 -1000 -10 0.0002079010009765625
Car -1 -1 -10 0.0 226.0 47.0 372.0 -1 -1 -1 -1000 -1000 -1000 -10 0.00012123584747314453
Car -1 -1 -10 600.0 82.0 628.0 104.0 -1 -1 -1 -1000 -1000 -1000 -10 0.00011754035949707031
Car -1 -1 -10 1214.0 185.0 1242.0 350.0 -1 -1 -1 -1000 -1000 -1000 -10 0.00011199712753295898
