Car -1 -1 -10 771.0 182.0 1171.0 374.0 -1 -1 -1 -1000 -1000 -1000 -10 0.9716796875
Car -1 -1 -10 694.0 181.0 844.0 289.0 -1 -1 -1 -1000 -1000 -1000 -10 0.96435546875
Car -1 -1 -10 396.0 177.0 471.0 211.0 -1 -1 -1 -1000 -1000 -1000 -10 0.92138671875
Car -1 -1 -10 670.0 167.0 706.0 196.0 -1 -1 -1 -1000 -1000 -1000 -10 0.91552734375
Car -1 -1 -10 561.0 177.0 585.0 200.0 -1 -1 -1 -1000 -1000 -1000 -10 0.9130859375
Car -1 -1 -10 387.0 164.0 477.0 229.0 -1 -1 -1 -1000 -1000 -1000 -10 0.0010805130004882812
Car -1 -1 -10 1215.0 187.0 1242.0 374.0 -1 -1 -1 -1000 -1000 -1000 -10 0.0008420944213867188
Car -1 -1 -10 406.0 178.0 457.0 207.0 -1 -1 -1 -1000 -1000 -1000 -10 0.00047779083251953125
Car -1 -1 -10 675.0 161.0 707.0 190.0 -1 -1 -1 -1000 -1000 -1000 -10 0.0004527568817138672
Car -1 -1 -10 1199.0 213.0 1242.0 375.0 -1 -1 -1 -1000 -1000 -1000 -10 0.00040149688720703125
Car -1 -1 -10 338.0 132.0 523.0 277.0 -1 -1 -1 -1000 -1000 -1000 -10 0.00036978721618652344
Car -1 -1 -10 0.0 223.0 24.0 371.0 -1 -1 -1 -1000 -1000 -1000 -10 0.000270843505859375
Car -1 -1 -10 556.0 177.0 579.0 202.0 -1 -1 -1 -1000 -1000 -1000 -10 0.0002665519714355469
Car -1 -1 -10 0.0 227.0 44.0 372.0 -1 -1 -1 -1000 -1000 -1000 -10 0.00023663043975830078
Car -1 -1 -10 1159.0 211.0 1242.0 373.0 -1 -1 -1 -1000 -1000 -1000 -10 0.0002124309539794922
Pedestrian -1 -1 -10 433.0 0.0 464.0 8.0 -1 -1 -1 -1000 -1000 -1000 -10 0.00016260147094726562
Pedestrian -1 -1 -10 414.0 0.0 443.0 7.0 -1 -1 -1 -1000 -1000 -1000 -10 0.00015091896057128906
Car -1 -1 -10 1222.0 147.0 1242.0 337.0 -1 -1 -1 -1000 -1000 -1000 -10 0.00012969970703125
Pedestrian -1 -1 -10 425.0 0.0 455.0 9.0 -1 -1 -1 -1000 -1000 -1000 -10 0.00012493133544921875
Car -1 -1 -10 1212.0 249.0 1242.0 375.0 -1 -1 -1 -1000 -1000 -1000 -10 0.00012445449829101562
Pedestrian -1 -1 -10 402.0 0.0 434.0 10.0 -1 -1 -1 -1000 -1000 -1000 -10 0.00012242794036865234
Car -1 -1 -10 663.0 168.0 697.0 195.0 -1 -1 -1 -1000 -1000 -1000 -10 0.00010520219802856445
