Car -1 -1 -10 536.0 179.0 561.0 202.0 -1 -1 -1 -1000 -1000 -1000 -10 0.92724609375
Car -1 -1 -10 337.0 80.0 359.0 97.0 -1 -1 -1 -1000 -1000 -1000 -10 0.2470703125
Car -1 -1 -10 323.0 75.0 344.0 96.0 -1 -1 -1 -1000 -1000 -1000 -10 0.0023059844970703125
Car -1 -1 -10 334.0 74.0 361.0 98.0 -1 -1 -1 -1000 -1000 -1000 -10 0.00034236907958984375
Car -1 -1 -10 591.0 179.0 605.0 193.0 -1 -1 -1 -1000 -1000 -1000 -10 0.00026416778564453125
Car -1 -1 -10 540.0 176.0 565.0 200.0 -1 -1 -1 -1000 -1000 -1000 -10 0.00020372867584228516
Car -1 -1 -10 531.0 177.0 562.0 210.0 -1 -1 -1 -1000 -1000 -1000 -10 0.00016760826110839844
Car -1 -1 -10 278.0 108.0 307.0 134.0 -1 -1 -1 -1000 -1000 -1000 -10 0.00015056133270263672
Car -1 -1 -10 530.0 180.0 553.0 200.0 -1 -1 -1 -1000 -1000 -1000 -10 0.0001291036605834961
Car -1 -1 -10 688.0 108.0 731.0 135.0 -1 -1 -1 -1000 -1000 -1000 -10 0.00011271238327026367
Car -1 -1 -10 319.0 73.0 340.0 94.0 -1 -1 -1 -1000 -1000 -1000 -10 0.00010842084884643555
