Car -1 -1 -10 588.0 177.0 633.0 223.0 -1 -1 -1 -1000 -1000 -1000 -10 0.974609375
Car -1 -1 -10 12.0 195.0 402.0 373.0 -1 -1 -1 -1000 -1000 -1000 -10 0.96875
Car -1 -1 -10 0.0 184.0 110.0 232.0 -1 -1 -1 -1000 -1000 -1000 -10 0.95947265625
Cyclist -1 -1 -10 1169.0 197.0 1242.0 291.0 -1 -1 -1 -1000 -1000 -1000 -10 0.9453125
Car -1 -1 -10 525.0 178.0 559.0 207.0 -1 -1 -1 -1000 -1000 -1000 -10 0.94287109375
Car -1 -1 -10 557.0 181.0 577.0 198.0 -1 -1 -1 -1000 -1000 -1000 -10 0.87646484375
Cyclist -1 -1 -10 1229.0 204.0 1242.0 300.0 -1 -1 -1 -1000 -1000 -1000 -10 0.004917144775390625
Cyclist -1 -1 -10 1213.0 201.0 1242.0 300.0 -1 -1 -1 -1000 -1000 -1000 -10 0.003925323486328125
Car -1 -1 -10 534.0 179.0 562.0 204.0 -1 -1 -1 -1000 -1000 -1000 -10 0.0031375885009765625
Car -1 -1 -10 0.0 182.0 17.0 230.0 -1 -1 -1 -1000 -1000 -1000 -10 0.0030117034912109375
Car -1 -1 -10 568.0 178.0 584.0 195.0 -1 -1 -1 -1000 -1000 -1000 -10 0.0015192031860351562
Car -1 -1 -10 550.0 177.0 566.0 193.0 -1 -1 -1 -1000 -1000 -1000 -10 0.0010585784912109375
Car -1 -1 -10 0.0 212.0 47.0 375.0 -1 -1 -1 -1000 -1000 -1000 -10 0.0007524490356445312
Car -1 -1 -10 0.0 215.0 26.0 375.0 -1 -1 -1 -1000 -1000 -1000 -10 0.0006456375122070312
Cyclist -1 -1 -10 1143.0 192.0 1242.0 299.0 -1 -1 -1 -1000 -1000 -1000 -10 0.00063323974609375
Car -1 -1 -10 585.0 169.0 648.0 237.0 -1 -1 -1 -1000 -1000 -1000 -10 0.0006194114685058594
Car -1 -1 -10 563.0 177.0 588.0 199.0 -1 -1 -1 -1000 -1000 -1000 -10 0.00041937828063964844
Car -1 -1 -10 0.0 140.0 145.0 278.0 -1 -1 -1 -1000 -1000 -1000 -10 0.00039076805114746094
Car -1 -1 -10 1.0 186.0 33.0 225.0 -1 -1 -1 -1000 -1000 -1000 -10 0.0003731250762939453
Car -1 -1 -10 526.0 135.0 676.0 247.0 -1 -1 -1 -1000 -1000 -1000 -10 0.00036454200744628906
Cyclist -1 -1 -10 1230.0 204.0 1241.0 261.0 -1 -1 -1 -1000 -1000 -1000 -10 0.000347137451171875
Car -1 -1 -10 557.0 137.0 703.0 276.0 -1 -1 -1 -1000 -1000 -1000 -10 0.0003349781036376953
Car -1 -1 -10 0.0 191.0 12.0 242.0 -1 -1 -1 -1000 -1000 -1000 -10 0.00030517578125
Cyclist -1 -1 -10 1228.0 227.0 1241.0 318.0 -1 -1 -1 -1000 -1000 -1000 -10 0.0002663135528564453
Car -1 -1 -10 0.0 176.0 12.0 222.0 -1 -1 -1 -1000 -1000 -1000 -10 0.00026154518127441406
Cyclist -1 -1 -10 1221.0 193.0 1242.0 269.0 -1 -1 -1 -1000 -1000 -1000 -10 0.0002510547637939453
Car -1 -1 -10 32.0 187.0 81.0 222.0 -1 -1 -1 -1000 -1000 -1000 -10 0.00023353099822998047
Car -1 -1 -10 0.0 179.0 24.0 220.0 -1 -1 -1 -1000 -1000 -1000 -10 0.0002238750457763672
Car -1 -1 -10 556.0 177.0 581.0 209.0 -1 -1 -1 -1000 -1000 -1000 -10 0.00021970272064208984
Pedestrian -1 -1 -10 1229.0 192.0 1242.0 262.0 -1 -1 -1 -1000 -1000 -1000 -10 0.00020456314086914062
Cyclist -1 -1 -10 1230.0 220.0 1241.0 282.0 -1 -1 -1 -1000 -1000 -1000 -10 0.0001977682113647461
Car -1 -1 -10 0.0 191.0 19.0 338.0 -1 -1 -1 -1000 -1000 -1000 -10 0.00014829635620117188
Cyclist -1 -1 -10 1224.0 207.0 1242.0 335.0 -1 -1 -1 -1000 -1000 -1000 -10 0.0001443624496459961
Car -1 -1 -10 1229.0 194.0 1242.0 259.0 -1 -1 -1 -1000 -1000 -1000 -10 0.0001380443572998047
Car -1 -1 -10 0.0 193.0 77.0 373.0 -1 -1 -1 -1000 -1000 -1000 -10 0.00011116266250610352
