Car -1 -1 -10 1000.0 170.0 1221.0 248.0 -1 -1 -1 -1000 -1000 -1000 -10 0.95654296875
Car -1 -1 -10 0.0 180.0 75.0 291.0 -1 -1 -1 -1000 -1000 -1000 -10 0.951171875
Car -1 -1 -10 115.0 187.0 208.0 238.0 -1 -1 -1 -1000 -1000 -1000 -10 0.94970703125
Car -1 -1 -10 749.0 84.0 1040.0 194.0 -1 -1 -1 -1000 -1000 -1000 -10 0.93017578125
Car -1 -1 -10 25.0 189.0 107.0 242.0 -1 -1 -1 -1000 -1000 -1000 -10 0.316162109375
Car -1 -1 -10 1224.0 178.0 1242.0 248.0 -1 -1 -1 -1000 -1000 -1000 -10 0.0703125
Car -1 -1 -10 187.0 177.0 303.0 227.0 -1 -1 -1 -1000 -1000 -1000 -10 0.036865234375
Car -1 -1 -10 12.0 181.0 90.0 264.0 -1 -1 -1 -1000 -1000 -1000 -10 0.02099609375
Pedestrian -1 -1 -10 1225.0 163.0 1242.0 346.0 -1 -1 -1 -1000 -1000 -1000 -10 0.006473541259765625
Car -1 -1 -10 1220.0 170.0 1242.0 280.0 -1 -1 -1 -1000 -1000 -1000 -10 0.005695343017578125
Car -1 -1 -10 1215.0 162.0 1242.0 247.0 -1 -1 -1 -1000 -1000 -1000 -10 0.004825592041015625
Pedestrian -1 -1 -10 1226.0 147.0 1242.0 248.0 -1 -1 -1 -1000 -1000 -1000 -10 0.0019025802612304688
Car -1 -1 -10 1221.0 132.0 1242.0 250.0 -1 -1 -1 -1000 -1000 -1000 -10 0.0018720626831054688
Pedestrian -1 -1 -10 1218.0 168.0 1242.0 375.0 -1 -1 -1 -1000 -1000 -1000 -10 0.0011491775512695312
Pedestrian -1 -1 -10 1228.0 187.0 1242.0 318.0 -1 -1 -1 -1000 -1000 -1000 -10 0.0008978843688964844
Car -1 -1 -10 1043.0 173.0 1174.0 241.0 -1 -1 -1 -1000 -1000 -1000 -10 0.0007443428039550781
Car -1 -1 -10 906.0 96.0 1063.0 193.0 -1 -1 -1 -1000 -1000 -1000 -10 0.0005922317504882812
Car -1 -1 -10 836.0 93.0 961.0 183.0 -1 -1 -1 -1000 -1000 -1000 -10 0.0004391670227050781
Car -1 -1 -10 69.0 161.0 239.0 281.0 -1 -1 -1 -1000 -1000 -1000 -10 0.00037598609924316406
Car -1 -1 -10 1201.0 171.0 1242.0 250.0 -1 -1 -1 -1000 -1000 -1000 -10 0.00035953521728515625
Pedestrian -1 -1 -10 1222.0 176.0 1241.0 298.0 -1 -1 -1 -1000 -1000 -1000 -10 0.000339508056640625
Car -1 -1 -10 45.0 194.0 117.0 245.0 -1 -1 -1 -1000 -1000 -1000 -10 0.00031256675720214844
Car -1 -1 -10 1.0 180.0 70.0 242.0 -1 -1 -1 -1000 -1000 -1000 -10 0.0003094673156738281
Car -1 -1 -10 0.0 185.0 8.0 285.0 -1 -1 -1 -1000 -1000 -1000 -10 0.0002199411392211914
Car -1 -1 -10 135.0 189.0 185.0 231.0 -1 -1 -1 -1000 -1000 -1000 -10 0.00019872188568115234
Car -1 -1 -10 1228.0 131.0 1242.0 240.0 -1 -1 -1 -1000 -1000 -1000 -10 0.00019669532775878906
Car -1 -1 -10 1220.0 207.0 1242.0 375.0 -1 -1 -1 -1000 -1000 -1000 -10 0.00017273426055908203
Car -1 -1 -10 1218.0 96.0 1242.0 233.0 -1 -1 -1 -1000 -1000 -1000 -10 0.00015997886657714844
Car -1 -1 -10 1206.0 116.0 1242.0 251.0 -1 -1 -1 -1000 -1000 -1000 -10 0.00014889240264892578
Car -1 -1 -10 1209.0 184.0 1241.0 244.0 -1 -1 -1 -1000 -1000 -1000 -10 0.0001442432403564453
Car -1 -1 -10 0.0 211.0 20.0 291.0 -1 -1 -1 -1000 -1000 -1000 -10 0.00012683868408203125
Car -1 -1 -10 0.0 233.0 12.0 298.0 -1 -1 -1 -1000 -1000 -1000 -10 0.00012087821960449219
Pedestrian -1 -1 -10 1199.0 181.0 1242.0 375.0 -1 -1 -1 -1000 -1000 -1000 -10 0.00011610984802246094
