Car -1 -1 -10 277.0 188.0 429.0 291.0 -1 -1 -1 -1000 -1000 -1000 -10 0.96630859375
Car -1 -1 -10 492.0 176.0 578.0 206.0 -1 -1 -1 -1000 -1000 -1000 -10 0.94970703125
Car -1 -1 -10 615.0 174.0 703.0 201.0 -1 -1 -1 -1000 -1000 -1000 -10 0.94775390625
Car -1 -1 -10 123.0 179.0 243.0 220.0 -1 -1 -1 -1000 -1000 -1000 -10 0.9443359375
Car -1 -1 -10 288.0 156.0 401.0 210.0 -1 -1 -1 -1000 -1000 -1000 -10 0.94189453125
Car -1 -1 -10 350.0 182.0 440.0 233.0 -1 -1 -1 -1000 -1000 -1000 -10 0.92529296875
Pedestrian -1 -1 -10 756.0 165.0 783.0 232.0 -1 -1 -1 -1000 -1000 -1000 -10 0.87646484375
Car -1 -1 -10 306.0 188.0 407.0 236.0 -1 -1 -1 -1000 -1000 -1000 -10 0.0036945343017578125
Car -1 -1 -10 0.0 182.0 18.0 256.0 -1 -1 -1 -1000 -1000 -1000 -10 0.003543853759765625
Pedestrian -1 -1 -10 751.0 162.0 776.0 229.0 -1 -1 -1 -1000 -1000 -1000 -10 0.0021343231201171875
Car -1 -1 -10 0.0 176.0 14.0 236.0 -1 -1 -1 -1000 -1000 -1000 -10 0.0015554428100585938
Car -1 -1 -10 0.0 196.0 19.0 321.0 -1 -1 -1 -1000 -1000 -1000 -10 0.0012903213500976562
Car -1 -1 -10 293.0 171.0 389.0 214.0 -1 -1 -1 -1000 -1000 -1000 -10 0.0012350082397460938
Car -1 -1 -10 1210.0 195.0 1242.0 371.0 -1 -1 -1 -1000 -1000 -1000 -10 0.0012254714965820312
Car -1 -1 -10 0.0 183.0 24.0 291.0 -1 -1 -1 -1000 -1000 -1000 -10 0.0011882781982421875
Car -1 -1 -10 116.0 167.0 247.0 231.0 -1 -1 -1 -1000 -1000 -1000 -10 0.0008211135864257812
Pedestrian -1 -1 -10 764.0 165.0 792.0 231.0 -1 -1 -1 -1000 -1000 -1000 -10 0.0007762908935546875
Car -1 -1 -10 0.0 192.0 14.0 249.0 -1 -1 -1 -1000 -1000 -1000 -10 0.0007505416870117188
Car -1 -1 -10 157.0 183.0 204.0 210.0 -1 -1 -1 -1000 -1000 -1000 -10 0.0007467269897460938
Car -1 -1 -10 0.0 190.0 15.0 294.0 -1 -1 -1 -1000 -1000 -1000 -10 0.0007433891296386719
Car -1 -1 -10 0.0 214.0 14.0 315.0 -1 -1 -1 -1000 -1000 -1000 -10 0.0007424354553222656
Car -1 -1 -10 507.0 180.0 558.0 201.0 -1 -1 -1 -1000 -1000 -1000 -10 0.0007367134094238281
Car -1 -1 -10 1196.0 167.0 1241.0 372.0 -1 -1 -1 -1000 -1000 -1000 -10 0.0006566047668457031
Car -1 -1 -10 0.0 180.0 24.0 238.0 -1 -1 -1 -1000 -1000 -1000 -10 0.0005326271057128906
Car -1 -1 -10 91.0 133.0 273.0 244.0 -1 -1 -1 -1000 -1000 -1000 -10 0.0005259513854980469
Car -1 -1 -10 0.0 182.0 31.0 257.0 -1 -1 -1 -1000 -1000 -1000 -10 0.0005064010620117188
Car -1 -1 -10 251.0 119.0 427.0 238.0 -1 -1 -1 -1000 -1000 -1000 -10 0.0005006790161132812
Car -1 -1 -10 314.0 159.0 362.0 202.0 -1 -1 -1 -1000 -1000 -1000 -10 0.0004992485046386719
Car -1 -1 -10 298.0 142.0 476.0 288.0 -1 -1 -1 -1000 -1000 -1000 -10 0.00045561790466308594
Car -1 -1 -10 0.0 176.0 11.0 217.0 -1 -1 -1 -1000 -1000 -1000 -10 0.0004508495330810547
Car -1 -1 -10 0.0 202.0 25.0 358.0 -1 -1 -1 -1000 -1000 -1000 -10 0.0004088878631591797
Car -1 -1 -10 285.0 185.0 413.0 261.0 -1 -1 -1 -1000 -1000 -1000 -10 0.00039124488830566406
Car -1 -1 -10 632.0 177.0 682.0 194.0 -1 -1 -1 -1000 -1000 -1000 -10 0.00038695335388183594
Car -1 -1 -10 1173.0 206.0 1242.0 372.0 -1 -1 -1 -1000 -1000 -1000 -10 0.00035691261291503906
Car -1 -1 -10 482.0 164.0 582.0 223.0 -1 -1 -1 -1000 -1000 -1000 -10 0.0002701282501220703
Car -1 -1 -10 0.0 185.0 36.0 335.0 -1 -1 -1 -1000 -1000 -1000 -10 0.0002300739288330078
Car -1 -1 -10 293.0 185.0 387.0 227.0 -1 -1 -1 -1000 -1000 -1000 -10 0.00021910667419433594
Pedestrian -1 -1 -10 750.0 167.0 795.0 227.0 -1 -1 -1 -1000 -1000 -1000 -10 0.0001837015151977539
Pedestrian -1 -1 -10 781.0 0.0 855.0 2.0 -1 -1 -1 -1000 -1000 -1000 -10 0.00017559528350830078
Car -1 -1 -10 0.0 158.0 17.0 224.0 -1 -1 -1 -1000 -1000 -1000 -10 0.00015938282012939453
Car -1 -1 -10 1.0 171.0 22.0 218.0 -1 -1 -1 -1000 -1000 -1000 -10 0.00013911724090576172
Car -1 -1 -10 799.0 0.0 864.0 0.0 -1 -1 -1 -1000 -1000 -1000 -10 0.0001373291015625
Car -1 -1 -10 372.0 186.0 423.0 223.0 -1 -1 -1 -1000 -1000 -1000 -10 0.00013720989227294922
Car -1 -1 -10 0.0 173.0 38.0 234.0 -1 -1 -1 -1000 -1000 -1000 -10 0.0001322031021118164
Pedestrian -1 -1 -10 764.0 0.0 829.0 1.0 -1 -1 -1 -1000 -1000 -1000 -10 0.0001316070556640625
Car -1 -1 -10 0.0 234.0 14.0 355.0 -1 -1 -1 -1000 -1000 -1000 -10 0.00012314319610595703
Car -1 -1 -10 0.0 228.0 35.0 374.0 -1 -1 -1 -1000 -1000 -1000 -10 0.00012314319610595703
Pedestrian -1 -1 -10 736.0 0.0 780.0 0.0 -1 -1 -1 -1000 -1000 -1000 -10 0.00010758638381958008
Car -1 -1 -10 142.0 180.0 223.0 215.0 -1 -1 -1 -1000 -1000 -1000 -10 0.00010669231414794922
