Car -1 -1 -10 899.0 189.0 1241.0 373.0 -1 -1 -1 -1000 -1000 -1000 -10 0.9736328125
Car -1 -1 -10 1.0 192.0 253.0 367.0 -1 -1 -1 -1000 -1000 -1000 -10 0.96728515625
Car -1 -1 -10 766.0 180.0 1010.0 330.0 -1 -1 -1 -1000 -1000 -1000 -10 0.9658203125
Car -1 -1 -10 181.0 184.0 368.0 287.0 -1 -1 -1 -1000 -1000 -1000 -10 0.96484375
Car -1 -1 -10 598.0 151.0 674.0 192.0 -1 -1 -1 -1000 -1000 -1000 -10 0.94482421875
Car -1 -1 -10 469.0 177.0 527.0 202.0 -1 -1 -1 -1000 -1000 -1000 -10 0.94287109375
Pedestrian -1 -1 -10 670.0 171.0 683.0 204.0 -1 -1 -1 -1000 -1000 -1000 -10 0.865234375
Car -1 -1 -10 668.0 171.0 732.0 190.0 -1 -1 -1 -1000 -1000 -1000 -10 0.8466796875
Car -1 -1 -10 566.0 173.0 623.0 193.0 -1 -1 -1 -1000 -1000 -1000 -10 0.8193359375
Car -1 -1 -10 359.0 180.0 418.0 202.0 -1 -1 -1 -1000 -1000 -1000 -10 0.6025390625
Pedestrian -1 -1 -10 668.0 171.0 710.0 195.0 -1 -1 -1 -1000 -1000 -1000 -10 0.2763671875
Car -1 -1 -10 668.0 171.0 704.0 193.0 -1 -1 -1 -1000 -1000 -1000 -10 0.16796875
Car -1 -1 -10 567.0 164.0 626.0 197.0 -1 -1 -1 -1000 -1000 -1000 -10 0.002685546875
Pedestrian -1 -1 -10 668.0 166.0 685.0 198.0 -1 -1 -1 -1000 -1000 -1000 -10 0.0024662017822265625
Pedestrian -1 -1 -10 666.0 172.0 688.0 203.0 -1 -1 -1 -1000 -1000 -1000 -10 0.0019397735595703125
Car -1 -1 -10 580.0 169.0 626.0 191.0 -1 -1 -1 -1000 -1000 -1000 -10 0.00179290771484375
Pedestrian -1 -1 -10 662.0 168.0 734.0 202.0 -1 -1 -1 -1000 -1000 -1000 -10 0.0016117095947265625
Car -1 -1 -10 0.0 193.0 26.0 373.0 -1 -1 -1 -1000 -1000 -1000 -10 0.00096893310546875
Car -1 -1 -10 607.0 154.0 658.0 186.0 -1 -1 -1 -1000 -1000 -1000 -10 0.0007252693176269531
Car -1 -1 -10 686.0 174.0 724.0 192.0 -1 -1 -1 -1000 -1000 -1000 -10 0.0006494522094726562
Car -1 -1 -10 586.0 140.0 677.0 204.0 -1 -1 -1 -1000 -1000 -1000 -10 0.0006403923034667969
Car -1 -1 -10 823.0 184.0 945.0 319.0 -1 -1 -1 -1000 -1000 -1000 -10 0.0006375312805175781
Car -1 -1 -10 58.0 195.0 186.0 356.0 -1 -1 -1 -1000 -1000 -1000 -10 0.000507354736328125
Car -1 -1 -10 687.0 0.0 723.0 0.0 -1 -1 -1 -1000 -1000 -1000 -10 0.00040984153747558594
Car -1 -1 -10 700.0 0.0 730.0 3.0 -1 -1 -1 -1000 -1000 -1000 -10 0.00040340423583984375
Car -1 -1 -10 666.0 167.0 724.0 186.0 -1 -1 -1 -1000 -1000 -1000 -10 0.0003490447998046875
Car -1 -1 -10 0.0 196.0 41.0 370.0 -1 -1 -1 -1000 -1000 -1000 -10 0.00034809112548828125
Car -1 -1 -10 545.0 119.0 733.0 249.0 -1 -1 -1 -1000 -1000 -1000 -10 0.00027823448181152344
Car -1 -1 -10 0.0 231.0 21.0 375.0 -1 -1 -1 -1000 -1000 -1000 -10 0.0002727508544921875
Pedestrian -1 -1 -10 605.0 158.0 649.0 189.0 -1 -1 -1 -1000 -1000 -1000 -10 0.00025463104248046875
Car -1 -1 -10 708.0 0.0 753.0 12.0 -1 -1 -1 -1000 -1000 -1000 -10 0.00021219253540039062
Car -1 -1 -10 355.0 177.0 419.0 210.0 -1 -1 -1 -1000 -1000 -1000 -10 0.00021183490753173828
Car -1 -1 -10 710.0 0.0 745.0 12.0 -1 -1 -1 -1000 -1000 -1000 -10 0.00016391277313232422
Car -1 -1 -10 594.0 165.0 636.0 191.0 -1 -1 -1 -1000 -1000 -1000 -10 0.00014460086822509766
Car -1 -1 -10 340.0 172.0 411.0 202.0 -1 -1 -1 -1000 -1000 -1000 -10 0.00013053417205810547
Car -1 -1 -10 0.0 175.0 22.0 312.0 -1 -1 -1 -1000 -1000 -1000 -10 0.00012683868408203125
Pedestrian -1 -1 -10 597.0 165.0 630.0 190.0 -1 -1 -1 -1000 -1000 -1000 -10 0.00010627508163452148
Pedestrian -1 -1 -10 663.0 161.0 688.0 196.0 -1 -1 -1 -1000 -1000 -1000 -10 0.00010114908218383789
