Car -1 -1 -10 1138.0 185.0 1192.0 224.0 -1 -1 -1 -1000 -1000 -1000 -10 0.94775390625
Car -1 -1 -10 1237.0 182.0 1242.0 204.0 -1 -1 -1 -1000 -1000 -1000 -10 0.006786346435546875
Car -1 -1 -10 1236.0 181.0 1242.0 211.0 -1 -1 -1 -1000 -1000 -1000 -10 0.00275421142578125
Car -1 -1 -10 1213.0 192.0 1242.0 375.0 -1 -1 -1 -1000 -1000 -1000 -10 0.001956939697265625
Car -1 -1 -10 0.0 221.0 22.0 375.0 -1 -1 -1 -1000 -1000 -1000 -10 0.00107574462890625
Car -1 -1 -10 1131.0 172.0 1196.0 237.0 -1 -1 -1 -1000 -1000 -1000 -10 0.0007343292236328125
Car -1 -1 -10 1067.0 136.0 1234.0 276.0 -1 -1 -1 -1000 -1000 -1000 -10 0.0003905296325683594
Car -1 -1 -10 1221.0 252.0 1242.0 373.0 -1 -1 -1 -1000 -1000 -1000 -10 0.0003139972686767578
Car -1 -1 -10 1.0 185.0 35.0 375.0 -1 -1 -1 -1000 -1000 -1000 -10 0.0002980232238769531
Car -1 -1 -10 1102.0 140.0 1242.0 251.0 -1 -1 -1 -1000 -1000 -1000 -10 0.0002703666687011719
Car -1 -1 -10 0.0 242.0 15.0 367.0 -1 -1 -1 -1000 -1000 -1000 -10 0.0002453327178955078
Car -1 -1 -10 1232.0 177.0 1242.0 212.0 -1 -1 -1 -1000 -1000 -1000 -10 0.00024437904357910156
Car -1 -1 -10 1200.0 242.0 1241.0 375.0 -1 -1 -1 -1000 -1000 -1000 -10 0.0001691579818725586
