Car -1 -1 -10 551.0 175.0 598.0 210.0 -1 -1 -1 -1000 -1000 -1000 -10 0.95751953125
Pedestrian -1 -1 -10 403.0 167.0 443.0 272.0 -1 -1 -1 -1000 -1000 -1000 -10 0.91259765625
Pedestrian -1 -1 -10 336.0 169.0 370.0 273.0 -1 -1 -1 -1000 -1000 -1000 -10 0.9013671875
Pedestrian -1 -1 -10 650.0 166.0 678.0 238.0 -1 -1 -1 -1000 -1000 -1000 -10 0.8876953125
Pedestrian -1 -1 -10 881.0 162.0 920.0 265.0 -1 -1 -1 -1000 -1000 -1000 -10 0.87890625
Pedestrian -1 -1 -10 725.0 170.0 771.0 294.0 -1 -1 -1 -1000 -1000 -1000 -10 0.87841796875
Pedestrian -1 -1 -10 837.0 159.0 878.0 263.0 -1 -1 -1 -1000 -1000 -1000 -10 0.87744140625
Pedestrian -1 -1 -10 785.0 162.0 814.0 243.0 -1 -1 -1 -1000 -1000 -1000 -10 0.7998046875
Pedestrian -1 -1 -10 696.0 174.0 725.0 264.0 -1 -1 -1 -1000 -1000 -1000 -10 0.73193359375
Pedestrian -1 -1 -10 775.0 164.0 805.0 251.0 -1 -1 -1 -1000 -1000 -1000 -10 0.62646484375
Pedestrian -1 -1 -10 707.0 171.0 743.0 271.0 -1 -1 -1 -1000 -1000 -1000 -10 0.61376953125
Pedestrian -1 -1 -10 714.0 169.0 754.0 282.0 -1 -1 -1 -1000 -1000 -1000 -10 0.338134765625
Pedestrian -1 -1 -10 780.0 165.0 809.0 228.0 -1 -1 -1 -1000 -1000 -1000 -10 0.0438232421875
Pedestrian -1 -1 -10 871.0 165.0 901.0 262.0 -1 -1 -1 -1000 -1000 -1000 -10 0.0240478515625
Pedestrian -1 -1 -10 791.0 157.0 818.0 230.0 -1 -1 -1 -1000 -1000 -1000 -10 0.021087646484375
Pedestrian -1 -1 -10 743.0 169.0 778.0 287.0 -1 -1 -1 -1000 -1000 -1000 -10 0.02056884765625
Pedestrian -1 -1 -10 757.0 166.0 791.0 258.0 -1 -1 -1 -1000 -1000 -1000 -10 0.0175628662109375
Pedestrian -1 -1 -10 769.0 171.0 797.0 260.0 -1 -1 -1 -1000 -1000 -1000 -10 0.00792694091796875
Pedestrian -1 -1 -10 850.0 167.0 884.0 264.0 -1 -1 -1 -1000 -1000 -1000 -10 0.003719329833984375
Pedestrian -1 -1 -10 659.0 171.0 683.0 241.0 -1 -1 -1 -1000 -1000 -1000 -10 0.002948760986328125
Pedestrian -1 -1 -10 691.0 172.0 716.0 260.0 -1 -1 -1 -1000 -1000 -1000 -10 0.002864837646484375
Pedestrian -1 -1 -10 1190.0 148.0 1237.0 374.0 -1 -1 -1 -1000 -1000 -1000 -10 0.002399444580078125
Pedestrian -1 -1 -10 755.0 159.0 809.0 248.0 -1 -1 -1 -1000 -1000 -1000 -10 0.002376556396484375
Pedestrian -1 -1 -10 768.0 157.0 826.0 239.0 -1 -1 -1 -1000 -1000 -1000 -10 0.0021038055419921875
Pedestrian -1 -1 -10 709.0 187.0 738.0 253.0 -1 -1 -1 -1000 -1000 -1000 -10 0.0019044876098632812
Pedestrian -1 -1 -10 1213.0 151.0 1238.0 374.0 -1 -1 -1 -1000 -1000 -1000 -10 0.0018892288208007812
Pedestrian -1 -1 -10 799.0 158.0 825.0 231.0 -1 -1 -1 -1000 -1000 -1000 -10 0.0016422271728515625
Pedestrian -1 -1 -10 668.0 168.0 691.0 247.0 -1 -1 -1 -1000 -1000 -1000 -10 0.0016384124755859375
Car -1 -1 -10 543.0 163.0 602.0 225.0 -1 -1 -1 -1000 -1000 -1000 -10 0.0014057159423828125
Pedestrian -1 -1 -10 692.0 162.0 823.0 305.0 -1 -1 -1 -1000 -1000 -1000 -10 0.001010894775390625
Pedestrian -1 -1 -10 0.0 178.0 8.0 266.0 -1 -1 -1 -1000 -1000 -1000 -10 0.0008034706115722656
Pedestrian -1 -1 -10 702.0 185.0 731.0 252.0 -1 -1 -1 -1000 -1000 -1000 -10 0.0007967948913574219
Cyclist -1 -1 -10 1146.0 133.0 1237.0 371.0 -1 -1 -1 -1000 -1000 -1000 -10 0.0007805824279785156
Pedestrian -1 -1 -10 771.0 160.0 804.0 226.0 -1 -1 -1 -1000 -1000 -1000 -10 0.0007190704345703125
Pedestrian -1 -1 -10 834.0 161.0 864.0 251.0 -1 -1 -1 -1000 -1000 -1000 -10 0.0007061958312988281
Pedestrian -1 -1 -10 1146.0 147.0 1237.0 374.0 -1 -1 -1 -1000 -1000 -1000 -10 0.0007038116455078125
Pedestrian -1 -1 -10 861.0 160.0 919.0 246.0 -1 -1 -1 -1000 -1000 -1000 -10 0.0005779266357421875
Cyclist -1 -1 -10 0.0 172.0 21.0 357.0 -1 -1 -1 -1000 -1000 -1000 -10 0.0005774497985839844
Car -1 -1 -10 561.0 172.0 599.0 202.0 -1 -1 -1 -1000 -1000 -1000 -10 0.0005426406860351562
Pedestrian -1 -1 -10 0.0 168.0 13.0 271.0 -1 -1 -1 -1000 -1000 -1000 -10 0.0004887580871582031
Car -1 -1 -10 485.0 125.0 635.0 236.0 -1 -1 -1 -1000 -1000 -1000 -10 0.0004775524139404297
Cyclist -1 -1 -10 0.0 187.0 38.0 372.0 -1 -1 -1 -1000 -1000 -1000 -10 0.00042891502380371094
Pedestrian -1 -1 -10 320.0 150.0 480.0 290.0 -1 -1 -1 -1000 -1000 -1000 -10 0.0003619194030761719
Pedestrian -1 -1 -10 644.0 166.0 663.0 239.0 -1 -1 -1 -1000 -1000 -1000 -10 0.00035953521728515625
Pedestrian -1 -1 -10 325.0 172.0 386.0 271.0 -1 -1 -1 -1000 -1000 -1000 -10 0.00033855438232421875
Car -1 -1 -10 517.0 133.0 667.0 271.0 -1 -1 -1 -1000 -1000 -1000 -10 0.000301361083984375
Pedestrian -1 -1 -10 0.0 168.0 16.0 309.0 -1 -1 -1 -1000 -1000 -1000 -10 0.0002944469451904297
Pedestrian -1 -1 -10 778.0 145.0 924.0 281.0 -1 -1 -1 -1000 -1000 -1000 -10 0.0002853870391845703
Car -1 -1 -10 0.0 154.0 14.0 259.0 -1 -1 -1 -1000 -1000 -1000 -10 0.0002765655517578125
Pedestrian -1 -1 -10 0.0 188.0 9.0 299.0 -1 -1 -1 -1000 -1000 -1000 -10 0.00020885467529296875
Cyclist -1 -1 -10 1174.0 168.0 1238.0 370.0 -1 -1 -1 -1000 -1000 -1000 -10 0.00020825862884521484
Pedestrian -1 -1 -10 715.0 190.0 752.0 256.0 -1 -1 -1 -1000 -1000 -1000 -10 0.00020503997802734375
Pedestrian -1 -1 -10 840.0 150.0 875.0 235.0 -1 -1 -1 -1000 -1000 -1000 -10 0.00020420551300048828
Cyclist -1 -1 -10 1096.0 131.0 1238.0 372.0 -1 -1 -1 -1000 -1000 -1000 -10 0.00020384788513183594
Pedestrian -1 -1 -10 885.0 177.0 919.0 244.0 -1 -1 -1 -1000 -1000 -1000 -10 0.00018799304962158203
Pedestrian -1 -1 -10 0.0 191.0 7.0 250.0 -1 -1 -1 -1000 -1000 -1000 -10 0.00017464160919189453
Pedestrian -1 -1 -10 857.0 173.0 896.0 269.0 -1 -1 -1 -1000 -1000 -1000 -10 0.0001722574234008789
Car -1 -1 -10 688.0 0.0 765.0 50.0 -1 -1 -1 -1000 -1000 -1000 -10 0.0001709461212158203
Pedestrian -1 -1 -10 809.0 144.0 966.0 277.0 -1 -1 -1 -1000 -1000 -1000 -10 0.00016701221466064453
Car -1 -1 -10 0.0 208.0 26.0 372.0 -1 -1 -1 -1000 -1000 -1000 -10 0.00014519691467285156
Car -1 -1 -10 753.0 8.0 832.0 59.0 -1 -1 -1 -1000 -1000 -1000 -10 0.00012409687042236328
Pedestrian -1 -1 -10 681.0 169.0 738.0 266.0 -1 -1 -1 -1000 -1000 -1000 -10 0.00012117624282836914
Pedestrian -1 -1 -10 736.0 192.0 776.0 258.0 -1 -1 -1 -1000 -1000 -1000 -10 0.00010883808135986328
Pedestrian -1 -1 -10 732.0 168.0 771.0 247.0 -1 -1 -1 -1000 -1000 -1000 -10 0.00010508298873901367
Pedestrian -1 -1 -10 818.0 153.0 852.0 222.0 -1 -1 -1 -1000 -1000 -1000 -10 0.00010192394256591797
