Car -1 -1 -10 0.0 193.0 285.0 373.0 -1 -1 -1 -1000 -1000 -1000 -10 0.9638671875
Car -1 -1 -10 673.0 171.0 712.0 207.0 -1 -1 -1 -1000 -1000 -1000 -10 0.94140625
Car -1 -1 -10 605.0 172.0 646.0 197.0 -1 -1 -1 -1000 -1000 -1000 -10 0.93798828125
Car -1 -1 -10 623.0 169.0 654.0 190.0 -1 -1 -1 -1000 -1000 -1000 -10 0.011566162109375
Car -1 -1 -10 616.0 172.0 652.0 194.0 -1 -1 -1 -1000 -1000 -1000 -10 0.0013513565063476562
Car -1 -1 -10 631.0 167.0 659.0 185.0 -1 -1 -1 -1000 -1000 -1000 -10 0.0013132095336914062
Car -1 -1 -10 1.0 170.0 117.0 235.0 -1 -1 -1 -1000 -1000 -1000 -10 0.0012912750244140625
Car -1 -1 -10 86.0 203.0 211.0 355.0 -1 -1 -1 -1000 -1000 -1000 -10 0.0006756782531738281
Car -1 -1 -10 1.0 162.0 74.0 226.0 -1 -1 -1 -1000 -1000 -1000 -10 0.0006170272827148438
Car -1 -1 -10 638.0 166.0 662.0 184.0 -1 -1 -1 -1000 -1000 -1000 -10 0.0004978179931640625
Car -1 -1 -10 0.0 160.0 29.0 234.0 -1 -1 -1 -1000 -1000 -1000 -10 0.0004131793975830078
Car -1 -1 -10 0.0 190.0 25.0 375.0 -1 -1 -1 -1000 -1000 -1000 -10 0.0003886222839355469
Car -1 -1 -10 0.0 161.0 23.0 271.0 -1 -1 -1 -1000 -1000 -1000 -10 0.0003409385681152344
Car -1 -1 -10 6.0 170.0 189.0 245.0 -1 -1 -1 -1000 -1000 -1000 -10 0.0003228187561035156
Car -1 -1 -10 1.0 166.0 50.0 237.0 -1 -1 -1 -1000 -1000 -1000 -10 0.00025177001953125
Car -1 -1 -10 2.0 159.0 54.0 216.0 -1 -1 -1 -1000 -1000 -1000 -10 0.00020444393157958984
Car -1 -1 -10 661.0 160.0 717.0 221.0 -1 -1 -1 -1000 -1000 -1000 -10 0.00020015239715576172
Car -1 -1 -10 671.0 162.0 742.0 228.0 -1 -1 -1 -1000 -1000 -1000 -10 0.00019443035125732422
Car -1 -1 -10 1.0 129.0 56.0 256.0 -1 -1 -1 -1000 -1000 -1000 -10 0.00019085407257080078
Car -1 -1 -10 639.0 138.0 799.0 270.0 -1 -1 -1 -1000 -1000 -1000 -10 0.00017261505126953125
Car -1 -1 -10 1.0 151.0 78.0 253.0 -1 -1 -1 -1000 -1000 -1000 -10 0.0001703500747680664
Car -1 -1 -10 0.0 261.0 31.0 366.0 -1 -1 -1 -1000 -1000 -1000 -10 0.0001647472381591797
Car -1 -1 -10 0.0 191.0 46.0 372.0 -1 -1 -1 -1000 -1000 -1000 -10 0.00015735626220703125
Car -1 -1 -10 11.0 168.0 163.0 225.0 -1 -1 -1 -1000 -1000 -1000 -10 0.00013184547424316406
Car -1 -1 -10 623.0 165.0 653.0 185.0 -1 -1 -1 -1000 -1000 -1000 -10 0.00011461973190307617
Car -1 -1 -10 1.0 127.0 118.0 257.0 -1 -1 -1 -1000 -1000 -1000 -10 0.0001112222671508789
Car -1 -1 -10 0.0 116.0 32.0 258.0 -1 -1 -1 -1000 -1000 -1000 -10 0.00011074542999267578
Car -1 -1 -10 599.0 114.0 765.0 237.0 -1 -1 -1 -1000 -1000 -1000 -10 0.00010609626770019531
