Car -1 -1 -10 422.0 179.0 469.0 220.0 -1 -1 -1 -1000 -1000 -1000 -10 0.9658203125
Car -1 -1 -10 171.0 197.0 301.0 269.0 -1 -1 -1 -1000 -1000 -1000 -10 0.9619140625
Car -1 -1 -10 357.0 170.0 413.0 211.0 -1 -1 -1 -1000 -1000 -1000 -10 0.958984375
Car -1 -1 -10 64.0 204.0 205.0 269.0 -1 -1 -1 -1000 -1000 -1000 -10 0.95654296875
Car -1 -1 -10 884.0 169.0 926.0 192.0 -1 -1 -1 -1000 -1000 -1000 -10 0.94091796875
Car -1 -1 -10 175.0 192.0 254.0 215.0 -1 -1 -1 -1000 -1000 -1000 -10 0.890625
Pedestrian -1 -1 -10 415.0 186.0 425.0 211.0 -1 -1 -1 -1000 -1000 -1000 -10 0.75732421875
Pedestrian -1 -1 -10 424.0 181.0 459.0 218.0 -1 -1 -1 -1000 -1000 -1000 -10 0.2275390625
Car -1 -1 -10 0.0 111.0 21.0 167.0 -1 -1 -1 -1000 -1000 -1000 -10 0.0017061233520507812
Pedestrian -1 -1 -10 395.0 190.0 409.0 212.0 -1 -1 -1 -1000 -1000 -1000 -10 0.0011749267578125
Car -1 -1 -10 51.0 188.0 212.0 291.0 -1 -1 -1 -1000 -1000 -1000 -10 0.0008401870727539062
Cyclist -1 -1 -10 0.0 108.0 24.0 168.0 -1 -1 -1 -1000 -1000 -1000 -10 0.0008368492126464844
Car -1 -1 -10 413.0 166.0 473.0 231.0 -1 -1 -1 -1000 -1000 -1000 -10 0.0008234977722167969
Car -1 -1 -10 353.0 155.0 417.0 216.0 -1 -1 -1 -1000 -1000 -1000 -10 0.0007987022399902344
Car -1 -1 -10 930.0 165.0 961.0 184.0 -1 -1 -1 -1000 -1000 -1000 -10 0.0007529258728027344
Car -1 -1 -10 1229.0 137.0 1242.0 191.0 -1 -1 -1 -1000 -1000 -1000 -10 0.0007262229919433594
Cyclist -1 -1 -10 0.0 201.0 17.0 266.0 -1 -1 -1 -1000 -1000 -1000 -10 0.0005474090576171875
Car -1 -1 -10 0.0 122.0 16.0 171.0 -1 -1 -1 -1000 -1000 -1000 -10 0.0005035400390625
Pedestrian -1 -1 -10 410.0 186.0 434.0 213.0 -1 -1 -1 -1000 -1000 -1000 -10 0.0004813671112060547
Car -1 -1 -10 173.0 190.0 267.0 230.0 -1 -1 -1 -1000 -1000 -1000 -10 0.0004611015319824219
Car -1 -1 -10 263.0 187.0 316.0 207.0 -1 -1 -1 -1000 -1000 -1000 -10 0.000457763671875
Car -1 -1 -10 1225.0 138.0 1242.0 212.0 -1 -1 -1 -1000 -1000 -1000 -10 0.00043892860412597656
Car -1 -1 -10 0.0 207.0 25.0 259.0 -1 -1 -1 -1000 -1000 -1000 -10 0.0004246234893798828
Car -1 -1 -10 0.0 104.0 29.0 151.0 -1 -1 -1 -1000 -1000 -1000 -10 0.00042366981506347656
Car -1 -1 -10 108.0 207.0 154.0 262.0 -1 -1 -1 -1000 -1000 -1000 -10 0.0004162788391113281
Car -1 -1 -10 0.0 200.0 14.0 253.0 -1 -1 -1 -1000 -1000 -1000 -10 0.0003829002380371094
Car -1 -1 -10 0.0 216.0 15.0 341.0 -1 -1 -1 -1000 -1000 -1000 -10 0.00038051605224609375
Car -1 -1 -10 186.0 193.0 238.0 212.0 -1 -1 -1 -1000 -1000 -1000 -10 0.0003762245178222656
Cyclist -1 -1 -10 0.0 207.0 14.0 297.0 -1 -1 -1 -1000 -1000 -1000 -10 0.00037026405334472656
Car -1 -1 -10 1230.0 140.0 1242.0 171.0 -1 -1 -1 -1000 -1000 -1000 -10 0.0003676414489746094
Car -1 -1 -10 359.0 133.0 511.0 245.0 -1 -1 -1 -1000 -1000 -1000 -10 0.00036072731018066406
Car -1 -1 -10 0.0 107.0 32.0 169.0 -1 -1 -1 -1000 -1000 -1000 -10 0.0003495216369628906
Car -1 -1 -10 212.0 202.0 256.0 258.0 -1 -1 -1 -1000 -1000 -1000 -10 0.0003485679626464844
Car -1 -1 -10 309.0 119.0 472.0 239.0 -1 -1 -1 -1000 -1000 -1000 -10 0.00033092498779296875
Car -1 -1 -10 388.0 136.0 539.0 274.0 -1 -1 -1 -1000 -1000 -1000 -10 0.0003247261047363281
Car -1 -1 -10 0.0 193.0 18.0 265.0 -1 -1 -1 -1000 -1000 -1000 -10 0.00029969215393066406
Car -1 -1 -10 281.0 136.0 453.0 265.0 -1 -1 -1 -1000 -1000 -1000 -10 0.0002753734588623047
Car -1 -1 -10 448.0 183.0 481.0 215.0 -1 -1 -1 -1000 -1000 -1000 -10 0.0002663135528564453
Car -1 -1 -10 0.0 102.0 14.0 153.0 -1 -1 -1 -1000 -1000 -1000 -10 0.00024771690368652344
Car -1 -1 -10 0.0 211.0 43.0 263.0 -1 -1 -1 -1000 -1000 -1000 -10 0.00024580955505371094
Car -1 -1 -10 1.0 111.0 43.0 156.0 -1 -1 -1 -1000 -1000 -1000 -10 0.00021004676818847656
Car -1 -1 -10 272.0 45.0 309.0 68.0 -1 -1 -1 -1000 -1000 -1000 -10 0.00020968914031982422
Car -1 -1 -10 1224.0 141.0 1241.0 246.0 -1 -1 -1 -1000 -1000 -1000 -10 0.00019812583923339844
Car -1 -1 -10 1.0 215.0 67.0 254.0 -1 -1 -1 -1000 -1000 -1000 -10 0.00019347667694091797
Car -1 -1 -10 1230.0 148.0 1242.0 258.0 -1 -1 -1 -1000 -1000 -1000 -10 0.00017690658569335938
Cyclist -1 -1 -10 0.0 215.0 12.0 265.0 -1 -1 -1 -1000 -1000 -1000 -10 0.0001672506332397461
Car -1 -1 -10 0.0 247.0 18.0 375.0 -1 -1 -1 -1000 -1000 -1000 -10 0.00015783309936523438
Car -1 -1 -10 169.0 197.0 280.0 245.0 -1 -1 -1 -1000 -1000 -1000 -10 0.0001461505889892578
Car -1 -1 -10 0.0 237.0 12.0 350.0 -1 -1 -1 -1000 -1000 -1000 -10 0.0001430511474609375
Car -1 -1 -10 267.0 40.0 304.0 65.0 -1 -1 -1 -1000 -1000 -1000 -10 0.00014007091522216797
Car -1 -1 -10 1216.0 135.0 1242.0 228.0 -1 -1 -1 -1000 -1000 -1000 -10 0.00013697147369384766
Pedestrian -1 -1 -10 417.0 182.0 439.0 218.0 -1 -1 -1 -1000 -1000 -1000 -10 0.0001304149627685547
Pedestrian -1 -1 -10 419.0 189.0 429.0 219.0 -1 -1 -1 -1000 -1000 -1000 -10 0.00012886524200439453
Car -1 -1 -10 0.0 141.0 19.0 272.0 -1 -1 -1 -1000 -1000 -1000 -10 0.00011420249938964844
Car -1 -1 -10 1222.0 137.0 1241.0 190.0 -1 -1 -1 -1000 -1000 -1000 -10 0.00011020898818969727
Car -1 -1 -10 1210.0 143.0 1239.0 249.0 -1 -1 -1 -1000 -1000 -1000 -10 0.00010925531387329102
Pedestrian -1 -1 -10 356.0 185.0 367.0 209.0 -1 -1 -1 -1000 -1000 -1000 -10 0.00010591745376586914
Car -1 -1 -10 0.0 225.0 23.0 373.0 -1 -1 -1 -1000 -1000 -1000 -10 0.00010538101196289062
Cyclist -1 -1 -10 0.0 187.0 25.0 270.0 -1 -1 -1 -1000 -1000 -1000 -10 0.00010246038436889648
