Car -1 -1 -10 4.0 208.0 459.0 373.0 -1 -1 -1 -1000 -1000 -1000 -10 0.9716796875
Pedestrian -1 -1 -10 997.0 156.0 1025.0 228.0 -1 -1 -1 -1000 -1000 -1000 -10 0.90380859375
Car -1 -1 -10 253.0 78.0 282.0 99.0 -1 -1 -1 -1000 -1000 -1000 -10 0.0006966590881347656
Car -1 -1 -10 0.0 198.0 20.0 329.0 -1 -1 -1 -1000 -1000 -1000 -10 0.0006308555603027344
Car -1 -1 -10 0.0 205.0 44.0 361.0 -1 -1 -1 -1000 -1000 -1000 -10 0.000438690185546875
Car -1 -1 -10 0.0 201.0 26.0 360.0 -1 -1 -1 -1000 -1000 -1000 -10 0.00033473968505859375
Car -1 -1 -10 657.0 99.0 682.0 122.0 -1 -1 -1 -1000 -1000 -1000 -10 0.00021576881408691406
Car -1 -1 -10 0.0 213.0 88.0 374.0 -1 -1 -1 -1000 -1000 -1000 -10 0.00014650821685791016
Car -1 -1 -10 0.0 198.0 13.0 294.0 -1 -1 -1 -1000 -1000 -1000 -10 0.00010901689529418945
Car -1 -1 -10 19.0 323.0 377.0 375.0 -1 -1 -1 -1000 -1000 -1000 -10 0.00010722875595092773
Car -1 -1 -10 1219.0 189.0 1242.0 369.0 -1 -1 -1 -1000 -1000 -1000 -10 0.00010037422180175781
