Car -1 -1 -10 601.0 177.0 663.0 237.0 -1 -1 -1 -1000 -1000 -1000 -10 0.95556640625
Car -1 -1 -10 855.0 189.0 1236.0 373.0 -1 -1 -1 -1000 -1000 -1000 -10 0.86083984375
Pedestrian -1 -1 -10 1030.0 172.0 1115.0 373.0 -1 -1 -1 -1000 -1000 -1000 -10 0.65771484375
Pedestrian -1 -1 -10 984.0 186.0 1156.0 373.0 -1 -1 -1 -1000 -1000 -1000 -10 0.51708984375
Car -1 -1 -10 962.0 180.0 1171.0 372.0 -1 -1 -1 -1000 -1000 -1000 -10 0.4052734375
Pedestrian -1 -1 -10 1045.0 212.0 1109.0 362.0 -1 -1 -1 -1000 -1000 -1000 -10 0.004222869873046875
Car -1 -1 -10 1223.0 219.0 1241.0 372.0 -1 -1 -1 -1000 -1000 -1000 -10 0.001644134521484375
Car -1 -1 -10 1228.0 234.0 1242.0 360.0 -1 -1 -1 -1000 -1000 -1000 -10 0.0010614395141601562
Car -1 -1 -10 1206.0 220.0 1242.0 375.0 -1 -1 -1 -1000 -1000 -1000 -10 0.0005970001220703125
Car -1 -1 -10 547.0 148.0 693.0 270.0 -1 -1 -1 -1000 -1000 -1000 -10 0.0005249977111816406
Car -1 -1 -10 1214.0 196.0 1242.0 320.0 -1 -1 -1 -1000 -1000 -1000 -10 0.00027108192443847656
Car -1 -1 -10 1190.0 195.0 1242.0 313.0 -1 -1 -1 -1000 -1000 -1000 -10 0.0002567768096923828
Pedestrian -1 -1 -10 1031.0 202.0 1093.0 349.0 -1 -1 -1 -1000 -1000 -1000 -10 0.00022327899932861328
Car -1 -1 -10 0.0 196.0 20.0 315.0 -1 -1 -1 -1000 -1000 -1000 -10 0.00020837783813476562
Pedestrian -1 -1 -10 1050.0 207.0 1142.0 349.0 -1 -1 -1 -1000 -1000 -1000 -10 0.00020766258239746094
Car -1 -1 -10 0.0 199.0 25.0 364.0 -1 -1 -1 -1000 -1000 -1000 -10 0.00016689300537109375
Car -1 -1 -10 1234.0 169.0 1242.0 209.0 -1 -1 -1 -1000 -1000 -1000 -10 0.00016248226165771484
Car -1 -1 -10 1230.0 178.0 1242.0 265.0 -1 -1 -1 -1000 -1000 -1000 -10 0.00015866756439208984
Car -1 -1 -10 1235.0 160.0 1241.0 203.0 -1 -1 -1 -1000 -1000 -1000 -10 0.00015091896057128906
Car -1 -1 -10 0.0 199.0 11.0 289.0 -1 -1 -1 -1000 -1000 -1000 -10 0.0001291036605834961
Pedestrian -1 -1 -10 1062.0 235.0 1114.0 365.0 -1 -1 -1 -1000 -1000 -1000 -10 0.00010657310485839844
