Car -1 -1 -10 614.0 152.0 659.0 200.0 -1 -1 -1 -1000 -1000 -1000 -10 0.94677734375
Car -1 -1 -10 365.0 187.0 406.0 208.0 -1 -1 -1 -1000 -1000 -1000 -10 0.919921875
Car -1 -1 -10 446.0 181.0 472.0 198.0 -1 -1 -1 -1000 -1000 -1000 -10 0.00421905517578125
Car -1 -1 -10 0.0 0.0 52.0 330.0 -1 -1 -1 -1000 -1000 -1000 -10 0.001613616943359375
Car -1 -1 -10 0.0 0.0 32.0 331.0 -1 -1 -1 -1000 -1000 -1000 -10 0.00067138671875
Car -1 -1 -10 0.0 89.0 26.0 305.0 -1 -1 -1 -1000 -1000 -1000 -10 0.0004222393035888672
Car -1 -1 -10 488.0 178.0 507.0 192.0 -1 -1 -1 -1000 -1000 -1000 -10 0.0003666877746582031
Car -1 -1 -10 558.0 125.0 724.0 253.0 -1 -1 -1 -1000 -1000 -1000 -10 0.0003228187561035156
Car -1 -1 -10 0.0 185.0 20.0 292.0 -1 -1 -1 -1000 -1000 -1000 -10 0.0002739429473876953
Car -1 -1 -10 0.0 86.0 45.0 308.0 -1 -1 -1 -1000 -1000 -1000 -10 0.00021004676818847656
Car -1 -1 -10 1.0 170.0 26.0 308.0 -1 -1 -1 -1000 -1000 -1000 -10 0.0001659393310546875
Car -1 -1 -10 238.0 117.0 253.0 131.0 -1 -1 -1 -1000 -1000 -1000 -10 0.0001480579376220703
Car -1 -1 -10 0.0 198.0 15.0 286.0 -1 -1 -1 -1000 -1000 -1000 -10 0.00012767314910888672
Car -1 -1 -10 604.0 3.0 666.0 53.0 -1 -1 -1 -1000 -1000 -1000 -10 0.00011628866195678711
