Car -1 -1 -10 83.0 184.0 326.0 308.0 -1 -1 -1 -1000 -1000 -1000 -10 0.96435546875
Car -1 -1 -10 790.0 180.0 1129.0 373.0 -1 -1 -1 -1000 -1000 -1000 -10 0.96435546875
Car -1 -1 -10 0.0 197.0 165.0 374.0 -1 -1 -1 -1000 -1000 -1000 -10 0.96337890625
Car -1 -1 -10 467.0 175.0 524.0 203.0 -1 -1 -1 -1000 -1000 -1000 -10 0.9541015625
Car -1 -1 -10 571.0 148.0 649.0 191.0 -1 -1 -1 -1000 -1000 -1000 -10 0.9501953125
Car -1 -1 -10 346.0 176.0 416.0 200.0 -1 -1 -1 -1000 -1000 -1000 -10 0.92431640625
Car -1 -1 -10 555.0 172.0 611.0 192.0 -1 -1 -1 -1000 -1000 -1000 -10 0.89013671875
Pedestrian -1 -1 -10 673.0 170.0 686.0 205.0 -1 -1 -1 -1000 -1000 -1000 -10 0.79150390625
Car -1 -1 -10 656.0 171.0 721.0 190.0 -1 -1 -1 -1000 -1000 -1000 -10 0.66162109375
Car -1 -1 -10 557.0 165.0 620.0 191.0 -1 -1 -1 -1000 -1000 -1000 -10 0.47607421875
Car -1 -1 -10 666.0 170.0 699.0 196.0 -1 -1 -1 -1000 -1000 -1000 -10 0.471923828125
Pedestrian -1 -1 -10 664.0 170.0 701.0 196.0 -1 -1 -1 -1000 -1000 -1000 -10 0.359375
Pedestrian -1 -1 -10 672.0 171.0 692.0 198.0 -1 -1 -1 -1000 -1000 -1000 -10 0.335693359375
Pedestrian -1 -1 -10 669.0 167.0 710.0 193.0 -1 -1 -1 -1000 -1000 -1000 -10 0.2481689453125
Car -1 -1 -10 568.0 160.0 641.0 189.0 -1 -1 -1 -1000 -1000 -1000 -10 0.060943603515625
Pedestrian -1 -1 -10 688.0 169.0 715.0 193.0 -1 -1 -1 -1000 -1000 -1000 -10 0.047210693359375
Pedestrian -1 -1 -10 666.0 171.0 694.0 190.0 -1 -1 -1 -1000 -1000 -1000 -10 0.0226287841796875
Pedestrian -1 -1 -10 699.0 170.0 712.0 197.0 -1 -1 -1 -1000 -1000 -1000 -10 0.0217437744140625
Car -1 -1 -10 1180.0 210.0 1242.0 372.0 -1 -1 -1 -1000 -1000 -1000 -10 0.0175628662109375
Car -1 -1 -10 1023.0 207.0 1242.0 373.0 -1 -1 -1 -1000 -1000 -1000 -10 0.0174102783203125
Car -1 -1 -10 1202.0 205.0 1242.0 363.0 -1 -1 -1 -1000 -1000 -1000 -10 0.011688232421875
Pedestrian -1 -1 -10 672.0 169.0 682.0 194.0 -1 -1 -1 -1000 -1000 -1000 -10 0.0078887939453125
Pedestrian -1 -1 -10 666.0 164.0 721.0 199.0 -1 -1 -1 -1000 -1000 -1000 -10 0.0059051513671875
Car -1 -1 -10 682.0 172.0 720.0 194.0 -1 -1 -1 -1000 -1000 -1000 -10 0.0024204254150390625
Car -1 -1 -10 650.0 171.0 699.0 186.0 -1 -1 -1 -1000 -1000 -1000 -10 0.0016050338745117188
Car -1 -1 -10 582.0 151.0 632.0 185.0 -1 -1 -1 -1000 -1000 -1000 -10 0.001575469970703125
Car -1 -1 -10 579.0 161.0 627.0 187.0 -1 -1 -1 -1000 -1000 -1000 -10 0.0013866424560546875
Pedestrian -1 -1 -10 682.0 167.0 721.0 188.0 -1 -1 -1 -1000 -1000 -1000 -10 0.0011625289916992188
Car -1 -1 -10 658.0 171.0 687.0 186.0 -1 -1 -1 -1000 -1000 -1000 -10 0.001018524169921875
Pedestrian -1 -1 -10 699.0 167.0 720.0 192.0 -1 -1 -1 -1000 -1000 -1000 -10 0.0009655952453613281
Car -1 -1 -10 140.0 188.0 274.0 296.0 -1 -1 -1 -1000 -1000 -1000 -10 0.000919342041015625
Car -1 -1 -10 566.0 136.0 652.0 201.0 -1 -1 -1 -1000 -1000 -1000 -10 0.0005769729614257812
Car -1 -1 -10 701.0 0.0 733.0 2.0 -1 -1 -1 -1000 -1000 -1000 -10 0.0004718303680419922
Car -1 -1 -10 662.0 164.0 728.0 199.0 -1 -1 -1 -1000 -1000 -1000 -10 0.00031876564025878906
Car -1 -1 -10 709.0 0.0 739.0 2.0 -1 -1 -1 -1000 -1000 -1000 -10 0.0002970695495605469
Car -1 -1 -10 553.0 167.0 614.0 202.0 -1 -1 -1 -1000 -1000 -1000 -10 0.0002963542938232422
Car -1 -1 -10 648.0 172.0 684.0 192.0 -1 -1 -1 -1000 -1000 -1000 -10 0.0002551078796386719
Car -1 -1 -10 538.0 98.0 705.0 241.0 -1 -1 -1 -1000 -1000 -1000 -10 0.0002536773681640625
Car -1 -1 -10 0.0 185.0 25.0 336.0 -1 -1 -1 -1000 -1000 -1000 -10 0.00024378299713134766
Car -1 -1 -10 1106.0 216.0 1242.0 369.0 -1 -1 -1 -1000 -1000 -1000 -10 0.00023305416107177734
Car -1 -1 -10 1154.0 189.0 1242.0 350.0 -1 -1 -1 -1000 -1000 -1000 -10 0.00022840499877929688
Pedestrian -1 -1 -10 674.0 170.0 682.0 202.0 -1 -1 -1 -1000 -1000 -1000 -10 0.00022804737091064453
Car -1 -1 -10 652.0 169.0 679.0 187.0 -1 -1 -1 -1000 -1000 -1000 -10 0.00022590160369873047
Car -1 -1 -10 547.0 174.0 595.0 192.0 -1 -1 -1 -1000 -1000 -1000 -10 0.00019812583923339844
Car -1 -1 -10 655.0 166.0 707.0 186.0 -1 -1 -1 -1000 -1000 -1000 -10 0.0001819133758544922
Car -1 -1 -10 1217.0 157.0 1242.0 331.0 -1 -1 -1 -1000 -1000 -1000 -10 0.0001518726348876953
Car -1 -1 -10 1225.0 208.0 1242.0 344.0 -1 -1 -1 -1000 -1000 -1000 -10 0.00013434886932373047
Car -1 -1 -10 1009.0 325.0 1241.0 375.0 -1 -1 -1 -1000 -1000 -1000 -10 0.00013136863708496094
Car -1 -1 -10 0.0 191.0 47.0 347.0 -1 -1 -1 -1000 -1000 -1000 -10 0.00012171268463134766
Car -1 -1 -10 1195.0 138.0 1242.0 354.0 -1 -1 -1 -1000 -1000 -1000 -10 0.00010800361633300781
Car -1 -1 -10 0.0 168.0 20.0 281.0 -1 -1 -1 -1000 -1000 -1000 -10 0.00010329484939575195
