Car -1 -1 -10 409.0 105.0 548.0 232.0 -1 -1 -1 -1000 -1000 -1000 -10 0.95068359375
Car -1 -1 -10 582.0 173.0 637.0 227.0 -1 -1 -1 -1000 -1000 -1000 -10 0.94482421875
Cyclist -1 -1 -10 781.0 160.0 827.0 230.0 -1 -1 -1 -1000 -1000 -1000 -10 0.92919921875
Car -1 -1 -10 0.0 181.0 14.0 268.0 -1 -1 -1 -1000 -1000 -1000 -10 0.0004944801330566406
Cyclist -1 -1 -10 1217.0 154.0 1242.0 369.0 -1 -1 -1 -1000 -1000 -1000 -10 0.0004410743713378906
Cyclist -1 -1 -10 735.0 134.0 878.0 244.0 -1 -1 -1 -1000 -1000 -1000 -10 0.000347137451171875
Car -1 -1 -10 528.0 137.0 676.0 246.0 -1 -1 -1 -1000 -1000 -1000 -10 0.0002987384796142578
Car -1 -1 -10 551.0 138.0 701.0 273.0 -1 -1 -1 -1000 -1000 -1000 -10 0.00028514862060546875
Car -1 -1 -10 391.0 87.0 409.0 105.0 -1 -1 -1 -1000 -1000 -1000 -10 0.00025200843811035156
Cyclist -1 -1 -10 0.0 170.0 12.0 258.0 -1 -1 -1 -1000 -1000 -1000 -10 0.00022912025451660156
Car -1 -1 -10 385.0 86.0 414.0 105.0 -1 -1 -1 -1000 -1000 -1000 -10 0.0002180337905883789
Cyclist -1 -1 -10 1214.0 141.0 1242.0 301.0 -1 -1 -1 -1000 -1000 -1000 -10 0.00020074844360351562
Cyclist -1 -1 -10 1195.0 144.0 1242.0 366.0 -1 -1 -1 -1000 -1000 -1000 -10 0.0001932382583618164
Car -1 -1 -10 0.0 170.0 24.0 278.0 -1 -1 -1 -1000 -1000 -1000 -10 0.00018036365509033203
Car -1 -1 -10 0.0 196.0 13.0 252.0 -1 -1 -1 -1000 -1000 -1000 -10 0.00015103816986083984
Car -1 -1 -10 501.0 136.0 555.0 210.0 -1 -1 -1 -1000 -1000 -1000 -10 0.00010895729064941406
Pedestrian -1 -1 -10 927.0 0.0 986.0 1.0 -1 -1 -1 -1000 -1000 -1000 -10 0.00010716915130615234
Car -1 -1 -10 582.0 171.0 623.0 216.0 -1 -1 -1 -1000 -1000 -1000 -10 0.00010502338409423828
