Car -1 -1 -10 791.0 203.0 1240.0 373.0 -1 -1 -1 -1000 -1000 -1000 -10 0.97412109375
Car -1 -1 -10 443.0 184.0 548.0 268.0 -1 -1 -1 -1000 -1000 -1000 -10 0.9697265625
Car -1 -1 -10 508.0 167.0 583.0 240.0 -1 -1 -1 -1000 -1000 -1000 -10 0.953125
Car -1 -1 -10 555.0 173.0 614.0 225.0 -1 -1 -1 -1000 -1000 -1000 -10 0.947265625
Car -1 -1 -10 622.0 180.0 666.0 208.0 -1 -1 -1 -1000 -1000 -1000 -10 0.939453125
Car -1 -1 -10 0.0 235.0 23.0 375.0 -1 -1 -1 -1000 -1000 -1000 -10 0.0037212371826171875
Car -1 -1 -10 1218.0 213.0 1242.0 375.0 -1 -1 -1 -1000 -1000 -1000 -10 0.0015573501586914062
Car -1 -1 -10 0.0 235.0 39.0 375.0 -1 -1 -1 -1000 -1000 -1000 -10 0.0014514923095703125
Pedestrian -1 -1 -10 0.0 199.0 23.0 375.0 -1 -1 -1 -1000 -1000 -1000 -10 0.0013408660888671875
Pedestrian -1 -1 -10 1.0 190.0 40.0 375.0 -1 -1 -1 -1000 -1000 -1000 -10 0.0010423660278320312
Car -1 -1 -10 1189.0 203.0 1242.0 373.0 -1 -1 -1 -1000 -1000 -1000 -10 0.0009050369262695312
Car -1 -1 -10 0.0 264.0 18.0 375.0 -1 -1 -1 -1000 -1000 -1000 -10 0.0006761550903320312
Car -1 -1 -10 510.0 139.0 675.0 271.0 -1 -1 -1 -1000 -1000 -1000 -10 0.00027489662170410156
Car -1 -1 -10 0.0 245.0 59.0 375.0 -1 -1 -1 -1000 -1000 -1000 -10 0.0002732276916503906
Car -1 -1 -10 493.0 155.0 608.0 246.0 -1 -1 -1 -1000 -1000 -1000 -10 0.00021255016326904297
Car -1 -1 -10 1145.0 209.0 1242.0 373.0 -1 -1 -1 -1000 -1000 -1000 -10 0.00017654895782470703
Car -1 -1 -10 1212.0 191.0 1242.0 341.0 -1 -1 -1 -1000 -1000 -1000 -10 0.000171661376953125
Car -1 -1 -10 0.0 274.0 28.0 375.0 -1 -1 -1 -1000 -1000 -1000 -10 0.00015878677368164062
Pedestrian -1 -1 -10 577.0 0.0 625.0 1.0 -1 -1 -1 -1000 -1000 -1000 -10 0.00012123584747314453
Pedestrian -1 -1 -10 0.0 234.0 14.0 362.0 -1 -1 -1 -1000 -1000 -1000 -10 0.00010317564010620117
Pedestrian -1 -1 -10 589.0 0.0 617.0 0.0 -1 -1 -1 -1000 -1000 -1000 -10 0.00010305643081665039
