Car -1 -1 -10 722.0 190.0 904.0 301.0 -1 -1 -1 -1000 -1000 -1000 -10 0.9658203125
Car -1 -1 -10 0.0 181.0 304.0 337.0 -1 -1 -1 -1000 -1000 -1000 -10 0.962890625
Car -1 -1 -10 513.0 179.0 564.0 221.0 -1 -1 -1 -1000 -1000 -1000 -10 0.947265625
Car -1 -1 -10 651.0 171.0 704.0 215.0 -1 -1 -1 -1000 -1000 -1000 -10 0.9443359375
Car -1 -1 -10 62.0 183.0 360.0 295.0 -1 -1 -1 -1000 -1000 -1000 -10 0.9423828125
Car -1 -1 -10 227.0 175.0 434.0 244.0 -1 -1 -1 -1000 -1000 -1000 -10 0.94140625
Car -1 -1 -10 414.0 175.0 512.0 209.0 -1 -1 -1 -1000 -1000 -1000 -10 0.9296875
Car -1 -1 -10 164.0 178.0 400.0 263.0 -1 -1 -1 -1000 -1000 -1000 -10 0.92626953125
Car -1 -1 -10 0.0 186.0 29.0 375.0 -1 -1 -1 -1000 -1000 -1000 -10 0.0193328857421875
Car -1 -1 -10 0.0 234.0 23.0 375.0 -1 -1 -1 -1000 -1000 -1000 -10 0.0010194778442382812
Car -1 -1 -10 406.0 163.0 522.0 225.0 -1 -1 -1 -1000 -1000 -1000 -10 0.0007567405700683594
Car -1 -1 -10 510.0 168.0 574.0 235.0 -1 -1 -1 -1000 -1000 -1000 -10 0.0007205009460449219
Car -1 -1 -10 0.0 183.0 56.0 358.0 -1 -1 -1 -1000 -1000 -1000 -10 0.0007138252258300781
Car -1 -1 -10 436.0 178.0 485.0 201.0 -1 -1 -1 -1000 -1000 -1000 -10 0.0005674362182617188
Car -1 -1 -10 646.0 162.0 708.0 227.0 -1 -1 -1 -1000 -1000 -1000 -10 0.0005421638488769531
Car -1 -1 -10 371.0 132.0 565.0 274.0 -1 -1 -1 -1000 -1000 -1000 -10 0.0005421638488769531
Car -1 -1 -10 617.0 165.0 643.0 189.0 -1 -1 -1 -1000 -1000 -1000 -10 0.00044345855712890625
Car -1 -1 -10 214.0 181.0 360.0 253.0 -1 -1 -1 -1000 -1000 -1000 -10 0.00037932395935058594
Car -1 -1 -10 644.0 174.0 688.0 208.0 -1 -1 -1 -1000 -1000 -1000 -10 0.0003402233123779297
Car -1 -1 -10 438.0 135.0 607.0 272.0 -1 -1 -1 -1000 -1000 -1000 -10 0.00033545494079589844
Car -1 -1 -10 1.0 184.0 107.0 320.0 -1 -1 -1 -1000 -1000 -1000 -10 0.00033211708068847656
Car -1 -1 -10 600.0 121.0 761.0 240.0 -1 -1 -1 -1000 -1000 -1000 -10 0.0003020763397216797
Car -1 -1 -10 574.0 136.0 745.0 265.0 -1 -1 -1 -1000 -1000 -1000 -10 0.0002696514129638672
Car -1 -1 -10 0.0 164.0 52.0 307.0 -1 -1 -1 -1000 -1000 -1000 -10 0.0002689361572265625
Car -1 -1 -10 2.0 180.0 193.0 309.0 -1 -1 -1 -1000 -1000 -1000 -10 0.00023663043975830078
Car -1 -1 -10 1215.0 170.0 1242.0 355.0 -1 -1 -1 -1000 -1000 -1000 -10 0.00021970272064208984
Car -1 -1 -10 0.0 216.0 19.0 355.0 -1 -1 -1 -1000 -1000 -1000 -10 0.0002161264419555664
Car -1 -1 -10 82.0 190.0 206.0 322.0 -1 -1 -1 -1000 -1000 -1000 -10 0.00019049644470214844
Car -1 -1 -10 0.0 210.0 42.0 341.0 -1 -1 -1 -1000 -1000 -1000 -10 0.00017368793487548828
Car -1 -1 -10 479.0 134.0 620.0 247.0 -1 -1 -1 -1000 -1000 -1000 -10 0.000152587890625
Car -1 -1 -10 624.0 170.0 647.0 191.0 -1 -1 -1 -1000 -1000 -1000 -10 0.0001348257064819336
Car -1 -1 -10 1198.0 163.0 1242.0 362.0 -1 -1 -1 -1000 -1000 -1000 -10 0.00012540817260742188
Car -1 -1 -10 507.0 176.0 557.0 203.0 -1 -1 -1 -1000 -1000 -1000 -10 0.00011229515075683594
Car -1 -1 -10 666.0 167.0 704.0 204.0 -1 -1 -1 -1000 -1000 -1000 -10 0.00010865926742553711
Car -1 -1 -10 981.0 208.0 1236.0 373.0 -1 -1 -1 -1000 -1000 -1000 -10 0.00010418891906738281
