Car -1 -1 -10 49.0 183.0 456.0 373.0 -1 -1 -1 -1000 -1000 -1000 -10 0.97119140625
Car -1 -1 -10 594.0 169.0 622.0 197.0 -1 -1 -1 -1000 -1000 -1000 -10 0.95703125
Cyclist -1 -1 -10 723.0 148.0 821.0 256.0 -1 -1 -1 -1000 -1000 -1000 -10 0.93408203125
Pedestrian -1 -1 -10 697.0 168.0 717.0 237.0 -1 -1 -1 -1000 -1000 -1000 -10 0.89892578125
Cyclist -1 -1 -10 708.0 150.0 792.0 232.0 -1 -1 -1 -1000 -1000 -1000 -10 0.87841796875
Pedestrian -1 -1 -10 729.0 162.0 752.0 243.0 -1 -1 -1 -1000 -1000 -1000 -10 0.8662109375
Pedestrian -1 -1 -10 302.0 172.0 324.0 258.0 -1 -1 -1 -1000 -1000 -1000 -10 0.8115234375
Cyclist -1 -1 -10 727.0 159.0 758.0 240.0 -1 -1 -1 -1000 -1000 -1000 -10 0.34619140625
Pedestrian -1 -1 -10 293.0 173.0 312.0 258.0 -1 -1 -1 -1000 -1000 -1000 -10 0.093017578125
Pedestrian -1 -1 -10 309.0 173.0 329.0 260.0 -1 -1 -1 -1000 -1000 -1000 -10 0.04766845703125
Pedestrian -1 -1 -10 315.0 174.0 332.0 256.0 -1 -1 -1 -1000 -1000 -1000 -10 0.0168914794921875
Pedestrian -1 -1 -10 221.0 178.0 239.0 261.0 -1 -1 -1 -1000 -1000 -1000 -10 0.00919342041015625
Pedestrian -1 -1 -10 213.0 177.0 229.0 256.0 -1 -1 -1 -1000 -1000 -1000 -10 0.007427215576171875
Car -1 -1 -10 0.0 174.0 22.0 237.0 -1 -1 -1 -1000 -1000 -1000 -10 0.0070343017578125
Pedestrian -1 -1 -10 321.0 176.0 338.0 260.0 -1 -1 -1 -1000 -1000 -1000 -10 0.00568389892578125
Car -1 -1 -10 0.0 152.0 28.0 241.0 -1 -1 -1 -1000 -1000 -1000 -10 0.0043792724609375
Pedestrian -1 -1 -10 246.0 180.0 267.0 260.0 -1 -1 -1 -1000 -1000 -1000 -10 0.0043792724609375
Pedestrian -1 -1 -10 285.0 174.0 303.0 258.0 -1 -1 -1 -1000 -1000 -1000 -10 0.0034809112548828125
Car -1 -1 -10 0.0 184.0 17.0 239.0 -1 -1 -1 -1000 -1000 -1000 -10 0.002895355224609375
Car -1 -1 -10 0.0 183.0 31.0 242.0 -1 -1 -1 -1000 -1000 -1000 -10 0.0016489028930664062
Pedestrian -1 -1 -10 231.0 181.0 251.0 263.0 -1 -1 -1 -1000 -1000 -1000 -10 0.0014371871948242188
Pedestrian -1 -1 -10 334.0 176.0 349.0 255.0 -1 -1 -1 -1000 -1000 -1000 -10 0.0011501312255859375
Pedestrian -1 -1 -10 259.0 179.0 279.0 264.0 -1 -1 -1 -1000 -1000 -1000 -10 0.001068115234375
Pedestrian -1 -1 -10 708.0 169.0 722.0 240.0 -1 -1 -1 -1000 -1000 -1000 -10 0.0010519027709960938
Car -1 -1 -10 0.0 191.0 23.0 290.0 -1 -1 -1 -1000 -1000 -1000 -10 0.0010242462158203125
Pedestrian -1 -1 -10 224.0 183.0 247.0 261.0 -1 -1 -1 -1000 -1000 -1000 -10 0.0007696151733398438
Cyclist -1 -1 -10 0.0 205.0 28.0 312.0 -1 -1 -1 -1000 -1000 -1000 -10 0.0005869865417480469
Cyclist -1 -1 -10 674.0 143.0 812.0 253.0 -1 -1 -1 -1000 -1000 -1000 -10 0.0005812644958496094
Pedestrian -1 -1 -10 340.0 178.0 355.0 257.0 -1 -1 -1 -1000 -1000 -1000 -10 0.0005269050598144531
Car -1 -1 -10 0.0 199.0 14.0 240.0 -1 -1 -1 -1000 -1000 -1000 -10 0.0004992485046386719
Pedestrian -1 -1 -10 346.0 179.0 361.0 256.0 -1 -1 -1 -1000 -1000 -1000 -10 0.0004911422729492188
Pedestrian -1 -1 -10 287.0 178.0 306.0 272.0 -1 -1 -1 -1000 -1000 -1000 -10 0.0004761219024658203
Car -1 -1 -10 0.0 173.0 42.0 247.0 -1 -1 -1 -1000 -1000 -1000 -10 0.00044155120849609375
Pedestrian -1 -1 -10 693.0 168.0 710.0 223.0 -1 -1 -1 -1000 -1000 -1000 -10 0.00040650367736816406
Pedestrian -1 -1 -10 235.0 178.0 255.0 258.0 -1 -1 -1 -1000 -1000 -1000 -10 0.00037384033203125
Pedestrian -1 -1 -10 215.0 178.0 244.0 262.0 -1 -1 -1 -1000 -1000 -1000 -10 0.00036787986755371094
Car -1 -1 -10 0.0 195.0 14.0 265.0 -1 -1 -1 -1000 -1000 -1000 -10 0.00035762786865234375
Pedestrian -1 -1 -10 728.0 173.0 745.0 238.0 -1 -1 -1 -1000 -1000 -1000 -10 0.00035500526428222656
Car -1 -1 -10 1226.0 145.0 1242.0 298.0 -1 -1 -1 -1000 -1000 -1000 -10 0.00033736228942871094
Car -1 -1 -10 1218.0 187.0 1242.0 373.0 -1 -1 -1 -1000 -1000 -1000 -10 0.00032520294189453125
Pedestrian -1 -1 -10 218.0 186.0 234.0 251.0 -1 -1 -1 -1000 -1000 -1000 -10 0.0003147125244140625
Car -1 -1 -10 0.0 138.0 39.0 237.0 -1 -1 -1 -1000 -1000 -1000 -10 0.00030231475830078125
Cyclist -1 -1 -10 708.0 157.0 763.0 224.0 -1 -1 -1 -1000 -1000 -1000 -10 0.0002827644348144531
Cyclist -1 -1 -10 0.0 199.0 14.0 286.0 -1 -1 -1 -1000 -1000 -1000 -10 0.00027751922607421875
Cyclist -1 -1 -10 732.0 157.0 781.0 222.0 -1 -1 -1 -1000 -1000 -1000 -10 0.00026226043701171875
Car -1 -1 -10 0.0 197.0 24.0 241.0 -1 -1 -1 -1000 -1000 -1000 -10 0.0002512931823730469
Pedestrian -1 -1 -10 238.0 183.0 269.0 272.0 -1 -1 -1 -1000 -1000 -1000 -10 0.00024068355560302734
Car -1 -1 -10 0.0 186.0 38.0 298.0 -1 -1 -1 -1000 -1000 -1000 -10 0.00023865699768066406
Car -1 -1 -10 0.0 212.0 35.0 314.0 -1 -1 -1 -1000 -1000 -1000 -10 0.00023806095123291016
Pedestrian -1 -1 -10 210.0 184.0 227.0 248.0 -1 -1 -1 -1000 -1000 -1000 -10 0.0002377033233642578
Car -1 -1 -10 0.0 148.0 18.0 231.0 -1 -1 -1 -1000 -1000 -1000 -10 0.0002149343490600586
Car -1 -1 -10 1231.0 182.0 1242.0 290.0 -1 -1 -1 -1000 -1000 -1000 -10 0.00019860267639160156
Pedestrian -1 -1 -10 298.0 177.0 319.0 243.0 -1 -1 -1 -1000 -1000 -1000 -10 0.0001926422119140625
Cyclist -1 -1 -10 0.0 212.0 44.0 317.0 -1 -1 -1 -1000 -1000 -1000 -10 0.00017881393432617188
Pedestrian -1 -1 -10 714.0 166.0 735.0 231.0 -1 -1 -1 -1000 -1000 -1000 -10 0.0001437664031982422
Pedestrian -1 -1 -10 273.0 180.0 298.0 271.0 -1 -1 -1 -1000 -1000 -1000 -10 0.00013685226440429688
Car -1 -1 -10 1202.0 222.0 1242.0 374.0 -1 -1 -1 -1000 -1000 -1000 -10 0.00013554096221923828
Cyclist -1 -1 -10 759.0 149.0 813.0 250.0 -1 -1 -1 -1000 -1000 -1000 -10 0.00012826919555664062
Pedestrian -1 -1 -10 251.0 175.0 272.0 253.0 -1 -1 -1 -1000 -1000 -1000 -10 0.00011307001113891602
Car -1 -1 -10 1220.0 125.0 1242.0 318.0 -1 -1 -1 -1000 -1000 -1000 -10 0.00010758638381958008
