Car -1 -1 -10 435.0 182.0 501.0 226.0 -1 -1 -1 -1000 -1000 -1000 -10 0.97314453125
Car -1 -1 -10 576.0 173.0 655.0 245.0 -1 -1 -1 -1000 -1000 -1000 -10 0.9697265625
Car -1 -1 -10 265.0 180.0 439.0 288.0 -1 -1 -1 -1000 -1000 -1000 -10 0.96875
Car -1 -1 -10 73.0 188.0 275.0 274.0 -1 -1 -1 -1000 -1000 -1000 -10 0.96484375
Car -1 -1 -10 482.0 178.0 533.0 212.0 -1 -1 -1 -1000 -1000 -1000 -10 0.9384765625
Car -1 -1 -10 240.0 182.0 322.0 221.0 -1 -1 -1 -1000 -1000 -1000 -10 0.9296875
Car -1 -1 -10 403.0 170.0 445.0 199.0 -1 -1 -1 -1000 -1000 -1000 -10 0.927734375
Car -1 -1 -10 120.0 183.0 257.0 235.0 -1 -1 -1 -1000 -1000 -1000 -10 0.87841796875
Car -1 -1 -10 642.0 178.0 663.0 193.0 -1 -1 -1 -1000 -1000 -1000 -10 0.826171875
Car -1 -1 -10 116.0 188.0 238.0 261.0 -1 -1 -1 -1000 -1000 -1000 -10 0.16845703125
Car -1 -1 -10 649.0 178.0 666.0 191.0 -1 -1 -1 -1000 -1000 -1000 -10 0.00576019287109375
Car -1 -1 -10 309.0 181.0 377.0 212.0 -1 -1 -1 -1000 -1000 -1000 -10 0.0038204193115234375
Car -1 -1 -10 0.0 205.0 31.0 368.0 -1 -1 -1 -1000 -1000 -1000 -10 0.0031604766845703125
Car -1 -1 -10 224.0 140.0 397.0 291.0 -1 -1 -1 -1000 -1000 -1000 -10 0.002223968505859375
Car -1 -1 -10 609.0 173.0 632.0 190.0 -1 -1 -1 -1000 -1000 -1000 -10 0.002063751220703125
Car -1 -1 -10 390.0 172.0 441.0 207.0 -1 -1 -1 -1000 -1000 -1000 -10 0.0014181137084960938
Car -1 -1 -10 0.0 206.0 57.0 369.0 -1 -1 -1 -1000 -1000 -1000 -10 0.0011644363403320312
Car -1 -1 -10 644.0 176.0 664.0 189.0 -1 -1 -1 -1000 -1000 -1000 -10 0.0010995864868164062
Car -1 -1 -10 586.0 175.0 611.0 194.0 -1 -1 -1 -1000 -1000 -1000 -10 0.001071929931640625
Car -1 -1 -10 239.0 171.0 371.0 254.0 -1 -1 -1 -1000 -1000 -1000 -10 0.0010499954223632812
Car -1 -1 -10 477.0 161.0 537.0 218.0 -1 -1 -1 -1000 -1000 -1000 -10 0.0009403228759765625
Car -1 -1 -10 231.0 171.0 328.0 237.0 -1 -1 -1 -1000 -1000 -1000 -10 0.0008759498596191406
Car -1 -1 -10 434.0 168.0 511.0 234.0 -1 -1 -1 -1000 -1000 -1000 -10 0.0007829666137695312
Car -1 -1 -10 626.0 177.0 649.0 193.0 -1 -1 -1 -1000 -1000 -1000 -10 0.0006299018859863281
Car -1 -1 -10 551.0 162.0 666.0 257.0 -1 -1 -1 -1000 -1000 -1000 -10 0.0005297660827636719
Car -1 -1 -10 582.0 173.0 598.0 186.0 -1 -1 -1 -1000 -1000 -1000 -10 0.0005040168762207031
Car -1 -1 -10 307.0 115.0 489.0 250.0 -1 -1 -1 -1000 -1000 -1000 -10 0.0004336833953857422
Car -1 -1 -10 636.0 175.0 662.0 195.0 -1 -1 -1 -1000 -1000 -1000 -10 0.0004100799560546875
Car -1 -1 -10 586.0 177.0 646.0 224.0 -1 -1 -1 -1000 -1000 -1000 -10 0.00036215782165527344
Car -1 -1 -10 425.0 133.0 596.0 276.0 -1 -1 -1 -1000 -1000 -1000 -10 0.00030541419982910156
Car -1 -1 -10 369.0 179.0 426.0 212.0 -1 -1 -1 -1000 -1000 -1000 -10 0.0002841949462890625
Car -1 -1 -10 380.0 153.0 451.0 223.0 -1 -1 -1 -1000 -1000 -1000 -10 0.00028014183044433594
Car -1 -1 -10 145.0 182.0 225.0 232.0 -1 -1 -1 -1000 -1000 -1000 -10 0.0002562999725341797
Car -1 -1 -10 396.0 139.0 547.0 250.0 -1 -1 -1 -1000 -1000 -1000 -10 0.0002465248107910156
Car -1 -1 -10 192.0 134.0 357.0 249.0 -1 -1 -1 -1000 -1000 -1000 -10 0.00024437904357910156
Car -1 -1 -10 90.0 153.0 301.0 275.0 -1 -1 -1 -1000 -1000 -1000 -10 0.00023746490478515625
Car -1 -1 -10 166.0 184.0 213.0 230.0 -1 -1 -1 -1000 -1000 -1000 -10 0.0002193450927734375
Car -1 -1 -10 0.0 189.0 18.0 255.0 -1 -1 -1 -1000 -1000 -1000 -10 0.00021600723266601562
Car -1 -1 -10 589.0 172.0 631.0 195.0 -1 -1 -1 -1000 -1000 -1000 -10 0.00021278858184814453
Car -1 -1 -10 0.0 221.0 15.0 352.0 -1 -1 -1 -1000 -1000 -1000 -10 0.00018084049224853516
Car -1 -1 -10 578.0 170.0 606.0 191.0 -1 -1 -1 -1000 -1000 -1000 -10 0.00016701221466064453
Car -1 -1 -10 518.0 177.0 558.0 202.0 -1 -1 -1 -1000 -1000 -1000 -10 0.00012177228927612305
Car -1 -1 -10 642.0 173.0 666.0 201.0 -1 -1 -1 -1000 -1000 -1000 -10 0.00011646747589111328
Car -1 -1 -10 257.0 185.0 309.0 216.0 -1 -1 -1 -1000 -1000 -1000 -10 0.00010561943054199219
