Car -1 -1 -10 594.0 175.0 660.0 239.0 -1 -1 -1 -1000 -1000 -1000 -10 0.9677734375
Car -1 -1 -10 729.0 114.0 827.0 208.0 -1 -1 -1 -1000 -1000 -1000 -10 0.95947265625
Car -1 -1 -10 714.0 138.0 767.0 198.0 -1 -1 -1 -1000 -1000 -1000 -10 0.9189453125
Pedestrian -1 -1 -10 316.0 181.0 331.0 224.0 -1 -1 -1 -1000 -1000 -1000 -10 0.85498046875
Car -1 -1 -10 713.0 146.0 748.0 193.0 -1 -1 -1 -1000 -1000 -1000 -10 0.02801513671875
Car -1 -1 -10 720.0 134.0 790.0 203.0 -1 -1 -1 -1000 -1000 -1000 -10 0.001605987548828125
Car -1 -1 -10 556.0 158.0 675.0 260.0 -1 -1 -1 -1000 -1000 -1000 -10 0.0007963180541992188
Car -1 -1 -10 664.0 108.0 803.0 228.0 -1 -1 -1 -1000 -1000 -1000 -10 0.0003669261932373047
Pedestrian -1 -1 -10 323.0 184.0 336.0 225.0 -1 -1 -1 -1000 -1000 -1000 -10 0.00032711029052734375
Car -1 -1 -10 0.0 229.0 25.0 369.0 -1 -1 -1 -1000 -1000 -1000 -10 0.00022923946380615234
Car -1 -1 -10 705.0 149.0 732.0 191.0 -1 -1 -1 -1000 -1000 -1000 -10 0.00011616945266723633
Car -1 -1 -10 0.0 176.0 21.0 347.0 -1 -1 -1 -1000 -1000 -1000 -10 0.00011277198791503906
