Car -1 -1 -10 101.0 195.0 426.0 374.0 -1 -1 -1 -1000 -1000 -1000 -10 0.974609375
Car -1 -1 -10 569.0 177.0 604.0 208.0 -1 -1 -1 -1000 -1000 -1000 -10 0.97314453125
Car -1 -1 -10 411.0 185.0 489.0 233.0 -1 -1 -1 -1000 -1000 -1000 -10 0.96435546875
Car -1 -1 -10 0.0 196.0 218.0 316.0 -1 -1 -1 -1000 -1000 -1000 -10 0.962890625
Car -1 -1 -10 483.0 153.0 536.0 211.0 -1 -1 -1 -1000 -1000 -1000 -10 0.95166015625
Car -1 -1 -10 155.0 179.0 270.0 233.0 -1 -1 -1 -1000 -1000 -1000 -10 0.94140625
Car -1 -1 -10 332.0 185.0 402.0 225.0 -1 -1 -1 -1000 -1000 -1000 -10 0.92919921875
Car -1 -1 -10 253.0 187.0 364.0 245.0 -1 -1 -1 -1000 -1000 -1000 -10 0.892578125
Car -1 -1 -10 0.0 191.0 145.0 264.0 -1 -1 -1 -1000 -1000 -1000 -10 0.88720703125
Car -1 -1 -10 518.0 181.0 546.0 203.0 -1 -1 -1 -1000 -1000 -1000 -10 0.779296875
Car -1 -1 -10 224.0 185.0 343.0 241.0 -1 -1 -1 -1000 -1000 -1000 -10 0.18701171875
Car -1 -1 -10 514.0 175.0 543.0 207.0 -1 -1 -1 -1000 -1000 -1000 -10 0.0595703125
Car -1 -1 -10 497.0 161.0 538.0 208.0 -1 -1 -1 -1000 -1000 -1000 -10 0.050537109375
Car -1 -1 -10 525.0 177.0 549.0 199.0 -1 -1 -1 -1000 -1000 -1000 -10 0.0216827392578125
Car -1 -1 -10 507.0 177.0 538.0 210.0 -1 -1 -1 -1000 -1000 -1000 -10 0.02081298828125
Car -1 -1 -10 511.0 186.0 537.0 207.0 -1 -1 -1 -1000 -1000 -1000 -10 0.0204925537109375
Car -1 -1 -10 0.0 189.0 72.0 256.0 -1 -1 -1 -1000 -1000 -1000 -10 0.01433563232421875
Car -1 -1 -10 0.0 189.0 29.0 253.0 -1 -1 -1 -1000 -1000 -1000 -10 0.01197052001953125
Car -1 -1 -10 0.0 183.0 18.0 249.0 -1 -1 -1 -1000 -1000 -1000 -10 0.00550079345703125
Car -1 -1 -10 273.0 180.0 393.0 251.0 -1 -1 -1 -1000 -1000 -1000 -10 0.00426483154296875
Car -1 -1 -10 187.0 188.0 326.0 251.0 -1 -1 -1 -1000 -1000 -1000 -10 0.003986358642578125
Car -1 -1 -10 0.0 195.0 25.0 376.0 -1 -1 -1 -1000 -1000 -1000 -10 0.0037784576416015625
Car -1 -1 -10 216.0 170.0 405.0 288.0 -1 -1 -1 -1000 -1000 -1000 -10 0.0010833740234375
Car -1 -1 -10 1.0 189.0 44.0 242.0 -1 -1 -1 -1000 -1000 -1000 -10 0.000980377197265625
Car -1 -1 -10 243.0 186.0 323.0 235.0 -1 -1 -1 -1000 -1000 -1000 -10 0.0008349418640136719
Car -1 -1 -10 0.0 196.0 42.0 362.0 -1 -1 -1 -1000 -1000 -1000 -10 0.0007491111755371094
Car -1 -1 -10 38.0 193.0 115.0 262.0 -1 -1 -1 -1000 -1000 -1000 -10 0.0007433891296386719
Car -1 -1 -10 0.0 186.0 116.0 249.0 -1 -1 -1 -1000 -1000 -1000 -10 0.0007419586181640625
Car -1 -1 -10 496.0 181.0 533.0 210.0 -1 -1 -1 -1000 -1000 -1000 -10 0.0005645751953125
Car -1 -1 -10 210.0 193.0 357.0 258.0 -1 -1 -1 -1000 -1000 -1000 -10 0.0005540847778320312
Car -1 -1 -10 110.0 143.0 300.0 278.0 -1 -1 -1 -1000 -1000 -1000 -10 0.0005431175231933594
Car -1 -1 -10 38.0 199.0 180.0 310.0 -1 -1 -1 -1000 -1000 -1000 -10 0.0005383491516113281
Car -1 -1 -10 525.0 185.0 545.0 204.0 -1 -1 -1 -1000 -1000 -1000 -10 0.0005202293395996094
Car -1 -1 -10 0.0 237.0 18.0 371.0 -1 -1 -1 -1000 -1000 -1000 -10 0.0005102157592773438
Car -1 -1 -10 130.0 175.0 349.0 272.0 -1 -1 -1 -1000 -1000 -1000 -10 0.0004494190216064453
Car -1 -1 -10 379.0 177.0 418.0 204.0 -1 -1 -1 -1000 -1000 -1000 -10 0.0004444122314453125
Car -1 -1 -10 328.0 173.0 413.0 240.0 -1 -1 -1 -1000 -1000 -1000 -10 0.0004076957702636719
Car -1 -1 -10 433.0 126.0 597.0 258.0 -1 -1 -1 -1000 -1000 -1000 -10 0.00040149688720703125
Car -1 -1 -10 0.0 194.0 101.0 283.0 -1 -1 -1 -1000 -1000 -1000 -10 0.0002684593200683594
Car -1 -1 -10 0.0 130.0 9.0 182.0 -1 -1 -1 -1000 -1000 -1000 -10 0.0002665519714355469
Car -1 -1 -10 0.0 198.0 13.0 258.0 -1 -1 -1 -1000 -1000 -1000 -10 0.0002627372741699219
Car -1 -1 -10 295.0 136.0 461.0 282.0 -1 -1 -1 -1000 -1000 -1000 -10 0.0002560615539550781
Car -1 -1 -10 408.0 173.0 505.0 238.0 -1 -1 -1 -1000 -1000 -1000 -10 0.00025272369384765625
Car -1 -1 -10 354.0 139.0 530.0 277.0 -1 -1 -1 -1000 -1000 -1000 -10 0.00023508071899414062
Car -1 -1 -10 0.0 193.0 53.0 285.0 -1 -1 -1 -1000 -1000 -1000 -10 0.0002263784408569336
Car -1 -1 -10 0.0 166.0 51.0 236.0 -1 -1 -1 -1000 -1000 -1000 -10 0.00018465518951416016
Car -1 -1 -10 0.0 140.0 9.0 201.0 -1 -1 -1 -1000 -1000 -1000 -10 0.00017178058624267578
Car -1 -1 -10 1.0 224.0 15.0 349.0 -1 -1 -1 -1000 -1000 -1000 -10 0.0001665353775024414
Car -1 -1 -10 55.0 198.0 101.0 257.0 -1 -1 -1 -1000 -1000 -1000 -10 0.00015342235565185547
Car -1 -1 -10 277.0 142.0 432.0 254.0 -1 -1 -1 -1000 -1000 -1000 -10 0.00013720989227294922
Car -1 -1 -10 1.0 224.0 37.0 376.0 -1 -1 -1 -1000 -1000 -1000 -10 0.00013697147369384766
Car -1 -1 -10 113.0 171.0 374.0 310.0 -1 -1 -1 -1000 -1000 -1000 -10 0.0001341104507446289
Car -1 -1 -10 533.0 176.0 555.0 197.0 -1 -1 -1 -1000 -1000 -1000 -10 0.00012105703353881836
Car -1 -1 -10 187.0 183.0 236.0 223.0 -1 -1 -1 -1000 -1000 -1000 -10 0.00011330842971801758
Car -1 -1 -10 0.0 146.0 17.0 225.0 -1 -1 -1 -1000 -1000 -1000 -10 0.00010633468627929688
