Car -1 -1 -10 588.0 178.0 719.0 302.0 -1 -1 -1 -1000 -1000 -1000 -10 0.97216796875
Car -1 -1 -10 721.0 172.0 844.0 230.0 -1 -1 -1 -1000 -1000 -1000 -10 0.96875
Car -1 -1 -10 27.0 197.0 224.0 274.0 -1 -1 -1 -1000 -1000 -1000 -10 0.9619140625
Car -1 -1 -10 359.0 187.0 441.0 238.0 -1 -1 -1 -1000 -1000 -1000 -10 0.95361328125
Car -1 -1 -10 397.0 177.0 452.0 213.0 -1 -1 -1 -1000 -1000 -1000 -10 0.92724609375
Car -1 -1 -10 456.0 178.0 498.0 203.0 -1 -1 -1 -1000 -1000 -1000 -10 0.92529296875
Car -1 -1 -10 214.0 181.0 292.0 207.0 -1 -1 -1 -1000 -1000 -1000 -10 0.92431640625
Car -1 -1 -10 580.0 176.0 605.0 193.0 -1 -1 -1 -1000 -1000 -1000 -10 0.9189453125
Car -1 -1 -10 230.0 182.0 307.0 219.0 -1 -1 -1 -1000 -1000 -1000 -10 0.91650390625
Car -1 -1 -10 690.0 177.0 759.0 211.0 -1 -1 -1 -1000 -1000 -1000 -10 0.90966796875
Car -1 -1 -10 670.0 177.0 735.0 204.0 -1 -1 -1 -1000 -1000 -1000 -10 0.89208984375
Car -1 -1 -10 345.0 184.0 410.0 219.0 -1 -1 -1 -1000 -1000 -1000 -10 0.87158203125
Car -1 -1 -10 512.0 179.0 550.0 197.0 -1 -1 -1 -1000 -1000 -1000 -10 0.86767578125
Car -1 -1 -10 526.0 178.0 562.0 201.0 -1 -1 -1 -1000 -1000 -1000 -10 0.8408203125
Car -1 -1 -10 1207.0 198.0 1242.0 373.0 -1 -1 -1 -1000 -1000 -1000 -10 0.73974609375
Car -1 -1 -10 1225.0 197.0 1242.0 270.0 -1 -1 -1 -1000 -1000 -1000 -10 0.052093505859375
Car -1 -1 -10 379.0 183.0 447.0 222.0 -1 -1 -1 -1000 -1000 -1000 -10 0.03118896484375
Car -1 -1 -10 1217.0 235.0 1242.0 372.0 -1 -1 -1 -1000 -1000 -1000 -10 0.031036376953125
Car -1 -1 -10 1216.0 197.0 1242.0 276.0 -1 -1 -1 -1000 -1000 -1000 -10 0.01349639892578125
Car -1 -1 -10 607.0 175.0 629.0 191.0 -1 -1 -1 -1000 -1000 -1000 -10 0.00930023193359375
Car -1 -1 -10 0.0 203.0 15.0 286.0 -1 -1 -1 -1000 -1000 -1000 -10 0.00673675537109375
Car -1 -1 -10 372.0 189.0 423.0 229.0 -1 -1 -1 -1000 -1000 -1000 -10 0.00321197509765625
Car -1 -1 -10 227.0 182.0 278.0 203.0 -1 -1 -1 -1000 -1000 -1000 -10 0.0030269622802734375
Car -1 -1 -10 567.0 176.0 600.0 194.0 -1 -1 -1 -1000 -1000 -1000 -10 0.0028896331787109375
Car -1 -1 -10 597.0 176.0 625.0 193.0 -1 -1 -1 -1000 -1000 -1000 -10 0.0025844573974609375
Car -1 -1 -10 390.0 183.0 439.0 215.0 -1 -1 -1 -1000 -1000 -1000 -10 0.0022335052490234375
Car -1 -1 -10 1206.0 189.0 1241.0 265.0 -1 -1 -1 -1000 -1000 -1000 -10 0.0022296905517578125
Car -1 -1 -10 520.0 175.0 561.0 207.0 -1 -1 -1 -1000 -1000 -1000 -10 0.0020389556884765625
Car -1 -1 -10 0.0 206.0 23.0 295.0 -1 -1 -1 -1000 -1000 -1000 -10 0.0016622543334960938
Car -1 -1 -10 1224.0 207.0 1242.0 346.0 -1 -1 -1 -1000 -1000 -1000 -10 0.0015153884887695312
Car -1 -1 -10 1215.0 195.0 1241.0 334.0 -1 -1 -1 -1000 -1000 -1000 -10 0.001468658447265625
Car -1 -1 -10 1190.0 214.0 1242.0 375.0 -1 -1 -1 -1000 -1000 -1000 -10 0.0012845993041992188
Car -1 -1 -10 218.0 175.0 301.0 213.0 -1 -1 -1 -1000 -1000 -1000 -10 0.001132965087890625
Car -1 -1 -10 0.0 208.0 18.0 345.0 -1 -1 -1 -1000 -1000 -1000 -10 0.0010290145874023438
Car -1 -1 -10 224.0 166.0 312.0 237.0 -1 -1 -1 -1000 -1000 -1000 -10 0.0009784698486328125
Car -1 -1 -10 757.0 177.0 805.0 225.0 -1 -1 -1 -1000 -1000 -1000 -10 0.0008292198181152344
Car -1 -1 -10 1228.0 173.0 1242.0 263.0 -1 -1 -1 -1000 -1000 -1000 -10 0.0007681846618652344
Car -1 -1 -10 0.0 205.0 33.0 277.0 -1 -1 -1 -1000 -1000 -1000 -10 0.0007457733154296875
Car -1 -1 -10 1219.0 157.0 1242.0 266.0 -1 -1 -1 -1000 -1000 -1000 -10 0.0007147789001464844
Car -1 -1 -10 238.0 183.0 289.0 209.0 -1 -1 -1 -1000 -1000 -1000 -10 0.0006999969482421875
Car -1 -1 -10 0.0 192.0 14.0 261.0 -1 -1 -1 -1000 -1000 -1000 -10 0.0006628036499023438
Car -1 -1 -10 589.0 176.0 610.0 192.0 -1 -1 -1 -1000 -1000 -1000 -10 0.0006403923034667969
Car -1 -1 -10 701.0 176.0 776.0 217.0 -1 -1 -1 -1000 -1000 -1000 -10 0.0006170272827148438
Car -1 -1 -10 681.0 166.0 768.0 234.0 -1 -1 -1 -1000 -1000 -1000 -10 0.0005950927734375
Car -1 -1 -10 665.0 181.0 718.0 205.0 -1 -1 -1 -1000 -1000 -1000 -10 0.0005927085876464844
Car -1 -1 -10 228.0 180.0 309.0 205.0 -1 -1 -1 -1000 -1000 -1000 -10 0.0005674362182617188
Car -1 -1 -10 0.0 212.0 19.0 273.0 -1 -1 -1 -1000 -1000 -1000 -10 0.0005598068237304688
Car -1 -1 -10 1189.0 193.0 1242.0 326.0 -1 -1 -1 -1000 -1000 -1000 -10 0.0005397796630859375
Car -1 -1 -10 577.0 173.0 606.0 204.0 -1 -1 -1 -1000 -1000 -1000 -10 0.0005245208740234375
Car -1 -1 -10 1208.0 200.0 1240.0 303.0 -1 -1 -1 -1000 -1000 -1000 -10 0.0005178451538085938
Car -1 -1 -10 390.0 161.0 458.0 223.0 -1 -1 -1 -1000 -1000 -1000 -10 0.00046443939208984375
Car -1 -1 -10 1.0 231.0 12.0 290.0 -1 -1 -1 -1000 -1000 -1000 -10 0.0004534721374511719
Car -1 -1 -10 0.0 190.0 24.0 269.0 -1 -1 -1 -1000 -1000 -1000 -10 0.00042724609375
Car -1 -1 -10 371.0 183.0 429.0 213.0 -1 -1 -1 -1000 -1000 -1000 -10 0.0004248619079589844
Car -1 -1 -10 0.0 220.0 12.0 319.0 -1 -1 -1 -1000 -1000 -1000 -10 0.0004241466522216797
Car -1 -1 -10 182.0 128.0 349.0 249.0 -1 -1 -1 -1000 -1000 -1000 -10 0.00041222572326660156
Car -1 -1 -10 1223.0 264.0 1242.0 375.0 -1 -1 -1 -1000 -1000 -1000 -10 0.0004017353057861328
Car -1 -1 -10 694.0 137.0 883.0 271.0 -1 -1 -1 -1000 -1000 -1000 -10 0.0003924369812011719
Car -1 -1 -10 649.0 168.0 760.0 256.0 -1 -1 -1 -1000 -1000 -1000 -10 0.0003807544708251953
Car -1 -1 -10 629.0 133.0 818.0 282.0 -1 -1 -1 -1000 -1000 -1000 -10 0.00035762786865234375
Car -1 -1 -10 597.0 179.0 617.0 193.0 -1 -1 -1 -1000 -1000 -1000 -10 0.0003383159637451172
Car -1 -1 -10 609.0 177.0 634.0 194.0 -1 -1 -1 -1000 -1000 -1000 -10 0.0002987384796142578
Car -1 -1 -10 509.0 173.0 552.0 203.0 -1 -1 -1 -1000 -1000 -1000 -10 0.00029349327087402344
Car -1 -1 -10 0.0 207.0 35.0 356.0 -1 -1 -1 -1000 -1000 -1000 -10 0.0002796649932861328
Car -1 -1 -10 0.0 178.0 14.0 231.0 -1 -1 -1 -1000 -1000 -1000 -10 0.0002732276916503906
Car -1 -1 -10 0.0 225.0 25.0 374.0 -1 -1 -1 -1000 -1000 -1000 -10 0.00026226043701171875
Car -1 -1 -10 658.0 177.0 712.0 199.0 -1 -1 -1 -1000 -1000 -1000 -10 0.00023686885833740234
Car -1 -1 -10 262.0 133.0 468.0 281.0 -1 -1 -1 -1000 -1000 -1000 -10 0.00023174285888671875
Car -1 -1 -10 0.0 191.0 44.0 249.0 -1 -1 -1 -1000 -1000 -1000 -10 0.00021147727966308594
Car -1 -1 -10 342.0 121.0 515.0 250.0 -1 -1 -1 -1000 -1000 -1000 -10 0.00021088123321533203
Car -1 -1 -10 452.0 181.0 483.0 202.0 -1 -1 -1 -1000 -1000 -1000 -10 0.0001995563507080078
Car -1 -1 -10 0.0 185.0 11.0 241.0 -1 -1 -1 -1000 -1000 -1000 -10 0.00019788742065429688
Car -1 -1 -10 470.0 178.0 499.0 196.0 -1 -1 -1 -1000 -1000 -1000 -10 0.00018739700317382812
Car -1 -1 -10 0.0 180.0 60.0 224.0 -1 -1 -1 -1000 -1000 -1000 -10 0.0001779794692993164
Car -1 -1 -10 334.0 183.0 396.0 212.0 -1 -1 -1 -1000 -1000 -1000 -10 0.00016033649444580078
Car -1 -1 -10 194.0 180.0 270.0 207.0 -1 -1 -1 -1000 -1000 -1000 -10 0.00016033649444580078
Car -1 -1 -10 0.0 180.0 9.0 216.0 -1 -1 -1 -1000 -1000 -1000 -10 0.00015687942504882812
Car -1 -1 -10 0.0 254.0 14.0 375.0 -1 -1 -1 -1000 -1000 -1000 -10 0.00013625621795654297
Car -1 -1 -10 439.0 1.0 499.0 47.0 -1 -1 -1 -1000 -1000 -1000 -10 0.00013387203216552734
Car -1 -1 -10 330.0 170.0 419.0 237.0 -1 -1 -1 -1000 -1000 -1000 -10 0.000133514404296875
Car -1 -1 -10 1.0 198.0 22.0 251.0 -1 -1 -1 -1000 -1000 -1000 -10 0.0001304149627685547
Car -1 -1 -10 1183.0 182.0 1242.0 262.0 -1 -1 -1 -1000 -1000 -1000 -10 0.00012302398681640625
Car -1 -1 -10 651.0 181.0 697.0 202.0 -1 -1 -1 -1000 -1000 -1000 -10 0.00011920928955078125
Car -1 -1 -10 1207.0 256.0 1241.0 321.0 -1 -1 -1 -1000 -1000 -1000 -10 0.0001131296157836914
Car -1 -1 -10 5.0 192.0 117.0 238.0 -1 -1 -1 -1000 -1000 -1000 -10 0.00011259317398071289
Car -1 -1 -10 0.0 208.0 95.0 272.0 -1 -1 -1 -1000 -1000 -1000 -10 0.00010675191879272461
Car -1 -1 -10 1205.0 145.0 1242.0 271.0 -1 -1 -1 -1000 -1000 -1000 -10 0.00010395050048828125
