Car -1 -1 -10 1017.0 127.0 1241.0 343.0 -1 -1 -1 -1000 -1000 -1000 -10 0.97021484375
Car -1 -1 -10 655.0 176.0 697.0 209.0 -1 -1 -1 -1000 -1000 -1000 -10 0.96923828125
Car -1 -1 -10 737.0 175.0 796.0 210.0 -1 -1 -1 -1000 -1000 -1000 -10 0.9609375
Car -1 -1 -10 800.0 174.0 866.0 201.0 -1 -1 -1 -1000 -1000 -1000 -10 0.94140625
Car -1 -1 -10 635.0 171.0 666.0 200.0 -1 -1 -1 -1000 -1000 -1000 -10 0.92041015625
Car -1 -1 -10 646.0 150.0 681.0 188.0 -1 -1 -1 -1000 -1000 -1000 -10 0.9091796875
Car -1 -1 -10 637.0 161.0 673.0 198.0 -1 -1 -1 -1000 -1000 -1000 -10 0.58642578125
Car -1 -1 -10 1219.0 201.0 1242.0 372.0 -1 -1 -1 -1000 -1000 -1000 -10 0.0017223358154296875
Car -1 -1 -10 730.0 162.0 801.0 226.0 -1 -1 -1 -1000 -1000 -1000 -10 0.0010271072387695312
Car -1 -1 -10 637.0 165.0 664.0 192.0 -1 -1 -1 -1000 -1000 -1000 -10 0.0009236335754394531
Car -1 -1 -10 289.0 70.0 307.0 86.0 -1 -1 -1 -1000 -1000 -1000 -10 0.0008997917175292969
Car -1 -1 -10 535.0 2.0 610.0 57.0 -1 -1 -1 -1000 -1000 -1000 -10 0.000614166259765625
Car -1 -1 -10 1225.0 225.0 1242.0 351.0 -1 -1 -1 -1000 -1000 -1000 -10 0.0005183219909667969
Car -1 -1 -10 648.0 161.0 706.0 226.0 -1 -1 -1 -1000 -1000 -1000 -10 0.0005016326904296875
Car -1 -1 -10 1063.0 126.0 1194.0 335.0 -1 -1 -1 -1000 -1000 -1000 -10 0.0003790855407714844
Car -1 -1 -10 675.0 130.0 854.0 276.0 -1 -1 -1 -1000 -1000 -1000 -10 0.0003428459167480469
Car -1 -1 -10 1206.0 199.0 1242.0 364.0 -1 -1 -1 -1000 -1000 -1000 -10 0.00028967857360839844
Car -1 -1 -10 595.0 127.0 766.0 277.0 -1 -1 -1 -1000 -1000 -1000 -10 0.000278472900390625
Car -1 -1 -10 610.0 3.0 685.0 54.0 -1 -1 -1 -1000 -1000 -1000 -10 0.00023245811462402344
Car -1 -1 -10 781.0 175.0 855.0 203.0 -1 -1 -1 -1000 -1000 -1000 -10 0.00019681453704833984
Car -1 -1 -10 661.0 1.0 736.0 52.0 -1 -1 -1 -1000 -1000 -1000 -10 0.00016868114471435547
Car -1 -1 -10 1221.0 255.0 1242.0 369.0 -1 -1 -1 -1000 -1000 -1000 -10 0.00014770030975341797
Car -1 -1 -10 1073.0 87.0 1105.0 109.0 -1 -1 -1 -1000 -1000 -1000 -10 0.00011092424392700195
Car -1 -1 -10 315.0 101.0 345.0 128.0 -1 -1 -1 -1000 -1000 -1000 -10 0.00010788440704345703
