Car -1 -1 -10 457.0 177.0 521.0 202.0 -1 -1 -1 -1000 -1000 -1000 -10 0.92138671875
Car -1 -1 -10 1206.0 109.0 1237.0 142.0 -1 -1 -1 -1000 -1000 -1000 -10 0.0002758502960205078
Cyclist -1 -1 -10 1230.0 199.0 1242.0 291.0 -1 -1 -1 -1000 -1000 -1000 -10 0.0002536773681640625
Car -1 -1 -10 0.0 180.0 11.0 247.0 -1 -1 -1 -1000 -1000 -1000 -10 0.0002053976058959961
Pedestrian -1 -1 -10 950.0 0.0 981.0 1.0 -1 -1 -1 -1000 -1000 -1000 -10 0.00019633769989013672
Car -1 -1 -10 0.0 181.0 21.0 345.0 -1 -1 -1 -1000 -1000 -1000 -10 0.0001684427261352539
Cyclist -1 -1 -10 1220.0 58.0 1242.0 137.0 -1 -1 -1 -1000 -1000 -1000 -10 0.00016319751739501953
Cyclist -1 -1 -10 1226.0 191.0 1242.0 320.0 -1 -1 -1 -1000 -1000 -1000 -10 0.00015866756439208984
Car -1 -1 -10 0.0 184.0 15.0 257.0 -1 -1 -1 -1000 -1000 -1000 -10 0.00015342235565185547
Cyclist -1 -1 -10 1225.0 44.0 1242.0 123.0 -1 -1 -1 -1000 -1000 -1000 -10 0.00014829635620117188
Cyclist -1 -1 -10 1205.0 92.0 1240.0 145.0 -1 -1 -1 -1000 -1000 -1000 -10 0.0001475811004638672
Car -1 -1 -10 1157.0 82.0 1174.0 96.0 -1 -1 -1 -1000 -1000 -1000 -10 0.00014579296112060547
Cyclist -1 -1 -10 1184.0 82.0 1201.0 98.0 -1 -1 -1 -1000 -1000 -1000 -10 0.0001323223114013672
Cyclist -1 -1 -10 1228.0 66.0 1241.0 118.0 -1 -1 -1 -1000 -1000 -1000 -10 0.00012552738189697266
Car -1 -1 -10 0.0 194.0 11.0 267.0 -1 -1 -1 -1000 -1000 -1000 -10 0.00011730194091796875
Car -1 -1 -10 1226.0 167.0 1242.0 281.0 -1 -1 -1 -1000 -1000 -1000 -10 0.00011342763900756836
Cyclist -1 -1 -10 1220.0 174.0 1242.0 309.0 -1 -1 -1 -1000 -1000 -1000 -10 0.0001125335693359375
Cyclist -1 -1 -10 1230.0 54.0 1242.0 110.0 -1 -1 -1 -1000 -1000 -1000 -10 0.00010991096496582031
Car -1 -1 -10 1223.0 197.0 1242.0 360.0 -1 -1 -1 -1000 -1000 -1000 -10 0.0001055598258972168
