Car -1 -1 -10 589.0 174.0 627.0 213.0 -1 -1 -1 -1000 -1000 -1000 -10 0.96923828125
Car -1 -1 -10 472.0 180.0 533.0 224.0 -1 -1 -1 -1000 -1000 -1000 -10 0.95703125
Car -1 -1 -10 0.0 166.0 237.0 372.0 -1 -1 -1 -1000 -1000 -1000 -10 0.94189453125
Car -1 -1 -10 121.0 179.0 223.0 217.0 -1 -1 -1 -1000 -1000 -1000 -10 0.93212890625
Car -1 -1 -10 25.0 178.0 131.0 221.0 -1 -1 -1 -1000 -1000 -1000 -10 0.763671875
Car -1 -1 -10 12.0 184.0 113.0 229.0 -1 -1 -1 -1000 -1000 -1000 -10 0.25146484375
Car -1 -1 -10 2.0 181.0 83.0 221.0 -1 -1 -1 -1000 -1000 -1000 -10 0.1575927734375
Car -1 -1 -10 0.0 178.0 42.0 218.0 -1 -1 -1 -1000 -1000 -1000 -10 0.109619140625
Car -1 -1 -10 11.0 192.0 106.0 242.0 -1 -1 -1 -1000 -1000 -1000 -10 0.08087158203125
Car -1 -1 -10 0.0 173.0 31.0 212.0 -1 -1 -1 -1000 -1000 -1000 -10 0.037567138671875
Car -1 -1 -10 0.0 185.0 56.0 231.0 -1 -1 -1 -1000 -1000 -1000 -10 0.031463623046875
Car -1 -1 -10 0.0 181.0 20.0 223.0 -1 -1 -1 -1000 -1000 -1000 -10 0.03057861328125
Car -1 -1 -10 0.0 185.0 34.0 232.0 -1 -1 -1 -1000 -1000 -1000 -10 0.018768310546875
Car -1 -1 -10 10.0 172.0 128.0 245.0 -1 -1 -1 -1000 -1000 -1000 -10 0.01338958740234375
Car -1 -1 -10 36.0 182.0 154.0 227.0 -1 -1 -1 -1000 -1000 -1000 -10 0.0131072998046875
Car -1 -1 -10 0.0 172.0 61.0 211.0 -1 -1 -1 -1000 -1000 -1000 -10 0.01192474365234375
Car -1 -1 -10 0.0 168.0 20.0 210.0 -1 -1 -1 -1000 -1000 -1000 -10 0.01128387451171875
Car -1 -1 -10 17.0 165.0 158.0 270.0 -1 -1 -1 -1000 -1000 -1000 -10 0.00893402099609375
Car -1 -1 -10 1.0 139.0 179.0 302.0 -1 -1 -1 -1000 -1000 -1000 -10 0.00739288330078125
Car -1 -1 -10 23.0 186.0 153.0 249.0 -1 -1 -1 -1000 -1000 -1000 -10 0.002315521240234375
Car -1 -1 -10 0.0 191.0 16.0 243.0 -1 -1 -1 -1000 -1000 -1000 -10 0.0021381378173828125
Car -1 -1 -10 52.0 167.0 182.0 365.0 -1 -1 -1 -1000 -1000 -1000 -10 0.0013742446899414062
Car -1 -1 -10 0.0 161.0 17.0 200.0 -1 -1 -1 -1000 -1000 -1000 -10 0.0012645721435546875
Car -1 -1 -10 114.0 167.0 230.0 234.0 -1 -1 -1 -1000 -1000 -1000 -10 0.0012054443359375
Car -1 -1 -10 146.0 182.0 195.0 209.0 -1 -1 -1 -1000 -1000 -1000 -10 0.0011072158813476562
Car -1 -1 -10 469.0 170.0 539.0 236.0 -1 -1 -1 -1000 -1000 -1000 -10 0.0010290145874023438
Car -1 -1 -10 52.0 133.0 255.0 288.0 -1 -1 -1 -1000 -1000 -1000 -10 0.0009860992431640625
Car -1 -1 -10 41.0 173.0 142.0 211.0 -1 -1 -1 -1000 -1000 -1000 -10 0.0009202957153320312
Car -1 -1 -10 0.0 138.0 149.0 256.0 -1 -1 -1 -1000 -1000 -1000 -10 0.0009016990661621094
Car -1 -1 -10 0.0 162.0 68.0 231.0 -1 -1 -1 -1000 -1000 -1000 -10 0.0005469322204589844
Car -1 -1 -10 0.0 183.0 67.0 263.0 -1 -1 -1 -1000 -1000 -1000 -10 0.0005383491516113281
Car -1 -1 -10 0.0 193.0 46.0 240.0 -1 -1 -1 -1000 -1000 -1000 -10 0.0005059242248535156
Car -1 -1 -10 0.0 179.0 26.0 270.0 -1 -1 -1 -1000 -1000 -1000 -10 0.00047135353088378906
Car -1 -1 -10 406.0 137.0 570.0 275.0 -1 -1 -1 -1000 -1000 -1000 -10 0.00047135353088378906
Car -1 -1 -10 1.0 173.0 107.0 219.0 -1 -1 -1 -1000 -1000 -1000 -10 0.0004324913024902344
Car -1 -1 -10 83.0 127.0 264.0 245.0 -1 -1 -1 -1000 -1000 -1000 -10 0.0003414154052734375
Car -1 -1 -10 578.0 163.0 632.0 226.0 -1 -1 -1 -1000 -1000 -1000 -10 0.0003097057342529297
Car -1 -1 -10 763.0 2.0 839.0 56.0 -1 -1 -1 -1000 -1000 -1000 -10 0.0003046989440917969
Car -1 -1 -10 743.0 1.0 819.0 56.0 -1 -1 -1 -1000 -1000 -1000 -10 0.0003027915954589844
Car -1 -1 -10 691.0 2.0 766.0 56.0 -1 -1 -1 -1000 -1000 -1000 -10 0.00026726722717285156
Car -1 -1 -10 488.0 1.0 554.0 54.0 -1 -1 -1 -1000 -1000 -1000 -10 0.00025391578674316406
Car -1 -1 -10 7.0 186.0 128.0 269.0 -1 -1 -1 -1000 -1000 -1000 -10 0.00024890899658203125
Car -1 -1 -10 508.0 1.0 575.0 54.0 -1 -1 -1 -1000 -1000 -1000 -10 0.00024819374084472656
Car -1 -1 -10 527.0 1.0 599.0 55.0 -1 -1 -1 -1000 -1000 -1000 -10 0.0002453327178955078
Car -1 -1 -10 722.0 2.0 798.0 56.0 -1 -1 -1 -1000 -1000 -1000 -10 0.00022685527801513672
Car -1 -1 -10 585.0 164.0 653.0 231.0 -1 -1 -1 -1000 -1000 -1000 -10 0.0002180337905883789
Car -1 -1 -10 559.0 1.0 630.0 55.0 -1 -1 -1 -1000 -1000 -1000 -10 0.00021517276763916016
Car -1 -1 -10 650.0 2.0 723.0 56.0 -1 -1 -1 -1000 -1000 -1000 -10 0.0002065896987915039
Car -1 -1 -10 554.0 136.0 712.0 273.0 -1 -1 -1 -1000 -1000 -1000 -10 0.00019693374633789062
Car -1 -1 -10 0.0 161.0 33.0 202.0 -1 -1 -1 -1000 -1000 -1000 -10 0.00017333030700683594
Car -1 -1 -10 579.0 2.0 651.0 55.0 -1 -1 -1 -1000 -1000 -1000 -10 0.0001728534698486328
Car -1 -1 -10 28.0 164.0 140.0 230.0 -1 -1 -1 -1000 -1000 -1000 -10 0.00017213821411132812
Car -1 -1 -10 671.0 2.0 745.0 55.0 -1 -1 -1 -1000 -1000 -1000 -10 0.0001672506332397461
Car -1 -1 -10 784.0 2.0 859.0 56.0 -1 -1 -1 -1000 -1000 -1000 -10 0.00015115737915039062
Car -1 -1 -10 630.0 2.0 703.0 55.0 -1 -1 -1 -1000 -1000 -1000 -10 0.00013756752014160156
Car -1 -1 -10 600.0 2.0 671.0 55.0 -1 -1 -1 -1000 -1000 -1000 -10 0.00013244152069091797
Car -1 -1 -10 805.0 2.0 878.0 56.0 -1 -1 -1 -1000 -1000 -1000 -10 0.00012958049774169922
