Car -1 -1 -10 471.0 181.0 537.0 200.0 -1 -1 -1 -1000 -1000 -1000 -10 0.923828125
Car -1 -1 -10 0.0 197.0 50.0 351.0 -1 -1 -1 -1000 -1000 -1000 -10 0.8466796875
Car -1 -1 -10 0.0 185.0 39.0 320.0 -1 -1 -1 -1000 -1000 -1000 -10 0.0037899017333984375
Car -1 -1 -10 0.0 231.0 41.0 365.0 -1 -1 -1 -1000 -1000 -1000 -10 0.002170562744140625
Car -1 -1 -10 0.0 201.0 28.0 334.0 -1 -1 -1 -1000 -1000 -1000 -10 0.0018091201782226562
Car -1 -1 -10 469.0 178.0 539.0 208.0 -1 -1 -1 -1000 -1000 -1000 -10 0.0007982254028320312
Car -1 -1 -10 0.0 190.0 82.0 357.0 -1 -1 -1 -1000 -1000 -1000 -10 0.0007953643798828125
Car -1 -1 -10 0.0 180.0 28.0 277.0 -1 -1 -1 -1000 -1000 -1000 -10 0.0005526542663574219
Car -1 -1 -10 0.0 222.0 22.0 361.0 -1 -1 -1 -1000 -1000 -1000 -10 0.0004754066467285156
Car -1 -1 -10 891.0 56.0 921.0 81.0 -1 -1 -1 -1000 -1000 -1000 -10 0.00020766258239746094
Car -1 -1 -10 3.0 192.0 57.0 302.0 -1 -1 -1 -1000 -1000 -1000 -10 0.00019931793212890625
Car -1 -1 -10 0.0 196.0 19.0 297.0 -1 -1 -1 -1000 -1000 -1000 -10 0.00017976760864257812
Car -1 -1 -10 2.0 202.0 67.0 375.0 -1 -1 -1 -1000 -1000 -1000 -10 0.00017392635345458984
Car -1 -1 -10 1.0 176.0 44.0 280.0 -1 -1 -1 -1000 -1000 -1000 -10 0.00015413761138916016
Car -1 -1 -10 0.0 182.0 15.0 269.0 -1 -1 -1 -1000 -1000 -1000 -10 0.00014543533325195312
Car -1 -1 -10 0.0 164.0 22.0 250.0 -1 -1 -1 -1000 -1000 -1000 -10 0.00014293193817138672
Car -1 -1 -10 0.0 237.0 47.0 303.0 -1 -1 -1 -1000 -1000 -1000 -10 0.000141143798828125
