Car -1 -1 -10 873.0 170.0 1223.0 283.0 -1 -1 -1 -1000 -1000 -1000 -10 0.962890625
Cyclist -1 -1 -10 657.0 166.0 695.0 256.0 -1 -1 -1 -1000 -1000 -1000 -10 0.931640625
Car -1 -1 -10 710.0 174.0 833.0 211.0 -1 -1 -1 -1000 -1000 -1000 -10 0.91552734375
Pedestrian -1 -1 -10 250.0 169.0 303.0 280.0 -1 -1 -1 -1000 -1000 -1000 -10 0.9091796875
Cyclist -1 -1 -10 554.0 172.0 571.0 208.0 -1 -1 -1 -1000 -1000 -1000 -10 0.89501953125
Pedestrian -1 -1 -10 703.0 165.0 722.0 226.0 -1 -1 -1 -1000 -1000 -1000 -10 0.89208984375
Cyclist -1 -1 -10 541.0 171.0 557.0 200.0 -1 -1 -1 -1000 -1000 -1000 -10 0.0012102127075195312
Cyclist -1 -1 -10 547.0 168.0 564.0 202.0 -1 -1 -1 -1000 -1000 -1000 -10 0.0007543563842773438
Pedestrian -1 -1 -10 212.0 163.0 327.0 283.0 -1 -1 -1 -1000 -1000 -1000 -10 0.0006527900695800781
Pedestrian -1 -1 -10 856.0 97.0 871.0 126.0 -1 -1 -1 -1000 -1000 -1000 -10 0.0006499290466308594
Pedestrian -1 -1 -10 671.0 168.0 696.0 233.0 -1 -1 -1 -1000 -1000 -1000 -10 0.00047779083251953125
Car -1 -1 -10 701.0 162.0 837.0 224.0 -1 -1 -1 -1000 -1000 -1000 -10 0.0004055500030517578
Car -1 -1 -10 0.0 194.0 30.0 363.0 -1 -1 -1 -1000 -1000 -1000 -10 0.0003657341003417969
Car -1 -1 -10 932.0 169.0 1210.0 248.0 -1 -1 -1 -1000 -1000 -1000 -10 0.00035190582275390625
Car -1 -1 -10 1.0 181.0 25.0 300.0 -1 -1 -1 -1000 -1000 -1000 -10 0.0002911090850830078
Cyclist -1 -1 -10 558.0 174.0 574.0 206.0 -1 -1 -1 -1000 -1000 -1000 -10 0.0002696514129638672
Car -1 -1 -10 236.0 76.0 266.0 103.0 -1 -1 -1 -1000 -1000 -1000 -10 0.0002605915069580078
Pedestrian -1 -1 -10 697.0 167.0 715.0 219.0 -1 -1 -1 -1000 -1000 -1000 -10 0.00024247169494628906
Car -1 -1 -10 1.0 154.0 23.0 249.0 -1 -1 -1 -1000 -1000 -1000 -10 0.00023543834686279297
Car -1 -1 -10 673.0 130.0 884.0 269.0 -1 -1 -1 -1000 -1000 -1000 -10 0.00022602081298828125
Pedestrian -1 -1 -10 685.0 167.0 701.0 215.0 -1 -1 -1 -1000 -1000 -1000 -10 0.0002187490463256836
Car -1 -1 -10 0.0 362.0 46.0 370.0 -1 -1 -1 -1000 -1000 -1000 -10 0.000213623046875
Car -1 -1 -10 747.0 178.0 793.0 203.0 -1 -1 -1 -1000 -1000 -1000 -10 0.00020432472229003906
Car -1 -1 -10 1204.0 174.0 1223.0 292.0 -1 -1 -1 -1000 -1000 -1000 -10 0.00018703937530517578
Car -1 -1 -10 1174.0 172.0 1223.0 256.0 -1 -1 -1 -1000 -1000 -1000 -10 0.0001360177993774414
Cyclist -1 -1 -10 603.0 144.0 748.0 285.0 -1 -1 -1 -1000 -1000 -1000 -10 0.0001354217529296875
Cyclist -1 -1 -10 688.0 166.0 759.0 222.0 -1 -1 -1 -1000 -1000 -1000 -10 0.00012636184692382812
Car -1 -1 -10 1.0 160.0 29.0 276.0 -1 -1 -1 -1000 -1000 -1000 -10 0.00011932849884033203
Car -1 -1 -10 1198.0 175.0 1224.0 255.0 -1 -1 -1 -1000 -1000 -1000 -10 0.0001163482666015625
