Car -1 -1 -10 584.0 175.0 623.0 214.0 -1 -1 -1 -1000 -1000 -1000 -10 0.9677734375
Car -1 -1 -10 387.0 180.0 498.0 260.0 -1 -1 -1 -1000 -1000 -1000 -10 0.96337890625
Car -1 -1 -10 158.0 174.0 235.0 214.0 -1 -1 -1 -1000 -1000 -1000 -10 0.9609375
Car -1 -1 -10 531.0 151.0 572.0 203.0 -1 -1 -1 -1000 -1000 -1000 -10 0.947265625
Car -1 -1 -10 407.0 178.0 429.0 193.0 -1 -1 -1 -1000 -1000 -1000 -10 0.8603515625
Car -1 -1 -10 433.0 177.0 454.0 190.0 -1 -1 -1 -1000 -1000 -1000 -10 0.0059356689453125
Car -1 -1 -10 546.0 164.0 576.0 200.0 -1 -1 -1 -1000 -1000 -1000 -10 0.00392913818359375
Car -1 -1 -10 562.0 176.0 580.0 195.0 -1 -1 -1 -1000 -1000 -1000 -10 0.0019044876098632812
Car -1 -1 -10 153.0 163.0 237.0 228.0 -1 -1 -1 -1000 -1000 -1000 -10 0.000850677490234375
Car -1 -1 -10 439.0 175.0 460.0 188.0 -1 -1 -1 -1000 -1000 -1000 -10 0.0007066726684570312
Car -1 -1 -10 442.0 176.0 463.0 191.0 -1 -1 -1 -1000 -1000 -1000 -10 0.00047850608825683594
Car -1 -1 -10 0.0 221.0 31.0 370.0 -1 -1 -1 -1000 -1000 -1000 -10 0.00034427642822265625
Car -1 -1 -10 423.0 176.0 453.0 193.0 -1 -1 -1 -1000 -1000 -1000 -10 0.0003230571746826172
Car -1 -1 -10 569.0 176.0 586.0 194.0 -1 -1 -1 -1000 -1000 -1000 -10 0.00032067298889160156
Car -1 -1 -10 124.0 130.0 292.0 273.0 -1 -1 -1 -1000 -1000 -1000 -10 0.00031495094299316406
Car -1 -1 -10 563.0 175.0 586.0 199.0 -1 -1 -1 -1000 -1000 -1000 -10 0.0002987384796142578
Car -1 -1 -10 576.0 165.0 630.0 227.0 -1 -1 -1 -1000 -1000 -1000 -10 0.0002543926239013672
Car -1 -1 -10 0.0 197.0 53.0 370.0 -1 -1 -1 -1000 -1000 -1000 -10 0.0002460479736328125
Car -1 -1 -10 515.0 132.0 685.0 275.0 -1 -1 -1 -1000 -1000 -1000 -10 0.00018537044525146484
Car -1 -1 -10 479.0 124.0 638.0 251.0 -1 -1 -1 -1000 -1000 -1000 -10 0.00017082691192626953
Car -1 -1 -10 405.0 173.0 433.0 201.0 -1 -1 -1 -1000 -1000 -1000 -10 0.00015425682067871094
Car -1 -1 -10 444.0 112.0 616.0 237.0 -1 -1 -1 -1000 -1000 -1000 -10 0.00014317035675048828
Car -1 -1 -10 0.0 186.0 23.0 346.0 -1 -1 -1 -1000 -1000 -1000 -10 0.0001316070556640625
Car -1 -1 -10 526.0 158.0 564.0 197.0 -1 -1 -1 -1000 -1000 -1000 -10 0.00011068582534790039
Car -1 -1 -10 400.0 176.0 435.0 215.0 -1 -1 -1 -1000 -1000 -1000 -10 0.00010198354721069336
Car -1 -1 -10 434.0 178.0 459.0 193.0 -1 -1 -1 -1000 -1000 -1000 -10 0.00010120868682861328
