Car -1 -1 -10 715.0 164.0 874.0 213.0 -1 -1 -1 -1000 -1000 -1000 -10 0.94140625
Cyclist -1 -1 -10 499.0 162.0 529.0 220.0 -1 -1 -1 -1000 -1000 -1000 -10 0.91943359375
Cyclist -1 -1 -10 637.0 160.0 671.0 245.0 -1 -1 -1 -1000 -1000 -1000 -10 0.91845703125
Pedestrian -1 -1 -10 706.0 151.0 727.0 228.0 -1 -1 -1 -1000 -1000 -1000 -10 0.85986328125
Car -1 -1 -10 1198.0 181.0 1224.0 366.0 -1 -1 -1 -1000 -1000 -1000 -10 0.486328125
Car -1 -1 -10 1203.0 201.0 1223.0 344.0 -1 -1 -1 -1000 -1000 -1000 -10 0.1220703125
Car -1 -1 -10 1191.0 210.0 1222.0 353.0 -1 -1 -1 -1000 -1000 -1000 -10 0.0181121826171875
Car -1 -1 -10 1174.0 174.0 1224.0 365.0 -1 -1 -1 -1000 -1000 -1000 -10 0.0035343170166015625
Pedestrian -1 -1 -10 685.0 162.0 701.0 210.0 -1 -1 -1 -1000 -1000 -1000 -10 0.0017642974853515625
Car -1 -1 -10 1202.0 238.0 1224.0 370.0 -1 -1 -1 -1000 -1000 -1000 -10 0.0017538070678710938
Car -1 -1 -10 1204.0 152.0 1224.0 283.0 -1 -1 -1 -1000 -1000 -1000 -10 0.0015039443969726562
Pedestrian -1 -1 -10 688.0 158.0 707.0 217.0 -1 -1 -1 -1000 -1000 -1000 -10 0.0014209747314453125
Car -1 -1 -10 1211.0 168.0 1224.0 293.0 -1 -1 -1 -1000 -1000 -1000 -10 0.00109100341796875
Car -1 -1 -10 778.0 167.0 814.0 204.0 -1 -1 -1 -1000 -1000 -1000 -10 0.0008296966552734375
Car -1 -1 -10 1189.0 262.0 1222.0 370.0 -1 -1 -1 -1000 -1000 -1000 -10 0.0005159378051757812
Car -1 -1 -10 1178.0 152.0 1224.0 282.0 -1 -1 -1 -1000 -1000 -1000 -10 0.00041294097900390625
Car -1 -1 -10 1197.0 149.0 1224.0 252.0 -1 -1 -1 -1000 -1000 -1000 -10 0.00037026405334472656
Car -1 -1 -10 1163.0 213.0 1214.0 369.0 -1 -1 -1 -1000 -1000 -1000 -10 0.00024509429931640625
Car -1 -1 -10 0.0 170.0 22.0 352.0 -1 -1 -1 -1000 -1000 -1000 -10 0.00020682811737060547
Car -1 -1 -10 683.0 130.0 908.0 262.0 -1 -1 -1 -1000 -1000 -1000 -10 0.00020551681518554688
Car -1 -1 -10 1189.0 169.0 1222.0 293.0 -1 -1 -1 -1000 -1000 -1000 -10 0.0001983642578125
Car -1 -1 -10 1206.0 147.0 1224.0 236.0 -1 -1 -1 -1000 -1000 -1000 -10 0.00016641616821289062
Car -1 -1 -10 1207.0 266.0 1224.0 366.0 -1 -1 -1 -1000 -1000 -1000 -10 0.00015115737915039062
Car -1 -1 -10 1205.0 238.0 1224.0 303.0 -1 -1 -1 -1000 -1000 -1000 -10 0.0001455545425415039
Car -1 -1 -10 1139.0 162.0 1224.0 247.0 -1 -1 -1 -1000 -1000 -1000 -10 0.00013840198516845703
Car -1 -1 -10 1198.0 278.0 1224.0 370.0 -1 -1 -1 -1000 -1000 -1000 -10 0.00012731552124023438
Pedestrian -1 -1 -10 711.0 156.0 744.0 223.0 -1 -1 -1 -1000 -1000 -1000 -10 0.0001170039176940918
Cyclist -1 -1 -10 643.0 163.0 666.0 217.0 -1 -1 -1 -1000 -1000 -1000 -10 0.0001157522201538086
Car -1 -1 -10 1183.0 151.0 1224.0 231.0 -1 -1 -1 -1000 -1000 -1000 -10 0.00011086463928222656
