Car -1 -1 -10 578.0 175.0 615.0 210.0 -1 -1 -1 -1000 -1000 -1000 -10 0.9423828125
Car -1 -1 -10 515.0 151.0 559.0 195.0 -1 -1 -1 -1000 -1000 -1000 -10 0.91845703125
Car -1 -1 -10 729.0 162.0 809.0 195.0 -1 -1 -1 -1000 -1000 -1000 -10 0.89794921875
Car -1 -1 -10 796.0 162.0 884.0 192.0 -1 -1 -1 -1000 -1000 -1000 -10 0.0255889892578125
Cyclist -1 -1 -10 293.0 178.0 312.0 205.0 -1 -1 -1 -1000 -1000 -1000 -10 0.01154327392578125
Car -1 -1 -10 765.0 158.0 867.0 191.0 -1 -1 -1 -1000 -1000 -1000 -10 0.002777099609375
Car -1 -1 -10 740.0 163.0 855.0 196.0 -1 -1 -1 -1000 -1000 -1000 -10 0.0013408660888671875
Car -1 -1 -10 778.0 169.0 889.0 199.0 -1 -1 -1 -1000 -1000 -1000 -10 0.0011491775512695312
Car -1 -1 -10 722.0 145.0 815.0 210.0 -1 -1 -1 -1000 -1000 -1000 -10 0.0008435249328613281
Car -1 -1 -10 745.0 164.0 795.0 189.0 -1 -1 -1 -1000 -1000 -1000 -10 0.0007686614990234375
Car -1 -1 -10 507.0 138.0 562.0 203.0 -1 -1 -1 -1000 -1000 -1000 -10 0.000522613525390625
Car -1 -1 -10 589.0 170.0 618.0 199.0 -1 -1 -1 -1000 -1000 -1000 -10 0.00034999847412109375
Car -1 -1 -10 677.0 103.0 858.0 244.0 -1 -1 -1 -1000 -1000 -1000 -10 0.00031447410583496094
Pedestrian -1 -1 -10 822.0 0.0 877.0 1.0 -1 -1 -1 -1000 -1000 -1000 -10 0.0003108978271484375
Cyclist -1 -1 -10 285.0 178.0 311.0 210.0 -1 -1 -1 -1000 -1000 -1000 -10 0.0002644062042236328
Car -1 -1 -10 444.0 103.0 602.0 237.0 -1 -1 -1 -1000 -1000 -1000 -10 0.0002605915069580078
Pedestrian -1 -1 -10 807.0 0.0 860.0 1.0 -1 -1 -1 -1000 -1000 -1000 -10 0.0002579689025878906
Car -1 -1 -10 502.0 156.0 539.0 192.0 -1 -1 -1 -1000 -1000 -1000 -10 0.0002315044403076172
Pedestrian -1 -1 -10 849.0 0.0 908.0 3.0 -1 -1 -1 -1000 -1000 -1000 -10 0.0001926422119140625
Car -1 -1 -10 497.0 158.0 528.0 191.0 -1 -1 -1 -1000 -1000 -1000 -10 0.00015628337860107422
Car -1 -1 -10 605.0 0.0 684.0 54.0 -1 -1 -1 -1000 -1000 -1000 -10 0.00014281272888183594
Car -1 -1 -10 648.0 159.0 706.0 187.0 -1 -1 -1 -1000 -1000 -1000 -10 0.00013267993927001953
Cyclist -1 -1 -10 1217.0 151.0 1242.0 366.0 -1 -1 -1 -1000 -1000 -1000 -10 0.00012767314910888672
Pedestrian -1 -1 -10 877.0 0.0 939.0 4.0 -1 -1 -1 -1000 -1000 -1000 -10 0.00011628866195678711
Pedestrian -1 -1 -10 825.0 0.0 857.0 0.0 -1 -1 -1 -1000 -1000 -1000 -10 0.00011211633682250977
Car -1 -1 -10 798.0 154.0 903.0 186.0 -1 -1 -1 -1000 -1000 -1000 -10 0.00010859966278076172
