Car -1 -1 -10 594.0 179.0 619.0 205.0 -1 -1 -1 -1000 -1000 -1000 -10 0.94580078125
Car -1 -1 -10 551.0 185.0 576.0 204.0 -1 -1 -1 -1000 -1000 -1000 -10 0.9306640625
Car -1 -1 -10 0.0 227.0 22.0 373.0 -1 -1 -1 -1000 -1000 -1000 -10 0.00165557861328125
Car -1 -1 -10 551.0 179.0 579.0 209.0 -1 -1 -1 -1000 -1000 -1000 -10 0.0006151199340820312
Car -1 -1 -10 0.0 180.0 36.0 375.0 -1 -1 -1 -1000 -1000 -1000 -10 0.0003819465637207031
Car -1 -1 -10 0.0 162.0 25.0 369.0 -1 -1 -1 -1000 -1000 -1000 -10 0.0003733634948730469
Car -1 -1 -10 0.0 253.0 17.0 375.0 -1 -1 -1 -1000 -1000 -1000 -10 0.0002605915069580078
Car -1 -1 -10 487.0 0.0 546.0 54.0 -1 -1 -1 -1000 -1000 -1000 -10 0.00022590160369873047
Car -1 -1 -10 0.0 254.0 39.0 375.0 -1 -1 -1 -1000 -1000 -1000 -10 0.00020122528076171875
Car -1 -1 -10 0.0 223.0 15.0 347.0 -1 -1 -1 -1000 -1000 -1000 -10 0.0001556873321533203
Car -1 -1 -10 545.0 183.0 570.0 203.0 -1 -1 -1 -1000 -1000 -1000 -10 0.00010520219802856445
