Car -1 -1 -10 574.0 170.0 627.0 222.0 -1 -1 -1 -1000 -1000 -1000 -10 0.96142578125
Car -1 -1 -10 145.0 173.0 224.0 207.0 -1 -1 -1 -1000 -1000 -1000 -10 0.9521484375
Car -1 -1 -10 0.0 152.0 75.0 210.0 -1 -1 -1 -1000 -1000 -1000 -10 0.9482421875
Car -1 -1 -10 74.0 179.0 172.0 213.0 -1 -1 -1 -1000 -1000 -1000 -10 0.9453125
Car -1 -1 -10 361.0 172.0 389.0 189.0 -1 -1 -1 -1000 -1000 -1000 -10 0.9228515625
Car -1 -1 -10 179.0 166.0 232.0 195.0 -1 -1 -1 -1000 -1000 -1000 -10 0.90771484375
Car -1 -1 -10 382.0 170.0 411.0 187.0 -1 -1 -1 -1000 -1000 -1000 -10 0.77587890625
Cyclist -1 -1 -10 695.0 176.0 703.0 193.0 -1 -1 -1 -1000 -1000 -1000 -10 0.022918701171875
Car -1 -1 -10 389.0 169.0 418.0 186.0 -1 -1 -1 -1000 -1000 -1000 -10 0.00931549072265625
Cyclist -1 -1 -10 693.0 176.0 701.0 193.0 -1 -1 -1 -1000 -1000 -1000 -10 0.003223419189453125
Car -1 -1 -10 169.0 171.0 219.0 198.0 -1 -1 -1 -1000 -1000 -1000 -10 0.00240325927734375
Car -1 -1 -10 370.0 167.0 400.0 185.0 -1 -1 -1 -1000 -1000 -1000 -10 0.0019931793212890625
Pedestrian -1 -1 -10 76.0 168.0 111.0 201.0 -1 -1 -1 -1000 -1000 -1000 -10 0.0012483596801757812
Car -1 -1 -10 64.0 165.0 176.0 228.0 -1 -1 -1 -1000 -1000 -1000 -10 0.0007882118225097656
Car -1 -1 -10 0.0 163.0 17.0 214.0 -1 -1 -1 -1000 -1000 -1000 -10 0.000713348388671875
Car -1 -1 -10 94.0 182.0 143.0 205.0 -1 -1 -1 -1000 -1000 -1000 -10 0.0006527900695800781
Car -1 -1 -10 138.0 161.0 231.0 224.0 -1 -1 -1 -1000 -1000 -1000 -10 0.0005540847778320312
Car -1 -1 -10 0.0 171.0 11.0 221.0 -1 -1 -1 -1000 -1000 -1000 -10 0.0005068778991699219
Car -1 -1 -10 11.0 159.0 96.0 213.0 -1 -1 -1 -1000 -1000 -1000 -10 0.000461578369140625
Cyclist -1 -1 -10 696.0 178.0 705.0 196.0 -1 -1 -1 -1000 -1000 -1000 -10 0.00039768218994140625
Car -1 -1 -10 0.0 120.0 123.0 236.0 -1 -1 -1 -1000 -1000 -1000 -10 0.00036263465881347656
Car -1 -1 -10 0.0 162.0 10.0 208.0 -1 -1 -1 -1000 -1000 -1000 -10 0.00031113624572753906
Car -1 -1 -10 514.0 134.0 686.0 272.0 -1 -1 -1 -1000 -1000 -1000 -10 0.0002956390380859375
Car -1 -1 -10 157.0 176.0 208.0 203.0 -1 -1 -1 -1000 -1000 -1000 -10 0.00029397010803222656
Car -1 -1 -10 1217.0 233.0 1241.0 362.0 -1 -1 -1 -1000 -1000 -1000 -10 0.0002846717834472656
Car -1 -1 -10 358.0 168.0 392.0 199.0 -1 -1 -1 -1000 -1000 -1000 -10 0.0002663135528564453
Car -1 -1 -10 21.0 131.0 206.0 276.0 -1 -1 -1 -1000 -1000 -1000 -10 0.0002570152282714844
Car -1 -1 -10 0.0 180.0 13.0 236.0 -1 -1 -1 -1000 -1000 -1000 -10 0.0002465248107910156
Car -1 -1 -10 0.0 224.0 26.0 370.0 -1 -1 -1 -1000 -1000 -1000 -10 0.00022804737091064453
Cyclist -1 -1 -10 693.0 173.0 706.0 196.0 -1 -1 -1 -1000 -1000 -1000 -10 0.00022411346435546875
Car -1 -1 -10 1193.0 235.0 1242.0 360.0 -1 -1 -1 -1000 -1000 -1000 -10 0.00020182132720947266
Pedestrian -1 -1 -10 145.0 167.0 182.0 198.0 -1 -1 -1 -1000 -1000 -1000 -10 0.00018906593322753906
Car -1 -1 -10 0.0 217.0 52.0 371.0 -1 -1 -1 -1000 -1000 -1000 -10 0.00017690658569335938
Car -1 -1 -10 382.0 166.0 414.0 194.0 -1 -1 -1 -1000 -1000 -1000 -10 0.00016570091247558594
Car -1 -1 -10 88.0 129.0 279.0 275.0 -1 -1 -1 -1000 -1000 -1000 -10 0.0001633167266845703
Car -1 -1 -10 150.0 167.0 192.0 194.0 -1 -1 -1 -1000 -1000 -1000 -10 0.0001443624496459961
Pedestrian -1 -1 -10 74.0 167.0 98.0 202.0 -1 -1 -1 -1000 -1000 -1000 -10 0.0001099705696105957
Car -1 -1 -10 0.0 155.0 26.0 207.0 -1 -1 -1 -1000 -1000 -1000 -10 0.00010573863983154297
Car -1 -1 -10 170.0 149.0 251.0 214.0 -1 -1 -1 -1000 -1000 -1000 -10 0.00010275840759277344
