Car -1 -1 -10 535.0 169.0 566.0 192.0 -1 -1 -1 -1000 -1000 -1000 -10 0.92626953125
Car -1 -1 -10 840.0 145.0 942.0 179.0 -1 -1 -1 -1000 -1000 -1000 -10 0.92529296875
Cyclist -1 -1 -10 603.0 165.0 628.0 189.0 -1 -1 -1 -1000 -1000 -1000 -10 0.826171875
Pedestrian -1 -1 -10 462.0 170.0 474.0 196.0 -1 -1 -1 -1000 -1000 -1000 -10 0.74951171875
Pedestrian -1 -1 -10 603.0 166.0 626.0 189.0 -1 -1 -1 -1000 -1000 -1000 -10 0.399169921875
Pedestrian -1 -1 -10 598.0 166.0 612.0 188.0 -1 -1 -1 -1000 -1000 -1000 -10 0.197509765625
Pedestrian -1 -1 -10 595.0 165.0 608.0 187.0 -1 -1 -1 -1000 -1000 -1000 -10 0.04022216796875
Cyclist -1 -1 -10 597.0 166.0 620.0 188.0 -1 -1 -1 -1000 -1000 -1000 -10 0.0252227783203125
Pedestrian -1 -1 -10 582.0 167.0 597.0 189.0 -1 -1 -1 -1000 -1000 -1000 -10 0.0160369873046875
Cyclist -1 -1 -10 560.0 167.0 582.0 189.0 -1 -1 -1 -1000 -1000 -1000 -10 0.013702392578125
Pedestrian -1 -1 -10 561.0 168.0 582.0 189.0 -1 -1 -1 -1000 -1000 -1000 -10 0.013458251953125
Pedestrian -1 -1 -10 464.0 167.0 477.0 192.0 -1 -1 -1 -1000 -1000 -1000 -10 0.01013946533203125
Pedestrian -1 -1 -10 557.0 167.0 575.0 188.0 -1 -1 -1 -1000 -1000 -1000 -10 0.004940032958984375
Cyclist -1 -1 -10 408.0 175.0 432.0 205.0 -1 -1 -1 -1000 -1000 -1000 -10 0.004024505615234375
Cyclist -1 -1 -10 555.0 166.0 575.0 189.0 -1 -1 -1 -1000 -1000 -1000 -10 0.0026378631591796875
Pedestrian -1 -1 -10 568.0 167.0 587.0 189.0 -1 -1 -1 -1000 -1000 -1000 -10 0.002407073974609375
Pedestrian -1 -1 -10 467.0 170.0 482.0 194.0 -1 -1 -1 -1000 -1000 -1000 -10 0.0017490386962890625
Cyclist -1 -1 -10 597.0 162.0 613.0 186.0 -1 -1 -1 -1000 -1000 -1000 -10 0.0014886856079101562
Cyclist -1 -1 -10 608.0 164.0 629.0 185.0 -1 -1 -1 -1000 -1000 -1000 -10 0.0013189315795898438
Pedestrian -1 -1 -10 601.0 169.0 619.0 191.0 -1 -1 -1 -1000 -1000 -1000 -10 0.0010900497436523438
Pedestrian -1 -1 -10 568.0 170.0 582.0 192.0 -1 -1 -1 -1000 -1000 -1000 -10 0.0009522438049316406
Cyclist -1 -1 -10 565.0 168.0 591.0 188.0 -1 -1 -1 -1000 -1000 -1000 -10 0.0007357597351074219
Car -1 -1 -10 864.0 147.0 911.0 171.0 -1 -1 -1 -1000 -1000 -1000 -10 0.0007066726684570312
Cyclist -1 -1 -10 566.0 170.0 583.0 192.0 -1 -1 -1 -1000 -1000 -1000 -10 0.0006594657897949219
Pedestrian -1 -1 -10 460.0 170.0 481.0 196.0 -1 -1 -1 -1000 -1000 -1000 -10 0.0005254745483398438
Car -1 -1 -10 834.0 130.0 952.0 192.0 -1 -1 -1 -1000 -1000 -1000 -10 0.0005168914794921875
Pedestrian -1 -1 -10 595.0 169.0 605.0 192.0 -1 -1 -1 -1000 -1000 -1000 -10 0.0004863739013671875
Pedestrian -1 -1 -10 457.0 173.0 469.0 193.0 -1 -1 -1 -1000 -1000 -1000 -10 0.00043702125549316406
Car -1 -1 -10 0.0 189.0 16.0 240.0 -1 -1 -1 -1000 -1000 -1000 -10 0.00042510032653808594
Pedestrian -1 -1 -10 582.0 170.0 593.0 193.0 -1 -1 -1 -1000 -1000 -1000 -10 0.0003693103790283203
Car -1 -1 -10 808.0 91.0 990.0 233.0 -1 -1 -1 -1000 -1000 -1000 -10 0.0002689361572265625
Car -1 -1 -10 0.0 195.0 11.0 238.0 -1 -1 -1 -1000 -1000 -1000 -10 0.000225067138671875
Pedestrian -1 -1 -10 508.0 203.0 708.0 359.0 -1 -1 -1 -1000 -1000 -1000 -10 0.00021517276763916016
Pedestrian -1 -1 -10 457.0 168.0 476.0 201.0 -1 -1 -1 -1000 -1000 -1000 -10 0.00017642974853515625
Pedestrian -1 -1 -10 731.0 0.0 811.0 44.0 -1 -1 -1 -1000 -1000 -1000 -10 0.00016868114471435547
Car -1 -1 -10 1195.0 168.0 1224.0 370.0 -1 -1 -1 -1000 -1000 -1000 -10 0.0001571178436279297
Car -1 -1 -10 530.0 170.0 556.0 188.0 -1 -1 -1 -1000 -1000 -1000 -10 0.00015079975128173828
Cyclist -1 -1 -10 616.0 165.0 637.0 191.0 -1 -1 -1 -1000 -1000 -1000 -10 0.00014674663543701172
Pedestrian -1 -1 -10 45.0 81.0 72.0 110.0 -1 -1 -1 -1000 -1000 -1000 -10 0.0001399517059326172
Car -1 -1 -10 293.0 99.0 318.0 119.0 -1 -1 -1 -1000 -1000 -1000 -10 0.00011754035949707031
Car -1 -1 -10 0.0 190.0 18.0 329.0 -1 -1 -1 -1000 -1000 -1000 -10 0.00011688470840454102
Pedestrian -1 -1 -10 504.0 170.0 520.0 190.0 -1 -1 -1 -1000 -1000 -1000 -10 0.00010675191879272461
Car -1 -1 -10 298.0 100.0 314.0 118.0 -1 -1 -1 -1000 -1000 -1000 -10 0.00010442733764648438
Pedestrian -1 -1 -10 519.0 170.0 538.0 189.0 -1 -1 -1 -1000 -1000 -1000 -10 0.00010329484939575195
Car -1 -1 -10 1201.0 214.0 1224.0 370.0 -1 -1 -1 -1000 -1000 -1000 -10 0.00010162591934204102
