Car -1 -1 -10 861.0 0.0 1240.0 356.0 -1 -1 -1 -1000 -1000 -1000 -10 0.96533203125
Car -1 -1 -10 577.0 177.0 637.0 235.0 -1 -1 -1 -1000 -1000 -1000 -10 0.9609375
Car -1 -1 -10 745.0 67.0 978.0 249.0 -1 -1 -1 -1000 -1000 -1000 -10 0.9599609375
Car -1 -1 -10 798.0 74.0 922.0 237.0 -1 -1 -1 -1000 -1000 -1000 -10 0.0017614364624023438
Car -1 -1 -10 1047.0 3.0 1241.0 358.0 -1 -1 -1 -1000 -1000 -1000 -10 0.0005407333374023438
Car -1 -1 -10 1188.0 27.0 1242.0 321.0 -1 -1 -1 -1000 -1000 -1000 -10 0.0004432201385498047
Car -1 -1 -10 0.0 182.0 21.0 339.0 -1 -1 -1 -1000 -1000 -1000 -10 0.0004429817199707031
Car -1 -1 -10 1215.0 182.0 1242.0 375.0 -1 -1 -1 -1000 -1000 -1000 -10 0.00037789344787597656
Car -1 -1 -10 0.0 226.0 23.0 368.0 -1 -1 -1 -1000 -1000 -1000 -10 0.0002970695495605469
Car -1 -1 -10 550.0 143.0 695.0 274.0 -1 -1 -1 -1000 -1000 -1000 -10 0.0002944469451904297
Car -1 -1 -10 1210.0 56.0 1242.0 335.0 -1 -1 -1 -1000 -1000 -1000 -10 0.0002715587615966797
Car -1 -1 -10 0.0 146.0 19.0 302.0 -1 -1 -1 -1000 -1000 -1000 -10 0.00022304058074951172
Car -1 -1 -10 1191.0 128.0 1242.0 367.0 -1 -1 -1 -1000 -1000 -1000 -10 0.00021338462829589844
Car -1 -1 -10 0.0 183.0 15.0 302.0 -1 -1 -1 -1000 -1000 -1000 -10 0.00019073486328125
Car -1 -1 -10 1114.0 8.0 1236.0 346.0 -1 -1 -1 -1000 -1000 -1000 -10 0.00016510486602783203
Car -1 -1 -10 1217.0 68.0 1242.0 282.0 -1 -1 -1 -1000 -1000 -1000 -10 0.00016033649444580078
Car -1 -1 -10 1193.0 227.0 1242.0 369.0 -1 -1 -1 -1000 -1000 -1000 -10 0.00012826919555664062
Car -1 -1 -10 0.0 214.0 15.0 333.0 -1 -1 -1 -1000 -1000 -1000 -10 0.0001220703125
Car -1 -1 -10 0.0 192.0 40.0 375.0 -1 -1 -1 -1000 -1000 -1000 -10 0.00010991096496582031
