Car -1 -1 -10 1074.0 236.0 1241.0 373.0 -1 -1 -1 -1000 -1000 -1000 -10 0.935546875
Pedestrian -1 -1 -10 752.0 164.0 771.0 214.0 -1 -1 -1 -1000 -1000 -1000 -10 0.89990234375
Pedestrian -1 -1 -10 772.0 167.0 789.0 213.0 -1 -1 -1 -1000 -1000 -1000 -10 0.87890625
Pedestrian -1 -1 -10 762.0 165.0 792.0 213.0 -1 -1 -1 -1000 -1000 -1000 -10 0.09295654296875
Pedestrian -1 -1 -10 759.0 166.0 779.0 212.0 -1 -1 -1 -1000 -1000 -1000 -10 0.02099609375
Pedestrian -1 -1 -10 782.0 167.0 795.0 209.0 -1 -1 -1 -1000 -1000 -1000 -10 0.000957489013671875
Car -1 -1 -10 1109.0 238.0 1238.0 338.0 -1 -1 -1 -1000 -1000 -1000 -10 0.0006852149963378906
Car -1 -1 -10 1219.0 241.0 1242.0 363.0 -1 -1 -1 -1000 -1000 -1000 -10 0.0002923011779785156
Pedestrian -1 -1 -10 0.0 172.0 18.0 353.0 -1 -1 -1 -1000 -1000 -1000 -10 0.0002205371856689453
Car -1 -1 -10 1188.0 241.0 1242.0 363.0 -1 -1 -1 -1000 -1000 -1000 -10 0.00020205974578857422
Car -1 -1 -10 744.0 0.0 802.0 44.0 -1 -1 -1 -1000 -1000 -1000 -10 0.0001176595687866211
Car -1 -1 -10 1150.0 227.0 1239.0 370.0 -1 -1 -1 -1000 -1000 -1000 -10 0.00010538101196289062
Pedestrian -1 -1 -10 262.0 0.0 313.0 47.0 -1 -1 -1 -1000 -1000 -1000 -10 0.00010418891906738281
