Car -1 -1 -10 713.0 155.0 1007.0 276.0 -1 -1 -1 -1000 -1000 -1000 -10 0.9541015625
Car -1 -1 -10 559.0 89.0 974.0 228.0 -1 -1 -1 -1000 -1000 -1000 -10 0.94482421875
Pedestrian -1 -1 -10 536.0 177.0 625.0 355.0 -1 -1 -1 -1000 -1000 -1000 -10 0.93115234375
Pedestrian -1 -1 -10 771.0 177.0 859.0 373.0 -1 -1 -1 -1000 -1000 -1000 -10 0.89404296875
Pedestrian -1 -1 -10 769.0 153.0 843.0 330.0 -1 -1 -1 -1000 -1000 -1000 -10 0.3544921875
Pedestrian -1 -1 -10 754.0 161.0 866.0 298.0 -1 -1 -1 -1000 -1000 -1000 -10 0.1478271484375
Pedestrian -1 -1 -10 0.0 169.0 57.0 371.0 -1 -1 -1 -1000 -1000 -1000 -10 0.036956787109375
Pedestrian -1 -1 -10 0.0 163.0 29.0 371.0 -1 -1 -1 -1000 -1000 -1000 -10 0.018402099609375
Pedestrian -1 -1 -10 713.0 155.0 909.0 305.0 -1 -1 -1 -1000 -1000 -1000 -10 0.0170135498046875
Pedestrian -1 -1 -10 769.0 158.0 823.0 298.0 -1 -1 -1 -1000 -1000 -1000 -10 0.0122222900390625
Pedestrian -1 -1 -10 1.0 157.0 44.0 335.0 -1 -1 -1 -1000 -1000 -1000 -10 0.0025424957275390625
Pedestrian -1 -1 -10 627.0 92.0 946.0 255.0 -1 -1 -1 -1000 -1000 -1000 -10 0.00246429443359375
Pedestrian -1 -1 -10 0.0 180.0 32.0 309.0 -1 -1 -1 -1000 -1000 -1000 -10 0.001628875732421875
Car -1 -1 -10 1187.0 110.0 1238.0 326.0 -1 -1 -1 -1000 -1000 -1000 -10 0.0013074874877929688
Car -1 -1 -10 719.0 153.0 924.0 259.0 -1 -1 -1 -1000 -1000 -1000 -10 0.0012750625610351562
Pedestrian -1 -1 -10 0.0 185.0 16.0 310.0 -1 -1 -1 -1000 -1000 -1000 -10 0.001041412353515625
Pedestrian -1 -1 -10 1214.0 159.0 1238.0 359.0 -1 -1 -1 -1000 -1000 -1000 -10 0.0009655952453613281
Pedestrian -1 -1 -10 775.0 183.0 854.0 297.0 -1 -1 -1 -1000 -1000 -1000 -10 0.00091552734375
Car -1 -1 -10 944.0 99.0 1195.0 211.0 -1 -1 -1 -1000 -1000 -1000 -10 0.0008449554443359375
Pedestrian -1 -1 -10 802.0 167.0 852.0 295.0 -1 -1 -1 -1000 -1000 -1000 -10 0.0007433891296386719
Pedestrian -1 -1 -10 745.0 161.0 834.0 282.0 -1 -1 -1 -1000 -1000 -1000 -10 0.0007352828979492188
Pedestrian -1 -1 -10 0.0 160.0 119.0 374.0 -1 -1 -1 -1000 -1000 -1000 -10 0.0007004737854003906
Car -1 -1 -10 1207.0 109.0 1238.0 335.0 -1 -1 -1 -1000 -1000 -1000 -10 0.0006394386291503906
Car -1 -1 -10 775.0 159.0 909.0 267.0 -1 -1 -1 -1000 -1000 -1000 -10 0.0005345344543457031
Pedestrian -1 -1 -10 783.0 167.0 879.0 273.0 -1 -1 -1 -1000 -1000 -1000 -10 0.0004875659942626953
Pedestrian -1 -1 -10 1186.0 126.0 1238.0 367.0 -1 -1 -1 -1000 -1000 -1000 -10 0.00048065185546875
Car -1 -1 -10 811.0 165.0 925.0 256.0 -1 -1 -1 -1000 -1000 -1000 -10 0.00038504600524902344
Pedestrian -1 -1 -10 756.0 145.0 823.0 363.0 -1 -1 -1 -1000 -1000 -1000 -10 0.0003466606140136719
Pedestrian -1 -1 -10 773.0 209.0 843.0 353.0 -1 -1 -1 -1000 -1000 -1000 -10 0.00034499168395996094
Pedestrian -1 -1 -10 1.0 132.0 70.0 321.0 -1 -1 -1 -1000 -1000 -1000 -10 0.0003437995910644531
Pedestrian -1 -1 -10 769.0 192.0 825.0 332.0 -1 -1 -1 -1000 -1000 -1000 -10 0.0003437995910644531
Car -1 -1 -10 1144.0 115.0 1238.0 312.0 -1 -1 -1 -1000 -1000 -1000 -10 0.0003306865692138672
Car -1 -1 -10 1059.0 123.0 1238.0 292.0 -1 -1 -1 -1000 -1000 -1000 -10 0.000213623046875
Pedestrian -1 -1 -10 0.0 129.0 25.0 287.0 -1 -1 -1 -1000 -1000 -1000 -10 0.00018918514251708984
Car -1 -1 -10 686.0 99.0 975.0 208.0 -1 -1 -1 -1000 -1000 -1000 -10 0.00017642974853515625
Pedestrian -1 -1 -10 1222.0 187.0 1237.0 304.0 -1 -1 -1 -1000 -1000 -1000 -10 0.00017142295837402344
Pedestrian -1 -1 -10 1.0 162.0 32.0 271.0 -1 -1 -1 -1000 -1000 -1000 -10 0.0001666545867919922
Pedestrian -1 -1 -10 1133.0 135.0 1237.0 369.0 -1 -1 -1 -1000 -1000 -1000 -10 0.0001550912857055664
Pedestrian -1 -1 -10 1.0 155.0 16.0 276.0 -1 -1 -1 -1000 -1000 -1000 -10 0.00012218952178955078
Pedestrian -1 -1 -10 1.0 192.0 61.0 319.0 -1 -1 -1 -1000 -1000 -1000 -10 0.00011986494064331055
Pedestrian -1 -1 -10 1100.0 130.0 1238.0 311.0 -1 -1 -1 -1000 -1000 -1000 -10 0.00010210275650024414
