Car -1 -1 -10 261.0 174.0 390.0 231.0 -1 -1 -1 -1000 -1000 -1000 -10 0.95068359375
Car -1 -1 -10 688.0 163.0 741.0 202.0 -1 -1 -1 -1000 -1000 -1000 -10 0.9345703125
Car -1 -1 -10 541.0 175.0 573.0 205.0 -1 -1 -1 -1000 -1000 -1000 -10 0.9189453125
Car -1 -1 -10 1211.0 190.0 1242.0 372.0 -1 -1 -1 -1000 -1000 -1000 -10 0.0016984939575195312
Car -1 -1 -10 1190.0 192.0 1242.0 374.0 -1 -1 -1 -1000 -1000 -1000 -10 0.0011281967163085938
Car -1 -1 -10 683.0 155.0 749.0 216.0 -1 -1 -1 -1000 -1000 -1000 -10 0.0008459091186523438
Car -1 -1 -10 0.0 228.0 25.0 371.0 -1 -1 -1 -1000 -1000 -1000 -10 0.0006899833679199219
Car -1 -1 -10 1155.0 204.0 1242.0 372.0 -1 -1 -1 -1000 -1000 -1000 -10 0.0006775856018066406
Car -1 -1 -10 234.0 137.0 426.0 272.0 -1 -1 -1 -1000 -1000 -1000 -10 0.0005331039428710938
Pedestrian -1 -1 -10 526.0 0.0 559.0 11.0 -1 -1 -1 -1000 -1000 -1000 -10 0.00051116943359375
Car -1 -1 -10 616.0 116.0 779.0 236.0 -1 -1 -1 -1000 -1000 -1000 -10 0.0003829002380371094
Car -1 -1 -10 635.0 130.0 808.0 264.0 -1 -1 -1 -1000 -1000 -1000 -10 0.0002853870391845703
Car -1 -1 -10 1216.0 152.0 1242.0 339.0 -1 -1 -1 -1000 -1000 -1000 -10 0.00023233890533447266
Car -1 -1 -10 302.0 179.0 349.0 223.0 -1 -1 -1 -1000 -1000 -1000 -10 0.00021505355834960938
Car -1 -1 -10 0.0 203.0 45.0 373.0 -1 -1 -1 -1000 -1000 -1000 -10 0.0001989603042602539
Car -1 -1 -10 1091.0 199.0 1242.0 374.0 -1 -1 -1 -1000 -1000 -1000 -10 0.00018906593322753906
Pedestrian -1 -1 -10 536.0 0.0 563.0 5.0 -1 -1 -1 -1000 -1000 -1000 -10 0.0001302957534790039
Car -1 -1 -10 1201.0 132.0 1242.0 354.0 -1 -1 -1 -1000 -1000 -1000 -10 0.00011527538299560547
Pedestrian -1 -1 -10 518.0 0.0 550.0 8.0 -1 -1 -1 -1000 -1000 -1000 -10 0.00010502338409423828
