Car -1 -1 -10 203.0 198.0 389.0 304.0 -1 -1 -1 -1000 -1000 -1000 -10 0.96142578125
Car -1 -1 -10 1.0 161.0 159.0 371.0 -1 -1 -1 -1000 -1000 -1000 -10 0.955078125
Car -1 -1 -10 357.0 186.0 452.0 248.0 -1 -1 -1 -1000 -1000 -1000 -10 0.953125
Car -1 -1 -10 1141.0 115.0 1242.0 342.0 -1 -1 -1 -1000 -1000 -1000 -10 0.921875
Car -1 -1 -10 1212.0 103.0 1242.0 286.0 -1 -1 -1 -1000 -1000 -1000 -10 0.001392364501953125
Car -1 -1 -10 341.0 162.0 484.0 268.0 -1 -1 -1 -1000 -1000 -1000 -10 0.0009412765502929688
Car -1 -1 -10 1224.0 113.0 1242.0 235.0 -1 -1 -1 -1000 -1000 -1000 -10 0.0007882118225097656
Car -1 -1 -10 1215.0 94.0 1241.0 230.0 -1 -1 -1 -1000 -1000 -1000 -10 0.00031280517578125
Car -1 -1 -10 1225.0 88.0 1242.0 194.0 -1 -1 -1 -1000 -1000 -1000 -10 0.0002875328063964844
Car -1 -1 -10 1191.0 104.0 1242.0 264.0 -1 -1 -1 -1000 -1000 -1000 -10 0.00028705596923828125
Car -1 -1 -10 1146.0 192.0 1239.0 340.0 -1 -1 -1 -1000 -1000 -1000 -10 0.00022804737091064453
Car -1 -1 -10 826.0 107.0 867.0 147.0 -1 -1 -1 -1000 -1000 -1000 -10 0.0001888275146484375
Car -1 -1 -10 375.0 187.0 424.0 241.0 -1 -1 -1 -1000 -1000 -1000 -10 0.0001823902130126953
Car -1 -1 -10 1200.0 110.0 1239.0 326.0 -1 -1 -1 -1000 -1000 -1000 -10 0.0001575946807861328
Car -1 -1 -10 1167.0 231.0 1242.0 354.0 -1 -1 -1 -1000 -1000 -1000 -10 0.0001455545425415039
Car -1 -1 -10 1210.0 240.0 1242.0 375.0 -1 -1 -1 -1000 -1000 -1000 -10 0.00012552738189697266
Car -1 -1 -10 1168.0 92.0 1242.0 301.0 -1 -1 -1 -1000 -1000 -1000 -10 0.0001214742660522461
