Car -1 -1 -10 190.0 187.0 436.0 341.0 -1 -1 -1 -1000 -1000 -1000 -10 0.96630859375
Car -1 -1 -10 0.0 224.0 217.0 372.0 -1 -1 -1 -1000 -1000 -1000 -10 0.96240234375
Car -1 -1 -10 405.0 189.0 513.0 265.0 -1 -1 -1 -1000 -1000 -1000 -10 0.95654296875
Car -1 -1 -10 903.0 156.0 1242.0 317.0 -1 -1 -1 -1000 -1000 -1000 -10 0.95556640625
Car -1 -1 -10 461.0 182.0 539.0 241.0 -1 -1 -1 -1000 -1000 -1000 -10 0.94677734375
Car -1 -1 -10 681.0 175.0 746.0 237.0 -1 -1 -1 -1000 -1000 -1000 -10 0.94091796875
Car -1 -1 -10 855.0 159.0 1142.0 251.0 -1 -1 -1 -1000 -1000 -1000 -10 0.93505859375
Car -1 -1 -10 740.0 170.0 815.0 214.0 -1 -1 -1 -1000 -1000 -1000 -10 0.92724609375
Car -1 -1 -10 340.0 175.0 396.0 194.0 -1 -1 -1 -1000 -1000 -1000 -10 0.91650390625
Car -1 -1 -10 695.0 177.0 771.0 223.0 -1 -1 -1 -1000 -1000 -1000 -10 0.86865234375
Car -1 -1 -10 506.0 177.0 558.0 216.0 -1 -1 -1 -1000 -1000 -1000 -10 0.81005859375
Car -1 -1 -10 698.0 174.0 809.0 221.0 -1 -1 -1 -1000 -1000 -1000 -10 0.56591796875
Car -1 -1 -10 507.0 175.0 554.0 201.0 -1 -1 -1 -1000 -1000 -1000 -10 0.2286376953125
Car -1 -1 -10 519.0 178.0 565.0 213.0 -1 -1 -1 -1000 -1000 -1000 -10 0.2188720703125
Car -1 -1 -10 922.0 162.0 1206.0 245.0 -1 -1 -1 -1000 -1000 -1000 -10 0.03387451171875
Car -1 -1 -10 739.0 167.0 803.0 191.0 -1 -1 -1 -1000 -1000 -1000 -10 0.032073974609375
Car -1 -1 -10 1181.0 172.0 1242.0 255.0 -1 -1 -1 -1000 -1000 -1000 -10 0.01161956787109375
Car -1 -1 -10 876.0 162.0 937.0 180.0 -1 -1 -1 -1000 -1000 -1000 -10 0.00762939453125
Car -1 -1 -10 1212.0 172.0 1242.0 259.0 -1 -1 -1 -1000 -1000 -1000 -10 0.006946563720703125
Car -1 -1 -10 875.0 161.0 953.0 184.0 -1 -1 -1 -1000 -1000 -1000 -10 0.004192352294921875
Car -1 -1 -10 1142.0 175.0 1241.0 262.0 -1 -1 -1 -1000 -1000 -1000 -10 0.0030536651611328125
Car -1 -1 -10 353.0 176.0 406.0 194.0 -1 -1 -1 -1000 -1000 -1000 -10 0.002086639404296875
Car -1 -1 -10 502.0 185.0 551.0 223.0 -1 -1 -1 -1000 -1000 -1000 -10 0.0017042160034179688
Car -1 -1 -10 1225.0 168.0 1242.0 257.0 -1 -1 -1 -1000 -1000 -1000 -10 0.0016012191772460938
Car -1 -1 -10 807.0 160.0 856.0 179.0 -1 -1 -1 -1000 -1000 -1000 -10 0.0014591217041015625
Car -1 -1 -10 1225.0 145.0 1242.0 229.0 -1 -1 -1 -1000 -1000 -1000 -10 0.0014162063598632812
Car -1 -1 -10 727.0 175.0 784.0 213.0 -1 -1 -1 -1000 -1000 -1000 -10 0.0014142990112304688
Car -1 -1 -10 508.0 171.0 555.0 193.0 -1 -1 -1 -1000 -1000 -1000 -10 0.0013027191162109375
Car -1 -1 -10 743.0 161.0 800.0 186.0 -1 -1 -1 -1000 -1000 -1000 -10 0.000949859619140625
Car -1 -1 -10 479.0 181.0 546.0 229.0 -1 -1 -1 -1000 -1000 -1000 -10 0.0009493827819824219
Car -1 -1 -10 242.0 191.0 374.0 331.0 -1 -1 -1 -1000 -1000 -1000 -10 0.0009288787841796875
Car -1 -1 -10 637.0 153.0 769.0 265.0 -1 -1 -1 -1000 -1000 -1000 -10 0.0009160041809082031
Car -1 -1 -10 752.0 166.0 817.0 204.0 -1 -1 -1 -1000 -1000 -1000 -10 0.0009055137634277344
Car -1 -1 -10 868.0 159.0 1010.0 196.0 -1 -1 -1 -1000 -1000 -1000 -10 0.0007767677307128906
Car -1 -1 -10 746.0 170.0 796.0 199.0 -1 -1 -1 -1000 -1000 -1000 -10 0.0007338523864746094
Car -1 -1 -10 492.0 174.0 547.0 205.0 -1 -1 -1 -1000 -1000 -1000 -10 0.000701904296875
Car -1 -1 -10 1095.0 170.0 1242.0 247.0 -1 -1 -1 -1000 -1000 -1000 -10 0.0006995201110839844
Car -1 -1 -10 989.0 168.0 1107.0 240.0 -1 -1 -1 -1000 -1000 -1000 -10 0.0006890296936035156
Car -1 -1 -10 1230.0 157.0 1242.0 232.0 -1 -1 -1 -1000 -1000 -1000 -10 0.0006270408630371094
Car -1 -1 -10 336.0 173.0 398.0 206.0 -1 -1 -1 -1000 -1000 -1000 -10 0.0006165504455566406
Car -1 -1 -10 735.0 162.0 825.0 227.0 -1 -1 -1 -1000 -1000 -1000 -10 0.0006036758422851562
Car -1 -1 -10 1223.0 124.0 1242.0 212.0 -1 -1 -1 -1000 -1000 -1000 -10 0.0005474090576171875
Car -1 -1 -10 501.0 167.0 571.0 232.0 -1 -1 -1 -1000 -1000 -1000 -10 0.000537872314453125
Car -1 -1 -10 1218.0 137.0 1242.0 239.0 -1 -1 -1 -1000 -1000 -1000 -10 0.0005130767822265625
Car -1 -1 -10 398.0 175.0 444.0 192.0 -1 -1 -1 -1000 -1000 -1000 -10 0.0005059242248535156
Car -1 -1 -10 730.0 160.0 789.0 185.0 -1 -1 -1 -1000 -1000 -1000 -10 0.00042939186096191406
Car -1 -1 -10 1150.0 160.0 1241.0 235.0 -1 -1 -1 -1000 -1000 -1000 -10 0.0004057884216308594
Car -1 -1 -10 703.0 133.0 876.0 270.0 -1 -1 -1 -1000 -1000 -1000 -10 0.0003476142883300781
Car -1 -1 -10 1203.0 143.0 1242.0 230.0 -1 -1 -1 -1000 -1000 -1000 -10 0.0003390312194824219
Car -1 -1 -10 1197.0 183.0 1242.0 245.0 -1 -1 -1 -1000 -1000 -1000 -10 0.00028252601623535156
Car -1 -1 -10 429.0 156.0 584.0 269.0 -1 -1 -1 -1000 -1000 -1000 -10 0.0002789497375488281
Car -1 -1 -10 1088.0 165.0 1242.0 291.0 -1 -1 -1 -1000 -1000 -1000 -10 0.00027441978454589844
Car -1 -1 -10 409.0 181.0 450.0 197.0 -1 -1 -1 -1000 -1000 -1000 -10 0.0002536773681640625
Car -1 -1 -10 1001.0 168.0 1241.0 256.0 -1 -1 -1 -1000 -1000 -1000 -10 0.00023066997528076172
Car -1 -1 -10 750.0 172.0 802.0 209.0 -1 -1 -1 -1000 -1000 -1000 -10 0.0002155303955078125
Car -1 -1 -10 397.0 178.0 446.0 200.0 -1 -1 -1 -1000 -1000 -1000 -10 0.0002053976058959961
Car -1 -1 -10 857.0 158.0 1071.0 213.0 -1 -1 -1 -1000 -1000 -1000 -10 0.00020515918731689453
Car -1 -1 -10 1220.0 49.0 1241.0 113.0 -1 -1 -1 -1000 -1000 -1000 -10 0.00019931793212890625
Car -1 -1 -10 749.0 161.0 790.0 181.0 -1 -1 -1 -1000 -1000 -1000 -10 0.00019240379333496094
Car -1 -1 -10 0.0 213.0 22.0 351.0 -1 -1 -1 -1000 -1000 -1000 -10 0.00018644332885742188
Car -1 -1 -10 516.0 166.0 565.0 191.0 -1 -1 -1 -1000 -1000 -1000 -10 0.00018084049224853516
Car -1 -1 -10 1232.0 150.0 1242.0 201.0 -1 -1 -1 -1000 -1000 -1000 -10 0.00015234947204589844
Car -1 -1 -10 507.0 163.0 555.0 187.0 -1 -1 -1 -1000 -1000 -1000 -10 0.0001499652862548828
Car -1 -1 -10 476.0 185.0 528.0 236.0 -1 -1 -1 -1000 -1000 -1000 -10 0.0001455545425415039
Car -1 -1 -10 689.0 172.0 751.0 218.0 -1 -1 -1 -1000 -1000 -1000 -10 0.00014531612396240234
Car -1 -1 -10 921.0 140.0 1237.0 267.0 -1 -1 -1 -1000 -1000 -1000 -10 0.00014352798461914062
Car -1 -1 -10 461.0 138.0 631.0 274.0 -1 -1 -1 -1000 -1000 -1000 -10 0.00013625621795654297
Car -1 -1 -10 1219.0 166.0 1242.0 222.0 -1 -1 -1 -1000 -1000 -1000 -10 0.00013506412506103516
Car -1 -1 -10 716.0 170.0 785.0 198.0 -1 -1 -1 -1000 -1000 -1000 -10 0.0001208186149597168
Car -1 -1 -10 1212.0 21.0 1242.0 176.0 -1 -1 -1 -1000 -1000 -1000 -10 0.00011241436004638672
Car -1 -1 -10 1000.0 162.0 1138.0 229.0 -1 -1 -1 -1000 -1000 -1000 -10 0.00010907649993896484
Car -1 -1 -10 486.0 167.0 547.0 215.0 -1 -1 -1 -1000 -1000 -1000 -10 0.00010687112808227539
Car -1 -1 -10 675.0 121.0 853.0 243.0 -1 -1 -1 -1000 -1000 -1000 -10 0.00010091066360473633
