Car -1 -1 -10 613.0 128.0 675.0 203.0 -1 -1 -1 -1000 -1000 -1000 -10 0.94970703125
Car -1 -1 -10 23.0 186.0 138.0 227.0 -1 -1 -1 -1000 -1000 -1000 -10 0.947265625
Car -1 -1 -10 286.0 179.0 327.0 202.0 -1 -1 -1 -1000 -1000 -1000 -10 0.9326171875
Car -1 -1 -10 193.0 184.0 256.0 211.0 -1 -1 -1 -1000 -1000 -1000 -10 0.931640625
Car -1 -1 -10 128.0 185.0 204.0 218.0 -1 -1 -1 -1000 -1000 -1000 -10 0.92138671875
Car -1 -1 -10 312.0 181.0 349.0 199.0 -1 -1 -1 -1000 -1000 -1000 -10 0.9111328125
Car -1 -1 -10 240.0 182.0 296.0 205.0 -1 -1 -1 -1000 -1000 -1000 -10 0.8994140625
Car -1 -1 -10 0.0 190.0 9.0 252.0 -1 -1 -1 -1000 -1000 -1000 -10 0.0017290115356445312
Car -1 -1 -10 118.0 170.0 207.0 232.0 -1 -1 -1 -1000 -1000 -1000 -10 0.0007929801940917969
Car -1 -1 -10 0.0 195.0 12.0 287.0 -1 -1 -1 -1000 -1000 -1000 -10 0.0007333755493164062
Car -1 -1 -10 0.0 201.0 18.0 316.0 -1 -1 -1 -1000 -1000 -1000 -10 0.0005164146423339844
Car -1 -1 -10 333.0 180.0 370.0 199.0 -1 -1 -1 -1000 -1000 -1000 -10 0.0004851818084716797
Car -1 -1 -10 53.0 190.0 101.0 218.0 -1 -1 -1 -1000 -1000 -1000 -10 0.00042700767517089844
Car -1 -1 -10 0.0 136.0 167.0 274.0 -1 -1 -1 -1000 -1000 -1000 -10 0.0004024505615234375
Car -1 -1 -10 309.0 175.0 347.0 205.0 -1 -1 -1 -1000 -1000 -1000 -10 0.00034809112548828125
Car -1 -1 -10 582.0 118.0 700.0 215.0 -1 -1 -1 -1000 -1000 -1000 -10 0.00032901763916015625
Car -1 -1 -10 63.0 133.0 241.0 277.0 -1 -1 -1 -1000 -1000 -1000 -10 0.0002384185791015625
Car -1 -1 -10 342.0 178.0 375.0 195.0 -1 -1 -1 -1000 -1000 -1000 -10 0.00022304058074951172
Car -1 -1 -10 177.0 183.0 228.0 210.0 -1 -1 -1 -1000 -1000 -1000 -10 0.00019657611846923828
Car -1 -1 -10 143.0 187.0 194.0 214.0 -1 -1 -1 -1000 -1000 -1000 -10 0.00019371509552001953
Car -1 -1 -10 1.0 192.0 16.0 249.0 -1 -1 -1 -1000 -1000 -1000 -10 0.00018203258514404297
Car -1 -1 -10 99.0 133.0 249.0 245.0 -1 -1 -1 -1000 -1000 -1000 -10 0.00017547607421875
Car -1 -1 -10 229.0 182.0 267.0 204.0 -1 -1 -1 -1000 -1000 -1000 -10 0.0001615285873413086
Car -1 -1 -10 262.0 182.0 303.0 204.0 -1 -1 -1 -1000 -1000 -1000 -10 0.0001513957977294922
Car -1 -1 -10 0.0 206.0 26.0 345.0 -1 -1 -1 -1000 -1000 -1000 -10 0.00014603137969970703
Car -1 -1 -10 0.0 176.0 9.0 237.0 -1 -1 -1 -1000 -1000 -1000 -10 0.00014507770538330078
Car -1 -1 -10 361.0 178.0 399.0 200.0 -1 -1 -1 -1000 -1000 -1000 -10 0.0001430511474609375
Car -1 -1 -10 0.0 190.0 23.0 285.0 -1 -1 -1 -1000 -1000 -1000 -10 0.00013196468353271484
Car -1 -1 -10 0.0 199.0 20.0 264.0 -1 -1 -1 -1000 -1000 -1000 -10 0.00012683868408203125
Car -1 -1 -10 0.0 196.0 34.0 323.0 -1 -1 -1 -1000 -1000 -1000 -10 0.00011783838272094727
Car -1 -1 -10 361.0 171.0 402.0 193.0 -1 -1 -1 -1000 -1000 -1000 -10 0.0001125335693359375
Car -1 -1 -10 207.0 181.0 288.0 216.0 -1 -1 -1 -1000 -1000 -1000 -10 0.00010323524475097656
Car -1 -1 -10 231.0 181.0 280.0 201.0 -1 -1 -1 -1000 -1000 -1000 -10 0.00010275840759277344
