Car -1 -1 -10 792.0 169.0 984.0 278.0 -1 -1 -1 -1000 -1000 -1000 -10 0.96630859375
Car -1 -1 -10 8.0 184.0 221.0 269.0 -1 -1 -1 -1000 -1000 -1000 -10 0.96435546875
Car -1 -1 -10 594.0 177.0 637.0 216.0 -1 -1 -1 -1000 -1000 -1000 -10 0.96142578125
Car -1 -1 -10 752.0 171.0 926.0 252.0 -1 -1 -1 -1000 -1000 -1000 -10 0.9580078125
Car -1 -1 -10 703.0 178.0 840.0 238.0 -1 -1 -1 -1000 -1000 -1000 -10 0.9423828125
Car -1 -1 -10 493.0 177.0 517.0 194.0 -1 -1 -1 -1000 -1000 -1000 -10 0.92822265625
Car -1 -1 -10 529.0 179.0 550.0 194.0 -1 -1 -1 -1000 -1000 -1000 -10 0.92431640625
Car -1 -1 -10 671.0 173.0 767.0 215.0 -1 -1 -1 -1000 -1000 -1000 -10 0.89111328125
Car -1 -1 -10 635.0 170.0 681.0 191.0 -1 -1 -1 -1000 -1000 -1000 -10 0.8427734375
Car -1 -1 -10 684.0 174.0 803.0 228.0 -1 -1 -1 -1000 -1000 -1000 -10 0.83447265625
Car -1 -1 -10 644.0 174.0 691.0 193.0 -1 -1 -1 -1000 -1000 -1000 -10 0.67431640625
Car -1 -1 -10 648.0 173.0 709.0 198.0 -1 -1 -1 -1000 -1000 -1000 -10 0.4169921875
Car -1 -1 -10 473.0 177.0 490.0 191.0 -1 -1 -1 -1000 -1000 -1000 -10 0.30224609375
Car -1 -1 -10 0.0 188.0 25.0 302.0 -1 -1 -1 -1000 -1000 -1000 -10 0.218017578125
Car -1 -1 -10 0.0 187.0 27.0 365.0 -1 -1 -1 -1000 -1000 -1000 -10 0.015869140625
Car -1 -1 -10 0.0 178.0 18.0 282.0 -1 -1 -1 -1000 -1000 -1000 -10 0.01323699951171875
Car -1 -1 -10 0.0 193.0 38.0 293.0 -1 -1 -1 -1000 -1000 -1000 -10 0.01129913330078125
Car -1 -1 -10 0.0 215.0 18.0 347.0 -1 -1 -1 -1000 -1000 -1000 -10 0.007038116455078125
Car -1 -1 -10 474.0 176.0 497.0 192.0 -1 -1 -1 -1000 -1000 -1000 -10 0.005832672119140625
Car -1 -1 -10 665.0 173.0 745.0 207.0 -1 -1 -1 -1000 -1000 -1000 -10 0.005214691162109375
Car -1 -1 -10 627.0 171.0 665.0 188.0 -1 -1 -1 -1000 -1000 -1000 -10 0.0032176971435546875
Car -1 -1 -10 0.0 202.0 21.0 267.0 -1 -1 -1 -1000 -1000 -1000 -10 0.0023136138916015625
Car -1 -1 -10 632.0 166.0 682.0 200.0 -1 -1 -1 -1000 -1000 -1000 -10 0.0018157958984375
Car -1 -1 -10 697.0 172.0 777.0 221.0 -1 -1 -1 -1000 -1000 -1000 -10 0.0018129348754882812
Car -1 -1 -10 49.0 186.0 178.0 263.0 -1 -1 -1 -1000 -1000 -1000 -10 0.00113677978515625
Car -1 -1 -10 702.0 173.0 751.0 212.0 -1 -1 -1 -1000 -1000 -1000 -10 0.0010585784912109375
Car -1 -1 -10 1219.0 183.0 1242.0 375.0 -1 -1 -1 -1000 -1000 -1000 -10 0.0010366439819335938
Car -1 -1 -10 1.0 216.0 26.0 282.0 -1 -1 -1 -1000 -1000 -1000 -10 0.0010242462158203125
Car -1 -1 -10 713.0 173.0 762.0 217.0 -1 -1 -1 -1000 -1000 -1000 -10 0.0008015632629394531
Car -1 -1 -10 659.0 163.0 768.0 225.0 -1 -1 -1 -1000 -1000 -1000 -10 0.0008006095886230469
Car -1 -1 -10 661.0 139.0 816.0 244.0 -1 -1 -1 -1000 -1000 -1000 -10 0.0007939338684082031
Car -1 -1 -10 585.0 164.0 639.0 228.0 -1 -1 -1 -1000 -1000 -1000 -10 0.0007309913635253906
Car -1 -1 -10 646.0 169.0 710.0 208.0 -1 -1 -1 -1000 -1000 -1000 -10 0.0006737709045410156
Car -1 -1 -10 490.0 175.0 519.0 204.0 -1 -1 -1 -1000 -1000 -1000 -10 0.000560760498046875
Car -1 -1 -10 0.0 229.0 25.0 375.0 -1 -1 -1 -1000 -1000 -1000 -10 0.0004680156707763672
Car -1 -1 -10 692.0 175.0 743.0 207.0 -1 -1 -1 -1000 -1000 -1000 -10 0.00044798851013183594
Car -1 -1 -10 0.0 183.0 47.0 321.0 -1 -1 -1 -1000 -1000 -1000 -10 0.0003638267517089844
Car -1 -1 -10 747.0 181.0 795.0 229.0 -1 -1 -1 -1000 -1000 -1000 -10 0.0003554821014404297
Car -1 -1 -10 615.0 136.0 800.0 266.0 -1 -1 -1 -1000 -1000 -1000 -10 0.0003414154052734375
Car -1 -1 -10 0.0 201.0 36.0 265.0 -1 -1 -1 -1000 -1000 -1000 -10 0.0003139972686767578
Car -1 -1 -10 526.0 128.0 681.0 242.0 -1 -1 -1 -1000 -1000 -1000 -10 0.00031113624572753906
Car -1 -1 -10 684.0 157.0 858.0 253.0 -1 -1 -1 -1000 -1000 -1000 -10 0.0003044605255126953
Car -1 -1 -10 561.0 133.0 710.0 270.0 -1 -1 -1 -1000 -1000 -1000 -10 0.0003006458282470703
Car -1 -1 -10 0.0 227.0 18.0 291.0 -1 -1 -1 -1000 -1000 -1000 -10 0.0002772808074951172
Car -1 -1 -10 551.0 177.0 563.0 188.0 -1 -1 -1 -1000 -1000 -1000 -10 0.000247955322265625
Car -1 -1 -10 0.0 192.0 66.0 294.0 -1 -1 -1 -1000 -1000 -1000 -10 0.00021982192993164062
Car -1 -1 -10 0.0 168.0 8.0 200.0 -1 -1 -1 -1000 -1000 -1000 -10 0.00016820430755615234
Car -1 -1 -10 613.0 171.0 641.0 191.0 -1 -1 -1 -1000 -1000 -1000 -10 0.00016570091247558594
Car -1 -1 -10 1205.0 223.0 1242.0 375.0 -1 -1 -1 -1000 -1000 -1000 -10 0.00015175342559814453
Car -1 -1 -10 531.0 175.0 549.0 189.0 -1 -1 -1 -1000 -1000 -1000 -10 0.00014460086822509766
Car -1 -1 -10 595.0 173.0 626.0 198.0 -1 -1 -1 -1000 -1000 -1000 -10 0.0001437664031982422
Car -1 -1 -10 0.0 211.0 36.0 334.0 -1 -1 -1 -1000 -1000 -1000 -10 0.00014340877532958984
Car -1 -1 -10 1223.0 164.0 1241.0 325.0 -1 -1 -1 -1000 -1000 -1000 -10 0.00014138221740722656
Pedestrian -1 -1 -10 818.0 0.0 847.0 2.0 -1 -1 -1 -1000 -1000 -1000 -10 0.00012052059173583984
Car -1 -1 -10 0.0 247.0 17.0 311.0 -1 -1 -1 -1000 -1000 -1000 -10 0.00011849403381347656
Car -1 -1 -10 640.0 166.0 686.0 186.0 -1 -1 -1 -1000 -1000 -1000 -10 0.00011259317398071289
Car -1 -1 -10 0.0 155.0 24.0 263.0 -1 -1 -1 -1000 -1000 -1000 -10 0.00010508298873901367
