Car -1 -1 -10 424.0 184.0 489.0 222.0 -1 -1 -1 -1000 -1000 -1000 -10 0.95458984375
Car -1 -1 -10 462.0 175.0 516.0 215.0 -1 -1 -1 -1000 -1000 -1000 -10 0.94873046875
Car -1 -1 -10 619.0 178.0 653.0 201.0 -1 -1 -1 -1000 -1000 -1000 -10 0.935546875
Car -1 -1 -10 663.0 176.0 697.0 204.0 -1 -1 -1 -1000 -1000 -1000 -10 0.9150390625
Car -1 -1 -10 1003.0 160.0 1104.0 192.0 -1 -1 -1 -1000 -1000 -1000 -10 0.8349609375
Car -1 -1 -10 1029.0 159.0 1118.0 188.0 -1 -1 -1 -1000 -1000 -1000 -10 0.020477294921875
Car -1 -1 -10 987.0 159.0 1069.0 189.0 -1 -1 -1 -1000 -1000 -1000 -10 0.006687164306640625
Car -1 -1 -10 668.0 169.0 691.0 195.0 -1 -1 -1 -1000 -1000 -1000 -10 0.0038890838623046875
Car -1 -1 -10 430.0 158.0 509.0 230.0 -1 -1 -1 -1000 -1000 -1000 -10 0.0019817352294921875
Car -1 -1 -10 995.0 142.0 1113.0 210.0 -1 -1 -1 -1000 -1000 -1000 -10 0.0012645721435546875
Car -1 -1 -10 459.0 164.0 523.0 230.0 -1 -1 -1 -1000 -1000 -1000 -10 0.001117706298828125
Car -1 -1 -10 1220.0 128.0 1242.0 313.0 -1 -1 -1 -1000 -1000 -1000 -10 0.0010786056518554688
Car -1 -1 -10 1058.0 159.0 1140.0 189.0 -1 -1 -1 -1000 -1000 -1000 -10 0.0009341239929199219
Car -1 -1 -10 1223.0 133.0 1242.0 259.0 -1 -1 -1 -1000 -1000 -1000 -10 0.0007281303405761719
Car -1 -1 -10 1229.0 140.0 1242.0 228.0 -1 -1 -1 -1000 -1000 -1000 -10 0.0006175041198730469
Car -1 -1 -10 418.0 170.0 494.0 235.0 -1 -1 -1 -1000 -1000 -1000 -10 0.0006089210510253906
Car -1 -1 -10 994.0 167.0 1096.0 199.0 -1 -1 -1 -1000 -1000 -1000 -10 0.0005855560302734375
Car -1 -1 -10 270.0 68.0 303.0 95.0 -1 -1 -1 -1000 -1000 -1000 -10 0.0005221366882324219
Car -1 -1 -10 961.0 126.0 1148.0 255.0 -1 -1 -1 -1000 -1000 -1000 -10 0.0005202293395996094
Car -1 -1 -10 1003.0 150.0 1107.0 182.0 -1 -1 -1 -1000 -1000 -1000 -10 0.00041675567626953125
Car -1 -1 -10 1224.0 126.0 1242.0 209.0 -1 -1 -1 -1000 -1000 -1000 -10 0.0003387928009033203
Car -1 -1 -10 425.0 133.0 580.0 272.0 -1 -1 -1 -1000 -1000 -1000 -10 0.0003325939178466797
Car -1 -1 -10 1210.0 139.0 1242.0 339.0 -1 -1 -1 -1000 -1000 -1000 -10 0.0003292560577392578
Car -1 -1 -10 1217.0 137.0 1242.0 231.0 -1 -1 -1 -1000 -1000 -1000 -10 0.00031185150146484375
Car -1 -1 -10 360.0 135.0 530.0 276.0 -1 -1 -1 -1000 -1000 -1000 -10 0.00028514862060546875
Car -1 -1 -10 1214.0 131.0 1241.0 264.0 -1 -1 -1 -1000 -1000 -1000 -10 0.00023567676544189453
Car -1 -1 -10 1230.0 130.0 1242.0 197.0 -1 -1 -1 -1000 -1000 -1000 -10 0.00022029876708984375
Car -1 -1 -10 1220.0 179.0 1242.0 375.0 -1 -1 -1 -1000 -1000 -1000 -10 0.0001785755157470703
Car -1 -1 -10 0.0 168.0 26.0 361.0 -1 -1 -1 -1000 -1000 -1000 -10 0.00015401840209960938
Car -1 -1 -10 1008.0 174.0 1109.0 213.0 -1 -1 -1 -1000 -1000 -1000 -10 0.00013959407806396484
Car -1 -1 -10 1226.0 161.0 1242.0 222.0 -1 -1 -1 -1000 -1000 -1000 -10 0.00010889768600463867
