Car -1 -1 -10 39.0 193.0 178.0 244.0 -1 -1 -1 -1000 -1000 -1000 -10 0.955078125
Cyclist -1 -1 -10 916.0 152.0 990.0 247.0 -1 -1 -1 -1000 -1000 -1000 -10 0.93359375
Car -1 -1 -10 484.0 173.0 502.0 187.0 -1 -1 -1 -1000 -1000 -1000 -10 0.08489990234375
Car -1 -1 -10 497.0 167.0 521.0 185.0 -1 -1 -1 -1000 -1000 -1000 -10 0.007080078125
Car -1 -1 -10 1.0 196.0 23.0 241.0 -1 -1 -1 -1000 -1000 -1000 -10 0.003063201904296875
Cyclist -1 -1 -10 0.0 198.0 25.0 235.0 -1 -1 -1 -1000 -1000 -1000 -10 0.00211334228515625
Car -1 -1 -10 86.0 195.0 131.0 237.0 -1 -1 -1 -1000 -1000 -1000 -10 0.001903533935546875
Car -1 -1 -10 0.0 198.0 16.0 286.0 -1 -1 -1 -1000 -1000 -1000 -10 0.0009441375732421875
Car -1 -1 -10 0.0 205.0 20.0 306.0 -1 -1 -1 -1000 -1000 -1000 -10 0.0008602142333984375
Car -1 -1 -10 10.0 167.0 206.0 292.0 -1 -1 -1 -1000 -1000 -1000 -10 0.0006651878356933594
Cyclist -1 -1 -10 890.0 146.0 1001.0 253.0 -1 -1 -1 -1000 -1000 -1000 -10 0.0006041526794433594
Car -1 -1 -10 481.0 173.0 505.0 190.0 -1 -1 -1 -1000 -1000 -1000 -10 0.0005564689636230469
Car -1 -1 -10 483.0 177.0 501.0 189.0 -1 -1 -1 -1000 -1000 -1000 -10 0.00027871131896972656
Car -1 -1 -10 0.0 203.0 33.0 263.0 -1 -1 -1 -1000 -1000 -1000 -10 0.00023496150970458984
Car -1 -1 -10 0.0 193.0 17.0 229.0 -1 -1 -1 -1000 -1000 -1000 -10 0.00020360946655273438
Car -1 -1 -10 0.0 209.0 27.0 344.0 -1 -1 -1 -1000 -1000 -1000 -10 0.0001704692840576172
Car -1 -1 -10 69.0 194.0 147.0 239.0 -1 -1 -1 -1000 -1000 -1000 -10 0.00016319751739501953
Cyclist -1 -1 -10 0.0 193.0 20.0 229.0 -1 -1 -1 -1000 -1000 -1000 -10 0.00016224384307861328
Car -1 -1 -10 501.0 164.0 527.0 185.0 -1 -1 -1 -1000 -1000 -1000 -10 0.00012791156768798828
Pedestrian -1 -1 -10 990.0 0.0 1107.0 2.0 -1 -1 -1 -1000 -1000 -1000 -10 0.00012421607971191406
Car -1 -1 -10 0.0 201.0 34.0 316.0 -1 -1 -1 -1000 -1000 -1000 -10 0.00011974573135375977
Car -1 -1 -10 1220.0 187.0 1242.0 336.0 -1 -1 -1 -1000 -1000 -1000 -10 0.00011748075485229492
