Car -1 -1 -10 319.0 179.0 505.0 313.0 -1 -1 -1 -1000 -1000 -1000 -10 0.95947265625
Car -1 -1 -10 0.0 202.0 287.0 373.0 -1 -1 -1 -1000 -1000 -1000 -10 0.95166015625
Car -1 -1 -10 3.0 200.0 234.0 312.0 -1 -1 -1 -1000 -1000 -1000 -10 0.91455078125
Car -1 -1 -10 478.0 172.0 500.0 193.0 -1 -1 -1 -1000 -1000 -1000 -10 0.82763671875
Car -1 -1 -10 0.0 189.0 30.0 332.0 -1 -1 -1 -1000 -1000 -1000 -10 0.002468109130859375
Car -1 -1 -10 0.0 191.0 50.0 330.0 -1 -1 -1 -1000 -1000 -1000 -10 0.0018472671508789062
Car -1 -1 -10 92.0 214.0 211.0 352.0 -1 -1 -1 -1000 -1000 -1000 -10 0.0014257431030273438
Car -1 -1 -10 4.0 199.0 163.0 353.0 -1 -1 -1 -1000 -1000 -1000 -10 0.0011844635009765625
Car -1 -1 -10 42.0 204.0 185.0 305.0 -1 -1 -1 -1000 -1000 -1000 -10 0.0009546279907226562
Car -1 -1 -10 487.0 168.0 506.0 187.0 -1 -1 -1 -1000 -1000 -1000 -10 0.0007619857788085938
Car -1 -1 -10 500.0 175.0 515.0 191.0 -1 -1 -1 -1000 -1000 -1000 -10 0.0005698204040527344
Car -1 -1 -10 336.0 180.0 485.0 278.0 -1 -1 -1 -1000 -1000 -1000 -10 0.0005497932434082031
Car -1 -1 -10 493.0 177.0 507.0 193.0 -1 -1 -1 -1000 -1000 -1000 -10 0.00043010711669921875
Car -1 -1 -10 556.0 177.0 574.0 191.0 -1 -1 -1 -1000 -1000 -1000 -10 0.0003714561462402344
Car -1 -1 -10 478.0 166.0 500.0 186.0 -1 -1 -1 -1000 -1000 -1000 -10 0.00033402442932128906
Car -1 -1 -10 509.0 176.0 526.0 191.0 -1 -1 -1 -1000 -1000 -1000 -10 0.0003211498260498047
Car -1 -1 -10 475.0 170.0 502.0 203.0 -1 -1 -1 -1000 -1000 -1000 -10 0.00031757354736328125
Car -1 -1 -10 480.0 160.0 502.0 182.0 -1 -1 -1 -1000 -1000 -1000 -10 0.00030040740966796875
Car -1 -1 -10 0.0 205.0 72.0 341.0 -1 -1 -1 -1000 -1000 -1000 -10 0.00026488304138183594
Car -1 -1 -10 1.0 188.0 16.0 302.0 -1 -1 -1 -1000 -1000 -1000 -10 0.00023829936981201172
Car -1 -1 -10 1217.0 169.0 1242.0 262.0 -1 -1 -1 -1000 -1000 -1000 -10 0.00023174285888671875
Car -1 -1 -10 0.0 171.0 23.0 289.0 -1 -1 -1 -1000 -1000 -1000 -10 0.0002225637435913086
Car -1 -1 -10 470.0 175.0 487.0 195.0 -1 -1 -1 -1000 -1000 -1000 -10 0.00019109249114990234
Car -1 -1 -10 0.0 197.0 112.0 325.0 -1 -1 -1 -1000 -1000 -1000 -10 0.00018608570098876953
Car -1 -1 -10 1189.0 160.0 1242.0 277.0 -1 -1 -1 -1000 -1000 -1000 -10 0.00016129016876220703
Car -1 -1 -10 1211.0 170.0 1242.0 234.0 -1 -1 -1 -1000 -1000 -1000 -10 0.00015914440155029297
Car -1 -1 -10 501.0 179.0 515.0 196.0 -1 -1 -1 -1000 -1000 -1000 -10 0.0001590251922607422
Car -1 -1 -10 0.0 211.0 27.0 373.0 -1 -1 -1 -1000 -1000 -1000 -10 0.00015687942504882812
Car -1 -1 -10 1212.0 171.0 1242.0 305.0 -1 -1 -1 -1000 -1000 -1000 -10 0.00015354156494140625
Car -1 -1 -10 499.0 166.0 516.0 185.0 -1 -1 -1 -1000 -1000 -1000 -10 0.00014531612396240234
Car -1 -1 -10 451.0 176.0 471.0 195.0 -1 -1 -1 -1000 -1000 -1000 -10 0.00014472007751464844
Car -1 -1 -10 523.0 175.0 539.0 190.0 -1 -1 -1 -1000 -1000 -1000 -10 0.00013756752014160156
Car -1 -1 -10 1.0 217.0 56.0 370.0 -1 -1 -1 -1000 -1000 -1000 -10 0.0001347064971923828
Pedestrian -1 -1 -10 770.0 0.0 860.0 43.0 -1 -1 -1 -1000 -1000 -1000 -10 0.00013363361358642578
Car -1 -1 -10 533.0 164.0 553.0 184.0 -1 -1 -1 -1000 -1000 -1000 -10 0.00012695789337158203
Car -1 -1 -10 1224.0 170.0 1242.0 233.0 -1 -1 -1 -1000 -1000 -1000 -10 0.00012695789337158203
Car -1 -1 -10 520.0 157.0 540.0 177.0 -1 -1 -1 -1000 -1000 -1000 -10 0.00012433528900146484
Car -1 -1 -10 531.0 157.0 553.0 179.0 -1 -1 -1 -1000 -1000 -1000 -10 0.00011014938354492188
Car -1 -1 -10 491.0 160.0 511.0 180.0 -1 -1 -1 -1000 -1000 -1000 -10 0.00010800361633300781
Car -1 -1 -10 474.0 160.0 495.0 181.0 -1 -1 -1 -1000 -1000 -1000 -10 0.00010728836059570312
Car -1 -1 -10 1217.0 198.0 1242.0 360.0 -1 -1 -1 -1000 -1000 -1000 -10 0.0001062154769897461
Car -1 -1 -10 509.0 166.0 526.0 184.0 -1 -1 -1 -1000 -1000 -1000 -10 0.00010418891906738281
Car -1 -1 -10 546.0 174.0 562.0 191.0 -1 -1 -1 -1000 -1000 -1000 -10 0.00010383129119873047
Car -1 -1 -10 0.0 164.0 50.0 289.0 -1 -1 -1 -1000 -1000 -1000 -10 0.0001016855239868164
