Car -1 -1 -10 436.0 168.0 535.0 234.0 -1 -1 -1 -1000 -1000 -1000 -10 0.96240234375
Car -1 -1 -10 518.0 177.0 583.0 217.0 -1 -1 -1 -1000 -1000 -1000 -10 0.94921875
Car -1 -1 -10 611.0 175.0 646.0 199.0 -1 -1 -1 -1000 -1000 -1000 -10 0.939453125
Cyclist -1 -1 -10 696.0 167.0 718.0 220.0 -1 -1 -1 -1000 -1000 -1000 -10 0.896484375
Car -1 -1 -10 682.0 174.0 707.0 188.0 -1 -1 -1 -1000 -1000 -1000 -10 0.89306640625
Car -1 -1 -10 0.0 189.0 27.0 370.0 -1 -1 -1 -1000 -1000 -1000 -10 0.003330230712890625
Cyclist -1 -1 -10 684.0 170.0 712.0 207.0 -1 -1 -1 -1000 -1000 -1000 -10 0.0020809173583984375
Car -1 -1 -10 1221.0 153.0 1242.0 251.0 -1 -1 -1 -1000 -1000 -1000 -10 0.0011453628540039062
Car -1 -1 -10 1221.0 169.0 1242.0 352.0 -1 -1 -1 -1000 -1000 -1000 -10 0.0010395050048828125
Car -1 -1 -10 0.0 177.0 23.0 315.0 -1 -1 -1 -1000 -1000 -1000 -10 0.0008997917175292969
Car -1 -1 -10 717.0 172.0 745.0 188.0 -1 -1 -1 -1000 -1000 -1000 -10 0.0007653236389160156
Car -1 -1 -10 0.0 177.0 44.0 363.0 -1 -1 -1 -1000 -1000 -1000 -10 0.0006604194641113281
Car -1 -1 -10 513.0 165.0 590.0 231.0 -1 -1 -1 -1000 -1000 -1000 -10 0.0005879402160644531
Car -1 -1 -10 1227.0 164.0 1242.0 264.0 -1 -1 -1 -1000 -1000 -1000 -10 0.00058746337890625
Car -1 -1 -10 418.0 155.0 547.0 253.0 -1 -1 -1 -1000 -1000 -1000 -10 0.0005474090576171875
Car -1 -1 -10 1215.0 130.0 1242.0 245.0 -1 -1 -1 -1000 -1000 -1000 -10 0.0003974437713623047
Car -1 -1 -10 1203.0 149.0 1242.0 248.0 -1 -1 -1 -1000 -1000 -1000 -10 0.00036716461181640625
Car -1 -1 -10 780.0 161.0 849.0 190.0 -1 -1 -1 -1000 -1000 -1000 -10 0.0003173351287841797
Car -1 -1 -10 0.0 201.0 16.0 329.0 -1 -1 -1 -1000 -1000 -1000 -10 0.0003058910369873047
Car -1 -1 -10 1209.0 160.0 1242.0 361.0 -1 -1 -1 -1000 -1000 -1000 -10 0.0002770423889160156
Car -1 -1 -10 461.0 130.0 646.0 277.0 -1 -1 -1 -1000 -1000 -1000 -10 0.00026154518127441406
Car -1 -1 -10 1083.0 153.0 1238.0 236.0 -1 -1 -1 -1000 -1000 -1000 -10 0.00025582313537597656
Car -1 -1 -10 1215.0 164.0 1242.0 277.0 -1 -1 -1 -1000 -1000 -1000 -10 0.00023746490478515625
Car -1 -1 -10 0.0 183.0 14.0 280.0 -1 -1 -1 -1000 -1000 -1000 -10 0.00020754337310791016
Car -1 -1 -10 0.0 143.0 18.0 263.0 -1 -1 -1 -1000 -1000 -1000 -10 0.00020647048950195312
Car -1 -1 -10 1226.0 143.0 1242.0 229.0 -1 -1 -1 -1000 -1000 -1000 -10 0.00020122528076171875
Car -1 -1 -10 1.0 172.0 37.0 312.0 -1 -1 -1 -1000 -1000 -1000 -10 0.0001983642578125
Car -1 -1 -10 617.0 177.0 652.0 196.0 -1 -1 -1 -1000 -1000 -1000 -10 0.00017392635345458984
Car -1 -1 -10 1215.0 205.0 1241.0 375.0 -1 -1 -1 -1000 -1000 -1000 -10 0.00016105175018310547
Car -1 -1 -10 1218.0 112.0 1241.0 217.0 -1 -1 -1 -1000 -1000 -1000 -10 0.00015294551849365234
Car -1 -1 -10 0.0 164.0 12.0 243.0 -1 -1 -1 -1000 -1000 -1000 -10 0.00015103816986083984
Car -1 -1 -10 455.0 169.0 504.0 228.0 -1 -1 -1 -1000 -1000 -1000 -10 0.0001443624496459961
Car -1 -1 -10 1228.0 193.0 1242.0 316.0 -1 -1 -1 -1000 -1000 -1000 -10 0.00012624263763427734
Car -1 -1 -10 1182.0 120.0 1242.0 247.0 -1 -1 -1 -1000 -1000 -1000 -10 0.00012022256851196289
Car -1 -1 -10 0.0 197.0 66.0 371.0 -1 -1 -1 -1000 -1000 -1000 -10 0.00011283159255981445
Car -1 -1 -10 1192.0 71.0 1242.0 231.0 -1 -1 -1 -1000 -1000 -1000 -10 0.00010639429092407227
Car -1 -1 -10 1217.0 189.0 1242.0 318.0 -1 -1 -1 -1000 -1000 -1000 -10 0.00010466575622558594
