Car -1 -1 -10 741.0 194.0 960.0 341.0 -1 -1 -1 -1000 -1000 -1000 -10 0.96484375
Car -1 -1 -10 701.0 180.0 833.0 271.0 -1 -1 -1 -1000 -1000 -1000 -10 0.9599609375
Car -1 -1 -10 670.0 177.0 730.0 226.0 -1 -1 -1 -1000 -1000 -1000 -10 0.94873046875
Car -1 -1 -10 555.0 177.0 579.0 197.0 -1 -1 -1 -1000 -1000 -1000 -10 0.93798828125
Car -1 -1 -10 594.0 175.0 618.0 197.0 -1 -1 -1 -1000 -1000 -1000 -10 0.93603515625
Car -1 -1 -10 652.0 174.0 708.0 217.0 -1 -1 -1 -1000 -1000 -1000 -10 0.93212890625
Car -1 -1 -10 374.0 183.0 428.0 201.0 -1 -1 -1 -1000 -1000 -1000 -10 0.8896484375
Pedestrian -1 -1 -10 713.0 165.0 726.0 203.0 -1 -1 -1 -1000 -1000 -1000 -10 0.78515625
Car -1 -1 -10 637.0 174.0 672.0 202.0 -1 -1 -1 -1000 -1000 -1000 -10 0.65087890625
Car -1 -1 -10 440.0 180.0 490.0 198.0 -1 -1 -1 -1000 -1000 -1000 -10 0.53955078125
Pedestrian -1 -1 -10 671.0 177.0 731.0 225.0 -1 -1 -1 -1000 -1000 -1000 -10 0.44189453125
Pedestrian -1 -1 -10 708.0 171.0 727.0 210.0 -1 -1 -1 -1000 -1000 -1000 -10 0.032073974609375
Car -1 -1 -10 1179.0 74.0 1241.0 370.0 -1 -1 -1 -1000 -1000 -1000 -10 0.0034427642822265625
Car -1 -1 -10 633.0 172.0 665.0 198.0 -1 -1 -1 -1000 -1000 -1000 -10 0.002803802490234375
Car -1 -1 -10 657.0 163.0 739.0 230.0 -1 -1 -1 -1000 -1000 -1000 -10 0.001399993896484375
Car -1 -1 -10 1208.0 124.0 1242.0 375.0 -1 -1 -1 -1000 -1000 -1000 -10 0.00106048583984375
Car -1 -1 -10 553.0 175.0 581.0 205.0 -1 -1 -1 -1000 -1000 -1000 -10 0.0007715225219726562
Car -1 -1 -10 644.0 172.0 681.0 204.0 -1 -1 -1 -1000 -1000 -1000 -10 0.0007085800170898438
Car -1 -1 -10 783.0 197.0 923.0 334.0 -1 -1 -1 -1000 -1000 -1000 -10 0.0006737709045410156
Car -1 -1 -10 372.0 176.0 431.0 206.0 -1 -1 -1 -1000 -1000 -1000 -10 0.000568389892578125
Car -1 -1 -10 618.0 138.0 772.0 242.0 -1 -1 -1 -1000 -1000 -1000 -10 0.0003745555877685547
Car -1 -1 -10 632.0 173.0 654.0 195.0 -1 -1 -1 -1000 -1000 -1000 -10 0.00024139881134033203
Car -1 -1 -10 644.0 166.0 710.0 227.0 -1 -1 -1 -1000 -1000 -1000 -10 0.0002219676971435547
Car -1 -1 -10 0.0 208.0 23.0 363.0 -1 -1 -1 -1000 -1000 -1000 -10 0.00022041797637939453
Car -1 -1 -10 1212.0 92.0 1242.0 319.0 -1 -1 -1 -1000 -1000 -1000 -10 0.00017642974853515625
Car -1 -1 -10 1113.0 91.0 1236.0 349.0 -1 -1 -1 -1000 -1000 -1000 -10 0.00015592575073242188
Car -1 -1 -10 576.0 137.0 753.0 267.0 -1 -1 -1 -1000 -1000 -1000 -10 0.0001474618911743164
Pedestrian -1 -1 -10 710.0 167.0 732.0 206.0 -1 -1 -1 -1000 -1000 -1000 -10 0.00014221668243408203
Car -1 -1 -10 438.0 173.0 493.0 204.0 -1 -1 -1 -1000 -1000 -1000 -10 0.00013637542724609375
Car -1 -1 -10 384.0 179.0 441.0 199.0 -1 -1 -1 -1000 -1000 -1000 -10 0.00013077259063720703
Pedestrian -1 -1 -10 829.0 0.0 884.0 1.0 -1 -1 -1 -1000 -1000 -1000 -10 0.00012683868408203125
Car -1 -1 -10 1160.0 151.0 1241.0 366.0 -1 -1 -1 -1000 -1000 -1000 -10 0.0001208186149597168
Car -1 -1 -10 1156.0 96.0 1241.0 310.0 -1 -1 -1 -1000 -1000 -1000 -10 0.00010883808135986328
Car -1 -1 -10 696.0 175.0 728.0 218.0 -1 -1 -1 -1000 -1000 -1000 -10 0.00010752677917480469
