Car -1 -1 -10 575.0 118.0 818.0 197.0 -1 -1 -1 -1000 -1000 -1000 -10 0.9423828125
Car -1 -1 -10 348.0 122.0 513.0 213.0 -1 -1 -1 -1000 -1000 -1000 -10 0.9404296875
Car -1 -1 -10 503.0 123.0 582.0 203.0 -1 -1 -1 -1000 -1000 -1000 -10 0.939453125
Pedestrian -1 -1 -10 930.0 211.0 1037.0 367.0 -1 -1 -1 -1000 -1000 -1000 -10 0.9296875
Pedestrian -1 -1 -10 808.0 214.0 907.0 342.0 -1 -1 -1 -1000 -1000 -1000 -10 0.92578125
Pedestrian -1 -1 -10 867.0 216.0 985.0 374.0 -1 -1 -1 -1000 -1000 -1000 -10 0.90478515625
Pedestrian -1 -1 -10 887.0 201.0 960.0 332.0 -1 -1 -1 -1000 -1000 -1000 -10 0.87890625
Pedestrian -1 -1 -10 523.0 174.0 551.0 232.0 -1 -1 -1 -1000 -1000 -1000 -10 0.857421875
Car -1 -1 -10 270.0 124.0 356.0 216.0 -1 -1 -1 -1000 -1000 -1000 -10 0.84375
Pedestrian -1 -1 -10 1221.0 226.0 1238.0 368.0 -1 -1 -1 -1000 -1000 -1000 -10 0.2203369140625
Pedestrian -1 -1 -10 1201.0 237.0 1236.0 373.0 -1 -1 -1 -1000 -1000 -1000 -10 0.0221405029296875
Car -1 -1 -10 287.0 118.0 354.0 197.0 -1 -1 -1 -1000 -1000 -1000 -10 0.0159454345703125
Car -1 -1 -10 248.0 137.0 346.0 221.0 -1 -1 -1 -1000 -1000 -1000 -10 0.01541900634765625
Pedestrian -1 -1 -10 1209.0 206.0 1238.0 369.0 -1 -1 -1 -1000 -1000 -1000 -10 0.01375579833984375
Pedestrian -1 -1 -10 1224.0 249.0 1237.0 372.0 -1 -1 -1 -1000 -1000 -1000 -10 0.007556915283203125
Pedestrian -1 -1 -10 1178.0 236.0 1235.0 374.0 -1 -1 -1 -1000 -1000 -1000 -10 0.006145477294921875
Pedestrian -1 -1 -10 1215.0 253.0 1236.0 366.0 -1 -1 -1 -1000 -1000 -1000 -10 0.0032520294189453125
Pedestrian -1 -1 -10 1221.0 146.0 1238.0 339.0 -1 -1 -1 -1000 -1000 -1000 -10 0.0024509429931640625
Car -1 -1 -10 630.0 121.0 758.0 189.0 -1 -1 -1 -1000 -1000 -1000 -10 0.0017337799072265625
Car -1 -1 -10 294.0 136.0 360.0 221.0 -1 -1 -1 -1000 -1000 -1000 -10 0.0015172958374023438
Car -1 -1 -10 235.0 119.0 370.0 225.0 -1 -1 -1 -1000 -1000 -1000 -10 0.001316070556640625
Pedestrian -1 -1 -10 518.0 167.0 559.0 237.0 -1 -1 -1 -1000 -1000 -1000 -10 0.0011806488037109375
Pedestrian -1 -1 -10 530.0 175.0 555.0 228.0 -1 -1 -1 -1000 -1000 -1000 -10 0.0011320114135742188
Pedestrian -1 -1 -10 900.0 220.0 974.0 348.0 -1 -1 -1 -1000 -1000 -1000 -10 0.0011205673217773438
Pedestrian -1 -1 -10 843.0 196.0 976.0 334.0 -1 -1 -1 -1000 -1000 -1000 -10 0.0008101463317871094
Pedestrian -1 -1 -10 1224.0 204.0 1238.0 331.0 -1 -1 -1 -1000 -1000 -1000 -10 0.0007662773132324219
Pedestrian -1 -1 -10 1192.0 178.0 1238.0 373.0 -1 -1 -1 -1000 -1000 -1000 -10 0.0007104873657226562
Pedestrian -1 -1 -10 519.0 176.0 543.0 229.0 -1 -1 -1 -1000 -1000 -1000 -10 0.0006690025329589844
Pedestrian -1 -1 -10 918.0 210.0 988.0 341.0 -1 -1 -1 -1000 -1000 -1000 -10 0.0005483627319335938
Car -1 -1 -10 488.0 114.0 608.0 216.0 -1 -1 -1 -1000 -1000 -1000 -10 0.0005178451538085938
Car -1 -1 -10 1217.0 118.0 1238.0 275.0 -1 -1 -1 -1000 -1000 -1000 -10 0.0005102157592773438
Car -1 -1 -10 247.0 120.0 345.0 194.0 -1 -1 -1 -1000 -1000 -1000 -10 0.0004734992980957031
Car -1 -1 -10 1211.0 95.0 1238.0 298.0 -1 -1 -1 -1000 -1000 -1000 -10 0.0004696846008300781
Car -1 -1 -10 1195.0 66.0 1238.0 294.0 -1 -1 -1 -1000 -1000 -1000 -10 0.0004191398620605469
Car -1 -1 -10 342.0 127.0 437.0 216.0 -1 -1 -1 -1000 -1000 -1000 -10 0.00038504600524902344
Car -1 -1 -10 557.0 123.0 615.0 199.0 -1 -1 -1 -1000 -1000 -1000 -10 0.000354766845703125
Car -1 -1 -10 205.0 130.0 327.0 221.0 -1 -1 -1 -1000 -1000 -1000 -10 0.0003533363342285156
Pedestrian -1 -1 -10 1207.0 146.0 1238.0 337.0 -1 -1 -1 -1000 -1000 -1000 -10 0.00030422210693359375
Pedestrian -1 -1 -10 1219.0 272.0 1238.0 374.0 -1 -1 -1 -1000 -1000 -1000 -10 0.0002951622009277344
Car -1 -1 -10 293.0 106.0 355.0 169.0 -1 -1 -1 -1000 -1000 -1000 -10 0.0002903938293457031
Car -1 -1 -10 1223.0 148.0 1238.0 258.0 -1 -1 -1 -1000 -1000 -1000 -10 0.0002803802490234375
Car -1 -1 -10 440.0 133.0 516.0 211.0 -1 -1 -1 -1000 -1000 -1000 -10 0.00027871131896972656
Car -1 -1 -10 1211.0 139.0 1238.0 248.0 -1 -1 -1 -1000 -1000 -1000 -10 0.00022280216217041016
Pedestrian -1 -1 -10 0.0 180.0 27.0 374.0 -1 -1 -1 -1000 -1000 -1000 -10 0.00019228458404541016
Pedestrian -1 -1 -10 843.0 209.0 911.0 330.0 -1 -1 -1 -1000 -1000 -1000 -10 0.0001595020294189453
Car -1 -1 -10 384.0 125.0 461.0 210.0 -1 -1 -1 -1000 -1000 -1000 -10 0.0001589059829711914
Pedestrian -1 -1 -10 1123.0 243.0 1232.0 370.0 -1 -1 -1 -1000 -1000 -1000 -10 0.00015854835510253906
Pedestrian -1 -1 -10 0.0 189.0 49.0 374.0 -1 -1 -1 -1000 -1000 -1000 -10 0.00015497207641601562
Pedestrian -1 -1 -10 1226.0 189.0 1238.0 302.0 -1 -1 -1 -1000 -1000 -1000 -10 0.00013113021850585938
Pedestrian -1 -1 -10 873.0 218.0 950.0 349.0 -1 -1 -1 -1000 -1000 -1000 -10 0.00012046098709106445
Pedestrian -1 -1 -10 1224.0 270.0 1238.0 336.0 -1 -1 -1 -1000 -1000 -1000 -10 0.00012040138244628906
Car -1 -1 -10 306.0 111.0 361.0 179.0 -1 -1 -1 -1000 -1000 -1000 -10 0.0001176595687866211
Pedestrian -1 -1 -10 884.0 199.0 947.0 293.0 -1 -1 -1 -1000 -1000 -1000 -10 0.00010389089584350586
Pedestrian -1 -1 -10 506.0 152.0 568.0 237.0 -1 -1 -1 -1000 -1000 -1000 -10 0.00010377168655395508
