Car -1 -1 -10 884.0 190.0 1241.0 373.0 -1 -1 -1 -1000 -1000 -1000 -10 0.970703125
Car -1 -1 -10 664.0 176.0 739.0 232.0 -1 -1 -1 -1000 -1000 -1000 -10 0.96630859375
Car -1 -1 -10 0.0 208.0 231.0 373.0 -1 -1 -1 -1000 -1000 -1000 -10 0.96630859375
Car -1 -1 -10 176.0 137.0 494.0 373.0 -1 -1 -1 -1000 -1000 -1000 -10 0.947265625
Car -1 -1 -10 510.0 179.0 546.0 204.0 -1 -1 -1 -1000 -1000 -1000 -10 0.93798828125
Car -1 -1 -10 300.0 204.0 439.0 269.0 -1 -1 -1 -1000 -1000 -1000 -10 0.744140625
Car -1 -1 -10 291.0 188.0 434.0 287.0 -1 -1 -1 -1000 -1000 -1000 -10 0.25634765625
Car -1 -1 -10 198.0 170.0 476.0 326.0 -1 -1 -1 -1000 -1000 -1000 -10 0.2479248046875
Car -1 -1 -10 281.0 208.0 391.0 267.0 -1 -1 -1 -1000 -1000 -1000 -10 0.17431640625
Car -1 -1 -10 237.0 183.0 428.0 304.0 -1 -1 -1 -1000 -1000 -1000 -10 0.125732421875
Car -1 -1 -10 448.0 184.0 515.0 222.0 -1 -1 -1 -1000 -1000 -1000 -10 0.03533935546875
Car -1 -1 -10 266.0 215.0 365.0 268.0 -1 -1 -1 -1000 -1000 -1000 -10 0.0261688232421875
Car -1 -1 -10 305.0 192.0 430.0 250.0 -1 -1 -1 -1000 -1000 -1000 -10 0.0259857177734375
Car -1 -1 -10 335.0 205.0 466.0 262.0 -1 -1 -1 -1000 -1000 -1000 -10 0.01195526123046875
Car -1 -1 -10 278.0 177.0 399.0 319.0 -1 -1 -1 -1000 -1000 -1000 -10 0.0101776123046875
Car -1 -1 -10 382.0 203.0 492.0 251.0 -1 -1 -1 -1000 -1000 -1000 -10 0.0073394775390625
Car -1 -1 -10 242.0 209.0 380.0 275.0 -1 -1 -1 -1000 -1000 -1000 -10 0.006519317626953125
Cyclist -1 -1 -10 0.0 191.0 25.0 366.0 -1 -1 -1 -1000 -1000 -1000 -10 0.003387451171875
Car -1 -1 -10 250.0 191.0 375.0 310.0 -1 -1 -1 -1000 -1000 -1000 -10 0.0018873214721679688
Car -1 -1 -10 318.0 214.0 469.0 280.0 -1 -1 -1 -1000 -1000 -1000 -10 0.001781463623046875
Car -1 -1 -10 53.0 212.0 176.0 363.0 -1 -1 -1 -1000 -1000 -1000 -10 0.0014238357543945312
Car -1 -1 -10 316.0 207.0 398.0 262.0 -1 -1 -1 -1000 -1000 -1000 -10 0.0011892318725585938
Car -1 -1 -10 270.0 220.0 395.0 282.0 -1 -1 -1 -1000 -1000 -1000 -10 0.0008029937744140625
Car -1 -1 -10 502.0 177.0 546.0 214.0 -1 -1 -1 -1000 -1000 -1000 -10 0.0007686614990234375
Cyclist -1 -1 -10 0.0 210.0 15.0 339.0 -1 -1 -1 -1000 -1000 -1000 -10 0.0007309913635253906
Cyclist -1 -1 -10 0.0 183.0 42.0 369.0 -1 -1 -1 -1000 -1000 -1000 -10 0.0007257461547851562
Car -1 -1 -10 290.0 195.0 365.0 268.0 -1 -1 -1 -1000 -1000 -1000 -10 0.0007038116455078125
Pedestrian -1 -1 -10 0.0 171.0 21.0 326.0 -1 -1 -1 -1000 -1000 -1000 -10 0.0005521774291992188
Car -1 -1 -10 284.0 185.0 386.0 259.0 -1 -1 -1 -1000 -1000 -1000 -10 0.0005497932434082031
Pedestrian -1 -1 -10 0.0 202.0 15.0 329.0 -1 -1 -1 -1000 -1000 -1000 -10 0.00046443939208984375
Car -1 -1 -10 312.0 228.0 445.0 287.0 -1 -1 -1 -1000 -1000 -1000 -10 0.0002644062042236328
Car -1 -1 -10 237.0 219.0 346.0 269.0 -1 -1 -1 -1000 -1000 -1000 -10 0.0002371072769165039
Car -1 -1 -10 610.0 140.0 774.0 271.0 -1 -1 -1 -1000 -1000 -1000 -10 0.00020742416381835938
Car -1 -1 -10 784.0 0.0 812.0 0.0 -1 -1 -1 -1000 -1000 -1000 -10 0.00020265579223632812
Car -1 -1 -10 431.0 194.0 505.0 241.0 -1 -1 -1 -1000 -1000 -1000 -10 0.00012493133544921875
Cyclist -1 -1 -10 1.0 219.0 26.0 331.0 -1 -1 -1 -1000 -1000 -1000 -10 0.0001049041748046875
