Car -1 -1 -10 163.0 220.0 408.0 361.0 -1 -1 -1 -1000 -1000 -1000 -10 0.9697265625
Car -1 -1 -10 357.0 184.0 481.0 276.0 -1 -1 -1 -1000 -1000 -1000 -10 0.9638671875
Car -1 -1 -10 501.0 147.0 566.0 214.0 -1 -1 -1 -1000 -1000 -1000 -10 0.94970703125
Car -1 -1 -10 611.0 179.0 651.0 217.0 -1 -1 -1 -1000 -1000 -1000 -10 0.923828125
Pedestrian -1 -1 -10 602.0 176.0 615.0 215.0 -1 -1 -1 -1000 -1000 -1000 -10 0.80322265625
Pedestrian -1 -1 -10 599.0 174.0 611.0 215.0 -1 -1 -1 -1000 -1000 -1000 -10 0.0308074951171875
Pedestrian -1 -1 -10 599.0 175.0 619.0 215.0 -1 -1 -1 -1000 -1000 -1000 -10 0.002651214599609375
Car -1 -1 -10 223.0 226.0 341.0 351.0 -1 -1 -1 -1000 -1000 -1000 -10 0.0011129379272460938
Car -1 -1 -10 527.0 158.0 566.0 209.0 -1 -1 -1 -1000 -1000 -1000 -10 0.0006003379821777344
Car -1 -1 -10 1217.0 188.0 1242.0 375.0 -1 -1 -1 -1000 -1000 -1000 -10 0.0005621910095214844
Car -1 -1 -10 470.0 133.0 580.0 224.0 -1 -1 -1 -1000 -1000 -1000 -10 0.0005040168762207031
Car -1 -1 -10 594.0 168.0 655.0 230.0 -1 -1 -1 -1000 -1000 -1000 -10 0.00040078163146972656
Pedestrian -1 -1 -10 593.0 171.0 608.0 211.0 -1 -1 -1 -1000 -1000 -1000 -10 0.0003674030303955078
Car -1 -1 -10 0.0 230.0 24.0 375.0 -1 -1 -1 -1000 -1000 -1000 -10 0.00031638145446777344
Pedestrian -1 -1 -10 545.0 162.0 564.0 207.0 -1 -1 -1 -1000 -1000 -1000 -10 0.0002639293670654297
Car -1 -1 -10 1203.0 215.0 1242.0 375.0 -1 -1 -1 -1000 -1000 -1000 -10 0.0002052783966064453
Car -1 -1 -10 554.0 133.0 725.0 277.0 -1 -1 -1 -1000 -1000 -1000 -10 0.0002027750015258789
Car -1 -1 -10 0.0 224.0 47.0 375.0 -1 -1 -1 -1000 -1000 -1000 -10 0.00019621849060058594
Pedestrian -1 -1 -10 602.0 179.0 622.0 219.0 -1 -1 -1 -1000 -1000 -1000 -10 0.0001958608627319336
Pedestrian -1 -1 -10 604.0 186.0 614.0 220.0 -1 -1 -1 -1000 -1000 -1000 -10 0.0001697540283203125
Pedestrian -1 -1 -10 553.0 163.0 565.0 207.0 -1 -1 -1 -1000 -1000 -1000 -10 0.00016820430755615234
Car -1 -1 -10 704.0 0.0 749.0 10.0 -1 -1 -1 -1000 -1000 -1000 -10 0.00016808509826660156
Car -1 -1 -10 601.0 175.0 641.0 213.0 -1 -1 -1 -1000 -1000 -1000 -10 0.00015413761138916016
Pedestrian -1 -1 -10 657.0 0.0 703.0 1.0 -1 -1 -1 -1000 -1000 -1000 -10 0.00014793872833251953
Pedestrian -1 -1 -10 536.0 155.0 563.0 209.0 -1 -1 -1 -1000 -1000 -1000 -10 0.00012314319610595703
Car -1 -1 -10 1191.0 157.0 1242.0 371.0 -1 -1 -1 -1000 -1000 -1000 -10 0.00010764598846435547
