Car -1 -1 -10 581.0 174.0 704.0 291.0 -1 -1 -1 -1000 -1000 -1000 -10 0.97265625
Car -1 -1 -10 840.0 171.0 1115.0 340.0 -1 -1 -1 -1000 -1000 -1000 -10 0.9677734375
Car -1 -1 -10 0.0 182.0 157.0 284.0 -1 -1 -1 -1000 -1000 -1000 -10 0.96484375
Car -1 -1 -10 697.0 169.0 801.0 217.0 -1 -1 -1 -1000 -1000 -1000 -10 0.96435546875
Car -1 -1 -10 420.0 173.0 465.0 205.0 -1 -1 -1 -1000 -1000 -1000 -10 0.9619140625
Car -1 -1 -10 176.0 189.0 303.0 246.0 -1 -1 -1 -1000 -1000 -1000 -10 0.9580078125
Car -1 -1 -10 468.0 174.0 508.0 197.0 -1 -1 -1 -1000 -1000 -1000 -10 0.93701171875
Car -1 -1 -10 279.0 177.0 346.0 209.0 -1 -1 -1 -1000 -1000 -1000 -10 0.91796875
Car -1 -1 -10 383.0 180.0 443.0 210.0 -1 -1 -1 -1000 -1000 -1000 -10 0.90234375
Car -1 -1 -10 657.0 173.0 717.0 196.0 -1 -1 -1 -1000 -1000 -1000 -10 0.89697265625
Car -1 -1 -10 518.0 175.0 552.0 192.0 -1 -1 -1 -1000 -1000 -1000 -10 0.8955078125
Car -1 -1 -10 675.0 173.0 739.0 202.0 -1 -1 -1 -1000 -1000 -1000 -10 0.89453125
Car -1 -1 -10 536.0 174.0 562.0 189.0 -1 -1 -1 -1000 -1000 -1000 -10 0.1925048828125
Car -1 -1 -10 0.0 182.0 22.0 255.0 -1 -1 -1 -1000 -1000 -1000 -10 0.0159454345703125
Car -1 -1 -10 601.0 172.0 618.0 185.0 -1 -1 -1 -1000 -1000 -1000 -10 0.01076507568359375
Car -1 -1 -10 674.0 175.0 724.0 198.0 -1 -1 -1 -1000 -1000 -1000 -10 0.00707244873046875
Car -1 -1 -10 0.0 184.0 35.0 258.0 -1 -1 -1 -1000 -1000 -1000 -10 0.0061187744140625
Car -1 -1 -10 545.0 173.0 565.0 189.0 -1 -1 -1 -1000 -1000 -1000 -10 0.004634857177734375
Car -1 -1 -10 0.0 184.0 14.0 244.0 -1 -1 -1 -1000 -1000 -1000 -10 0.00305938720703125
Car -1 -1 -10 591.0 168.0 718.0 260.0 -1 -1 -1 -1000 -1000 -1000 -10 0.0012273788452148438
Car -1 -1 -10 566.0 154.0 743.0 280.0 -1 -1 -1 -1000 -1000 -1000 -10 0.00118255615234375
Car -1 -1 -10 271.0 176.0 336.0 200.0 -1 -1 -1 -1000 -1000 -1000 -10 0.0011587142944335938
Car -1 -1 -10 0.0 187.0 47.0 272.0 -1 -1 -1 -1000 -1000 -1000 -10 0.0010328292846679688
Car -1 -1 -10 652.0 175.0 701.0 195.0 -1 -1 -1 -1000 -1000 -1000 -10 0.0009365081787109375
Car -1 -1 -10 367.0 180.0 428.0 209.0 -1 -1 -1 -1000 -1000 -1000 -10 0.0009341239929199219
Car -1 -1 -10 725.0 172.0 774.0 208.0 -1 -1 -1 -1000 -1000 -1000 -10 0.0008845329284667969
Car -1 -1 -10 1221.0 182.0 1242.0 375.0 -1 -1 -1 -1000 -1000 -1000 -10 0.00067901611328125
Car -1 -1 -10 503.0 176.0 533.0 191.0 -1 -1 -1 -1000 -1000 -1000 -10 0.0006613731384277344
Car -1 -1 -10 0.0 190.0 21.0 318.0 -1 -1 -1 -1000 -1000 -1000 -10 0.000576019287109375
Car -1 -1 -10 414.0 161.0 485.0 224.0 -1 -1 -1 -1000 -1000 -1000 -10 0.0005412101745605469
Car -1 -1 -10 144.0 164.0 330.0 288.0 -1 -1 -1 -1000 -1000 -1000 -10 0.000537872314453125
Car -1 -1 -10 911.0 175.0 1035.0 328.0 -1 -1 -1 -1000 -1000 -1000 -10 0.0005354881286621094
Car -1 -1 -10 271.0 165.0 352.0 230.0 -1 -1 -1 -1000 -1000 -1000 -10 0.0005245208740234375
Car -1 -1 -10 0.0 193.0 15.0 293.0 -1 -1 -1 -1000 -1000 -1000 -10 0.00047206878662109375
Car -1 -1 -10 371.0 165.0 448.0 227.0 -1 -1 -1 -1000 -1000 -1000 -10 0.0004360675811767578
Car -1 -1 -10 612.0 172.0 636.0 186.0 -1 -1 -1 -1000 -1000 -1000 -10 0.0004119873046875
Car -1 -1 -10 565.0 171.0 584.0 183.0 -1 -1 -1 -1000 -1000 -1000 -10 0.0003857612609863281
Car -1 -1 -10 666.0 125.0 839.0 239.0 -1 -1 -1 -1000 -1000 -1000 -10 0.00036072731018066406
Car -1 -1 -10 515.0 172.0 556.0 204.0 -1 -1 -1 -1000 -1000 -1000 -10 0.0003559589385986328
Car -1 -1 -10 210.0 191.0 256.0 237.0 -1 -1 -1 -1000 -1000 -1000 -10 0.00034046173095703125
Car -1 -1 -10 594.0 174.0 610.0 187.0 -1 -1 -1 -1000 -1000 -1000 -10 0.0003249645233154297
Car -1 -1 -10 670.0 155.0 770.0 219.0 -1 -1 -1 -1000 -1000 -1000 -10 0.0002911090850830078
Car -1 -1 -10 214.0 131.0 402.0 281.0 -1 -1 -1 -1000 -1000 -1000 -10 0.00028634071350097656
Car -1 -1 -10 1.0 182.0 69.0 263.0 -1 -1 -1 -1000 -1000 -1000 -10 0.00026535987854003906
Car -1 -1 -10 266.0 177.0 327.0 209.0 -1 -1 -1 -1000 -1000 -1000 -10 0.0002522468566894531
Car -1 -1 -10 616.0 171.0 637.0 183.0 -1 -1 -1 -1000 -1000 -1000 -10 0.00022399425506591797
Car -1 -1 -10 599.0 172.0 624.0 188.0 -1 -1 -1 -1000 -1000 -1000 -10 0.00022125244140625
Car -1 -1 -10 0.0 220.0 31.0 321.0 -1 -1 -1 -1000 -1000 -1000 -10 0.00020587444305419922
Car -1 -1 -10 552.0 169.0 572.0 183.0 -1 -1 -1 -1000 -1000 -1000 -10 0.0002040863037109375
Car -1 -1 -10 274.0 170.0 340.0 194.0 -1 -1 -1 -1000 -1000 -1000 -10 0.00019550323486328125
Car -1 -1 -10 307.0 133.0 491.0 274.0 -1 -1 -1 -1000 -1000 -1000 -10 0.00018835067749023438
Car -1 -1 -10 381.0 133.0 544.0 269.0 -1 -1 -1 -1000 -1000 -1000 -10 0.00017952919006347656
Car -1 -1 -10 648.0 154.0 743.0 217.0 -1 -1 -1 -1000 -1000 -1000 -10 0.0001722574234008789
Car -1 -1 -10 347.0 114.0 518.0 241.0 -1 -1 -1 -1000 -1000 -1000 -10 0.00016999244689941406
Car -1 -1 -10 0.0 170.0 11.0 229.0 -1 -1 -1 -1000 -1000 -1000 -10 0.00015544891357421875
Car -1 -1 -10 597.0 176.0 617.0 193.0 -1 -1 -1 -1000 -1000 -1000 -10 0.00015234947204589844
Car -1 -1 -10 1208.0 205.0 1241.0 375.0 -1 -1 -1 -1000 -1000 -1000 -10 0.0001494884490966797
Car -1 -1 -10 2.0 174.0 39.0 242.0 -1 -1 -1 -1000 -1000 -1000 -10 0.00014340877532958984
Car -1 -1 -10 0.0 216.0 17.0 327.0 -1 -1 -1 -1000 -1000 -1000 -10 0.00013911724090576172
Pedestrian -1 -1 -10 937.0 0.0 968.0 2.0 -1 -1 -1 -1000 -1000 -1000 -10 0.0001329183578491211
Car -1 -1 -10 0.0 199.0 27.0 351.0 -1 -1 -1 -1000 -1000 -1000 -10 0.00013184547424316406
Car -1 -1 -10 1224.0 158.0 1242.0 323.0 -1 -1 -1 -1000 -1000 -1000 -10 0.00012826919555664062
Car -1 -1 -10 532.0 169.0 567.0 206.0 -1 -1 -1 -1000 -1000 -1000 -10 0.00011426210403442383
Car -1 -1 -10 541.0 174.0 575.0 194.0 -1 -1 -1 -1000 -1000 -1000 -10 0.00011289119720458984
Car -1 -1 -10 0.0 212.0 46.0 340.0 -1 -1 -1 -1000 -1000 -1000 -10 0.00011217594146728516
Car -1 -1 -10 589.0 118.0 777.0 241.0 -1 -1 -1 -1000 -1000 -1000 -10 0.0001081228256225586
Car -1 -1 -10 0.0 161.0 17.0 221.0 -1 -1 -1 -1000 -1000 -1000 -10 0.00010776519775390625
Car -1 -1 -10 447.0 174.0 478.0 198.0 -1 -1 -1 -1000 -1000 -1000 -10 0.00010687112808227539
Car -1 -1 -10 591.0 173.0 615.0 189.0 -1 -1 -1 -1000 -1000 -1000 -10 0.0001061558723449707
Car -1 -1 -10 511.0 177.0 541.0 191.0 -1 -1 -1 -1000 -1000 -1000 -10 0.0001055002212524414
Car -1 -1 -10 465.0 175.0 495.0 195.0 -1 -1 -1 -1000 -1000 -1000 -10 0.00010317564010620117
Car -1 -1 -10 539.0 165.0 565.0 186.0 -1 -1 -1 -1000 -1000 -1000 -10 0.000102996826171875
Car -1 -1 -10 38.0 182.0 114.0 280.0 -1 -1 -1 -1000 -1000 -1000 -10 0.00010269880294799805
Car -1 -1 -10 43.0 181.0 150.0 230.0 -1 -1 -1 -1000 -1000 -1000 -10 0.00010120868682861328
