Car -1 -1 -10 686.0 171.0 902.0 247.0 -1 -1 -1 -1000 -1000 -1000 -10 0.95068359375
Car -1 -1 -10 662.0 161.0 844.0 232.0 -1 -1 -1 -1000 -1000 -1000 -10 0.93994140625
Car -1 -1 -10 282.0 182.0 468.0 238.0 -1 -1 -1 -1000 -1000 -1000 -10 0.9365234375
Car -1 -1 -10 415.0 179.0 509.0 208.0 -1 -1 -1 -1000 -1000 -1000 -10 0.92822265625
Car -1 -1 -10 377.0 179.0 490.0 216.0 -1 -1 -1 -1000 -1000 -1000 -10 0.90771484375
Car -1 -1 -10 701.0 171.0 864.0 227.0 -1 -1 -1 -1000 -1000 -1000 -10 0.0012731552124023438
Car -1 -1 -10 377.0 167.0 501.0 232.0 -1 -1 -1 -1000 -1000 -1000 -10 0.0007147789001464844
Car -1 -1 -10 408.0 182.0 455.0 206.0 -1 -1 -1 -1000 -1000 -1000 -10 0.00041413307189941406
Pedestrian -1 -1 -10 1.0 173.0 11.0 262.0 -1 -1 -1 -1000 -1000 -1000 -10 0.0003108978271484375
Car -1 -1 -10 354.0 136.0 558.0 274.0 -1 -1 -1 -1000 -1000 -1000 -10 0.0002911090850830078
Car -1 -1 -10 252.0 146.0 494.0 273.0 -1 -1 -1 -1000 -1000 -1000 -10 0.00025343894958496094
Car -1 -1 -10 336.0 127.0 528.0 246.0 -1 -1 -1 -1000 -1000 -1000 -10 0.0002334117889404297
Car -1 -1 -10 402.0 161.0 517.0 218.0 -1 -1 -1 -1000 -1000 -1000 -10 0.00016999244689941406
Pedestrian -1 -1 -10 0.0 163.0 14.0 287.0 -1 -1 -1 -1000 -1000 -1000 -10 0.00013375282287597656
Car -1 -1 -10 0.0 204.0 24.0 366.0 -1 -1 -1 -1000 -1000 -1000 -10 0.00011771917343139648
Car -1 -1 -10 361.0 188.0 393.0 226.0 -1 -1 -1 -1000 -1000 -1000 -10 0.00011545419692993164
Car -1 -1 -10 438.0 176.0 517.0 204.0 -1 -1 -1 -1000 -1000 -1000 -10 0.00011444091796875
Car -1 -1 -10 436.0 181.0 486.0 201.0 -1 -1 -1 -1000 -1000 -1000 -10 0.00010877847671508789
