Car -1 -1 -10 0.0 185.0 214.0 314.0 -1 -1 -1 -1000 -1000 -1000 -10 0.95849609375
Car -1 -1 -10 734.0 186.0 950.0 276.0 -1 -1 -1 -1000 -1000 -1000 -10 0.95654296875
Car -1 -1 -10 96.0 183.0 333.0 265.0 -1 -1 -1 -1000 -1000 -1000 -10 0.9521484375
Car -1 -1 -10 701.0 188.0 879.0 264.0 -1 -1 -1 -1000 -1000 -1000 -10 0.9482421875
Car -1 -1 -10 187.0 175.0 362.0 246.0 -1 -1 -1 -1000 -1000 -1000 -10 0.94091796875
Car -1 -1 -10 452.0 184.0 489.0 208.0 -1 -1 -1 -1000 -1000 -1000 -10 0.9404296875
Car -1 -1 -10 267.0 175.0 383.0 227.0 -1 -1 -1 -1000 -1000 -1000 -10 0.84521484375
Car -1 -1 -10 0.0 196.0 73.0 361.0 -1 -1 -1 -1000 -1000 -1000 -10 0.49365234375
Car -1 -1 -10 293.0 176.0 388.0 217.0 -1 -1 -1 -1000 -1000 -1000 -10 0.275634765625
Car -1 -1 -10 1169.0 232.0 1241.0 373.0 -1 -1 -1 -1000 -1000 -1000 -10 0.1656494140625
Car -1 -1 -10 1179.0 161.0 1242.0 375.0 -1 -1 -1 -1000 -1000 -1000 -10 0.002346038818359375
Car -1 -1 -10 0.0 174.0 57.0 296.0 -1 -1 -1 -1000 -1000 -1000 -10 0.0020961761474609375
Car -1 -1 -10 774.0 188.0 908.0 270.0 -1 -1 -1 -1000 -1000 -1000 -10 0.0017242431640625
Car -1 -1 -10 149.0 186.0 282.0 256.0 -1 -1 -1 -1000 -1000 -1000 -10 0.0015926361083984375
Car -1 -1 -10 1197.0 200.0 1241.0 368.0 -1 -1 -1 -1000 -1000 -1000 -10 0.0014801025390625
Car -1 -1 -10 0.0 176.0 34.0 297.0 -1 -1 -1 -1000 -1000 -1000 -10 0.0014619827270507812
Car -1 -1 -10 2.0 183.0 85.0 293.0 -1 -1 -1 -1000 -1000 -1000 -10 0.0008482933044433594
Car -1 -1 -10 431.0 184.0 463.0 202.0 -1 -1 -1 -1000 -1000 -1000 -10 0.0005054473876953125
Car -1 -1 -10 223.0 144.0 402.0 251.0 -1 -1 -1 -1000 -1000 -1000 -10 0.0004477500915527344
Car -1 -1 -10 35.0 188.0 177.0 305.0 -1 -1 -1 -1000 -1000 -1000 -10 0.0004105567932128906
Car -1 -1 -10 1219.0 165.0 1241.0 357.0 -1 -1 -1 -1000 -1000 -1000 -10 0.0003924369812011719
Car -1 -1 -10 281.0 179.0 359.0 230.0 -1 -1 -1 -1000 -1000 -1000 -10 0.0003879070281982422
Car -1 -1 -10 438.0 185.0 476.0 205.0 -1 -1 -1 -1000 -1000 -1000 -10 0.00034046173095703125
Car -1 -1 -10 227.0 179.0 382.0 237.0 -1 -1 -1 -1000 -1000 -1000 -10 0.0003323554992675781
Car -1 -1 -10 303.0 176.0 352.0 220.0 -1 -1 -1 -1000 -1000 -1000 -10 0.000324249267578125
Pedestrian -1 -1 -10 1221.0 143.0 1241.0 334.0 -1 -1 -1 -1000 -1000 -1000 -10 0.0002968311309814453
Car -1 -1 -10 429.0 182.0 456.0 199.0 -1 -1 -1 -1000 -1000 -1000 -10 0.00024628639221191406
Car -1 -1 -10 1201.0 257.0 1242.0 369.0 -1 -1 -1 -1000 -1000 -1000 -10 0.00021731853485107422
Car -1 -1 -10 397.0 0.0 427.0 7.0 -1 -1 -1 -1000 -1000 -1000 -10 0.0001537799835205078
Car -1 -1 -10 1203.0 106.0 1242.0 344.0 -1 -1 -1 -1000 -1000 -1000 -10 0.0001405477523803711
Car -1 -1 -10 2.0 221.0 41.0 364.0 -1 -1 -1 -1000 -1000 -1000 -10 0.00011241436004638672
Car -1 -1 -10 313.0 179.0 362.0 217.0 -1 -1 -1 -1000 -1000 -1000 -10 0.00010758638381958008
Car -1 -1 -10 1131.0 215.0 1242.0 375.0 -1 -1 -1 -1000 -1000 -1000 -10 0.00010573863983154297
