Car -1 -1 -10 803.0 193.0 1182.0 373.0 -1 -1 -1 -1000 -1000 -1000 -10 0.97119140625
Car -1 -1 -10 700.0 179.0 833.0 275.0 -1 -1 -1 -1000 -1000 -1000 -10 0.96240234375
Car -1 -1 -10 400.0 182.0 490.0 249.0 -1 -1 -1 -1000 -1000 -1000 -10 0.95947265625
Car -1 -1 -10 656.0 178.0 750.0 245.0 -1 -1 -1 -1000 -1000 -1000 -10 0.95263671875
Car -1 -1 -10 0.0 208.0 177.0 373.0 -1 -1 -1 -1000 -1000 -1000 -10 0.951171875
Car -1 -1 -10 637.0 179.0 705.0 228.0 -1 -1 -1 -1000 -1000 -1000 -10 0.9404296875
Car -1 -1 -10 485.0 181.0 527.0 213.0 -1 -1 -1 -1000 -1000 -1000 -10 0.921875
Car -1 -1 -10 763.0 164.0 834.0 197.0 -1 -1 -1 -1000 -1000 -1000 -10 0.916015625
Car -1 -1 -10 443.0 181.0 510.0 230.0 -1 -1 -1 -1000 -1000 -1000 -10 0.9072265625
Car -1 -1 -10 465.0 181.0 517.0 218.0 -1 -1 -1 -1000 -1000 -1000 -10 0.25146484375
Car -1 -1 -10 1093.0 213.0 1242.0 369.0 -1 -1 -1 -1000 -1000 -1000 -10 0.006862640380859375
Car -1 -1 -10 1212.0 200.0 1242.0 368.0 -1 -1 -1 -1000 -1000 -1000 -10 0.00494384765625
Car -1 -1 -10 426.0 183.0 497.0 237.0 -1 -1 -1 -1000 -1000 -1000 -10 0.003894805908203125
Car -1 -1 -10 1199.0 175.0 1241.0 362.0 -1 -1 -1 -1000 -1000 -1000 -10 0.0016489028930664062
Car -1 -1 -10 446.0 174.0 524.0 238.0 -1 -1 -1 -1000 -1000 -1000 -10 0.0011072158813476562
Car -1 -1 -10 655.0 163.0 786.0 266.0 -1 -1 -1 -1000 -1000 -1000 -10 0.000949859619140625
Car -1 -1 -10 382.0 167.0 502.0 261.0 -1 -1 -1 -1000 -1000 -1000 -10 0.0007009506225585938
Car -1 -1 -10 1173.0 206.0 1242.0 372.0 -1 -1 -1 -1000 -1000 -1000 -10 0.0005970001220703125
Car -1 -1 -10 646.0 174.0 701.0 217.0 -1 -1 -1 -1000 -1000 -1000 -10 0.0005230903625488281
Car -1 -1 -10 757.0 148.0 841.0 214.0 -1 -1 -1 -1000 -1000 -1000 -10 0.0004987716674804688
Car -1 -1 -10 696.0 109.0 868.0 253.0 -1 -1 -1 -1000 -1000 -1000 -10 0.0004420280456542969
Car -1 -1 -10 636.0 179.0 687.0 218.0 -1 -1 -1 -1000 -1000 -1000 -10 0.00037598609924316406
Car -1 -1 -10 4.0 208.0 157.0 311.0 -1 -1 -1 -1000 -1000 -1000 -10 0.000324249267578125
Car -1 -1 -10 600.0 173.0 633.0 197.0 -1 -1 -1 -1000 -1000 -1000 -10 0.0002949237823486328
Car -1 -1 -10 634.0 183.0 672.0 212.0 -1 -1 -1 -1000 -1000 -1000 -10 0.0002853870391845703
Car -1 -1 -10 615.0 150.0 763.0 252.0 -1 -1 -1 -1000 -1000 -1000 -10 0.0002639293670654297
Car -1 -1 -10 393.0 147.0 552.0 255.0 -1 -1 -1 -1000 -1000 -1000 -10 0.00024175643920898438
Car -1 -1 -10 1219.0 241.0 1242.0 375.0 -1 -1 -1 -1000 -1000 -1000 -10 0.00022101402282714844
Car -1 -1 -10 579.0 141.0 743.0 271.0 -1 -1 -1 -1000 -1000 -1000 -10 0.00021755695343017578
Car -1 -1 -10 0.0 193.0 25.0 369.0 -1 -1 -1 -1000 -1000 -1000 -10 0.00021195411682128906
Car -1 -1 -10 473.0 162.0 532.0 223.0 -1 -1 -1 -1000 -1000 -1000 -10 0.00016629695892333984
Car -1 -1 -10 618.0 182.0 664.0 210.0 -1 -1 -1 -1000 -1000 -1000 -10 0.00015461444854736328
Car -1 -1 -10 415.0 183.0 465.0 242.0 -1 -1 -1 -1000 -1000 -1000 -10 0.00015056133270263672
Car -1 -1 -10 1216.0 161.0 1242.0 331.0 -1 -1 -1 -1000 -1000 -1000 -10 0.00013208389282226562
Car -1 -1 -10 418.0 119.0 595.0 250.0 -1 -1 -1 -1000 -1000 -1000 -10 0.00011932849884033203
Car -1 -1 -10 605.0 177.0 635.0 200.0 -1 -1 -1 -1000 -1000 -1000 -10 0.00011014938354492188
Car -1 -1 -10 1146.0 186.0 1242.0 352.0 -1 -1 -1 -1000 -1000 -1000 -10 0.00010251998901367188
