Car -1 -1 -10 2.0 192.0 343.0 374.0 -1 -1 -1 -1000 -1000 -1000 -10 0.97509765625
Car -1 -1 -10 609.0 176.0 688.0 246.0 -1 -1 -1 -1000 -1000 -1000 -10 0.96826171875
Car -1 -1 -10 174.0 164.0 298.0 226.0 -1 -1 -1 -1000 -1000 -1000 -10 0.92041015625
Car -1 -1 -10 176.0 186.0 326.0 255.0 -1 -1 -1 -1000 -1000 -1000 -10 0.9140625
Car -1 -1 -10 733.0 182.0 764.0 199.0 -1 -1 -1 -1000 -1000 -1000 -10 0.9111328125
Car -1 -1 -10 670.0 182.0 705.0 207.0 -1 -1 -1 -1000 -1000 -1000 -10 0.90234375
Car -1 -1 -10 1.0 187.0 158.0 261.0 -1 -1 -1 -1000 -1000 -1000 -10 0.89599609375
Car -1 -1 -10 108.0 183.0 201.0 230.0 -1 -1 -1 -1000 -1000 -1000 -10 0.0557861328125
Car -1 -1 -10 476.0 178.0 521.0 211.0 -1 -1 -1 -1000 -1000 -1000 -10 0.055145263671875
Car -1 -1 -10 0.0 185.0 98.0 251.0 -1 -1 -1 -1000 -1000 -1000 -10 0.0305023193359375
Car -1 -1 -10 0.0 183.0 26.0 253.0 -1 -1 -1 -1000 -1000 -1000 -10 0.01128387451171875
Car -1 -1 -10 1.0 186.0 66.0 277.0 -1 -1 -1 -1000 -1000 -1000 -10 0.008392333984375
Car -1 -1 -10 0.0 182.0 60.0 238.0 -1 -1 -1 -1000 -1000 -1000 -10 0.005435943603515625
Car -1 -1 -10 0.0 184.0 31.0 283.0 -1 -1 -1 -1000 -1000 -1000 -10 0.004749298095703125
Car -1 -1 -10 101.0 185.0 227.0 240.0 -1 -1 -1 -1000 -1000 -1000 -10 0.004634857177734375
Car -1 -1 -10 488.0 177.0 532.0 206.0 -1 -1 -1 -1000 -1000 -1000 -10 0.0038242340087890625
Car -1 -1 -10 0.0 175.0 15.0 237.0 -1 -1 -1 -1000 -1000 -1000 -10 0.003498077392578125
Car -1 -1 -10 1.0 194.0 77.0 311.0 -1 -1 -1 -1000 -1000 -1000 -10 0.0033168792724609375
Car -1 -1 -10 259.0 182.0 344.0 226.0 -1 -1 -1 -1000 -1000 -1000 -10 0.0021190643310546875
Car -1 -1 -10 679.0 184.0 707.0 206.0 -1 -1 -1 -1000 -1000 -1000 -10 0.002010345458984375
Car -1 -1 -10 0.0 179.0 17.0 263.0 -1 -1 -1 -1000 -1000 -1000 -10 0.0018863677978515625
Car -1 -1 -10 1.0 185.0 40.0 241.0 -1 -1 -1 -1000 -1000 -1000 -10 0.0017766952514648438
Car -1 -1 -10 0.0 172.0 25.0 226.0 -1 -1 -1 -1000 -1000 -1000 -10 0.0016107559204101562
Car -1 -1 -10 0.0 200.0 25.0 354.0 -1 -1 -1 -1000 -1000 -1000 -10 0.0010471343994140625
Car -1 -1 -10 0.0 198.0 17.0 307.0 -1 -1 -1 -1000 -1000 -1000 -10 0.0008211135864257812
Car -1 -1 -10 115.0 181.0 290.0 251.0 -1 -1 -1 -1000 -1000 -1000 -10 0.000720977783203125
Car -1 -1 -10 0.0 194.0 136.0 301.0 -1 -1 -1 -1000 -1000 -1000 -10 0.0007109642028808594
Car -1 -1 -10 166.0 177.0 341.0 279.0 -1 -1 -1 -1000 -1000 -1000 -10 0.0006241798400878906
Car -1 -1 -10 158.0 142.0 312.0 242.0 -1 -1 -1 -1000 -1000 -1000 -10 0.0005750656127929688
Car -1 -1 -10 0.0 208.0 31.0 315.0 -1 -1 -1 -1000 -1000 -1000 -10 0.0005331039428710938
Car -1 -1 -10 210.0 166.0 257.0 217.0 -1 -1 -1 -1000 -1000 -1000 -10 0.0004887580871582031
Car -1 -1 -10 2.0 171.0 43.0 227.0 -1 -1 -1 -1000 -1000 -1000 -10 0.0004792213439941406
Car -1 -1 -10 586.0 163.0 704.0 257.0 -1 -1 -1 -1000 -1000 -1000 -10 0.00045228004455566406
Car -1 -1 -10 0.0 197.0 54.0 334.0 -1 -1 -1 -1000 -1000 -1000 -10 0.00039005279541015625
Car -1 -1 -10 0.0 196.0 104.0 336.0 -1 -1 -1 -1000 -1000 -1000 -10 0.00033092498779296875
Car -1 -1 -10 0.0 248.0 21.0 376.0 -1 -1 -1 -1000 -1000 -1000 -10 0.00025844573974609375
Car -1 -1 -10 218.0 175.0 263.0 223.0 -1 -1 -1 -1000 -1000 -1000 -10 0.00025081634521484375
Car -1 -1 -10 115.0 175.0 195.0 215.0 -1 -1 -1 -1000 -1000 -1000 -10 0.0002313852310180664
Car -1 -1 -10 0.0 189.0 13.0 251.0 -1 -1 -1 -1000 -1000 -1000 -10 0.00022935867309570312
Car -1 -1 -10 731.0 180.0 767.0 209.0 -1 -1 -1 -1000 -1000 -1000 -10 0.0002276897430419922
Car -1 -1 -10 635.0 179.0 684.0 218.0 -1 -1 -1 -1000 -1000 -1000 -10 0.0002243518829345703
Car -1 -1 -10 501.0 174.0 547.0 201.0 -1 -1 -1 -1000 -1000 -1000 -10 0.0002067089080810547
Car -1 -1 -10 170.0 164.0 264.0 215.0 -1 -1 -1 -1000 -1000 -1000 -10 0.00019824504852294922
Car -1 -1 -10 67.0 186.0 226.0 259.0 -1 -1 -1 -1000 -1000 -1000 -10 0.00019490718841552734
Car -1 -1 -10 477.0 188.0 519.0 220.0 -1 -1 -1 -1000 -1000 -1000 -10 0.00019049644470214844
Car -1 -1 -10 654.0 179.0 689.0 209.0 -1 -1 -1 -1000 -1000 -1000 -10 0.0001723766326904297
Car -1 -1 -10 0.0 223.0 44.0 374.0 -1 -1 -1 -1000 -1000 -1000 -10 0.0001634359359741211
Car -1 -1 -10 221.0 185.0 265.0 235.0 -1 -1 -1 -1000 -1000 -1000 -10 0.00015842914581298828
Car -1 -1 -10 113.0 179.0 247.0 230.0 -1 -1 -1 -1000 -1000 -1000 -10 0.00013744831085205078
Car -1 -1 -10 684.0 182.0 705.0 199.0 -1 -1 -1 -1000 -1000 -1000 -10 0.00013720989227294922
Car -1 -1 -10 200.0 172.0 278.0 227.0 -1 -1 -1 -1000 -1000 -1000 -10 0.00013530254364013672
Car -1 -1 -10 399.0 5.0 501.0 68.0 -1 -1 -1 -1000 -1000 -1000 -10 0.00012993812561035156
Car -1 -1 -10 366.0 5.0 469.0 70.0 -1 -1 -1 -1000 -1000 -1000 -10 0.00012195110321044922
Car -1 -1 -10 231.0 190.0 274.0 246.0 -1 -1 -1 -1000 -1000 -1000 -10 0.00011789798736572266
Car -1 -1 -10 1.0 173.0 78.0 228.0 -1 -1 -1 -1000 -1000 -1000 -10 0.00011563301086425781
Car -1 -1 -10 470.0 179.0 516.0 223.0 -1 -1 -1 -1000 -1000 -1000 -10 0.00010222196578979492
Car -1 -1 -10 0.0 246.0 14.0 364.0 -1 -1 -1 -1000 -1000 -1000 -10 0.00010102987289428711
