Car -1 -1 -10 825.0 202.0 1240.0 373.0 -1 -1 -1 -1000 -1000 -1000 -10 0.97265625
Car -1 -1 -10 684.0 182.0 807.0 262.0 -1 -1 -1 -1000 -1000 -1000 -10 0.96630859375
Car -1 -1 -10 3.0 192.0 261.0 335.0 -1 -1 -1 -1000 -1000 -1000 -10 0.9599609375
Car -1 -1 -10 0.0 197.0 119.0 372.0 -1 -1 -1 -1000 -1000 -1000 -10 0.94921875
Car -1 -1 -10 664.0 179.0 728.0 221.0 -1 -1 -1 -1000 -1000 -1000 -10 0.9423828125
Car -1 -1 -10 17.0 187.0 318.0 296.0 -1 -1 -1 -1000 -1000 -1000 -10 0.9404296875
Car -1 -1 -10 131.0 176.0 367.0 272.0 -1 -1 -1 -1000 -1000 -1000 -10 0.9384765625
Car -1 -1 -10 642.0 172.0 676.0 200.0 -1 -1 -1 -1000 -1000 -1000 -10 0.9267578125
Car -1 -1 -10 300.0 184.0 472.0 243.0 -1 -1 -1 -1000 -1000 -1000 -10 0.9228515625
Car -1 -1 -10 360.0 169.0 468.0 223.0 -1 -1 -1 -1000 -1000 -1000 -10 0.8974609375
Car -1 -1 -10 0.0 195.0 180.0 351.0 -1 -1 -1 -1000 -1000 -1000 -10 0.029449462890625
Car -1 -1 -10 461.0 176.0 533.0 204.0 -1 -1 -1 -1000 -1000 -1000 -10 0.01922607421875
Car -1 -1 -10 659.0 177.0 708.0 211.0 -1 -1 -1 -1000 -1000 -1000 -10 0.01739501953125
Car -1 -1 -10 1212.0 204.0 1242.0 361.0 -1 -1 -1 -1000 -1000 -1000 -10 0.005954742431640625
Car -1 -1 -10 1191.0 203.0 1242.0 372.0 -1 -1 -1 -1000 -1000 -1000 -10 0.002849578857421875
Car -1 -1 -10 0.0 182.0 128.0 298.0 -1 -1 -1 -1000 -1000 -1000 -10 0.0011739730834960938
Car -1 -1 -10 60.0 197.0 192.0 324.0 -1 -1 -1 -1000 -1000 -1000 -10 0.00106048583984375
Car -1 -1 -10 280.0 166.0 497.0 275.0 -1 -1 -1 -1000 -1000 -1000 -10 0.0009908676147460938
Car -1 -1 -10 377.0 177.0 425.0 221.0 -1 -1 -1 -1000 -1000 -1000 -10 0.0008769035339355469
Car -1 -1 -10 183.0 179.0 322.0 263.0 -1 -1 -1 -1000 -1000 -1000 -10 0.00066375732421875
Car -1 -1 -10 387.0 177.0 480.0 220.0 -1 -1 -1 -1000 -1000 -1000 -10 0.0005083084106445312
Car -1 -1 -10 659.0 169.0 733.0 232.0 -1 -1 -1 -1000 -1000 -1000 -10 0.0004696846008300781
Car -1 -1 -10 1221.0 212.0 1242.0 340.0 -1 -1 -1 -1000 -1000 -1000 -10 0.00042748451232910156
Car -1 -1 -10 323.0 141.0 518.0 273.0 -1 -1 -1 -1000 -1000 -1000 -10 0.00036144256591796875
Car -1 -1 -10 360.0 185.0 477.0 236.0 -1 -1 -1 -1000 -1000 -1000 -10 0.00032448768615722656
Car -1 -1 -10 1158.0 218.0 1242.0 373.0 -1 -1 -1 -1000 -1000 -1000 -10 0.0003113746643066406
Car -1 -1 -10 1219.0 174.0 1242.0 319.0 -1 -1 -1 -1000 -1000 -1000 -10 0.00029587745666503906
Car -1 -1 -10 2.0 171.0 73.0 359.0 -1 -1 -1 -1000 -1000 -1000 -10 0.0002682209014892578
Car -1 -1 -10 613.0 134.0 769.0 246.0 -1 -1 -1 -1000 -1000 -1000 -10 0.0002053976058959961
Car -1 -1 -10 1196.0 199.0 1240.0 320.0 -1 -1 -1 -1000 -1000 -1000 -10 0.0001957416534423828
Car -1 -1 -10 463.0 179.0 509.0 204.0 -1 -1 -1 -1000 -1000 -1000 -10 0.00018596649169921875
Car -1 -1 -10 369.0 180.0 448.0 228.0 -1 -1 -1 -1000 -1000 -1000 -10 0.00018107891082763672
Car -1 -1 -10 1.0 181.0 66.0 299.0 -1 -1 -1 -1000 -1000 -1000 -10 0.00017821788787841797
Car -1 -1 -10 1217.0 239.0 1242.0 375.0 -1 -1 -1 -1000 -1000 -1000 -10 0.00016999244689941406
Car -1 -1 -10 1098.0 208.0 1242.0 375.0 -1 -1 -1 -1000 -1000 -1000 -10 0.00016188621520996094
Car -1 -1 -10 367.0 187.0 411.0 234.0 -1 -1 -1 -1000 -1000 -1000 -10 0.0001575946807861328
Car -1 -1 -10 441.0 179.0 511.0 208.0 -1 -1 -1 -1000 -1000 -1000 -10 0.00014674663543701172
Car -1 -1 -10 0.0 185.0 24.0 341.0 -1 -1 -1 -1000 -1000 -1000 -10 0.00012385845184326172
Car -1 -1 -10 102.0 195.0 241.0 287.0 -1 -1 -1 -1000 -1000 -1000 -10 0.00012177228927612305
Car -1 -1 -10 634.0 170.0 661.0 195.0 -1 -1 -1 -1000 -1000 -1000 -10 0.00011718273162841797
Car -1 -1 -10 386.0 182.0 432.0 226.0 -1 -1 -1 -1000 -1000 -1000 -10 0.00010925531387329102
Car -1 -1 -10 0.0 202.0 102.0 314.0 -1 -1 -1 -1000 -1000 -1000 -10 0.00010520219802856445
