Pedestrian -1 -1 -10 570.0 159.0 614.0 263.0 -1 -1 -1 -1000 -1000 -1000 -10 0.923828125
Pedestrian -1 -1 -10 866.0 139.0 929.0 290.0 -1 -1 -1 -1000 -1000 -1000 -10 0.9208984375
Pedestrian -1 -1 -10 748.0 144.0 796.0 256.0 -1 -1 -1 -1000 -1000 -1000 -10 0.908203125
Pedestrian -1 -1 -10 303.0 161.0 342.0 272.0 -1 -1 -1 -1000 -1000 -1000 -10 0.89990234375
Cyclist -1 -1 -10 507.0 165.0 540.0 245.0 -1 -1 -1 -1000 -1000 -1000 -10 0.88818359375
Pedestrian -1 -1 -10 462.0 160.0 503.0 262.0 -1 -1 -1 -1000 -1000 -1000 -10 0.84765625
Pedestrian -1 -1 -10 423.0 187.0 471.0 255.0 -1 -1 -1 -1000 -1000 -1000 -10 0.80615234375
Pedestrian -1 -1 -10 540.0 164.0 555.0 214.0 -1 -1 -1 -1000 -1000 -1000 -10 0.7080078125
Pedestrian -1 -1 -10 426.0 179.0 490.0 255.0 -1 -1 -1 -1000 -1000 -1000 -10 0.4775390625
Pedestrian -1 -1 -10 545.0 162.0 567.0 220.0 -1 -1 -1 -1000 -1000 -1000 -10 0.28125
Pedestrian -1 -1 -10 561.0 163.0 579.0 218.0 -1 -1 -1 -1000 -1000 -1000 -10 0.263916015625
Pedestrian -1 -1 -10 444.0 172.0 501.0 258.0 -1 -1 -1 -1000 -1000 -1000 -10 0.24951171875
Cyclist -1 -1 -10 483.0 163.0 510.0 236.0 -1 -1 -1 -1000 -1000 -1000 -10 0.11578369140625
Pedestrian -1 -1 -10 533.0 162.0 548.0 208.0 -1 -1 -1 -1000 -1000 -1000 -10 0.09661865234375
Pedestrian -1 -1 -10 482.0 163.0 507.0 233.0 -1 -1 -1 -1000 -1000 -1000 -10 0.055877685546875
Cyclist -1 -1 -10 467.0 162.0 516.0 247.0 -1 -1 -1 -1000 -1000 -1000 -10 0.037384033203125
Cyclist -1 -1 -10 498.0 166.0 521.0 216.0 -1 -1 -1 -1000 -1000 -1000 -10 0.033660888671875
Pedestrian -1 -1 -10 498.0 165.0 517.0 221.0 -1 -1 -1 -1000 -1000 -1000 -10 0.032928466796875
Pedestrian -1 -1 -10 503.0 167.0 520.0 211.0 -1 -1 -1 -1000 -1000 -1000 -10 0.0229949951171875
Pedestrian -1 -1 -10 450.0 181.0 486.0 259.0 -1 -1 -1 -1000 -1000 -1000 -10 0.022247314453125
Cyclist -1 -1 -10 508.0 168.0 533.0 225.0 -1 -1 -1 -1000 -1000 -1000 -10 0.01934814453125
Pedestrian -1 -1 -10 526.0 164.0 545.0 215.0 -1 -1 -1 -1000 -1000 -1000 -10 0.0111236572265625
Pedestrian -1 -1 -10 438.0 191.0 475.0 257.0 -1 -1 -1 -1000 -1000 -1000 -10 0.00930023193359375
Pedestrian -1 -1 -10 565.0 164.0 585.0 226.0 -1 -1 -1 -1000 -1000 -1000 -10 0.00904083251953125
Pedestrian -1 -1 -10 513.0 166.0 531.0 209.0 -1 -1 -1 -1000 -1000 -1000 -10 0.0075225830078125
Cyclist -1 -1 -10 526.0 165.0 545.0 215.0 -1 -1 -1 -1000 -1000 -1000 -10 0.006183624267578125
Pedestrian -1 -1 -10 1215.0 153.0 1238.0 364.0 -1 -1 -1 -1000 -1000 -1000 -10 0.005733489990234375
Pedestrian -1 -1 -10 567.0 160.0 596.0 250.0 -1 -1 -1 -1000 -1000 -1000 -10 0.003936767578125
Pedestrian -1 -1 -10 492.0 166.0 510.0 214.0 -1 -1 -1 -1000 -1000 -1000 -10 0.0035762786865234375
Pedestrian -1 -1 -10 1209.0 109.0 1238.0 331.0 -1 -1 -1 -1000 -1000 -1000 -10 0.0026454925537109375
Pedestrian -1 -1 -10 1187.0 128.0 1238.0 366.0 -1 -1 -1 -1000 -1000 -1000 -10 0.002483367919921875
Cyclist -1 -1 -10 0.0 180.0 62.0 374.0 -1 -1 -1 -1000 -1000 -1000 -10 0.00222015380859375
Pedestrian -1 -1 -10 543.0 158.0 555.0 200.0 -1 -1 -1 -1000 -1000 -1000 -10 0.0017728805541992188
Pedestrian -1 -1 -10 1203.0 182.0 1237.0 374.0 -1 -1 -1 -1000 -1000 -1000 -10 0.001720428466796875
Cyclist -1 -1 -10 2.0 154.0 97.0 374.0 -1 -1 -1 -1000 -1000 -1000 -10 0.0016374588012695312
Pedestrian -1 -1 -10 315.0 166.0 354.0 282.0 -1 -1 -1 -1000 -1000 -1000 -10 0.0014371871948242188
Pedestrian -1 -1 -10 417.0 184.0 457.0 250.0 -1 -1 -1 -1000 -1000 -1000 -10 0.00122833251953125
Pedestrian -1 -1 -10 338.0 174.0 365.0 272.0 -1 -1 -1 -1000 -1000 -1000 -10 0.000988006591796875
Pedestrian -1 -1 -10 1183.0 114.0 1236.0 293.0 -1 -1 -1 -1000 -1000 -1000 -10 0.000972747802734375
Cyclist -1 -1 -10 0.0 179.0 34.0 374.0 -1 -1 -1 -1000 -1000 -1000 -10 0.0009722709655761719
Pedestrian -1 -1 -10 835.0 137.0 952.0 292.0 -1 -1 -1 -1000 -1000 -1000 -10 0.0008749961853027344
Cyclist -1 -1 -10 490.0 161.0 543.0 245.0 -1 -1 -1 -1000 -1000 -1000 -10 0.0006465911865234375
Pedestrian -1 -1 -10 702.0 130.0 832.0 266.0 -1 -1 -1 -1000 -1000 -1000 -10 0.0006418228149414062
Pedestrian -1 -1 -10 1212.0 239.0 1238.0 369.0 -1 -1 -1 -1000 -1000 -1000 -10 0.0006017684936523438
Pedestrian -1 -1 -10 353.0 178.0 384.0 261.0 -1 -1 -1 -1000 -1000 -1000 -10 0.0005536079406738281
Pedestrian -1 -1 -10 395.0 182.0 450.0 258.0 -1 -1 -1 -1000 -1000 -1000 -10 0.00042247772216796875
Pedestrian -1 -1 -10 527.0 144.0 665.0 282.0 -1 -1 -1 -1000 -1000 -1000 -10 0.00041031837463378906
Cyclist -1 -1 -10 528.0 168.0 548.0 236.0 -1 -1 -1 -1000 -1000 -1000 -10 0.00035071372985839844
Pedestrian -1 -1 -10 568.0 161.0 583.0 211.0 -1 -1 -1 -1000 -1000 -1000 -10 0.000339508056640625
Pedestrian -1 -1 -10 465.0 175.0 501.0 241.0 -1 -1 -1 -1000 -1000 -1000 -10 0.00033926963806152344
Pedestrian -1 -1 -10 1221.0 235.0 1238.0 358.0 -1 -1 -1 -1000 -1000 -1000 -10 0.0003254413604736328
Pedestrian -1 -1 -10 484.0 164.0 503.0 216.0 -1 -1 -1 -1000 -1000 -1000 -10 0.0003185272216796875
Pedestrian -1 -1 -10 369.0 164.0 507.0 272.0 -1 -1 -1 -1000 -1000 -1000 -10 0.0002810955047607422
Pedestrian -1 -1 -10 555.0 158.0 568.0 199.0 -1 -1 -1 -1000 -1000 -1000 -10 0.0002727508544921875
Pedestrian -1 -1 -10 1208.0 158.0 1237.0 292.0 -1 -1 -1 -1000 -1000 -1000 -10 0.0002682209014892578
Pedestrian -1 -1 -10 1217.0 94.0 1238.0 278.0 -1 -1 -1 -1000 -1000 -1000 -10 0.00025582313537597656
Pedestrian -1 -1 -10 390.0 152.0 546.0 271.0 -1 -1 -1 -1000 -1000 -1000 -10 0.00025343894958496094
Pedestrian -1 -1 -10 475.0 171.0 517.0 253.0 -1 -1 -1 -1000 -1000 -1000 -10 0.00024056434631347656
Pedestrian -1 -1 -10 269.0 145.0 408.0 290.0 -1 -1 -1 -1000 -1000 -1000 -10 0.00023818016052246094
Pedestrian -1 -1 -10 347.0 176.0 377.0 269.0 -1 -1 -1 -1000 -1000 -1000 -10 0.00023365020751953125
Pedestrian -1 -1 -10 527.0 160.0 541.0 199.0 -1 -1 -1 -1000 -1000 -1000 -10 0.0002319812774658203
Cyclist -1 -1 -10 521.0 165.0 553.0 240.0 -1 -1 -1 -1000 -1000 -1000 -10 0.00023162364959716797
Pedestrian -1 -1 -10 1160.0 148.0 1233.0 282.0 -1 -1 -1 -1000 -1000 -1000 -10 0.0002288818359375
Pedestrian -1 -1 -10 434.0 142.0 566.0 278.0 -1 -1 -1 -1000 -1000 -1000 -10 0.00021207332611083984
Pedestrian -1 -1 -10 537.0 151.0 553.0 192.0 -1 -1 -1 -1000 -1000 -1000 -10 0.00019657611846923828
Pedestrian -1 -1 -10 1224.0 162.0 1238.0 288.0 -1 -1 -1 -1000 -1000 -1000 -10 0.00019180774688720703
Cyclist -1 -1 -10 0.0 117.0 47.0 368.0 -1 -1 -1 -1000 -1000 -1000 -10 0.00018978118896484375
Car -1 -1 -10 1197.0 245.0 1238.0 367.0 -1 -1 -1 -1000 -1000 -1000 -10 0.00018525123596191406
Car -1 -1 -10 739.0 78.0 772.0 104.0 -1 -1 -1 -1000 -1000 -1000 -10 0.00017535686492919922
Pedestrian -1 -1 -10 1158.0 213.0 1238.0 371.0 -1 -1 -1 -1000 -1000 -1000 -10 0.00014495849609375
Pedestrian -1 -1 -10 303.0 183.0 343.0 250.0 -1 -1 -1 -1000 -1000 -1000 -10 0.0001302957534790039
Car -1 -1 -10 741.0 82.0 763.0 101.0 -1 -1 -1 -1000 -1000 -1000 -10 0.00011724233627319336
Pedestrian -1 -1 -10 581.0 160.0 606.0 236.0 -1 -1 -1 -1000 -1000 -1000 -10 0.0001119375228881836
Pedestrian -1 -1 -10 444.0 175.0 477.0 248.0 -1 -1 -1 -1000 -1000 -1000 -10 0.00010204315185546875
