Car -1 -1 -10 179.0 190.0 442.0 354.0 -1 -1 -1 -1000 -1000 -1000 -10 0.9697265625
Car -1 -1 -10 492.0 174.0 578.0 251.0 -1 -1 -1 -1000 -1000 -1000 -10 0.95947265625
Car -1 -1 -10 599.0 173.0 641.0 215.0 -1 -1 -1 -1000 -1000 -1000 -10 0.95361328125
Car -1 -1 -10 433.0 178.0 487.0 213.0 -1 -1 -1 -1000 -1000 -1000 -10 0.95068359375
Car -1 -1 -10 572.0 175.0 611.0 208.0 -1 -1 -1 -1000 -1000 -1000 -10 0.91650390625
Car -1 -1 -10 494.0 174.0 560.0 226.0 -1 -1 -1 -1000 -1000 -1000 -10 0.8603515625
Car -1 -1 -10 0.0 194.0 23.0 371.0 -1 -1 -1 -1000 -1000 -1000 -10 0.08612060546875
Car -1 -1 -10 0.0 216.0 17.0 356.0 -1 -1 -1 -1000 -1000 -1000 -10 0.01380157470703125
Car -1 -1 -10 0.0 119.0 28.0 364.0 -1 -1 -1 -1000 -1000 -1000 -10 0.009033203125
Car -1 -1 -10 0.0 154.0 39.0 374.0 -1 -1 -1 -1000 -1000 -1000 -10 0.00275421142578125
Car -1 -1 -10 516.0 174.0 574.0 224.0 -1 -1 -1 -1000 -1000 -1000 -10 0.0012722015380859375
Car -1 -1 -10 0.0 111.0 22.0 307.0 -1 -1 -1 -1000 -1000 -1000 -10 0.0012187957763671875
Car -1 -1 -10 424.0 166.0 492.0 228.0 -1 -1 -1 -1000 -1000 -1000 -10 0.0010776519775390625
Car -1 -1 -10 245.0 196.0 365.0 344.0 -1 -1 -1 -1000 -1000 -1000 -10 0.0006999969482421875
Car -1 -1 -10 599.0 162.0 661.0 229.0 -1 -1 -1 -1000 -1000 -1000 -10 0.0005750656127929688
Car -1 -1 -10 532.0 173.0 582.0 216.0 -1 -1 -1 -1000 -1000 -1000 -10 0.0005488395690917969
Car -1 -1 -10 360.0 135.0 529.0 273.0 -1 -1 -1 -1000 -1000 -1000 -10 0.00044608116149902344
Car -1 -1 -10 472.0 167.0 586.0 265.0 -1 -1 -1 -1000 -1000 -1000 -10 0.0003952980041503906
Car -1 -1 -10 0.0 88.0 37.0 320.0 -1 -1 -1 -1000 -1000 -1000 -10 0.00035881996154785156
Car -1 -1 -10 391.0 123.0 548.0 241.0 -1 -1 -1 -1000 -1000 -1000 -10 0.0003306865692138672
Car -1 -1 -10 451.0 148.0 598.0 249.0 -1 -1 -1 -1000 -1000 -1000 -10 0.000301361083984375
Car -1 -1 -10 568.0 157.0 633.0 219.0 -1 -1 -1 -1000 -1000 -1000 -10 0.00028014183044433594
Car -1 -1 -10 0.0 181.0 17.0 313.0 -1 -1 -1 -1000 -1000 -1000 -10 0.0002486705780029297
Car -1 -1 -10 555.0 132.0 716.0 271.0 -1 -1 -1 -1000 -1000 -1000 -10 0.0002410411834716797
Car -1 -1 -10 0.0 180.0 28.0 312.0 -1 -1 -1 -1000 -1000 -1000 -10 0.0002219676971435547
Car -1 -1 -10 0.0 233.0 35.0 374.0 -1 -1 -1 -1000 -1000 -1000 -10 0.00021898746490478516
Cyclist -1 -1 -10 635.0 172.0 655.0 198.0 -1 -1 -1 -1000 -1000 -1000 -10 0.00020754337310791016
Car -1 -1 -10 0.0 151.0 13.0 278.0 -1 -1 -1 -1000 -1000 -1000 -10 0.00014889240264892578
Car -1 -1 -10 0.0 116.0 56.0 329.0 -1 -1 -1 -1000 -1000 -1000 -10 0.00013720989227294922
Car -1 -1 -10 1212.0 187.0 1238.0 371.0 -1 -1 -1 -1000 -1000 -1000 -10 0.0001289844512939453
Car -1 -1 -10 511.0 118.0 685.0 245.0 -1 -1 -1 -1000 -1000 -1000 -10 0.00012385845184326172
Car -1 -1 -10 0.0 251.0 16.0 317.0 -1 -1 -1 -1000 -1000 -1000 -10 0.0001017451286315918
