Car -1 -1 -10 687.19 174.34 733.94 213.41 -1 -1 -1 -1000 -1000 -1000 -10 1.0000 
Car -1 -1 -10 419.88 176.23 496.54 231.39 -1 -1 -1 -1000 -1000 -1000 -10 0.9999 
Car -1 -1 -10 360.42 186.61 456.21 242.31 -1 -1 -1 -1000 -1000 -1000 -10 0.9998 
Car -1 -1 -10 654.13 177.63 688.97 202.73 -1 -1 -1 -1000 -1000 -1000 -10 0.9983 
Car -1 -1 -10 920.96 88.75 1014.45 129.79 -1 -1 -1 -1000 -1000 -1000 -10 0.0312 
Car -1 -1 -10 92.30 183.55 221.88 226.01 -1 -1 -1 -1000 -1000 -1000 -10 0.0109 
Car -1 -1 -10 1041.50 86.04 1140.30 142.47 -1 -1 -1 -1000 -1000 -1000 -10 0.0078 
Car -1 -1 -10 1046.10 109.57 1096.32 149.12 -1 -1 -1 -1000 -1000 -1000 -10 0.0059 
Car -1 -1 -10 731.17 173.48 750.96 196.92 -1 -1 -1 -1000 -1000 -1000 -10 0.0049 
Car -1 -1 -10 1035.60 315.19 1092.47 343.23 -1 -1 -1 -1000 -1000 -1000 -10 0.0042 
Car -1 -1 -10 831.56 43.48 944.43 105.06 -1 -1 -1 -1000 -1000 -1000 -10 0.0039 
Car -1 -1 -10 1048.40 310.19 1122.28 338.89 -1 -1 -1 -1000 -1000 -1000 -10 0.0035 
Car -1 -1 -10 917.35 89.74 1016.53 173.44 -1 -1 -1 -1000 -1000 -1000 -10 0.0033 
Car -1 -1 -10 967.27 26.45 1021.84 67.13 -1 -1 -1 -1000 -1000 -1000 -10 0.0029 
Car -1 -1 -10 571.07 27.16 608.31 49.07 -1 -1 -1 -1000 -1000 -1000 -10 0.0019 
Car -1 -1 -10 845.62 46.41 901.94 79.71 -1 -1 -1 -1000 -1000 -1000 -10 0.0018 
Car -1 -1 -10 1168.60 201.99 1242.96 248.02 -1 -1 -1 -1000 -1000 -1000 -10 0.0010 
Car -1 -1 -10 1104.20 201.19 1242.99 241.78 -1 -1 -1 -1000 -1000 -1000 -10 0.0010 
Car -1 -1 -10 590.57 16.16 633.75 53.65 -1 -1 -1 -1000 -1000 -1000 -10 0.0009 
Car -1 -1 -10 1129.90 198.24 1193.33 225.92 -1 -1 -1 -1000 -1000 -1000 -10 0.0008 
Car -1 -1 -10 30.00 202.86 157.96 264.13 -1 -1 -1 -1000 -1000 -1000 -10 0.0007 
Car -1 -1 -10 624.31 69.04 680.92 107.28 -1 -1 -1 -1000 -1000 -1000 -10 0.0006 
Car -1 -1 -10 578.55 28.81 624.59 61.60 -1 -1 -1 -1000 -1000 -1000 -10 0.0004 
Car -1 -1 -10 591.36 28.18 645.62 64.79 -1 -1 -1 -1000 -1000 -1000 -10 0.0004 
Car -1 -1 -10 736.20 173.18 759.74 197.85 -1 -1 -1 -1000 -1000 -1000 -10 0.0004 
Car -1 -1 -10 891.75 42.90 976.45 78.74 -1 -1 -1 -1000 -1000 -1000 -10 0.0004 
Car -1 -1 -10 98.33 172.36 169.11 236.28 -1 -1 -1 -1000 -1000 -1000 -10 0.0004 
Car -1 -1 -10 559.07 31.91 599.92 53.30 -1 -1 -1 -1000 -1000 -1000 -10 0.0004 
Car -1 -1 -10 581.59 63.93 641.51 104.17 -1 -1 -1 -1000 -1000 -1000 -10 0.0003 
Car -1 -1 -10 865.92 41.92 927.12 83.20 -1 -1 -1 -1000 -1000 -1000 -10 0.0003 
Car -1 -1 -10 626.79 62.81 709.84 94.62 -1 -1 -1 -1000 -1000 -1000 -10 0.0003 
Car -1 -1 -10 929.66 28.99 1031.53 83.35 -1 -1 -1 -1000 -1000 -1000 -10 0.0003 
Car -1 -1 -10 459.21 174.98 499.52 207.70 -1 -1 -1 -1000 -1000 -1000 -10 0.0003 
Car -1 -1 -10 172.64 52.96 234.61 83.68 -1 -1 -1 -1000 -1000 -1000 -10 0.0002 
Car -1 -1 -10 71.64 172.15 147.45 233.41 -1 -1 -1 -1000 -1000 -1000 -10 0.0002 
Car -1 -1 -10 963.40 221.97 1047.60 267.00 -1 -1 -1 -1000 -1000 -1000 -10 0.0001 
Car -1 -1 -10 900.05 213.47 1007.26 265.30 -1 -1 -1 -1000 -1000 -1000 -10 0.0001 
Car -1 -1 -10 935.87 174.34 1010.56 198.33 -1 -1 -1 -1000 -1000 -1000 -10 0.0001 
Car -1 -1 -10 545.12 36.18 626.05 73.26 -1 -1 -1 -1000 -1000 -1000 -10 0.0001 
Car -1 -1 -10 1188.50 20.94 1243.05 57.71 -1 -1 -1 -1000 -1000 -1000 -10 0.0001 
Car -1 -1 -10 716.61 111.26 766.80 140.35 -1 -1 -1 -1000 -1000 -1000 -10 0.0001 
Car -1 -1 -10 238.01 159.92 314.51 226.55 -1 -1 -1 -1000 -1000 -1000 -10 0.0001 
Car -1 -1 -10 724.08 174.91 743.23 199.75 -1 -1 -1 -1000 -1000 -1000 -10 0.0000 
Car -1 -1 -10 789.60 46.50 854.88 104.15 -1 -1 -1 -1000 -1000 -1000 -10 0.0000 
Car -1 -1 -10 811.52 119.67 877.45 181.94 -1 -1 -1 -1000 -1000 -1000 -10 0.0000 
Car -1 -1 -10 562.52 46.19 627.67 85.65 -1 -1 -1 -1000 -1000 -1000 -10 0.0000 
Car -1 -1 -10 147.83 35.56 218.28 58.72 -1 -1 -1 -1000 -1000 -1000 -10 0.0000 
Car -1 -1 -10 547.01 69.67 607.31 96.90 -1 -1 -1 -1000 -1000 -1000 -10 0.0000 
