Car -1 -1 -10 575.21 176.60 615.27 208.70 -1 -1 -1 -1000 -1000 -1000 -10 0.9999 
Car -1 -1 -10 200.26 176.24 258.43 205.61 -1 -1 -1 -1000 -1000 -1000 -10 0.0047 
Car -1 -1 -10 160.92 177.66 219.81 211.31 -1 -1 -1 -1000 -1000 -1000 -10 0.0028 
Car -1 -1 -10 1014.40 197.51 1099.91 248.27 -1 -1 -1 -1000 -1000 -1000 -10 0.0022 
Car -1 -1 -10 180.32 177.70 241.95 214.79 -1 -1 -1 -1000 -1000 -1000 -10 0.0020 
Car -1 -1 -10 1092.60 161.32 1152.55 192.09 -1 -1 -1 -1000 -1000 -1000 -10 0.0019 
Car -1 -1 -10 4.02 162.64 44.80 191.86 -1 -1 -1 -1000 -1000 -1000 -10 0.0016 
Car -1 -1 -10 1088.30 169.73 1138.61 202.43 -1 -1 -1 -1000 -1000 -1000 -10 0.0016 
Car -1 -1 -10 219.19 173.93 289.95 212.04 -1 -1 -1 -1000 -1000 -1000 -10 0.0013 
Car -1 -1 -10 897.85 239.04 1021.79 287.35 -1 -1 -1 -1000 -1000 -1000 -10 0.0013 
Car -1 -1 -10 272.60 171.78 330.20 198.87 -1 -1 -1 -1000 -1000 -1000 -10 0.0013 
Car -1 -1 -10 1123.60 216.84 1242.99 251.05 -1 -1 -1 -1000 -1000 -1000 -10 0.0012 
Car -1 -1 -10 1143.80 123.70 1222.22 155.78 -1 -1 -1 -1000 -1000 -1000 -10 0.0012 
Car -1 -1 -10 288.20 174.67 345.22 204.10 -1 -1 -1 -1000 -1000 -1000 -10 0.0009 
Car -1 -1 -10 1065.70 247.56 1116.46 280.29 -1 -1 -1 -1000 -1000 -1000 -10 0.0007 
Car -1 -1 -10 244.71 171.21 313.49 206.15 -1 -1 -1 -1000 -1000 -1000 -10 0.0005 
Car -1 -1 -10 1115.90 167.31 1180.61 200.67 -1 -1 -1 -1000 -1000 -1000 -10 0.0003 
Car -1 -1 -10 597.00 167.84 622.57 194.88 -1 -1 -1 -1000 -1000 -1000 -10 0.0002 
Car -1 -1 -10 414.23 190.34 462.77 227.04 -1 -1 -1 -1000 -1000 -1000 -10 0.0002 
Car -1 -1 -10 68.30 139.17 137.28 159.39 -1 -1 -1 -1000 -1000 -1000 -10 0.0002 
Car -1 -1 -10 875.58 144.90 967.90 166.89 -1 -1 -1 -1000 -1000 -1000 -10 0.0002 
Car -1 -1 -10 1099.70 151.51 1169.97 184.79 -1 -1 -1 -1000 -1000 -1000 -10 0.0002 
Car -1 -1 -10 399.53 132.49 464.38 169.08 -1 -1 -1 -1000 -1000 -1000 -10 0.0001 
Car -1 -1 -10 163.99 159.33 222.16 194.56 -1 -1 -1 -1000 -1000 -1000 -10 0.0001 
Car -1 -1 -10 45.06 146.54 124.99 162.51 -1 -1 -1 -1000 -1000 -1000 -10 0.0001 
Car -1 -1 -10 840.60 215.28 942.00 282.76 -1 -1 -1 -1000 -1000 -1000 -10 0.0000 
Car -1 -1 -10 153.17 152.88 211.76 215.68 -1 -1 -1 -1000 -1000 -1000 -10 0.0000 
Car -1 -1 -10 130.38 151.27 198.02 201.57 -1 -1 -1 -1000 -1000 -1000 -10 0.0000 
Car -1 -1 -10 380.95 130.53 480.18 179.82 -1 -1 -1 -1000 -1000 -1000 -10 0.0000 
Car -1 -1 -10 59.16 149.13 152.76 176.69 -1 -1 -1 -1000 -1000 -1000 -10 0.0000 
Car -1 -1 -10 573.77 172.99 590.55 203.40 -1 -1 -1 -1000 -1000 -1000 -10 0.0000 
Car -1 -1 -10 638.82 183.28 718.40 203.76 -1 -1 -1 -1000 -1000 -1000 -10 0.0000 
