Car -1 -1 -10 709.62 181.06 758.52 211.29 -1 -1 -1 -1000 -1000 -1000 -10 1.0000 
Car -1 -1 -10 156.93 190.11 248.72 249.36 -1 -1 -1 -1000 -1000 -1000 -10 0.9994 
Car -1 -1 -10 0.00 203.71 91.64 229.68 -1 -1 -1 -1000 -1000 -1000 -10 0.6118 
Car -1 -1 -10 216.59 195.54 279.87 236.97 -1 -1 -1 -1000 -1000 -1000 -10 0.4111 
Car -1 -1 -10 893.15 172.90 936.16 194.15 -1 -1 -1 -1000 -1000 -1000 -10 0.0433 
Car -1 -1 -10 263.28 192.18 298.87 225.74 -1 -1 -1 -1000 -1000 -1000 -10 0.0398 
Car -1 -1 -10 314.60 189.34 341.56 211.79 -1 -1 -1 -1000 -1000 -1000 -10 0.0326 
Car -1 -1 -10 784.72 172.27 830.41 197.31 -1 -1 -1 -1000 -1000 -1000 -10 0.0161 
Car -1 -1 -10 947.73 171.36 995.14 197.66 -1 -1 -1 -1000 -1000 -1000 -10 0.0071 
Car -1 -1 -10 982.51 304.30 1034.08 339.99 -1 -1 -1 -1000 -1000 -1000 -10 0.0048 
Car -1 -1 -10 1000.00 310.28 1047.91 341.77 -1 -1 -1 -1000 -1000 -1000 -10 0.0045 
Car -1 -1 -10 1019.50 306.08 1079.08 338.75 -1 -1 -1 -1000 -1000 -1000 -10 0.0043 
Car -1 -1 -10 704.81 73.22 760.60 96.92 -1 -1 -1 -1000 -1000 -1000 -10 0.0036 
Car -1 -1 -10 917.23 168.11 959.42 198.65 -1 -1 -1 -1000 -1000 -1000 -10 0.0032 
Car -1 -1 -10 449.45 180.42 508.72 215.22 -1 -1 -1 -1000 -1000 -1000 -10 0.0026 
Car -1 -1 -10 120.08 175.64 202.91 231.60 -1 -1 -1 -1000 -1000 -1000 -10 0.0019 
Car -1 -1 -10 1036.30 309.38 1093.77 348.65 -1 -1 -1 -1000 -1000 -1000 -10 0.0014 
Car -1 -1 -10 253.16 197.48 279.32 230.98 -1 -1 -1 -1000 -1000 -1000 -10 0.0010 
Car -1 -1 -10 882.99 248.37 960.88 281.20 -1 -1 -1 -1000 -1000 -1000 -10 0.0008 
Car -1 -1 -10 1087.70 114.23 1141.09 131.92 -1 -1 -1 -1000 -1000 -1000 -10 0.0006 
Car -1 -1 -10 1158.90 64.86 1242.95 110.26 -1 -1 -1 -1000 -1000 -1000 -10 0.0006 
Car -1 -1 -10 640.54 65.47 685.14 90.59 -1 -1 -1 -1000 -1000 -1000 -10 0.0005 
Car -1 -1 -10 1026.40 320.37 1107.86 352.98 -1 -1 -1 -1000 -1000 -1000 -10 0.0003 
Car -1 -1 -10 1045.40 291.18 1096.32 322.89 -1 -1 -1 -1000 -1000 -1000 -10 0.0003 
Car -1 -1 -10 1085.80 175.78 1147.01 211.00 -1 -1 -1 -1000 -1000 -1000 -10 0.0003 
Car -1 -1 -10 1008.60 315.03 1079.93 354.15 -1 -1 -1 -1000 -1000 -1000 -10 0.0003 
Car -1 -1 -10 276.21 190.37 329.94 216.13 -1 -1 -1 -1000 -1000 -1000 -10 0.0002 
Car -1 -1 -10 1070.70 119.87 1153.01 138.68 -1 -1 -1 -1000 -1000 -1000 -10 0.0001 
Car -1 -1 -10 1178.80 59.13 1243.04 95.60 -1 -1 -1 -1000 -1000 -1000 -10 0.0001 
Car -1 -1 -10 965.92 187.90 1040.29 207.43 -1 -1 -1 -1000 -1000 -1000 -10 0.0001 
Car -1 -1 -10 515.84 39.86 567.00 70.27 -1 -1 -1 -1000 -1000 -1000 -10 0.0001 
Car -1 -1 -10 63.87 208.42 113.63 232.61 -1 -1 -1 -1000 -1000 -1000 -10 0.0001 
Car -1 -1 -10 341.55 187.11 371.28 205.49 -1 -1 -1 -1000 -1000 -1000 -10 0.0000 
Car -1 -1 -10 984.75 171.89 1022.79 194.89 -1 -1 -1 -1000 -1000 -1000 -10 0.0000 
Car -1 -1 -10 294.36 192.16 325.23 227.56 -1 -1 -1 -1000 -1000 -1000 -10 0.0000 
Car -1 -1 -10 307.88 191.51 334.62 217.30 -1 -1 -1 -1000 -1000 -1000 -10 0.0000 
Car -1 -1 -10 1204.30 202.11 1238.08 230.01 -1 -1 -1 -1000 -1000 -1000 -10 0.0000 
Car -1 -1 -10 467.46 192.89 501.70 232.03 -1 -1 -1 -1000 -1000 -1000 -10 0.0000 
Car -1 -1 -10 1.65 143.26 66.23 160.80 -1 -1 -1 -1000 -1000 -1000 -10 0.0000 
Car -1 -1 -10 936.26 54.12 1001.28 84.05 -1 -1 -1 -1000 -1000 -1000 -10 0.0000 
Car -1 -1 -10 745.33 174.97 794.72 199.33 -1 -1 -1 -1000 -1000 -1000 -10 0.0000 
Car -1 -1 -10 337.42 189.93 395.46 207.13 -1 -1 -1 -1000 -1000 -1000 -10 0.0000 
Car -1 -1 -10 250.82 214.17 337.50 241.37 -1 -1 -1 -1000 -1000 -1000 -10 0.0000 
Car -1 -1 -10 331.83 192.63 374.35 209.57 -1 -1 -1 -1000 -1000 -1000 -10 0.0000 
Car -1 -1 -10 356.10 185.35 395.55 201.28 -1 -1 -1 -1000 -1000 -1000 -10 0.0000 
Car -1 -1 -10 1148.00 103.56 1243.01 129.68 -1 -1 -1 -1000 -1000 -1000 -10 0.0000 
Car -1 -1 -10 425.78 204.10 500.72 222.59 -1 -1 -1 -1000 -1000 -1000 -10 0.0000 
Car -1 -1 -10 256.75 210.67 296.19 235.27 -1 -1 -1 -1000 -1000 -1000 -10 0.0000 
Car -1 -1 -10 595.53 202.99 628.00 215.99 -1 -1 -1 -1000 -1000 -1000 -10 0.0000 
