Car -1 -1 -10 705.78 159.02 825.59 249.14 -1 -1 -1 -1000 -1000 -1000 -10 0.9997 
Car -1 -1 -10 451.63 177.95 530.44 237.68 -1 -1 -1 -1000 -1000 -1000 -10 0.9995 
Car -1 -1 -10 547.36 167.86 603.39 212.66 -1 -1 -1 -1000 -1000 -1000 -10 0.9907 
Car -1 -1 -10 684.32 169.90 743.52 212.01 -1 -1 -1 -1000 -1000 -1000 -10 0.2413 
Car -1 -1 -10 466.75 178.60 535.29 216.84 -1 -1 -1 -1000 -1000 -1000 -10 0.0060 
Car -1 -1 -10 685.94 166.39 780.36 222.93 -1 -1 -1 -1000 -1000 -1000 -10 0.0047 
Car -1 -1 -10 123.43 30.99 175.20 64.62 -1 -1 -1 -1000 -1000 -1000 -10 0.0042 
Car -1 -1 -10 227.87 40.37 288.85 71.66 -1 -1 -1 -1000 -1000 -1000 -10 0.0021 
Car -1 -1 -10 90.56 76.36 203.56 128.00 -1 -1 -1 -1000 -1000 -1000 -10 0.0015 
Car -1 -1 -10 34.67 25.87 109.54 65.28 -1 -1 -1 -1000 -1000 -1000 -10 0.0012 
Car -1 -1 -10 64.93 286.26 108.76 312.71 -1 -1 -1 -1000 -1000 -1000 -10 0.0011 
Car -1 -1 -10 196.36 73.24 271.60 109.44 -1 -1 -1 -1000 -1000 -1000 -10 0.0007 
Car -1 -1 -10 176.14 100.79 247.50 127.33 -1 -1 -1 -1000 -1000 -1000 -10 0.0007 
Car -1 -1 -10 61.49 47.22 108.50 83.69 -1 -1 -1 -1000 -1000 -1000 -10 0.0007 
Car -1 -1 -10 65.24 64.20 134.57 97.13 -1 -1 -1 -1000 -1000 -1000 -10 0.0004 
Car -1 -1 -10 462.60 58.92 520.11 79.36 -1 -1 -1 -1000 -1000 -1000 -10 0.0003 
Car -1 -1 -10 763.35 74.00 846.32 119.21 -1 -1 -1 -1000 -1000 -1000 -10 0.0003 
Car -1 -1 -10 60.04 70.19 111.55 105.31 -1 -1 -1 -1000 -1000 -1000 -10 0.0002 
Car -1 -1 -10 896.39 45.84 944.44 72.09 -1 -1 -1 -1000 -1000 -1000 -10 0.0002 
Car -1 -1 -10 1120.10 191.47 1198.23 213.37 -1 -1 -1 -1000 -1000 -1000 -10 0.0002 
Car -1 -1 -10 951.73 203.18 990.64 233.95 -1 -1 -1 -1000 -1000 -1000 -10 0.0001 
Car -1 -1 -10 1004.50 160.35 1086.14 211.48 -1 -1 -1 -1000 -1000 -1000 -10 0.0001 
Car -1 -1 -10 207.00 103.68 284.05 124.90 -1 -1 -1 -1000 -1000 -1000 -10 0.0001 
Car -1 -1 -10 929.79 169.41 990.49 197.51 -1 -1 -1 -1000 -1000 -1000 -10 0.0001 
Car -1 -1 -10 480.50 42.75 551.21 68.54 -1 -1 -1 -1000 -1000 -1000 -10 0.0001 
Car -1 -1 -10 1189.80 198.05 1242.98 216.20 -1 -1 -1 -1000 -1000 -1000 -10 0.0000 
Car -1 -1 -10 933.55 200.63 996.33 222.32 -1 -1 -1 -1000 -1000 -1000 -10 0.0000 
Car -1 -1 -10 112.32 104.88 232.51 165.47 -1 -1 -1 -1000 -1000 -1000 -10 0.0000 
Car -1 -1 -10 969.38 187.35 1022.52 209.03 -1 -1 -1 -1000 -1000 -1000 -10 0.0000 
Car -1 -1 -10 118.85 23.34 191.04 76.10 -1 -1 -1 -1000 -1000 -1000 -10 0.0000 
Car -1 -1 -10 840.77 150.26 925.20 195.75 -1 -1 -1 -1000 -1000 -1000 -10 0.0000 
Car -1 -1 -10 932.57 179.23 989.61 204.72 -1 -1 -1 -1000 -1000 -1000 -10 0.0000 
Car -1 -1 -10 1022.30 185.74 1090.33 208.33 -1 -1 -1 -1000 -1000 -1000 -10 0.0000 
Car -1 -1 -10 934.51 192.30 995.44 215.11 -1 -1 -1 -1000 -1000 -1000 -10 0.0000 
Car -1 -1 -10 770.35 40.10 834.15 70.86 -1 -1 -1 -1000 -1000 -1000 -10 0.0000 
Car -1 -1 -10 1049.00 193.99 1098.37 213.93 -1 -1 -1 -1000 -1000 -1000 -10 0.0000 
Car -1 -1 -10 1020.10 174.45 1106.76 211.32 -1 -1 -1 -1000 -1000 -1000 -10 0.0000 
Car -1 -1 -10 84.54 131.26 307.05 300.21 -1 -1 -1 -1000 -1000 -1000 -10 0.0000 
