Car -1 -1 -10 440.79 182.04 509.93 206.31 -1 -1 -1 -1000 -1000 -1000 -10 0.9988 
Car -1 -1 -10 1131.30 139.35 1242.97 179.01 -1 -1 -1 -1000 -1000 -1000 -10 0.5663 
Car -1 -1 -10 1109.50 142.47 1171.65 172.52 -1 -1 -1 -1000 -1000 -1000 -10 0.0756 
Car -1 -1 -10 986.39 148.47 1117.11 194.18 -1 -1 -1 -1000 -1000 -1000 -10 0.0251 
Car -1 -1 -10 997.67 144.49 1090.78 177.06 -1 -1 -1 -1000 -1000 -1000 -10 0.0091 
Car -1 -1 -10 1193.10 139.45 1242.97 175.19 -1 -1 -1 -1000 -1000 -1000 -10 0.0084 
Car -1 -1 -10 1095.50 143.33 1177.74 192.72 -1 -1 -1 -1000 -1000 -1000 -10 0.0078 
Car -1 -1 -10 0.00 141.18 77.68 179.77 -1 -1 -1 -1000 -1000 -1000 -10 0.0063 
Car -1 -1 -10 973.16 310.20 1027.72 338.32 -1 -1 -1 -1000 -1000 -1000 -10 0.0048 
Car -1 -1 -10 992.02 148.75 1163.14 214.36 -1 -1 -1 -1000 -1000 -1000 -10 0.0041 
Car -1 -1 -10 1079.80 163.51 1140.14 197.24 -1 -1 -1 -1000 -1000 -1000 -10 0.0021 
Car -1 -1 -10 56.35 187.96 134.50 213.24 -1 -1 -1 -1000 -1000 -1000 -10 0.0021 
Car -1 -1 -10 1085.80 324.58 1154.12 348.44 -1 -1 -1 -1000 -1000 -1000 -10 0.0020 
Car -1 -1 -10 253.18 203.68 333.36 228.30 -1 -1 -1 -1000 -1000 -1000 -10 0.0020 
Car -1 -1 -10 962.63 298.46 1018.63 327.52 -1 -1 -1 -1000 -1000 -1000 -10 0.0018 
Car -1 -1 -10 214.95 45.88 265.59 82.56 -1 -1 -1 -1000 -1000 -1000 -10 0.0012 
Car -1 -1 -10 1084.30 149.52 1151.04 187.41 -1 -1 -1 -1000 -1000 -1000 -10 0.0011 
Car -1 -1 -10 1190.20 54.65 1243.03 97.55 -1 -1 -1 -1000 -1000 -1000 -10 0.0010 
Car -1 -1 -10 1053.60 143.41 1243.04 200.08 -1 -1 -1 -1000 -1000 -1000 -10 0.0009 
Car -1 -1 -10 748.25 276.74 802.67 302.67 -1 -1 -1 -1000 -1000 -1000 -10 0.0007 
Car -1 -1 -10 539.21 178.54 565.63 197.28 -1 -1 -1 -1000 -1000 -1000 -10 0.0005 
Car -1 -1 -10 778.16 188.26 876.49 218.33 -1 -1 -1 -1000 -1000 -1000 -10 0.0002 
Car -1 -1 -10 1113.80 226.46 1243.03 282.99 -1 -1 -1 -1000 -1000 -1000 -10 0.0001 
Car -1 -1 -10 197.85 40.02 310.71 86.29 -1 -1 -1 -1000 -1000 -1000 -10 0.0000 
Car -1 -1 -10 0.00 158.64 92.78 212.26 -1 -1 -1 -1000 -1000 -1000 -10 0.0000 
Car -1 -1 -10 496.94 179.85 553.17 198.35 -1 -1 -1 -1000 -1000 -1000 -10 0.0000 
Car -1 -1 -10 485.30 183.36 532.74 200.92 -1 -1 -1 -1000 -1000 -1000 -10 0.0000 
Car -1 -1 -10 549.04 177.28 603.61 193.25 -1 -1 -1 -1000 -1000 -1000 -10 0.0000 
