Car -1 -1 -10 250.39 180.31 376.11 246.65 -1 -1 -1 -1000 -1000 -1000 -10 1.0000 
Car -1 -1 -10 582.84 169.57 619.62 204.62 -1 -1 -1 -1000 -1000 -1000 -10 1.0000 
Car -1 -1 -10 658.68 163.79 713.33 212.47 -1 -1 -1 -1000 -1000 -1000 -10 0.9998 
Car -1 -1 -10 727.97 173.29 894.86 308.88 -1 -1 -1 -1000 -1000 -1000 -10 0.9998 
Car -1 -1 -10 2.30 188.28 251.60 306.93 -1 -1 -1 -1000 -1000 -1000 -10 0.9970 
Car -1 -1 -10 835.66 186.32 1243.00 376.00 -1 -1 -1 -1000 -1000 -1000 -10 0.8255 
Car -1 -1 -10 637.49 166.52 661.56 191.98 -1 -1 -1 -1000 -1000 -1000 -10 0.6820 
Car -1 -1 -10 838.03 115.48 879.96 141.84 -1 -1 -1 -1000 -1000 -1000 -10 0.0676 
Car -1 -1 -10 444.26 128.67 474.66 152.43 -1 -1 -1 -1000 -1000 -1000 -10 0.0388 
Car -1 -1 -10 902.70 120.27 942.93 155.79 -1 -1 -1 -1000 -1000 -1000 -10 0.0148 
Car -1 -1 -10 710.08 174.52 814.64 258.60 -1 -1 -1 -1000 -1000 -1000 -10 0.0139 
Car -1 -1 -10 955.63 48.41 1003.77 77.70 -1 -1 -1 -1000 -1000 -1000 -10 0.0081 
Car -1 -1 -10 973.77 69.24 1028.25 109.09 -1 -1 -1 -1000 -1000 -1000 -10 0.0027 
Car -1 -1 -10 397.00 53.06 452.91 90.83 -1 -1 -1 -1000 -1000 -1000 -10 0.0023 
Car -1 -1 -10 958.14 54.56 1013.89 86.31 -1 -1 -1 -1000 -1000 -1000 -10 0.0022 
Car -1 -1 -10 938.86 56.74 998.00 85.30 -1 -1 -1 -1000 -1000 -1000 -10 0.0022 
Car -1 -1 -10 331.51 36.20 377.93 69.43 -1 -1 -1 -1000 -1000 -1000 -10 0.0019 
Car -1 -1 -10 650.40 167.43 685.75 200.74 -1 -1 -1 -1000 -1000 -1000 -10 0.0017 
Car -1 -1 -10 316.99 52.58 374.99 86.87 -1 -1 -1 -1000 -1000 -1000 -10 0.0017 
Car -1 -1 -10 707.66 176.56 809.32 218.34 -1 -1 -1 -1000 -1000 -1000 -10 0.0016 
Car -1 -1 -10 303.22 58.11 363.18 91.71 -1 -1 -1 -1000 -1000 -1000 -10 0.0015 
Car -1 -1 -10 967.27 45.23 1021.93 74.59 -1 -1 -1 -1000 -1000 -1000 -10 0.0014 
Car -1 -1 -10 253.96 192.88 317.48 245.07 -1 -1 -1 -1000 -1000 -1000 -10 0.0014 
Car -1 -1 -10 963.59 171.89 1047.88 196.11 -1 -1 -1 -1000 -1000 -1000 -10 0.0013 
Car -1 -1 -10 383.39 33.91 459.05 87.18 -1 -1 -1 -1000 -1000 -1000 -10 0.0012 
Car -1 -1 -10 290.77 69.54 356.07 107.32 -1 -1 -1 -1000 -1000 -1000 -10 0.0012 
Car -1 -1 -10 960.43 83.72 1025.56 119.83 -1 -1 -1 -1000 -1000 -1000 -10 0.0011 
Car -1 -1 -10 327.64 66.69 389.60 100.75 -1 -1 -1 -1000 -1000 -1000 -10 0.0011 
Car -1 -1 -10 114.32 120.92 248.62 157.70 -1 -1 -1 -1000 -1000 -1000 -10 0.0009 
Car -1 -1 -10 285.50 61.94 343.14 84.53 -1 -1 -1 -1000 -1000 -1000 -10 0.0009 
Car -1 -1 -10 350.57 26.65 413.75 61.79 -1 -1 -1 -1000 -1000 -1000 -10 0.0009 
Car -1 -1 -10 139.57 49.79 239.98 81.06 -1 -1 -1 -1000 -1000 -1000 -10 0.0008 
Car -1 -1 -10 233.98 99.59 320.50 123.37 -1 -1 -1 -1000 -1000 -1000 -10 0.0008 
Car -1 -1 -10 249.70 198.90 290.92 241.43 -1 -1 -1 -1000 -1000 -1000 -10 0.0006 
Car -1 -1 -10 940.68 55.44 1027.92 94.76 -1 -1 -1 -1000 -1000 -1000 -10 0.0006 
Car -1 -1 -10 411.50 45.89 471.98 79.90 -1 -1 -1 -1000 -1000 -1000 -10 0.0005 
Car -1 -1 -10 316.29 74.93 384.26 111.07 -1 -1 -1 -1000 -1000 -1000 -10 0.0003 
Car -1 -1 -10 961.76 66.01 1061.35 116.28 -1 -1 -1 -1000 -1000 -1000 -10 0.0003 
Car -1 -1 -10 0.00 212.27 139.51 301.07 -1 -1 -1 -1000 -1000 -1000 -10 0.0003 
Car -1 -1 -10 969.63 101.21 1021.27 130.25 -1 -1 -1 -1000 -1000 -1000 -10 0.0003 
Car -1 -1 -10 156.20 78.90 272.29 118.86 -1 -1 -1 -1000 -1000 -1000 -10 0.0002 
Car -1 -1 -10 315.31 44.27 371.83 73.88 -1 -1 -1 -1000 -1000 -1000 -10 0.0002 
Car -1 -1 -10 274.13 181.33 345.67 220.83 -1 -1 -1 -1000 -1000 -1000 -10 0.0002 
Car -1 -1 -10 370.55 19.53 445.16 61.18 -1 -1 -1 -1000 -1000 -1000 -10 0.0002 
Car -1 -1 -10 56.80 174.00 156.12 229.38 -1 -1 -1 -1000 -1000 -1000 -10 0.0002 
Car -1 -1 -10 1131.90 99.93 1242.97 154.78 -1 -1 -1 -1000 -1000 -1000 -10 0.0002 
Car -1 -1 -10 993.37 47.35 1055.40 84.77 -1 -1 -1 -1000 -1000 -1000 -10 0.0001 
Car -1 -1 -10 806.84 196.93 1083.90 323.37 -1 -1 -1 -1000 -1000 -1000 -10 0.0001 
Car -1 -1 -10 424.58 22.91 498.75 49.47 -1 -1 -1 -1000 -1000 -1000 -10 0.0001 
Car -1 -1 -10 689.24 167.70 712.69 208.88 -1 -1 -1 -1000 -1000 -1000 -10 0.0001 
Car -1 -1 -10 758.79 179.57 889.95 249.03 -1 -1 -1 -1000 -1000 -1000 -10 0.0001 
Car -1 -1 -10 317.95 27.68 403.50 71.27 -1 -1 -1 -1000 -1000 -1000 -10 0.0001 
Car -1 -1 -10 265.10 186.30 316.06 214.62 -1 -1 -1 -1000 -1000 -1000 -10 0.0001 
Car -1 -1 -10 1193.40 237.49 1243.02 286.90 -1 -1 -1 -1000 -1000 -1000 -10 0.0001 
Car -1 -1 -10 402.38 19.61 479.78 53.00 -1 -1 -1 -1000 -1000 -1000 -10 0.0001 
Car -1 -1 -10 909.76 172.56 973.73 195.69 -1 -1 -1 -1000 -1000 -1000 -10 0.0000 
Car -1 -1 -10 128.69 189.76 249.61 279.36 -1 -1 -1 -1000 -1000 -1000 -10 0.0000 
Car -1 -1 -10 1196.60 84.95 1242.98 127.35 -1 -1 -1 -1000 -1000 -1000 -10 0.0000 
Car -1 -1 -10 882.96 203.04 933.67 231.17 -1 -1 -1 -1000 -1000 -1000 -10 0.0000 
Car -1 -1 -10 1016.00 168.96 1094.76 192.25 -1 -1 -1 -1000 -1000 -1000 -10 0.0000 
Car -1 -1 -10 1071.60 131.01 1156.95 157.76 -1 -1 -1 -1000 -1000 -1000 -10 0.0000 
Car -1 -1 -10 476.22 172.31 515.47 185.14 -1 -1 -1 -1000 -1000 -1000 -10 0.0000 
Car -1 -1 -10 287.58 88.93 357.90 123.68 -1 -1 -1 -1000 -1000 -1000 -10 0.0000 
Car -1 -1 -10 155.11 49.93 262.91 128.89 -1 -1 -1 -1000 -1000 -1000 -10 0.0000 
Car -1 -1 -10 1037.40 131.75 1099.60 160.85 -1 -1 -1 -1000 -1000 -1000 -10 0.0000 
Car -1 -1 -10 720.40 173.07 794.80 201.89 -1 -1 -1 -1000 -1000 -1000 -10 0.0000 
Car -1 -1 -10 881.82 178.03 933.38 223.25 -1 -1 -1 -1000 -1000 -1000 -10 0.0000 
Car -1 -1 -10 326.02 179.60 377.72 224.51 -1 -1 -1 -1000 -1000 -1000 -10 0.0000 
Car -1 -1 -10 731.16 179.69 861.55 217.86 -1 -1 -1 -1000 -1000 -1000 -10 0.0000 
Car -1 -1 -10 612.66 166.61 627.29 192.27 -1 -1 -1 -1000 -1000 -1000 -10 0.0000 
Car -1 -1 -10 788.33 87.78 851.96 117.54 -1 -1 -1 -1000 -1000 -1000 -10 0.0000 
Car -1 -1 -10 177.10 190.12 241.10 207.62 -1 -1 -1 -1000 -1000 -1000 -10 0.0000 
Car -1 -1 -10 195.03 190.84 306.68 242.84 -1 -1 -1 -1000 -1000 -1000 -10 0.0000 
Car -1 -1 -10 166.10 190.97 250.55 249.56 -1 -1 -1 -1000 -1000 -1000 -10 0.0000 
Car -1 -1 -10 804.08 195.38 896.79 284.31 -1 -1 -1 -1000 -1000 -1000 -10 0.0000 
Car -1 -1 -10 834.39 193.76 932.89 248.45 -1 -1 -1 -1000 -1000 -1000 -10 0.0000 
Car -1 -1 -10 865.23 206.94 948.66 242.96 -1 -1 -1 -1000 -1000 -1000 -10 0.0000 
Car -1 -1 -10 180.43 192.83 243.80 227.05 -1 -1 -1 -1000 -1000 -1000 -10 0.0000 
Car -1 -1 -10 832.89 172.04 913.16 237.93 -1 -1 -1 -1000 -1000 -1000 -10 0.0000 
Car -1 -1 -10 79.20 162.76 165.81 192.48 -1 -1 -1 -1000 -1000 -1000 -10 0.0000 
Car -1 -1 -10 709.92 175.19 735.70 215.05 -1 -1 -1 -1000 -1000 -1000 -10 0.0000 
Car -1 -1 -10 975.02 274.18 1243.00 358.67 -1 -1 -1 -1000 -1000 -1000 -10 0.0000 
