Car -1 -1 -10 576.42 179.08 615.59 213.90 -1 -1 -1 -1000 -1000 -1000 -10 1.0000 
Car -1 -1 -10 379.22 190.72 500.88 270.38 -1 -1 -1 -1000 -1000 -1000 -10 1.0000 
Car -1 -1 -10 239.56 189.33 364.55 253.31 -1 -1 -1 -1000 -1000 -1000 -10 0.9997 
Car -1 -1 -10 461.90 184.87 518.71 219.40 -1 -1 -1 -1000 -1000 -1000 -10 0.9990 
Car -1 -1 -10 363.39 182.23 416.61 227.33 -1 -1 -1 -1000 -1000 -1000 -10 0.8808 
Car -1 -1 -10 0.00 191.00 121.32 267.79 -1 -1 -1 -1000 -1000 -1000 -10 0.8727 
Car -1 -1 -10 205.33 188.44 298.56 232.55 -1 -1 -1 -1000 -1000 -1000 -10 0.8454 
Car -1 -1 -10 512.02 175.63 553.21 209.10 -1 -1 -1 -1000 -1000 -1000 -10 0.0338 
Car -1 -1 -10 273.37 181.64 360.91 216.01 -1 -1 -1 -1000 -1000 -1000 -10 0.0242 
Car -1 -1 -10 1031.50 96.06 1077.80 127.13 -1 -1 -1 -1000 -1000 -1000 -10 0.0181 
Car -1 -1 -10 867.71 92.45 912.94 122.16 -1 -1 -1 -1000 -1000 -1000 -10 0.0168 
Car -1 -1 -10 850.09 76.50 895.00 107.61 -1 -1 -1 -1000 -1000 -1000 -10 0.0128 
Car -1 -1 -10 879.00 86.21 924.03 114.08 -1 -1 -1 -1000 -1000 -1000 -10 0.0100 
Car -1 -1 -10 884.85 36.80 929.10 66.09 -1 -1 -1 -1000 -1000 -1000 -10 0.0063 
Car -1 -1 -10 900.55 42.27 944.04 70.98 -1 -1 -1 -1000 -1000 -1000 -10 0.0060 
Car -1 -1 -10 406.82 115.08 498.25 165.92 -1 -1 -1 -1000 -1000 -1000 -10 0.0047 
Car -1 -1 -10 893.64 48.10 933.53 77.68 -1 -1 -1 -1000 -1000 -1000 -10 0.0041 
Car -1 -1 -10 34.29 195.28 79.84 225.50 -1 -1 -1 -1000 -1000 -1000 -10 0.0033 
Car -1 -1 -10 421.68 123.27 469.71 165.50 -1 -1 -1 -1000 -1000 -1000 -10 0.0032 
Car -1 -1 -10 888.08 58.12 928.29 86.90 -1 -1 -1 -1000 -1000 -1000 -10 0.0023 
Car -1 -1 -10 165.72 134.43 232.69 159.15 -1 -1 -1 -1000 -1000 -1000 -10 0.0020 
Car -1 -1 -10 94.09 134.02 145.69 170.76 -1 -1 -1 -1000 -1000 -1000 -10 0.0016 
Car -1 -1 -10 202.27 136.06 258.35 160.92 -1 -1 -1 -1000 -1000 -1000 -10 0.0014 
Car -1 -1 -10 0.00 192.72 91.92 239.95 -1 -1 -1 -1000 -1000 -1000 -10 0.0009 
Car -1 -1 -10 496.41 182.18 520.75 215.39 -1 -1 -1 -1000 -1000 -1000 -10 0.0008 
Car -1 -1 -10 43.95 117.88 98.20 146.33 -1 -1 -1 -1000 -1000 -1000 -10 0.0006 
Car -1 -1 -10 159.75 117.92 237.62 156.88 -1 -1 -1 -1000 -1000 -1000 -10 0.0004 
Car -1 -1 -10 401.17 131.45 451.84 166.77 -1 -1 -1 -1000 -1000 -1000 -10 0.0003 
Car -1 -1 -10 385.66 194.67 479.95 225.15 -1 -1 -1 -1000 -1000 -1000 -10 0.0003 
Car -1 -1 -10 25.48 92.85 84.35 130.95 -1 -1 -1 -1000 -1000 -1000 -10 0.0003 
Car -1 -1 -10 186.34 122.15 257.73 157.72 -1 -1 -1 -1000 -1000 -1000 -10 0.0002 
Car -1 -1 -10 5.16 191.56 74.35 217.72 -1 -1 -1 -1000 -1000 -1000 -10 0.0002 
Car -1 -1 -10 55.50 124.12 135.79 155.75 -1 -1 -1 -1000 -1000 -1000 -10 0.0001 
Car -1 -1 -10 452.32 184.36 500.21 254.27 -1 -1 -1 -1000 -1000 -1000 -10 0.0001 
Car -1 -1 -10 473.68 100.03 637.06 181.51 -1 -1 -1 -1000 -1000 -1000 -10 0.0000 
Car -1 -1 -10 34.75 302.88 204.68 375.01 -1 -1 -1 -1000 -1000 -1000 -10 0.0000 
Car -1 -1 -10 9.31 175.34 195.29 259.38 -1 -1 -1 -1000 -1000 -1000 -10 0.0000 
Car -1 -1 -10 0.00 143.51 207.28 371.73 -1 -1 -1 -1000 -1000 -1000 -10 0.0000 
Car -1 -1 -10 321.92 189.17 388.54 229.88 -1 -1 -1 -1000 -1000 -1000 -10 0.0000 
Car -1 -1 -10 327.92 207.67 360.80 238.50 -1 -1 -1 -1000 -1000 -1000 -10 0.0000 
Car -1 -1 -10 363.86 197.63 398.51 227.08 -1 -1 -1 -1000 -1000 -1000 -10 0.0000 
Car -1 -1 -10 23.02 158.28 444.10 359.81 -1 -1 -1 -1000 -1000 -1000 -10 0.0000 
