Car -1 -1 -10 471.07 183.35 511.00 222.86 -1 -1 -1 -1000 -1000 -1000 -10 0.9985 
Car -1 -1 -10 293.71 176.06 404.54 226.41 -1 -1 -1 -1000 -1000 -1000 -10 0.8457 
Car -1 -1 -10 42.53 254.00 95.14 290.08 -1 -1 -1 -1000 -1000 -1000 -10 0.0134 
Car -1 -1 -10 1027.00 202.82 1087.02 238.87 -1 -1 -1 -1000 -1000 -1000 -10 0.0095 
Car -1 -1 -10 1012.90 215.00 1066.48 251.67 -1 -1 -1 -1000 -1000 -1000 -10 0.0087 
Car -1 -1 -10 986.36 143.91 1095.46 210.90 -1 -1 -1 -1000 -1000 -1000 -10 0.0069 
Car -1 -1 -10 53.73 244.53 123.32 287.68 -1 -1 -1 -1000 -1000 -1000 -10 0.0048 
Car -1 -1 -10 26.57 261.78 81.72 290.31 -1 -1 -1 -1000 -1000 -1000 -10 0.0032 
Car -1 -1 -10 64.79 231.54 125.19 271.93 -1 -1 -1 -1000 -1000 -1000 -10 0.0019 
Car -1 -1 -10 1008.90 213.20 1101.16 271.12 -1 -1 -1 -1000 -1000 -1000 -10 0.0014 
Car -1 -1 -10 58.05 231.15 155.16 286.27 -1 -1 -1 -1000 -1000 -1000 -10 0.0012 
Car -1 -1 -10 714.01 197.99 786.89 228.95 -1 -1 -1 -1000 -1000 -1000 -10 0.0012 
Car -1 -1 -10 386.67 184.39 423.99 220.82 -1 -1 -1 -1000 -1000 -1000 -10 0.0010 
Car -1 -1 -10 349.19 178.71 402.68 224.09 -1 -1 -1 -1000 -1000 -1000 -10 0.0010 
Car -1 -1 -10 990.88 194.17 1078.03 249.42 -1 -1 -1 -1000 -1000 -1000 -10 0.0010 
Car -1 -1 -10 12.44 192.84 87.22 238.84 -1 -1 -1 -1000 -1000 -1000 -10 0.0010 
Car -1 -1 -10 430.88 133.84 486.71 158.30 -1 -1 -1 -1000 -1000 -1000 -10 0.0009 
Car -1 -1 -10 726.51 44.89 803.37 78.93 -1 -1 -1 -1000 -1000 -1000 -10 0.0008 
Car -1 -1 -10 67.47 265.02 122.67 296.75 -1 -1 -1 -1000 -1000 -1000 -10 0.0006 
Car -1 -1 -10 4.68 186.70 68.01 221.96 -1 -1 -1 -1000 -1000 -1000 -10 0.0006 
Car -1 -1 -10 431.07 124.15 509.04 154.14 -1 -1 -1 -1000 -1000 -1000 -10 0.0006 
Car -1 -1 -10 135.36 217.05 207.60 236.62 -1 -1 -1 -1000 -1000 -1000 -10 0.0005 
Car -1 -1 -10 991.90 167.82 1243.00 336.75 -1 -1 -1 -1000 -1000 -1000 -10 0.0004 
Car -1 -1 -10 114.89 272.70 160.94 296.33 -1 -1 -1 -1000 -1000 -1000 -10 0.0004 
Car -1 -1 -10 3.17 199.32 61.30 236.81 -1 -1 -1 -1000 -1000 -1000 -10 0.0003 
Car -1 -1 -10 781.10 64.54 839.75 106.51 -1 -1 -1 -1000 -1000 -1000 -10 0.0003 
Car -1 -1 -10 305.99 175.11 379.95 205.55 -1 -1 -1 -1000 -1000 -1000 -10 0.0002 
Car -1 -1 -10 132.10 270.76 191.67 289.32 -1 -1 -1 -1000 -1000 -1000 -10 0.0001 
Car -1 -1 -10 999.18 183.99 1105.64 232.75 -1 -1 -1 -1000 -1000 -1000 -10 0.0001 
Car -1 -1 -10 115.48 266.34 152.90 288.44 -1 -1 -1 -1000 -1000 -1000 -10 0.0001 
Car -1 -1 -10 123.36 220.48 239.39 248.19 -1 -1 -1 -1000 -1000 -1000 -10 0.0001 
Car -1 -1 -10 154.68 24.80 206.73 54.53 -1 -1 -1 -1000 -1000 -1000 -10 0.0001 
Car -1 -1 -10 962.07 50.99 1243.00 366.65 -1 -1 -1 -1000 -1000 -1000 -10 0.0000 
Car -1 -1 -10 119.96 17.14 258.87 59.43 -1 -1 -1 -1000 -1000 -1000 -10 0.0000 
Car -1 -1 -10 947.47 100.12 1092.35 161.60 -1 -1 -1 -1000 -1000 -1000 -10 0.0000 
Car -1 -1 -10 229.72 0.00 344.63 25.32 -1 -1 -1 -1000 -1000 -1000 -10 0.0000 
Car -1 -1 -10 205.07 1.43 373.61 61.60 -1 -1 -1 -1000 -1000 -1000 -10 0.0000 
Car -1 -1 -10 739.74 60.19 803.09 108.15 -1 -1 -1 -1000 -1000 -1000 -10 0.0000 
