Car -1 -1 -10 586.47 200.23 664.76 264.90 -1 -1 -1 -1000 -1000 -1000 -10 1.0000 
Car -1 -1 -10 259.21 185.69 350.89 243.47 -1 -1 -1 -1000 -1000 -1000 -10 0.9997 
Car -1 -1 -10 366.45 190.61 501.55 256.06 -1 -1 -1 -1000 -1000 -1000 -10 0.9994 
Car -1 -1 -10 83.76 193.68 231.11 268.87 -1 -1 -1 -1000 -1000 -1000 -10 0.9932 
Car -1 -1 -10 678.73 196.27 720.72 235.37 -1 -1 -1 -1000 -1000 -1000 -10 0.7557 
Car -1 -1 -10 456.73 195.78 548.62 232.62 -1 -1 -1 -1000 -1000 -1000 -10 0.3276 
Car -1 -1 -10 669.93 188.10 711.99 229.04 -1 -1 -1 -1000 -1000 -1000 -10 0.3014 
Car -1 -1 -10 697.36 175.29 809.65 271.70 -1 -1 -1 -1000 -1000 -1000 -10 0.1999 
Car -1 -1 -10 317.32 187.85 360.88 226.21 -1 -1 -1 -1000 -1000 -1000 -10 0.0502 
Car -1 -1 -10 1003.50 206.01 1053.44 227.69 -1 -1 -1 -1000 -1000 -1000 -10 0.0394 
Car -1 -1 -10 676.38 191.06 745.93 238.68 -1 -1 -1 -1000 -1000 -1000 -10 0.0320 
Car -1 -1 -10 887.97 116.63 989.84 147.85 -1 -1 -1 -1000 -1000 -1000 -10 0.0311 
Car -1 -1 -10 93.26 197.46 226.24 231.09 -1 -1 -1 -1000 -1000 -1000 -10 0.0309 
Car -1 -1 -10 377.82 193.74 427.22 228.35 -1 -1 -1 -1000 -1000 -1000 -10 0.0074 
Car -1 -1 -10 173.83 197.12 239.38 227.96 -1 -1 -1 -1000 -1000 -1000 -10 0.0071 
Car -1 -1 -10 527.63 192.71 568.92 217.47 -1 -1 -1 -1000 -1000 -1000 -10 0.0069 
Car -1 -1 -10 367.56 193.30 444.73 242.11 -1 -1 -1 -1000 -1000 -1000 -10 0.0042 
Car -1 -1 -10 1063.10 144.82 1121.29 180.20 -1 -1 -1 -1000 -1000 -1000 -10 0.0040 
Car -1 -1 -10 1165.50 222.06 1243.04 266.34 -1 -1 -1 -1000 -1000 -1000 -10 0.0035 
Car -1 -1 -10 1053.40 133.30 1150.13 178.90 -1 -1 -1 -1000 -1000 -1000 -10 0.0029 
Car -1 -1 -10 829.21 182.69 862.40 199.59 -1 -1 -1 -1000 -1000 -1000 -10 0.0016 
Car -1 -1 -10 86.11 219.96 124.56 262.12 -1 -1 -1 -1000 -1000 -1000 -10 0.0016 
Car -1 -1 -10 647.57 185.62 692.57 221.88 -1 -1 -1 -1000 -1000 -1000 -10 0.0015 
Car -1 -1 -10 943.21 116.23 1047.75 160.55 -1 -1 -1 -1000 -1000 -1000 -10 0.0012 
Car -1 -1 -10 112.00 197.43 168.98 229.04 -1 -1 -1 -1000 -1000 -1000 -10 0.0012 
Car -1 -1 -10 498.84 194.01 553.96 229.67 -1 -1 -1 -1000 -1000 -1000 -10 0.0011 
Car -1 -1 -10 100.72 196.08 179.57 261.51 -1 -1 -1 -1000 -1000 -1000 -10 0.0011 
Car -1 -1 -10 296.01 183.69 354.79 231.06 -1 -1 -1 -1000 -1000 -1000 -10 0.0010 
Car -1 -1 -10 952.06 220.81 1007.97 259.13 -1 -1 -1 -1000 -1000 -1000 -10 0.0010 
Car -1 -1 -10 1017.80 205.51 1163.27 325.33 -1 -1 -1 -1000 -1000 -1000 -10 0.0006 
Car -1 -1 -10 977.72 205.62 1041.35 229.56 -1 -1 -1 -1000 -1000 -1000 -10 0.0004 
Car -1 -1 -10 310.89 191.96 401.20 239.67 -1 -1 -1 -1000 -1000 -1000 -10 0.0004 
Car -1 -1 -10 383.07 194.49 481.45 229.73 -1 -1 -1 -1000 -1000 -1000 -10 0.0002 
Car -1 -1 -10 344.90 197.70 424.80 236.20 -1 -1 -1 -1000 -1000 -1000 -10 0.0002 
Car -1 -1 -10 1141.80 213.91 1243.00 253.06 -1 -1 -1 -1000 -1000 -1000 -10 0.0002 
Car -1 -1 -10 32.66 147.91 90.67 184.01 -1 -1 -1 -1000 -1000 -1000 -10 0.0002 
Car -1 -1 -10 87.33 216.83 160.84 265.97 -1 -1 -1 -1000 -1000 -1000 -10 0.0001 
Car -1 -1 -10 331.58 101.53 411.85 146.29 -1 -1 -1 -1000 -1000 -1000 -10 0.0001 
Car -1 -1 -10 27.51 143.47 77.52 171.49 -1 -1 -1 -1000 -1000 -1000 -10 0.0001 
Car -1 -1 -10 966.72 207.50 1053.67 239.45 -1 -1 -1 -1000 -1000 -1000 -10 0.0001 
Car -1 -1 -10 303.56 97.94 416.00 165.82 -1 -1 -1 -1000 -1000 -1000 -10 0.0000 
Car -1 -1 -10 275.66 185.98 331.17 212.15 -1 -1 -1 -1000 -1000 -1000 -10 0.0000 
Car -1 -1 -10 295.32 183.37 348.48 208.29 -1 -1 -1 -1000 -1000 -1000 -10 0.0000 
Car -1 -1 -10 553.68 181.79 593.14 206.77 -1 -1 -1 -1000 -1000 -1000 -10 0.0000 
Car -1 -1 -10 957.24 117.31 1106.20 172.97 -1 -1 -1 -1000 -1000 -1000 -10 0.0000 
Car -1 -1 -10 824.93 185.78 854.28 202.59 -1 -1 -1 -1000 -1000 -1000 -10 0.0000 
Car -1 -1 -10 748.48 182.82 810.06 213.48 -1 -1 -1 -1000 -1000 -1000 -10 0.0000 
Car -1 -1 -10 262.45 188.36 314.28 234.04 -1 -1 -1 -1000 -1000 -1000 -10 0.0000 
Car -1 -1 -10 42.14 204.35 75.67 231.14 -1 -1 -1 -1000 -1000 -1000 -10 0.0000 
Car -1 -1 -10 551.82 187.72 577.30 209.10 -1 -1 -1 -1000 -1000 -1000 -10 0.0000 
Car -1 -1 -10 1007.10 133.05 1122.07 176.31 -1 -1 -1 -1000 -1000 -1000 -10 0.0000 
Car -1 -1 -10 461.55 195.64 546.25 213.95 -1 -1 -1 -1000 -1000 -1000 -10 0.0000 
Car -1 -1 -10 220.08 81.86 272.77 112.16 -1 -1 -1 -1000 -1000 -1000 -10 0.0000 
Car -1 -1 -10 266.85 224.30 329.70 246.56 -1 -1 -1 -1000 -1000 -1000 -10 0.0000 
Car -1 -1 -10 710.96 180.71 810.80 226.75 -1 -1 -1 -1000 -1000 -1000 -10 0.0000 
Car -1 -1 -10 280.77 227.37 343.85 254.09 -1 -1 -1 -1000 -1000 -1000 -10 0.0000 
