Car -1 -1 -10 174.67 191.66 256.00 223.80 -1 -1 -1 -1000 -1000 -1000 -10 0.9946 
Car -1 -1 -10 865.91 180.38 951.93 220.84 -1 -1 -1 -1000 -1000 -1000 -10 0.9908 
Car -1 -1 -10 1085.70 158.37 1154.43 187.77 -1 -1 -1 -1000 -1000 -1000 -10 0.0406 
Car -1 -1 -10 237.78 178.74 268.47 201.13 -1 -1 -1 -1000 -1000 -1000 -10 0.0083 
Car -1 -1 -10 212.94 189.80 255.81 217.67 -1 -1 -1 -1000 -1000 -1000 -10 0.0039 
Car -1 -1 -10 430.62 179.15 461.92 203.47 -1 -1 -1 -1000 -1000 -1000 -10 0.0023 
Car -1 -1 -10 92.02 203.88 166.38 231.62 -1 -1 -1 -1000 -1000 -1000 -10 0.0007 
Car -1 -1 -10 1.42 215.32 102.12 239.02 -1 -1 -1 -1000 -1000 -1000 -10 0.0007 
Car -1 -1 -10 1187.40 241.74 1243.02 285.03 -1 -1 -1 -1000 -1000 -1000 -10 0.0005 
Car -1 -1 -10 457.16 174.46 486.88 197.25 -1 -1 -1 -1000 -1000 -1000 -10 0.0005 
Car -1 -1 -10 590.29 164.35 617.73 191.91 -1 -1 -1 -1000 -1000 -1000 -10 0.0003 
Car -1 -1 -10 247.49 179.20 277.66 199.24 -1 -1 -1 -1000 -1000 -1000 -10 0.0003 
Car -1 -1 -10 818.06 117.32 893.26 153.25 -1 -1 -1 -1000 -1000 -1000 -10 0.0002 
Car -1 -1 -10 1006.70 217.22 1127.87 257.24 -1 -1 -1 -1000 -1000 -1000 -10 0.0001 
Car -1 -1 -10 837.04 107.43 890.00 140.59 -1 -1 -1 -1000 -1000 -1000 -10 0.0001 
Car -1 -1 -10 1159.80 238.52 1227.76 282.66 -1 -1 -1 -1000 -1000 -1000 -10 0.0001 
Car -1 -1 -10 155.73 180.27 205.52 209.28 -1 -1 -1 -1000 -1000 -1000 -10 0.0001 
Car -1 -1 -10 301.18 180.17 342.63 205.57 -1 -1 -1 -1000 -1000 -1000 -10 0.0001 
Car -1 -1 -10 1145.80 236.69 1231.55 263.42 -1 -1 -1 -1000 -1000 -1000 -10 0.0001 
Car -1 -1 -10 991.91 210.17 1072.16 249.51 -1 -1 -1 -1000 -1000 -1000 -10 0.0000 
Car -1 -1 -10 877.89 194.31 944.35 222.18 -1 -1 -1 -1000 -1000 -1000 -10 0.0000 
Car -1 -1 -10 1004.40 202.79 1091.03 237.24 -1 -1 -1 -1000 -1000 -1000 -10 0.0000 
Car -1 -1 -10 408.48 183.03 461.31 201.63 -1 -1 -1 -1000 -1000 -1000 -10 0.0000 
Car -1 -1 -10 245.38 182.38 303.17 203.23 -1 -1 -1 -1000 -1000 -1000 -10 0.0000 
Car -1 -1 -10 419.05 186.77 458.30 209.55 -1 -1 -1 -1000 -1000 -1000 -10 0.0000 
Car -1 -1 -10 230.35 180.90 257.01 205.94 -1 -1 -1 -1000 -1000 -1000 -10 0.0000 
Car -1 -1 -10 1069.10 160.77 1170.90 205.85 -1 -1 -1 -1000 -1000 -1000 -10 0.0000 
Car -1 -1 -10 880.59 204.65 965.06 232.45 -1 -1 -1 -1000 -1000 -1000 -10 0.0000 
Car -1 -1 -10 578.29 168.60 610.87 189.24 -1 -1 -1 -1000 -1000 -1000 -10 0.0000 
