Car -1 -1 -10 701.31 164.79 802.52 254.60 -1 -1 -1 -1000 -1000 -1000 -10 1.0000 
Car -1 -1 -10 142.54 172.50 414.34 264.47 -1 -1 -1 -1000 -1000 -1000 -10 0.9999 
Car -1 -1 -10 444.49 162.79 553.68 252.79 -1 -1 -1 -1000 -1000 -1000 -10 0.9997 
Car -1 -1 -10 532.97 171.50 585.58 221.32 -1 -1 -1 -1000 -1000 -1000 -10 0.9724 
Car -1 -1 -10 604.40 167.32 648.99 194.74 -1 -1 -1 -1000 -1000 -1000 -10 0.9031 
Car -1 -1 -10 544.06 164.55 597.71 210.14 -1 -1 -1 -1000 -1000 -1000 -10 0.3345 
Car -1 -1 -10 207.04 176.95 329.31 230.02 -1 -1 -1 -1000 -1000 -1000 -10 0.0076 
Car -1 -1 -10 0.00 245.03 123.39 285.38 -1 -1 -1 -1000 -1000 -1000 -10 0.0028 
Car -1 -1 -10 327.74 83.10 383.07 106.25 -1 -1 -1 -1000 -1000 -1000 -10 0.0024 
Car -1 -1 -10 681.54 160.36 710.63 178.95 -1 -1 -1 -1000 -1000 -1000 -10 0.0020 
Car -1 -1 -10 716.63 167.63 798.77 206.44 -1 -1 -1 -1000 -1000 -1000 -10 0.0012 
Car -1 -1 -10 688.69 166.77 744.32 225.41 -1 -1 -1 -1000 -1000 -1000 -10 0.0011 
Car -1 -1 -10 234.67 0.00 302.51 30.92 -1 -1 -1 -1000 -1000 -1000 -10 0.0011 
Car -1 -1 -10 573.97 167.72 628.81 197.52 -1 -1 -1 -1000 -1000 -1000 -10 0.0008 
Car -1 -1 -10 319.49 83.38 396.48 120.09 -1 -1 -1 -1000 -1000 -1000 -10 0.0007 
Car -1 -1 -10 1174.60 160.93 1242.49 187.57 -1 -1 -1 -1000 -1000 -1000 -10 0.0004 
Car -1 -1 -10 230.12 131.27 289.54 157.95 -1 -1 -1 -1000 -1000 -1000 -10 0.0003 
Car -1 -1 -10 406.96 93.97 488.85 117.17 -1 -1 -1 -1000 -1000 -1000 -10 0.0003 
Car -1 -1 -10 328.71 79.54 421.15 104.15 -1 -1 -1 -1000 -1000 -1000 -10 0.0003 
Car -1 -1 -10 123.38 236.79 219.86 261.76 -1 -1 -1 -1000 -1000 -1000 -10 0.0003 
Car -1 -1 -10 309.58 80.84 368.05 109.90 -1 -1 -1 -1000 -1000 -1000 -10 0.0002 
Car -1 -1 -10 371.92 114.89 470.08 140.24 -1 -1 -1 -1000 -1000 -1000 -10 0.0002 
Car -1 -1 -10 261.09 0.00 323.69 30.52 -1 -1 -1 -1000 -1000 -1000 -10 0.0001 
Car -1 -1 -10 380.47 100.32 474.61 135.67 -1 -1 -1 -1000 -1000 -1000 -10 0.0001 
Car -1 -1 -10 376.14 67.75 464.16 110.26 -1 -1 -1 -1000 -1000 -1000 -10 0.0001 
Car -1 -1 -10 31.39 211.67 365.02 263.81 -1 -1 -1 -1000 -1000 -1000 -10 0.0001 
Car -1 -1 -10 389.00 189.90 428.42 217.71 -1 -1 -1 -1000 -1000 -1000 -10 0.0000 
Car -1 -1 -10 475.74 37.24 537.53 58.19 -1 -1 -1 -1000 -1000 -1000 -10 0.0000 
Car -1 -1 -10 299.23 179.97 408.41 257.59 -1 -1 -1 -1000 -1000 -1000 -10 0.0000 
Car -1 -1 -10 1132.70 96.06 1224.36 131.00 -1 -1 -1 -1000 -1000 -1000 -10 0.0000 
Car -1 -1 -10 192.18 76.22 284.24 107.13 -1 -1 -1 -1000 -1000 -1000 -10 0.0000 
Car -1 -1 -10 345.03 186.07 409.97 251.61 -1 -1 -1 -1000 -1000 -1000 -10 0.0000 
Car -1 -1 -10 174.13 36.50 272.44 109.03 -1 -1 -1 -1000 -1000 -1000 -10 0.0000 
Car -1 -1 -10 210.71 100.83 414.82 263.79 -1 -1 -1 -1000 -1000 -1000 -10 0.0000 
