Car -1 -1 -10 408.70 184.82 518.40 265.96 -1 -1 -1 -1000 -1000 -1000 -10 1.0000 
Car -1 -1 -10 761.44 177.55 1128.46 376.00 -1 -1 -1 -1000 -1000 -1000 -10 0.9998 
Car -1 -1 -10 665.32 178.47 742.75 238.51 -1 -1 -1 -1000 -1000 -1000 -10 0.9997 
Car -1 -1 -10 589.71 175.19 615.42 200.77 -1 -1 -1 -1000 -1000 -1000 -10 0.9986 
Car -1 -1 -10 346.67 186.09 425.22 213.38 -1 -1 -1 -1000 -1000 -1000 -10 0.9909 
Car -1 -1 -10 717.02 170.37 888.77 313.74 -1 -1 -1 -1000 -1000 -1000 -10 0.9722 
Car -1 -1 -10 638.03 177.89 676.56 210.37 -1 -1 -1 -1000 -1000 -1000 -10 0.8521 
Car -1 -1 -10 244.07 184.97 312.41 214.12 -1 -1 -1 -1000 -1000 -1000 -10 0.6599 
Car -1 -1 -10 151.98 186.19 222.93 216.66 -1 -1 -1 -1000 -1000 -1000 -10 0.0479 
Car -1 -1 -10 484.88 180.70 520.33 202.28 -1 -1 -1 -1000 -1000 -1000 -10 0.0340 
Car -1 -1 -10 1186.40 27.10 1234.83 64.38 -1 -1 -1 -1000 -1000 -1000 -10 0.0263 
Car -1 -1 -10 132.46 191.20 248.42 219.31 -1 -1 -1 -1000 -1000 -1000 -10 0.0131 
Car -1 -1 -10 645.00 176.17 701.54 217.65 -1 -1 -1 -1000 -1000 -1000 -10 0.0046 
Car -1 -1 -10 188.46 188.36 235.78 215.50 -1 -1 -1 -1000 -1000 -1000 -10 0.0016 
Car -1 -1 -10 1191.70 23.01 1243.04 84.71 -1 -1 -1 -1000 -1000 -1000 -10 0.0016 
Car -1 -1 -10 343.98 182.80 428.85 235.11 -1 -1 -1 -1000 -1000 -1000 -10 0.0013 
Car -1 -1 -10 716.77 185.14 903.02 256.99 -1 -1 -1 -1000 -1000 -1000 -10 0.0009 
Car -1 -1 -10 1187.10 227.05 1243.05 275.48 -1 -1 -1 -1000 -1000 -1000 -10 0.0007 
Car -1 -1 -10 285.10 190.49 347.60 225.10 -1 -1 -1 -1000 -1000 -1000 -10 0.0003 
Car -1 -1 -10 830.40 180.20 878.74 211.45 -1 -1 -1 -1000 -1000 -1000 -10 0.0002 
Car -1 -1 -10 247.40 190.25 337.02 226.59 -1 -1 -1 -1000 -1000 -1000 -10 0.0001 
Car -1 -1 -10 637.89 176.69 660.51 205.12 -1 -1 -1 -1000 -1000 -1000 -10 0.0001 
Car -1 -1 -10 222.79 220.69 291.90 260.81 -1 -1 -1 -1000 -1000 -1000 -10 0.0001 
Car -1 -1 -10 981.37 246.91 1174.78 339.66 -1 -1 -1 -1000 -1000 -1000 -10 0.0001 
Car -1 -1 -10 200.59 194.98 267.86 218.05 -1 -1 -1 -1000 -1000 -1000 -10 0.0000 
Car -1 -1 -10 793.74 209.81 881.05 286.03 -1 -1 -1 -1000 -1000 -1000 -10 0.0000 
Car -1 -1 -10 229.90 192.12 269.11 219.65 -1 -1 -1 -1000 -1000 -1000 -10 0.0000 
Car -1 -1 -10 928.53 209.98 1239.60 366.66 -1 -1 -1 -1000 -1000 -1000 -10 0.0000 
Car -1 -1 -10 368.42 189.66 445.47 242.24 -1 -1 -1 -1000 -1000 -1000 -10 0.0000 
Car -1 -1 -10 572.59 113.56 612.88 141.19 -1 -1 -1 -1000 -1000 -1000 -10 0.0000 
Car -1 -1 -10 734.02 179.64 792.98 226.60 -1 -1 -1 -1000 -1000 -1000 -10 0.0000 
Car -1 -1 -10 794.66 129.36 863.12 195.26 -1 -1 -1 -1000 -1000 -1000 -10 0.0000 
Car -1 -1 -10 822.99 164.89 874.89 227.58 -1 -1 -1 -1000 -1000 -1000 -10 0.0000 
Car -1 -1 -10 465.88 184.23 513.11 229.74 -1 -1 -1 -1000 -1000 -1000 -10 0.0000 
Car -1 -1 -10 316.94 189.77 379.85 220.50 -1 -1 -1 -1000 -1000 -1000 -10 0.0000 
Car -1 -1 -10 984.18 190.91 1044.61 227.12 -1 -1 -1 -1000 -1000 -1000 -10 0.0000 
Car -1 -1 -10 715.24 205.26 788.29 276.96 -1 -1 -1 -1000 -1000 -1000 -10 0.0000 
Car -1 -1 -10 774.66 196.15 873.61 253.35 -1 -1 -1 -1000 -1000 -1000 -10 0.0000 
Car -1 -1 -10 818.00 172.54 860.71 210.21 -1 -1 -1 -1000 -1000 -1000 -10 0.0000 
Car -1 -1 -10 948.18 193.50 1093.91 236.32 -1 -1 -1 -1000 -1000 -1000 -10 0.0000 
Car -1 -1 -10 828.32 168.16 863.76 200.07 -1 -1 -1 -1000 -1000 -1000 -10 0.0000 
Car -1 -1 -10 395.46 192.24 467.89 238.30 -1 -1 -1 -1000 -1000 -1000 -10 0.0000 
Car -1 -1 -10 886.15 191.64 1085.54 270.07 -1 -1 -1 -1000 -1000 -1000 -10 0.0000 
Car -1 -1 -10 734.69 176.43 863.65 230.43 -1 -1 -1 -1000 -1000 -1000 -10 0.0000 
Car -1 -1 -10 766.03 186.44 929.51 346.51 -1 -1 -1 -1000 -1000 -1000 -10 0.0000 
Car -1 -1 -10 1105.10 230.61 1222.64 288.98 -1 -1 -1 -1000 -1000 -1000 -10 0.0000 
Car -1 -1 -10 302.06 197.59 372.52 235.48 -1 -1 -1 -1000 -1000 -1000 -10 0.0000 
Car -1 -1 -10 697.38 189.00 763.74 258.47 -1 -1 -1 -1000 -1000 -1000 -10 0.0000 
Car -1 -1 -10 805.55 171.79 848.72 202.40 -1 -1 -1 -1000 -1000 -1000 -10 0.0000 
Car -1 -1 -10 780.47 177.34 850.64 218.36 -1 -1 -1 -1000 -1000 -1000 -10 0.0000 
Car -1 -1 -10 725.43 178.52 771.61 237.22 -1 -1 -1 -1000 -1000 -1000 -10 0.0000 
