Car -1 -1 -10 239.30 179.55 364.06 247.97 -1 -1 -1 -1000 -1000 -1000 -10 0.9999 
Car -1 -1 -10 377.00 181.46 444.75 223.48 -1 -1 -1 -1000 -1000 -1000 -10 0.9999 
Car -1 -1 -10 127.38 194.77 287.48 272.01 -1 -1 -1 -1000 -1000 -1000 -10 0.9989 
Car -1 -1 -10 497.65 178.24 531.77 198.82 -1 -1 -1 -1000 -1000 -1000 -10 0.9706 
Car -1 -1 -10 419.43 181.48 473.34 214.35 -1 -1 -1 -1000 -1000 -1000 -10 0.9254 
Car -1 -1 -10 0.00 181.46 155.35 316.22 -1 -1 -1 -1000 -1000 -1000 -10 0.5746 
Car -1 -1 -10 225.61 104.41 321.93 141.56 -1 -1 -1 -1000 -1000 -1000 -10 0.0028 
Car -1 -1 -10 980.27 126.59 1056.26 164.09 -1 -1 -1 -1000 -1000 -1000 -10 0.0017 
Car -1 -1 -10 1073.20 34.99 1147.15 61.78 -1 -1 -1 -1000 -1000 -1000 -10 0.0008 
Car -1 -1 -10 1005.10 209.89 1070.90 237.90 -1 -1 -1 -1000 -1000 -1000 -10 0.0008 
Car -1 -1 -10 1085.50 26.74 1161.58 55.80 -1 -1 -1 -1000 -1000 -1000 -10 0.0005 
Car -1 -1 -10 28.28 188.20 195.21 284.71 -1 -1 -1 -1000 -1000 -1000 -10 0.0003 
Car -1 -1 -10 1136.50 49.38 1199.61 91.11 -1 -1 -1 -1000 -1000 -1000 -10 0.0002 
Car -1 -1 -10 1125.70 30.30 1202.08 75.35 -1 -1 -1 -1000 -1000 -1000 -10 0.0002 
Car -1 -1 -10 9.26 168.67 78.09 201.20 -1 -1 -1 -1000 -1000 -1000 -10 0.0002 
Car -1 -1 -10 999.05 137.62 1081.28 171.66 -1 -1 -1 -1000 -1000 -1000 -10 0.0002 
Car -1 -1 -10 1109.80 23.78 1186.77 60.66 -1 -1 -1 -1000 -1000 -1000 -10 0.0001 
Car -1 -1 -10 677.07 149.83 731.20 187.95 -1 -1 -1 -1000 -1000 -1000 -10 0.0001 
Car -1 -1 -10 10.56 22.69 121.09 63.26 -1 -1 -1 -1000 -1000 -1000 -10 0.0000 
Car -1 -1 -10 42.59 185.61 158.51 231.85 -1 -1 -1 -1000 -1000 -1000 -10 0.0000 
Car -1 -1 -10 305.16 179.28 360.93 218.32 -1 -1 -1 -1000 -1000 -1000 -10 0.0000 
Car -1 -1 -10 216.41 194.99 273.57 214.15 -1 -1 -1 -1000 -1000 -1000 -10 0.0000 
Car -1 -1 -10 796.91 304.07 894.64 347.42 -1 -1 -1 -1000 -1000 -1000 -10 0.0000 
Car -1 -1 -10 815.36 322.15 908.52 354.90 -1 -1 -1 -1000 -1000 -1000 -10 0.0000 
Car -1 -1 -10 59.94 26.68 143.08 62.29 -1 -1 -1 -1000 -1000 -1000 -10 0.0000 
