Car -1 -1 -10 1105.40 226.93 1225.02 279.75 -1 -1 -1 -1000 -1000 -1000 -10 0.0126 
Car -1 -1 -10 1136.30 279.36 1225.01 320.74 -1 -1 -1 -1000 -1000 -1000 -10 0.0121 
Car -1 -1 -10 1161.30 226.63 1225.01 251.83 -1 -1 -1 -1000 -1000 -1000 -10 0.0114 
Car -1 -1 -10 1018.10 158.42 1079.24 195.26 -1 -1 -1 -1000 -1000 -1000 -10 0.0021 
Car -1 -1 -10 671.42 174.63 723.62 210.18 -1 -1 -1 -1000 -1000 -1000 -10 0.0014 
Car -1 -1 -10 1042.30 226.34 1108.37 261.27 -1 -1 -1 -1000 -1000 -1000 -10 0.0011 
Car -1 -1 -10 987.10 130.76 1046.27 158.79 -1 -1 -1 -1000 -1000 -1000 -10 0.0008 
Car -1 -1 -10 1186.60 272.21 1225.02 321.29 -1 -1 -1 -1000 -1000 -1000 -10 0.0005 
Car -1 -1 -10 939.43 148.31 1030.90 189.73 -1 -1 -1 -1000 -1000 -1000 -10 0.0005 
Car -1 -1 -10 989.52 155.02 1066.49 193.99 -1 -1 -1 -1000 -1000 -1000 -10 0.0004 
Car -1 -1 -10 996.29 120.49 1087.25 163.52 -1 -1 -1 -1000 -1000 -1000 -10 0.0004 
Car -1 -1 -10 538.33 206.93 599.13 242.70 -1 -1 -1 -1000 -1000 -1000 -10 0.0002 
Car -1 -1 -10 1078.60 72.79 1152.67 124.26 -1 -1 -1 -1000 -1000 -1000 -10 0.0001 
Car -1 -1 -10 846.36 120.44 926.22 154.56 -1 -1 -1 -1000 -1000 -1000 -10 0.0001 
Car -1 -1 -10 984.73 116.19 1070.10 151.08 -1 -1 -1 -1000 -1000 -1000 -10 0.0001 
Car -1 -1 -10 1000.30 92.56 1118.96 132.18 -1 -1 -1 -1000 -1000 -1000 -10 0.0000 
Car -1 -1 -10 912.48 103.39 1022.12 136.92 -1 -1 -1 -1000 -1000 -1000 -10 0.0000 
Car -1 -1 -10 138.71 157.24 206.17 193.49 -1 -1 -1 -1000 -1000 -1000 -10 0.0000 
Car -1 -1 -10 917.87 121.43 994.18 158.75 -1 -1 -1 -1000 -1000 -1000 -10 0.0000 
Car -1 -1 -10 957.99 103.28 1042.33 134.41 -1 -1 -1 -1000 -1000 -1000 -10 0.0000 
Car -1 -1 -10 876.29 118.81 966.02 160.68 -1 -1 -1 -1000 -1000 -1000 -10 0.0000 
Car -1 -1 -10 570.84 49.22 791.14 80.86 -1 -1 -1 -1000 -1000 -1000 -10 0.0000 
Car -1 -1 -10 111.03 181.91 190.47 213.04 -1 -1 -1 -1000 -1000 -1000 -10 0.0000 
Car -1 -1 -10 841.14 117.81 905.21 143.42 -1 -1 -1 -1000 -1000 -1000 -10 0.0000 
Car -1 -1 -10 514.44 31.28 606.87 69.83 -1 -1 -1 -1000 -1000 -1000 -10 0.0000 
Car -1 -1 -10 0.00 16.43 91.74 117.29 -1 -1 -1 -1000 -1000 -1000 -10 0.0000 
Car -1 -1 -10 863.82 117.99 934.01 142.78 -1 -1 -1 -1000 -1000 -1000 -10 0.0000 
Car -1 -1 -10 904.34 113.92 995.73 147.01 -1 -1 -1 -1000 -1000 -1000 -10 0.0000 
Car -1 -1 -10 995.19 103.77 1110.03 151.52 -1 -1 -1 -1000 -1000 -1000 -10 0.0000 
Car -1 -1 -10 235.97 206.22 424.47 274.87 -1 -1 -1 -1000 -1000 -1000 -10 0.0000 
Car -1 -1 -10 894.39 105.40 972.90 132.43 -1 -1 -1 -1000 -1000 -1000 -10 0.0000 
