Car -1 -1 -10 594.01 173.43 624.09 200.60 -1 -1 -1 -1000 -1000 -1000 -10 0.9986 
Car -1 -1 -10 300.12 173.86 372.74 219.48 -1 -1 -1 -1000 -1000 -1000 -10 0.9402 
Car -1 -1 -10 625.92 161.73 662.68 192.05 -1 -1 -1 -1000 -1000 -1000 -10 0.0992 
Car -1 -1 -10 1055.70 256.75 1103.35 291.49 -1 -1 -1 -1000 -1000 -1000 -10 0.0254 
Car -1 -1 -10 1076.80 256.30 1123.23 291.48 -1 -1 -1 -1000 -1000 -1000 -10 0.0200 
Car -1 -1 -10 1053.60 240.86 1100.84 275.42 -1 -1 -1 -1000 -1000 -1000 -10 0.0171 
Car -1 -1 -10 1070.70 268.04 1128.06 303.70 -1 -1 -1 -1000 -1000 -1000 -10 0.0151 
Car -1 -1 -10 1118.10 251.21 1180.08 298.40 -1 -1 -1 -1000 -1000 -1000 -10 0.0144 
Car -1 -1 -10 1068.60 247.39 1111.37 281.41 -1 -1 -1 -1000 -1000 -1000 -10 0.0135 
Car -1 -1 -10 1116.20 278.39 1175.04 313.47 -1 -1 -1 -1000 -1000 -1000 -10 0.0122 
Car -1 -1 -10 1118.30 246.79 1173.18 278.34 -1 -1 -1 -1000 -1000 -1000 -10 0.0116 
Car -1 -1 -10 1131.30 267.32 1182.45 305.04 -1 -1 -1 -1000 -1000 -1000 -10 0.0110 
Car -1 -1 -10 1132.40 282.31 1195.62 316.98 -1 -1 -1 -1000 -1000 -1000 -10 0.0105 
Car -1 -1 -10 1084.50 236.52 1140.26 268.74 -1 -1 -1 -1000 -1000 -1000 -10 0.0102 
Car -1 -1 -10 1166.70 241.80 1226.23 273.39 -1 -1 -1 -1000 -1000 -1000 -10 0.0093 
Car -1 -1 -10 1036.40 241.82 1083.84 279.27 -1 -1 -1 -1000 -1000 -1000 -10 0.0093 
Car -1 -1 -10 1102.90 241.65 1155.51 275.42 -1 -1 -1 -1000 -1000 -1000 -10 0.0078 
Car -1 -1 -10 1026.80 251.07 1079.83 287.20 -1 -1 -1 -1000 -1000 -1000 -10 0.0072 
Car -1 -1 -10 1045.90 273.36 1115.27 303.06 -1 -1 -1 -1000 -1000 -1000 -10 0.0064 
Car -1 -1 -10 1053.70 249.19 1123.09 297.16 -1 -1 -1 -1000 -1000 -1000 -10 0.0063 
Car -1 -1 -10 1136.40 246.34 1201.40 280.47 -1 -1 -1 -1000 -1000 -1000 -10 0.0061 
Car -1 -1 -10 1160.80 286.66 1228.70 330.18 -1 -1 -1 -1000 -1000 -1000 -10 0.0058 
Car -1 -1 -10 1150.90 249.44 1227.84 295.25 -1 -1 -1 -1000 -1000 -1000 -10 0.0058 
Car -1 -1 -10 1146.30 237.58 1214.68 267.04 -1 -1 -1 -1000 -1000 -1000 -10 0.0056 
Car -1 -1 -10 1178.30 300.56 1243.03 331.46 -1 -1 -1 -1000 -1000 -1000 -10 0.0055 
Car -1 -1 -10 1112.80 235.45 1171.26 265.89 -1 -1 -1 -1000 -1000 -1000 -10 0.0051 
Car -1 -1 -10 1011.80 245.48 1065.08 282.94 -1 -1 -1 -1000 -1000 -1000 -10 0.0039 
Car -1 -1 -10 1089.20 275.63 1164.38 317.73 -1 -1 -1 -1000 -1000 -1000 -10 0.0033 
Car -1 -1 -10 316.12 310.26 373.99 336.23 -1 -1 -1 -1000 -1000 -1000 -10 0.0032 
Car -1 -1 -10 1055.50 159.80 1126.53 187.62 -1 -1 -1 -1000 -1000 -1000 -10 0.0029 
Car -1 -1 -10 985.75 254.75 1048.53 284.95 -1 -1 -1 -1000 -1000 -1000 -10 0.0028 
Car -1 -1 -10 408.17 267.61 474.62 301.22 -1 -1 -1 -1000 -1000 -1000 -10 0.0027 
Car -1 -1 -10 378.02 286.84 442.61 321.75 -1 -1 -1 -1000 -1000 -1000 -10 0.0027 
Car -1 -1 -10 1123.10 226.20 1196.45 265.24 -1 -1 -1 -1000 -1000 -1000 -10 0.0025 
Car -1 -1 -10 1020.70 263.97 1084.85 293.98 -1 -1 -1 -1000 -1000 -1000 -10 0.0024 
Car -1 -1 -10 1054.10 283.88 1128.78 310.71 -1 -1 -1 -1000 -1000 -1000 -10 0.0024 
Car -1 -1 -10 1032.50 242.26 1105.41 292.12 -1 -1 -1 -1000 -1000 -1000 -10 0.0024 
Car -1 -1 -10 1181.60 248.13 1241.44 285.32 -1 -1 -1 -1000 -1000 -1000 -10 0.0023 
Car -1 -1 -10 999.19 264.23 1063.70 291.64 -1 -1 -1 -1000 -1000 -1000 -10 0.0016 
Car -1 -1 -10 402.27 284.00 471.90 318.91 -1 -1 -1 -1000 -1000 -1000 -10 0.0014 
Car -1 -1 -10 980.57 263.83 1034.31 291.29 -1 -1 -1 -1000 -1000 -1000 -10 0.0013 
Car -1 -1 -10 548.69 161.06 577.73 188.90 -1 -1 -1 -1000 -1000 -1000 -10 0.0013 
Car -1 -1 -10 344.05 310.54 407.50 336.95 -1 -1 -1 -1000 -1000 -1000 -10 0.0012 
Car -1 -1 -10 1076.60 119.82 1128.59 150.94 -1 -1 -1 -1000 -1000 -1000 -10 0.0011 
Car -1 -1 -10 956.55 256.43 1015.09 282.00 -1 -1 -1 -1000 -1000 -1000 -10 0.0011 
Car -1 -1 -10 1082.20 164.01 1127.42 195.70 -1 -1 -1 -1000 -1000 -1000 -10 0.0011 
Car -1 -1 -10 1100.10 121.70 1152.98 151.54 -1 -1 -1 -1000 -1000 -1000 -10 0.0010 
Car -1 -1 -10 1007.40 274.12 1091.60 300.12 -1 -1 -1 -1000 -1000 -1000 -10 0.0009 
Car -1 -1 -10 1120.90 291.27 1206.13 328.82 -1 -1 -1 -1000 -1000 -1000 -10 0.0009 
Car -1 -1 -10 976.43 223.08 1047.43 248.90 -1 -1 -1 -1000 -1000 -1000 -10 0.0008 
Car -1 -1 -10 1158.90 311.83 1224.72 344.38 -1 -1 -1 -1000 -1000 -1000 -10 0.0005 
Car -1 -1 -10 1096.80 120.41 1184.27 160.27 -1 -1 -1 -1000 -1000 -1000 -10 0.0003 
Car -1 -1 -10 351.31 288.48 425.34 330.19 -1 -1 -1 -1000 -1000 -1000 -10 0.0003 
Car -1 -1 -10 382.42 288.09 467.14 335.94 -1 -1 -1 -1000 -1000 -1000 -10 0.0003 
Car -1 -1 -10 932.71 245.16 1018.73 277.51 -1 -1 -1 -1000 -1000 -1000 -10 0.0002 
Car -1 -1 -10 601.64 170.39 623.47 185.84 -1 -1 -1 -1000 -1000 -1000 -10 0.0000 
Car -1 -1 -10 1161.00 27.00 1219.17 67.55 -1 -1 -1 -1000 -1000 -1000 -10 0.0000 
Car -1 -1 -10 616.77 167.92 633.65 190.59 -1 -1 -1 -1000 -1000 -1000 -10 0.0000 
Car -1 -1 -10 608.10 170.97 629.94 195.43 -1 -1 -1 -1000 -1000 -1000 -10 0.0000 
Car -1 -1 -10 0.00 157.51 94.81 259.34 -1 -1 -1 -1000 -1000 -1000 -10 0.0000 
