Car -1 -1 -10 712.42 180.42 890.86 251.64 -1 -1 -1 -1000 -1000 -1000 -10 0.9999 
Car -1 -1 -10 347.48 194.40 404.68 241.22 -1 -1 -1 -1000 -1000 -1000 -10 0.9999 
Car -1 -1 -10 444.75 191.53 523.82 241.40 -1 -1 -1 -1000 -1000 -1000 -10 0.9990 
Car -1 -1 -10 799.40 166.55 1117.21 281.58 -1 -1 -1 -1000 -1000 -1000 -10 0.9955 
Car -1 -1 -10 624.27 174.61 694.25 229.24 -1 -1 -1 -1000 -1000 -1000 -10 0.1200 
Car -1 -1 -10 897.54 171.67 1083.93 265.88 -1 -1 -1 -1000 -1000 -1000 -10 0.0194 
Car -1 -1 -10 1104.80 221.37 1180.21 247.97 -1 -1 -1 -1000 -1000 -1000 -10 0.0166 
Car -1 -1 -10 752.81 150.31 811.57 174.38 -1 -1 -1 -1000 -1000 -1000 -10 0.0154 
Car -1 -1 -10 1025.70 206.82 1237.77 301.76 -1 -1 -1 -1000 -1000 -1000 -10 0.0134 
Car -1 -1 -10 888.55 182.95 1168.45 300.94 -1 -1 -1 -1000 -1000 -1000 -10 0.0129 
Car -1 -1 -10 1045.70 225.11 1121.42 259.91 -1 -1 -1 -1000 -1000 -1000 -10 0.0088 
Car -1 -1 -10 1130.10 209.13 1242.97 294.96 -1 -1 -1 -1000 -1000 -1000 -10 0.0038 
Car -1 -1 -10 1.03 189.44 83.08 278.81 -1 -1 -1 -1000 -1000 -1000 -10 0.0033 
Car -1 -1 -10 928.92 176.06 1033.75 212.61 -1 -1 -1 -1000 -1000 -1000 -10 0.0025 
Car -1 -1 -10 1058.50 219.64 1156.49 250.61 -1 -1 -1 -1000 -1000 -1000 -10 0.0024 
Car -1 -1 -10 216.00 192.94 270.85 213.66 -1 -1 -1 -1000 -1000 -1000 -10 0.0024 
Car -1 -1 -10 1132.80 224.32 1184.33 251.79 -1 -1 -1 -1000 -1000 -1000 -10 0.0023 
Car -1 -1 -10 3.90 171.39 58.68 248.73 -1 -1 -1 -1000 -1000 -1000 -10 0.0018 
Car -1 -1 -10 1151.70 216.89 1189.62 243.20 -1 -1 -1 -1000 -1000 -1000 -10 0.0013 
Car -1 -1 -10 154.94 61.10 244.19 98.77 -1 -1 -1 -1000 -1000 -1000 -10 0.0009 
Car -1 -1 -10 1170.00 123.27 1243.02 343.01 -1 -1 -1 -1000 -1000 -1000 -10 0.0007 
Car -1 -1 -10 1017.30 221.05 1134.72 280.45 -1 -1 -1 -1000 -1000 -1000 -10 0.0007 
Car -1 -1 -10 1162.60 217.59 1238.45 274.14 -1 -1 -1 -1000 -1000 -1000 -10 0.0005 
Car -1 -1 -10 1166.20 117.99 1243.05 222.56 -1 -1 -1 -1000 -1000 -1000 -10 0.0004 
Car -1 -1 -10 781.47 185.62 860.81 231.76 -1 -1 -1 -1000 -1000 -1000 -10 0.0004 
Car -1 -1 -10 14.86 195.14 118.71 254.84 -1 -1 -1 -1000 -1000 -1000 -10 0.0004 
Car -1 -1 -10 0.00 293.43 93.84 358.95 -1 -1 -1 -1000 -1000 -1000 -10 0.0004 
Car -1 -1 -10 265.74 189.07 294.30 211.41 -1 -1 -1 -1000 -1000 -1000 -10 0.0004 
Car -1 -1 -10 1020.80 116.35 1085.75 145.92 -1 -1 -1 -1000 -1000 -1000 -10 0.0004 
Car -1 -1 -10 845.49 183.98 906.51 217.07 -1 -1 -1 -1000 -1000 -1000 -10 0.0003 
Car -1 -1 -10 769.71 97.71 901.41 169.32 -1 -1 -1 -1000 -1000 -1000 -10 0.0003 
Car -1 -1 -10 813.45 185.93 869.86 226.45 -1 -1 -1 -1000 -1000 -1000 -10 0.0003 
Car -1 -1 -10 813.77 176.84 978.74 265.41 -1 -1 -1 -1000 -1000 -1000 -10 0.0002 
Car -1 -1 -10 1060.00 263.74 1243.03 305.80 -1 -1 -1 -1000 -1000 -1000 -10 0.0002 
Car -1 -1 -10 0.00 257.10 97.99 344.57 -1 -1 -1 -1000 -1000 -1000 -10 0.0002 
Car -1 -1 -10 889.42 149.79 980.94 207.40 -1 -1 -1 -1000 -1000 -1000 -10 0.0002 
Car -1 -1 -10 1135.80 215.27 1222.81 263.63 -1 -1 -1 -1000 -1000 -1000 -10 0.0001 
Car -1 -1 -10 968.64 237.52 1053.11 278.39 -1 -1 -1 -1000 -1000 -1000 -10 0.0001 
Car -1 -1 -10 803.52 195.59 927.23 272.57 -1 -1 -1 -1000 -1000 -1000 -10 0.0001 
Car -1 -1 -10 1074.40 217.55 1185.08 287.19 -1 -1 -1 -1000 -1000 -1000 -10 0.0001 
Car -1 -1 -10 594.31 115.61 667.66 151.67 -1 -1 -1 -1000 -1000 -1000 -10 0.0001 
Car -1 -1 -10 974.68 197.80 1118.60 284.60 -1 -1 -1 -1000 -1000 -1000 -10 0.0001 
Car -1 -1 -10 315.90 183.03 356.95 201.91 -1 -1 -1 -1000 -1000 -1000 -10 0.0001 
Car -1 -1 -10 326.89 182.41 354.18 216.14 -1 -1 -1 -1000 -1000 -1000 -10 0.0000 
Car -1 -1 -10 34.07 250.85 95.06 322.38 -1 -1 -1 -1000 -1000 -1000 -10 0.0000 
Car -1 -1 -10 1014.70 222.26 1090.06 256.35 -1 -1 -1 -1000 -1000 -1000 -10 0.0000 
Car -1 -1 -10 274.89 189.21 315.74 208.45 -1 -1 -1 -1000 -1000 -1000 -10 0.0000 
Car -1 -1 -10 718.93 180.34 783.66 243.60 -1 -1 -1 -1000 -1000 -1000 -10 0.0000 
Car -1 -1 -10 965.77 154.39 1224.54 291.20 -1 -1 -1 -1000 -1000 -1000 -10 0.0000 
Car -1 -1 -10 928.06 227.91 1047.34 283.45 -1 -1 -1 -1000 -1000 -1000 -10 0.0000 
Car -1 -1 -10 222.67 194.91 284.02 228.72 -1 -1 -1 -1000 -1000 -1000 -10 0.0000 
Car -1 -1 -10 597.94 180.98 661.30 224.86 -1 -1 -1 -1000 -1000 -1000 -10 0.0000 
Car -1 -1 -10 945.22 238.82 1023.65 280.81 -1 -1 -1 -1000 -1000 -1000 -10 0.0000 
Car -1 -1 -10 329.58 150.03 386.57 235.26 -1 -1 -1 -1000 -1000 -1000 -10 0.0000 
Car -1 -1 -10 849.53 172.95 896.85 206.16 -1 -1 -1 -1000 -1000 -1000 -10 0.0000 
Car -1 -1 -10 6.56 193.60 167.09 308.08 -1 -1 -1 -1000 -1000 -1000 -10 0.0000 
Car -1 -1 -10 894.79 162.65 1009.06 198.37 -1 -1 -1 -1000 -1000 -1000 -10 0.0000 
Car -1 -1 -10 822.44 177.49 878.91 209.83 -1 -1 -1 -1000 -1000 -1000 -10 0.0000 
