Car -1 -1 -10 662.96 179.47 732.08 233.99 -1 -1 -1 -1000 -1000 -1000 -10 1.0000 
Car -1 -1 -10 533.32 179.34 572.06 215.44 -1 -1 -1 -1000 -1000 -1000 -10 0.9997 
Car -1 -1 -10 184.61 191.84 487.81 367.07 -1 -1 -1 -1000 -1000 -1000 -10 0.9994 
Car -1 -1 -10 746.52 193.93 1171.56 376.00 -1 -1 -1 -1000 -1000 -1000 -10 0.9989 
Car -1 -1 -10 639.90 179.16 686.58 214.24 -1 -1 -1 -1000 -1000 -1000 -10 0.7794 
Car -1 -1 -10 754.53 191.27 808.22 227.81 -1 -1 -1 -1000 -1000 -1000 -10 0.0140 
Car -1 -1 -10 1002.40 117.47 1091.06 198.52 -1 -1 -1 -1000 -1000 -1000 -10 0.0101 
Car -1 -1 -10 346.76 192.13 486.86 247.51 -1 -1 -1 -1000 -1000 -1000 -10 0.0057 
Car -1 -1 -10 753.85 152.43 809.12 181.29 -1 -1 -1 -1000 -1000 -1000 -10 0.0048 
Car -1 -1 -10 261.47 194.01 317.28 214.96 -1 -1 -1 -1000 -1000 -1000 -10 0.0036 
Car -1 -1 -10 907.37 45.35 1213.84 296.90 -1 -1 -1 -1000 -1000 -1000 -10 0.0035 
Car -1 -1 -10 44.34 215.54 287.06 317.40 -1 -1 -1 -1000 -1000 -1000 -10 0.0032 
Car -1 -1 -10 1073.10 31.41 1134.45 72.23 -1 -1 -1 -1000 -1000 -1000 -10 0.0017 
Car -1 -1 -10 1022.40 88.52 1123.58 122.73 -1 -1 -1 -1000 -1000 -1000 -10 0.0014 
Car -1 -1 -10 1162.50 47.78 1243.04 118.71 -1 -1 -1 -1000 -1000 -1000 -10 0.0013 
Car -1 -1 -10 1075.50 185.74 1153.18 237.52 -1 -1 -1 -1000 -1000 -1000 -10 0.0013 
Car -1 -1 -10 1017.60 126.42 1100.93 178.70 -1 -1 -1 -1000 -1000 -1000 -10 0.0010 
Car -1 -1 -10 47.84 202.92 163.38 239.01 -1 -1 -1 -1000 -1000 -1000 -10 0.0009 
Car -1 -1 -10 282.53 191.49 479.22 224.13 -1 -1 -1 -1000 -1000 -1000 -10 0.0007 
Car -1 -1 -10 843.77 218.31 910.57 270.39 -1 -1 -1 -1000 -1000 -1000 -10 0.0007 
Car -1 -1 -10 1075.60 179.63 1194.06 269.87 -1 -1 -1 -1000 -1000 -1000 -10 0.0005 
Car -1 -1 -10 334.46 98.06 420.98 157.46 -1 -1 -1 -1000 -1000 -1000 -10 0.0003 
Car -1 -1 -10 811.09 205.78 916.02 274.22 -1 -1 -1 -1000 -1000 -1000 -10 0.0002 
Car -1 -1 -10 915.08 138.82 1046.51 192.27 -1 -1 -1 -1000 -1000 -1000 -10 0.0002 
Car -1 -1 -10 744.67 164.02 814.38 193.42 -1 -1 -1 -1000 -1000 -1000 -10 0.0002 
Car -1 -1 -10 1054.80 25.54 1145.63 92.37 -1 -1 -1 -1000 -1000 -1000 -10 0.0001 
Car -1 -1 -10 756.28 184.63 861.24 232.34 -1 -1 -1 -1000 -1000 -1000 -10 0.0001 
Car -1 -1 -10 351.40 184.23 426.03 216.66 -1 -1 -1 -1000 -1000 -1000 -10 0.0001 
Car -1 -1 -10 1073.90 135.03 1243.00 276.02 -1 -1 -1 -1000 -1000 -1000 -10 0.0001 
Car -1 -1 -10 969.48 132.72 1067.08 198.52 -1 -1 -1 -1000 -1000 -1000 -10 0.0001 
Car -1 -1 -10 990.11 181.69 1060.50 217.21 -1 -1 -1 -1000 -1000 -1000 -10 0.0000 
Car -1 -1 -10 1052.40 73.53 1141.20 113.36 -1 -1 -1 -1000 -1000 -1000 -10 0.0000 
Car -1 -1 -10 843.14 223.89 1014.09 323.20 -1 -1 -1 -1000 -1000 -1000 -10 0.0000 
Car -1 -1 -10 535.77 54.59 667.11 135.18 -1 -1 -1 -1000 -1000 -1000 -10 0.0000 
Car -1 -1 -10 999.15 108.24 1133.81 173.69 -1 -1 -1 -1000 -1000 -1000 -10 0.0000 
Car -1 -1 -10 50.20 190.46 145.55 224.80 -1 -1 -1 -1000 -1000 -1000 -10 0.0000 
Car -1 -1 -10 962.61 40.48 1105.12 95.47 -1 -1 -1 -1000 -1000 -1000 -10 0.0000 
Car -1 -1 -10 845.47 203.54 1078.09 286.71 -1 -1 -1 -1000 -1000 -1000 -10 0.0000 
Car -1 -1 -10 904.92 273.35 994.62 325.68 -1 -1 -1 -1000 -1000 -1000 -10 0.0000 
Car -1 -1 -10 781.27 201.91 873.23 257.83 -1 -1 -1 -1000 -1000 -1000 -10 0.0000 
Car -1 -1 -10 287.17 181.23 352.70 211.73 -1 -1 -1 -1000 -1000 -1000 -10 0.0000 
Car -1 -1 -10 1048.20 63.91 1185.55 117.81 -1 -1 -1 -1000 -1000 -1000 -10 0.0000 
Car -1 -1 -10 697.02 161.28 737.82 210.30 -1 -1 -1 -1000 -1000 -1000 -10 0.0000 
Car -1 -1 -10 756.57 219.25 820.92 289.65 -1 -1 -1 -1000 -1000 -1000 -10 0.0000 
Car -1 -1 -10 529.56 69.82 604.71 140.90 -1 -1 -1 -1000 -1000 -1000 -10 0.0000 
Car -1 -1 -10 1190.90 145.71 1242.98 231.07 -1 -1 -1 -1000 -1000 -1000 -10 0.0000 
Car -1 -1 -10 1046.40 99.68 1094.24 135.00 -1 -1 -1 -1000 -1000 -1000 -10 0.0000 
Car -1 -1 -10 866.33 261.02 1084.68 329.83 -1 -1 -1 -1000 -1000 -1000 -10 0.0000 
