Car -1 -1 -10 542.20 167.11 719.97 322.42 -1 -1 -1 -1000 -1000 -1000 -10 0.9990 
Car -1 -1 -10 450.67 176.01 484.46 197.23 -1 -1 -1 -1000 -1000 -1000 -10 0.8995 
Car -1 -1 -10 258.15 181.60 325.33 213.82 -1 -1 -1 -1000 -1000 -1000 -10 0.0031 
Car -1 -1 -10 890.94 83.68 947.86 108.11 -1 -1 -1 -1000 -1000 -1000 -10 0.0008 
Car -1 -1 -10 106.60 77.90 155.95 97.91 -1 -1 -1 -1000 -1000 -1000 -10 0.0003 
Car -1 -1 -10 211.47 187.10 282.68 217.57 -1 -1 -1 -1000 -1000 -1000 -10 0.0001 
Car -1 -1 -10 164.15 188.86 271.63 223.44 -1 -1 -1 -1000 -1000 -1000 -10 0.0000 
Car -1 -1 -10 117.77 187.70 225.11 230.51 -1 -1 -1 -1000 -1000 -1000 -10 0.0000 
Car -1 -1 -10 632.77 172.40 714.65 229.68 -1 -1 -1 -1000 -1000 -1000 -10 0.0000 
Car -1 -1 -10 239.80 185.49 294.50 216.87 -1 -1 -1 -1000 -1000 -1000 -10 0.0000 
