Car -1 -1 -10 487.35 180.92 521.88 215.03 -1 -1 -1 -1000 -1000 -1000 -10 0.9686 
Car -1 -1 -10 320.09 173.07 429.33 217.17 -1 -1 -1 -1000 -1000 -1000 -10 0.8266 
Car -1 -1 -10 0.00 187.11 349.16 376.00 -1 -1 -1 -1000 -1000 -1000 -10 0.0400 
Car -1 -1 -10 1070.90 270.01 1219.01 338.23 -1 -1 -1 -1000 -1000 -1000 -10 0.0071 
Car -1 -1 -10 0.00 109.07 57.84 145.09 -1 -1 -1 -1000 -1000 -1000 -10 0.0064 
Car -1 -1 -10 951.78 197.77 1034.01 254.92 -1 -1 -1 -1000 -1000 -1000 -10 0.0062 
Car -1 -1 -10 853.59 230.14 892.30 265.25 -1 -1 -1 -1000 -1000 -1000 -10 0.0055 
Car -1 -1 -10 117.33 196.34 332.08 319.56 -1 -1 -1 -1000 -1000 -1000 -10 0.0041 
Car -1 -1 -10 373.56 173.38 431.97 214.83 -1 -1 -1 -1000 -1000 -1000 -10 0.0030 
Car -1 -1 -10 952.37 169.34 1024.30 226.31 -1 -1 -1 -1000 -1000 -1000 -10 0.0029 
Car -1 -1 -10 995.64 253.09 1236.20 365.93 -1 -1 -1 -1000 -1000 -1000 -10 0.0025 
Car -1 -1 -10 856.86 229.22 930.61 299.62 -1 -1 -1 -1000 -1000 -1000 -10 0.0025 
Car -1 -1 -10 500.42 170.27 533.10 210.00 -1 -1 -1 -1000 -1000 -1000 -10 0.0021 
Car -1 -1 -10 157.45 252.47 237.06 307.04 -1 -1 -1 -1000 -1000 -1000 -10 0.0019 
Car -1 -1 -10 18.52 171.59 92.16 194.02 -1 -1 -1 -1000 -1000 -1000 -10 0.0017 
Car -1 -1 -10 461.89 104.70 521.43 149.87 -1 -1 -1 -1000 -1000 -1000 -10 0.0012 
Car -1 -1 -10 860.47 238.69 981.91 302.87 -1 -1 -1 -1000 -1000 -1000 -10 0.0011 
Car -1 -1 -10 446.29 120.81 502.52 149.87 -1 -1 -1 -1000 -1000 -1000 -10 0.0007 
Car -1 -1 -10 442.54 131.42 499.86 159.10 -1 -1 -1 -1000 -1000 -1000 -10 0.0006 
Car -1 -1 -10 980.00 268.29 1065.04 310.70 -1 -1 -1 -1000 -1000 -1000 -10 0.0006 
Car -1 -1 -10 981.15 137.28 1058.02 180.63 -1 -1 -1 -1000 -1000 -1000 -10 0.0005 
Car -1 -1 -10 420.09 179.85 454.92 210.49 -1 -1 -1 -1000 -1000 -1000 -10 0.0005 
Car -1 -1 -10 275.31 212.73 341.64 264.72 -1 -1 -1 -1000 -1000 -1000 -10 0.0003 
Car -1 -1 -10 2.88 163.47 85.68 198.77 -1 -1 -1 -1000 -1000 -1000 -10 0.0003 
Car -1 -1 -10 3.43 177.27 74.96 204.21 -1 -1 -1 -1000 -1000 -1000 -10 0.0003 
Car -1 -1 -10 969.79 125.10 1037.53 197.38 -1 -1 -1 -1000 -1000 -1000 -10 0.0002 
Car -1 -1 -10 13.20 156.17 65.38 187.53 -1 -1 -1 -1000 -1000 -1000 -10 0.0001 
Car -1 -1 -10 253.59 0.00 356.89 26.25 -1 -1 -1 -1000 -1000 -1000 -10 0.0001 
Car -1 -1 -10 345.68 159.88 395.78 193.33 -1 -1 -1 -1000 -1000 -1000 -10 0.0001 
Car -1 -1 -10 200.64 198.49 321.11 265.71 -1 -1 -1 -1000 -1000 -1000 -10 0.0000 
Car -1 -1 -10 432.23 133.17 492.34 179.51 -1 -1 -1 -1000 -1000 -1000 -10 0.0000 
Car -1 -1 -10 33.08 179.31 96.62 211.30 -1 -1 -1 -1000 -1000 -1000 -10 0.0000 
Car -1 -1 -10 229.20 0.00 394.86 60.96 -1 -1 -1 -1000 -1000 -1000 -10 0.0000 
Car -1 -1 -10 235.84 203.16 327.96 295.94 -1 -1 -1 -1000 -1000 -1000 -10 0.0000 
Car -1 -1 -10 704.37 158.29 812.21 218.27 -1 -1 -1 -1000 -1000 -1000 -10 0.0000 
Car -1 -1 -10 136.30 198.89 275.62 243.74 -1 -1 -1 -1000 -1000 -1000 -10 0.0000 
Car -1 -1 -10 298.75 108.44 367.42 130.89 -1 -1 -1 -1000 -1000 -1000 -10 0.0000 
Car -1 -1 -10 671.31 44.78 728.25 62.82 -1 -1 -1 -1000 -1000 -1000 -10 0.0000 
Car -1 -1 -10 284.84 86.08 413.55 110.31 -1 -1 -1 -1000 -1000 -1000 -10 0.0000 
