Car -1 -1 -10 175.39 125.96 487.39 351.41 -1 -1 -1 -1000 -1000 -1000 -10 0.9629 
Car -1 -1 -10 663.34 155.51 704.90 185.91 -1 -1 -1 -1000 -1000 -1000 -10 0.4187 
Car -1 -1 -10 413.66 137.48 562.52 258.63 -1 -1 -1 -1000 -1000 -1000 -10 0.1229 
Car -1 -1 -10 249.82 130.78 524.55 288.99 -1 -1 -1 -1000 -1000 -1000 -10 0.0083 
Car -1 -1 -10 926.66 216.15 1095.31 325.50 -1 -1 -1 -1000 -1000 -1000 -10 0.0054 
Car -1 -1 -10 932.67 262.66 1013.07 309.09 -1 -1 -1 -1000 -1000 -1000 -10 0.0040 
Car -1 -1 -10 390.66 137.36 498.67 218.79 -1 -1 -1 -1000 -1000 -1000 -10 0.0034 
Car -1 -1 -10 745.52 152.82 785.64 181.22 -1 -1 -1 -1000 -1000 -1000 -10 0.0017 
Car -1 -1 -10 283.06 189.80 455.08 274.01 -1 -1 -1 -1000 -1000 -1000 -10 0.0010 
Car -1 -1 -10 1127.20 301.96 1238.98 359.24 -1 -1 -1 -1000 -1000 -1000 -10 0.0007 
Car -1 -1 -10 1005.40 207.33 1071.30 238.92 -1 -1 -1 -1000 -1000 -1000 -10 0.0007 
Car -1 -1 -10 452.83 106.80 502.83 156.65 -1 -1 -1 -1000 -1000 -1000 -10 0.0006 
Car -1 -1 -10 1018.20 227.05 1069.86 262.88 -1 -1 -1 -1000 -1000 -1000 -10 0.0005 
Car -1 -1 -10 959.39 256.14 1072.79 316.54 -1 -1 -1 -1000 -1000 -1000 -10 0.0005 
Car -1 -1 -10 1017.40 314.22 1069.81 360.15 -1 -1 -1 -1000 -1000 -1000 -10 0.0004 
Car -1 -1 -10 364.60 280.90 465.90 361.15 -1 -1 -1 -1000 -1000 -1000 -10 0.0003 
Car -1 -1 -10 617.96 111.00 678.61 145.13 -1 -1 -1 -1000 -1000 -1000 -10 0.0003 
Car -1 -1 -10 975.36 282.14 1057.47 329.41 -1 -1 -1 -1000 -1000 -1000 -10 0.0002 
Car -1 -1 -10 645.59 114.87 689.47 144.01 -1 -1 -1 -1000 -1000 -1000 -10 0.0001 
Car -1 -1 -10 1196.20 267.40 1238.98 306.03 -1 -1 -1 -1000 -1000 -1000 -10 0.0001 
Car -1 -1 -10 995.08 227.30 1079.19 298.90 -1 -1 -1 -1000 -1000 -1000 -10 0.0001 
Car -1 -1 -10 938.39 185.87 1023.70 223.78 -1 -1 -1 -1000 -1000 -1000 -10 0.0001 
Car -1 -1 -10 274.22 189.51 402.40 251.22 -1 -1 -1 -1000 -1000 -1000 -10 0.0001 
Car -1 -1 -10 1009.90 298.47 1104.33 368.40 -1 -1 -1 -1000 -1000 -1000 -10 0.0001 
Car -1 -1 -10 1049.40 308.85 1097.72 338.45 -1 -1 -1 -1000 -1000 -1000 -10 0.0001 
Car -1 -1 -10 579.09 160.09 605.85 184.15 -1 -1 -1 -1000 -1000 -1000 -10 0.0000 
Car -1 -1 -10 959.28 197.54 1028.17 222.42 -1 -1 -1 -1000 -1000 -1000 -10 0.0000 
Car -1 -1 -10 1037.60 214.81 1220.36 345.63 -1 -1 -1 -1000 -1000 -1000 -10 0.0000 
Car -1 -1 -10 184.60 204.87 284.25 247.21 -1 -1 -1 -1000 -1000 -1000 -10 0.0000 
Car -1 -1 -10 0.25 253.48 74.62 322.26 -1 -1 -1 -1000 -1000 -1000 -10 0.0000 
Car -1 -1 -10 426.85 141.19 499.07 187.18 -1 -1 -1 -1000 -1000 -1000 -10 0.0000 
Car -1 -1 -10 1159.30 17.60 1238.97 79.38 -1 -1 -1 -1000 -1000 -1000 -10 0.0000 
Car -1 -1 -10 926.42 242.07 1020.98 321.97 -1 -1 -1 -1000 -1000 -1000 -10 0.0000 
Car -1 -1 -10 411.19 179.39 492.15 237.52 -1 -1 -1 -1000 -1000 -1000 -10 0.0000 
Car -1 -1 -10 76.33 44.07 166.81 112.25 -1 -1 -1 -1000 -1000 -1000 -10 0.0000 
Car -1 -1 -10 444.08 128.95 507.42 170.74 -1 -1 -1 -1000 -1000 -1000 -10 0.0000 
Car -1 -1 -10 405.44 134.34 509.04 162.30 -1 -1 -1 -1000 -1000 -1000 -10 0.0000 
Car -1 -1 -10 173.12 210.16 263.69 271.49 -1 -1 -1 -1000 -1000 -1000 -10 0.0000 
Car -1 -1 -10 141.49 197.10 232.66 260.61 -1 -1 -1 -1000 -1000 -1000 -10 0.0000 
Car -1 -1 -10 420.29 16.77 525.33 76.06 -1 -1 -1 -1000 -1000 -1000 -10 0.0000 
Car -1 -1 -10 643.38 116.07 685.09 179.82 -1 -1 -1 -1000 -1000 -1000 -10 0.0000 
