Car -1 -1 -10 71.94 186.24 161.41 220.70 -1 -1 -1 -1000 -1000 -1000 -10 0.9999 
Car -1 -1 -10 204.70 180.14 257.07 208.21 -1 -1 -1 -1000 -1000 -1000 -10 0.9987 
Car -1 -1 -10 144.71 183.62 217.22 213.05 -1 -1 -1 -1000 -1000 -1000 -10 0.9972 
Car -1 -1 -10 0.00 186.57 81.30 230.37 -1 -1 -1 -1000 -1000 -1000 -10 0.9945 
Car -1 -1 -10 243.86 181.06 288.47 204.85 -1 -1 -1 -1000 -1000 -1000 -10 0.9820 
Car -1 -1 -10 279.53 178.42 326.35 202.80 -1 -1 -1 -1000 -1000 -1000 -10 0.2438 
Car -1 -1 -10 837.19 99.07 899.48 135.40 -1 -1 -1 -1000 -1000 -1000 -10 0.0070 
Car -1 -1 -10 355.22 175.19 387.94 195.66 -1 -1 -1 -1000 -1000 -1000 -10 0.0046 
Car -1 -1 -10 833.78 128.14 898.02 169.34 -1 -1 -1 -1000 -1000 -1000 -10 0.0022 
Car -1 -1 -10 942.31 43.80 1001.60 82.64 -1 -1 -1 -1000 -1000 -1000 -10 0.0022 
Car -1 -1 -10 897.46 33.66 979.45 69.48 -1 -1 -1 -1000 -1000 -1000 -10 0.0017 
Car -1 -1 -10 316.80 177.24 364.08 197.67 -1 -1 -1 -1000 -1000 -1000 -10 0.0017 
Car -1 -1 -10 885.46 55.18 940.90 92.02 -1 -1 -1 -1000 -1000 -1000 -10 0.0015 
Car -1 -1 -10 868.47 119.29 934.02 152.45 -1 -1 -1 -1000 -1000 -1000 -10 0.0013 
Car -1 -1 -10 593.49 170.71 645.32 201.75 -1 -1 -1 -1000 -1000 -1000 -10 0.0013 
Car -1 -1 -10 808.66 42.75 879.77 83.39 -1 -1 -1 -1000 -1000 -1000 -10 0.0011 
Car -1 -1 -10 822.00 51.57 908.13 87.41 -1 -1 -1 -1000 -1000 -1000 -10 0.0009 
Car -1 -1 -10 69.69 191.30 122.51 222.37 -1 -1 -1 -1000 -1000 -1000 -10 0.0008 
Car -1 -1 -10 809.99 71.04 875.80 108.03 -1 -1 -1 -1000 -1000 -1000 -10 0.0008 
Car -1 -1 -10 851.66 58.17 925.83 89.01 -1 -1 -1 -1000 -1000 -1000 -10 0.0005 
Car -1 -1 -10 873.80 70.66 945.50 107.85 -1 -1 -1 -1000 -1000 -1000 -10 0.0005 
Car -1 -1 -10 857.31 95.99 938.84 147.16 -1 -1 -1 -1000 -1000 -1000 -10 0.0004 
Car -1 -1 -10 244.87 112.33 302.56 136.07 -1 -1 -1 -1000 -1000 -1000 -10 0.0003 
Car -1 -1 -10 795.47 31.39 875.92 67.87 -1 -1 -1 -1000 -1000 -1000 -10 0.0002 
Car -1 -1 -10 587.76 120.69 649.64 207.17 -1 -1 -1 -1000 -1000 -1000 -10 0.0002 
Car -1 -1 -10 833.81 32.33 907.05 77.15 -1 -1 -1 -1000 -1000 -1000 -10 0.0002 
Car -1 -1 -10 853.69 66.24 917.30 98.86 -1 -1 -1 -1000 -1000 -1000 -10 0.0001 
Car -1 -1 -10 142.53 184.15 180.19 212.55 -1 -1 -1 -1000 -1000 -1000 -10 0.0000 
Car -1 -1 -10 940.64 15.88 1034.67 63.03 -1 -1 -1 -1000 -1000 -1000 -10 0.0000 
