Car -1 -1 -10 550.18 180.75 582.01 206.22 -1 -1 -1 -1000 -1000 -1000 -10 0.9997 
Car -1 -1 -10 206.83 171.34 260.69 212.01 -1 -1 -1 -1000 -1000 -1000 -10 0.0114 
Car -1 -1 -10 96.50 112.37 142.27 144.99 -1 -1 -1 -1000 -1000 -1000 -10 0.0077 
Car -1 -1 -10 93.28 102.55 140.69 135.28 -1 -1 -1 -1000 -1000 -1000 -10 0.0048 
Car -1 -1 -10 1111.20 42.75 1242.98 89.28 -1 -1 -1 -1000 -1000 -1000 -10 0.0028 
Car -1 -1 -10 125.73 276.94 177.97 296.98 -1 -1 -1 -1000 -1000 -1000 -10 0.0027 
Car -1 -1 -10 1115.50 323.00 1173.04 351.75 -1 -1 -1 -1000 -1000 -1000 -10 0.0018 
Car -1 -1 -10 1129.20 306.22 1193.01 341.13 -1 -1 -1 -1000 -1000 -1000 -10 0.0017 
Car -1 -1 -10 1169.10 293.47 1242.99 342.44 -1 -1 -1 -1000 -1000 -1000 -10 0.0016 
Car -1 -1 -10 936.87 234.84 1009.50 270.40 -1 -1 -1 -1000 -1000 -1000 -10 0.0016 
Car -1 -1 -10 64.59 205.58 141.26 252.91 -1 -1 -1 -1000 -1000 -1000 -10 0.0015 
Car -1 -1 -10 1159.60 302.87 1211.33 333.01 -1 -1 -1 -1000 -1000 -1000 -10 0.0015 
Car -1 -1 -10 1131.90 302.53 1186.19 327.67 -1 -1 -1 -1000 -1000 -1000 -10 0.0014 
Car -1 -1 -10 568.70 92.50 618.39 121.52 -1 -1 -1 -1000 -1000 -1000 -10 0.0014 
Car -1 -1 -10 1185.00 317.20 1242.99 350.01 -1 -1 -1 -1000 -1000 -1000 -10 0.0014 
Car -1 -1 -10 83.75 210.48 165.33 248.51 -1 -1 -1 -1000 -1000 -1000 -10 0.0014 
Car -1 -1 -10 968.70 106.63 1081.60 132.95 -1 -1 -1 -1000 -1000 -1000 -10 0.0012 
Car -1 -1 -10 1130.00 39.94 1238.49 69.13 -1 -1 -1 -1000 -1000 -1000 -10 0.0011 
Car -1 -1 -10 300.46 212.70 346.70 240.38 -1 -1 -1 -1000 -1000 -1000 -10 0.0011 
Car -1 -1 -10 472.26 89.55 533.92 123.01 -1 -1 -1 -1000 -1000 -1000 -10 0.0011 
Car -1 -1 -10 1108.10 329.21 1241.22 357.64 -1 -1 -1 -1000 -1000 -1000 -10 0.0011 
Car -1 -1 -10 1040.90 324.58 1095.49 352.79 -1 -1 -1 -1000 -1000 -1000 -10 0.0010 
Car -1 -1 -10 949.47 246.58 1018.20 271.75 -1 -1 -1 -1000 -1000 -1000 -10 0.0009 
Car -1 -1 -10 1093.40 334.77 1175.69 355.08 -1 -1 -1 -1000 -1000 -1000 -10 0.0009 
Car -1 -1 -10 1151.90 299.47 1199.90 325.74 -1 -1 -1 -1000 -1000 -1000 -10 0.0008 
Car -1 -1 -10 113.04 281.64 175.30 302.27 -1 -1 -1 -1000 -1000 -1000 -10 0.0008 
Car -1 -1 -10 1082.10 311.82 1148.55 341.77 -1 -1 -1 -1000 -1000 -1000 -10 0.0008 
Car -1 -1 -10 15.79 261.09 69.50 299.26 -1 -1 -1 -1000 -1000 -1000 -10 0.0007 
Car -1 -1 -10 1173.90 80.81 1243.00 105.59 -1 -1 -1 -1000 -1000 -1000 -10 0.0007 
Car -1 -1 -10 1166.50 308.74 1225.88 345.99 -1 -1 -1 -1000 -1000 -1000 -10 0.0007 
Car -1 -1 -10 1104.10 292.98 1154.99 321.80 -1 -1 -1 -1000 -1000 -1000 -10 0.0005 
Car -1 -1 -10 1062.80 318.07 1114.09 347.17 -1 -1 -1 -1000 -1000 -1000 -10 0.0005 
Car -1 -1 -10 1091.80 301.75 1175.29 337.03 -1 -1 -1 -1000 -1000 -1000 -10 0.0005 
Car -1 -1 -10 967.35 237.28 1028.14 273.45 -1 -1 -1 -1000 -1000 -1000 -10 0.0004 
Car -1 -1 -10 477.82 101.97 541.13 131.97 -1 -1 -1 -1000 -1000 -1000 -10 0.0004 
Car -1 -1 -10 147.46 26.97 193.26 50.45 -1 -1 -1 -1000 -1000 -1000 -10 0.0004 
Car -1 -1 -10 978.88 247.33 1045.28 277.06 -1 -1 -1 -1000 -1000 -1000 -10 0.0003 
Car -1 -1 -10 1121.80 309.48 1216.61 353.13 -1 -1 -1 -1000 -1000 -1000 -10 0.0003 
Car -1 -1 -10 715.14 169.53 771.79 196.92 -1 -1 -1 -1000 -1000 -1000 -10 0.0003 
Car -1 -1 -10 477.35 110.77 533.66 140.47 -1 -1 -1 -1000 -1000 -1000 -10 0.0003 
Car -1 -1 -10 1083.70 318.03 1187.64 351.63 -1 -1 -1 -1000 -1000 -1000 -10 0.0003 
Car -1 -1 -10 994.01 333.17 1075.62 353.48 -1 -1 -1 -1000 -1000 -1000 -10 0.0003 
Car -1 -1 -10 994.11 142.31 1055.64 168.08 -1 -1 -1 -1000 -1000 -1000 -10 0.0002 
Car -1 -1 -10 974.25 231.32 1057.61 271.33 -1 -1 -1 -1000 -1000 -1000 -10 0.0002 
Car -1 -1 -10 955.85 224.72 1019.24 256.06 -1 -1 -1 -1000 -1000 -1000 -10 0.0002 
Car -1 -1 -10 912.07 227.74 994.64 262.55 -1 -1 -1 -1000 -1000 -1000 -10 0.0002 
Car -1 -1 -10 982.34 326.96 1042.57 351.87 -1 -1 -1 -1000 -1000 -1000 -10 0.0002 
Car -1 -1 -10 809.20 202.53 913.49 235.02 -1 -1 -1 -1000 -1000 -1000 -10 0.0002 
Car -1 -1 -10 21.80 232.27 106.50 287.58 -1 -1 -1 -1000 -1000 -1000 -10 0.0001 
Car -1 -1 -10 1104.70 289.47 1180.61 327.87 -1 -1 -1 -1000 -1000 -1000 -10 0.0001 
Car -1 -1 -10 835.68 227.11 914.59 256.53 -1 -1 -1 -1000 -1000 -1000 -10 0.0001 
Car -1 -1 -10 972.44 333.42 1027.27 353.56 -1 -1 -1 -1000 -1000 -1000 -10 0.0001 
Car -1 -1 -10 798.51 206.69 874.94 241.33 -1 -1 -1 -1000 -1000 -1000 -10 0.0001 
Car -1 -1 -10 1008.30 319.76 1101.41 353.90 -1 -1 -1 -1000 -1000 -1000 -10 0.0001 
Car -1 -1 -10 1040.90 315.19 1127.49 340.49 -1 -1 -1 -1000 -1000 -1000 -10 0.0001 
Car -1 -1 -10 947.18 202.98 1039.56 246.71 -1 -1 -1 -1000 -1000 -1000 -10 0.0001 
Car -1 -1 -10 1025.70 94.67 1098.01 157.85 -1 -1 -1 -1000 -1000 -1000 -10 0.0001 
Car -1 -1 -10 700.76 153.03 802.89 187.91 -1 -1 -1 -1000 -1000 -1000 -10 0.0001 
Car -1 -1 -10 1121.10 38.64 1243.00 145.17 -1 -1 -1 -1000 -1000 -1000 -10 0.0001 
Car -1 -1 -10 1012.30 337.91 1087.09 358.92 -1 -1 -1 -1000 -1000 -1000 -10 0.0001 
Car -1 -1 -10 854.76 224.78 962.36 256.23 -1 -1 -1 -1000 -1000 -1000 -10 0.0000 
Car -1 -1 -10 838.13 243.31 911.28 268.95 -1 -1 -1 -1000 -1000 -1000 -10 0.0000 
Car -1 -1 -10 1047.50 303.72 1135.21 329.72 -1 -1 -1 -1000 -1000 -1000 -10 0.0000 
Car -1 -1 -10 853.96 236.18 929.13 263.18 -1 -1 -1 -1000 -1000 -1000 -10 0.0000 
Car -1 -1 -10 977.82 240.80 1082.53 280.87 -1 -1 -1 -1000 -1000 -1000 -10 0.0000 
Car -1 -1 -10 894.56 113.84 969.81 140.69 -1 -1 -1 -1000 -1000 -1000 -10 0.0000 
Car -1 -1 -10 1039.60 52.58 1147.17 86.35 -1 -1 -1 -1000 -1000 -1000 -10 0.0000 
