Car -1 -1 -10 371.36 186.21 429.04 215.96 -1 -1 -1 -1000 -1000 -1000 -10 0.9999 
Car -1 -1 -10 599.00 176.16 628.53 205.50 -1 -1 -1 -1000 -1000 -1000 -10 0.9956 
Car -1 -1 -10 0.00 131.44 49.52 177.29 -1 -1 -1 -1000 -1000 -1000 -10 0.1505 
Car -1 -1 -10 115.08 292.48 182.74 328.98 -1 -1 -1 -1000 -1000 -1000 -10 0.0107 
Car -1 -1 -10 136.74 287.28 195.86 324.33 -1 -1 -1 -1000 -1000 -1000 -10 0.0066 
Car -1 -1 -10 80.22 111.92 187.90 194.84 -1 -1 -1 -1000 -1000 -1000 -10 0.0058 
Car -1 -1 -10 217.81 267.14 275.50 294.44 -1 -1 -1 -1000 -1000 -1000 -10 0.0058 
Car -1 -1 -10 105.84 123.50 168.06 167.12 -1 -1 -1 -1000 -1000 -1000 -10 0.0046 
Car -1 -1 -10 124.50 287.70 175.94 315.08 -1 -1 -1 -1000 -1000 -1000 -10 0.0045 
Car -1 -1 -10 106.15 287.10 158.00 315.64 -1 -1 -1 -1000 -1000 -1000 -10 0.0031 
Car -1 -1 -10 13.71 302.58 51.97 338.31 -1 -1 -1 -1000 -1000 -1000 -10 0.0029 
Car -1 -1 -10 86.62 290.93 161.20 331.75 -1 -1 -1 -1000 -1000 -1000 -10 0.0029 
Car -1 -1 -10 86.47 286.95 134.45 315.26 -1 -1 -1 -1000 -1000 -1000 -10 0.0026 
Car -1 -1 -10 173.25 262.78 245.84 307.07 -1 -1 -1 -1000 -1000 -1000 -10 0.0021 
Car -1 -1 -10 22.51 311.21 73.67 349.96 -1 -1 -1 -1000 -1000 -1000 -10 0.0013 
Car -1 -1 -10 58.44 178.58 104.24 198.52 -1 -1 -1 -1000 -1000 -1000 -10 0.0012 
Car -1 -1 -10 26.54 312.24 116.44 352.48 -1 -1 -1 -1000 -1000 -1000 -10 0.0007 
Car -1 -1 -10 81.01 314.18 148.76 350.30 -1 -1 -1 -1000 -1000 -1000 -10 0.0007 
Car -1 -1 -10 330.66 169.57 378.83 191.96 -1 -1 -1 -1000 -1000 -1000 -10 0.0005 
Car -1 -1 -10 1159.40 265.82 1234.39 305.05 -1 -1 -1 -1000 -1000 -1000 -10 0.0004 
Car -1 -1 -10 51.50 189.46 101.97 204.69 -1 -1 -1 -1000 -1000 -1000 -10 0.0002 
Car -1 -1 -10 137.47 180.80 189.86 198.00 -1 -1 -1 -1000 -1000 -1000 -10 0.0001 
Car -1 -1 -10 123.26 186.51 188.28 200.23 -1 -1 -1 -1000 -1000 -1000 -10 0.0000 
Car -1 -1 -10 0.58 195.21 57.68 215.26 -1 -1 -1 -1000 -1000 -1000 -10 0.0000 
Car -1 -1 -10 56.07 193.57 100.02 210.06 -1 -1 -1 -1000 -1000 -1000 -10 0.0000 
Car -1 -1 -10 213.78 193.55 277.67 224.95 -1 -1 -1 -1000 -1000 -1000 -10 0.0000 
