Car -1 -1 -10 624.01 176.65 703.68 240.00 -1 -1 -1 -1000 -1000 -1000 -10 0.9996 
Car -1 -1 -10 279.94 179.75 471.20 217.79 -1 -1 -1 -1000 -1000 -1000 -10 0.7624 
Car -1 -1 -10 0.00 174.22 213.82 355.71 -1 -1 -1 -1000 -1000 -1000 -10 0.7024 
Car -1 -1 -10 432.18 197.71 459.32 223.24 -1 -1 -1 -1000 -1000 -1000 -10 0.6229 
Car -1 -1 -10 382.69 172.06 476.90 211.77 -1 -1 -1 -1000 -1000 -1000 -10 0.4185 
Car -1 -1 -10 63.70 189.16 132.62 224.00 -1 -1 -1 -1000 -1000 -1000 -10 0.0888 
Car -1 -1 -10 326.44 178.88 419.69 262.56 -1 -1 -1 -1000 -1000 -1000 -10 0.0180 
Car -1 -1 -10 326.02 177.79 425.35 209.80 -1 -1 -1 -1000 -1000 -1000 -10 0.0142 
Car -1 -1 -10 397.22 174.43 448.92 206.34 -1 -1 -1 -1000 -1000 -1000 -10 0.0062 
Car -1 -1 -10 430.33 173.21 485.44 210.12 -1 -1 -1 -1000 -1000 -1000 -10 0.0032 
Car -1 -1 -10 261.04 128.13 344.08 162.30 -1 -1 -1 -1000 -1000 -1000 -10 0.0024 
Car -1 -1 -10 696.67 239.16 754.79 270.75 -1 -1 -1 -1000 -1000 -1000 -10 0.0023 
Car -1 -1 -10 560.47 178.21 589.12 199.51 -1 -1 -1 -1000 -1000 -1000 -10 0.0017 
Car -1 -1 -10 4.28 177.47 71.31 201.56 -1 -1 -1 -1000 -1000 -1000 -10 0.0013 
Car -1 -1 -10 997.56 160.54 1047.82 195.38 -1 -1 -1 -1000 -1000 -1000 -10 0.0012 
Car -1 -1 -10 1071.50 235.00 1140.25 268.91 -1 -1 -1 -1000 -1000 -1000 -10 0.0008 
Car -1 -1 -10 819.86 68.13 889.11 96.50 -1 -1 -1 -1000 -1000 -1000 -10 0.0007 
Car -1 -1 -10 397.59 90.58 458.06 109.03 -1 -1 -1 -1000 -1000 -1000 -10 0.0006 
Car -1 -1 -10 281.00 178.92 358.03 205.44 -1 -1 -1 -1000 -1000 -1000 -10 0.0005 
Car -1 -1 -10 89.72 26.59 157.80 51.38 -1 -1 -1 -1000 -1000 -1000 -10 0.0004 
Car -1 -1 -10 465.40 174.80 496.19 199.17 -1 -1 -1 -1000 -1000 -1000 -10 0.0004 
Car -1 -1 -10 881.41 137.79 945.05 163.24 -1 -1 -1 -1000 -1000 -1000 -10 0.0002 
Car -1 -1 -10 376.70 174.91 437.30 194.30 -1 -1 -1 -1000 -1000 -1000 -10 0.0002 
Car -1 -1 -10 1127.40 160.90 1210.64 199.47 -1 -1 -1 -1000 -1000 -1000 -10 0.0001 
Car -1 -1 -10 821.10 54.66 895.96 91.10 -1 -1 -1 -1000 -1000 -1000 -10 0.0001 
Car -1 -1 -10 388.79 84.56 454.66 101.51 -1 -1 -1 -1000 -1000 -1000 -10 0.0001 
Car -1 -1 -10 1171.30 94.83 1237.98 144.42 -1 -1 -1 -1000 -1000 -1000 -10 0.0001 
Car -1 -1 -10 977.15 146.62 1046.34 175.14 -1 -1 -1 -1000 -1000 -1000 -10 0.0001 
Car -1 -1 -10 769.01 128.79 838.64 158.48 -1 -1 -1 -1000 -1000 -1000 -10 0.0001 
Car -1 -1 -10 869.66 210.32 940.38 242.55 -1 -1 -1 -1000 -1000 -1000 -10 0.0001 
Car -1 -1 -10 1165.90 48.89 1238.19 81.78 -1 -1 -1 -1000 -1000 -1000 -10 0.0001 
Car -1 -1 -10 918.39 232.75 996.23 278.02 -1 -1 -1 -1000 -1000 -1000 -10 0.0001 
Car -1 -1 -10 843.66 66.91 910.42 94.84 -1 -1 -1 -1000 -1000 -1000 -10 0.0001 
Car -1 -1 -10 848.91 77.92 932.31 97.79 -1 -1 -1 -1000 -1000 -1000 -10 0.0001 
Car -1 -1 -10 1036.80 222.09 1144.66 264.86 -1 -1 -1 -1000 -1000 -1000 -10 0.0001 
Car -1 -1 -10 686.93 118.55 756.04 157.13 -1 -1 -1 -1000 -1000 -1000 -10 0.0001 
Car -1 -1 -10 890.00 259.29 943.96 288.80 -1 -1 -1 -1000 -1000 -1000 -10 0.0000 
Car -1 -1 -10 533.38 126.18 595.79 168.51 -1 -1 -1 -1000 -1000 -1000 -10 0.0000 
Car -1 -1 -10 893.57 250.93 957.25 281.72 -1 -1 -1 -1000 -1000 -1000 -10 0.0000 
Car -1 -1 -10 416.51 179.76 458.67 223.60 -1 -1 -1 -1000 -1000 -1000 -10 0.0000 
Car -1 -1 -10 912.63 255.55 996.30 290.03 -1 -1 -1 -1000 -1000 -1000 -10 0.0000 
Car -1 -1 -10 988.08 153.56 1073.75 193.05 -1 -1 -1 -1000 -1000 -1000 -10 0.0000 
Car -1 -1 -10 862.28 217.17 964.73 253.17 -1 -1 -1 -1000 -1000 -1000 -10 0.0000 
Car -1 -1 -10 384.26 77.02 479.28 105.40 -1 -1 -1 -1000 -1000 -1000 -10 0.0000 
Car -1 -1 -10 102.79 231.56 212.56 262.68 -1 -1 -1 -1000 -1000 -1000 -10 0.0000 
Car -1 -1 -10 795.11 207.24 844.41 226.04 -1 -1 -1 -1000 -1000 -1000 -10 0.0000 
Car -1 -1 -10 824.12 62.99 941.58 91.87 -1 -1 -1 -1000 -1000 -1000 -10 0.0000 
Car -1 -1 -10 768.98 140.73 844.46 163.81 -1 -1 -1 -1000 -1000 -1000 -10 0.0000 
Car -1 -1 -10 0.00 155.35 62.40 192.57 -1 -1 -1 -1000 -1000 -1000 -10 0.0000 
Car -1 -1 -10 797.46 212.95 857.12 229.36 -1 -1 -1 -1000 -1000 -1000 -10 0.0000 
Car -1 -1 -10 1131.40 229.41 1216.94 282.31 -1 -1 -1 -1000 -1000 -1000 -10 0.0000 
Car -1 -1 -10 364.66 123.88 446.48 145.28 -1 -1 -1 -1000 -1000 -1000 -10 0.0000 
Car -1 -1 -10 867.16 84.45 929.23 105.12 -1 -1 -1 -1000 -1000 -1000 -10 0.0000 
Car -1 -1 -10 783.56 192.29 862.93 217.53 -1 -1 -1 -1000 -1000 -1000 -10 0.0000 
