Car -1 -1 -10 30.73 183.72 339.18 355.80 -1 -1 -1 -1000 -1000 -1000 -10 1.0000 
Car -1 -1 -10 416.42 181.32 498.71 230.06 -1 -1 -1 -1000 -1000 -1000 -10 0.9883 
Car -1 -1 -10 772.96 174.25 1243.00 376.00 -1 -1 -1 -1000 -1000 -1000 -10 0.9710 
Car -1 -1 -10 509.58 176.95 548.23 206.51 -1 -1 -1 -1000 -1000 -1000 -10 0.7004 
Car -1 -1 -10 639.68 175.61 671.16 203.80 -1 -1 -1 -1000 -1000 -1000 -10 0.4565 
Car -1 -1 -10 844.31 179.40 990.94 215.31 -1 -1 -1 -1000 -1000 -1000 -10 0.0395 
Car -1 -1 -10 448.41 172.96 516.76 218.96 -1 -1 -1 -1000 -1000 -1000 -10 0.0125 
Car -1 -1 -10 621.72 170.35 641.88 189.60 -1 -1 -1 -1000 -1000 -1000 -10 0.0081 
Car -1 -1 -10 1028.70 126.62 1081.38 162.98 -1 -1 -1 -1000 -1000 -1000 -10 0.0065 
Car -1 -1 -10 1102.00 72.85 1162.76 104.63 -1 -1 -1 -1000 -1000 -1000 -10 0.0038 
Car -1 -1 -10 742.25 90.24 803.52 125.72 -1 -1 -1 -1000 -1000 -1000 -10 0.0037 
Car -1 -1 -10 5.48 137.47 98.79 178.55 -1 -1 -1 -1000 -1000 -1000 -10 0.0030 
Car -1 -1 -10 471.36 171.96 531.17 209.29 -1 -1 -1 -1000 -1000 -1000 -10 0.0027 
Car -1 -1 -10 860.54 179.06 947.33 206.10 -1 -1 -1 -1000 -1000 -1000 -10 0.0026 
Car -1 -1 -10 813.46 184.78 1009.28 271.33 -1 -1 -1 -1000 -1000 -1000 -10 0.0022 
Car -1 -1 -10 905.82 176.90 1046.57 213.50 -1 -1 -1 -1000 -1000 -1000 -10 0.0017 
Car -1 -1 -10 825.77 182.28 1068.48 347.16 -1 -1 -1 -1000 -1000 -1000 -10 0.0015 
Car -1 -1 -10 157.46 151.37 229.60 187.46 -1 -1 -1 -1000 -1000 -1000 -10 0.0013 
Car -1 -1 -10 925.25 228.45 1021.69 308.11 -1 -1 -1 -1000 -1000 -1000 -10 0.0009 
Car -1 -1 -10 1074.90 180.54 1183.16 220.18 -1 -1 -1 -1000 -1000 -1000 -10 0.0008 
Car -1 -1 -10 636.44 175.53 680.89 221.71 -1 -1 -1 -1000 -1000 -1000 -10 0.0007 
Car -1 -1 -10 558.26 74.17 602.43 100.01 -1 -1 -1 -1000 -1000 -1000 -10 0.0007 
Car -1 -1 -10 839.67 183.02 892.86 209.28 -1 -1 -1 -1000 -1000 -1000 -10 0.0007 
Car -1 -1 -10 1070.80 62.75 1160.56 105.34 -1 -1 -1 -1000 -1000 -1000 -10 0.0007 
Car -1 -1 -10 1007.60 170.56 1178.80 209.78 -1 -1 -1 -1000 -1000 -1000 -10 0.0006 
Car -1 -1 -10 1107.60 54.28 1163.75 91.12 -1 -1 -1 -1000 -1000 -1000 -10 0.0005 
Car -1 -1 -10 129.51 148.41 199.63 189.91 -1 -1 -1 -1000 -1000 -1000 -10 0.0005 
Car -1 -1 -10 777.06 206.60 896.91 269.65 -1 -1 -1 -1000 -1000 -1000 -10 0.0004 
Car -1 -1 -10 871.36 235.26 982.08 284.39 -1 -1 -1 -1000 -1000 -1000 -10 0.0004 
Car -1 -1 -10 1072.30 51.48 1150.96 89.27 -1 -1 -1 -1000 -1000 -1000 -10 0.0004 
Car -1 -1 -10 1202.10 201.46 1242.98 231.90 -1 -1 -1 -1000 -1000 -1000 -10 0.0003 
Car -1 -1 -10 475.81 168.38 510.90 193.53 -1 -1 -1 -1000 -1000 -1000 -10 0.0003 
Car -1 -1 -10 0.00 167.05 74.48 217.47 -1 -1 -1 -1000 -1000 -1000 -10 0.0003 
Car -1 -1 -10 483.90 62.81 598.38 110.08 -1 -1 -1 -1000 -1000 -1000 -10 0.0002 
Car -1 -1 -10 236.83 193.42 324.47 256.20 -1 -1 -1 -1000 -1000 -1000 -10 0.0002 
Car -1 -1 -10 978.85 56.33 1052.34 105.20 -1 -1 -1 -1000 -1000 -1000 -10 0.0002 
Car -1 -1 -10 1030.60 133.32 1105.55 177.78 -1 -1 -1 -1000 -1000 -1000 -10 0.0002 
Car -1 -1 -10 781.20 157.20 829.64 193.78 -1 -1 -1 -1000 -1000 -1000 -10 0.0002 
Car -1 -1 -10 761.55 191.34 928.72 313.01 -1 -1 -1 -1000 -1000 -1000 -10 0.0002 
Car -1 -1 -10 32.46 232.77 147.69 331.67 -1 -1 -1 -1000 -1000 -1000 -10 0.0001 
Car -1 -1 -10 662.25 174.58 687.63 200.14 -1 -1 -1 -1000 -1000 -1000 -10 0.0001 
Car -1 -1 -10 545.22 68.23 591.79 95.37 -1 -1 -1 -1000 -1000 -1000 -10 0.0001 
Car -1 -1 -10 1029.50 143.13 1071.06 175.95 -1 -1 -1 -1000 -1000 -1000 -10 0.0001 
Car -1 -1 -10 752.57 150.98 853.30 217.19 -1 -1 -1 -1000 -1000 -1000 -10 0.0001 
Car -1 -1 -10 114.38 192.78 319.43 257.76 -1 -1 -1 -1000 -1000 -1000 -10 0.0001 
Car -1 -1 -10 926.43 203.50 1054.20 322.96 -1 -1 -1 -1000 -1000 -1000 -10 0.0001 
Car -1 -1 -10 541.93 156.08 594.35 187.34 -1 -1 -1 -1000 -1000 -1000 -10 0.0001 
Car -1 -1 -10 691.11 167.55 718.82 196.98 -1 -1 -1 -1000 -1000 -1000 -10 0.0001 
Car -1 -1 -10 451.59 168.53 491.48 195.57 -1 -1 -1 -1000 -1000 -1000 -10 0.0001 
Car -1 -1 -10 120.73 192.24 225.76 220.24 -1 -1 -1 -1000 -1000 -1000 -10 0.0001 
Car -1 -1 -10 81.35 175.90 148.41 211.66 -1 -1 -1 -1000 -1000 -1000 -10 0.0001 
Car -1 -1 -10 870.72 13.26 967.76 58.76 -1 -1 -1 -1000 -1000 -1000 -10 0.0001 
Car -1 -1 -10 532.13 67.64 604.61 103.13 -1 -1 -1 -1000 -1000 -1000 -10 0.0001 
Car -1 -1 -10 78.98 205.51 201.69 297.65 -1 -1 -1 -1000 -1000 -1000 -10 0.0000 
Car -1 -1 -10 207.74 187.38 331.32 295.32 -1 -1 -1 -1000 -1000 -1000 -10 0.0000 
Car -1 -1 -10 821.72 248.58 883.52 281.46 -1 -1 -1 -1000 -1000 -1000 -10 0.0000 
Car -1 -1 -10 462.22 164.54 498.26 186.15 -1 -1 -1 -1000 -1000 -1000 -10 0.0000 
Car -1 -1 -10 790.87 253.20 866.23 304.38 -1 -1 -1 -1000 -1000 -1000 -10 0.0000 
Car -1 -1 -10 893.19 0.00 953.41 44.77 -1 -1 -1 -1000 -1000 -1000 -10 0.0000 
Car -1 -1 -10 862.61 218.00 961.73 309.25 -1 -1 -1 -1000 -1000 -1000 -10 0.0000 
Car -1 -1 -10 799.70 170.83 885.01 218.40 -1 -1 -1 -1000 -1000 -1000 -10 0.0000 
Car -1 -1 -10 784.37 184.78 891.06 229.73 -1 -1 -1 -1000 -1000 -1000 -10 0.0000 
