Car -1 -1 -10 560.04 172.05 677.58 284.48 -1 -1 -1 -1000 -1000 -1000 -10 1.0000 
Car -1 -1 -10 845.11 176.42 1112.11 316.89 -1 -1 -1 -1000 -1000 -1000 -10 0.8857 
Car -1 -1 -10 1.68 71.46 44.69 95.30 -1 -1 -1 -1000 -1000 -1000 -10 0.0382 
Car -1 -1 -10 162.59 167.99 214.01 190.31 -1 -1 -1 -1000 -1000 -1000 -10 0.0363 
Car -1 -1 -10 935.70 162.34 1228.75 357.23 -1 -1 -1 -1000 -1000 -1000 -10 0.0312 
Car -1 -1 -10 0.00 72.38 59.11 107.03 -1 -1 -1 -1000 -1000 -1000 -10 0.0137 
Car -1 -1 -10 1161.60 126.48 1243.01 184.89 -1 -1 -1 -1000 -1000 -1000 -10 0.0013 
Car -1 -1 -10 306.43 288.48 412.97 317.17 -1 -1 -1 -1000 -1000 -1000 -10 0.0012 
Car -1 -1 -10 396.19 157.61 437.59 185.29 -1 -1 -1 -1000 -1000 -1000 -10 0.0010 
Car -1 -1 -10 435.89 178.62 505.53 194.14 -1 -1 -1 -1000 -1000 -1000 -10 0.0006 
Car -1 -1 -10 482.61 182.16 513.90 202.06 -1 -1 -1 -1000 -1000 -1000 -10 0.0005 
Car -1 -1 -10 0.00 59.24 87.25 92.12 -1 -1 -1 -1000 -1000 -1000 -10 0.0005 
Car -1 -1 -10 966.33 177.46 1072.52 216.60 -1 -1 -1 -1000 -1000 -1000 -10 0.0004 
Car -1 -1 -10 163.77 165.99 218.89 216.94 -1 -1 -1 -1000 -1000 -1000 -10 0.0003 
Car -1 -1 -10 21.79 207.37 125.78 259.26 -1 -1 -1 -1000 -1000 -1000 -10 0.0001 
Car -1 -1 -10 338.71 169.00 417.29 188.25 -1 -1 -1 -1000 -1000 -1000 -10 0.0001 
Car -1 -1 -10 768.85 173.47 799.84 204.38 -1 -1 -1 -1000 -1000 -1000 -10 0.0001 
Car -1 -1 -10 393.97 262.08 457.35 283.05 -1 -1 -1 -1000 -1000 -1000 -10 0.0001 
Car -1 -1 -10 140.91 208.04 186.15 246.74 -1 -1 -1 -1000 -1000 -1000 -10 0.0001 
Car -1 -1 -10 222.60 172.86 272.09 188.89 -1 -1 -1 -1000 -1000 -1000 -10 0.0001 
Car -1 -1 -10 308.29 173.59 425.43 192.98 -1 -1 -1 -1000 -1000 -1000 -10 0.0001 
Car -1 -1 -10 615.38 175.75 674.12 239.29 -1 -1 -1 -1000 -1000 -1000 -10 0.0001 
Car -1 -1 -10 0.00 17.33 129.90 87.55 -1 -1 -1 -1000 -1000 -1000 -10 0.0000 
Car -1 -1 -10 206.43 174.37 258.34 190.15 -1 -1 -1 -1000 -1000 -1000 -10 0.0000 
Car -1 -1 -10 738.42 178.99 800.89 209.33 -1 -1 -1 -1000 -1000 -1000 -10 0.0000 
Car -1 -1 -10 881.50 179.61 1091.89 248.88 -1 -1 -1 -1000 -1000 -1000 -10 0.0000 
Car -1 -1 -10 917.47 113.33 994.72 147.50 -1 -1 -1 -1000 -1000 -1000 -10 0.0000 
Car -1 -1 -10 562.48 176.71 619.05 218.98 -1 -1 -1 -1000 -1000 -1000 -10 0.0000 
Car -1 -1 -10 148.10 205.15 227.63 250.28 -1 -1 -1 -1000 -1000 -1000 -10 0.0000 
Car -1 -1 -10 433.86 181.56 516.16 203.07 -1 -1 -1 -1000 -1000 -1000 -10 0.0000 
Car -1 -1 -10 490.39 176.74 545.21 199.73 -1 -1 -1 -1000 -1000 -1000 -10 0.0000 
Car -1 -1 -10 198.18 179.89 266.16 202.24 -1 -1 -1 -1000 -1000 -1000 -10 0.0000 
Car -1 -1 -10 153.43 207.42 199.57 238.45 -1 -1 -1 -1000 -1000 -1000 -10 0.0000 
Car -1 -1 -10 663.06 178.58 712.89 195.93 -1 -1 -1 -1000 -1000 -1000 -10 0.0000 
Car -1 -1 -10 859.32 185.03 951.48 279.36 -1 -1 -1 -1000 -1000 -1000 -10 0.0000 
