Car -1 -1 -10 337.32 189.94 530.24 312.58 -1 -1 -1 -1000 -1000 -1000 -10 1.0000 
Car -1 -1 -10 488.26 186.38 597.31 260.55 -1 -1 -1 -1000 -1000 -1000 -10 0.9998 
Car -1 -1 -10 581.77 185.30 659.39 237.47 -1 -1 -1 -1000 -1000 -1000 -10 0.9984 
Car -1 -1 -10 796.91 167.53 845.42 197.99 -1 -1 -1 -1000 -1000 -1000 -10 0.8420 
Car -1 -1 -10 721.21 191.85 750.38 206.37 -1 -1 -1 -1000 -1000 -1000 -10 0.0165 
Car -1 -1 -10 1053.00 274.89 1112.04 311.56 -1 -1 -1 -1000 -1000 -1000 -10 0.0106 
Car -1 -1 -10 1129.10 267.71 1206.02 299.89 -1 -1 -1 -1000 -1000 -1000 -10 0.0092 
Car -1 -1 -10 1053.10 237.77 1108.56 317.72 -1 -1 -1 -1000 -1000 -1000 -10 0.0084 
Car -1 -1 -10 244.60 35.33 354.26 89.59 -1 -1 -1 -1000 -1000 -1000 -10 0.0063 
Car -1 -1 -10 0.00 28.32 88.55 70.83 -1 -1 -1 -1000 -1000 -1000 -10 0.0040 
Car -1 -1 -10 479.57 90.57 526.12 113.66 -1 -1 -1 -1000 -1000 -1000 -10 0.0031 
Car -1 -1 -10 1047.20 243.13 1104.21 281.46 -1 -1 -1 -1000 -1000 -1000 -10 0.0025 
Car -1 -1 -10 289.02 41.75 349.45 78.68 -1 -1 -1 -1000 -1000 -1000 -10 0.0018 
Car -1 -1 -10 493.16 89.08 536.70 116.90 -1 -1 -1 -1000 -1000 -1000 -10 0.0018 
Car -1 -1 -10 29.27 97.38 121.15 150.60 -1 -1 -1 -1000 -1000 -1000 -10 0.0010 
Car -1 -1 -10 0.00 150.98 142.98 250.09 -1 -1 -1 -1000 -1000 -1000 -10 0.0008 
Car -1 -1 -10 6.68 87.02 134.17 198.75 -1 -1 -1 -1000 -1000 -1000 -10 0.0006 
Car -1 -1 -10 0.00 22.55 92.16 136.74 -1 -1 -1 -1000 -1000 -1000 -10 0.0004 
Car -1 -1 -10 0.00 127.64 97.48 183.67 -1 -1 -1 -1000 -1000 -1000 -10 0.0004 
Car -1 -1 -10 39.16 149.18 125.68 173.87 -1 -1 -1 -1000 -1000 -1000 -10 0.0003 
Car -1 -1 -10 11.71 93.12 86.02 147.62 -1 -1 -1 -1000 -1000 -1000 -10 0.0003 
Car -1 -1 -10 1111.00 158.00 1190.17 196.05 -1 -1 -1 -1000 -1000 -1000 -10 0.0003 
Car -1 -1 -10 472.59 144.40 530.96 177.50 -1 -1 -1 -1000 -1000 -1000 -10 0.0003 
Car -1 -1 -10 7.25 36.73 137.10 162.16 -1 -1 -1 -1000 -1000 -1000 -10 0.0002 
Car -1 -1 -10 34.91 147.80 117.88 219.04 -1 -1 -1 -1000 -1000 -1000 -10 0.0002 
Car -1 -1 -10 988.52 291.90 1059.22 338.58 -1 -1 -1 -1000 -1000 -1000 -10 0.0002 
Car -1 -1 -10 287.15 56.70 334.71 86.28 -1 -1 -1 -1000 -1000 -1000 -10 0.0002 
Car -1 -1 -10 488.86 137.33 545.04 173.80 -1 -1 -1 -1000 -1000 -1000 -10 0.0001 
Car -1 -1 -10 0.00 197.09 128.40 254.66 -1 -1 -1 -1000 -1000 -1000 -10 0.0001 
Car -1 -1 -10 563.24 84.88 628.78 111.58 -1 -1 -1 -1000 -1000 -1000 -10 0.0001 
Car -1 -1 -10 488.66 121.71 547.26 157.47 -1 -1 -1 -1000 -1000 -1000 -10 0.0001 
Car -1 -1 -10 468.20 110.80 570.90 149.06 -1 -1 -1 -1000 -1000 -1000 -10 0.0001 
Car -1 -1 -10 369.23 201.57 441.28 273.17 -1 -1 -1 -1000 -1000 -1000 -10 0.0001 
Car -1 -1 -10 554.55 186.51 615.38 236.34 -1 -1 -1 -1000 -1000 -1000 -10 0.0001 
Car -1 -1 -10 468.97 195.54 524.01 226.98 -1 -1 -1 -1000 -1000 -1000 -10 0.0000 
Car -1 -1 -10 31.40 53.76 222.85 224.86 -1 -1 -1 -1000 -1000 -1000 -10 0.0000 
Car -1 -1 -10 382.24 202.05 435.74 239.64 -1 -1 -1 -1000 -1000 -1000 -10 0.0000 
Car -1 -1 -10 309.52 157.79 400.50 186.99 -1 -1 -1 -1000 -1000 -1000 -10 0.0000 
Car -1 -1 -10 298.50 161.60 385.13 202.17 -1 -1 -1 -1000 -1000 -1000 -10 0.0000 
Car -1 -1 -10 348.61 199.26 461.18 300.26 -1 -1 -1 -1000 -1000 -1000 -10 0.0000 
Car -1 -1 -10 272.85 45.26 379.64 103.65 -1 -1 -1 -1000 -1000 -1000 -10 0.0000 
Car -1 -1 -10 602.50 132.51 652.50 159.19 -1 -1 -1 -1000 -1000 -1000 -10 0.0000 
Car -1 -1 -10 307.40 188.22 377.65 217.12 -1 -1 -1 -1000 -1000 -1000 -10 0.0000 
Car -1 -1 -10 474.56 114.85 540.42 169.08 -1 -1 -1 -1000 -1000 -1000 -10 0.0000 
Car -1 -1 -10 500.01 188.91 583.86 235.10 -1 -1 -1 -1000 -1000 -1000 -10 0.0000 
Car -1 -1 -10 204.26 281.29 251.00 311.02 -1 -1 -1 -1000 -1000 -1000 -10 0.0000 
Car -1 -1 -10 620.50 172.89 660.32 206.75 -1 -1 -1 -1000 -1000 -1000 -10 0.0000 
