Car -1 -1 -10 274.62 172.99 460.79 311.27 -1 -1 -1 -1000 -1000 -1000 -10 0.9998 
Car -1 -1 -10 496.32 184.86 552.16 226.01 -1 -1 -1 -1000 -1000 -1000 -10 0.9996 
Car -1 -1 -10 0.00 209.89 331.79 376.00 -1 -1 -1 -1000 -1000 -1000 -10 0.8845 
Car -1 -1 -10 1113.80 252.26 1217.57 295.01 -1 -1 -1 -1000 -1000 -1000 -10 0.0166 
Car -1 -1 -10 953.92 205.03 1004.81 246.70 -1 -1 -1 -1000 -1000 -1000 -10 0.0100 
Car -1 -1 -10 556.47 178.98 601.09 214.92 -1 -1 -1 -1000 -1000 -1000 -10 0.0039 
Car -1 -1 -10 1167.80 187.27 1242.42 223.77 -1 -1 -1 -1000 -1000 -1000 -10 0.0027 
Car -1 -1 -10 940.10 191.12 1018.51 255.56 -1 -1 -1 -1000 -1000 -1000 -10 0.0023 
Car -1 -1 -10 1079.40 292.33 1178.20 356.08 -1 -1 -1 -1000 -1000 -1000 -10 0.0013 
Car -1 -1 -10 618.61 203.69 666.77 216.60 -1 -1 -1 -1000 -1000 -1000 -10 0.0009 
Car -1 -1 -10 1079.10 153.46 1143.74 193.19 -1 -1 -1 -1000 -1000 -1000 -10 0.0007 
Car -1 -1 -10 159.13 213.93 402.29 307.35 -1 -1 -1 -1000 -1000 -1000 -10 0.0006 
Car -1 -1 -10 432.15 134.67 500.47 175.57 -1 -1 -1 -1000 -1000 -1000 -10 0.0005 
Car -1 -1 -10 16.13 209.11 84.50 261.76 -1 -1 -1 -1000 -1000 -1000 -10 0.0002 
Car -1 -1 -10 613.48 205.12 674.63 223.05 -1 -1 -1 -1000 -1000 -1000 -10 0.0001 
Car -1 -1 -10 419.06 116.31 490.95 158.22 -1 -1 -1 -1000 -1000 -1000 -10 0.0001 
Car -1 -1 -10 1025.10 286.15 1128.12 324.43 -1 -1 -1 -1000 -1000 -1000 -10 0.0001 
Car -1 -1 -10 523.46 188.89 551.23 221.06 -1 -1 -1 -1000 -1000 -1000 -10 0.0001 
Car -1 -1 -10 372.22 174.27 455.93 235.98 -1 -1 -1 -1000 -1000 -1000 -10 0.0001 
Car -1 -1 -10 973.51 275.59 1075.07 329.13 -1 -1 -1 -1000 -1000 -1000 -10 0.0001 
Car -1 -1 -10 5.92 174.37 113.98 262.45 -1 -1 -1 -1000 -1000 -1000 -10 0.0001 
Car -1 -1 -10 290.16 198.38 387.34 270.80 -1 -1 -1 -1000 -1000 -1000 -10 0.0000 
Car -1 -1 -10 387.42 60.08 435.82 94.70 -1 -1 -1 -1000 -1000 -1000 -10 0.0000 
Car -1 -1 -10 87.51 206.93 197.70 239.25 -1 -1 -1 -1000 -1000 -1000 -10 0.0000 
Car -1 -1 -10 397.06 111.41 482.89 142.21 -1 -1 -1 -1000 -1000 -1000 -10 0.0000 
Car -1 -1 -10 696.77 133.61 767.18 211.11 -1 -1 -1 -1000 -1000 -1000 -10 0.0000 
Car -1 -1 -10 369.82 81.38 464.57 124.14 -1 -1 -1 -1000 -1000 -1000 -10 0.0000 
Car -1 -1 -10 531.46 190.30 560.82 217.27 -1 -1 -1 -1000 -1000 -1000 -10 0.0000 
Car -1 -1 -10 641.20 199.11 689.78 219.99 -1 -1 -1 -1000 -1000 -1000 -10 0.0000 
Car -1 -1 -10 414.48 64.89 473.78 97.87 -1 -1 -1 -1000 -1000 -1000 -10 0.0000 
Car -1 -1 -10 298.28 181.15 358.66 222.74 -1 -1 -1 -1000 -1000 -1000 -10 0.0000 
Car -1 -1 -10 121.23 213.59 259.29 247.47 -1 -1 -1 -1000 -1000 -1000 -10 0.0000 
Car -1 -1 -10 335.14 172.87 456.01 276.96 -1 -1 -1 -1000 -1000 -1000 -10 0.0000 
Car -1 -1 -10 889.52 37.58 985.99 106.09 -1 -1 -1 -1000 -1000 -1000 -10 0.0000 
Car -1 -1 -10 816.14 73.84 907.07 105.23 -1 -1 -1 -1000 -1000 -1000 -10 0.0000 
Car -1 -1 -10 692.85 94.35 747.87 124.14 -1 -1 -1 -1000 -1000 -1000 -10 0.0000 
Car -1 -1 -10 691.08 83.31 767.15 129.74 -1 -1 -1 -1000 -1000 -1000 -10 0.0000 
Car -1 -1 -10 600.32 167.93 645.42 208.03 -1 -1 -1 -1000 -1000 -1000 -10 0.0000 
