Car -1 -1 -10 653.98 177.38 912.47 268.67 -1 -1 -1 -1000 -1000 -1000 -10 0.9995 
Car -1 -1 -10 171.38 142.77 212.36 167.52 -1 -1 -1 -1000 -1000 -1000 -10 0.0013 
Car -1 -1 -10 20.22 154.33 88.84 192.47 -1 -1 -1 -1000 -1000 -1000 -10 0.0011 
Car -1 -1 -10 143.91 178.49 220.96 199.22 -1 -1 -1 -1000 -1000 -1000 -10 0.0006 
Car -1 -1 -10 46.49 170.14 83.29 196.97 -1 -1 -1 -1000 -1000 -1000 -10 0.0005 
Car -1 -1 -10 1061.90 110.16 1113.76 133.04 -1 -1 -1 -1000 -1000 -1000 -10 0.0003 
Car -1 -1 -10 15.01 163.57 72.35 197.84 -1 -1 -1 -1000 -1000 -1000 -10 0.0003 
Car -1 -1 -10 330.58 194.61 428.17 250.26 -1 -1 -1 -1000 -1000 -1000 -10 0.0002 
Car -1 -1 -10 0.00 89.22 111.47 133.43 -1 -1 -1 -1000 -1000 -1000 -10 0.0002 
Car -1 -1 -10 173.25 142.36 224.94 182.45 -1 -1 -1 -1000 -1000 -1000 -10 0.0001 
Car -1 -1 -10 14.63 161.46 48.53 191.95 -1 -1 -1 -1000 -1000 -1000 -10 0.0000 
Car -1 -1 -10 55.19 175.39 124.09 194.26 -1 -1 -1 -1000 -1000 -1000 -10 0.0000 
Car -1 -1 -10 265.73 26.47 394.86 90.70 -1 -1 -1 -1000 -1000 -1000 -10 0.0000 
Car -1 -1 -10 247.09 131.98 302.26 162.92 -1 -1 -1 -1000 -1000 -1000 -10 0.0000 
Car -1 -1 -10 48.27 176.22 175.76 195.47 -1 -1 -1 -1000 -1000 -1000 -10 0.0000 
Car -1 -1 -10 18.95 195.30 69.66 207.94 -1 -1 -1 -1000 -1000 -1000 -10 0.0000 
