Car -1 -1 -10 586.36 178.62 640.88 223.24 -1 -1 -1 -1000 -1000 -1000 -10 1.0000 
Car -1 -1 -10 244.24 182.09 447.27 268.60 -1 -1 -1 -1000 -1000 -1000 -10 0.9576 
Car -1 -1 -10 1030.60 164.72 1158.09 252.53 -1 -1 -1 -1000 -1000 -1000 -10 0.2060 
Car -1 -1 -10 646.04 157.05 692.54 205.27 -1 -1 -1 -1000 -1000 -1000 -10 0.1527 
Car -1 -1 -10 290.75 160.09 503.76 252.00 -1 -1 -1 -1000 -1000 -1000 -10 0.0977 
Car -1 -1 -10 1007.90 158.98 1091.04 216.31 -1 -1 -1 -1000 -1000 -1000 -10 0.0643 
Car -1 -1 -10 1165.30 178.72 1232.39 202.07 -1 -1 -1 -1000 -1000 -1000 -10 0.0355 
Car -1 -1 -10 1128.60 180.89 1206.74 203.30 -1 -1 -1 -1000 -1000 -1000 -10 0.0305 
Car -1 -1 -10 93.34 167.39 419.86 290.45 -1 -1 -1 -1000 -1000 -1000 -10 0.0155 
Car -1 -1 -10 0.00 88.32 279.65 367.57 -1 -1 -1 -1000 -1000 -1000 -10 0.0091 
Car -1 -1 -10 219.47 176.42 368.93 238.87 -1 -1 -1 -1000 -1000 -1000 -10 0.0080 
Car -1 -1 -10 428.86 161.87 522.35 230.06 -1 -1 -1 -1000 -1000 -1000 -10 0.0076 
Car -1 -1 -10 516.27 168.28 556.19 202.99 -1 -1 -1 -1000 -1000 -1000 -10 0.0033 
Car -1 -1 -10 1131.50 128.56 1243.02 177.67 -1 -1 -1 -1000 -1000 -1000 -10 0.0021 
Car -1 -1 -10 1135.60 124.52 1196.04 166.17 -1 -1 -1 -1000 -1000 -1000 -10 0.0016 
Car -1 -1 -10 1203.10 181.00 1243.02 200.16 -1 -1 -1 -1000 -1000 -1000 -10 0.0015 
Car -1 -1 -10 1205.90 73.04 1242.97 93.34 -1 -1 -1 -1000 -1000 -1000 -10 0.0012 
Car -1 -1 -10 1103.10 176.36 1162.64 205.22 -1 -1 -1 -1000 -1000 -1000 -10 0.0011 
Car -1 -1 -10 1035.90 162.11 1140.21 212.08 -1 -1 -1 -1000 -1000 -1000 -10 0.0011 
Car -1 -1 -10 1146.70 111.46 1207.18 141.84 -1 -1 -1 -1000 -1000 -1000 -10 0.0010 
Car -1 -1 -10 275.77 180.70 360.18 230.73 -1 -1 -1 -1000 -1000 -1000 -10 0.0009 
Car -1 -1 -10 1198.70 74.62 1243.01 122.96 -1 -1 -1 -1000 -1000 -1000 -10 0.0008 
Car -1 -1 -10 1075.20 175.03 1154.09 223.76 -1 -1 -1 -1000 -1000 -1000 -10 0.0008 
Car -1 -1 -10 472.20 165.20 557.14 204.61 -1 -1 -1 -1000 -1000 -1000 -10 0.0007 
Car -1 -1 -10 268.82 179.00 329.53 205.96 -1 -1 -1 -1000 -1000 -1000 -10 0.0007 
Car -1 -1 -10 1157.80 128.27 1221.30 169.21 -1 -1 -1 -1000 -1000 -1000 -10 0.0007 
Car -1 -1 -10 143.95 184.17 269.72 250.15 -1 -1 -1 -1000 -1000 -1000 -10 0.0006 
Car -1 -1 -10 464.23 165.06 524.13 219.67 -1 -1 -1 -1000 -1000 -1000 -10 0.0005 
Car -1 -1 -10 296.68 170.66 350.99 206.01 -1 -1 -1 -1000 -1000 -1000 -10 0.0005 
Car -1 -1 -10 1044.30 161.39 1088.03 185.28 -1 -1 -1 -1000 -1000 -1000 -10 0.0004 
Car -1 -1 -10 753.80 36.34 836.32 66.68 -1 -1 -1 -1000 -1000 -1000 -10 0.0004 
Car -1 -1 -10 438.99 162.87 526.75 193.08 -1 -1 -1 -1000 -1000 -1000 -10 0.0003 
Car -1 -1 -10 319.27 163.12 408.04 205.66 -1 -1 -1 -1000 -1000 -1000 -10 0.0003 
Car -1 -1 -10 1187.10 186.04 1240.97 205.94 -1 -1 -1 -1000 -1000 -1000 -10 0.0003 
Car -1 -1 -10 729.66 181.12 806.10 200.05 -1 -1 -1 -1000 -1000 -1000 -10 0.0003 
Car -1 -1 -10 530.31 170.80 566.34 196.79 -1 -1 -1 -1000 -1000 -1000 -10 0.0002 
Car -1 -1 -10 1115.50 124.67 1182.33 157.92 -1 -1 -1 -1000 -1000 -1000 -10 0.0002 
Car -1 -1 -10 894.46 189.96 950.93 220.99 -1 -1 -1 -1000 -1000 -1000 -10 0.0002 
Car -1 -1 -10 363.39 96.16 412.72 128.69 -1 -1 -1 -1000 -1000 -1000 -10 0.0002 
Car -1 -1 -10 1207.30 63.06 1243.04 83.47 -1 -1 -1 -1000 -1000 -1000 -10 0.0001 
Car -1 -1 -10 1087.20 170.15 1152.81 199.52 -1 -1 -1 -1000 -1000 -1000 -10 0.0001 
Car -1 -1 -10 821.72 43.46 877.51 78.55 -1 -1 -1 -1000 -1000 -1000 -10 0.0001 
Car -1 -1 -10 837.47 33.20 938.87 65.23 -1 -1 -1 -1000 -1000 -1000 -10 0.0001 
Car -1 -1 -10 1134.70 234.40 1231.58 273.41 -1 -1 -1 -1000 -1000 -1000 -10 0.0001 
Car -1 -1 -10 642.34 155.89 698.00 178.47 -1 -1 -1 -1000 -1000 -1000 -10 0.0001 
Car -1 -1 -10 277.41 175.44 322.62 198.85 -1 -1 -1 -1000 -1000 -1000 -10 0.0001 
Car -1 -1 -10 1179.00 173.24 1243.04 197.63 -1 -1 -1 -1000 -1000 -1000 -10 0.0001 
Car -1 -1 -10 1146.60 79.09 1239.84 117.69 -1 -1 -1 -1000 -1000 -1000 -10 0.0000 
Car -1 -1 -10 145.94 140.76 312.37 245.18 -1 -1 -1 -1000 -1000 -1000 -10 0.0000 
Car -1 -1 -10 1123.00 119.71 1219.43 204.33 -1 -1 -1 -1000 -1000 -1000 -10 0.0000 
Car -1 -1 -10 302.68 161.08 450.30 225.36 -1 -1 -1 -1000 -1000 -1000 -10 0.0000 
Car -1 -1 -10 48.83 191.95 156.26 262.39 -1 -1 -1 -1000 -1000 -1000 -10 0.0000 
Car -1 -1 -10 1144.60 179.54 1235.12 229.67 -1 -1 -1 -1000 -1000 -1000 -10 0.0000 
Car -1 -1 -10 357.86 172.27 459.25 253.39 -1 -1 -1 -1000 -1000 -1000 -10 0.0000 
Car -1 -1 -10 1111.10 119.31 1168.31 146.91 -1 -1 -1 -1000 -1000 -1000 -10 0.0000 
Car -1 -1 -10 195.79 111.94 283.11 166.90 -1 -1 -1 -1000 -1000 -1000 -10 0.0000 
Car -1 -1 -10 1105.40 180.29 1201.41 218.00 -1 -1 -1 -1000 -1000 -1000 -10 0.0000 
Car -1 -1 -10 868.72 137.57 898.39 181.76 -1 -1 -1 -1000 -1000 -1000 -10 0.0000 
Car -1 -1 -10 1160.60 182.26 1222.97 216.20 -1 -1 -1 -1000 -1000 -1000 -10 0.0000 
Car -1 -1 -10 852.80 30.24 928.32 50.56 -1 -1 -1 -1000 -1000 -1000 -10 0.0000 
Car -1 -1 -10 29.49 85.40 127.45 139.92 -1 -1 -1 -1000 -1000 -1000 -10 0.0000 
Car -1 -1 -10 1173.90 136.13 1237.33 199.85 -1 -1 -1 -1000 -1000 -1000 -10 0.0000 
