Car -1 -1 -10 590.52 175.60 629.55 215.11 -1 -1 -1 -1000 -1000 -1000 -10 0.9999 
Car -1 -1 -10 430.94 182.60 516.38 241.28 -1 -1 -1 -1000 -1000 -1000 -10 0.9999 
Car -1 -1 -10 68.48 179.73 183.75 224.01 -1 -1 -1 -1000 -1000 -1000 -10 0.9998 
Car -1 -1 -10 0.00 180.81 76.09 231.22 -1 -1 -1 -1000 -1000 -1000 -10 0.9538 
Car -1 -1 -10 1061.70 278.92 1109.38 307.56 -1 -1 -1 -1000 -1000 -1000 -10 0.0357 
Car -1 -1 -10 1081.60 273.66 1125.71 304.77 -1 -1 -1 -1000 -1000 -1000 -10 0.0246 
Car -1 -1 -10 1047.70 315.12 1104.80 345.12 -1 -1 -1 -1000 -1000 -1000 -10 0.0243 
Car -1 -1 -10 1101.90 267.80 1148.35 298.49 -1 -1 -1 -1000 -1000 -1000 -10 0.0232 
Car -1 -1 -10 1030.20 146.41 1117.28 173.19 -1 -1 -1 -1000 -1000 -1000 -10 0.0229 
Car -1 -1 -10 1086.70 289.73 1134.64 317.79 -1 -1 -1 -1000 -1000 -1000 -10 0.0219 
Car -1 -1 -10 1130.50 267.80 1182.91 298.06 -1 -1 -1 -1000 -1000 -1000 -10 0.0209 
Car -1 -1 -10 1068.20 257.04 1115.21 290.13 -1 -1 -1 -1000 -1000 -1000 -10 0.0196 
Car -1 -1 -10 1034.90 310.01 1087.27 340.35 -1 -1 -1 -1000 -1000 -1000 -10 0.0183 
Car -1 -1 -10 1106.20 290.67 1154.05 316.87 -1 -1 -1 -1000 -1000 -1000 -10 0.0174 
Car -1 -1 -10 1112.50 262.53 1161.30 293.98 -1 -1 -1 -1000 -1000 -1000 -10 0.0151 
Car -1 -1 -10 1071.70 278.24 1130.12 316.96 -1 -1 -1 -1000 -1000 -1000 -10 0.0145 
Car -1 -1 -10 1048.90 279.96 1106.65 320.75 -1 -1 -1 -1000 -1000 -1000 -10 0.0142 
Car -1 -1 -10 1089.60 272.19 1151.46 311.74 -1 -1 -1 -1000 -1000 -1000 -10 0.0137 
Car -1 -1 -10 1062.50 307.41 1133.90 348.71 -1 -1 -1 -1000 -1000 -1000 -10 0.0133 
Car -1 -1 -10 1077.60 256.88 1144.31 298.72 -1 -1 -1 -1000 -1000 -1000 -10 0.0126 
Car -1 -1 -10 1056.70 253.62 1104.78 284.54 -1 -1 -1 -1000 -1000 -1000 -10 0.0121 
Car -1 -1 -10 723.44 265.14 779.36 291.24 -1 -1 -1 -1000 -1000 -1000 -10 0.0119 
Car -1 -1 -10 589.65 176.66 630.09 196.37 -1 -1 -1 -1000 -1000 -1000 -10 0.0116 
Car -1 -1 -10 1037.40 319.38 1088.03 350.11 -1 -1 -1 -1000 -1000 -1000 -10 0.0098 
Car -1 -1 -10 1109.20 268.20 1173.67 305.43 -1 -1 -1 -1000 -1000 -1000 -10 0.0098 
Car -1 -1 -10 1073.00 292.91 1117.25 325.07 -1 -1 -1 -1000 -1000 -1000 -10 0.0097 
Car -1 -1 -10 1044.20 287.16 1089.23 312.84 -1 -1 -1 -1000 -1000 -1000 -10 0.0095 
Car -1 -1 -10 842.77 271.18 899.11 304.16 -1 -1 -1 -1000 -1000 -1000 -10 0.0082 
Car -1 -1 -10 872.93 255.93 925.94 285.31 -1 -1 -1 -1000 -1000 -1000 -10 0.0080 
Car -1 -1 -10 1148.10 256.10 1194.70 289.94 -1 -1 -1 -1000 -1000 -1000 -10 0.0078 
Car -1 -1 -10 842.28 324.27 906.85 356.75 -1 -1 -1 -1000 -1000 -1000 -10 0.0073 
Car -1 -1 -10 749.53 293.82 800.38 323.39 -1 -1 -1 -1000 -1000 -1000 -10 0.0065 
Car -1 -1 -10 783.30 318.60 837.79 354.62 -1 -1 -1 -1000 -1000 -1000 -10 0.0063 
Car -1 -1 -10 858.95 255.19 908.92 281.81 -1 -1 -1 -1000 -1000 -1000 -10 0.0056 
Car -1 -1 -10 648.78 209.47 701.39 241.34 -1 -1 -1 -1000 -1000 -1000 -10 0.0036 
Car -1 -1 -10 760.46 287.47 811.56 315.50 -1 -1 -1 -1000 -1000 -1000 -10 0.0033 
Car -1 -1 -10 757.77 290.16 830.23 325.62 -1 -1 -1 -1000 -1000 -1000 -10 0.0032 
Car -1 -1 -10 831.84 268.81 884.41 298.20 -1 -1 -1 -1000 -1000 -1000 -10 0.0031 
Car -1 -1 -10 1094.30 212.58 1170.98 251.14 -1 -1 -1 -1000 -1000 -1000 -10 0.0030 
Car -1 -1 -10 740.54 268.35 792.96 296.47 -1 -1 -1 -1000 -1000 -1000 -10 0.0029 
Car -1 -1 -10 827.87 280.22 885.16 306.72 -1 -1 -1 -1000 -1000 -1000 -10 0.0027 
Car -1 -1 -10 123.85 176.79 186.71 216.76 -1 -1 -1 -1000 -1000 -1000 -10 0.0026 
Car -1 -1 -10 896.28 288.44 946.98 317.98 -1 -1 -1 -1000 -1000 -1000 -10 0.0025 
Car -1 -1 -10 921.68 151.82 965.38 177.74 -1 -1 -1 -1000 -1000 -1000 -10 0.0023 
Car -1 -1 -10 711.65 259.89 763.92 287.98 -1 -1 -1 -1000 -1000 -1000 -10 0.0023 
Car -1 -1 -10 791.78 305.62 849.29 336.76 -1 -1 -1 -1000 -1000 -1000 -10 0.0021 
Car -1 -1 -10 796.16 316.32 872.58 352.67 -1 -1 -1 -1000 -1000 -1000 -10 0.0021 
Car -1 -1 -10 1091.40 308.81 1166.67 346.61 -1 -1 -1 -1000 -1000 -1000 -10 0.0020 
Car -1 -1 -10 671.94 221.52 721.46 250.00 -1 -1 -1 -1000 -1000 -1000 -10 0.0019 
Car -1 -1 -10 738.72 210.82 812.72 245.97 -1 -1 -1 -1000 -1000 -1000 -10 0.0018 
Car -1 -1 -10 663.32 206.02 715.68 235.56 -1 -1 -1 -1000 -1000 -1000 -10 0.0017 
Car -1 -1 -10 814.69 267.96 874.74 308.68 -1 -1 -1 -1000 -1000 -1000 -10 0.0016 
Car -1 -1 -10 796.55 298.34 872.03 339.98 -1 -1 -1 -1000 -1000 -1000 -10 0.0015 
Car -1 -1 -10 832.38 308.10 909.09 352.19 -1 -1 -1 -1000 -1000 -1000 -10 0.0014 
Car -1 -1 -10 738.94 257.52 785.96 282.28 -1 -1 -1 -1000 -1000 -1000 -10 0.0014 
Car -1 -1 -10 752.21 255.29 802.20 282.48 -1 -1 -1 -1000 -1000 -1000 -10 0.0014 
Car -1 -1 -10 812.82 254.52 880.76 291.43 -1 -1 -1 -1000 -1000 -1000 -10 0.0013 
Car -1 -1 -10 925.93 149.20 1003.99 177.35 -1 -1 -1 -1000 -1000 -1000 -10 0.0011 
Car -1 -1 -10 759.10 274.96 812.91 302.46 -1 -1 -1 -1000 -1000 -1000 -10 0.0010 
Car -1 -1 -10 822.12 288.38 891.90 319.61 -1 -1 -1 -1000 -1000 -1000 -10 0.0009 
Car -1 -1 -10 861.77 287.50 933.89 316.59 -1 -1 -1 -1000 -1000 -1000 -10 0.0009 
Car -1 -1 -10 1031.70 198.91 1086.74 227.70 -1 -1 -1 -1000 -1000 -1000 -10 0.0008 
Car -1 -1 -10 831.44 295.14 893.94 340.06 -1 -1 -1 -1000 -1000 -1000 -10 0.0008 
Car -1 -1 -10 772.78 301.79 837.60 344.79 -1 -1 -1 -1000 -1000 -1000 -10 0.0007 
Car -1 -1 -10 1037.90 187.07 1098.03 224.33 -1 -1 -1 -1000 -1000 -1000 -10 0.0005 
Car -1 -1 -10 889.59 328.93 961.76 359.91 -1 -1 -1 -1000 -1000 -1000 -10 0.0005 
Car -1 -1 -10 88.76 107.50 166.20 134.84 -1 -1 -1 -1000 -1000 -1000 -10 0.0003 
Car -1 -1 -10 46.10 120.03 128.91 162.67 -1 -1 -1 -1000 -1000 -1000 -10 0.0003 
Car -1 -1 -10 31.21 180.63 111.75 223.01 -1 -1 -1 -1000 -1000 -1000 -10 0.0003 
Car -1 -1 -10 784.76 328.27 869.18 361.36 -1 -1 -1 -1000 -1000 -1000 -10 0.0003 
Car -1 -1 -10 877.93 297.08 941.32 330.72 -1 -1 -1 -1000 -1000 -1000 -10 0.0002 
Car -1 -1 -10 956.86 152.68 1016.97 173.93 -1 -1 -1 -1000 -1000 -1000 -10 0.0002 
Car -1 -1 -10 786.33 184.51 861.29 215.26 -1 -1 -1 -1000 -1000 -1000 -10 0.0002 
Car -1 -1 -10 902.43 316.05 960.39 348.64 -1 -1 -1 -1000 -1000 -1000 -10 0.0001 
Car -1 -1 -10 32.46 102.30 94.25 127.60 -1 -1 -1 -1000 -1000 -1000 -10 0.0001 
Car -1 -1 -10 650.44 175.94 694.07 209.77 -1 -1 -1 -1000 -1000 -1000 -10 0.0001 
Car -1 -1 -10 74.46 114.80 135.35 142.75 -1 -1 -1 -1000 -1000 -1000 -10 0.0001 
Car -1 -1 -10 171.87 99.54 227.99 129.24 -1 -1 -1 -1000 -1000 -1000 -10 0.0000 
Car -1 -1 -10 881.69 310.10 967.85 356.97 -1 -1 -1 -1000 -1000 -1000 -10 0.0000 
Car -1 -1 -10 786.68 171.70 846.65 206.91 -1 -1 -1 -1000 -1000 -1000 -10 0.0000 
Car -1 -1 -10 793.15 167.02 841.87 194.89 -1 -1 -1 -1000 -1000 -1000 -10 0.0000 
Car -1 -1 -10 1011.60 176.33 1106.60 227.66 -1 -1 -1 -1000 -1000 -1000 -10 0.0000 
Car -1 -1 -10 768.81 175.24 870.77 221.94 -1 -1 -1 -1000 -1000 -1000 -10 0.0000 
Car -1 -1 -10 1043.10 159.99 1101.02 183.68 -1 -1 -1 -1000 -1000 -1000 -10 0.0000 
Car -1 -1 -10 665.77 175.79 718.91 204.48 -1 -1 -1 -1000 -1000 -1000 -10 0.0000 
