Car -1 -1 -10 303.63 181.90 466.23 293.79 -1 -1 -1 -1000 -1000 -1000 -10 1.0000 
Car -1 -1 -10 591.31 179.00 633.39 223.24 -1 -1 -1 -1000 -1000 -1000 -10 0.9999 
Car -1 -1 -10 525.46 183.88 564.04 213.61 -1 -1 -1 -1000 -1000 -1000 -10 0.9999 
Car -1 -1 -10 359.51 178.24 404.67 199.34 -1 -1 -1 -1000 -1000 -1000 -10 0.0101 
Car -1 -1 -10 871.73 327.23 934.82 355.86 -1 -1 -1 -1000 -1000 -1000 -10 0.0079 
Car -1 -1 -10 1011.80 311.45 1056.69 339.88 -1 -1 -1 -1000 -1000 -1000 -10 0.0077 
Car -1 -1 -10 952.02 328.37 1019.79 354.19 -1 -1 -1 -1000 -1000 -1000 -10 0.0066 
Car -1 -1 -10 749.33 257.57 804.67 290.63 -1 -1 -1 -1000 -1000 -1000 -10 0.0056 
Car -1 -1 -10 753.45 267.47 811.16 297.99 -1 -1 -1 -1000 -1000 -1000 -10 0.0055 
Car -1 -1 -10 722.36 252.87 778.06 282.50 -1 -1 -1 -1000 -1000 -1000 -10 0.0044 
Car -1 -1 -10 784.24 268.44 839.77 298.82 -1 -1 -1 -1000 -1000 -1000 -10 0.0042 
Car -1 -1 -10 806.47 276.35 858.72 305.89 -1 -1 -1 -1000 -1000 -1000 -10 0.0040 
Car -1 -1 -10 909.98 310.32 979.46 344.52 -1 -1 -1 -1000 -1000 -1000 -10 0.0034 
Car -1 -1 -10 796.38 300.78 859.36 331.65 -1 -1 -1 -1000 -1000 -1000 -10 0.0033 
Car -1 -1 -10 838.95 328.29 900.91 353.68 -1 -1 -1 -1000 -1000 -1000 -10 0.0032 
Car -1 -1 -10 887.22 309.97 937.21 340.29 -1 -1 -1 -1000 -1000 -1000 -10 0.0032 
Car -1 -1 -10 785.52 295.59 845.27 324.58 -1 -1 -1 -1000 -1000 -1000 -10 0.0029 
Car -1 -1 -10 47.51 149.95 124.45 180.18 -1 -1 -1 -1000 -1000 -1000 -10 0.0027 
Car -1 -1 -10 901.74 319.31 983.50 355.26 -1 -1 -1 -1000 -1000 -1000 -10 0.0025 
Car -1 -1 -10 917.16 303.28 970.50 331.90 -1 -1 -1 -1000 -1000 -1000 -10 0.0024 
Car -1 -1 -10 947.28 317.04 999.49 343.34 -1 -1 -1 -1000 -1000 -1000 -10 0.0023 
Car -1 -1 -10 822.26 291.03 879.97 323.04 -1 -1 -1 -1000 -1000 -1000 -10 0.0023 
Car -1 -1 -10 955.57 310.26 1025.62 343.76 -1 -1 -1 -1000 -1000 -1000 -10 0.0017 
Car -1 -1 -10 787.03 309.43 851.33 337.31 -1 -1 -1 -1000 -1000 -1000 -10 0.0016 
Car -1 -1 -10 822.42 309.46 882.17 345.26 -1 -1 -1 -1000 -1000 -1000 -10 0.0016 
Car -1 -1 -10 701.72 242.10 763.29 271.79 -1 -1 -1 -1000 -1000 -1000 -10 0.0015 
Car -1 -1 -10 7.50 109.23 74.61 135.29 -1 -1 -1 -1000 -1000 -1000 -10 0.0014 
Car -1 -1 -10 816.52 279.60 891.20 317.88 -1 -1 -1 -1000 -1000 -1000 -10 0.0014 
Car -1 -1 -10 40.56 121.91 95.25 156.38 -1 -1 -1 -1000 -1000 -1000 -10 0.0012 
Car -1 -1 -10 993.75 306.60 1048.99 330.50 -1 -1 -1 -1000 -1000 -1000 -10 0.0011 
Car -1 -1 -10 767.75 258.18 849.47 298.10 -1 -1 -1 -1000 -1000 -1000 -10 0.0011 
Car -1 -1 -10 797.24 322.93 864.25 347.20 -1 -1 -1 -1000 -1000 -1000 -10 0.0009 
Car -1 -1 -10 974.66 305.63 1032.20 332.15 -1 -1 -1 -1000 -1000 -1000 -10 0.0008 
Car -1 -1 -10 867.31 303.27 931.64 342.95 -1 -1 -1 -1000 -1000 -1000 -10 0.0008 
Car -1 -1 -10 901.75 336.03 988.73 361.13 -1 -1 -1 -1000 -1000 -1000 -10 0.0007 
Car -1 -1 -10 785.13 248.46 864.93 293.79 -1 -1 -1 -1000 -1000 -1000 -10 0.0005 
Car -1 -1 -10 802.47 266.06 885.33 306.17 -1 -1 -1 -1000 -1000 -1000 -10 0.0005 
Car -1 -1 -10 786.69 275.87 848.27 319.17 -1 -1 -1 -1000 -1000 -1000 -10 0.0005 
Car -1 -1 -10 891.13 298.22 964.98 334.58 -1 -1 -1 -1000 -1000 -1000 -10 0.0004 
Car -1 -1 -10 25.11 120.51 105.69 168.31 -1 -1 -1 -1000 -1000 -1000 -10 0.0004 
Car -1 -1 -10 18.20 104.73 95.29 140.60 -1 -1 -1 -1000 -1000 -1000 -10 0.0002 
Car -1 -1 -10 945.04 287.55 1023.63 329.61 -1 -1 -1 -1000 -1000 -1000 -10 0.0002 
Car -1 -1 -10 346.40 180.08 426.70 213.45 -1 -1 -1 -1000 -1000 -1000 -10 0.0000 
Car -1 -1 -10 793.26 173.43 819.44 188.59 -1 -1 -1 -1000 -1000 -1000 -10 0.0000 
Car -1 -1 -10 788.52 179.28 824.63 198.26 -1 -1 -1 -1000 -1000 -1000 -10 0.0000 
