Car -1 -1 -10 114.80 194.50 245.26 250.49 -1 -1 -1 -1000 -1000 -1000 -10 0.9996 
Car -1 -1 -10 637.15 149.46 703.40 217.18 -1 -1 -1 -1000 -1000 -1000 -10 0.1400 
Car -1 -1 -10 171.59 194.06 242.97 240.13 -1 -1 -1 -1000 -1000 -1000 -10 0.0062 
Car -1 -1 -10 709.98 83.40 761.64 108.11 -1 -1 -1 -1000 -1000 -1000 -10 0.0043 
Car -1 -1 -10 994.54 67.64 1050.88 98.74 -1 -1 -1 -1000 -1000 -1000 -10 0.0027 
Car -1 -1 -10 1163.00 210.59 1235.93 255.91 -1 -1 -1 -1000 -1000 -1000 -10 0.0026 
Car -1 -1 -10 637.47 169.50 682.93 215.34 -1 -1 -1 -1000 -1000 -1000 -10 0.0019 
Car -1 -1 -10 886.59 83.06 943.23 113.24 -1 -1 -1 -1000 -1000 -1000 -10 0.0014 
Car -1 -1 -10 923.16 27.23 988.49 57.44 -1 -1 -1 -1000 -1000 -1000 -10 0.0014 
Car -1 -1 -10 989.70 50.54 1061.34 94.52 -1 -1 -1 -1000 -1000 -1000 -10 0.0013 
Car -1 -1 -10 1014.50 23.53 1078.28 58.21 -1 -1 -1 -1000 -1000 -1000 -10 0.0010 
Car -1 -1 -10 903.08 58.02 975.13 92.08 -1 -1 -1 -1000 -1000 -1000 -10 0.0010 
Car -1 -1 -10 882.99 89.94 938.78 125.19 -1 -1 -1 -1000 -1000 -1000 -10 0.0009 
Car -1 -1 -10 889.81 62.82 961.44 104.47 -1 -1 -1 -1000 -1000 -1000 -10 0.0008 
Car -1 -1 -10 1026.60 26.06 1106.07 64.01 -1 -1 -1 -1000 -1000 -1000 -10 0.0006 
Car -1 -1 -10 1146.40 181.28 1209.24 210.72 -1 -1 -1 -1000 -1000 -1000 -10 0.0006 
Car -1 -1 -10 1168.60 180.20 1233.61 208.39 -1 -1 -1 -1000 -1000 -1000 -10 0.0005 
Car -1 -1 -10 894.96 45.80 980.09 83.85 -1 -1 -1 -1000 -1000 -1000 -10 0.0004 
Car -1 -1 -10 1194.70 173.56 1242.96 197.25 -1 -1 -1 -1000 -1000 -1000 -10 0.0004 
Car -1 -1 -10 965.87 192.13 1047.63 227.07 -1 -1 -1 -1000 -1000 -1000 -10 0.0002 
Car -1 -1 -10 1121.50 153.95 1203.27 193.49 -1 -1 -1 -1000 -1000 -1000 -10 0.0001 
Car -1 -1 -10 1143.30 163.53 1209.75 196.55 -1 -1 -1 -1000 -1000 -1000 -10 0.0001 
Car -1 -1 -10 720.76 34.74 805.70 61.24 -1 -1 -1 -1000 -1000 -1000 -10 0.0000 
Car -1 -1 -10 920.74 162.84 1015.83 181.97 -1 -1 -1 -1000 -1000 -1000 -10 0.0000 
