Car -1 -1 -10 559.70 173.67 630.11 236.90 -1 -1 -1 -1000 -1000 -1000 -10 0.9997 
Car -1 -1 -10 501.90 180.46 546.12 218.49 -1 -1 -1 -1000 -1000 -1000 -10 0.9706 
Car -1 -1 -10 0.00 194.22 93.52 282.86 -1 -1 -1 -1000 -1000 -1000 -10 0.2825 
Car -1 -1 -10 82.29 140.61 216.36 221.08 -1 -1 -1 -1000 -1000 -1000 -10 0.1104 
Car -1 -1 -10 30.58 63.78 255.58 157.05 -1 -1 -1 -1000 -1000 -1000 -10 0.0143 
Car -1 -1 -10 761.63 167.04 827.16 210.54 -1 -1 -1 -1000 -1000 -1000 -10 0.0073 
Car -1 -1 -10 13.32 26.31 503.68 354.63 -1 -1 -1 -1000 -1000 -1000 -10 0.0061 
Car -1 -1 -10 710.89 132.26 764.92 162.62 -1 -1 -1 -1000 -1000 -1000 -10 0.0059 
Car -1 -1 -10 957.79 143.70 1017.77 179.05 -1 -1 -1 -1000 -1000 -1000 -10 0.0051 
Car -1 -1 -10 0.00 179.83 133.32 319.27 -1 -1 -1 -1000 -1000 -1000 -10 0.0049 
Car -1 -1 -10 744.58 63.10 797.59 87.84 -1 -1 -1 -1000 -1000 -1000 -10 0.0047 
Car -1 -1 -10 753.01 73.20 813.52 110.38 -1 -1 -1 -1000 -1000 -1000 -10 0.0044 
Car -1 -1 -10 737.86 180.79 817.61 216.96 -1 -1 -1 -1000 -1000 -1000 -10 0.0044 
Car -1 -1 -10 37.60 49.41 240.85 238.34 -1 -1 -1 -1000 -1000 -1000 -10 0.0042 
Car -1 -1 -10 715.52 177.66 783.89 217.07 -1 -1 -1 -1000 -1000 -1000 -10 0.0040 
Car -1 -1 -10 699.78 184.12 752.68 214.41 -1 -1 -1 -1000 -1000 -1000 -10 0.0032 
Car -1 -1 -10 865.80 27.44 921.38 63.48 -1 -1 -1 -1000 -1000 -1000 -10 0.0030 
Car -1 -1 -10 840.56 24.75 916.06 54.46 -1 -1 -1 -1000 -1000 -1000 -10 0.0028 
Car -1 -1 -10 769.96 65.55 841.17 113.66 -1 -1 -1 -1000 -1000 -1000 -10 0.0019 
Car -1 -1 -10 1189.40 183.05 1242.02 211.07 -1 -1 -1 -1000 -1000 -1000 -10 0.0018 
Car -1 -1 -10 834.25 77.28 902.29 113.58 -1 -1 -1 -1000 -1000 -1000 -10 0.0016 
Car -1 -1 -10 82.11 232.99 127.94 261.21 -1 -1 -1 -1000 -1000 -1000 -10 0.0015 
Car -1 -1 -10 524.01 179.44 550.51 211.35 -1 -1 -1 -1000 -1000 -1000 -10 0.0015 
Car -1 -1 -10 1002.20 157.21 1080.00 198.35 -1 -1 -1 -1000 -1000 -1000 -10 0.0013 
Car -1 -1 -10 0.00 109.36 74.43 170.22 -1 -1 -1 -1000 -1000 -1000 -10 0.0013 
Car -1 -1 -10 538.39 176.03 560.02 205.58 -1 -1 -1 -1000 -1000 -1000 -10 0.0012 
Car -1 -1 -10 761.04 192.20 826.97 224.15 -1 -1 -1 -1000 -1000 -1000 -10 0.0010 
Car -1 -1 -10 956.93 155.62 1022.01 189.56 -1 -1 -1 -1000 -1000 -1000 -10 0.0009 
Car -1 -1 -10 717.25 95.32 772.05 122.90 -1 -1 -1 -1000 -1000 -1000 -10 0.0008 
Car -1 -1 -10 1039.10 54.11 1101.39 96.07 -1 -1 -1 -1000 -1000 -1000 -10 0.0006 
Car -1 -1 -10 669.47 174.97 732.09 201.55 -1 -1 -1 -1000 -1000 -1000 -10 0.0005 
Car -1 -1 -10 1019.90 100.54 1119.83 160.37 -1 -1 -1 -1000 -1000 -1000 -10 0.0004 
Car -1 -1 -10 1085.40 76.84 1147.98 122.11 -1 -1 -1 -1000 -1000 -1000 -10 0.0004 
Car -1 -1 -10 590.51 176.43 651.78 208.16 -1 -1 -1 -1000 -1000 -1000 -10 0.0003 
Car -1 -1 -10 1034.50 110.39 1101.14 153.68 -1 -1 -1 -1000 -1000 -1000 -10 0.0003 
Car -1 -1 -10 74.33 149.73 436.30 367.29 -1 -1 -1 -1000 -1000 -1000 -10 0.0003 
Car -1 -1 -10 841.34 203.32 909.55 232.73 -1 -1 -1 -1000 -1000 -1000 -10 0.0002 
Car -1 -1 -10 847.56 77.47 931.14 131.97 -1 -1 -1 -1000 -1000 -1000 -10 0.0002 
Car -1 -1 -10 0.00 152.13 248.53 325.48 -1 -1 -1 -1000 -1000 -1000 -10 0.0001 
Car -1 -1 -10 949.76 49.97 1029.99 94.05 -1 -1 -1 -1000 -1000 -1000 -10 0.0001 
Car -1 -1 -10 966.19 89.01 1238.51 216.40 -1 -1 -1 -1000 -1000 -1000 -10 0.0001 
Car -1 -1 -10 958.72 35.65 1043.73 72.90 -1 -1 -1 -1000 -1000 -1000 -10 0.0001 
Car -1 -1 -10 57.26 141.06 158.81 190.82 -1 -1 -1 -1000 -1000 -1000 -10 0.0001 
Car -1 -1 -10 344.00 112.81 410.03 142.97 -1 -1 -1 -1000 -1000 -1000 -10 0.0001 
Car -1 -1 -10 437.86 176.87 527.91 244.10 -1 -1 -1 -1000 -1000 -1000 -10 0.0001 
Car -1 -1 -10 987.23 18.76 1077.71 60.72 -1 -1 -1 -1000 -1000 -1000 -10 0.0000 
Car -1 -1 -10 485.65 189.13 526.98 237.90 -1 -1 -1 -1000 -1000 -1000 -10 0.0000 
Car -1 -1 -10 730.11 306.39 801.13 342.94 -1 -1 -1 -1000 -1000 -1000 -10 0.0000 
Car -1 -1 -10 557.56 171.14 583.79 209.44 -1 -1 -1 -1000 -1000 -1000 -10 0.0000 
Car -1 -1 -10 947.18 24.04 1047.99 88.36 -1 -1 -1 -1000 -1000 -1000 -10 0.0000 
Car -1 -1 -10 1107.20 210.00 1239.57 259.07 -1 -1 -1 -1000 -1000 -1000 -10 0.0000 
Car -1 -1 -10 273.16 253.49 409.78 342.71 -1 -1 -1 -1000 -1000 -1000 -10 0.0000 
Car -1 -1 -10 237.27 118.26 493.90 334.56 -1 -1 -1 -1000 -1000 -1000 -10 0.0000 
Car -1 -1 -10 305.14 204.32 467.69 326.86 -1 -1 -1 -1000 -1000 -1000 -10 0.0000 
Car -1 -1 -10 0.00 252.69 81.45 322.92 -1 -1 -1 -1000 -1000 -1000 -10 0.0000 
Car -1 -1 -10 84.28 83.10 206.89 244.83 -1 -1 -1 -1000 -1000 -1000 -10 0.0000 
Car -1 -1 -10 1098.90 16.56 1200.58 56.97 -1 -1 -1 -1000 -1000 -1000 -10 0.0000 
Car -1 -1 -10 108.16 0.00 213.25 45.52 -1 -1 -1 -1000 -1000 -1000 -10 0.0000 
