Car -1 -1 -10 427.02 179.55 534.69 259.10 -1 -1 -1 -1000 -1000 -1000 -10 1.0000 
Car -1 -1 -10 689.31 186.73 846.58 294.03 -1 -1 -1 -1000 -1000 -1000 -10 1.0000 
Car -1 -1 -10 648.45 175.81 692.81 216.04 -1 -1 -1 -1000 -1000 -1000 -10 0.9993 
Car -1 -1 -10 523.71 180.47 566.75 217.61 -1 -1 -1 -1000 -1000 -1000 -10 0.9985 
Car -1 -1 -10 556.93 179.08 583.38 201.89 -1 -1 -1 -1000 -1000 -1000 -10 0.7156 
Car -1 -1 -10 633.82 172.95 681.92 212.27 -1 -1 -1 -1000 -1000 -1000 -10 0.2043 
Car -1 -1 -10 684.20 178.86 763.77 252.72 -1 -1 -1 -1000 -1000 -1000 -10 0.0186 
Car -1 -1 -10 541.92 180.54 572.02 204.97 -1 -1 -1 -1000 -1000 -1000 -10 0.0091 
Car -1 -1 -10 464.78 115.53 543.20 155.78 -1 -1 -1 -1000 -1000 -1000 -10 0.0064 
Car -1 -1 -10 293.25 204.81 351.57 234.61 -1 -1 -1 -1000 -1000 -1000 -10 0.0061 
Car -1 -1 -10 234.78 218.08 288.82 254.34 -1 -1 -1 -1000 -1000 -1000 -10 0.0036 
Car -1 -1 -10 294.99 0.00 358.92 41.77 -1 -1 -1 -1000 -1000 -1000 -10 0.0029 
Car -1 -1 -10 307.84 106.36 390.06 167.41 -1 -1 -1 -1000 -1000 -1000 -10 0.0014 
Car -1 -1 -10 485.42 180.77 537.72 227.01 -1 -1 -1 -1000 -1000 -1000 -10 0.0011 
Car -1 -1 -10 0.00 212.44 63.31 240.80 -1 -1 -1 -1000 -1000 -1000 -10 0.0009 
Car -1 -1 -10 0.00 289.51 76.28 319.03 -1 -1 -1 -1000 -1000 -1000 -10 0.0003 
Car -1 -1 -10 467.26 181.92 538.17 208.18 -1 -1 -1 -1000 -1000 -1000 -10 0.0003 
Car -1 -1 -10 493.47 179.29 562.09 215.82 -1 -1 -1 -1000 -1000 -1000 -10 0.0003 
Car -1 -1 -10 280.21 0.00 387.70 66.58 -1 -1 -1 -1000 -1000 -1000 -10 0.0002 
Car -1 -1 -10 207.18 230.70 279.13 266.40 -1 -1 -1 -1000 -1000 -1000 -10 0.0002 
Car -1 -1 -10 323.10 171.30 387.04 203.69 -1 -1 -1 -1000 -1000 -1000 -10 0.0001 
Car -1 -1 -10 332.27 184.44 393.27 210.88 -1 -1 -1 -1000 -1000 -1000 -10 0.0001 
Car -1 -1 -10 688.56 180.32 769.15 206.31 -1 -1 -1 -1000 -1000 -1000 -10 0.0000 
Car -1 -1 -10 432.63 189.68 480.30 233.31 -1 -1 -1 -1000 -1000 -1000 -10 0.0000 
Car -1 -1 -10 116.92 228.87 173.85 262.73 -1 -1 -1 -1000 -1000 -1000 -10 0.0000 
Car -1 -1 -10 268.30 8.66 447.94 76.77 -1 -1 -1 -1000 -1000 -1000 -10 0.0000 
