Car -1 -1 -10 197.28 189.41 282.40 226.73 -1 -1 -1 -1000 -1000 -1000 -10 0.9981 
Car -1 -1 -10 585.29 174.42 610.72 196.58 -1 -1 -1 -1000 -1000 -1000 -10 0.9589 
Car -1 -1 -10 256.00 177.37 321.98 215.33 -1 -1 -1 -1000 -1000 -1000 -10 0.6869 
Car -1 -1 -10 613.70 163.63 648.20 192.70 -1 -1 -1 -1000 -1000 -1000 -10 0.0192 
Car -1 -1 -10 152.86 193.47 215.23 229.84 -1 -1 -1 -1000 -1000 -1000 -10 0.0162 
Car -1 -1 -10 150.10 164.85 232.83 229.32 -1 -1 -1 -1000 -1000 -1000 -10 0.0107 
Car -1 -1 -10 276.38 297.24 346.92 333.98 -1 -1 -1 -1000 -1000 -1000 -10 0.0027 
Car -1 -1 -10 90.75 143.30 150.20 175.31 -1 -1 -1 -1000 -1000 -1000 -10 0.0020 
Car -1 -1 -10 1185.20 213.96 1215.06 237.18 -1 -1 -1 -1000 -1000 -1000 -10 0.0015 
Car -1 -1 -10 282.73 307.16 360.84 342.48 -1 -1 -1 -1000 -1000 -1000 -10 0.0014 
Car -1 -1 -10 340.25 275.77 417.84 310.88 -1 -1 -1 -1000 -1000 -1000 -10 0.0014 
Car -1 -1 -10 213.52 316.42 279.91 350.02 -1 -1 -1 -1000 -1000 -1000 -10 0.0012 
Car -1 -1 -10 302.18 291.86 378.50 327.88 -1 -1 -1 -1000 -1000 -1000 -10 0.0011 
Car -1 -1 -10 1009.60 200.63 1078.95 218.29 -1 -1 -1 -1000 -1000 -1000 -10 0.0007 
Car -1 -1 -10 179.84 320.51 257.72 357.55 -1 -1 -1 -1000 -1000 -1000 -10 0.0004 
Car -1 -1 -10 223.96 316.19 323.79 358.61 -1 -1 -1 -1000 -1000 -1000 -10 0.0003 
Car -1 -1 -10 91.25 110.41 195.09 156.40 -1 -1 -1 -1000 -1000 -1000 -10 0.0002 
Car -1 -1 -10 262.42 319.67 341.59 358.84 -1 -1 -1 -1000 -1000 -1000 -10 0.0002 
Car -1 -1 -10 538.97 160.00 566.48 190.03 -1 -1 -1 -1000 -1000 -1000 -10 0.0002 
Car -1 -1 -10 193.07 193.62 227.28 227.15 -1 -1 -1 -1000 -1000 -1000 -10 0.0000 
Car -1 -1 -10 203.62 330.15 353.85 363.05 -1 -1 -1 -1000 -1000 -1000 -10 0.0000 
Car -1 -1 -10 275.60 311.58 378.88 360.27 -1 -1 -1 -1000 -1000 -1000 -10 0.0000 
Car -1 -1 -10 74.27 146.04 166.26 198.35 -1 -1 -1 -1000 -1000 -1000 -10 0.0000 
Car -1 -1 -10 1167.70 228.57 1231.78 256.18 -1 -1 -1 -1000 -1000 -1000 -10 0.0000 
Car -1 -1 -10 146.33 166.98 196.38 212.04 -1 -1 -1 -1000 -1000 -1000 -10 0.0000 
Car -1 -1 -10 1011.10 204.05 1046.73 221.19 -1 -1 -1 -1000 -1000 -1000 -10 0.0000 
Car -1 -1 -10 1152.10 219.80 1217.84 242.97 -1 -1 -1 -1000 -1000 -1000 -10 0.0000 
Car -1 -1 -10 595.73 167.56 616.33 183.92 -1 -1 -1 -1000 -1000 -1000 -10 0.0000 
Car -1 -1 -10 89.21 147.80 187.78 218.29 -1 -1 -1 -1000 -1000 -1000 -10 0.0000 
