Car -1 -1 -10 741.17 55.18 799.04 97.58 -1 -1 -1 -1000 -1000 -1000 -10 0.0588 
Car -1 -1 -10 492.01 144.85 650.97 243.88 -1 -1 -1 -1000 -1000 -1000 -10 0.0298 
Car -1 -1 -10 266.91 157.49 342.52 188.88 -1 -1 -1 -1000 -1000 -1000 -10 0.0268 
Car -1 -1 -10 610.17 138.31 707.09 199.00 -1 -1 -1 -1000 -1000 -1000 -10 0.0206 
Car -1 -1 -10 799.83 171.07 867.83 224.25 -1 -1 -1 -1000 -1000 -1000 -10 0.0160 
Car -1 -1 -10 0.00 98.34 271.68 227.42 -1 -1 -1 -1000 -1000 -1000 -10 0.0135 
Car -1 -1 -10 1177.30 59.32 1225.05 86.60 -1 -1 -1 -1000 -1000 -1000 -10 0.0123 
Car -1 -1 -10 930.08 174.49 1092.19 257.62 -1 -1 -1 -1000 -1000 -1000 -10 0.0102 
Car -1 -1 -10 195.22 221.36 262.01 256.07 -1 -1 -1 -1000 -1000 -1000 -10 0.0064 
Car -1 -1 -10 244.97 159.59 346.84 210.19 -1 -1 -1 -1000 -1000 -1000 -10 0.0031 
Car -1 -1 -10 715.77 143.80 775.31 226.45 -1 -1 -1 -1000 -1000 -1000 -10 0.0028 
Car -1 -1 -10 858.69 180.76 991.48 241.49 -1 -1 -1 -1000 -1000 -1000 -10 0.0021 
Car -1 -1 -10 613.28 134.56 696.73 159.49 -1 -1 -1 -1000 -1000 -1000 -10 0.0014 
Car -1 -1 -10 922.11 181.76 985.02 228.09 -1 -1 -1 -1000 -1000 -1000 -10 0.0010 
Car -1 -1 -10 0.00 87.87 170.40 136.07 -1 -1 -1 -1000 -1000 -1000 -10 0.0009 
Car -1 -1 -10 1010.30 170.48 1093.73 253.25 -1 -1 -1 -1000 -1000 -1000 -10 0.0009 
Car -1 -1 -10 637.89 139.98 713.74 238.70 -1 -1 -1 -1000 -1000 -1000 -10 0.0009 
Car -1 -1 -10 94.58 103.47 253.57 154.44 -1 -1 -1 -1000 -1000 -1000 -10 0.0006 
Car -1 -1 -10 649.14 140.49 791.55 222.75 -1 -1 -1 -1000 -1000 -1000 -10 0.0005 
Car -1 -1 -10 169.39 103.56 247.17 126.82 -1 -1 -1 -1000 -1000 -1000 -10 0.0004 
Car -1 -1 -10 289.78 96.76 383.47 144.79 -1 -1 -1 -1000 -1000 -1000 -10 0.0004 
Car -1 -1 -10 1017.00 166.55 1160.15 262.09 -1 -1 -1 -1000 -1000 -1000 -10 0.0003 
Car -1 -1 -10 349.48 179.55 439.24 240.03 -1 -1 -1 -1000 -1000 -1000 -10 0.0002 
Car -1 -1 -10 712.73 102.74 763.93 133.88 -1 -1 -1 -1000 -1000 -1000 -10 0.0002 
Car -1 -1 -10 912.61 180.90 1064.27 346.40 -1 -1 -1 -1000 -1000 -1000 -10 0.0001 
Car -1 -1 -10 995.15 121.50 1059.21 139.47 -1 -1 -1 -1000 -1000 -1000 -10 0.0001 
Car -1 -1 -10 1154.40 56.54 1214.66 81.48 -1 -1 -1 -1000 -1000 -1000 -10 0.0001 
Car -1 -1 -10 554.79 144.98 671.62 197.99 -1 -1 -1 -1000 -1000 -1000 -10 0.0001 
Car -1 -1 -10 893.09 183.26 967.38 228.56 -1 -1 -1 -1000 -1000 -1000 -10 0.0001 
Car -1 -1 -10 932.79 131.31 1010.81 237.56 -1 -1 -1 -1000 -1000 -1000 -10 0.0001 
Car -1 -1 -10 491.50 149.03 560.32 198.64 -1 -1 -1 -1000 -1000 -1000 -10 0.0001 
Car -1 -1 -10 570.19 66.73 630.57 100.92 -1 -1 -1 -1000 -1000 -1000 -10 0.0001 
Car -1 -1 -10 509.75 180.15 592.06 212.70 -1 -1 -1 -1000 -1000 -1000 -10 0.0001 
Car -1 -1 -10 750.76 140.43 858.44 226.24 -1 -1 -1 -1000 -1000 -1000 -10 0.0000 
Car -1 -1 -10 619.25 129.56 681.96 151.36 -1 -1 -1 -1000 -1000 -1000 -10 0.0000 
Car -1 -1 -10 239.94 159.75 306.49 200.53 -1 -1 -1 -1000 -1000 -1000 -10 0.0000 
Car -1 -1 -10 1010.10 123.64 1066.24 147.38 -1 -1 -1 -1000 -1000 -1000 -10 0.0000 
Car -1 -1 -10 1134.90 65.11 1225.00 104.21 -1 -1 -1 -1000 -1000 -1000 -10 0.0000 
Car -1 -1 -10 324.11 193.52 426.90 262.85 -1 -1 -1 -1000 -1000 -1000 -10 0.0000 
Car -1 -1 -10 138.31 102.56 276.88 139.41 -1 -1 -1 -1000 -1000 -1000 -10 0.0000 
Car -1 -1 -10 494.33 175.05 563.06 235.53 -1 -1 -1 -1000 -1000 -1000 -10 0.0000 
Car -1 -1 -10 448.86 166.42 500.56 184.01 -1 -1 -1 -1000 -1000 -1000 -10 0.0000 
Car -1 -1 -10 1156.60 221.85 1224.99 312.74 -1 -1 -1 -1000 -1000 -1000 -10 0.0000 
Car -1 -1 -10 1008.90 153.87 1089.67 214.81 -1 -1 -1 -1000 -1000 -1000 -10 0.0000 
Car -1 -1 -10 1099.90 159.01 1202.84 208.82 -1 -1 -1 -1000 -1000 -1000 -10 0.0000 
Car -1 -1 -10 621.66 113.82 677.75 156.45 -1 -1 -1 -1000 -1000 -1000 -10 0.0000 
Car -1 -1 -10 950.60 192.49 1055.48 251.89 -1 -1 -1 -1000 -1000 -1000 -10 0.0000 
Car -1 -1 -10 280.81 125.83 349.67 183.51 -1 -1 -1 -1000 -1000 -1000 -10 0.0000 
