Car -1 -1 -10 400.26 181.96 488.10 250.24 -1 -1 -1 -1000 -1000 -1000 -10 1.0000 
Car -1 -1 -10 141.43 181.13 221.42 214.51 -1 -1 -1 -1000 -1000 -1000 -10 1.0000 
Car -1 -1 -10 578.80 177.14 628.47 226.04 -1 -1 -1 -1000 -1000 -1000 -10 1.0000 
Car -1 -1 -10 519.00 179.62 557.85 207.96 -1 -1 -1 -1000 -1000 -1000 -10 1.0000 
Car -1 -1 -10 29.12 176.88 143.47 224.24 -1 -1 -1 -1000 -1000 -1000 -10 0.9996 
Car -1 -1 -10 217.25 182.48 282.08 212.24 -1 -1 -1 -1000 -1000 -1000 -10 0.9995 
Car -1 -1 -10 37.70 75.77 144.25 140.40 -1 -1 -1 -1000 -1000 -1000 -10 0.0543 
Car -1 -1 -10 86.54 175.46 143.12 220.00 -1 -1 -1 -1000 -1000 -1000 -10 0.0294 
Car -1 -1 -10 668.51 219.84 723.69 253.09 -1 -1 -1 -1000 -1000 -1000 -10 0.0074 
Car -1 -1 -10 782.57 57.79 859.15 124.63 -1 -1 -1 -1000 -1000 -1000 -10 0.0054 
Car -1 -1 -10 689.30 235.40 740.34 263.63 -1 -1 -1 -1000 -1000 -1000 -10 0.0046 
Car -1 -1 -10 554.82 176.58 574.31 195.39 -1 -1 -1 -1000 -1000 -1000 -10 0.0035 
Car -1 -1 -10 1035.30 215.04 1110.41 234.45 -1 -1 -1 -1000 -1000 -1000 -10 0.0024 
Car -1 -1 -10 1053.40 46.24 1107.55 82.54 -1 -1 -1 -1000 -1000 -1000 -10 0.0014 
Car -1 -1 -10 1080.80 138.19 1148.09 172.35 -1 -1 -1 -1000 -1000 -1000 -10 0.0014 
Car -1 -1 -10 1056.60 41.06 1104.36 69.12 -1 -1 -1 -1000 -1000 -1000 -10 0.0014 
Car -1 -1 -10 1064.70 60.73 1117.15 98.40 -1 -1 -1 -1000 -1000 -1000 -10 0.0010 
Car -1 -1 -10 284.41 150.36 336.62 172.41 -1 -1 -1 -1000 -1000 -1000 -10 0.0009 
Car -1 -1 -10 785.56 61.92 922.47 118.90 -1 -1 -1 -1000 -1000 -1000 -10 0.0008 
Car -1 -1 -10 1056.70 46.98 1134.17 96.53 -1 -1 -1 -1000 -1000 -1000 -10 0.0006 
Car -1 -1 -10 291.57 123.65 354.60 156.31 -1 -1 -1 -1000 -1000 -1000 -10 0.0006 
Car -1 -1 -10 1068.10 34.27 1121.12 62.45 -1 -1 -1 -1000 -1000 -1000 -10 0.0005 
Car -1 -1 -10 1100.50 191.29 1157.07 224.58 -1 -1 -1 -1000 -1000 -1000 -10 0.0005 
Car -1 -1 -10 442.69 181.67 482.66 223.13 -1 -1 -1 -1000 -1000 -1000 -10 0.0004 
Car -1 -1 -10 1026.40 35.12 1084.21 63.82 -1 -1 -1 -1000 -1000 -1000 -10 0.0004 
Car -1 -1 -10 1023.10 41.69 1099.76 70.56 -1 -1 -1 -1000 -1000 -1000 -10 0.0003 
Car -1 -1 -10 297.70 144.02 358.01 166.57 -1 -1 -1 -1000 -1000 -1000 -10 0.0003 
Car -1 -1 -10 136.37 177.09 178.40 213.38 -1 -1 -1 -1000 -1000 -1000 -10 0.0002 
Car -1 -1 -10 1098.30 125.10 1136.15 168.71 -1 -1 -1 -1000 -1000 -1000 -10 0.0002 
Car -1 -1 -10 882.54 173.09 934.19 221.81 -1 -1 -1 -1000 -1000 -1000 -10 0.0002 
Car -1 -1 -10 738.02 69.70 799.41 96.59 -1 -1 -1 -1000 -1000 -1000 -10 0.0001 
Car -1 -1 -10 31.13 188.04 94.73 222.59 -1 -1 -1 -1000 -1000 -1000 -10 0.0001 
Car -1 -1 -10 1124.40 49.37 1208.04 94.63 -1 -1 -1 -1000 -1000 -1000 -10 0.0001 
Car -1 -1 -10 1163.80 163.40 1225.64 224.51 -1 -1 -1 -1000 -1000 -1000 -10 0.0001 
Car -1 -1 -10 121.38 137.35 184.80 165.41 -1 -1 -1 -1000 -1000 -1000 -10 0.0001 
Car -1 -1 -10 1050.30 34.21 1119.03 75.97 -1 -1 -1 -1000 -1000 -1000 -10 0.0001 
Car -1 -1 -10 537.90 179.05 556.84 205.87 -1 -1 -1 -1000 -1000 -1000 -10 0.0000 
Car -1 -1 -10 1170.10 23.32 1231.96 57.54 -1 -1 -1 -1000 -1000 -1000 -10 0.0000 
Car -1 -1 -10 35.44 43.59 130.67 129.38 -1 -1 -1 -1000 -1000 -1000 -10 0.0000 
Car -1 -1 -10 194.21 114.55 265.31 153.40 -1 -1 -1 -1000 -1000 -1000 -10 0.0000 
Car -1 -1 -10 577.85 178.87 602.92 211.86 -1 -1 -1 -1000 -1000 -1000 -10 0.0000 
Car -1 -1 -10 677.66 173.59 744.15 197.58 -1 -1 -1 -1000 -1000 -1000 -10 0.0000 
Car -1 -1 -10 1077.10 171.16 1121.81 198.59 -1 -1 -1 -1000 -1000 -1000 -10 0.0000 
