Car -1 -1 -10 310.60 83.67 362.83 113.48 -1 -1 -1 -1000 -1000 -1000 -10 0.1262 
Car -1 -1 -10 170.65 96.75 274.45 148.52 -1 -1 -1 -1000 -1000 -1000 -10 0.1114 
Car -1 -1 -10 319.15 81.02 357.28 102.45 -1 -1 -1 -1000 -1000 -1000 -10 0.0576 
Car -1 -1 -10 282.78 82.63 373.58 128.03 -1 -1 -1 -1000 -1000 -1000 -10 0.0434 
Car -1 -1 -10 198.00 99.45 261.86 134.21 -1 -1 -1 -1000 -1000 -1000 -10 0.0413 
Car -1 -1 -10 426.65 199.32 471.61 237.17 -1 -1 -1 -1000 -1000 -1000 -10 0.0368 
Car -1 -1 -10 361.96 212.40 401.06 248.87 -1 -1 -1 -1000 -1000 -1000 -10 0.0322 
Car -1 -1 -10 350.58 96.58 410.25 131.89 -1 -1 -1 -1000 -1000 -1000 -10 0.0319 
Car -1 -1 -10 1105.50 24.93 1194.38 69.83 -1 -1 -1 -1000 -1000 -1000 -10 0.0048 
Car -1 -1 -10 143.20 108.63 210.09 146.58 -1 -1 -1 -1000 -1000 -1000 -10 0.0047 
Car -1 -1 -10 411.17 183.84 479.11 236.36 -1 -1 -1 -1000 -1000 -1000 -10 0.0045 
Car -1 -1 -10 999.94 78.30 1061.22 111.01 -1 -1 -1 -1000 -1000 -1000 -10 0.0045 
Car -1 -1 -10 612.35 191.37 632.12 210.18 -1 -1 -1 -1000 -1000 -1000 -10 0.0040 
Car -1 -1 -10 950.38 89.80 1026.37 126.77 -1 -1 -1 -1000 -1000 -1000 -10 0.0039 
Car -1 -1 -10 155.67 38.48 203.24 72.88 -1 -1 -1 -1000 -1000 -1000 -10 0.0032 
Car -1 -1 -10 359.37 193.86 436.69 246.29 -1 -1 -1 -1000 -1000 -1000 -10 0.0025 
Car -1 -1 -10 1026.10 71.68 1105.93 110.48 -1 -1 -1 -1000 -1000 -1000 -10 0.0024 
Car -1 -1 -10 798.35 251.65 858.38 287.51 -1 -1 -1 -1000 -1000 -1000 -10 0.0020 
Car -1 -1 -10 322.63 163.91 368.37 193.65 -1 -1 -1 -1000 -1000 -1000 -10 0.0015 
Car -1 -1 -10 113.58 51.09 164.65 79.73 -1 -1 -1 -1000 -1000 -1000 -10 0.0015 
Car -1 -1 -10 396.78 177.60 436.47 198.81 -1 -1 -1 -1000 -1000 -1000 -10 0.0014 
Car -1 -1 -10 913.26 181.77 977.47 220.72 -1 -1 -1 -1000 -1000 -1000 -10 0.0013 
Car -1 -1 -10 239.91 102.28 295.92 132.04 -1 -1 -1 -1000 -1000 -1000 -10 0.0012 
Car -1 -1 -10 347.71 96.40 446.19 144.27 -1 -1 -1 -1000 -1000 -1000 -10 0.0012 
Car -1 -1 -10 1147.90 61.88 1218.55 104.76 -1 -1 -1 -1000 -1000 -1000 -10 0.0010 
Car -1 -1 -10 941.60 157.97 1003.66 193.45 -1 -1 -1 -1000 -1000 -1000 -10 0.0008 
Car -1 -1 -10 1127.90 72.39 1198.49 105.23 -1 -1 -1 -1000 -1000 -1000 -10 0.0007 
Car -1 -1 -10 256.32 183.27 317.96 223.01 -1 -1 -1 -1000 -1000 -1000 -10 0.0007 
Car -1 -1 -10 801.17 205.78 872.43 230.63 -1 -1 -1 -1000 -1000 -1000 -10 0.0006 
Car -1 -1 -10 925.02 194.93 993.64 233.00 -1 -1 -1 -1000 -1000 -1000 -10 0.0006 
Car -1 -1 -10 216.80 95.38 270.73 121.48 -1 -1 -1 -1000 -1000 -1000 -10 0.0006 
Car -1 -1 -10 335.69 83.88 393.00 128.60 -1 -1 -1 -1000 -1000 -1000 -10 0.0005 
Car -1 -1 -10 736.16 224.98 821.62 270.88 -1 -1 -1 -1000 -1000 -1000 -10 0.0005 
Car -1 -1 -10 884.93 89.53 1141.58 223.30 -1 -1 -1 -1000 -1000 -1000 -10 0.0004 
Car -1 -1 -10 519.36 147.12 588.03 166.60 -1 -1 -1 -1000 -1000 -1000 -10 0.0004 
Car -1 -1 -10 1142.10 83.09 1221.68 124.54 -1 -1 -1 -1000 -1000 -1000 -10 0.0004 
Car -1 -1 -10 1209.20 133.65 1243.04 159.69 -1 -1 -1 -1000 -1000 -1000 -10 0.0003 
Car -1 -1 -10 339.16 52.63 381.87 77.85 -1 -1 -1 -1000 -1000 -1000 -10 0.0003 
Car -1 -1 -10 707.50 178.02 776.11 204.18 -1 -1 -1 -1000 -1000 -1000 -10 0.0003 
Car -1 -1 -10 1125.80 241.46 1240.06 295.73 -1 -1 -1 -1000 -1000 -1000 -10 0.0003 
Car -1 -1 -10 358.79 90.62 404.88 121.89 -1 -1 -1 -1000 -1000 -1000 -10 0.0003 
Car -1 -1 -10 960.66 96.71 1031.50 148.73 -1 -1 -1 -1000 -1000 -1000 -10 0.0002 
Car -1 -1 -10 132.49 117.99 191.88 152.23 -1 -1 -1 -1000 -1000 -1000 -10 0.0002 
Car -1 -1 -10 711.86 181.76 793.87 230.83 -1 -1 -1 -1000 -1000 -1000 -10 0.0002 
Car -1 -1 -10 287.86 183.11 352.38 218.73 -1 -1 -1 -1000 -1000 -1000 -10 0.0002 
Car -1 -1 -10 720.75 145.70 810.61 180.10 -1 -1 -1 -1000 -1000 -1000 -10 0.0002 
Car -1 -1 -10 620.68 192.28 683.53 215.66 -1 -1 -1 -1000 -1000 -1000 -10 0.0002 
Car -1 -1 -10 1030.20 133.72 1098.05 174.90 -1 -1 -1 -1000 -1000 -1000 -10 0.0002 
Car -1 -1 -10 997.41 183.16 1064.88 224.42 -1 -1 -1 -1000 -1000 -1000 -10 0.0001 
Car -1 -1 -10 131.37 130.33 182.47 155.36 -1 -1 -1 -1000 -1000 -1000 -10 0.0001 
Car -1 -1 -10 1151.60 150.88 1229.49 182.87 -1 -1 -1 -1000 -1000 -1000 -10 0.0001 
Car -1 -1 -10 596.13 200.84 682.62 227.27 -1 -1 -1 -1000 -1000 -1000 -10 0.0001 
Car -1 -1 -10 1028.00 111.67 1097.36 164.54 -1 -1 -1 -1000 -1000 -1000 -10 0.0001 
Car -1 -1 -10 1093.00 47.22 1171.82 87.60 -1 -1 -1 -1000 -1000 -1000 -10 0.0001 
Car -1 -1 -10 80.27 97.27 142.01 120.49 -1 -1 -1 -1000 -1000 -1000 -10 0.0001 
Car -1 -1 -10 492.34 49.84 537.77 77.19 -1 -1 -1 -1000 -1000 -1000 -10 0.0001 
Car -1 -1 -10 60.93 165.76 130.41 189.40 -1 -1 -1 -1000 -1000 -1000 -10 0.0001 
Car -1 -1 -10 785.63 227.63 873.97 278.13 -1 -1 -1 -1000 -1000 -1000 -10 0.0001 
Car -1 -1 -10 111.06 121.29 161.03 148.81 -1 -1 -1 -1000 -1000 -1000 -10 0.0001 
Car -1 -1 -10 813.96 240.26 874.09 281.01 -1 -1 -1 -1000 -1000 -1000 -10 0.0001 
Car -1 -1 -10 137.11 131.99 210.15 162.41 -1 -1 -1 -1000 -1000 -1000 -10 0.0001 
Car -1 -1 -10 59.25 151.67 195.41 191.89 -1 -1 -1 -1000 -1000 -1000 -10 0.0001 
Car -1 -1 -10 648.78 177.97 697.21 207.42 -1 -1 -1 -1000 -1000 -1000 -10 0.0001 
Car -1 -1 -10 1022.60 223.93 1088.61 274.06 -1 -1 -1 -1000 -1000 -1000 -10 0.0001 
Car -1 -1 -10 638.74 189.81 686.23 207.67 -1 -1 -1 -1000 -1000 -1000 -10 0.0000 
Car -1 -1 -10 77.36 162.97 158.20 185.31 -1 -1 -1 -1000 -1000 -1000 -10 0.0000 
Car -1 -1 -10 1136.10 38.54 1210.58 81.68 -1 -1 -1 -1000 -1000 -1000 -10 0.0000 
Car -1 -1 -10 806.11 83.98 900.75 105.95 -1 -1 -1 -1000 -1000 -1000 -10 0.0000 
Car -1 -1 -10 1092.50 306.76 1237.30 356.90 -1 -1 -1 -1000 -1000 -1000 -10 0.0000 
Car -1 -1 -10 63.17 95.02 117.51 119.70 -1 -1 -1 -1000 -1000 -1000 -10 0.0000 
Car -1 -1 -10 65.61 106.56 129.50 129.58 -1 -1 -1 -1000 -1000 -1000 -10 0.0000 
Car -1 -1 -10 1159.30 27.30 1226.92 76.59 -1 -1 -1 -1000 -1000 -1000 -10 0.0000 
Car -1 -1 -10 593.42 209.20 647.89 231.04 -1 -1 -1 -1000 -1000 -1000 -10 0.0000 
Car -1 -1 -10 66.83 87.86 148.89 117.92 -1 -1 -1 -1000 -1000 -1000 -10 0.0000 
Car -1 -1 -10 533.25 149.51 612.84 179.78 -1 -1 -1 -1000 -1000 -1000 -10 0.0000 
Car -1 -1 -10 0.00 156.80 60.29 174.49 -1 -1 -1 -1000 -1000 -1000 -10 0.0000 
Car -1 -1 -10 64.11 160.00 125.80 179.45 -1 -1 -1 -1000 -1000 -1000 -10 0.0000 
Car -1 -1 -10 0.00 149.44 59.40 168.24 -1 -1 -1 -1000 -1000 -1000 -10 0.0000 
Car -1 -1 -10 22.26 147.78 96.95 173.09 -1 -1 -1 -1000 -1000 -1000 -10 0.0000 
