Car -1 -1 -10 318.24 183.67 408.95 223.82 -1 -1 -1 -1000 -1000 -1000 -10 1.0000 
Car -1 -1 -10 438.25 180.09 500.40 222.00 -1 -1 -1 -1000 -1000 -1000 -10 1.0000 
Car -1 -1 -10 248.38 189.50 354.64 241.98 -1 -1 -1 -1000 -1000 -1000 -10 0.9999 
Car -1 -1 -10 660.08 171.14 690.38 197.36 -1 -1 -1 -1000 -1000 -1000 -10 0.9996 
Car -1 -1 -10 103.57 191.80 281.24 274.46 -1 -1 -1 -1000 -1000 -1000 -10 0.9968 
Car -1 -1 -10 0.00 199.84 169.57 327.71 -1 -1 -1 -1000 -1000 -1000 -10 0.7726 
Car -1 -1 -10 1054.20 138.36 1162.27 172.93 -1 -1 -1 -1000 -1000 -1000 -10 0.5431 
Car -1 -1 -10 999.30 143.96 1036.77 172.98 -1 -1 -1 -1000 -1000 -1000 -10 0.3689 
Car -1 -1 -10 999.02 140.54 1095.58 173.56 -1 -1 -1 -1000 -1000 -1000 -10 0.3009 
Car -1 -1 -10 632.41 165.64 658.67 191.62 -1 -1 -1 -1000 -1000 -1000 -10 0.2273 
Car -1 -1 -10 1108.80 128.52 1242.99 191.96 -1 -1 -1 -1000 -1000 -1000 -10 0.1486 
Car -1 -1 -10 1130.10 125.75 1239.72 166.54 -1 -1 -1 -1000 -1000 -1000 -10 0.0699 
Car -1 -1 -10 1037.70 134.26 1230.95 183.39 -1 -1 -1 -1000 -1000 -1000 -10 0.0489 
Car -1 -1 -10 866.57 148.58 938.95 171.54 -1 -1 -1 -1000 -1000 -1000 -10 0.0238 
Car -1 -1 -10 1092.30 38.26 1163.37 77.76 -1 -1 -1 -1000 -1000 -1000 -10 0.0067 
Car -1 -1 -10 883.88 305.72 940.20 332.45 -1 -1 -1 -1000 -1000 -1000 -10 0.0067 
Car -1 -1 -10 1119.80 54.07 1175.48 85.63 -1 -1 -1 -1000 -1000 -1000 -10 0.0065 
Car -1 -1 -10 986.22 284.83 1025.72 312.85 -1 -1 -1 -1000 -1000 -1000 -10 0.0048 
Car -1 -1 -10 679.71 166.64 699.91 189.62 -1 -1 -1 -1000 -1000 -1000 -10 0.0042 
Car -1 -1 -10 1165.90 137.98 1243.01 204.34 -1 -1 -1 -1000 -1000 -1000 -10 0.0028 
Car -1 -1 -10 69.40 191.81 201.34 271.21 -1 -1 -1 -1000 -1000 -1000 -10 0.0023 
Car -1 -1 -10 1060.40 27.84 1159.19 75.53 -1 -1 -1 -1000 -1000 -1000 -10 0.0023 
Car -1 -1 -10 699.99 165.20 731.07 188.94 -1 -1 -1 -1000 -1000 -1000 -10 0.0017 
Car -1 -1 -10 212.89 191.71 279.49 254.99 -1 -1 -1 -1000 -1000 -1000 -10 0.0017 
Car -1 -1 -10 925.51 145.57 961.17 169.79 -1 -1 -1 -1000 -1000 -1000 -10 0.0014 
Car -1 -1 -10 1057.30 29.44 1124.52 66.15 -1 -1 -1 -1000 -1000 -1000 -10 0.0012 
Car -1 -1 -10 1102.60 23.95 1157.88 54.70 -1 -1 -1 -1000 -1000 -1000 -10 0.0012 
Car -1 -1 -10 149.77 192.01 242.20 222.32 -1 -1 -1 -1000 -1000 -1000 -10 0.0012 
Car -1 -1 -10 1075.30 25.12 1141.00 56.34 -1 -1 -1 -1000 -1000 -1000 -10 0.0011 
Car -1 -1 -10 1174.60 60.30 1242.98 97.12 -1 -1 -1 -1000 -1000 -1000 -10 0.0011 
Car -1 -1 -10 902.37 309.80 963.94 347.40 -1 -1 -1 -1000 -1000 -1000 -10 0.0009 
Car -1 -1 -10 1172.80 28.61 1243.04 67.75 -1 -1 -1 -1000 -1000 -1000 -10 0.0008 
Car -1 -1 -10 985.57 41.60 1045.66 77.79 -1 -1 -1 -1000 -1000 -1000 -10 0.0006 
Car -1 -1 -10 1025.90 137.36 1090.48 190.56 -1 -1 -1 -1000 -1000 -1000 -10 0.0006 
Car -1 -1 -10 1160.80 23.12 1225.25 59.54 -1 -1 -1 -1000 -1000 -1000 -10 0.0005 
Car -1 -1 -10 993.47 175.02 1072.65 211.89 -1 -1 -1 -1000 -1000 -1000 -10 0.0005 
Car -1 -1 -10 79.86 192.25 193.92 225.44 -1 -1 -1 -1000 -1000 -1000 -10 0.0004 
Car -1 -1 -10 1087.70 179.73 1170.15 218.38 -1 -1 -1 -1000 -1000 -1000 -10 0.0003 
Car -1 -1 -10 1177.50 173.99 1243.00 211.35 -1 -1 -1 -1000 -1000 -1000 -10 0.0002 
Car -1 -1 -10 1140.40 181.02 1220.68 226.74 -1 -1 -1 -1000 -1000 -1000 -10 0.0001 
Car -1 -1 -10 850.27 151.08 962.29 181.99 -1 -1 -1 -1000 -1000 -1000 -10 0.0001 
Car -1 -1 -10 1020.40 181.63 1107.69 219.28 -1 -1 -1 -1000 -1000 -1000 -10 0.0001 
Car -1 -1 -10 694.52 164.20 707.46 188.39 -1 -1 -1 -1000 -1000 -1000 -10 0.0001 
Car -1 -1 -10 993.08 169.15 1071.34 193.33 -1 -1 -1 -1000 -1000 -1000 -10 0.0001 
Car -1 -1 -10 1089.80 103.25 1158.49 131.91 -1 -1 -1 -1000 -1000 -1000 -10 0.0001 
Car -1 -1 -10 724.79 158.96 758.04 176.19 -1 -1 -1 -1000 -1000 -1000 -10 0.0000 
Car -1 -1 -10 1173.60 193.15 1243.04 231.69 -1 -1 -1 -1000 -1000 -1000 -10 0.0000 
Car -1 -1 -10 701.03 160.95 737.20 179.56 -1 -1 -1 -1000 -1000 -1000 -10 0.0000 
Car -1 -1 -10 983.37 157.92 1052.33 216.47 -1 -1 -1 -1000 -1000 -1000 -10 0.0000 
Car -1 -1 -10 365.12 181.09 412.71 196.29 -1 -1 -1 -1000 -1000 -1000 -10 0.0000 
Car -1 -1 -10 1037.00 168.85 1114.94 212.25 -1 -1 -1 -1000 -1000 -1000 -10 0.0000 
Car -1 -1 -10 1105.70 169.97 1214.60 222.46 -1 -1 -1 -1000 -1000 -1000 -10 0.0000 
Car -1 -1 -10 1051.90 146.20 1144.10 200.42 -1 -1 -1 -1000 -1000 -1000 -10 0.0000 
