Car -1 -1 -10 651.18 172.00 693.27 207.52 -1 -1 -1 -1000 -1000 -1000 -10 0.9979 
Car -1 -1 -10 747.49 182.17 1018.38 353.37 -1 -1 -1 -1000 -1000 -1000 -10 0.9936 
Car -1 -1 -10 682.15 164.88 768.66 245.97 -1 -1 -1 -1000 -1000 -1000 -10 0.7896 
Car -1 -1 -10 625.04 167.54 650.19 187.22 -1 -1 -1 -1000 -1000 -1000 -10 0.7654 
Car -1 -1 -10 311.25 161.48 455.16 237.93 -1 -1 -1 -1000 -1000 -1000 -10 0.7368 
Car -1 -1 -10 411.56 165.72 524.27 213.13 -1 -1 -1 -1000 -1000 -1000 -10 0.4283 
Car -1 -1 -10 513.73 166.27 561.21 191.83 -1 -1 -1 -1000 -1000 -1000 -10 0.1192 
Car -1 -1 -10 167.06 175.60 445.48 241.53 -1 -1 -1 -1000 -1000 -1000 -10 0.0900 
Car -1 -1 -10 27.74 114.61 84.33 142.26 -1 -1 -1 -1000 -1000 -1000 -10 0.0476 
Car -1 -1 -10 451.54 162.55 530.89 200.80 -1 -1 -1 -1000 -1000 -1000 -10 0.0191 
Car -1 -1 -10 1135.00 163.29 1183.11 185.95 -1 -1 -1 -1000 -1000 -1000 -10 0.0139 
Car -1 -1 -10 661.86 165.14 710.41 191.72 -1 -1 -1 -1000 -1000 -1000 -10 0.0121 
Car -1 -1 -10 0.00 170.96 178.16 218.17 -1 -1 -1 -1000 -1000 -1000 -10 0.0082 
Car -1 -1 -10 293.21 180.41 399.67 229.26 -1 -1 -1 -1000 -1000 -1000 -10 0.0049 
Car -1 -1 -10 843.49 211.10 1243.00 334.55 -1 -1 -1 -1000 -1000 -1000 -10 0.0047 
Car -1 -1 -10 642.02 79.93 696.56 109.13 -1 -1 -1 -1000 -1000 -1000 -10 0.0042 
Car -1 -1 -10 630.72 85.22 679.60 120.30 -1 -1 -1 -1000 -1000 -1000 -10 0.0039 
Car -1 -1 -10 745.61 189.30 885.12 321.61 -1 -1 -1 -1000 -1000 -1000 -10 0.0038 
Car -1 -1 -10 687.27 63.01 741.54 97.75 -1 -1 -1 -1000 -1000 -1000 -10 0.0034 
Car -1 -1 -10 1176.40 184.69 1242.98 219.80 -1 -1 -1 -1000 -1000 -1000 -10 0.0031 
Car -1 -1 -10 99.53 222.07 167.39 275.48 -1 -1 -1 -1000 -1000 -1000 -10 0.0030 
Car -1 -1 -10 20.94 115.80 97.30 158.64 -1 -1 -1 -1000 -1000 -1000 -10 0.0028 
Car -1 -1 -10 618.55 97.71 676.22 134.42 -1 -1 -1 -1000 -1000 -1000 -10 0.0025 
Car -1 -1 -10 1071.40 74.13 1165.46 117.95 -1 -1 -1 -1000 -1000 -1000 -10 0.0019 
Car -1 -1 -10 690.75 55.29 739.21 83.93 -1 -1 -1 -1000 -1000 -1000 -10 0.0018 
Car -1 -1 -10 655.69 71.23 714.97 101.66 -1 -1 -1 -1000 -1000 -1000 -10 0.0017 
Car -1 -1 -10 73.37 175.94 246.47 217.38 -1 -1 -1 -1000 -1000 -1000 -10 0.0016 
Car -1 -1 -10 706.12 42.01 762.25 76.12 -1 -1 -1 -1000 -1000 -1000 -10 0.0015 
Car -1 -1 -10 799.66 73.43 854.22 99.60 -1 -1 -1 -1000 -1000 -1000 -10 0.0012 
Car -1 -1 -10 1098.80 277.66 1236.87 336.31 -1 -1 -1 -1000 -1000 -1000 -10 0.0010 
Car -1 -1 -10 697.77 44.06 744.37 71.28 -1 -1 -1 -1000 -1000 -1000 -10 0.0008 
Car -1 -1 -10 1207.50 112.49 1242.99 158.24 -1 -1 -1 -1000 -1000 -1000 -10 0.0007 
Car -1 -1 -10 699.48 54.23 756.13 94.13 -1 -1 -1 -1000 -1000 -1000 -10 0.0006 
Car -1 -1 -10 325.70 162.05 446.14 196.52 -1 -1 -1 -1000 -1000 -1000 -10 0.0006 
Car -1 -1 -10 682.04 75.73 736.13 104.21 -1 -1 -1 -1000 -1000 -1000 -10 0.0005 
Car -1 -1 -10 195.51 227.76 281.92 277.61 -1 -1 -1 -1000 -1000 -1000 -10 0.0005 
Car -1 -1 -10 781.20 187.60 867.90 214.07 -1 -1 -1 -1000 -1000 -1000 -10 0.0003 
Car -1 -1 -10 911.93 26.89 981.94 48.56 -1 -1 -1 -1000 -1000 -1000 -10 0.0003 
Car -1 -1 -10 651.35 171.56 676.98 199.43 -1 -1 -1 -1000 -1000 -1000 -10 0.0003 
Car -1 -1 -10 355.05 183.55 457.24 229.83 -1 -1 -1 -1000 -1000 -1000 -10 0.0003 
Car -1 -1 -10 186.24 178.33 324.84 222.95 -1 -1 -1 -1000 -1000 -1000 -10 0.0002 
Car -1 -1 -10 699.36 33.21 786.27 78.42 -1 -1 -1 -1000 -1000 -1000 -10 0.0002 
Car -1 -1 -10 686.32 181.51 850.52 248.37 -1 -1 -1 -1000 -1000 -1000 -10 0.0002 
Car -1 -1 -10 252.20 175.43 379.90 214.04 -1 -1 -1 -1000 -1000 -1000 -10 0.0002 
Car -1 -1 -10 8.68 216.39 72.37 258.64 -1 -1 -1 -1000 -1000 -1000 -10 0.0002 
Car -1 -1 -10 644.42 58.88 709.20 93.24 -1 -1 -1 -1000 -1000 -1000 -10 0.0002 
Car -1 -1 -10 756.31 191.25 866.65 248.15 -1 -1 -1 -1000 -1000 -1000 -10 0.0001 
Car -1 -1 -10 1104.50 156.14 1164.79 183.16 -1 -1 -1 -1000 -1000 -1000 -10 0.0001 
Car -1 -1 -10 703.85 68.47 764.97 108.33 -1 -1 -1 -1000 -1000 -1000 -10 0.0001 
Car -1 -1 -10 1202.40 67.45 1243.03 91.58 -1 -1 -1 -1000 -1000 -1000 -10 0.0001 
Car -1 -1 -10 709.21 32.19 770.01 63.80 -1 -1 -1 -1000 -1000 -1000 -10 0.0001 
Car -1 -1 -10 686.25 167.74 752.82 205.52 -1 -1 -1 -1000 -1000 -1000 -10 0.0001 
Car -1 -1 -10 1149.80 115.90 1201.94 136.54 -1 -1 -1 -1000 -1000 -1000 -10 0.0001 
Car -1 -1 -10 126.47 175.91 220.42 211.32 -1 -1 -1 -1000 -1000 -1000 -10 0.0001 
Car -1 -1 -10 1065.00 144.40 1165.04 185.60 -1 -1 -1 -1000 -1000 -1000 -10 0.0001 
Car -1 -1 -10 1131.80 133.00 1230.57 161.74 -1 -1 -1 -1000 -1000 -1000 -10 0.0001 
Car -1 -1 -10 1194.10 52.18 1242.96 84.30 -1 -1 -1 -1000 -1000 -1000 -10 0.0001 
Car -1 -1 -10 913.86 154.70 968.66 172.73 -1 -1 -1 -1000 -1000 -1000 -10 0.0001 
Car -1 -1 -10 1140.00 134.99 1207.43 184.36 -1 -1 -1 -1000 -1000 -1000 -10 0.0001 
Car -1 -1 -10 931.63 196.54 984.82 219.51 -1 -1 -1 -1000 -1000 -1000 -10 0.0000 
Car -1 -1 -10 1107.50 121.99 1194.62 144.88 -1 -1 -1 -1000 -1000 -1000 -10 0.0000 
Car -1 -1 -10 800.78 208.25 1001.18 283.25 -1 -1 -1 -1000 -1000 -1000 -10 0.0000 
Car -1 -1 -10 980.64 213.69 1090.78 236.59 -1 -1 -1 -1000 -1000 -1000 -10 0.0000 
Car -1 -1 -10 693.29 254.81 750.46 285.86 -1 -1 -1 -1000 -1000 -1000 -10 0.0000 
Car -1 -1 -10 847.54 194.75 995.73 325.90 -1 -1 -1 -1000 -1000 -1000 -10 0.0000 
Car -1 -1 -10 746.01 213.77 832.85 261.63 -1 -1 -1 -1000 -1000 -1000 -10 0.0000 
Car -1 -1 -10 946.40 216.58 1141.25 252.19 -1 -1 -1 -1000 -1000 -1000 -10 0.0000 
Car -1 -1 -10 725.88 221.75 775.36 245.23 -1 -1 -1 -1000 -1000 -1000 -10 0.0000 
Car -1 -1 -10 1180.00 66.72 1242.95 99.38 -1 -1 -1 -1000 -1000 -1000 -10 0.0000 
Car -1 -1 -10 757.90 199.29 817.15 249.77 -1 -1 -1 -1000 -1000 -1000 -10 0.0000 
Car -1 -1 -10 903.24 209.35 1096.08 268.98 -1 -1 -1 -1000 -1000 -1000 -10 0.0000 
Car -1 -1 -10 1039.90 214.76 1236.74 324.16 -1 -1 -1 -1000 -1000 -1000 -10 0.0000 
Car -1 -1 -10 0.00 247.75 64.33 311.81 -1 -1 -1 -1000 -1000 -1000 -10 0.0000 
