Car -1 -1 -10 579.67 174.70 643.69 231.64 -1 -1 -1 -1000 -1000 -1000 -10 0.9999 
Car -1 -1 -10 457.21 181.83 546.67 235.96 -1 -1 -1 -1000 -1000 -1000 -10 0.0207 
Car -1 -1 -10 650.70 218.55 716.78 250.62 -1 -1 -1 -1000 -1000 -1000 -10 0.0200 
Car -1 -1 -10 29.96 154.63 76.25 188.42 -1 -1 -1 -1000 -1000 -1000 -10 0.0120 
Car -1 -1 -10 398.70 107.87 549.51 238.95 -1 -1 -1 -1000 -1000 -1000 -10 0.0044 
Car -1 -1 -10 46.89 141.53 111.53 186.49 -1 -1 -1 -1000 -1000 -1000 -10 0.0027 
Car -1 -1 -10 89.76 150.65 137.51 179.88 -1 -1 -1 -1000 -1000 -1000 -10 0.0015 
Car -1 -1 -10 478.19 175.25 552.44 219.18 -1 -1 -1 -1000 -1000 -1000 -10 0.0015 
Car -1 -1 -10 787.71 184.67 826.41 205.75 -1 -1 -1 -1000 -1000 -1000 -10 0.0006 
Car -1 -1 -10 516.91 165.08 556.63 209.43 -1 -1 -1 -1000 -1000 -1000 -10 0.0004 
Car -1 -1 -10 659.24 179.01 711.39 213.46 -1 -1 -1 -1000 -1000 -1000 -10 0.0002 
Car -1 -1 -10 432.67 73.95 482.85 105.77 -1 -1 -1 -1000 -1000 -1000 -10 0.0002 
Car -1 -1 -10 805.42 242.51 852.27 277.20 -1 -1 -1 -1000 -1000 -1000 -10 0.0002 
Car -1 -1 -10 101.55 196.72 200.78 241.01 -1 -1 -1 -1000 -1000 -1000 -10 0.0002 
Car -1 -1 -10 447.43 69.45 498.96 113.06 -1 -1 -1 -1000 -1000 -1000 -10 0.0002 
Car -1 -1 -10 536.95 160.82 602.15 191.64 -1 -1 -1 -1000 -1000 -1000 -10 0.0001 
Car -1 -1 -10 502.48 145.64 554.69 212.66 -1 -1 -1 -1000 -1000 -1000 -10 0.0001 
Car -1 -1 -10 472.63 131.29 549.91 226.44 -1 -1 -1 -1000 -1000 -1000 -10 0.0001 
Car -1 -1 -10 570.38 63.79 602.18 88.41 -1 -1 -1 -1000 -1000 -1000 -10 0.0000 
Car -1 -1 -10 571.64 57.76 607.40 80.28 -1 -1 -1 -1000 -1000 -1000 -10 0.0000 
Car -1 -1 -10 440.95 149.36 523.10 235.37 -1 -1 -1 -1000 -1000 -1000 -10 0.0000 
