Car -1 -1 -10 366.67 180.57 457.23 239.80 -1 -1 -1 -1000 -1000 -1000 -10 0.9999 
Car -1 -1 -10 707.28 171.36 826.22 253.19 -1 -1 -1 -1000 -1000 -1000 -10 0.9973 
Car -1 -1 -10 802.01 166.98 1243.00 374.10 -1 -1 -1 -1000 -1000 -1000 -10 0.9935 
Car -1 -1 -10 415.15 177.50 484.09 227.10 -1 -1 -1 -1000 -1000 -1000 -10 0.9772 
Car -1 -1 -10 676.87 172.17 775.55 226.33 -1 -1 -1 -1000 -1000 -1000 -10 0.7755 
Car -1 -1 -10 0.00 206.24 211.64 367.12 -1 -1 -1 -1000 -1000 -1000 -10 0.1768 
Car -1 -1 -10 140.76 187.84 277.72 227.11 -1 -1 -1 -1000 -1000 -1000 -10 0.0822 
Car -1 -1 -10 521.49 165.34 569.32 191.07 -1 -1 -1 -1000 -1000 -1000 -10 0.0197 
Car -1 -1 -10 111.31 178.12 193.53 229.26 -1 -1 -1 -1000 -1000 -1000 -10 0.0077 
Car -1 -1 -10 102.96 181.95 157.91 235.63 -1 -1 -1 -1000 -1000 -1000 -10 0.0075 
Car -1 -1 -10 7.45 121.89 80.95 149.88 -1 -1 -1 -1000 -1000 -1000 -10 0.0070 
Car -1 -1 -10 313.88 208.01 354.99 244.01 -1 -1 -1 -1000 -1000 -1000 -10 0.0031 
Car -1 -1 -10 370.31 177.74 418.58 230.20 -1 -1 -1 -1000 -1000 -1000 -10 0.0022 
Car -1 -1 -10 62.01 150.62 144.92 200.23 -1 -1 -1 -1000 -1000 -1000 -10 0.0016 
Car -1 -1 -10 836.62 162.48 890.63 186.51 -1 -1 -1 -1000 -1000 -1000 -10 0.0014 
Car -1 -1 -10 819.84 189.57 1003.59 330.28 -1 -1 -1 -1000 -1000 -1000 -10 0.0013 
Car -1 -1 -10 848.11 186.71 919.59 226.52 -1 -1 -1 -1000 -1000 -1000 -10 0.0013 
Car -1 -1 -10 561.82 178.94 613.73 194.62 -1 -1 -1 -1000 -1000 -1000 -10 0.0011 
Car -1 -1 -10 571.98 176.02 605.21 191.29 -1 -1 -1 -1000 -1000 -1000 -10 0.0010 
Car -1 -1 -10 597.97 153.50 629.66 186.59 -1 -1 -1 -1000 -1000 -1000 -10 0.0007 
Car -1 -1 -10 845.92 154.29 880.86 176.06 -1 -1 -1 -1000 -1000 -1000 -10 0.0006 
Car -1 -1 -10 633.07 168.65 672.19 185.78 -1 -1 -1 -1000 -1000 -1000 -10 0.0005 
Car -1 -1 -10 160.88 186.70 269.05 207.07 -1 -1 -1 -1000 -1000 -1000 -10 0.0004 
Car -1 -1 -10 66.44 176.03 170.57 273.80 -1 -1 -1 -1000 -1000 -1000 -10 0.0004 
Car -1 -1 -10 591.25 170.12 629.70 188.80 -1 -1 -1 -1000 -1000 -1000 -10 0.0003 
Car -1 -1 -10 1125.50 225.04 1243.00 294.89 -1 -1 -1 -1000 -1000 -1000 -10 0.0003 
Car -1 -1 -10 82.29 152.76 139.82 187.81 -1 -1 -1 -1000 -1000 -1000 -10 0.0002 
Car -1 -1 -10 769.04 175.74 819.35 218.72 -1 -1 -1 -1000 -1000 -1000 -10 0.0002 
Car -1 -1 -10 465.07 180.51 504.09 200.50 -1 -1 -1 -1000 -1000 -1000 -10 0.0002 
Car -1 -1 -10 0.00 96.96 66.78 151.93 -1 -1 -1 -1000 -1000 -1000 -10 0.0002 
Car -1 -1 -10 200.15 188.72 283.09 218.12 -1 -1 -1 -1000 -1000 -1000 -10 0.0002 
Car -1 -1 -10 219.18 185.34 285.45 208.00 -1 -1 -1 -1000 -1000 -1000 -10 0.0001 
Car -1 -1 -10 573.94 178.16 627.12 198.59 -1 -1 -1 -1000 -1000 -1000 -10 0.0001 
Car -1 -1 -10 1068.90 193.91 1146.31 247.65 -1 -1 -1 -1000 -1000 -1000 -10 0.0001 
Car -1 -1 -10 218.72 207.47 265.22 239.30 -1 -1 -1 -1000 -1000 -1000 -10 0.0001 
Car -1 -1 -10 0.00 77.98 92.97 120.24 -1 -1 -1 -1000 -1000 -1000 -10 0.0001 
Car -1 -1 -10 1046.50 222.71 1243.00 314.98 -1 -1 -1 -1000 -1000 -1000 -10 0.0001 
Car -1 -1 -10 39.34 210.97 166.88 246.45 -1 -1 -1 -1000 -1000 -1000 -10 0.0001 
Car -1 -1 -10 856.21 57.34 929.63 88.31 -1 -1 -1 -1000 -1000 -1000 -10 0.0001 
Car -1 -1 -10 78.35 182.52 200.50 332.49 -1 -1 -1 -1000 -1000 -1000 -10 0.0001 
Car -1 -1 -10 565.73 179.78 630.49 211.88 -1 -1 -1 -1000 -1000 -1000 -10 0.0000 
Car -1 -1 -10 0.00 220.88 115.89 262.87 -1 -1 -1 -1000 -1000 -1000 -10 0.0000 
Car -1 -1 -10 690.23 172.96 766.78 200.27 -1 -1 -1 -1000 -1000 -1000 -10 0.0000 
Car -1 -1 -10 956.09 188.41 1138.85 263.45 -1 -1 -1 -1000 -1000 -1000 -10 0.0000 
Car -1 -1 -10 80.21 199.46 160.00 240.12 -1 -1 -1 -1000 -1000 -1000 -10 0.0000 
Car -1 -1 -10 589.35 174.81 668.75 191.54 -1 -1 -1 -1000 -1000 -1000 -10 0.0000 
Car -1 -1 -10 126.54 185.26 220.53 239.84 -1 -1 -1 -1000 -1000 -1000 -10 0.0000 
Car -1 -1 -10 108.69 187.55 240.18 281.89 -1 -1 -1 -1000 -1000 -1000 -10 0.0000 
Car -1 -1 -10 827.12 213.14 960.73 284.51 -1 -1 -1 -1000 -1000 -1000 -10 0.0000 
Car -1 -1 -10 649.25 172.77 684.21 187.54 -1 -1 -1 -1000 -1000 -1000 -10 0.0000 
Car -1 -1 -10 127.35 225.70 200.37 286.15 -1 -1 -1 -1000 -1000 -1000 -10 0.0000 
Car -1 -1 -10 232.40 157.02 286.76 201.42 -1 -1 -1 -1000 -1000 -1000 -10 0.0000 
