Car -1 -1 -10 1135.00 276.36 1225.04 327.11 -1 -1 -1 -1000 -1000 -1000 -10 0.0162 
Car -1 -1 -10 1147.30 223.99 1224.96 253.55 -1 -1 -1 -1000 -1000 -1000 -10 0.0069 
Car -1 -1 -10 1163.90 75.10 1224.99 123.60 -1 -1 -1 -1000 -1000 -1000 -10 0.0034 
Car -1 -1 -10 857.50 122.59 917.70 161.56 -1 -1 -1 -1000 -1000 -1000 -10 0.0017 
Car -1 -1 -10 852.72 118.74 905.39 147.14 -1 -1 -1 -1000 -1000 -1000 -10 0.0015 
Car -1 -1 -10 830.46 209.92 888.32 253.75 -1 -1 -1 -1000 -1000 -1000 -10 0.0013 
Car -1 -1 -10 490.32 37.29 641.43 69.76 -1 -1 -1 -1000 -1000 -1000 -10 0.0006 
Car -1 -1 -10 660.39 210.32 791.94 250.23 -1 -1 -1 -1000 -1000 -1000 -10 0.0002 
Car -1 -1 -10 931.18 144.91 1028.62 178.64 -1 -1 -1 -1000 -1000 -1000 -10 0.0002 
Car -1 -1 -10 981.71 101.52 1075.13 144.39 -1 -1 -1 -1000 -1000 -1000 -10 0.0002 
Car -1 -1 -10 650.35 196.90 690.33 219.31 -1 -1 -1 -1000 -1000 -1000 -10 0.0002 
Car -1 -1 -10 905.52 112.83 981.16 146.39 -1 -1 -1 -1000 -1000 -1000 -10 0.0001 
Car -1 -1 -10 912.76 96.81 974.79 131.21 -1 -1 -1 -1000 -1000 -1000 -10 0.0001 
Car -1 -1 -10 859.16 120.23 947.02 151.60 -1 -1 -1 -1000 -1000 -1000 -10 0.0001 
Car -1 -1 -10 847.26 222.90 933.20 257.12 -1 -1 -1 -1000 -1000 -1000 -10 0.0001 
Car -1 -1 -10 160.90 231.52 218.13 275.86 -1 -1 -1 -1000 -1000 -1000 -10 0.0000 
Car -1 -1 -10 955.44 97.50 1049.06 133.27 -1 -1 -1 -1000 -1000 -1000 -10 0.0000 
Car -1 -1 -10 911.28 109.09 1008.52 134.74 -1 -1 -1 -1000 -1000 -1000 -10 0.0000 
Car -1 -1 -10 932.20 121.17 1021.59 164.14 -1 -1 -1 -1000 -1000 -1000 -10 0.0000 
Car -1 -1 -10 871.60 115.12 924.84 135.65 -1 -1 -1 -1000 -1000 -1000 -10 0.0000 
Car -1 -1 -10 923.01 116.12 1009.03 143.90 -1 -1 -1 -1000 -1000 -1000 -10 0.0000 
Car -1 -1 -10 876.87 101.04 959.02 137.91 -1 -1 -1 -1000 -1000 -1000 -10 0.0000 
Car -1 -1 -10 922.79 104.57 1051.04 146.12 -1 -1 -1 -1000 -1000 -1000 -10 0.0000 
