Car -1 -1 -10 589.94 180.75 619.45 207.57 -1 -1 -1 -1000 -1000 -1000 -10 0.9993 
Car -1 -1 -10 458.86 183.70 488.84 208.59 -1 -1 -1 -1000 -1000 -1000 -10 0.9503 
Car -1 -1 -10 1172.90 30.34 1242.96 61.33 -1 -1 -1 -1000 -1000 -1000 -10 0.0157 
Car -1 -1 -10 102.37 118.23 166.31 154.33 -1 -1 -1 -1000 -1000 -1000 -10 0.0089 
Car -1 -1 -10 128.46 87.21 181.78 116.60 -1 -1 -1 -1000 -1000 -1000 -10 0.0073 
Car -1 -1 -10 97.34 106.65 155.52 143.81 -1 -1 -1 -1000 -1000 -1000 -10 0.0054 
Car -1 -1 -10 105.04 129.20 162.64 165.06 -1 -1 -1 -1000 -1000 -1000 -10 0.0052 
Car -1 -1 -10 1150.00 34.24 1243.03 75.29 -1 -1 -1 -1000 -1000 -1000 -10 0.0049 
Car -1 -1 -10 67.58 103.97 142.23 138.96 -1 -1 -1 -1000 -1000 -1000 -10 0.0044 
Car -1 -1 -10 123.04 125.50 176.42 155.66 -1 -1 -1 -1000 -1000 -1000 -10 0.0040 
Car -1 -1 -10 109.00 82.64 152.46 107.73 -1 -1 -1 -1000 -1000 -1000 -10 0.0029 
Car -1 -1 -10 160.99 109.89 220.78 138.28 -1 -1 -1 -1000 -1000 -1000 -10 0.0017 
Car -1 -1 -10 139.73 131.62 193.87 160.59 -1 -1 -1 -1000 -1000 -1000 -10 0.0012 
Car -1 -1 -10 2.44 78.78 60.42 99.03 -1 -1 -1 -1000 -1000 -1000 -10 0.0008 
Car -1 -1 -10 236.21 160.64 383.13 251.00 -1 -1 -1 -1000 -1000 -1000 -10 0.0007 
Car -1 -1 -10 143.30 89.82 207.85 129.37 -1 -1 -1 -1000 -1000 -1000 -10 0.0007 
Car -1 -1 -10 89.98 306.26 156.69 331.47 -1 -1 -1 -1000 -1000 -1000 -10 0.0007 
Car -1 -1 -10 839.10 180.17 939.59 230.94 -1 -1 -1 -1000 -1000 -1000 -10 0.0001 
Car -1 -1 -10 1094.80 109.55 1222.10 142.83 -1 -1 -1 -1000 -1000 -1000 -10 0.0001 
Car -1 -1 -10 106.03 312.87 160.78 338.69 -1 -1 -1 -1000 -1000 -1000 -10 0.0001 
Car -1 -1 -10 1153.60 109.89 1217.60 144.74 -1 -1 -1 -1000 -1000 -1000 -10 0.0000 
Car -1 -1 -10 108.11 319.81 168.70 348.24 -1 -1 -1 -1000 -1000 -1000 -10 0.0000 
