Car -1 -1 -10 483.32 181.80 545.23 225.96 -1 -1 -1 -1000 -1000 -1000 -10 1.0000 
Car -1 -1 -10 40.97 146.57 81.17 186.45 -1 -1 -1 -1000 -1000 -1000 -10 0.0442 
Car -1 -1 -10 81.70 189.59 123.25 228.17 -1 -1 -1 -1000 -1000 -1000 -10 0.0389 
Car -1 -1 -10 148.77 120.48 200.97 155.09 -1 -1 -1 -1000 -1000 -1000 -10 0.0291 
Car -1 -1 -10 20.22 192.47 73.20 224.81 -1 -1 -1 -1000 -1000 -1000 -10 0.0258 
Car -1 -1 -10 88.17 176.78 129.49 212.95 -1 -1 -1 -1000 -1000 -1000 -10 0.0250 
Car -1 -1 -10 21.49 140.15 73.34 173.37 -1 -1 -1 -1000 -1000 -1000 -10 0.0160 
Car -1 -1 -10 55.38 136.26 111.47 172.53 -1 -1 -1 -1000 -1000 -1000 -10 0.0152 
Car -1 -1 -10 159.86 127.20 208.49 163.65 -1 -1 -1 -1000 -1000 -1000 -10 0.0150 
Car -1 -1 -10 47.30 157.88 103.23 201.78 -1 -1 -1 -1000 -1000 -1000 -10 0.0144 
Car -1 -1 -10 3.11 133.69 62.43 165.93 -1 -1 -1 -1000 -1000 -1000 -10 0.0130 
Car -1 -1 -10 9.86 212.02 56.26 255.47 -1 -1 -1 -1000 -1000 -1000 -10 0.0114 
Car -1 -1 -10 17.51 206.24 78.56 245.40 -1 -1 -1 -1000 -1000 -1000 -10 0.0101 
Car -1 -1 -10 64.57 124.41 115.92 158.52 -1 -1 -1 -1000 -1000 -1000 -10 0.0099 
Car -1 -1 -10 93.81 188.56 147.66 223.96 -1 -1 -1 -1000 -1000 -1000 -10 0.0089 
Car -1 -1 -10 30.90 185.72 109.84 232.79 -1 -1 -1 -1000 -1000 -1000 -10 0.0088 
Car -1 -1 -10 60.39 171.52 123.37 222.78 -1 -1 -1 -1000 -1000 -1000 -10 0.0080 
Car -1 -1 -10 0.00 126.41 41.17 161.62 -1 -1 -1 -1000 -1000 -1000 -10 0.0078 
Car -1 -1 -10 15.38 181.19 63.13 208.29 -1 -1 -1 -1000 -1000 -1000 -10 0.0074 
Car -1 -1 -10 60.14 260.90 135.94 283.74 -1 -1 -1 -1000 -1000 -1000 -10 0.0074 
Car -1 -1 -10 1181.60 141.26 1227.96 171.51 -1 -1 -1 -1000 -1000 -1000 -10 0.0064 
Car -1 -1 -10 99.86 173.18 153.88 206.40 -1 -1 -1 -1000 -1000 -1000 -10 0.0056 
Car -1 -1 -10 75.68 101.16 122.29 135.86 -1 -1 -1 -1000 -1000 -1000 -10 0.0051 
Car -1 -1 -10 178.26 252.91 230.30 287.23 -1 -1 -1 -1000 -1000 -1000 -10 0.0050 
Car -1 -1 -10 19.20 179.32 87.06 219.62 -1 -1 -1 -1000 -1000 -1000 -10 0.0049 
Car -1 -1 -10 194.68 233.12 248.96 266.49 -1 -1 -1 -1000 -1000 -1000 -10 0.0048 
Car -1 -1 -10 80.47 171.34 148.67 218.38 -1 -1 -1 -1000 -1000 -1000 -10 0.0045 
Car -1 -1 -10 203.27 179.32 258.78 212.73 -1 -1 -1 -1000 -1000 -1000 -10 0.0045 
Car -1 -1 -10 193.20 118.81 251.73 145.31 -1 -1 -1 -1000 -1000 -1000 -10 0.0043 
Car -1 -1 -10 55.68 45.76 108.07 81.07 -1 -1 -1 -1000 -1000 -1000 -10 0.0039 
Car -1 -1 -10 1186.20 254.90 1243.03 297.01 -1 -1 -1 -1000 -1000 -1000 -10 0.0038 
Car -1 -1 -10 677.45 115.98 728.62 147.38 -1 -1 -1 -1000 -1000 -1000 -10 0.0037 
Car -1 -1 -10 180.23 121.00 226.94 152.87 -1 -1 -1 -1000 -1000 -1000 -10 0.0035 
Car -1 -1 -10 1194.30 67.48 1243.02 105.07 -1 -1 -1 -1000 -1000 -1000 -10 0.0035 
Car -1 -1 -10 152.80 254.80 218.57 284.71 -1 -1 -1 -1000 -1000 -1000 -10 0.0035 
Car -1 -1 -10 81.31 62.82 141.53 96.00 -1 -1 -1 -1000 -1000 -1000 -10 0.0030 
Car -1 -1 -10 1168.20 110.66 1232.84 141.85 -1 -1 -1 -1000 -1000 -1000 -10 0.0030 
Car -1 -1 -10 46.33 88.47 118.06 133.33 -1 -1 -1 -1000 -1000 -1000 -10 0.0030 
Car -1 -1 -10 28.20 100.23 74.92 129.29 -1 -1 -1 -1000 -1000 -1000 -10 0.0029 
Car -1 -1 -10 1097.10 91.10 1190.40 132.33 -1 -1 -1 -1000 -1000 -1000 -10 0.0028 
Car -1 -1 -10 811.30 134.64 890.29 163.72 -1 -1 -1 -1000 -1000 -1000 -10 0.0028 
Car -1 -1 -10 183.66 113.42 224.42 143.04 -1 -1 -1 -1000 -1000 -1000 -10 0.0021 
Car -1 -1 -10 64.16 56.32 118.50 92.40 -1 -1 -1 -1000 -1000 -1000 -10 0.0018 
Car -1 -1 -10 37.18 53.01 85.92 82.52 -1 -1 -1 -1000 -1000 -1000 -10 0.0018 
Car -1 -1 -10 175.91 121.10 247.14 164.13 -1 -1 -1 -1000 -1000 -1000 -10 0.0018 
Car -1 -1 -10 124.72 237.20 204.19 281.07 -1 -1 -1 -1000 -1000 -1000 -10 0.0018 
Car -1 -1 -10 163.50 233.35 237.54 284.58 -1 -1 -1 -1000 -1000 -1000 -10 0.0018 
Car -1 -1 -10 84.23 186.45 175.22 234.51 -1 -1 -1 -1000 -1000 -1000 -10 0.0017 
Car -1 -1 -10 145.34 221.62 234.57 264.23 -1 -1 -1 -1000 -1000 -1000 -10 0.0017 
Car -1 -1 -10 35.13 101.33 111.22 145.98 -1 -1 -1 -1000 -1000 -1000 -10 0.0015 
Car -1 -1 -10 0.00 310.93 63.44 344.11 -1 -1 -1 -1000 -1000 -1000 -10 0.0015 
Car -1 -1 -10 206.39 223.17 263.21 262.63 -1 -1 -1 -1000 -1000 -1000 -10 0.0015 
Car -1 -1 -10 1000.40 325.88 1055.07 349.62 -1 -1 -1 -1000 -1000 -1000 -10 0.0014 
Car -1 -1 -10 191.76 245.46 241.47 282.84 -1 -1 -1 -1000 -1000 -1000 -10 0.0013 
Car -1 -1 -10 11.82 32.16 71.02 77.55 -1 -1 -1 -1000 -1000 -1000 -10 0.0013 
Car -1 -1 -10 206.98 184.57 295.92 217.50 -1 -1 -1 -1000 -1000 -1000 -10 0.0012 
Car -1 -1 -10 18.02 107.80 72.36 142.97 -1 -1 -1 -1000 -1000 -1000 -10 0.0012 
Car -1 -1 -10 233.47 146.55 279.46 176.53 -1 -1 -1 -1000 -1000 -1000 -10 0.0012 
Car -1 -1 -10 185.19 267.08 251.16 290.98 -1 -1 -1 -1000 -1000 -1000 -10 0.0011 
Car -1 -1 -10 71.69 48.63 129.72 83.67 -1 -1 -1 -1000 -1000 -1000 -10 0.0011 
Car -1 -1 -10 205.33 217.91 297.93 254.35 -1 -1 -1 -1000 -1000 -1000 -10 0.0010 
Car -1 -1 -10 194.61 187.57 264.45 221.37 -1 -1 -1 -1000 -1000 -1000 -10 0.0010 
Car -1 -1 -10 217.41 243.12 275.57 277.10 -1 -1 -1 -1000 -1000 -1000 -10 0.0009 
Car -1 -1 -10 1104.50 204.81 1179.26 258.59 -1 -1 -1 -1000 -1000 -1000 -10 0.0009 
Car -1 -1 -10 327.65 53.19 384.83 86.74 -1 -1 -1 -1000 -1000 -1000 -10 0.0009 
Car -1 -1 -10 11.08 228.13 85.33 276.03 -1 -1 -1 -1000 -1000 -1000 -10 0.0008 
Car -1 -1 -10 42.74 36.04 103.02 67.74 -1 -1 -1 -1000 -1000 -1000 -10 0.0007 
Car -1 -1 -10 1.14 271.97 58.24 304.73 -1 -1 -1 -1000 -1000 -1000 -10 0.0007 
Car -1 -1 -10 4.69 243.07 73.68 298.48 -1 -1 -1 -1000 -1000 -1000 -10 0.0007 
Car -1 -1 -10 335.56 128.89 393.21 153.59 -1 -1 -1 -1000 -1000 -1000 -10 0.0006 
Car -1 -1 -10 306.91 133.37 362.67 155.69 -1 -1 -1 -1000 -1000 -1000 -10 0.0006 
Car -1 -1 -10 271.25 221.14 327.78 254.64 -1 -1 -1 -1000 -1000 -1000 -10 0.0005 
Car -1 -1 -10 695.07 70.74 745.28 97.45 -1 -1 -1 -1000 -1000 -1000 -10 0.0005 
Car -1 -1 -10 190.41 165.65 239.26 199.78 -1 -1 -1 -1000 -1000 -1000 -10 0.0005 
Car -1 -1 -10 983.18 313.07 1035.44 342.52 -1 -1 -1 -1000 -1000 -1000 -10 0.0004 
Car -1 -1 -10 237.73 152.43 306.68 179.95 -1 -1 -1 -1000 -1000 -1000 -10 0.0004 
Car -1 -1 -10 801.14 139.81 884.25 178.89 -1 -1 -1 -1000 -1000 -1000 -10 0.0004 
Car -1 -1 -10 644.26 28.30 737.46 67.95 -1 -1 -1 -1000 -1000 -1000 -10 0.0003 
Car -1 -1 -10 841.72 120.04 940.02 153.57 -1 -1 -1 -1000 -1000 -1000 -10 0.0003 
Car -1 -1 -10 351.47 145.29 411.71 180.02 -1 -1 -1 -1000 -1000 -1000 -10 0.0003 
Car -1 -1 -10 1010.30 39.78 1073.05 63.91 -1 -1 -1 -1000 -1000 -1000 -10 0.0003 
Car -1 -1 -10 1134.70 116.94 1212.17 161.21 -1 -1 -1 -1000 -1000 -1000 -10 0.0003 
Car -1 -1 -10 84.72 35.41 162.58 63.62 -1 -1 -1 -1000 -1000 -1000 -10 0.0002 
Car -1 -1 -10 969.89 319.84 1022.41 345.06 -1 -1 -1 -1000 -1000 -1000 -10 0.0002 
Car -1 -1 -10 85.30 259.43 144.13 280.35 -1 -1 -1 -1000 -1000 -1000 -10 0.0002 
Car -1 -1 -10 834.92 294.47 885.95 311.54 -1 -1 -1 -1000 -1000 -1000 -10 0.0001 
Car -1 -1 -10 1053.20 38.02 1145.18 57.64 -1 -1 -1 -1000 -1000 -1000 -10 0.0001 
Car -1 -1 -10 900.49 204.68 983.34 228.30 -1 -1 -1 -1000 -1000 -1000 -10 0.0001 
Car -1 -1 -10 330.92 80.55 403.33 112.42 -1 -1 -1 -1000 -1000 -1000 -10 0.0001 
Car -1 -1 -10 845.41 292.40 896.74 308.31 -1 -1 -1 -1000 -1000 -1000 -10 0.0001 
Car -1 -1 -10 580.30 166.66 637.87 190.12 -1 -1 -1 -1000 -1000 -1000 -10 0.0001 
Car -1 -1 -10 869.67 209.16 929.66 234.18 -1 -1 -1 -1000 -1000 -1000 -10 0.0000 
Car -1 -1 -10 595.08 183.26 631.92 202.06 -1 -1 -1 -1000 -1000 -1000 -10 0.0000 
Car -1 -1 -10 156.78 159.04 240.38 193.72 -1 -1 -1 -1000 -1000 -1000 -10 0.0000 
Car -1 -1 -10 844.89 175.40 922.63 209.11 -1 -1 -1 -1000 -1000 -1000 -10 0.0000 
Car -1 -1 -10 833.06 155.87 926.60 201.52 -1 -1 -1 -1000 -1000 -1000 -10 0.0000 
Car -1 -1 -10 569.42 183.02 653.51 217.12 -1 -1 -1 -1000 -1000 -1000 -10 0.0000 
Car -1 -1 -10 836.84 187.09 930.38 215.73 -1 -1 -1 -1000 -1000 -1000 -10 0.0000 
