Car -1 -1 -10 381.48 179.21 441.02 212.14 -1 -1 -1 -1000 -1000 -1000 -10 0.9999 
Car -1 -1 -10 585.50 169.40 614.36 196.50 -1 -1 -1 -1000 -1000 -1000 -10 0.9990 
Car -1 -1 -10 0.00 197.85 201.81 301.95 -1 -1 -1 -1000 -1000 -1000 -10 0.9963 
Car -1 -1 -10 180.27 181.39 205.71 202.92 -1 -1 -1 -1000 -1000 -1000 -10 0.1694 
Car -1 -1 -10 459.51 175.19 494.46 196.42 -1 -1 -1 -1000 -1000 -1000 -10 0.0630 
Car -1 -1 -10 287.98 156.75 343.45 190.04 -1 -1 -1 -1000 -1000 -1000 -10 0.0060 
Car -1 -1 -10 455.64 173.23 516.81 194.76 -1 -1 -1 -1000 -1000 -1000 -10 0.0024 
Car -1 -1 -10 283.09 116.10 342.17 139.45 -1 -1 -1 -1000 -1000 -1000 -10 0.0020 
Car -1 -1 -10 11.72 48.53 69.94 77.94 -1 -1 -1 -1000 -1000 -1000 -10 0.0017 
Car -1 -1 -10 85.94 63.85 158.17 105.36 -1 -1 -1 -1000 -1000 -1000 -10 0.0007 
Car -1 -1 -10 286.30 108.60 336.12 131.21 -1 -1 -1 -1000 -1000 -1000 -10 0.0005 
Car -1 -1 -10 125.51 79.18 189.51 113.05 -1 -1 -1 -1000 -1000 -1000 -10 0.0004 
Car -1 -1 -10 1.22 88.81 39.80 110.17 -1 -1 -1 -1000 -1000 -1000 -10 0.0003 
Car -1 -1 -10 200.53 130.61 266.82 159.80 -1 -1 -1 -1000 -1000 -1000 -10 0.0003 
Car -1 -1 -10 63.14 152.10 118.18 182.53 -1 -1 -1 -1000 -1000 -1000 -10 0.0001 
Car -1 -1 -10 459.59 171.00 551.89 189.45 -1 -1 -1 -1000 -1000 -1000 -10 0.0001 
Car -1 -1 -10 8.79 91.92 59.15 128.38 -1 -1 -1 -1000 -1000 -1000 -10 0.0001 
Car -1 -1 -10 71.31 196.13 198.00 262.62 -1 -1 -1 -1000 -1000 -1000 -10 0.0001 
Car -1 -1 -10 5.55 209.12 83.74 249.66 -1 -1 -1 -1000 -1000 -1000 -10 0.0000 
Car -1 -1 -10 110.73 193.95 171.94 218.85 -1 -1 -1 -1000 -1000 -1000 -10 0.0000 
Car -1 -1 -10 0.00 200.72 136.47 275.01 -1 -1 -1 -1000 -1000 -1000 -10 0.0000 
Car -1 -1 -10 360.83 177.16 404.62 205.81 -1 -1 -1 -1000 -1000 -1000 -10 0.0000 
Car -1 -1 -10 484.06 177.64 532.23 191.72 -1 -1 -1 -1000 -1000 -1000 -10 0.0000 
