Car -1 -1 -10 541.82 187.03 681.62 275.35 -1 -1 -1 -1000 -1000 -1000 -10 1.0000 
Car -1 -1 -10 437.85 180.60 498.27 222.66 -1 -1 -1 -1000 -1000 -1000 -10 0.9996 
Car -1 -1 -10 254.64 184.12 301.89 215.29 -1 -1 -1 -1000 -1000 -1000 -10 0.9971 
Car -1 -1 -10 621.10 164.96 716.47 205.17 -1 -1 -1 -1000 -1000 -1000 -10 0.9835 
Car -1 -1 -10 10.86 204.14 188.51 309.59 -1 -1 -1 -1000 -1000 -1000 -10 0.9574 
Car -1 -1 -10 30.98 188.80 115.27 219.12 -1 -1 -1 -1000 -1000 -1000 -10 0.9266 
Car -1 -1 -10 698.47 106.15 1205.73 376.00 -1 -1 -1 -1000 -1000 -1000 -10 0.7147 
Car -1 -1 -10 412.84 176.08 437.91 198.91 -1 -1 -1 -1000 -1000 -1000 -10 0.3951 
Car -1 -1 -10 185.69 139.35 263.08 193.59 -1 -1 -1 -1000 -1000 -1000 -10 0.2119 
Car -1 -1 -10 990.33 129.34 1204.65 376.00 -1 -1 -1 -1000 -1000 -1000 -10 0.0835 
Car -1 -1 -10 334.96 177.96 368.73 196.95 -1 -1 -1 -1000 -1000 -1000 -10 0.0689 
Car -1 -1 -10 1189.50 155.96 1242.96 232.88 -1 -1 -1 -1000 -1000 -1000 -10 0.0300 
Car -1 -1 -10 1091.80 216.54 1194.31 260.37 -1 -1 -1 -1000 -1000 -1000 -10 0.0205 
Car -1 -1 -10 31.07 184.37 136.70 237.84 -1 -1 -1 -1000 -1000 -1000 -10 0.0190 
Car -1 -1 -10 282.06 183.77 317.44 210.56 -1 -1 -1 -1000 -1000 -1000 -10 0.0092 
Car -1 -1 -10 1065.80 212.00 1202.58 277.86 -1 -1 -1 -1000 -1000 -1000 -10 0.0045 
Car -1 -1 -10 1.32 148.41 58.16 179.86 -1 -1 -1 -1000 -1000 -1000 -10 0.0029 
Car -1 -1 -10 1110.40 139.83 1243.01 227.00 -1 -1 -1 -1000 -1000 -1000 -10 0.0015 
Car -1 -1 -10 1199.80 159.33 1242.96 200.92 -1 -1 -1 -1000 -1000 -1000 -10 0.0006 
Car -1 -1 -10 613.20 173.11 660.28 200.07 -1 -1 -1 -1000 -1000 -1000 -10 0.0006 
Car -1 -1 -10 207.08 99.12 295.90 198.77 -1 -1 -1 -1000 -1000 -1000 -10 0.0006 
Car -1 -1 -10 805.10 214.23 939.79 280.50 -1 -1 -1 -1000 -1000 -1000 -10 0.0005 
Car -1 -1 -10 58.21 133.91 116.90 171.07 -1 -1 -1 -1000 -1000 -1000 -10 0.0005 
Car -1 -1 -10 16.39 129.59 106.20 166.68 -1 -1 -1 -1000 -1000 -1000 -10 0.0004 
Car -1 -1 -10 1209.70 158.42 1243.01 185.20 -1 -1 -1 -1000 -1000 -1000 -10 0.0004 
Car -1 -1 -10 843.71 182.33 1015.59 267.96 -1 -1 -1 -1000 -1000 -1000 -10 0.0004 
Car -1 -1 -10 1148.10 146.27 1232.35 184.92 -1 -1 -1 -1000 -1000 -1000 -10 0.0003 
Car -1 -1 -10 698.54 209.13 814.63 275.03 -1 -1 -1 -1000 -1000 -1000 -10 0.0003 
Car -1 -1 -10 626.78 170.93 669.53 190.42 -1 -1 -1 -1000 -1000 -1000 -10 0.0002 
Car -1 -1 -10 739.73 161.19 790.79 195.55 -1 -1 -1 -1000 -1000 -1000 -10 0.0001 
Car -1 -1 -10 738.27 188.56 796.05 245.94 -1 -1 -1 -1000 -1000 -1000 -10 0.0001 
Car -1 -1 -10 1146.10 152.01 1242.96 209.16 -1 -1 -1 -1000 -1000 -1000 -10 0.0001 
Car -1 -1 -10 524.90 189.06 589.98 238.36 -1 -1 -1 -1000 -1000 -1000 -10 0.0001 
Car -1 -1 -10 587.92 173.18 644.99 202.53 -1 -1 -1 -1000 -1000 -1000 -10 0.0000 
Car -1 -1 -10 766.30 137.87 821.04 171.09 -1 -1 -1 -1000 -1000 -1000 -10 0.0000 
Car -1 -1 -10 727.35 168.68 814.90 260.52 -1 -1 -1 -1000 -1000 -1000 -10 0.0000 
Car -1 -1 -10 737.14 131.82 811.16 177.19 -1 -1 -1 -1000 -1000 -1000 -10 0.0000 
Car -1 -1 -10 557.42 192.56 657.93 219.91 -1 -1 -1 -1000 -1000 -1000 -10 0.0000 
Car -1 -1 -10 987.65 194.62 1144.54 300.51 -1 -1 -1 -1000 -1000 -1000 -10 0.0000 
Car -1 -1 -10 7.21 135.13 89.11 178.91 -1 -1 -1 -1000 -1000 -1000 -10 0.0000 
Car -1 -1 -10 761.05 126.21 841.64 172.93 -1 -1 -1 -1000 -1000 -1000 -10 0.0000 
Car -1 -1 -10 90.74 206.41 168.67 244.76 -1 -1 -1 -1000 -1000 -1000 -10 0.0000 
Car -1 -1 -10 454.81 66.72 525.68 88.04 -1 -1 -1 -1000 -1000 -1000 -10 0.0000 
Car -1 -1 -10 783.09 194.21 902.78 267.79 -1 -1 -1 -1000 -1000 -1000 -10 0.0000 
Car -1 -1 -10 934.75 220.20 1056.59 299.99 -1 -1 -1 -1000 -1000 -1000 -10 0.0000 
Car -1 -1 -10 568.83 185.26 634.89 200.14 -1 -1 -1 -1000 -1000 -1000 -10 0.0000 
Car -1 -1 -10 52.82 130.18 164.98 207.56 -1 -1 -1 -1000 -1000 -1000 -10 0.0000 
Car -1 -1 -10 253.16 182.40 276.08 204.03 -1 -1 -1 -1000 -1000 -1000 -10 0.0000 
Car -1 -1 -10 78.81 164.22 151.31 238.13 -1 -1 -1 -1000 -1000 -1000 -10 0.0000 
Car -1 -1 -10 1087.90 142.51 1201.30 204.63 -1 -1 -1 -1000 -1000 -1000 -10 0.0000 
Car -1 -1 -10 1048.30 141.45 1186.19 250.46 -1 -1 -1 -1000 -1000 -1000 -10 0.0000 
Car -1 -1 -10 727.98 144.23 794.66 180.76 -1 -1 -1 -1000 -1000 -1000 -10 0.0000 
Car -1 -1 -10 567.99 174.66 657.74 210.36 -1 -1 -1 -1000 -1000 -1000 -10 0.0000 
Car -1 -1 -10 19.89 189.75 84.84 228.29 -1 -1 -1 -1000 -1000 -1000 -10 0.0000 
