Car -1 -1 -10 141.26 177.95 398.88 263.56 -1 -1 -1 -1000 -1000 -1000 -10 0.9999 
Car -1 -1 -10 295.20 167.41 474.32 242.06 -1 -1 -1 -1000 -1000 -1000 -10 0.9612 
Car -1 -1 -10 0.00 190.30 136.08 357.37 -1 -1 -1 -1000 -1000 -1000 -10 0.8990 
Car -1 -1 -10 945.52 160.43 1243.00 339.35 -1 -1 -1 -1000 -1000 -1000 -10 0.8053 
Car -1 -1 -10 637.43 150.22 710.62 210.58 -1 -1 -1 -1000 -1000 -1000 -10 0.5955 
Car -1 -1 -10 406.84 170.64 512.73 208.95 -1 -1 -1 -1000 -1000 -1000 -10 0.1909 
Car -1 -1 -10 460.07 173.53 544.31 205.40 -1 -1 -1 -1000 -1000 -1000 -10 0.1063 
Car -1 -1 -10 666.18 132.18 798.71 251.70 -1 -1 -1 -1000 -1000 -1000 -10 0.0525 
Car -1 -1 -10 30.00 41.87 75.51 77.80 -1 -1 -1 -1000 -1000 -1000 -10 0.0235 
Car -1 -1 -10 18.48 117.37 65.71 157.28 -1 -1 -1 -1000 -1000 -1000 -10 0.0228 
Car -1 -1 -10 46.59 105.45 89.03 140.40 -1 -1 -1 -1000 -1000 -1000 -10 0.0157 
Car -1 -1 -10 470.88 163.03 567.60 201.82 -1 -1 -1 -1000 -1000 -1000 -10 0.0115 
Car -1 -1 -10 1038.50 171.86 1243.05 271.96 -1 -1 -1 -1000 -1000 -1000 -10 0.0115 
Car -1 -1 -10 663.32 182.19 720.60 223.26 -1 -1 -1 -1000 -1000 -1000 -10 0.0052 
Car -1 -1 -10 528.94 168.85 567.50 197.38 -1 -1 -1 -1000 -1000 -1000 -10 0.0047 
Car -1 -1 -10 126.02 157.45 199.32 199.62 -1 -1 -1 -1000 -1000 -1000 -10 0.0044 
Car -1 -1 -10 18.55 35.96 81.81 88.88 -1 -1 -1 -1000 -1000 -1000 -10 0.0043 
Car -1 -1 -10 1148.50 209.02 1242.98 255.66 -1 -1 -1 -1000 -1000 -1000 -10 0.0042 
Car -1 -1 -10 116.97 159.01 167.88 191.51 -1 -1 -1 -1000 -1000 -1000 -10 0.0031 
Car -1 -1 -10 775.23 224.55 861.50 263.22 -1 -1 -1 -1000 -1000 -1000 -10 0.0029 
Car -1 -1 -10 846.50 282.52 894.68 307.60 -1 -1 -1 -1000 -1000 -1000 -10 0.0026 
Car -1 -1 -10 1066.70 166.24 1243.03 203.60 -1 -1 -1 -1000 -1000 -1000 -10 0.0025 
Car -1 -1 -10 950.01 212.32 1110.87 324.29 -1 -1 -1 -1000 -1000 -1000 -10 0.0021 
Car -1 -1 -10 750.00 76.54 803.49 103.53 -1 -1 -1 -1000 -1000 -1000 -10 0.0019 
Car -1 -1 -10 1116.90 225.98 1242.98 257.80 -1 -1 -1 -1000 -1000 -1000 -10 0.0016 
Car -1 -1 -10 730.08 35.55 784.67 64.90 -1 -1 -1 -1000 -1000 -1000 -10 0.0014 
Car -1 -1 -10 703.70 43.18 751.00 76.65 -1 -1 -1 -1000 -1000 -1000 -10 0.0013 
Car -1 -1 -10 883.46 110.23 939.13 131.22 -1 -1 -1 -1000 -1000 -1000 -10 0.0011 
Car -1 -1 -10 839.99 26.76 895.69 58.14 -1 -1 -1 -1000 -1000 -1000 -10 0.0009 
Car -1 -1 -10 721.68 40.11 790.51 77.90 -1 -1 -1 -1000 -1000 -1000 -10 0.0009 
Car -1 -1 -10 779.11 103.99 834.14 136.63 -1 -1 -1 -1000 -1000 -1000 -10 0.0007 
Car -1 -1 -10 796.49 132.90 854.81 161.32 -1 -1 -1 -1000 -1000 -1000 -10 0.0007 
Car -1 -1 -10 52.94 191.27 346.50 259.55 -1 -1 -1 -1000 -1000 -1000 -10 0.0006 
Car -1 -1 -10 942.85 195.80 1009.11 230.91 -1 -1 -1 -1000 -1000 -1000 -10 0.0005 
Car -1 -1 -10 121.79 131.58 198.99 168.22 -1 -1 -1 -1000 -1000 -1000 -10 0.0005 
Car -1 -1 -10 998.17 37.26 1052.92 63.20 -1 -1 -1 -1000 -1000 -1000 -10 0.0004 
Car -1 -1 -10 900.09 195.92 977.10 228.88 -1 -1 -1 -1000 -1000 -1000 -10 0.0004 
Car -1 -1 -10 669.43 171.65 753.45 238.74 -1 -1 -1 -1000 -1000 -1000 -10 0.0004 
Car -1 -1 -10 1040.40 175.92 1113.05 202.52 -1 -1 -1 -1000 -1000 -1000 -10 0.0004 
Car -1 -1 -10 192.31 187.57 295.48 235.21 -1 -1 -1 -1000 -1000 -1000 -10 0.0004 
Car -1 -1 -10 641.29 164.30 675.94 208.20 -1 -1 -1 -1000 -1000 -1000 -10 0.0004 
Car -1 -1 -10 1087.30 167.86 1172.55 191.97 -1 -1 -1 -1000 -1000 -1000 -10 0.0003 
Car -1 -1 -10 62.54 199.88 133.48 239.94 -1 -1 -1 -1000 -1000 -1000 -10 0.0003 
Car -1 -1 -10 962.19 192.42 1050.89 218.80 -1 -1 -1 -1000 -1000 -1000 -10 0.0003 
Car -1 -1 -10 1031.30 25.16 1114.78 62.03 -1 -1 -1 -1000 -1000 -1000 -10 0.0002 
Car -1 -1 -10 655.98 61.48 737.87 108.52 -1 -1 -1 -1000 -1000 -1000 -10 0.0002 
Car -1 -1 -10 815.99 79.51 869.63 116.67 -1 -1 -1 -1000 -1000 -1000 -10 0.0002 
Car -1 -1 -10 1174.10 171.16 1243.04 254.72 -1 -1 -1 -1000 -1000 -1000 -10 0.0001 
Car -1 -1 -10 808.97 71.22 858.97 104.66 -1 -1 -1 -1000 -1000 -1000 -10 0.0001 
Car -1 -1 -10 782.68 108.31 852.12 147.97 -1 -1 -1 -1000 -1000 -1000 -10 0.0001 
Car -1 -1 -10 11.18 198.74 138.93 268.73 -1 -1 -1 -1000 -1000 -1000 -10 0.0001 
Car -1 -1 -10 909.46 317.10 965.96 349.13 -1 -1 -1 -1000 -1000 -1000 -10 0.0001 
Car -1 -1 -10 726.62 186.36 790.27 226.86 -1 -1 -1 -1000 -1000 -1000 -10 0.0001 
Car -1 -1 -10 777.58 69.90 847.32 97.25 -1 -1 -1 -1000 -1000 -1000 -10 0.0001 
Car -1 -1 -10 875.74 192.86 1010.23 222.24 -1 -1 -1 -1000 -1000 -1000 -10 0.0001 
Car -1 -1 -10 799.83 57.48 869.42 103.10 -1 -1 -1 -1000 -1000 -1000 -10 0.0001 
Car -1 -1 -10 925.95 189.66 1033.06 220.43 -1 -1 -1 -1000 -1000 -1000 -10 0.0001 
Car -1 -1 -10 757.40 59.70 852.87 94.89 -1 -1 -1 -1000 -1000 -1000 -10 0.0001 
Car -1 -1 -10 927.26 58.77 996.54 85.37 -1 -1 -1 -1000 -1000 -1000 -10 0.0001 
Car -1 -1 -10 1177.70 91.81 1243.05 128.88 -1 -1 -1 -1000 -1000 -1000 -10 0.0001 
Car -1 -1 -10 32.30 196.98 99.76 223.72 -1 -1 -1 -1000 -1000 -1000 -10 0.0001 
Car -1 -1 -10 774.63 141.17 834.31 164.99 -1 -1 -1 -1000 -1000 -1000 -10 0.0001 
Car -1 -1 -10 868.87 195.16 949.31 234.83 -1 -1 -1 -1000 -1000 -1000 -10 0.0001 
Car -1 -1 -10 902.18 189.22 997.05 214.93 -1 -1 -1 -1000 -1000 -1000 -10 0.0000 
Car -1 -1 -10 838.08 192.22 935.20 222.85 -1 -1 -1 -1000 -1000 -1000 -10 0.0000 
Car -1 -1 -10 942.66 217.41 1008.35 266.28 -1 -1 -1 -1000 -1000 -1000 -10 0.0000 
Car -1 -1 -10 923.40 203.30 998.37 237.96 -1 -1 -1 -1000 -1000 -1000 -10 0.0000 
Car -1 -1 -10 781.37 142.67 863.07 168.83 -1 -1 -1 -1000 -1000 -1000 -10 0.0000 
Car -1 -1 -10 53.28 213.63 121.18 275.03 -1 -1 -1 -1000 -1000 -1000 -10 0.0000 
Car -1 -1 -10 680.24 170.72 758.49 209.49 -1 -1 -1 -1000 -1000 -1000 -10 0.0000 
Car -1 -1 -10 951.61 221.26 1036.00 296.40 -1 -1 -1 -1000 -1000 -1000 -10 0.0000 
Car -1 -1 -10 703.39 190.42 795.35 239.22 -1 -1 -1 -1000 -1000 -1000 -10 0.0000 
Car -1 -1 -10 1032.00 164.28 1103.19 194.07 -1 -1 -1 -1000 -1000 -1000 -10 0.0000 
Car -1 -1 -10 216.80 334.44 298.57 368.29 -1 -1 -1 -1000 -1000 -1000 -10 0.0000 
