Car -1 -1 -10 683.43 182.76 780.36 257.13 -1 -1 -1 -1000 -1000 -1000 -10 1.0000 
Car -1 -1 -10 861.45 75.37 906.34 106.85 -1 -1 -1 -1000 -1000 -1000 -10 0.0361 
Car -1 -1 -10 973.91 194.79 1025.55 228.66 -1 -1 -1 -1000 -1000 -1000 -10 0.0353 
Car -1 -1 -10 31.07 288.05 79.39 323.64 -1 -1 -1 -1000 -1000 -1000 -10 0.0344 
Car -1 -1 -10 43.06 204.15 89.25 238.95 -1 -1 -1 -1000 -1000 -1000 -10 0.0341 
Car -1 -1 -10 883.52 73.42 933.77 108.62 -1 -1 -1 -1000 -1000 -1000 -10 0.0278 
Car -1 -1 -10 83.52 254.27 134.84 284.91 -1 -1 -1 -1000 -1000 -1000 -10 0.0275 
Car -1 -1 -10 37.88 195.07 87.50 228.74 -1 -1 -1 -1000 -1000 -1000 -10 0.0262 
Car -1 -1 -10 15.89 293.91 64.33 325.70 -1 -1 -1 -1000 -1000 -1000 -10 0.0253 
Car -1 -1 -10 874.12 83.94 921.17 119.01 -1 -1 -1 -1000 -1000 -1000 -10 0.0245 
Car -1 -1 -10 854.39 86.63 904.96 117.83 -1 -1 -1 -1000 -1000 -1000 -10 0.0240 
Car -1 -1 -10 105.66 242.96 154.08 273.22 -1 -1 -1 -1000 -1000 -1000 -10 0.0226 
Car -1 -1 -10 22.50 246.60 70.58 275.52 -1 -1 -1 -1000 -1000 -1000 -10 0.0197 
Car -1 -1 -10 29.94 301.56 78.27 337.62 -1 -1 -1 -1000 -1000 -1000 -10 0.0192 
Car -1 -1 -10 0.00 296.83 47.70 330.11 -1 -1 -1 -1000 -1000 -1000 -10 0.0181 
Car -1 -1 -10 132.44 252.86 177.64 287.00 -1 -1 -1 -1000 -1000 -1000 -10 0.0175 
Car -1 -1 -10 959.38 79.08 1011.44 112.42 -1 -1 -1 -1000 -1000 -1000 -10 0.0169 
Car -1 -1 -10 945.66 155.80 994.88 185.10 -1 -1 -1 -1000 -1000 -1000 -10 0.0154 
Car -1 -1 -10 848.66 63.35 892.78 97.15 -1 -1 -1 -1000 -1000 -1000 -10 0.0153 
Car -1 -1 -10 1010.80 220.67 1057.44 260.71 -1 -1 -1 -1000 -1000 -1000 -10 0.0151 
Car -1 -1 -10 939.05 163.29 982.62 196.08 -1 -1 -1 -1000 -1000 -1000 -10 0.0140 
Car -1 -1 -10 1021.00 38.49 1066.44 72.12 -1 -1 -1 -1000 -1000 -1000 -10 0.0135 
Car -1 -1 -10 33.38 255.22 87.59 291.60 -1 -1 -1 -1000 -1000 -1000 -10 0.0121 
Car -1 -1 -10 962.74 153.86 1008.16 188.33 -1 -1 -1 -1000 -1000 -1000 -10 0.0095 
Car -1 -1 -10 0.00 238.15 68.46 281.59 -1 -1 -1 -1000 -1000 -1000 -10 0.0091 
Car -1 -1 -10 82.05 186.93 132.74 218.28 -1 -1 -1 -1000 -1000 -1000 -10 0.0084 
Car -1 -1 -10 0.00 251.63 49.25 284.77 -1 -1 -1 -1000 -1000 -1000 -10 0.0080 
Car -1 -1 -10 0.00 190.52 45.71 224.78 -1 -1 -1 -1000 -1000 -1000 -10 0.0077 
Car -1 -1 -10 162.34 253.89 216.65 282.70 -1 -1 -1 -1000 -1000 -1000 -10 0.0077 
Car -1 -1 -10 952.87 66.05 1020.95 125.24 -1 -1 -1 -1000 -1000 -1000 -10 0.0067 
Car -1 -1 -10 165.77 185.41 246.54 217.34 -1 -1 -1 -1000 -1000 -1000 -10 0.0055 
Car -1 -1 -10 443.20 131.69 482.48 152.24 -1 -1 -1 -1000 -1000 -1000 -10 0.0043 
Car -1 -1 -10 137.89 277.05 195.40 313.13 -1 -1 -1 -1000 -1000 -1000 -10 0.0041 
Car -1 -1 -10 123.78 281.11 200.53 332.83 -1 -1 -1 -1000 -1000 -1000 -10 0.0010 
Car -1 -1 -10 625.69 42.08 685.66 75.88 -1 -1 -1 -1000 -1000 -1000 -10 0.0003 
Car -1 -1 -10 571.86 94.40 654.39 121.63 -1 -1 -1 -1000 -1000 -1000 -10 0.0003 
Car -1 -1 -10 181.03 235.66 262.49 258.92 -1 -1 -1 -1000 -1000 -1000 -10 0.0002 
Car -1 -1 -10 661.62 46.05 708.97 70.36 -1 -1 -1 -1000 -1000 -1000 -10 0.0002 
Car -1 -1 -10 691.60 42.36 759.98 66.47 -1 -1 -1 -1000 -1000 -1000 -10 0.0001 
Car -1 -1 -10 257.12 153.90 345.44 179.70 -1 -1 -1 -1000 -1000 -1000 -10 0.0001 
Car -1 -1 -10 744.31 191.70 814.41 245.52 -1 -1 -1 -1000 -1000 -1000 -10 0.0000 
Car -1 -1 -10 683.42 183.90 738.05 235.62 -1 -1 -1 -1000 -1000 -1000 -10 0.0000 
