Car -1 -1 -10 357.21 189.75 474.77 279.01 -1 -1 -1 -1000 -1000 -1000 -10 1.0000 
Car -1 -1 -10 351.66 190.12 387.20 217.89 -1 -1 -1 -1000 -1000 -1000 -10 0.9937 
Car -1 -1 -10 1113.70 323.01 1173.27 351.62 -1 -1 -1 -1000 -1000 -1000 -10 0.0213 
Car -1 -1 -10 1048.10 316.13 1105.15 346.88 -1 -1 -1 -1000 -1000 -1000 -10 0.0204 
Car -1 -1 -10 531.78 124.55 582.95 163.66 -1 -1 -1 -1000 -1000 -1000 -10 0.0142 
Car -1 -1 -10 469.74 71.95 520.55 101.00 -1 -1 -1 -1000 -1000 -1000 -10 0.0126 
Car -1 -1 -10 518.53 47.03 572.80 76.98 -1 -1 -1 -1000 -1000 -1000 -10 0.0123 
Car -1 -1 -10 1101.40 314.19 1146.20 348.45 -1 -1 -1 -1000 -1000 -1000 -10 0.0119 
Car -1 -1 -10 1087.80 316.55 1170.23 355.19 -1 -1 -1 -1000 -1000 -1000 -10 0.0113 
Car -1 -1 -10 544.04 114.54 592.61 152.19 -1 -1 -1 -1000 -1000 -1000 -10 0.0102 
Car -1 -1 -10 1153.10 289.58 1195.38 321.87 -1 -1 -1 -1000 -1000 -1000 -10 0.0096 
Car -1 -1 -10 1070.80 215.29 1166.88 269.61 -1 -1 -1 -1000 -1000 -1000 -10 0.0088 
Car -1 -1 -10 589.17 94.12 647.76 129.20 -1 -1 -1 -1000 -1000 -1000 -10 0.0087 
Car -1 -1 -10 577.48 82.77 635.75 118.55 -1 -1 -1 -1000 -1000 -1000 -10 0.0074 
Car -1 -1 -10 533.10 137.41 588.91 177.67 -1 -1 -1 -1000 -1000 -1000 -10 0.0071 
Car -1 -1 -10 620.92 152.71 710.71 226.30 -1 -1 -1 -1000 -1000 -1000 -10 0.0068 
Car -1 -1 -10 586.01 112.24 659.29 146.40 -1 -1 -1 -1000 -1000 -1000 -10 0.0067 
Car -1 -1 -10 547.80 128.35 603.24 168.56 -1 -1 -1 -1000 -1000 -1000 -10 0.0060 
Car -1 -1 -10 608.58 99.31 667.29 131.88 -1 -1 -1 -1000 -1000 -1000 -10 0.0055 
Car -1 -1 -10 534.03 72.44 584.06 103.42 -1 -1 -1 -1000 -1000 -1000 -10 0.0054 
Car -1 -1 -10 528.83 75.24 599.48 117.66 -1 -1 -1 -1000 -1000 -1000 -10 0.0053 
Car -1 -1 -10 612.51 108.77 671.53 143.03 -1 -1 -1 -1000 -1000 -1000 -10 0.0047 
Car -1 -1 -10 519.77 116.71 576.23 149.04 -1 -1 -1 -1000 -1000 -1000 -10 0.0044 
Car -1 -1 -10 315.50 33.46 354.42 65.42 -1 -1 -1 -1000 -1000 -1000 -10 0.0040 
Car -1 -1 -10 979.36 145.98 1030.05 181.24 -1 -1 -1 -1000 -1000 -1000 -10 0.0040 
Car -1 -1 -10 575.99 103.35 636.06 139.67 -1 -1 -1 -1000 -1000 -1000 -10 0.0038 
Car -1 -1 -10 658.97 69.46 712.51 99.28 -1 -1 -1 -1000 -1000 -1000 -10 0.0033 
Car -1 -1 -10 551.28 60.48 595.89 91.44 -1 -1 -1 -1000 -1000 -1000 -10 0.0032 
Car -1 -1 -10 518.34 138.88 574.01 184.81 -1 -1 -1 -1000 -1000 -1000 -10 0.0031 
Car -1 -1 -10 1014.90 292.76 1069.62 327.28 -1 -1 -1 -1000 -1000 -1000 -10 0.0030 
Car -1 -1 -10 585.80 72.96 648.63 108.26 -1 -1 -1 -1000 -1000 -1000 -10 0.0029 
Car -1 -1 -10 380.91 29.89 417.61 58.32 -1 -1 -1 -1000 -1000 -1000 -10 0.0023 
Car -1 -1 -10 544.52 95.53 607.59 149.80 -1 -1 -1 -1000 -1000 -1000 -10 0.0021 
Car -1 -1 -10 348.52 186.69 389.19 235.96 -1 -1 -1 -1000 -1000 -1000 -10 0.0021 
Car -1 -1 -10 298.85 29.43 351.53 54.84 -1 -1 -1 -1000 -1000 -1000 -10 0.0020 
Car -1 -1 -10 535.30 103.67 582.53 142.82 -1 -1 -1 -1000 -1000 -1000 -10 0.0019 
Car -1 -1 -10 130.38 114.50 201.39 166.19 -1 -1 -1 -1000 -1000 -1000 -10 0.0018 
Car -1 -1 -10 597.98 81.35 675.25 130.00 -1 -1 -1 -1000 -1000 -1000 -10 0.0018 
Car -1 -1 -10 181.37 115.71 245.18 164.51 -1 -1 -1 -1000 -1000 -1000 -10 0.0017 
Car -1 -1 -10 491.41 47.62 569.32 90.95 -1 -1 -1 -1000 -1000 -1000 -10 0.0017 
Car -1 -1 -10 296.51 187.77 342.75 216.37 -1 -1 -1 -1000 -1000 -1000 -10 0.0016 
Car -1 -1 -10 151.88 116.18 225.36 158.33 -1 -1 -1 -1000 -1000 -1000 -10 0.0016 
Car -1 -1 -10 1056.50 315.82 1141.98 356.85 -1 -1 -1 -1000 -1000 -1000 -10 0.0015 
Car -1 -1 -10 1014.10 249.54 1084.25 305.09 -1 -1 -1 -1000 -1000 -1000 -10 0.0015 
Car -1 -1 -10 396.84 28.36 444.19 55.09 -1 -1 -1 -1000 -1000 -1000 -10 0.0015 
Car -1 -1 -10 0.00 119.44 46.60 157.56 -1 -1 -1 -1000 -1000 -1000 -10 0.0014 
Car -1 -1 -10 103.46 116.59 180.50 158.11 -1 -1 -1 -1000 -1000 -1000 -10 0.0013 
Car -1 -1 -10 1103.10 262.09 1181.31 307.29 -1 -1 -1 -1000 -1000 -1000 -10 0.0013 
Car -1 -1 -10 641.53 90.01 711.51 129.22 -1 -1 -1 -1000 -1000 -1000 -10 0.0013 
Car -1 -1 -10 564.60 58.47 619.43 84.31 -1 -1 -1 -1000 -1000 -1000 -10 0.0012 
Car -1 -1 -10 969.95 245.04 1058.61 294.78 -1 -1 -1 -1000 -1000 -1000 -10 0.0012 
Car -1 -1 -10 566.78 146.22 627.40 182.34 -1 -1 -1 -1000 -1000 -1000 -10 0.0012 
Car -1 -1 -10 192.93 159.72 265.13 210.32 -1 -1 -1 -1000 -1000 -1000 -10 0.0011 
Car -1 -1 -10 677.17 90.98 748.19 115.37 -1 -1 -1 -1000 -1000 -1000 -10 0.0011 
Car -1 -1 -10 1074.30 230.54 1158.66 287.40 -1 -1 -1 -1000 -1000 -1000 -10 0.0010 
Car -1 -1 -10 304.31 40.76 349.10 68.74 -1 -1 -1 -1000 -1000 -1000 -10 0.0010 
Car -1 -1 -10 194.85 122.85 262.84 170.50 -1 -1 -1 -1000 -1000 -1000 -10 0.0009 
Car -1 -1 -10 1037.90 242.77 1116.04 293.55 -1 -1 -1 -1000 -1000 -1000 -10 0.0009 
Car -1 -1 -10 1005.90 111.32 1110.71 174.18 -1 -1 -1 -1000 -1000 -1000 -10 0.0009 
Car -1 -1 -10 555.34 100.10 631.76 159.62 -1 -1 -1 -1000 -1000 -1000 -10 0.0008 
Car -1 -1 -10 1122.50 209.30 1241.43 268.02 -1 -1 -1 -1000 -1000 -1000 -10 0.0008 
Car -1 -1 -10 524.63 126.41 603.13 184.11 -1 -1 -1 -1000 -1000 -1000 -10 0.0008 
Car -1 -1 -10 211.60 134.16 266.46 181.26 -1 -1 -1 -1000 -1000 -1000 -10 0.0007 
Car -1 -1 -10 1044.20 135.36 1142.75 209.66 -1 -1 -1 -1000 -1000 -1000 -10 0.0007 
Car -1 -1 -10 993.47 265.52 1062.75 319.73 -1 -1 -1 -1000 -1000 -1000 -10 0.0007 
Car -1 -1 -10 917.42 280.30 970.01 313.96 -1 -1 -1 -1000 -1000 -1000 -10 0.0006 
Car -1 -1 -10 313.77 29.61 384.19 61.82 -1 -1 -1 -1000 -1000 -1000 -10 0.0006 
Car -1 -1 -10 1052.30 147.17 1185.77 226.41 -1 -1 -1 -1000 -1000 -1000 -10 0.0004 
Car -1 -1 -10 5.60 106.85 64.02 138.44 -1 -1 -1 -1000 -1000 -1000 -10 0.0004 
Car -1 -1 -10 725.35 80.38 763.57 112.78 -1 -1 -1 -1000 -1000 -1000 -10 0.0004 
Car -1 -1 -10 545.38 153.47 621.28 188.35 -1 -1 -1 -1000 -1000 -1000 -10 0.0004 
Car -1 -1 -10 84.16 114.69 154.75 153.80 -1 -1 -1 -1000 -1000 -1000 -10 0.0003 
Car -1 -1 -10 142.63 159.37 227.31 202.19 -1 -1 -1 -1000 -1000 -1000 -10 0.0003 
Car -1 -1 -10 376.95 191.30 435.20 227.41 -1 -1 -1 -1000 -1000 -1000 -10 0.0003 
Car -1 -1 -10 998.58 125.20 1072.94 179.79 -1 -1 -1 -1000 -1000 -1000 -10 0.0003 
Car -1 -1 -10 523.20 101.96 565.88 137.47 -1 -1 -1 -1000 -1000 -1000 -10 0.0003 
Car -1 -1 -10 18.39 105.49 107.46 143.20 -1 -1 -1 -1000 -1000 -1000 -10 0.0002 
Car -1 -1 -10 154.69 105.28 213.76 140.68 -1 -1 -1 -1000 -1000 -1000 -10 0.0002 
Car -1 -1 -10 64.39 107.74 127.55 151.77 -1 -1 -1 -1000 -1000 -1000 -10 0.0002 
Car -1 -1 -10 83.53 200.74 181.01 231.12 -1 -1 -1 -1000 -1000 -1000 -10 0.0002 
Car -1 -1 -10 1067.30 211.89 1145.00 250.84 -1 -1 -1 -1000 -1000 -1000 -10 0.0002 
Car -1 -1 -10 656.92 189.31 751.44 235.29 -1 -1 -1 -1000 -1000 -1000 -10 0.0001 
Car -1 -1 -10 703.33 96.87 777.01 139.39 -1 -1 -1 -1000 -1000 -1000 -10 0.0001 
Car -1 -1 -10 937.84 48.60 1019.82 98.58 -1 -1 -1 -1000 -1000 -1000 -10 0.0001 
Car -1 -1 -10 918.34 224.21 1001.58 266.81 -1 -1 -1 -1000 -1000 -1000 -10 0.0000 
Car -1 -1 -10 12.34 96.78 67.57 154.38 -1 -1 -1 -1000 -1000 -1000 -10 0.0000 
Car -1 -1 -10 884.31 262.85 961.54 307.67 -1 -1 -1 -1000 -1000 -1000 -10 0.0000 
Car -1 -1 -10 346.81 190.84 422.36 275.68 -1 -1 -1 -1000 -1000 -1000 -10 0.0000 
Car -1 -1 -10 673.18 106.51 761.73 157.37 -1 -1 -1 -1000 -1000 -1000 -10 0.0000 
Car -1 -1 -10 1046.30 46.63 1182.58 130.29 -1 -1 -1 -1000 -1000 -1000 -10 0.0000 
Car -1 -1 -10 812.79 235.84 934.42 282.78 -1 -1 -1 -1000 -1000 -1000 -10 0.0000 
Car -1 -1 -10 1052.00 199.42 1129.30 244.95 -1 -1 -1 -1000 -1000 -1000 -10 0.0000 
Car -1 -1 -10 772.55 221.44 855.27 269.14 -1 -1 -1 -1000 -1000 -1000 -10 0.0000 
Car -1 -1 -10 9.46 217.39 180.69 308.86 -1 -1 -1 -1000 -1000 -1000 -10 0.0000 
Car -1 -1 -10 453.13 223.52 539.77 253.20 -1 -1 -1 -1000 -1000 -1000 -10 0.0000 
Car -1 -1 -10 320.49 196.05 397.75 247.98 -1 -1 -1 -1000 -1000 -1000 -10 0.0000 
