Car -1 -1 -10 599.83 179.88 629.15 207.75 -1 -1 -1 -1000 -1000 -1000 -10 0.9953 
Car -1 -1 -10 0.00 204.41 118.88 293.15 -1 -1 -1 -1000 -1000 -1000 -10 0.7922 
Car -1 -1 -10 459.66 185.98 489.55 205.59 -1 -1 -1 -1000 -1000 -1000 -10 0.2308 
Car -1 -1 -10 968.60 298.51 1009.40 322.99 -1 -1 -1 -1000 -1000 -1000 -10 0.0420 
Car -1 -1 -10 0.00 212.78 52.72 247.16 -1 -1 -1 -1000 -1000 -1000 -10 0.0096 
Car -1 -1 -10 0.00 88.28 119.90 154.38 -1 -1 -1 -1000 -1000 -1000 -10 0.0032 
Car -1 -1 -10 318.45 175.39 367.83 199.53 -1 -1 -1 -1000 -1000 -1000 -10 0.0027 
Car -1 -1 -10 653.43 77.73 698.64 105.37 -1 -1 -1 -1000 -1000 -1000 -10 0.0015 
Car -1 -1 -10 130.99 186.90 203.43 204.27 -1 -1 -1 -1000 -1000 -1000 -10 0.0011 
Car -1 -1 -10 8.46 206.90 135.28 245.31 -1 -1 -1 -1000 -1000 -1000 -10 0.0010 
Car -1 -1 -10 973.37 307.90 1050.53 353.67 -1 -1 -1 -1000 -1000 -1000 -10 0.0007 
Car -1 -1 -10 1182.90 23.13 1243.02 83.65 -1 -1 -1 -1000 -1000 -1000 -10 0.0003 
Car -1 -1 -10 251.16 106.40 310.00 133.17 -1 -1 -1 -1000 -1000 -1000 -10 0.0002 
Car -1 -1 -10 2.92 192.57 47.62 209.36 -1 -1 -1 -1000 -1000 -1000 -10 0.0002 
Car -1 -1 -10 225.42 93.18 288.03 117.72 -1 -1 -1 -1000 -1000 -1000 -10 0.0001 
Car -1 -1 -10 638.03 86.35 721.84 116.56 -1 -1 -1 -1000 -1000 -1000 -10 0.0001 
Car -1 -1 -10 252.74 194.76 302.85 205.85 -1 -1 -1 -1000 -1000 -1000 -10 0.0000 
Car -1 -1 -10 3.37 204.39 107.01 230.38 -1 -1 -1 -1000 -1000 -1000 -10 0.0000 
