Car -1 -1 -10 782.23 182.88 816.60 211.23 -1 -1 -1 -1000 -1000 -1000 -10 0.9997 
Car -1 -1 -10 561.79 188.83 776.11 312.45 -1 -1 -1 -1000 -1000 -1000 -10 0.9994 
Car -1 -1 -10 724.72 186.84 781.94 226.53 -1 -1 -1 -1000 -1000 -1000 -10 0.1189 
Car -1 -1 -10 651.74 192.25 759.03 242.18 -1 -1 -1 -1000 -1000 -1000 -10 0.0800 
Car -1 -1 -10 562.19 187.18 708.83 279.29 -1 -1 -1 -1000 -1000 -1000 -10 0.0343 
Car -1 -1 -10 111.19 142.83 164.61 171.49 -1 -1 -1 -1000 -1000 -1000 -10 0.0285 
Car -1 -1 -10 822.53 177.38 847.60 200.19 -1 -1 -1 -1000 -1000 -1000 -10 0.0215 
Car -1 -1 -10 215.02 193.78 280.32 221.89 -1 -1 -1 -1000 -1000 -1000 -10 0.0097 
Car -1 -1 -10 29.00 214.12 364.79 346.87 -1 -1 -1 -1000 -1000 -1000 -10 0.0093 
Car -1 -1 -10 80.14 197.14 195.41 241.06 -1 -1 -1 -1000 -1000 -1000 -10 0.0092 
Car -1 -1 -10 209.18 192.70 301.98 244.69 -1 -1 -1 -1000 -1000 -1000 -10 0.0070 
Car -1 -1 -10 48.44 127.19 97.56 161.79 -1 -1 -1 -1000 -1000 -1000 -10 0.0042 
Car -1 -1 -10 107.75 200.91 179.66 235.52 -1 -1 -1 -1000 -1000 -1000 -10 0.0034 
Car -1 -1 -10 925.15 267.86 984.94 292.41 -1 -1 -1 -1000 -1000 -1000 -10 0.0029 
Car -1 -1 -10 1004.00 300.97 1063.41 331.09 -1 -1 -1 -1000 -1000 -1000 -10 0.0019 
Car -1 -1 -10 579.05 191.59 694.37 238.20 -1 -1 -1 -1000 -1000 -1000 -10 0.0017 
Car -1 -1 -10 438.66 189.25 488.01 222.96 -1 -1 -1 -1000 -1000 -1000 -10 0.0015 
Car -1 -1 -10 1151.10 284.66 1222.75 320.50 -1 -1 -1 -1000 -1000 -1000 -10 0.0015 
Car -1 -1 -10 88.17 153.93 152.29 186.02 -1 -1 -1 -1000 -1000 -1000 -10 0.0011 
Car -1 -1 -10 670.66 190.53 773.25 273.92 -1 -1 -1 -1000 -1000 -1000 -10 0.0010 
Car -1 -1 -10 1177.10 305.61 1242.96 346.42 -1 -1 -1 -1000 -1000 -1000 -10 0.0009 
Car -1 -1 -10 995.24 291.06 1073.77 326.39 -1 -1 -1 -1000 -1000 -1000 -10 0.0008 
Car -1 -1 -10 1039.70 300.15 1105.94 325.90 -1 -1 -1 -1000 -1000 -1000 -10 0.0007 
Car -1 -1 -10 982.07 245.34 1039.89 269.02 -1 -1 -1 -1000 -1000 -1000 -10 0.0007 
Car -1 -1 -10 803.93 164.72 833.30 205.01 -1 -1 -1 -1000 -1000 -1000 -10 0.0006 
Car -1 -1 -10 982.76 293.45 1040.18 327.73 -1 -1 -1 -1000 -1000 -1000 -10 0.0006 
Car -1 -1 -10 966.66 249.97 1027.26 271.11 -1 -1 -1 -1000 -1000 -1000 -10 0.0006 
Car -1 -1 -10 987.18 252.73 1040.43 277.46 -1 -1 -1 -1000 -1000 -1000 -10 0.0006 
Car -1 -1 -10 967.74 275.16 1027.26 312.45 -1 -1 -1 -1000 -1000 -1000 -10 0.0006 
Car -1 -1 -10 1017.40 298.39 1088.96 323.62 -1 -1 -1 -1000 -1000 -1000 -10 0.0005 
Car -1 -1 -10 908.95 311.27 956.44 342.49 -1 -1 -1 -1000 -1000 -1000 -10 0.0005 
Car -1 -1 -10 1008.90 251.91 1071.66 279.19 -1 -1 -1 -1000 -1000 -1000 -10 0.0004 
Car -1 -1 -10 148.07 215.76 345.74 318.03 -1 -1 -1 -1000 -1000 -1000 -10 0.0003 
Car -1 -1 -10 828.51 75.40 881.23 107.58 -1 -1 -1 -1000 -1000 -1000 -10 0.0003 
Car -1 -1 -10 1041.10 326.65 1119.15 357.34 -1 -1 -1 -1000 -1000 -1000 -10 0.0003 
Car -1 -1 -10 843.84 178.10 871.90 194.51 -1 -1 -1 -1000 -1000 -1000 -10 0.0003 
Car -1 -1 -10 986.40 282.94 1063.19 316.62 -1 -1 -1 -1000 -1000 -1000 -10 0.0002 
Car -1 -1 -10 1033.50 320.04 1174.79 355.77 -1 -1 -1 -1000 -1000 -1000 -10 0.0002 
Car -1 -1 -10 153.01 151.91 237.31 190.39 -1 -1 -1 -1000 -1000 -1000 -10 0.0002 
Car -1 -1 -10 755.94 187.93 782.63 217.82 -1 -1 -1 -1000 -1000 -1000 -10 0.0002 
Car -1 -1 -10 813.85 84.08 895.14 119.11 -1 -1 -1 -1000 -1000 -1000 -10 0.0002 
Car -1 -1 -10 1093.90 269.64 1175.78 290.40 -1 -1 -1 -1000 -1000 -1000 -10 0.0001 
Car -1 -1 -10 1030.00 292.37 1096.70 315.37 -1 -1 -1 -1000 -1000 -1000 -10 0.0001 
Car -1 -1 -10 996.34 312.56 1122.33 356.56 -1 -1 -1 -1000 -1000 -1000 -10 0.0001 
Car -1 -1 -10 830.05 64.25 921.73 100.65 -1 -1 -1 -1000 -1000 -1000 -10 0.0001 
Car -1 -1 -10 1087.60 266.65 1198.37 299.60 -1 -1 -1 -1000 -1000 -1000 -10 0.0001 
Car -1 -1 -10 42.06 286.13 151.38 345.02 -1 -1 -1 -1000 -1000 -1000 -10 0.0001 
Car -1 -1 -10 885.44 308.21 979.92 347.98 -1 -1 -1 -1000 -1000 -1000 -10 0.0000 
Car -1 -1 -10 898.80 300.41 991.15 337.20 -1 -1 -1 -1000 -1000 -1000 -10 0.0000 
Car -1 -1 -10 765.50 184.34 796.13 210.00 -1 -1 -1 -1000 -1000 -1000 -10 0.0000 
Car -1 -1 -10 943.65 226.67 985.65 245.94 -1 -1 -1 -1000 -1000 -1000 -10 0.0000 
Car -1 -1 -10 844.03 180.37 895.98 203.44 -1 -1 -1 -1000 -1000 -1000 -10 0.0000 
