Car -1 -1 -10 276.02 202.13 380.04 262.03 -1 -1 -1 -1000 -1000 -1000 -10 0.0635 
Car -1 -1 -10 170.21 176.50 252.38 231.39 -1 -1 -1 -1000 -1000 -1000 -10 0.0216 
Car -1 -1 -10 303.57 201.18 365.75 241.08 -1 -1 -1 -1000 -1000 -1000 -10 0.0015 
Car -1 -1 -10 435.27 202.96 537.52 249.99 -1 -1 -1 -1000 -1000 -1000 -10 0.0014 
Car -1 -1 -10 559.53 172.29 619.53 196.25 -1 -1 -1 -1000 -1000 -1000 -10 0.0013 
Car -1 -1 -10 744.17 58.03 1235.46 375.00 -1 -1 -1 -1000 -1000 -1000 -10 0.0011 
Car -1 -1 -10 584.43 158.56 651.15 206.64 -1 -1 -1 -1000 -1000 -1000 -10 0.0007 
Car -1 -1 -10 778.36 191.51 814.36 219.59 -1 -1 -1 -1000 -1000 -1000 -10 0.0005 
Car -1 -1 -10 779.20 188.33 843.84 238.98 -1 -1 -1 -1000 -1000 -1000 -10 0.0004 
Car -1 -1 -10 167.34 123.11 238.46 163.56 -1 -1 -1 -1000 -1000 -1000 -10 0.0004 
Car -1 -1 -10 722.10 90.64 782.50 142.76 -1 -1 -1 -1000 -1000 -1000 -10 0.0002 
Car -1 -1 -10 408.07 108.41 464.70 141.49 -1 -1 -1 -1000 -1000 -1000 -10 0.0002 
Car -1 -1 -10 727.40 196.92 794.93 259.87 -1 -1 -1 -1000 -1000 -1000 -10 0.0001 
Car -1 -1 -10 516.67 183.12 566.46 207.27 -1 -1 -1 -1000 -1000 -1000 -10 0.0001 
Car -1 -1 -10 743.48 97.85 809.08 138.44 -1 -1 -1 -1000 -1000 -1000 -10 0.0001 
Car -1 -1 -10 101.95 159.08 204.40 282.27 -1 -1 -1 -1000 -1000 -1000 -10 0.0001 
Car -1 -1 -10 751.71 193.89 812.40 236.03 -1 -1 -1 -1000 -1000 -1000 -10 0.0001 
Car -1 -1 -10 511.80 188.03 570.01 219.42 -1 -1 -1 -1000 -1000 -1000 -10 0.0000 
Car -1 -1 -10 667.84 77.92 787.13 146.23 -1 -1 -1 -1000 -1000 -1000 -10 0.0000 
Car -1 -1 -10 650.23 81.64 726.38 135.12 -1 -1 -1 -1000 -1000 -1000 -10 0.0000 
Car -1 -1 -10 150.47 184.21 220.14 284.89 -1 -1 -1 -1000 -1000 -1000 -10 0.0000 
Car -1 -1 -10 799.43 215.71 845.98 246.81 -1 -1 -1 -1000 -1000 -1000 -10 0.0000 
Car -1 -1 -10 592.34 83.57 646.94 123.31 -1 -1 -1 -1000 -1000 -1000 -10 0.0000 
Car -1 -1 -10 615.42 152.80 653.07 185.18 -1 -1 -1 -1000 -1000 -1000 -10 0.0000 
Car -1 -1 -10 721.67 103.73 823.19 153.52 -1 -1 -1 -1000 -1000 -1000 -10 0.0000 
Car -1 -1 -10 679.56 111.18 818.82 163.79 -1 -1 -1 -1000 -1000 -1000 -10 0.0000 
Car -1 -1 -10 332.33 106.79 457.02 140.78 -1 -1 -1 -1000 -1000 -1000 -10 0.0000 
