Car -1 -1 -10 425.45 181.67 511.88 207.48 -1 -1 -1 -1000 -1000 -1000 -10 0.9967 
Car -1 -1 -10 361.08 181.12 396.61 204.66 -1 -1 -1 -1000 -1000 -1000 -10 0.3840 
Car -1 -1 -10 1164.70 107.94 1207.09 131.44 -1 -1 -1 -1000 -1000 -1000 -10 0.0086 
Car -1 -1 -10 1160.40 112.11 1224.01 140.70 -1 -1 -1 -1000 -1000 -1000 -10 0.0047 
Car -1 -1 -10 375.67 180.40 408.77 201.75 -1 -1 -1 -1000 -1000 -1000 -10 0.0037 
Car -1 -1 -10 893.18 319.56 944.02 342.35 -1 -1 -1 -1000 -1000 -1000 -10 0.0031 
Car -1 -1 -10 841.49 315.14 891.74 343.24 -1 -1 -1 -1000 -1000 -1000 -10 0.0026 
Car -1 -1 -10 1203.30 115.79 1242.99 150.81 -1 -1 -1 -1000 -1000 -1000 -10 0.0021 
Car -1 -1 -10 340.50 181.03 377.69 206.34 -1 -1 -1 -1000 -1000 -1000 -10 0.0018 
Car -1 -1 -10 1212.60 105.78 1242.88 133.20 -1 -1 -1 -1000 -1000 -1000 -10 0.0013 
Car -1 -1 -10 835.60 321.95 895.53 354.57 -1 -1 -1 -1000 -1000 -1000 -10 0.0008 
Car -1 -1 -10 1175.40 131.66 1242.73 167.15 -1 -1 -1 -1000 -1000 -1000 -10 0.0005 
Car -1 -1 -10 344.33 188.98 445.70 212.02 -1 -1 -1 -1000 -1000 -1000 -10 0.0004 
Car -1 -1 -10 1116.30 131.64 1185.20 168.86 -1 -1 -1 -1000 -1000 -1000 -10 0.0003 
Car -1 -1 -10 1156.00 113.58 1238.88 166.28 -1 -1 -1 -1000 -1000 -1000 -10 0.0003 
Car -1 -1 -10 562.60 175.87 605.10 189.40 -1 -1 -1 -1000 -1000 -1000 -10 0.0000 
Car -1 -1 -10 310.04 178.55 378.81 202.01 -1 -1 -1 -1000 -1000 -1000 -10 0.0000 
Car -1 -1 -10 741.54 296.41 832.65 337.28 -1 -1 -1 -1000 -1000 -1000 -10 0.0000 
Car -1 -1 -10 275.73 168.25 370.04 202.61 -1 -1 -1 -1000 -1000 -1000 -10 0.0000 
