Car -1 -1 -10 562.54 181.21 621.49 228.69 -1 -1 -1 -1000 -1000 -1000 -10 1.0000 
Car -1 -1 -10 642.15 180.66 695.76 223.08 -1 -1 -1 -1000 -1000 -1000 -10 0.9999 
Car -1 -1 -10 740.23 176.43 980.69 347.22 -1 -1 -1 -1000 -1000 -1000 -10 0.9998 
Car -1 -1 -10 171.85 194.16 458.47 376.00 -1 -1 -1 -1000 -1000 -1000 -10 0.9993 
Car -1 -1 -10 124.97 184.30 236.21 230.25 -1 -1 -1 -1000 -1000 -1000 -10 0.9966 
Car -1 -1 -10 521.83 180.64 563.09 210.90 -1 -1 -1 -1000 -1000 -1000 -10 0.9956 
Car -1 -1 -10 344.93 187.12 501.81 292.53 -1 -1 -1 -1000 -1000 -1000 -10 0.5361 
Car -1 -1 -10 440.17 177.05 523.97 203.93 -1 -1 -1 -1000 -1000 -1000 -10 0.2364 
Car -1 -1 -10 373.49 180.26 493.22 216.43 -1 -1 -1 -1000 -1000 -1000 -10 0.2215 
Car -1 -1 -10 478.39 178.69 522.89 201.43 -1 -1 -1 -1000 -1000 -1000 -10 0.1909 
Car -1 -1 -10 826.92 246.87 1243.00 369.53 -1 -1 -1 -1000 -1000 -1000 -10 0.0531 
Car -1 -1 -10 1002.30 260.96 1243.00 376.00 -1 -1 -1 -1000 -1000 -1000 -10 0.0427 
Car -1 -1 -10 298.12 178.00 356.68 205.94 -1 -1 -1 -1000 -1000 -1000 -10 0.0369 
Car -1 -1 -10 176.03 184.80 239.22 228.13 -1 -1 -1 -1000 -1000 -1000 -10 0.0317 
Car -1 -1 -10 9.91 167.93 73.45 202.61 -1 -1 -1 -1000 -1000 -1000 -10 0.0080 
Car -1 -1 -10 194.95 51.13 276.78 85.83 -1 -1 -1 -1000 -1000 -1000 -10 0.0080 
Car -1 -1 -10 1057.70 41.85 1128.63 68.61 -1 -1 -1 -1000 -1000 -1000 -10 0.0038 
Car -1 -1 -10 287.27 175.44 369.04 216.19 -1 -1 -1 -1000 -1000 -1000 -10 0.0033 
Car -1 -1 -10 160.79 89.48 264.25 140.92 -1 -1 -1 -1000 -1000 -1000 -10 0.0030 
Car -1 -1 -10 945.69 71.18 1018.71 112.77 -1 -1 -1 -1000 -1000 -1000 -10 0.0029 
Car -1 -1 -10 616.14 176.33 639.53 199.82 -1 -1 -1 -1000 -1000 -1000 -10 0.0026 
Car -1 -1 -10 153.09 37.08 273.91 84.12 -1 -1 -1 -1000 -1000 -1000 -10 0.0024 
Car -1 -1 -10 178.85 101.65 247.74 135.53 -1 -1 -1 -1000 -1000 -1000 -10 0.0018 
Car -1 -1 -10 901.50 316.70 1085.99 372.77 -1 -1 -1 -1000 -1000 -1000 -10 0.0017 
Car -1 -1 -10 227.53 190.83 324.69 231.55 -1 -1 -1 -1000 -1000 -1000 -10 0.0016 
Car -1 -1 -10 156.73 89.02 212.80 127.68 -1 -1 -1 -1000 -1000 -1000 -10 0.0013 
Car -1 -1 -10 1069.60 219.78 1133.35 251.47 -1 -1 -1 -1000 -1000 -1000 -10 0.0010 
Car -1 -1 -10 173.38 180.33 215.50 213.18 -1 -1 -1 -1000 -1000 -1000 -10 0.0009 
Car -1 -1 -10 972.08 239.24 1021.13 287.42 -1 -1 -1 -1000 -1000 -1000 -10 0.0008 
Car -1 -1 -10 498.78 173.35 546.11 202.12 -1 -1 -1 -1000 -1000 -1000 -10 0.0008 
Car -1 -1 -10 0.00 179.74 64.40 227.40 -1 -1 -1 -1000 -1000 -1000 -10 0.0007 
Car -1 -1 -10 383.84 178.45 447.98 212.78 -1 -1 -1 -1000 -1000 -1000 -10 0.0007 
Car -1 -1 -10 756.21 105.29 823.59 130.11 -1 -1 -1 -1000 -1000 -1000 -10 0.0003 
Car -1 -1 -10 1105.20 148.65 1157.58 172.87 -1 -1 -1 -1000 -1000 -1000 -10 0.0003 
Car -1 -1 -10 710.96 168.40 749.75 205.28 -1 -1 -1 -1000 -1000 -1000 -10 0.0003 
Car -1 -1 -10 443.98 178.04 496.23 217.75 -1 -1 -1 -1000 -1000 -1000 -10 0.0003 
Car -1 -1 -10 183.29 53.45 282.67 106.85 -1 -1 -1 -1000 -1000 -1000 -10 0.0003 
Car -1 -1 -10 353.26 183.46 481.26 249.32 -1 -1 -1 -1000 -1000 -1000 -10 0.0003 
Car -1 -1 -10 1143.00 163.20 1201.57 220.54 -1 -1 -1 -1000 -1000 -1000 -10 0.0002 
Car -1 -1 -10 347.84 200.40 429.09 240.35 -1 -1 -1 -1000 -1000 -1000 -10 0.0002 
Car -1 -1 -10 425.79 179.65 501.45 281.32 -1 -1 -1 -1000 -1000 -1000 -10 0.0002 
Car -1 -1 -10 632.16 178.26 670.08 205.33 -1 -1 -1 -1000 -1000 -1000 -10 0.0002 
Car -1 -1 -10 927.99 123.57 974.26 145.22 -1 -1 -1 -1000 -1000 -1000 -10 0.0002 
Car -1 -1 -10 516.15 178.84 544.99 206.02 -1 -1 -1 -1000 -1000 -1000 -10 0.0001 
Car -1 -1 -10 1124.00 219.12 1183.82 263.81 -1 -1 -1 -1000 -1000 -1000 -10 0.0001 
Car -1 -1 -10 628.63 177.33 653.19 204.21 -1 -1 -1 -1000 -1000 -1000 -10 0.0001 
Car -1 -1 -10 855.17 185.52 959.04 271.45 -1 -1 -1 -1000 -1000 -1000 -10 0.0001 
Car -1 -1 -10 372.22 178.85 425.59 219.91 -1 -1 -1 -1000 -1000 -1000 -10 0.0001 
Car -1 -1 -10 1010.70 241.01 1162.55 336.26 -1 -1 -1 -1000 -1000 -1000 -10 0.0001 
Car -1 -1 -10 753.37 185.25 879.84 246.17 -1 -1 -1 -1000 -1000 -1000 -10 0.0001 
Car -1 -1 -10 639.28 62.35 700.81 96.57 -1 -1 -1 -1000 -1000 -1000 -10 0.0001 
Car -1 -1 -10 215.11 192.62 346.03 255.76 -1 -1 -1 -1000 -1000 -1000 -10 0.0001 
Car -1 -1 -10 742.99 174.94 803.44 226.83 -1 -1 -1 -1000 -1000 -1000 -10 0.0001 
Car -1 -1 -10 991.36 246.75 1084.86 292.61 -1 -1 -1 -1000 -1000 -1000 -10 0.0000 
Car -1 -1 -10 193.73 182.68 253.66 213.09 -1 -1 -1 -1000 -1000 -1000 -10 0.0000 
Car -1 -1 -10 741.86 182.20 814.54 262.78 -1 -1 -1 -1000 -1000 -1000 -10 0.0000 
Car -1 -1 -10 1073.50 204.31 1125.36 241.84 -1 -1 -1 -1000 -1000 -1000 -10 0.0000 
Car -1 -1 -10 896.65 187.82 961.54 233.45 -1 -1 -1 -1000 -1000 -1000 -10 0.0000 
Car -1 -1 -10 823.91 187.88 897.83 255.10 -1 -1 -1 -1000 -1000 -1000 -10 0.0000 
Car -1 -1 -10 314.51 180.95 375.24 201.55 -1 -1 -1 -1000 -1000 -1000 -10 0.0000 
Car -1 -1 -10 1141.20 146.40 1226.66 201.64 -1 -1 -1 -1000 -1000 -1000 -10 0.0000 
Car -1 -1 -10 1119.00 273.98 1243.00 366.15 -1 -1 -1 -1000 -1000 -1000 -10 0.0000 
Car -1 -1 -10 310.78 213.26 461.90 331.73 -1 -1 -1 -1000 -1000 -1000 -10 0.0000 
Car -1 -1 -10 0.00 193.29 121.77 245.87 -1 -1 -1 -1000 -1000 -1000 -10 0.0000 
Car -1 -1 -10 557.60 184.60 580.97 224.61 -1 -1 -1 -1000 -1000 -1000 -10 0.0000 
Car -1 -1 -10 895.71 250.43 969.19 332.30 -1 -1 -1 -1000 -1000 -1000 -10 0.0000 
Car -1 -1 -10 602.06 178.26 632.96 204.82 -1 -1 -1 -1000 -1000 -1000 -10 0.0000 
Car -1 -1 -10 444.61 185.35 495.04 245.45 -1 -1 -1 -1000 -1000 -1000 -10 0.0000 
Car -1 -1 -10 24.59 210.58 98.44 232.88 -1 -1 -1 -1000 -1000 -1000 -10 0.0000 
