Car -1 -1 -10 697.78 176.69 806.98 256.40 -1 -1 -1 -1000 -1000 -1000 -10 0.9999 
Car -1 -1 -10 443.76 181.78 502.29 219.28 -1 -1 -1 -1000 -1000 -1000 -10 0.9997 
Car -1 -1 -10 0.00 203.73 261.71 358.68 -1 -1 -1 -1000 -1000 -1000 -10 0.9940 
Car -1 -1 -10 838.43 153.59 1078.76 224.14 -1 -1 -1 -1000 -1000 -1000 -10 0.9915 
Car -1 -1 -10 289.63 180.51 444.49 260.22 -1 -1 -1 -1000 -1000 -1000 -10 0.9875 
Car -1 -1 -10 980.91 131.70 1243.00 275.59 -1 -1 -1 -1000 -1000 -1000 -10 0.6580 
Car -1 -1 -10 479.69 179.34 514.06 213.00 -1 -1 -1 -1000 -1000 -1000 -10 0.6389 
Car -1 -1 -10 284.13 198.17 392.76 265.49 -1 -1 -1 -1000 -1000 -1000 -10 0.0886 
Car -1 -1 -10 491.88 178.14 534.05 206.45 -1 -1 -1 -1000 -1000 -1000 -10 0.0428 
Car -1 -1 -10 953.30 148.79 1066.43 252.25 -1 -1 -1 -1000 -1000 -1000 -10 0.0415 
Car -1 -1 -10 709.26 161.71 802.67 195.66 -1 -1 -1 -1000 -1000 -1000 -10 0.0309 
Car -1 -1 -10 902.01 156.23 970.50 189.15 -1 -1 -1 -1000 -1000 -1000 -10 0.0290 
Car -1 -1 -10 906.45 152.94 960.64 175.89 -1 -1 -1 -1000 -1000 -1000 -10 0.0113 
Car -1 -1 -10 700.46 159.10 751.26 195.47 -1 -1 -1 -1000 -1000 -1000 -10 0.0091 
Car -1 -1 -10 799.74 176.17 916.64 223.38 -1 -1 -1 -1000 -1000 -1000 -10 0.0074 
Car -1 -1 -10 864.03 157.69 971.64 212.75 -1 -1 -1 -1000 -1000 -1000 -10 0.0051 
Car -1 -1 -10 327.54 183.01 437.60 225.15 -1 -1 -1 -1000 -1000 -1000 -10 0.0019 
Car -1 -1 -10 994.39 178.53 1098.36 256.60 -1 -1 -1 -1000 -1000 -1000 -10 0.0014 
Car -1 -1 -10 713.77 91.04 810.33 135.37 -1 -1 -1 -1000 -1000 -1000 -10 0.0011 
Car -1 -1 -10 836.90 156.35 927.09 207.96 -1 -1 -1 -1000 -1000 -1000 -10 0.0007 
Car -1 -1 -10 49.51 212.06 139.60 242.17 -1 -1 -1 -1000 -1000 -1000 -10 0.0006 
Car -1 -1 -10 704.56 161.75 771.82 212.83 -1 -1 -1 -1000 -1000 -1000 -10 0.0005 
Car -1 -1 -10 507.07 175.97 547.90 201.37 -1 -1 -1 -1000 -1000 -1000 -10 0.0005 
Car -1 -1 -10 5.21 218.24 91.07 243.50 -1 -1 -1 -1000 -1000 -1000 -10 0.0005 
Car -1 -1 -10 1080.50 129.84 1191.63 161.69 -1 -1 -1 -1000 -1000 -1000 -10 0.0005 
Car -1 -1 -10 939.26 152.58 1068.36 200.45 -1 -1 -1 -1000 -1000 -1000 -10 0.0004 
Car -1 -1 -10 366.82 182.64 440.65 244.46 -1 -1 -1 -1000 -1000 -1000 -10 0.0003 
Car -1 -1 -10 812.16 185.30 876.80 228.09 -1 -1 -1 -1000 -1000 -1000 -10 0.0003 
Car -1 -1 -10 840.86 169.12 919.00 196.12 -1 -1 -1 -1000 -1000 -1000 -10 0.0002 
Car -1 -1 -10 1044.40 143.50 1106.63 163.22 -1 -1 -1 -1000 -1000 -1000 -10 0.0002 
Car -1 -1 -10 986.88 231.39 1096.81 257.62 -1 -1 -1 -1000 -1000 -1000 -10 0.0002 
Car -1 -1 -10 726.06 161.41 804.68 227.28 -1 -1 -1 -1000 -1000 -1000 -10 0.0002 
Car -1 -1 -10 128.28 206.98 255.63 296.38 -1 -1 -1 -1000 -1000 -1000 -10 0.0001 
Car -1 -1 -10 831.71 205.94 884.93 229.12 -1 -1 -1 -1000 -1000 -1000 -10 0.0001 
Car -1 -1 -10 695.07 171.48 756.46 241.28 -1 -1 -1 -1000 -1000 -1000 -10 0.0001 
Car -1 -1 -10 187.90 206.77 242.19 227.94 -1 -1 -1 -1000 -1000 -1000 -10 0.0001 
Car -1 -1 -10 638.18 174.68 683.39 197.21 -1 -1 -1 -1000 -1000 -1000 -10 0.0001 
Car -1 -1 -10 828.85 49.33 908.35 103.45 -1 -1 -1 -1000 -1000 -1000 -10 0.0000 
Car -1 -1 -10 48.30 210.16 250.42 270.92 -1 -1 -1 -1000 -1000 -1000 -10 0.0000 
Car -1 -1 -10 847.68 158.66 913.14 187.72 -1 -1 -1 -1000 -1000 -1000 -10 0.0000 
Car -1 -1 -10 1033.60 144.93 1125.30 181.22 -1 -1 -1 -1000 -1000 -1000 -10 0.0000 
Car -1 -1 -10 942.17 198.04 1033.03 256.33 -1 -1 -1 -1000 -1000 -1000 -10 0.0000 
Car -1 -1 -10 439.24 192.08 484.15 218.13 -1 -1 -1 -1000 -1000 -1000 -10 0.0000 
Car -1 -1 -10 933.06 147.98 976.99 166.82 -1 -1 -1 -1000 -1000 -1000 -10 0.0000 
Car -1 -1 -10 763.64 181.24 834.41 216.99 -1 -1 -1 -1000 -1000 -1000 -10 0.0000 
Car -1 -1 -10 177.11 209.06 252.39 266.48 -1 -1 -1 -1000 -1000 -1000 -10 0.0000 
Car -1 -1 -10 1012.10 143.39 1191.23 191.44 -1 -1 -1 -1000 -1000 -1000 -10 0.0000 
Car -1 -1 -10 819.50 211.22 885.07 238.99 -1 -1 -1 -1000 -1000 -1000 -10 0.0000 
Car -1 -1 -10 752.89 176.37 812.98 239.83 -1 -1 -1 -1000 -1000 -1000 -10 0.0000 
Car -1 -1 -10 1070.80 167.70 1242.97 261.64 -1 -1 -1 -1000 -1000 -1000 -10 0.0000 
Car -1 -1 -10 792.49 210.53 851.21 227.55 -1 -1 -1 -1000 -1000 -1000 -10 0.0000 
Car -1 -1 -10 777.98 213.83 843.85 245.84 -1 -1 -1 -1000 -1000 -1000 -10 0.0000 
