Car -1 -1 -10 594.56 173.33 643.93 217.43 -1 -1 -1 -1000 -1000 -1000 -10 0.9999 
Car -1 -1 -10 59.54 193.87 107.76 220.43 -1 -1 -1 -1000 -1000 -1000 -10 0.6080 
Car -1 -1 -10 673.97 176.62 710.70 197.13 -1 -1 -1 -1000 -1000 -1000 -10 0.0076 
Car -1 -1 -10 13.52 181.62 90.87 220.12 -1 -1 -1 -1000 -1000 -1000 -10 0.0028 
Car -1 -1 -10 975.26 210.15 1050.43 270.22 -1 -1 -1 -1000 -1000 -1000 -10 0.0024 
Car -1 -1 -10 60.92 207.18 115.30 223.11 -1 -1 -1 -1000 -1000 -1000 -10 0.0019 
Car -1 -1 -10 649.82 178.74 710.60 218.38 -1 -1 -1 -1000 -1000 -1000 -10 0.0017 
Car -1 -1 -10 120.66 98.84 200.56 130.71 -1 -1 -1 -1000 -1000 -1000 -10 0.0011 
Car -1 -1 -10 452.78 182.89 482.43 201.49 -1 -1 -1 -1000 -1000 -1000 -10 0.0010 
Car -1 -1 -10 502.22 145.36 565.75 212.29 -1 -1 -1 -1000 -1000 -1000 -10 0.0009 
Car -1 -1 -10 873.33 121.35 921.63 145.12 -1 -1 -1 -1000 -1000 -1000 -10 0.0007 
Car -1 -1 -10 617.25 66.05 680.76 86.84 -1 -1 -1 -1000 -1000 -1000 -10 0.0006 
Car -1 -1 -10 959.90 47.88 1027.13 102.81 -1 -1 -1 -1000 -1000 -1000 -10 0.0003 
Car -1 -1 -10 1.69 204.52 38.44 227.45 -1 -1 -1 -1000 -1000 -1000 -10 0.0003 
Car -1 -1 -10 976.29 210.76 1029.89 236.22 -1 -1 -1 -1000 -1000 -1000 -10 0.0002 
Car -1 -1 -10 867.93 198.93 924.81 220.72 -1 -1 -1 -1000 -1000 -1000 -10 0.0002 
Car -1 -1 -10 969.09 209.67 1012.16 228.11 -1 -1 -1 -1000 -1000 -1000 -10 0.0002 
Car -1 -1 -10 961.64 208.66 1015.09 239.25 -1 -1 -1 -1000 -1000 -1000 -10 0.0002 
Car -1 -1 -10 676.80 164.70 715.18 190.36 -1 -1 -1 -1000 -1000 -1000 -10 0.0001 
Car -1 -1 -10 1048.10 158.69 1108.74 188.20 -1 -1 -1 -1000 -1000 -1000 -10 0.0001 
Car -1 -1 -10 967.58 212.47 1025.11 256.76 -1 -1 -1 -1000 -1000 -1000 -10 0.0001 
Car -1 -1 -10 590.00 175.13 619.05 201.92 -1 -1 -1 -1000 -1000 -1000 -10 0.0001 
Car -1 -1 -10 476.09 180.22 506.73 200.69 -1 -1 -1 -1000 -1000 -1000 -10 0.0001 
Car -1 -1 -10 581.46 174.94 604.01 194.49 -1 -1 -1 -1000 -1000 -1000 -10 0.0001 
Car -1 -1 -10 1022.80 169.81 1082.18 201.08 -1 -1 -1 -1000 -1000 -1000 -10 0.0000 
Car -1 -1 -10 534.55 159.85 573.26 205.11 -1 -1 -1 -1000 -1000 -1000 -10 0.0000 
Car -1 -1 -10 520.83 127.75 576.57 152.49 -1 -1 -1 -1000 -1000 -1000 -10 0.0000 
Car -1 -1 -10 616.89 157.87 639.83 195.92 -1 -1 -1 -1000 -1000 -1000 -10 0.0000 
