Car -1 -1 -10 344.99 188.10 413.34 225.39 -1 -1 -1 -1000 -1000 -1000 -10 0.9895 
Car -1 -1 -10 419.72 186.19 457.64 208.44 -1 -1 -1 -1000 -1000 -1000 -10 0.9003 
Car -1 -1 -10 0.00 181.83 241.62 310.45 -1 -1 -1 -1000 -1000 -1000 -10 0.8196 
Car -1 -1 -10 461.35 157.71 499.72 207.31 -1 -1 -1 -1000 -1000 -1000 -10 0.1412 
Car -1 -1 -10 522.63 176.98 543.11 197.26 -1 -1 -1 -1000 -1000 -1000 -10 0.0358 
Car -1 -1 -10 1091.30 89.32 1148.95 122.54 -1 -1 -1 -1000 -1000 -1000 -10 0.0023 
Car -1 -1 -10 87.68 180.66 224.36 279.46 -1 -1 -1 -1000 -1000 -1000 -10 0.0005 
Car -1 -1 -10 42.48 188.36 110.46 212.10 -1 -1 -1 -1000 -1000 -1000 -10 0.0001 
Car -1 -1 -10 227.01 153.05 301.30 199.24 -1 -1 -1 -1000 -1000 -1000 -10 0.0000 
Car -1 -1 -10 148.45 184.24 240.65 231.42 -1 -1 -1 -1000 -1000 -1000 -10 0.0000 
Car -1 -1 -10 406.55 184.35 466.19 236.09 -1 -1 -1 -1000 -1000 -1000 -10 0.0000 
Car -1 -1 -10 509.02 181.40 537.81 198.16 -1 -1 -1 -1000 -1000 -1000 -10 0.0000 
Car -1 -1 -10 495.53 185.02 522.57 199.84 -1 -1 -1 -1000 -1000 -1000 -10 0.0000 
