Car -1 -1 -10 340.12 179.98 510.08 255.42 -1 -1 -1 -1000 -1000 -1000 -10 1.0000 
Car -1 -1 -10 597.10 177.82 661.18 229.14 -1 -1 -1 -1000 -1000 -1000 -10 0.9999 
Car -1 -1 -10 796.58 187.65 1013.58 302.83 -1 -1 -1 -1000 -1000 -1000 -10 0.9987 
Car -1 -1 -10 744.11 179.19 870.86 255.78 -1 -1 -1 -1000 -1000 -1000 -10 0.9972 
Car -1 -1 -10 714.75 163.98 799.22 231.79 -1 -1 -1 -1000 -1000 -1000 -10 0.9917 
Car -1 -1 -10 236.07 173.59 369.14 235.38 -1 -1 -1 -1000 -1000 -1000 -10 0.9737 
Car -1 -1 -10 0.00 180.59 248.05 376.00 -1 -1 -1 -1000 -1000 -1000 -10 0.7681 
Car -1 -1 -10 940.42 178.14 1243.00 376.00 -1 -1 -1 -1000 -1000 -1000 -10 0.5243 
Car -1 -1 -10 774.48 171.24 868.18 207.56 -1 -1 -1 -1000 -1000 -1000 -10 0.2793 
Car -1 -1 -10 455.36 175.34 533.76 217.79 -1 -1 -1 -1000 -1000 -1000 -10 0.1925 
Car -1 -1 -10 0.00 173.21 184.83 232.07 -1 -1 -1 -1000 -1000 -1000 -10 0.0990 
Car -1 -1 -10 67.16 178.93 329.87 249.27 -1 -1 -1 -1000 -1000 -1000 -10 0.0353 
Car -1 -1 -10 483.71 172.12 555.39 206.52 -1 -1 -1 -1000 -1000 -1000 -10 0.0273 
Car -1 -1 -10 731.46 170.02 826.25 246.08 -1 -1 -1 -1000 -1000 -1000 -10 0.0239 
Car -1 -1 -10 287.12 170.72 400.40 234.01 -1 -1 -1 -1000 -1000 -1000 -10 0.0170 
Car -1 -1 -10 73.06 174.69 154.24 213.85 -1 -1 -1 -1000 -1000 -1000 -10 0.0168 
Car -1 -1 -10 14.93 171.83 129.16 220.62 -1 -1 -1 -1000 -1000 -1000 -10 0.0129 
Car -1 -1 -10 528.74 157.84 588.13 194.42 -1 -1 -1 -1000 -1000 -1000 -10 0.0127 
Car -1 -1 -10 1174.20 188.46 1243.03 257.96 -1 -1 -1 -1000 -1000 -1000 -10 0.0082 
Car -1 -1 -10 165.45 178.05 293.04 273.41 -1 -1 -1 -1000 -1000 -1000 -10 0.0054 
Car -1 -1 -10 22.69 173.02 122.63 198.80 -1 -1 -1 -1000 -1000 -1000 -10 0.0050 
Car -1 -1 -10 474.81 175.24 521.69 210.03 -1 -1 -1 -1000 -1000 -1000 -10 0.0048 
Car -1 -1 -10 1206.20 93.55 1243.04 115.04 -1 -1 -1 -1000 -1000 -1000 -10 0.0038 
Car -1 -1 -10 58.25 175.52 294.03 320.03 -1 -1 -1 -1000 -1000 -1000 -10 0.0025 
Car -1 -1 -10 352.30 180.62 449.49 219.70 -1 -1 -1 -1000 -1000 -1000 -10 0.0015 
Car -1 -1 -10 499.67 165.96 568.42 199.99 -1 -1 -1 -1000 -1000 -1000 -10 0.0011 
Car -1 -1 -10 261.61 272.61 322.80 315.68 -1 -1 -1 -1000 -1000 -1000 -10 0.0011 
Car -1 -1 -10 238.27 267.39 306.06 320.19 -1 -1 -1 -1000 -1000 -1000 -10 0.0007 
Car -1 -1 -10 886.50 196.77 992.89 254.15 -1 -1 -1 -1000 -1000 -1000 -10 0.0007 
Car -1 -1 -10 281.69 272.65 372.79 323.93 -1 -1 -1 -1000 -1000 -1000 -10 0.0003 
Car -1 -1 -10 752.48 181.46 846.40 230.99 -1 -1 -1 -1000 -1000 -1000 -10 0.0001 
Car -1 -1 -10 427.64 182.12 506.66 240.10 -1 -1 -1 -1000 -1000 -1000 -10 0.0000 
Car -1 -1 -10 826.09 73.85 885.72 94.65 -1 -1 -1 -1000 -1000 -1000 -10 0.0000 
Car -1 -1 -10 1032.60 184.18 1124.13 229.73 -1 -1 -1 -1000 -1000 -1000 -10 0.0000 
Car -1 -1 -10 235.10 169.69 317.23 216.43 -1 -1 -1 -1000 -1000 -1000 -10 0.0000 
Car -1 -1 -10 1058.00 166.06 1129.28 220.99 -1 -1 -1 -1000 -1000 -1000 -10 0.0000 
