Car -1 -1 -10 534.83 172.91 566.21 195.41 -1 -1 -1 -1000 -1000 -1000 -10 0.9991 
Car -1 -1 -10 850.10 146.87 961.32 184.19 -1 -1 -1 -1000 -1000 -1000 -10 0.9843 
Car -1 -1 -10 0.00 196.78 53.13 229.96 -1 -1 -1 -1000 -1000 -1000 -10 0.0989 
Car -1 -1 -10 938.62 149.24 987.77 174.21 -1 -1 -1 -1000 -1000 -1000 -10 0.0258 
Car -1 -1 -10 106.69 45.85 170.39 74.28 -1 -1 -1 -1000 -1000 -1000 -10 0.0068 
Car -1 -1 -10 1152.20 101.12 1211.43 133.99 -1 -1 -1 -1000 -1000 -1000 -10 0.0051 
Car -1 -1 -10 974.48 136.19 1028.90 174.32 -1 -1 -1 -1000 -1000 -1000 -10 0.0046 
Car -1 -1 -10 862.86 148.35 914.51 168.02 -1 -1 -1 -1000 -1000 -1000 -10 0.0041 
Car -1 -1 -10 996.36 218.36 1078.20 252.36 -1 -1 -1 -1000 -1000 -1000 -10 0.0036 
Car -1 -1 -10 604.84 165.80 641.66 190.75 -1 -1 -1 -1000 -1000 -1000 -10 0.0025 
Car -1 -1 -10 371.62 197.74 428.94 221.27 -1 -1 -1 -1000 -1000 -1000 -10 0.0023 
Car -1 -1 -10 973.37 227.79 1033.50 258.45 -1 -1 -1 -1000 -1000 -1000 -10 0.0022 
Car -1 -1 -10 269.53 206.77 344.93 242.46 -1 -1 -1 -1000 -1000 -1000 -10 0.0022 
Car -1 -1 -10 1000.80 122.11 1036.07 172.14 -1 -1 -1 -1000 -1000 -1000 -10 0.0021 
Car -1 -1 -10 1113.80 209.87 1166.69 236.56 -1 -1 -1 -1000 -1000 -1000 -10 0.0018 
Car -1 -1 -10 1017.90 143.51 1091.60 167.89 -1 -1 -1 -1000 -1000 -1000 -10 0.0016 
Car -1 -1 -10 303.14 46.39 377.46 98.78 -1 -1 -1 -1000 -1000 -1000 -10 0.0013 
Car -1 -1 -10 12.92 22.41 98.57 89.17 -1 -1 -1 -1000 -1000 -1000 -10 0.0012 
Car -1 -1 -10 1167.10 129.69 1224.96 164.46 -1 -1 -1 -1000 -1000 -1000 -10 0.0009 
Car -1 -1 -10 1041.50 117.21 1087.39 165.62 -1 -1 -1 -1000 -1000 -1000 -10 0.0009 
Car -1 -1 -10 1166.30 31.57 1224.97 63.98 -1 -1 -1 -1000 -1000 -1000 -10 0.0007 
Car -1 -1 -10 1044.50 226.54 1093.41 254.98 -1 -1 -1 -1000 -1000 -1000 -10 0.0007 
Car -1 -1 -10 906.19 198.31 958.96 244.02 -1 -1 -1 -1000 -1000 -1000 -10 0.0007 
Car -1 -1 -10 1066.40 69.63 1111.16 95.51 -1 -1 -1 -1000 -1000 -1000 -10 0.0006 
Car -1 -1 -10 42.92 197.07 119.61 231.03 -1 -1 -1 -1000 -1000 -1000 -10 0.0006 
Car -1 -1 -10 1011.50 237.85 1083.76 286.54 -1 -1 -1 -1000 -1000 -1000 -10 0.0006 
Car -1 -1 -10 987.24 216.35 1037.60 253.61 -1 -1 -1 -1000 -1000 -1000 -10 0.0005 
Car -1 -1 -10 1045.30 236.32 1098.31 263.18 -1 -1 -1 -1000 -1000 -1000 -10 0.0005 
Car -1 -1 -10 923.19 173.23 1016.81 206.35 -1 -1 -1 -1000 -1000 -1000 -10 0.0004 
Car -1 -1 -10 1154.40 175.08 1215.87 207.41 -1 -1 -1 -1000 -1000 -1000 -10 0.0004 
Car -1 -1 -10 1068.30 282.76 1145.25 317.70 -1 -1 -1 -1000 -1000 -1000 -10 0.0004 
Car -1 -1 -10 1015.30 234.91 1079.56 264.45 -1 -1 -1 -1000 -1000 -1000 -10 0.0004 
Car -1 -1 -10 577.68 117.28 628.27 149.12 -1 -1 -1 -1000 -1000 -1000 -10 0.0003 
Car -1 -1 -10 1058.90 244.54 1119.96 274.02 -1 -1 -1 -1000 -1000 -1000 -10 0.0003 
Car -1 -1 -10 1057.10 268.53 1130.48 303.17 -1 -1 -1 -1000 -1000 -1000 -10 0.0003 
Car -1 -1 -10 35.25 208.35 106.30 237.54 -1 -1 -1 -1000 -1000 -1000 -10 0.0003 
Car -1 -1 -10 1150.90 279.86 1217.98 305.55 -1 -1 -1 -1000 -1000 -1000 -10 0.0003 
Car -1 -1 -10 1147.20 21.29 1224.98 56.19 -1 -1 -1 -1000 -1000 -1000 -10 0.0003 
Car -1 -1 -10 955.78 208.81 1030.15 258.95 -1 -1 -1 -1000 -1000 -1000 -10 0.0003 
Car -1 -1 -10 1042.30 243.93 1103.45 288.46 -1 -1 -1 -1000 -1000 -1000 -10 0.0003 
Car -1 -1 -10 3.86 38.83 50.39 72.24 -1 -1 -1 -1000 -1000 -1000 -10 0.0002 
Car -1 -1 -10 993.29 146.28 1038.05 172.99 -1 -1 -1 -1000 -1000 -1000 -10 0.0002 
Car -1 -1 -10 1017.00 144.20 1058.78 171.30 -1 -1 -1 -1000 -1000 -1000 -10 0.0001 
Car -1 -1 -10 1034.90 259.56 1097.27 296.75 -1 -1 -1 -1000 -1000 -1000 -10 0.0001 
Car -1 -1 -10 381.60 189.94 429.50 211.90 -1 -1 -1 -1000 -1000 -1000 -10 0.0001 
Car -1 -1 -10 1075.70 272.85 1166.91 313.35 -1 -1 -1 -1000 -1000 -1000 -10 0.0001 
Car -1 -1 -10 66.80 209.02 155.80 245.59 -1 -1 -1 -1000 -1000 -1000 -10 0.0001 
Car -1 -1 -10 1044.60 142.63 1109.54 167.18 -1 -1 -1 -1000 -1000 -1000 -10 0.0001 
Car -1 -1 -10 962.67 233.09 1020.11 269.19 -1 -1 -1 -1000 -1000 -1000 -10 0.0001 
Car -1 -1 -10 72.10 206.53 129.31 230.17 -1 -1 -1 -1000 -1000 -1000 -10 0.0001 
Car -1 -1 -10 1068.50 256.04 1143.36 299.01 -1 -1 -1 -1000 -1000 -1000 -10 0.0000 
Car -1 -1 -10 960.65 245.20 1020.01 282.85 -1 -1 -1 -1000 -1000 -1000 -10 0.0000 
Car -1 -1 -10 415.50 183.23 461.64 205.79 -1 -1 -1 -1000 -1000 -1000 -10 0.0000 
Car -1 -1 -10 937.10 228.82 1011.14 262.15 -1 -1 -1 -1000 -1000 -1000 -10 0.0000 
Car -1 -1 -10 33.59 192.70 92.80 227.05 -1 -1 -1 -1000 -1000 -1000 -10 0.0000 
Car -1 -1 -10 933.94 219.77 1010.67 249.72 -1 -1 -1 -1000 -1000 -1000 -10 0.0000 
Car -1 -1 -10 903.64 227.80 996.43 258.52 -1 -1 -1 -1000 -1000 -1000 -10 0.0000 
Car -1 -1 -10 1057.50 148.22 1108.65 175.48 -1 -1 -1 -1000 -1000 -1000 -10 0.0000 
Car -1 -1 -10 1039.90 318.22 1096.11 345.89 -1 -1 -1 -1000 -1000 -1000 -10 0.0000 
Car -1 -1 -10 950.07 248.07 1006.68 273.07 -1 -1 -1 -1000 -1000 -1000 -10 0.0000 
Car -1 -1 -10 902.25 164.14 943.66 186.79 -1 -1 -1 -1000 -1000 -1000 -10 0.0000 
Car -1 -1 -10 957.91 259.27 1023.69 295.57 -1 -1 -1 -1000 -1000 -1000 -10 0.0000 
Car -1 -1 -10 1087.00 311.34 1158.69 346.60 -1 -1 -1 -1000 -1000 -1000 -10 0.0000 
Car -1 -1 -10 888.85 158.02 932.97 186.09 -1 -1 -1 -1000 -1000 -1000 -10 0.0000 
Car -1 -1 -10 970.58 261.60 1060.37 292.39 -1 -1 -1 -1000 -1000 -1000 -10 0.0000 
Car -1 -1 -10 947.85 251.02 1004.07 289.89 -1 -1 -1 -1000 -1000 -1000 -10 0.0000 
Car -1 -1 -10 1101.10 303.25 1179.24 335.41 -1 -1 -1 -1000 -1000 -1000 -10 0.0000 
Car -1 -1 -10 923.62 238.14 993.37 269.38 -1 -1 -1 -1000 -1000 -1000 -10 0.0000 
Car -1 -1 -10 6.07 25.59 65.70 78.11 -1 -1 -1 -1000 -1000 -1000 -10 0.0000 
Car -1 -1 -10 963.38 275.13 1042.27 301.69 -1 -1 -1 -1000 -1000 -1000 -10 0.0000 
Car -1 -1 -10 934.94 163.13 980.13 193.40 -1 -1 -1 -1000 -1000 -1000 -10 0.0000 
Car -1 -1 -10 901.46 174.01 948.91 195.59 -1 -1 -1 -1000 -1000 -1000 -10 0.0000 
