Car -1 -1 -10 369.54 179.91 467.32 217.21 -1 -1 -1 -1000 -1000 -1000 -10 0.9991 
Car -1 -1 -10 448.41 173.22 515.27 203.30 -1 -1 -1 -1000 -1000 -1000 -10 0.7412 
Car -1 -1 -10 489.75 175.49 543.43 195.79 -1 -1 -1 -1000 -1000 -1000 -10 0.0944 
Car -1 -1 -10 1048.50 120.00 1114.75 159.12 -1 -1 -1 -1000 -1000 -1000 -10 0.0138 
Car -1 -1 -10 669.99 281.99 777.83 320.10 -1 -1 -1 -1000 -1000 -1000 -10 0.0092 
Car -1 -1 -10 1009.50 209.61 1237.75 340.96 -1 -1 -1 -1000 -1000 -1000 -10 0.0082 
Car -1 -1 -10 670.14 273.11 760.08 309.20 -1 -1 -1 -1000 -1000 -1000 -10 0.0024 
Car -1 -1 -10 877.72 312.79 932.67 342.07 -1 -1 -1 -1000 -1000 -1000 -10 0.0018 
Car -1 -1 -10 1144.70 98.20 1193.35 121.80 -1 -1 -1 -1000 -1000 -1000 -10 0.0015 
Car -1 -1 -10 105.13 175.43 152.65 215.93 -1 -1 -1 -1000 -1000 -1000 -10 0.0015 
Car -1 -1 -10 625.95 226.19 705.90 275.03 -1 -1 -1 -1000 -1000 -1000 -10 0.0014 
Car -1 -1 -10 1147.80 106.04 1200.23 127.44 -1 -1 -1 -1000 -1000 -1000 -10 0.0013 
Car -1 -1 -10 1049.30 114.93 1187.04 158.77 -1 -1 -1 -1000 -1000 -1000 -10 0.0011 
Car -1 -1 -10 1135.50 111.68 1210.20 135.18 -1 -1 -1 -1000 -1000 -1000 -10 0.0010 
Car -1 -1 -10 1082.10 114.62 1155.51 140.94 -1 -1 -1 -1000 -1000 -1000 -10 0.0008 
Car -1 -1 -10 105.83 124.97 154.25 158.85 -1 -1 -1 -1000 -1000 -1000 -10 0.0007 
Car -1 -1 -10 850.10 256.29 922.27 290.08 -1 -1 -1 -1000 -1000 -1000 -10 0.0007 
Car -1 -1 -10 91.75 111.12 150.27 146.14 -1 -1 -1 -1000 -1000 -1000 -10 0.0006 
Car -1 -1 -10 1155.90 218.55 1239.57 277.49 -1 -1 -1 -1000 -1000 -1000 -10 0.0006 
Car -1 -1 -10 98.87 242.49 182.22 259.43 -1 -1 -1 -1000 -1000 -1000 -10 0.0006 
Car -1 -1 -10 634.61 224.79 695.73 255.41 -1 -1 -1 -1000 -1000 -1000 -10 0.0005 
Car -1 -1 -10 602.84 173.87 624.18 192.29 -1 -1 -1 -1000 -1000 -1000 -10 0.0004 
Car -1 -1 -10 0.00 147.49 84.19 236.58 -1 -1 -1 -1000 -1000 -1000 -10 0.0003 
Car -1 -1 -10 613.70 204.21 672.63 233.56 -1 -1 -1 -1000 -1000 -1000 -10 0.0002 
Car -1 -1 -10 949.97 157.33 1017.36 177.52 -1 -1 -1 -1000 -1000 -1000 -10 0.0001 
Car -1 -1 -10 1102.00 97.48 1154.80 116.89 -1 -1 -1 -1000 -1000 -1000 -10 0.0001 
Car -1 -1 -10 415.00 143.45 485.65 171.19 -1 -1 -1 -1000 -1000 -1000 -10 0.0000 
Car -1 -1 -10 375.02 180.40 439.12 207.35 -1 -1 -1 -1000 -1000 -1000 -10 0.0000 
Car -1 -1 -10 943.69 94.69 996.01 134.56 -1 -1 -1 -1000 -1000 -1000 -10 0.0000 
Car -1 -1 -10 1011.00 116.74 1081.78 150.59 -1 -1 -1 -1000 -1000 -1000 -10 0.0000 
Car -1 -1 -10 956.00 159.61 1021.35 202.56 -1 -1 -1 -1000 -1000 -1000 -10 0.0000 
Car -1 -1 -10 495.79 181.45 562.37 199.28 -1 -1 -1 -1000 -1000 -1000 -10 0.0000 
