Car -1 -1 -10 317.67 183.09 366.73 211.31 -1 -1 -1 -1000 -1000 -1000 -10 0.9985 
Car -1 -1 -10 334.61 172.06 380.83 205.07 -1 -1 -1 -1000 -1000 -1000 -10 0.1016 
Car -1 -1 -10 348.30 172.50 395.89 202.03 -1 -1 -1 -1000 -1000 -1000 -10 0.0211 
Car -1 -1 -10 5.13 105.68 157.69 156.79 -1 -1 -1 -1000 -1000 -1000 -10 0.0062 
Car -1 -1 -10 405.62 175.90 434.88 199.08 -1 -1 -1 -1000 -1000 -1000 -10 0.0022 
Car -1 -1 -10 602.20 90.56 666.96 132.19 -1 -1 -1 -1000 -1000 -1000 -10 0.0013 
Car -1 -1 -10 0.00 208.52 48.99 250.84 -1 -1 -1 -1000 -1000 -1000 -10 0.0006 
Car -1 -1 -10 69.39 98.80 152.32 153.99 -1 -1 -1 -1000 -1000 -1000 -10 0.0004 
Car -1 -1 -10 978.07 197.57 1060.50 228.80 -1 -1 -1 -1000 -1000 -1000 -10 0.0004 
Car -1 -1 -10 868.36 84.05 932.36 111.87 -1 -1 -1 -1000 -1000 -1000 -10 0.0003 
Car -1 -1 -10 1134.00 52.49 1223.46 91.59 -1 -1 -1 -1000 -1000 -1000 -10 0.0003 
Car -1 -1 -10 577.32 173.95 624.24 190.17 -1 -1 -1 -1000 -1000 -1000 -10 0.0001 
Car -1 -1 -10 696.13 92.85 773.88 130.61 -1 -1 -1 -1000 -1000 -1000 -10 0.0001 
Car -1 -1 -10 848.80 63.52 905.83 112.00 -1 -1 -1 -1000 -1000 -1000 -10 0.0000 
Car -1 -1 -10 19.39 209.71 148.11 250.99 -1 -1 -1 -1000 -1000 -1000 -10 0.0000 
