Car -1 -1 -10 670.84 181.41 795.78 267.76 -1 -1 -1 -1000 -1000 -1000 -10 1.0000 
Car -1 -1 -10 431.22 181.79 496.78 236.74 -1 -1 -1 -1000 -1000 -1000 -10 0.9999 
Car -1 -1 -10 633.80 178.33 724.19 235.68 -1 -1 -1 -1000 -1000 -1000 -10 0.9915 
Car -1 -1 -10 599.48 179.52 636.07 209.97 -1 -1 -1 -1000 -1000 -1000 -10 0.9834 
Car -1 -1 -10 573.26 171.41 599.02 196.37 -1 -1 -1 -1000 -1000 -1000 -10 0.9363 
Car -1 -1 -10 0.00 123.74 382.83 376.00 -1 -1 -1 -1000 -1000 -1000 -10 0.6341 
Car -1 -1 -10 791.49 146.85 854.09 183.48 -1 -1 -1 -1000 -1000 -1000 -10 0.0120 
Car -1 -1 -10 0.00 148.00 62.18 194.44 -1 -1 -1 -1000 -1000 -1000 -10 0.0045 
Car -1 -1 -10 44.64 128.99 170.02 161.43 -1 -1 -1 -1000 -1000 -1000 -10 0.0033 
Car -1 -1 -10 613.94 179.33 660.39 219.47 -1 -1 -1 -1000 -1000 -1000 -10 0.0020 
Car -1 -1 -10 651.63 187.20 701.07 239.38 -1 -1 -1 -1000 -1000 -1000 -10 0.0016 
Car -1 -1 -10 0.00 152.12 335.52 263.33 -1 -1 -1 -1000 -1000 -1000 -10 0.0013 
Car -1 -1 -10 984.12 212.90 1011.95 231.75 -1 -1 -1 -1000 -1000 -1000 -10 0.0013 
Car -1 -1 -10 459.00 151.23 517.82 216.45 -1 -1 -1 -1000 -1000 -1000 -10 0.0008 
Car -1 -1 -10 1180.00 189.28 1242.99 216.55 -1 -1 -1 -1000 -1000 -1000 -10 0.0006 
Car -1 -1 -10 975.63 171.39 1085.12 226.14 -1 -1 -1 -1000 -1000 -1000 -10 0.0006 
Car -1 -1 -10 1189.70 195.89 1242.96 227.69 -1 -1 -1 -1000 -1000 -1000 -10 0.0005 
Car -1 -1 -10 1049.30 206.84 1090.21 237.39 -1 -1 -1 -1000 -1000 -1000 -10 0.0004 
Car -1 -1 -10 207.01 130.62 351.66 152.57 -1 -1 -1 -1000 -1000 -1000 -10 0.0004 
Car -1 -1 -10 39.06 114.95 129.39 158.71 -1 -1 -1 -1000 -1000 -1000 -10 0.0003 
Car -1 -1 -10 184.67 131.69 366.31 170.51 -1 -1 -1 -1000 -1000 -1000 -10 0.0002 
Car -1 -1 -10 993.86 170.47 1072.39 200.01 -1 -1 -1 -1000 -1000 -1000 -10 0.0001 
Car -1 -1 -10 1049.40 208.74 1124.32 239.32 -1 -1 -1 -1000 -1000 -1000 -10 0.0001 
Car -1 -1 -10 59.11 72.84 133.34 90.27 -1 -1 -1 -1000 -1000 -1000 -10 0.0001 
Car -1 -1 -10 978.15 194.72 1008.09 231.28 -1 -1 -1 -1000 -1000 -1000 -10 0.0001 
Car -1 -1 -10 698.41 64.84 831.51 84.70 -1 -1 -1 -1000 -1000 -1000 -10 0.0001 
Car -1 -1 -10 1001.70 164.22 1069.24 185.30 -1 -1 -1 -1000 -1000 -1000 -10 0.0001 
Car -1 -1 -10 610.54 98.15 685.57 131.71 -1 -1 -1 -1000 -1000 -1000 -10 0.0001 
Car -1 -1 -10 1091.50 204.86 1139.81 240.69 -1 -1 -1 -1000 -1000 -1000 -10 0.0001 
Car -1 -1 -10 692.96 66.69 805.75 99.37 -1 -1 -1 -1000 -1000 -1000 -10 0.0001 
Car -1 -1 -10 227.37 161.92 351.77 234.46 -1 -1 -1 -1000 -1000 -1000 -10 0.0000 
Car -1 -1 -10 1032.40 203.03 1086.11 230.66 -1 -1 -1 -1000 -1000 -1000 -10 0.0000 
Car -1 -1 -10 17.30 139.55 168.46 198.64 -1 -1 -1 -1000 -1000 -1000 -10 0.0000 
Car -1 -1 -10 1163.00 168.17 1243.00 211.65 -1 -1 -1 -1000 -1000 -1000 -10 0.0000 
Car -1 -1 -10 940.36 187.45 1000.55 226.49 -1 -1 -1 -1000 -1000 -1000 -10 0.0000 
Car -1 -1 -10 984.31 165.53 1045.52 191.22 -1 -1 -1 -1000 -1000 -1000 -10 0.0000 
Car -1 -1 -10 742.03 63.39 854.13 102.84 -1 -1 -1 -1000 -1000 -1000 -10 0.0000 
Car -1 -1 -10 732.87 181.93 792.53 252.10 -1 -1 -1 -1000 -1000 -1000 -10 0.0000 
Car -1 -1 -10 496.58 174.06 534.11 193.66 -1 -1 -1 -1000 -1000 -1000 -10 0.0000 
Car -1 -1 -10 1019.60 190.83 1077.03 233.95 -1 -1 -1 -1000 -1000 -1000 -10 0.0000 
Car -1 -1 -10 175.21 133.14 374.20 345.56 -1 -1 -1 -1000 -1000 -1000 -10 0.0000 
Car -1 -1 -10 243.03 164.77 334.70 195.38 -1 -1 -1 -1000 -1000 -1000 -10 0.0000 
Car -1 -1 -10 593.68 172.71 615.77 197.45 -1 -1 -1 -1000 -1000 -1000 -10 0.0000 
