Car -1 -1 -10 690.74 193.44 751.38 229.41 -1 -1 -1 -1000 -1000 -1000 -10 0.1295 
Car -1 -1 -10 800.34 213.08 836.65 244.42 -1 -1 -1 -1000 -1000 -1000 -10 0.0764 
Car -1 -1 -10 780.79 215.60 923.40 302.98 -1 -1 -1 -1000 -1000 -1000 -10 0.0364 
Car -1 -1 -10 679.09 64.47 752.51 119.70 -1 -1 -1 -1000 -1000 -1000 -10 0.0097 
Car -1 -1 -10 745.87 226.87 836.56 283.06 -1 -1 -1 -1000 -1000 -1000 -10 0.0086 
Car -1 -1 -10 498.04 79.85 551.96 97.12 -1 -1 -1 -1000 -1000 -1000 -10 0.0041 
Car -1 -1 -10 938.23 220.13 1043.33 275.57 -1 -1 -1 -1000 -1000 -1000 -10 0.0025 
Car -1 -1 -10 432.55 178.42 518.69 208.81 -1 -1 -1 -1000 -1000 -1000 -10 0.0024 
Car -1 -1 -10 185.62 184.99 233.79 216.69 -1 -1 -1 -1000 -1000 -1000 -10 0.0017 
Car -1 -1 -10 908.57 218.27 1030.85 254.35 -1 -1 -1 -1000 -1000 -1000 -10 0.0009 
Car -1 -1 -10 758.51 213.11 840.25 247.81 -1 -1 -1 -1000 -1000 -1000 -10 0.0009 
Car -1 -1 -10 727.93 224.93 822.31 263.65 -1 -1 -1 -1000 -1000 -1000 -10 0.0009 
Car -1 -1 -10 454.82 25.72 501.85 61.21 -1 -1 -1 -1000 -1000 -1000 -10 0.0008 
Car -1 -1 -10 770.43 240.40 860.75 291.17 -1 -1 -1 -1000 -1000 -1000 -10 0.0008 
Car -1 -1 -10 686.88 199.71 726.39 224.72 -1 -1 -1 -1000 -1000 -1000 -10 0.0006 
Car -1 -1 -10 697.15 191.19 759.85 252.98 -1 -1 -1 -1000 -1000 -1000 -10 0.0006 
Car -1 -1 -10 829.43 211.39 877.35 249.99 -1 -1 -1 -1000 -1000 -1000 -10 0.0006 
Car -1 -1 -10 818.13 214.36 863.27 247.17 -1 -1 -1 -1000 -1000 -1000 -10 0.0005 
Car -1 -1 -10 72.75 185.21 124.01 210.54 -1 -1 -1 -1000 -1000 -1000 -10 0.0004 
Car -1 -1 -10 0.00 157.89 360.04 373.10 -1 -1 -1 -1000 -1000 -1000 -10 0.0004 
Car -1 -1 -10 710.07 216.60 787.66 256.19 -1 -1 -1 -1000 -1000 -1000 -10 0.0003 
Car -1 -1 -10 681.41 113.81 822.59 153.26 -1 -1 -1 -1000 -1000 -1000 -10 0.0003 
Car -1 -1 -10 44.94 51.87 143.38 75.70 -1 -1 -1 -1000 -1000 -1000 -10 0.0003 
Car -1 -1 -10 219.15 236.01 328.22 317.64 -1 -1 -1 -1000 -1000 -1000 -10 0.0003 
Car -1 -1 -10 614.49 95.36 692.30 138.75 -1 -1 -1 -1000 -1000 -1000 -10 0.0002 
Car -1 -1 -10 965.48 67.90 1037.56 122.37 -1 -1 -1 -1000 -1000 -1000 -10 0.0002 
Car -1 -1 -10 867.71 208.80 1014.38 251.47 -1 -1 -1 -1000 -1000 -1000 -10 0.0002 
Car -1 -1 -10 724.26 190.46 779.95 217.80 -1 -1 -1 -1000 -1000 -1000 -10 0.0002 
Car -1 -1 -10 674.79 89.85 742.68 120.69 -1 -1 -1 -1000 -1000 -1000 -10 0.0001 
Car -1 -1 -10 856.34 70.03 934.59 116.84 -1 -1 -1 -1000 -1000 -1000 -10 0.0001 
Car -1 -1 -10 819.69 130.50 879.50 163.26 -1 -1 -1 -1000 -1000 -1000 -10 0.0001 
Car -1 -1 -10 48.03 37.03 127.70 62.81 -1 -1 -1 -1000 -1000 -1000 -10 0.0001 
Car -1 -1 -10 859.32 220.30 969.13 261.59 -1 -1 -1 -1000 -1000 -1000 -10 0.0001 
Car -1 -1 -10 93.05 52.62 283.84 86.16 -1 -1 -1 -1000 -1000 -1000 -10 0.0001 
Car -1 -1 -10 388.94 35.01 518.14 92.68 -1 -1 -1 -1000 -1000 -1000 -10 0.0001 
Car -1 -1 -10 981.21 71.42 1076.72 134.55 -1 -1 -1 -1000 -1000 -1000 -10 0.0000 
Car -1 -1 -10 624.70 98.88 761.94 137.43 -1 -1 -1 -1000 -1000 -1000 -10 0.0000 
Car -1 -1 -10 722.51 124.14 802.08 149.46 -1 -1 -1 -1000 -1000 -1000 -10 0.0000 
Car -1 -1 -10 925.93 183.01 982.46 221.18 -1 -1 -1 -1000 -1000 -1000 -10 0.0000 
Car -1 -1 -10 66.74 37.65 145.54 71.38 -1 -1 -1 -1000 -1000 -1000 -10 0.0000 
Car -1 -1 -10 1000.80 57.78 1095.97 100.08 -1 -1 -1 -1000 -1000 -1000 -10 0.0000 
Car -1 -1 -10 1002.80 161.95 1064.08 214.88 -1 -1 -1 -1000 -1000 -1000 -10 0.0000 
Car -1 -1 -10 152.07 203.71 219.97 242.42 -1 -1 -1 -1000 -1000 -1000 -10 0.0000 
Car -1 -1 -10 33.87 42.66 175.35 79.25 -1 -1 -1 -1000 -1000 -1000 -10 0.0000 
Car -1 -1 -10 485.71 83.23 581.19 120.59 -1 -1 -1 -1000 -1000 -1000 -10 0.0000 
Car -1 -1 -10 33.17 261.71 226.88 367.00 -1 -1 -1 -1000 -1000 -1000 -10 0.0000 
Car -1 -1 -10 767.52 223.42 821.26 246.52 -1 -1 -1 -1000 -1000 -1000 -10 0.0000 
Car -1 -1 -10 224.40 68.61 317.05 95.20 -1 -1 -1 -1000 -1000 -1000 -10 0.0000 
Car -1 -1 -10 72.90 25.26 162.09 79.90 -1 -1 -1 -1000 -1000 -1000 -10 0.0000 
Car -1 -1 -10 850.36 40.48 937.50 125.90 -1 -1 -1 -1000 -1000 -1000 -10 0.0000 
Car -1 -1 -10 558.40 145.05 662.29 199.45 -1 -1 -1 -1000 -1000 -1000 -10 0.0000 
Car -1 -1 -10 166.62 67.66 296.74 102.48 -1 -1 -1 -1000 -1000 -1000 -10 0.0000 
Car -1 -1 -10 667.34 203.72 748.71 261.68 -1 -1 -1 -1000 -1000 -1000 -10 0.0000 
Car -1 -1 -10 482.50 117.67 587.94 160.24 -1 -1 -1 -1000 -1000 -1000 -10 0.0000 
Car -1 -1 -10 597.39 55.03 676.24 93.66 -1 -1 -1 -1000 -1000 -1000 -10 0.0000 
Car -1 -1 -10 418.40 184.72 530.19 230.70 -1 -1 -1 -1000 -1000 -1000 -10 0.0000 
