Car -1 -1 -10 486.10 176.30 539.95 216.22 -1 -1 -1 -1000 -1000 -1000 -10 0.9875 
Car -1 -1 -10 0.00 151.86 213.39 306.90 -1 -1 -1 -1000 -1000 -1000 -10 0.2691 
Car -1 -1 -10 108.12 171.94 324.78 251.34 -1 -1 -1 -1000 -1000 -1000 -10 0.0625 
Car -1 -1 -10 482.59 40.48 536.91 76.58 -1 -1 -1 -1000 -1000 -1000 -10 0.0130 
Car -1 -1 -10 392.30 119.52 443.94 143.58 -1 -1 -1 -1000 -1000 -1000 -10 0.0065 
Car -1 -1 -10 87.04 163.90 251.53 281.34 -1 -1 -1 -1000 -1000 -1000 -10 0.0059 
Car -1 -1 -10 686.25 48.20 742.36 71.91 -1 -1 -1 -1000 -1000 -1000 -10 0.0045 
Car -1 -1 -10 472.61 50.78 529.75 86.08 -1 -1 -1 -1000 -1000 -1000 -10 0.0037 
Car -1 -1 -10 489.38 27.18 554.60 61.68 -1 -1 -1 -1000 -1000 -1000 -10 0.0020 
Car -1 -1 -10 243.22 185.67 323.31 240.22 -1 -1 -1 -1000 -1000 -1000 -10 0.0017 
Car -1 -1 -10 397.50 118.58 463.80 154.81 -1 -1 -1 -1000 -1000 -1000 -10 0.0016 
Car -1 -1 -10 506.35 24.49 586.73 52.58 -1 -1 -1 -1000 -1000 -1000 -10 0.0015 
Car -1 -1 -10 462.24 37.39 518.21 71.39 -1 -1 -1 -1000 -1000 -1000 -10 0.0013 
Car -1 -1 -10 245.17 173.55 380.27 221.70 -1 -1 -1 -1000 -1000 -1000 -10 0.0012 
Car -1 -1 -10 414.03 115.43 486.16 151.93 -1 -1 -1 -1000 -1000 -1000 -10 0.0012 
Car -1 -1 -10 658.95 190.31 721.46 223.80 -1 -1 -1 -1000 -1000 -1000 -10 0.0011 
Car -1 -1 -10 491.43 36.34 563.29 80.97 -1 -1 -1 -1000 -1000 -1000 -10 0.0011 
Car -1 -1 -10 729.08 186.91 793.55 218.52 -1 -1 -1 -1000 -1000 -1000 -10 0.0005 
Car -1 -1 -10 1098.70 199.88 1164.47 236.20 -1 -1 -1 -1000 -1000 -1000 -10 0.0003 
Car -1 -1 -10 1066.00 203.26 1150.22 235.14 -1 -1 -1 -1000 -1000 -1000 -10 0.0003 
Car -1 -1 -10 1153.60 191.45 1242.96 221.43 -1 -1 -1 -1000 -1000 -1000 -10 0.0003 
Car -1 -1 -10 1030.90 217.16 1121.96 253.72 -1 -1 -1 -1000 -1000 -1000 -10 0.0002 
Car -1 -1 -10 975.16 224.11 1035.62 252.02 -1 -1 -1 -1000 -1000 -1000 -10 0.0002 
Car -1 -1 -10 1051.50 177.69 1134.24 222.56 -1 -1 -1 -1000 -1000 -1000 -10 0.0002 
Car -1 -1 -10 635.53 38.32 697.59 69.44 -1 -1 -1 -1000 -1000 -1000 -10 0.0002 
Car -1 -1 -10 1144.50 164.26 1208.12 193.52 -1 -1 -1 -1000 -1000 -1000 -10 0.0002 
Car -1 -1 -10 1030.00 158.59 1093.85 186.33 -1 -1 -1 -1000 -1000 -1000 -10 0.0002 
Car -1 -1 -10 1124.90 170.94 1196.72 210.02 -1 -1 -1 -1000 -1000 -1000 -10 0.0002 
Car -1 -1 -10 1039.10 186.45 1115.79 233.18 -1 -1 -1 -1000 -1000 -1000 -10 0.0002 
Car -1 -1 -10 1074.60 177.34 1155.30 214.66 -1 -1 -1 -1000 -1000 -1000 -10 0.0002 
Car -1 -1 -10 922.05 175.74 1000.35 210.50 -1 -1 -1 -1000 -1000 -1000 -10 0.0001 
Car -1 -1 -10 1059.70 154.65 1131.78 178.81 -1 -1 -1 -1000 -1000 -1000 -10 0.0001 
Car -1 -1 -10 720.43 168.58 791.96 215.28 -1 -1 -1 -1000 -1000 -1000 -10 0.0001 
Car -1 -1 -10 855.90 164.23 936.60 201.72 -1 -1 -1 -1000 -1000 -1000 -10 0.0001 
Car -1 -1 -10 1012.40 168.60 1103.25 197.25 -1 -1 -1 -1000 -1000 -1000 -10 0.0001 
Car -1 -1 -10 1083.90 158.55 1172.51 201.06 -1 -1 -1 -1000 -1000 -1000 -10 0.0001 
Car -1 -1 -10 1180.80 185.93 1241.12 210.53 -1 -1 -1 -1000 -1000 -1000 -10 0.0001 
Car -1 -1 -10 1140.10 226.33 1211.60 259.84 -1 -1 -1 -1000 -1000 -1000 -10 0.0000 
Car -1 -1 -10 173.00 167.46 266.07 192.43 -1 -1 -1 -1000 -1000 -1000 -10 0.0000 
Car -1 -1 -10 997.23 215.52 1059.71 242.57 -1 -1 -1 -1000 -1000 -1000 -10 0.0000 
Car -1 -1 -10 30.20 140.39 90.88 168.67 -1 -1 -1 -1000 -1000 -1000 -10 0.0000 
Car -1 -1 -10 1041.10 151.71 1104.29 180.84 -1 -1 -1 -1000 -1000 -1000 -10 0.0000 
Car -1 -1 -10 1054.30 231.19 1148.09 257.56 -1 -1 -1 -1000 -1000 -1000 -10 0.0000 
Car -1 -1 -10 1147.70 173.83 1209.72 216.10 -1 -1 -1 -1000 -1000 -1000 -10 0.0000 
Car -1 -1 -10 187.86 169.64 280.89 207.98 -1 -1 -1 -1000 -1000 -1000 -10 0.0000 
Car -1 -1 -10 0.00 36.87 84.13 73.41 -1 -1 -1 -1000 -1000 -1000 -10 0.0000 
Car -1 -1 -10 1144.90 209.38 1243.04 250.65 -1 -1 -1 -1000 -1000 -1000 -10 0.0000 
