Car -1 -1 -10 608.43 164.40 652.11 197.07 -1 -1 -1 -1000 -1000 -1000 -10 0.9999 
Car -1 -1 -10 769.69 170.75 885.95 252.47 -1 -1 -1 -1000 -1000 -1000 -10 0.9998 
Car -1 -1 -10 737.69 170.45 811.48 230.64 -1 -1 -1 -1000 -1000 -1000 -10 0.9912 
Car -1 -1 -10 642.40 168.22 679.95 193.21 -1 -1 -1 -1000 -1000 -1000 -10 0.9876 
Car -1 -1 -10 836.49 178.56 1243.00 376.00 -1 -1 -1 -1000 -1000 -1000 -10 0.4340 
Car -1 -1 -10 909.90 196.49 1080.93 279.57 -1 -1 -1 -1000 -1000 -1000 -10 0.0502 
Car -1 -1 -10 0.00 158.77 50.34 203.00 -1 -1 -1 -1000 -1000 -1000 -10 0.0215 
Car -1 -1 -10 950.00 128.38 1053.97 164.45 -1 -1 -1 -1000 -1000 -1000 -10 0.0043 
Car -1 -1 -10 381.66 187.45 430.66 213.81 -1 -1 -1 -1000 -1000 -1000 -10 0.0038 
Car -1 -1 -10 363.59 191.34 432.51 222.00 -1 -1 -1 -1000 -1000 -1000 -10 0.0038 
Car -1 -1 -10 1169.60 158.78 1243.03 234.81 -1 -1 -1 -1000 -1000 -1000 -10 0.0035 
Car -1 -1 -10 42.71 231.73 91.93 255.06 -1 -1 -1 -1000 -1000 -1000 -10 0.0017 
Car -1 -1 -10 948.33 144.15 1018.18 172.03 -1 -1 -1 -1000 -1000 -1000 -10 0.0012 
Car -1 -1 -10 32.01 226.20 83.96 250.45 -1 -1 -1 -1000 -1000 -1000 -10 0.0012 
Car -1 -1 -10 47.59 240.71 104.62 266.18 -1 -1 -1 -1000 -1000 -1000 -10 0.0008 
Car -1 -1 -10 32.71 241.03 83.74 266.65 -1 -1 -1 -1000 -1000 -1000 -10 0.0008 
Car -1 -1 -10 453.57 146.32 558.45 200.12 -1 -1 -1 -1000 -1000 -1000 -10 0.0006 
Car -1 -1 -10 593.30 116.12 642.21 136.88 -1 -1 -1 -1000 -1000 -1000 -10 0.0006 
Car -1 -1 -10 387.05 152.23 505.03 188.15 -1 -1 -1 -1000 -1000 -1000 -10 0.0006 
Car -1 -1 -10 226.57 216.28 270.37 242.59 -1 -1 -1 -1000 -1000 -1000 -10 0.0004 
Car -1 -1 -10 62.06 226.47 113.02 255.61 -1 -1 -1 -1000 -1000 -1000 -10 0.0004 
Car -1 -1 -10 1101.10 114.58 1242.95 280.78 -1 -1 -1 -1000 -1000 -1000 -10 0.0004 
Car -1 -1 -10 354.73 150.89 446.84 189.42 -1 -1 -1 -1000 -1000 -1000 -10 0.0002 
Car -1 -1 -10 936.67 193.63 1028.98 225.75 -1 -1 -1 -1000 -1000 -1000 -10 0.0002 
Car -1 -1 -10 1008.60 184.39 1240.54 310.53 -1 -1 -1 -1000 -1000 -1000 -10 0.0002 
Car -1 -1 -10 1189.60 153.94 1239.39 197.50 -1 -1 -1 -1000 -1000 -1000 -10 0.0002 
Car -1 -1 -10 77.42 218.68 120.80 249.85 -1 -1 -1 -1000 -1000 -1000 -10 0.0002 
Car -1 -1 -10 938.92 240.38 1008.69 295.14 -1 -1 -1 -1000 -1000 -1000 -10 0.0002 
Car -1 -1 -10 253.38 201.31 297.46 229.03 -1 -1 -1 -1000 -1000 -1000 -10 0.0001 
Car -1 -1 -10 177.43 201.37 233.17 228.71 -1 -1 -1 -1000 -1000 -1000 -10 0.0001 
Car -1 -1 -10 30.39 211.60 79.56 242.64 -1 -1 -1 -1000 -1000 -1000 -10 0.0001 
Car -1 -1 -10 465.41 153.73 531.97 195.56 -1 -1 -1 -1000 -1000 -1000 -10 0.0001 
Car -1 -1 -10 916.08 183.62 1007.77 227.27 -1 -1 -1 -1000 -1000 -1000 -10 0.0001 
Car -1 -1 -10 348.04 96.44 427.91 121.10 -1 -1 -1 -1000 -1000 -1000 -10 0.0001 
Car -1 -1 -10 449.78 77.91 553.91 116.95 -1 -1 -1 -1000 -1000 -1000 -10 0.0001 
Car -1 -1 -10 258.27 210.33 308.89 240.55 -1 -1 -1 -1000 -1000 -1000 -10 0.0001 
Car -1 -1 -10 46.25 219.64 102.69 244.88 -1 -1 -1 -1000 -1000 -1000 -10 0.0001 
Car -1 -1 -10 923.37 199.60 1028.38 241.49 -1 -1 -1 -1000 -1000 -1000 -10 0.0000 
Car -1 -1 -10 742.84 171.28 798.27 191.28 -1 -1 -1 -1000 -1000 -1000 -10 0.0000 
Car -1 -1 -10 173.08 232.80 214.86 258.93 -1 -1 -1 -1000 -1000 -1000 -10 0.0000 
Car -1 -1 -10 279.44 214.33 319.16 239.75 -1 -1 -1 -1000 -1000 -1000 -10 0.0000 
Car -1 -1 -10 170.88 178.44 257.52 226.50 -1 -1 -1 -1000 -1000 -1000 -10 0.0000 
Car -1 -1 -10 79.33 224.60 144.44 262.08 -1 -1 -1 -1000 -1000 -1000 -10 0.0000 
Car -1 -1 -10 168.29 187.35 232.70 218.40 -1 -1 -1 -1000 -1000 -1000 -10 0.0000 
Car -1 -1 -10 430.37 26.36 621.10 62.24 -1 -1 -1 -1000 -1000 -1000 -10 0.0000 
Car -1 -1 -10 361.42 88.34 504.10 141.56 -1 -1 -1 -1000 -1000 -1000 -10 0.0000 
Car -1 -1 -10 380.56 91.31 513.30 121.43 -1 -1 -1 -1000 -1000 -1000 -10 0.0000 
Car -1 -1 -10 747.30 156.12 782.70 186.44 -1 -1 -1 -1000 -1000 -1000 -10 0.0000 
Car -1 -1 -10 1028.00 80.73 1170.85 137.69 -1 -1 -1 -1000 -1000 -1000 -10 0.0000 
