Car -1 -1 -10 430.99 182.42 526.55 253.23 -1 -1 -1 -1000 -1000 -1000 -10 1.0000 
Car -1 -1 -10 178.48 190.80 444.53 354.25 -1 -1 -1 -1000 -1000 -1000 -10 0.9999 
Car -1 -1 -10 223.29 198.60 441.07 268.20 -1 -1 -1 -1000 -1000 -1000 -10 0.0787 
Car -1 -1 -10 1203.50 164.08 1242.96 197.83 -1 -1 -1 -1000 -1000 -1000 -10 0.0072 
Car -1 -1 -10 87.53 243.57 161.19 276.97 -1 -1 -1 -1000 -1000 -1000 -10 0.0044 
Car -1 -1 -10 3.52 33.27 54.08 63.34 -1 -1 -1 -1000 -1000 -1000 -10 0.0030 
Car -1 -1 -10 97.32 236.83 174.57 266.38 -1 -1 -1 -1000 -1000 -1000 -10 0.0026 
Car -1 -1 -10 24.25 135.00 107.49 173.30 -1 -1 -1 -1000 -1000 -1000 -10 0.0024 
Car -1 -1 -10 1016.60 87.73 1072.44 119.66 -1 -1 -1 -1000 -1000 -1000 -10 0.0020 
Car -1 -1 -10 984.60 179.70 1030.10 210.73 -1 -1 -1 -1000 -1000 -1000 -10 0.0015 
Car -1 -1 -10 381.68 198.32 468.31 251.79 -1 -1 -1 -1000 -1000 -1000 -10 0.0013 
Car -1 -1 -10 1009.70 70.54 1083.99 121.50 -1 -1 -1 -1000 -1000 -1000 -10 0.0011 
Car -1 -1 -10 1086.80 249.71 1143.76 275.69 -1 -1 -1 -1000 -1000 -1000 -10 0.0010 
Car -1 -1 -10 123.09 226.17 183.66 251.08 -1 -1 -1 -1000 -1000 -1000 -10 0.0010 
Car -1 -1 -10 12.29 206.27 91.94 254.07 -1 -1 -1 -1000 -1000 -1000 -10 0.0010 
Car -1 -1 -10 817.02 201.86 876.90 230.86 -1 -1 -1 -1000 -1000 -1000 -10 0.0009 
Car -1 -1 -10 548.79 71.93 604.51 101.36 -1 -1 -1 -1000 -1000 -1000 -10 0.0009 
Car -1 -1 -10 1042.30 222.15 1119.59 258.43 -1 -1 -1 -1000 -1000 -1000 -10 0.0008 
Car -1 -1 -10 420.83 98.34 485.05 122.69 -1 -1 -1 -1000 -1000 -1000 -10 0.0008 
Car -1 -1 -10 999.52 88.66 1043.65 118.03 -1 -1 -1 -1000 -1000 -1000 -10 0.0008 
Car -1 -1 -10 1154.40 259.92 1225.52 305.43 -1 -1 -1 -1000 -1000 -1000 -10 0.0007 
Car -1 -1 -10 1171.10 156.71 1242.99 211.13 -1 -1 -1 -1000 -1000 -1000 -10 0.0005 
Car -1 -1 -10 828.05 173.88 898.00 215.30 -1 -1 -1 -1000 -1000 -1000 -10 0.0005 
Car -1 -1 -10 1050.20 236.36 1115.36 267.05 -1 -1 -1 -1000 -1000 -1000 -10 0.0005 
Car -1 -1 -10 156.74 127.03 247.83 164.22 -1 -1 -1 -1000 -1000 -1000 -10 0.0005 
Car -1 -1 -10 1069.30 233.00 1138.84 271.43 -1 -1 -1 -1000 -1000 -1000 -10 0.0005 
Car -1 -1 -10 978.27 187.26 1045.62 221.53 -1 -1 -1 -1000 -1000 -1000 -10 0.0004 
Car -1 -1 -10 1034.90 237.56 1102.23 259.51 -1 -1 -1 -1000 -1000 -1000 -10 0.0004 
Car -1 -1 -10 808.35 144.16 880.88 165.09 -1 -1 -1 -1000 -1000 -1000 -10 0.0004 
Car -1 -1 -10 951.87 300.46 998.89 317.96 -1 -1 -1 -1000 -1000 -1000 -10 0.0002 
Car -1 -1 -10 1015.10 171.30 1095.84 197.79 -1 -1 -1 -1000 -1000 -1000 -10 0.0002 
Car -1 -1 -10 878.90 195.34 926.74 221.32 -1 -1 -1 -1000 -1000 -1000 -10 0.0002 
Car -1 -1 -10 10.65 169.80 78.98 210.40 -1 -1 -1 -1000 -1000 -1000 -10 0.0002 
Car -1 -1 -10 670.59 39.92 742.38 68.94 -1 -1 -1 -1000 -1000 -1000 -10 0.0002 
Car -1 -1 -10 1053.00 275.92 1101.71 304.38 -1 -1 -1 -1000 -1000 -1000 -10 0.0002 
Car -1 -1 -10 861.14 189.43 903.14 215.14 -1 -1 -1 -1000 -1000 -1000 -10 0.0002 
Car -1 -1 -10 845.92 196.57 895.82 220.30 -1 -1 -1 -1000 -1000 -1000 -10 0.0001 
Car -1 -1 -10 828.16 193.50 880.03 223.10 -1 -1 -1 -1000 -1000 -1000 -10 0.0001 
Car -1 -1 -10 243.26 204.20 349.24 257.05 -1 -1 -1 -1000 -1000 -1000 -10 0.0001 
Car -1 -1 -10 860.87 187.51 926.11 227.70 -1 -1 -1 -1000 -1000 -1000 -10 0.0001 
Car -1 -1 -10 139.33 234.74 216.54 265.32 -1 -1 -1 -1000 -1000 -1000 -10 0.0001 
Car -1 -1 -10 182.39 239.42 318.03 331.13 -1 -1 -1 -1000 -1000 -1000 -10 0.0001 
Car -1 -1 -10 842.80 206.95 901.13 235.89 -1 -1 -1 -1000 -1000 -1000 -10 0.0001 
Car -1 -1 -10 113.25 222.08 164.56 248.40 -1 -1 -1 -1000 -1000 -1000 -10 0.0001 
Car -1 -1 -10 1037.70 279.36 1084.27 303.96 -1 -1 -1 -1000 -1000 -1000 -10 0.0001 
Car -1 -1 -10 1008.80 242.80 1060.23 270.86 -1 -1 -1 -1000 -1000 -1000 -10 0.0000 
Car -1 -1 -10 161.36 227.81 225.84 257.07 -1 -1 -1 -1000 -1000 -1000 -10 0.0000 
Car -1 -1 -10 942.01 197.28 1007.84 225.70 -1 -1 -1 -1000 -1000 -1000 -10 0.0000 
Car -1 -1 -10 948.37 213.52 1014.24 235.84 -1 -1 -1 -1000 -1000 -1000 -10 0.0000 
Car -1 -1 -10 101.88 180.60 223.72 229.99 -1 -1 -1 -1000 -1000 -1000 -10 0.0000 
Car -1 -1 -10 906.98 177.13 972.54 205.62 -1 -1 -1 -1000 -1000 -1000 -10 0.0000 
Car -1 -1 -10 1015.30 239.98 1068.27 261.59 -1 -1 -1 -1000 -1000 -1000 -10 0.0000 
Car -1 -1 -10 1065.20 265.33 1116.21 290.55 -1 -1 -1 -1000 -1000 -1000 -10 0.0000 
Car -1 -1 -10 239.95 224.00 296.65 254.43 -1 -1 -1 -1000 -1000 -1000 -10 0.0000 
Car -1 -1 -10 959.03 197.68 1030.80 232.15 -1 -1 -1 -1000 -1000 -1000 -10 0.0000 
Car -1 -1 -10 978.83 218.25 1032.20 240.06 -1 -1 -1 -1000 -1000 -1000 -10 0.0000 
