Car -1 -1 -10 709.69 185.92 864.22 292.40 -1 -1 -1 -1000 -1000 -1000 -10 1.0000 
Car -1 -1 -10 386.59 195.90 477.17 260.17 -1 -1 -1 -1000 -1000 -1000 -10 0.9999 
Car -1 -1 -10 658.57 183.56 723.30 234.69 -1 -1 -1 -1000 -1000 -1000 -10 0.9998 
Car -1 -1 -10 635.15 179.43 673.66 213.64 -1 -1 -1 -1000 -1000 -1000 -10 0.9979 
Car -1 -1 -10 449.34 181.60 511.14 232.94 -1 -1 -1 -1000 -1000 -1000 -10 0.9885 
Car -1 -1 -10 501.65 186.98 535.00 214.85 -1 -1 -1 -1000 -1000 -1000 -10 0.9726 
Car -1 -1 -10 526.54 185.09 548.00 208.01 -1 -1 -1 -1000 -1000 -1000 -10 0.0474 
Car -1 -1 -10 434.98 186.06 487.65 246.41 -1 -1 -1 -1000 -1000 -1000 -10 0.0023 
Car -1 -1 -10 535.57 100.38 590.86 137.02 -1 -1 -1 -1000 -1000 -1000 -10 0.0006 
Car -1 -1 -10 1183.30 270.30 1242.96 330.06 -1 -1 -1 -1000 -1000 -1000 -10 0.0004 
Car -1 -1 -10 0.00 188.68 92.10 216.39 -1 -1 -1 -1000 -1000 -1000 -10 0.0004 
Car -1 -1 -10 754.67 310.40 817.83 349.11 -1 -1 -1 -1000 -1000 -1000 -10 0.0003 
Car -1 -1 -10 333.71 164.83 394.43 189.28 -1 -1 -1 -1000 -1000 -1000 -10 0.0003 
Car -1 -1 -10 344.54 206.20 380.46 232.48 -1 -1 -1 -1000 -1000 -1000 -10 0.0002 
Car -1 -1 -10 650.26 181.88 691.63 221.33 -1 -1 -1 -1000 -1000 -1000 -10 0.0002 
Car -1 -1 -10 256.00 161.42 314.57 213.30 -1 -1 -1 -1000 -1000 -1000 -10 0.0002 
Car -1 -1 -10 334.01 154.45 382.06 174.79 -1 -1 -1 -1000 -1000 -1000 -10 0.0002 
Car -1 -1 -10 326.15 158.32 362.73 182.22 -1 -1 -1 -1000 -1000 -1000 -10 0.0001 
Car -1 -1 -10 358.55 152.18 411.60 176.42 -1 -1 -1 -1000 -1000 -1000 -10 0.0001 
Car -1 -1 -10 802.24 187.30 853.22 237.58 -1 -1 -1 -1000 -1000 -1000 -10 0.0000 
Car -1 -1 -10 703.71 205.47 751.29 246.10 -1 -1 -1 -1000 -1000 -1000 -10 0.0000 
Car -1 -1 -10 339.35 211.47 374.14 239.35 -1 -1 -1 -1000 -1000 -1000 -10 0.0000 
Car -1 -1 -10 552.69 201.33 638.75 248.54 -1 -1 -1 -1000 -1000 -1000 -10 0.0000 
Car -1 -1 -10 332.43 215.75 364.33 242.17 -1 -1 -1 -1000 -1000 -1000 -10 0.0000 
Car -1 -1 -10 719.23 188.68 797.67 247.39 -1 -1 -1 -1000 -1000 -1000 -10 0.0000 
Car -1 -1 -10 543.85 184.79 563.52 202.16 -1 -1 -1 -1000 -1000 -1000 -10 0.0000 
Car -1 -1 -10 968.18 209.76 1069.77 278.83 -1 -1 -1 -1000 -1000 -1000 -10 0.0000 
Car -1 -1 -10 706.43 197.20 766.66 271.37 -1 -1 -1 -1000 -1000 -1000 -10 0.0000 
