Car -1 -1 -10 597.48 174.37 665.25 241.13 -1 -1 -1 -1000 -1000 -1000 -10 0.9999 
Car -1 -1 -10 1023.20 295.32 1088.81 321.78 -1 -1 -1 -1000 -1000 -1000 -10 0.0045 
Car -1 -1 -10 863.99 262.24 927.07 293.38 -1 -1 -1 -1000 -1000 -1000 -10 0.0040 
Car -1 -1 -10 16.88 195.54 81.91 232.09 -1 -1 -1 -1000 -1000 -1000 -10 0.0032 
Car -1 -1 -10 1086.00 303.54 1145.78 334.70 -1 -1 -1 -1000 -1000 -1000 -10 0.0020 
Car -1 -1 -10 921.93 149.54 1008.53 187.88 -1 -1 -1 -1000 -1000 -1000 -10 0.0018 
Car -1 -1 -10 676.16 96.32 739.78 133.67 -1 -1 -1 -1000 -1000 -1000 -10 0.0010 
Car -1 -1 -10 311.37 172.69 357.33 210.65 -1 -1 -1 -1000 -1000 -1000 -10 0.0006 
Car -1 -1 -10 712.25 143.58 754.87 184.17 -1 -1 -1 -1000 -1000 -1000 -10 0.0005 
Car -1 -1 -10 1067.20 314.92 1151.26 349.80 -1 -1 -1 -1000 -1000 -1000 -10 0.0004 
Car -1 -1 -10 922.28 274.71 1010.90 297.89 -1 -1 -1 -1000 -1000 -1000 -10 0.0001 
Car -1 -1 -10 1033.90 148.41 1101.91 191.21 -1 -1 -1 -1000 -1000 -1000 -10 0.0001 
Car -1 -1 -10 964.28 287.54 1035.45 310.02 -1 -1 -1 -1000 -1000 -1000 -10 0.0001 
Car -1 -1 -10 894.22 257.74 951.48 276.53 -1 -1 -1 -1000 -1000 -1000 -10 0.0001 
Car -1 -1 -10 632.02 175.16 666.07 238.03 -1 -1 -1 -1000 -1000 -1000 -10 0.0000 
Car -1 -1 -10 863.95 192.67 917.39 252.80 -1 -1 -1 -1000 -1000 -1000 -10 0.0000 
Car -1 -1 -10 957.44 275.76 1041.41 302.08 -1 -1 -1 -1000 -1000 -1000 -10 0.0000 
Car -1 -1 -10 866.94 98.50 968.58 152.28 -1 -1 -1 -1000 -1000 -1000 -10 0.0000 
Car -1 -1 -10 638.95 177.37 702.32 226.17 -1 -1 -1 -1000 -1000 -1000 -10 0.0000 
Car -1 -1 -10 952.67 287.66 1018.34 319.34 -1 -1 -1 -1000 -1000 -1000 -10 0.0000 
Car -1 -1 -10 642.44 169.43 698.07 188.59 -1 -1 -1 -1000 -1000 -1000 -10 0.0000 
