Car -1 -1 -10 449.28 181.91 497.21 221.24 -1 -1 -1 -1000 -1000 -1000 -10 0.9990 
Car -1 -1 -10 575.22 178.99 608.59 205.86 -1 -1 -1 -1000 -1000 -1000 -10 0.9790 
Car -1 -1 -10 642.43 176.44 698.12 217.02 -1 -1 -1 -1000 -1000 -1000 -10 0.9574 
Car -1 -1 -10 101.33 196.52 174.35 249.14 -1 -1 -1 -1000 -1000 -1000 -10 0.8707 
Car -1 -1 -10 609.52 180.29 684.70 211.71 -1 -1 -1 -1000 -1000 -1000 -10 0.7569 
Car -1 -1 -10 700.03 161.74 875.05 278.41 -1 -1 -1 -1000 -1000 -1000 -10 0.3619 
Car -1 -1 -10 677.70 171.16 766.03 238.49 -1 -1 -1 -1000 -1000 -1000 -10 0.1904 
Car -1 -1 -10 252.18 183.42 336.68 241.36 -1 -1 -1 -1000 -1000 -1000 -10 0.0302 
Car -1 -1 -10 793.96 163.01 832.96 193.98 -1 -1 -1 -1000 -1000 -1000 -10 0.0225 
Car -1 -1 -10 162.97 195.68 277.91 248.89 -1 -1 -1 -1000 -1000 -1000 -10 0.0165 
Car -1 -1 -10 125.97 58.38 188.24 94.67 -1 -1 -1 -1000 -1000 -1000 -10 0.0101 
Car -1 -1 -10 334.64 178.07 415.16 224.45 -1 -1 -1 -1000 -1000 -1000 -10 0.0070 
Car -1 -1 -10 555.20 181.11 580.96 201.94 -1 -1 -1 -1000 -1000 -1000 -10 0.0057 
Car -1 -1 -10 538.57 177.68 560.79 197.62 -1 -1 -1 -1000 -1000 -1000 -10 0.0056 
Car -1 -1 -10 656.38 126.42 711.22 159.16 -1 -1 -1 -1000 -1000 -1000 -10 0.0045 
Car -1 -1 -10 731.47 0.00 1243.00 376.00 -1 -1 -1 -1000 -1000 -1000 -10 0.0044 
Car -1 -1 -10 79.73 150.78 123.99 182.66 -1 -1 -1 -1000 -1000 -1000 -10 0.0025 
Car -1 -1 -10 674.84 178.19 739.62 223.95 -1 -1 -1 -1000 -1000 -1000 -10 0.0023 
Car -1 -1 -10 219.25 197.40 275.93 244.65 -1 -1 -1 -1000 -1000 -1000 -10 0.0017 
Car -1 -1 -10 158.10 191.02 219.23 230.79 -1 -1 -1 -1000 -1000 -1000 -10 0.0012 
Car -1 -1 -10 714.02 197.84 796.62 260.68 -1 -1 -1 -1000 -1000 -1000 -10 0.0009 
Car -1 -1 -10 13.57 180.55 91.94 215.87 -1 -1 -1 -1000 -1000 -1000 -10 0.0009 
Car -1 -1 -10 48.66 269.26 104.01 301.36 -1 -1 -1 -1000 -1000 -1000 -10 0.0008 
Car -1 -1 -10 38.83 126.33 97.32 164.69 -1 -1 -1 -1000 -1000 -1000 -10 0.0008 
Car -1 -1 -10 23.89 274.64 80.13 307.14 -1 -1 -1 -1000 -1000 -1000 -10 0.0006 
Car -1 -1 -10 0.00 190.65 33.05 222.95 -1 -1 -1 -1000 -1000 -1000 -10 0.0006 
Car -1 -1 -10 702.03 162.23 778.05 255.77 -1 -1 -1 -1000 -1000 -1000 -10 0.0006 
Car -1 -1 -10 48.17 84.86 112.11 124.65 -1 -1 -1 -1000 -1000 -1000 -10 0.0005 
Car -1 -1 -10 543.93 178.44 571.22 198.52 -1 -1 -1 -1000 -1000 -1000 -10 0.0005 
Car -1 -1 -10 58.97 141.70 121.19 170.03 -1 -1 -1 -1000 -1000 -1000 -10 0.0004 
Car -1 -1 -10 290.22 129.83 343.62 154.77 -1 -1 -1 -1000 -1000 -1000 -10 0.0004 
Car -1 -1 -10 193.09 151.04 254.91 182.76 -1 -1 -1 -1000 -1000 -1000 -10 0.0003 
Car -1 -1 -10 13.94 167.22 57.26 193.08 -1 -1 -1 -1000 -1000 -1000 -10 0.0003 
Car -1 -1 -10 67.75 226.69 123.45 260.99 -1 -1 -1 -1000 -1000 -1000 -10 0.0003 
Car -1 -1 -10 59.00 122.66 104.81 160.60 -1 -1 -1 -1000 -1000 -1000 -10 0.0002 
Car -1 -1 -10 22.87 200.30 63.22 223.45 -1 -1 -1 -1000 -1000 -1000 -10 0.0002 
Car -1 -1 -10 294.31 188.34 336.95 234.92 -1 -1 -1 -1000 -1000 -1000 -10 0.0002 
Car -1 -1 -10 21.94 229.21 70.60 257.58 -1 -1 -1 -1000 -1000 -1000 -10 0.0002 
Car -1 -1 -10 610.58 176.47 638.24 207.14 -1 -1 -1 -1000 -1000 -1000 -10 0.0002 
Car -1 -1 -10 86.53 58.26 145.68 99.09 -1 -1 -1 -1000 -1000 -1000 -10 0.0002 
Car -1 -1 -10 709.75 48.77 797.96 83.55 -1 -1 -1 -1000 -1000 -1000 -10 0.0002 
Car -1 -1 -10 279.85 142.55 334.71 178.13 -1 -1 -1 -1000 -1000 -1000 -10 0.0002 
Car -1 -1 -10 171.29 144.85 225.13 176.57 -1 -1 -1 -1000 -1000 -1000 -10 0.0001 
Car -1 -1 -10 61.03 160.49 123.83 195.56 -1 -1 -1 -1000 -1000 -1000 -10 0.0001 
Car -1 -1 -10 794.72 134.33 834.58 192.66 -1 -1 -1 -1000 -1000 -1000 -10 0.0001 
Car -1 -1 -10 301.03 193.02 376.74 228.18 -1 -1 -1 -1000 -1000 -1000 -10 0.0001 
Car -1 -1 -10 990.93 0.00 1062.16 22.16 -1 -1 -1 -1000 -1000 -1000 -10 0.0001 
Car -1 -1 -10 10.16 189.15 61.08 221.37 -1 -1 -1 -1000 -1000 -1000 -10 0.0001 
Car -1 -1 -10 1061.60 136.26 1242.98 372.16 -1 -1 -1 -1000 -1000 -1000 -10 0.0001 
Car -1 -1 -10 1193.50 200.89 1243.01 238.62 -1 -1 -1 -1000 -1000 -1000 -10 0.0001 
Car -1 -1 -10 79.05 154.22 157.54 192.84 -1 -1 -1 -1000 -1000 -1000 -10 0.0001 
Car -1 -1 -10 1180.20 192.24 1242.95 269.66 -1 -1 -1 -1000 -1000 -1000 -10 0.0001 
Car -1 -1 -10 30.88 192.50 74.15 218.78 -1 -1 -1 -1000 -1000 -1000 -10 0.0001 
Car -1 -1 -10 1024.90 193.45 1094.03 261.15 -1 -1 -1 -1000 -1000 -1000 -10 0.0000 
Car -1 -1 -10 244.70 189.93 302.90 239.68 -1 -1 -1 -1000 -1000 -1000 -10 0.0000 
Car -1 -1 -10 40.85 180.47 170.11 245.97 -1 -1 -1 -1000 -1000 -1000 -10 0.0000 
Car -1 -1 -10 34.30 231.28 97.69 259.21 -1 -1 -1 -1000 -1000 -1000 -10 0.0000 
Car -1 -1 -10 722.32 92.63 854.59 153.30 -1 -1 -1 -1000 -1000 -1000 -10 0.0000 
Car -1 -1 -10 1084.10 199.69 1217.94 274.73 -1 -1 -1 -1000 -1000 -1000 -10 0.0000 
Car -1 -1 -10 1017.40 64.09 1196.78 268.12 -1 -1 -1 -1000 -1000 -1000 -10 0.0000 
Car -1 -1 -10 0.00 249.96 58.59 287.41 -1 -1 -1 -1000 -1000 -1000 -10 0.0000 
Car -1 -1 -10 967.01 1.94 1035.34 21.64 -1 -1 -1 -1000 -1000 -1000 -10 0.0000 
Car -1 -1 -10 15.20 252.13 68.80 276.97 -1 -1 -1 -1000 -1000 -1000 -10 0.0000 
Car -1 -1 -10 610.96 165.13 658.45 208.16 -1 -1 -1 -1000 -1000 -1000 -10 0.0000 
Car -1 -1 -10 740.19 182.18 787.08 224.21 -1 -1 -1 -1000 -1000 -1000 -10 0.0000 
Car -1 -1 -10 1026.70 129.91 1152.40 232.31 -1 -1 -1 -1000 -1000 -1000 -10 0.0000 
Car -1 -1 -10 45.02 198.15 128.64 287.28 -1 -1 -1 -1000 -1000 -1000 -10 0.0000 
Car -1 -1 -10 749.71 119.79 954.28 354.56 -1 -1 -1 -1000 -1000 -1000 -10 0.0000 
Car -1 -1 -10 645.87 115.52 712.00 196.32 -1 -1 -1 -1000 -1000 -1000 -10 0.0000 
Car -1 -1 -10 973.49 24.69 1218.40 329.14 -1 -1 -1 -1000 -1000 -1000 -10 0.0000 
Car -1 -1 -10 686.71 166.90 751.55 214.05 -1 -1 -1 -1000 -1000 -1000 -10 0.0000 
