Car -1 -1 -10 213.81 197.34 506.20 376.00 -1 -1 -1 -1000 -1000 -1000 -10 0.9999 
Car -1 -1 -10 558.52 260.84 611.42 308.34 -1 -1 -1 -1000 -1000 -1000 -10 0.0596 
Car -1 -1 -10 852.27 269.04 901.90 301.69 -1 -1 -1 -1000 -1000 -1000 -10 0.0208 
Car -1 -1 -10 819.27 271.41 877.70 311.01 -1 -1 -1 -1000 -1000 -1000 -10 0.0161 
Car -1 -1 -10 776.43 306.22 834.77 342.57 -1 -1 -1 -1000 -1000 -1000 -10 0.0152 
Car -1 -1 -10 11.89 123.15 72.92 160.08 -1 -1 -1 -1000 -1000 -1000 -10 0.0119 
Car -1 -1 -10 806.83 312.03 860.37 341.91 -1 -1 -1 -1000 -1000 -1000 -10 0.0111 
Car -1 -1 -10 800.18 287.18 851.43 313.30 -1 -1 -1 -1000 -1000 -1000 -10 0.0071 
Car -1 -1 -10 814.37 318.75 884.91 354.08 -1 -1 -1 -1000 -1000 -1000 -10 0.0061 
Car -1 -1 -10 96.90 222.01 162.33 258.56 -1 -1 -1 -1000 -1000 -1000 -10 0.0060 
Car -1 -1 -10 297.01 116.77 346.46 157.03 -1 -1 -1 -1000 -1000 -1000 -10 0.0054 
Car -1 -1 -10 140.26 23.82 191.72 48.98 -1 -1 -1 -1000 -1000 -1000 -10 0.0053 
Car -1 -1 -10 742.62 287.14 800.47 315.10 -1 -1 -1 -1000 -1000 -1000 -10 0.0043 
Car -1 -1 -10 414.88 129.00 465.52 147.08 -1 -1 -1 -1000 -1000 -1000 -10 0.0042 
Car -1 -1 -10 379.61 126.10 432.50 149.28 -1 -1 -1 -1000 -1000 -1000 -10 0.0037 
Car -1 -1 -10 763.91 315.12 816.22 341.36 -1 -1 -1 -1000 -1000 -1000 -10 0.0035 
Car -1 -1 -10 29.35 50.51 81.55 86.59 -1 -1 -1 -1000 -1000 -1000 -10 0.0027 
Car -1 -1 -10 17.60 97.40 58.63 133.37 -1 -1 -1 -1000 -1000 -1000 -10 0.0026 
Car -1 -1 -10 414.26 122.82 459.90 140.29 -1 -1 -1 -1000 -1000 -1000 -10 0.0024 
Car -1 -1 -10 11.78 58.25 74.76 115.31 -1 -1 -1 -1000 -1000 -1000 -10 0.0022 
Car -1 -1 -10 769.27 323.77 833.43 353.78 -1 -1 -1 -1000 -1000 -1000 -10 0.0016 
Car -1 -1 -10 49.40 131.72 111.78 156.76 -1 -1 -1 -1000 -1000 -1000 -10 0.0016 
Car -1 -1 -10 55.37 81.33 122.65 116.39 -1 -1 -1 -1000 -1000 -1000 -10 0.0013 
Car -1 -1 -10 148.79 38.66 209.21 72.12 -1 -1 -1 -1000 -1000 -1000 -10 0.0010 
Car -1 -1 -10 389.03 121.15 445.15 141.54 -1 -1 -1 -1000 -1000 -1000 -10 0.0010 
Car -1 -1 -10 83.03 23.41 147.41 50.95 -1 -1 -1 -1000 -1000 -1000 -10 0.0009 
Car -1 -1 -10 0.00 57.36 65.26 93.80 -1 -1 -1 -1000 -1000 -1000 -10 0.0008 
Car -1 -1 -10 237.69 68.95 300.72 96.69 -1 -1 -1 -1000 -1000 -1000 -10 0.0008 
Car -1 -1 -10 753.84 277.33 806.80 307.66 -1 -1 -1 -1000 -1000 -1000 -10 0.0008 
Car -1 -1 -10 33.03 119.83 96.22 144.91 -1 -1 -1 -1000 -1000 -1000 -10 0.0007 
Car -1 -1 -10 7.18 111.25 75.82 147.51 -1 -1 -1 -1000 -1000 -1000 -10 0.0007 
Car -1 -1 -10 22.59 141.70 89.22 171.75 -1 -1 -1 -1000 -1000 -1000 -10 0.0007 
Car -1 -1 -10 69.34 231.43 119.79 269.33 -1 -1 -1 -1000 -1000 -1000 -10 0.0006 
Car -1 -1 -10 128.41 24.06 200.97 59.64 -1 -1 -1 -1000 -1000 -1000 -10 0.0006 
Car -1 -1 -10 957.49 82.16 1007.56 107.72 -1 -1 -1 -1000 -1000 -1000 -10 0.0005 
Car -1 -1 -10 647.25 212.90 724.29 240.70 -1 -1 -1 -1000 -1000 -1000 -10 0.0005 
Car -1 -1 -10 53.09 29.47 121.17 64.00 -1 -1 -1 -1000 -1000 -1000 -10 0.0005 
Car -1 -1 -10 922.27 79.99 974.39 102.06 -1 -1 -1 -1000 -1000 -1000 -10 0.0005 
Car -1 -1 -10 358.65 136.84 408.02 170.71 -1 -1 -1 -1000 -1000 -1000 -10 0.0004 
Car -1 -1 -10 11.12 30.66 86.40 83.46 -1 -1 -1 -1000 -1000 -1000 -10 0.0004 
Car -1 -1 -10 303.63 146.66 348.81 188.64 -1 -1 -1 -1000 -1000 -1000 -10 0.0003 
Car -1 -1 -10 15.36 180.06 70.86 223.83 -1 -1 -1 -1000 -1000 -1000 -10 0.0003 
Car -1 -1 -10 45.10 138.33 101.16 169.58 -1 -1 -1 -1000 -1000 -1000 -10 0.0003 
Car -1 -1 -10 945.83 77.44 999.92 97.66 -1 -1 -1 -1000 -1000 -1000 -10 0.0003 
Car -1 -1 -10 68.09 122.10 151.55 151.07 -1 -1 -1 -1000 -1000 -1000 -10 0.0003 
Car -1 -1 -10 25.12 49.03 114.73 104.21 -1 -1 -1 -1000 -1000 -1000 -10 0.0002 
Car -1 -1 -10 15.35 98.17 86.84 139.78 -1 -1 -1 -1000 -1000 -1000 -10 0.0002 
Car -1 -1 -10 212.13 261.16 392.40 372.86 -1 -1 -1 -1000 -1000 -1000 -10 0.0002 
Car -1 -1 -10 39.17 112.46 128.11 150.57 -1 -1 -1 -1000 -1000 -1000 -10 0.0002 
Car -1 -1 -10 15.53 77.17 109.30 131.63 -1 -1 -1 -1000 -1000 -1000 -10 0.0002 
Car -1 -1 -10 305.71 191.81 369.03 221.28 -1 -1 -1 -1000 -1000 -1000 -10 0.0002 
Car -1 -1 -10 66.84 25.24 161.05 65.29 -1 -1 -1 -1000 -1000 -1000 -10 0.0001 
Car -1 -1 -10 26.02 152.36 102.47 181.59 -1 -1 -1 -1000 -1000 -1000 -10 0.0001 
Car -1 -1 -10 251.48 123.03 308.15 157.45 -1 -1 -1 -1000 -1000 -1000 -10 0.0001 
Car -1 -1 -10 115.71 212.16 177.87 249.02 -1 -1 -1 -1000 -1000 -1000 -10 0.0001 
Car -1 -1 -10 933.63 81.49 1021.56 118.06 -1 -1 -1 -1000 -1000 -1000 -10 0.0001 
Car -1 -1 -10 790.33 110.23 843.18 138.78 -1 -1 -1 -1000 -1000 -1000 -10 0.0001 
Car -1 -1 -10 110.62 107.62 183.44 140.89 -1 -1 -1 -1000 -1000 -1000 -10 0.0001 
Car -1 -1 -10 310.89 88.09 366.19 112.92 -1 -1 -1 -1000 -1000 -1000 -10 0.0001 
Car -1 -1 -10 426.69 114.46 480.78 138.51 -1 -1 -1 -1000 -1000 -1000 -10 0.0001 
Car -1 -1 -10 57.95 223.39 120.32 252.81 -1 -1 -1 -1000 -1000 -1000 -10 0.0001 
Car -1 -1 -10 0.00 211.48 90.21 248.89 -1 -1 -1 -1000 -1000 -1000 -10 0.0000 
Car -1 -1 -10 324.84 106.34 400.62 138.37 -1 -1 -1 -1000 -1000 -1000 -10 0.0000 
Car -1 -1 -10 411.95 100.82 505.42 130.21 -1 -1 -1 -1000 -1000 -1000 -10 0.0000 
Car -1 -1 -10 326.41 170.82 390.07 212.73 -1 -1 -1 -1000 -1000 -1000 -10 0.0000 
