Car -1 -1 -10 250.77 192.13 474.45 332.58 -1 -1 -1 -1000 -1000 -1000 -10 1.0000 
Car -1 -1 -10 680.49 162.32 733.67 198.25 -1 -1 -1 -1000 -1000 -1000 -10 1.0000 
Car -1 -1 -10 723.43 160.10 757.85 186.65 -1 -1 -1 -1000 -1000 -1000 -10 0.9970 
Car -1 -1 -10 441.37 186.94 493.56 220.84 -1 -1 -1 -1000 -1000 -1000 -10 0.9469 
Car -1 -1 -10 865.59 165.05 976.15 207.25 -1 -1 -1 -1000 -1000 -1000 -10 0.2488 
Car -1 -1 -10 870.25 173.22 924.82 202.95 -1 -1 -1 -1000 -1000 -1000 -10 0.1872 
Car -1 -1 -10 0.00 128.17 53.14 158.30 -1 -1 -1 -1000 -1000 -1000 -10 0.0194 
Car -1 -1 -10 586.83 196.27 625.66 214.62 -1 -1 -1 -1000 -1000 -1000 -10 0.0121 
Car -1 -1 -10 954.75 249.90 1243.00 326.59 -1 -1 -1 -1000 -1000 -1000 -10 0.0077 
Car -1 -1 -10 0.00 217.12 263.78 374.71 -1 -1 -1 -1000 -1000 -1000 -10 0.0067 
Car -1 -1 -10 98.91 220.04 196.79 247.89 -1 -1 -1 -1000 -1000 -1000 -10 0.0040 
Car -1 -1 -10 41.62 202.16 89.32 220.11 -1 -1 -1 -1000 -1000 -1000 -10 0.0029 
Car -1 -1 -10 877.60 251.17 933.52 273.19 -1 -1 -1 -1000 -1000 -1000 -10 0.0025 
Car -1 -1 -10 921.59 107.46 1072.04 147.19 -1 -1 -1 -1000 -1000 -1000 -10 0.0022 
Car -1 -1 -10 883.11 242.35 933.85 267.60 -1 -1 -1 -1000 -1000 -1000 -10 0.0019 
Car -1 -1 -10 925.73 222.38 1014.52 273.03 -1 -1 -1 -1000 -1000 -1000 -10 0.0017 
Car -1 -1 -10 962.42 294.90 1053.50 320.81 -1 -1 -1 -1000 -1000 -1000 -10 0.0014 
Car -1 -1 -10 940.69 105.52 1063.76 128.26 -1 -1 -1 -1000 -1000 -1000 -10 0.0009 
Car -1 -1 -10 939.48 167.66 1034.63 215.74 -1 -1 -1 -1000 -1000 -1000 -10 0.0006 
Car -1 -1 -10 929.94 106.87 1013.09 132.85 -1 -1 -1 -1000 -1000 -1000 -10 0.0005 
Car -1 -1 -10 581.86 200.44 634.55 227.59 -1 -1 -1 -1000 -1000 -1000 -10 0.0005 
Car -1 -1 -10 1057.50 242.37 1186.08 294.90 -1 -1 -1 -1000 -1000 -1000 -10 0.0004 
Car -1 -1 -10 191.09 223.56 243.00 243.72 -1 -1 -1 -1000 -1000 -1000 -10 0.0003 
Car -1 -1 -10 758.95 66.76 809.96 91.47 -1 -1 -1 -1000 -1000 -1000 -10 0.0003 
Car -1 -1 -10 284.02 128.95 336.56 150.35 -1 -1 -1 -1000 -1000 -1000 -10 0.0002 
Car -1 -1 -10 49.06 70.85 96.50 94.05 -1 -1 -1 -1000 -1000 -1000 -10 0.0002 
Car -1 -1 -10 128.64 73.90 207.60 118.93 -1 -1 -1 -1000 -1000 -1000 -10 0.0002 
Car -1 -1 -10 127.45 103.16 205.10 138.02 -1 -1 -1 -1000 -1000 -1000 -10 0.0001 
Car -1 -1 -10 1087.30 251.33 1219.99 313.50 -1 -1 -1 -1000 -1000 -1000 -10 0.0001 
Car -1 -1 -10 357.58 120.65 421.62 148.87 -1 -1 -1 -1000 -1000 -1000 -10 0.0001 
Car -1 -1 -10 379.29 64.75 442.96 93.09 -1 -1 -1 -1000 -1000 -1000 -10 0.0001 
Car -1 -1 -10 275.97 147.85 354.35 177.79 -1 -1 -1 -1000 -1000 -1000 -10 0.0001 
Car -1 -1 -10 786.77 295.87 863.15 332.84 -1 -1 -1 -1000 -1000 -1000 -10 0.0001 
Car -1 -1 -10 332.55 66.00 400.68 97.57 -1 -1 -1 -1000 -1000 -1000 -10 0.0001 
Car -1 -1 -10 796.69 77.96 855.10 124.56 -1 -1 -1 -1000 -1000 -1000 -10 0.0001 
Car -1 -1 -10 49.15 201.73 93.53 241.97 -1 -1 -1 -1000 -1000 -1000 -10 0.0001 
Car -1 -1 -10 383.11 55.08 431.89 83.32 -1 -1 -1 -1000 -1000 -1000 -10 0.0000 
Car -1 -1 -10 56.20 143.87 119.82 182.94 -1 -1 -1 -1000 -1000 -1000 -10 0.0000 
Car -1 -1 -10 149.61 151.93 237.93 182.40 -1 -1 -1 -1000 -1000 -1000 -10 0.0000 
Car -1 -1 -10 380.84 97.06 458.39 133.19 -1 -1 -1 -1000 -1000 -1000 -10 0.0000 
Car -1 -1 -10 379.10 196.84 469.25 245.98 -1 -1 -1 -1000 -1000 -1000 -10 0.0000 
Car -1 -1 -10 32.03 228.19 338.60 326.00 -1 -1 -1 -1000 -1000 -1000 -10 0.0000 
Car -1 -1 -10 288.90 136.70 336.72 158.68 -1 -1 -1 -1000 -1000 -1000 -10 0.0000 
Car -1 -1 -10 387.15 52.59 469.57 85.14 -1 -1 -1 -1000 -1000 -1000 -10 0.0000 
Car -1 -1 -10 48.66 159.38 127.33 197.33 -1 -1 -1 -1000 -1000 -1000 -10 0.0000 
Car -1 -1 -10 41.95 133.16 106.14 157.75 -1 -1 -1 -1000 -1000 -1000 -10 0.0000 
Car -1 -1 -10 82.52 225.96 208.66 270.80 -1 -1 -1 -1000 -1000 -1000 -10 0.0000 
Car -1 -1 -10 360.67 55.23 409.50 84.20 -1 -1 -1 -1000 -1000 -1000 -10 0.0000 
Car -1 -1 -10 260.24 200.12 387.20 320.97 -1 -1 -1 -1000 -1000 -1000 -10 0.0000 
Car -1 -1 -10 414.91 182.41 493.10 253.40 -1 -1 -1 -1000 -1000 -1000 -10 0.0000 
Car -1 -1 -10 291.89 200.69 415.93 247.38 -1 -1 -1 -1000 -1000 -1000 -10 0.0000 
Car -1 -1 -10 106.89 173.48 160.19 214.04 -1 -1 -1 -1000 -1000 -1000 -10 0.0000 
Car -1 -1 -10 150.62 241.28 241.43 297.39 -1 -1 -1 -1000 -1000 -1000 -10 0.0000 
Car -1 -1 -10 114.79 226.91 228.53 307.74 -1 -1 -1 -1000 -1000 -1000 -10 0.0000 
Car -1 -1 -10 962.13 101.78 1049.19 114.64 -1 -1 -1 -1000 -1000 -1000 -10 0.0000 
Car -1 -1 -10 78.69 139.63 141.13 172.53 -1 -1 -1 -1000 -1000 -1000 -10 0.0000 
Car -1 -1 -10 365.09 54.98 493.74 94.00 -1 -1 -1 -1000 -1000 -1000 -10 0.0000 
Car -1 -1 -10 679.15 179.65 724.68 210.05 -1 -1 -1 -1000 -1000 -1000 -10 0.0000 
