Car -1 -1 -10 330.28 173.24 398.27 207.00 -1 -1 -1 -1000 -1000 -1000 -10 0.9989 
Car -1 -1 -10 543.15 170.55 575.75 197.15 -1 -1 -1 -1000 -1000 -1000 -10 0.9943 
Car -1 -1 -10 592.02 169.97 623.17 194.43 -1 -1 -1 -1000 -1000 -1000 -10 0.9831 
Car -1 -1 -10 38.22 106.70 154.37 153.96 -1 -1 -1 -1000 -1000 -1000 -10 0.1176 
Car -1 -1 -10 0.00 125.41 110.02 222.40 -1 -1 -1 -1000 -1000 -1000 -10 0.1025 
Car -1 -1 -10 366.23 172.76 399.96 202.09 -1 -1 -1 -1000 -1000 -1000 -10 0.0870 
Car -1 -1 -10 746.45 131.20 795.72 161.50 -1 -1 -1 -1000 -1000 -1000 -10 0.0833 
Car -1 -1 -10 0.00 89.78 182.54 220.68 -1 -1 -1 -1000 -1000 -1000 -10 0.0825 
Car -1 -1 -10 85.17 136.36 227.83 179.89 -1 -1 -1 -1000 -1000 -1000 -10 0.0475 
Car -1 -1 -10 111.37 138.71 199.03 172.58 -1 -1 -1 -1000 -1000 -1000 -10 0.0167 
Car -1 -1 -10 707.24 182.39 779.09 205.20 -1 -1 -1 -1000 -1000 -1000 -10 0.0124 
Car -1 -1 -10 982.61 302.64 1052.74 340.29 -1 -1 -1 -1000 -1000 -1000 -10 0.0075 
Car -1 -1 -10 542.47 167.83 613.77 195.16 -1 -1 -1 -1000 -1000 -1000 -10 0.0065 
Car -1 -1 -10 558.86 167.09 591.44 193.78 -1 -1 -1 -1000 -1000 -1000 -10 0.0046 
Car -1 -1 -10 1.36 132.68 81.77 185.60 -1 -1 -1 -1000 -1000 -1000 -10 0.0036 
Car -1 -1 -10 737.34 125.12 780.68 159.45 -1 -1 -1 -1000 -1000 -1000 -10 0.0028 
Car -1 -1 -10 991.88 233.72 1097.33 286.78 -1 -1 -1 -1000 -1000 -1000 -10 0.0025 
Car -1 -1 -10 738.11 131.49 805.31 184.65 -1 -1 -1 -1000 -1000 -1000 -10 0.0024 
Car -1 -1 -10 68.56 116.96 160.18 182.65 -1 -1 -1 -1000 -1000 -1000 -10 0.0022 
Car -1 -1 -10 748.64 191.65 832.75 209.53 -1 -1 -1 -1000 -1000 -1000 -10 0.0015 
Car -1 -1 -10 887.24 155.02 952.46 189.89 -1 -1 -1 -1000 -1000 -1000 -10 0.0014 
Car -1 -1 -10 168.00 95.63 266.35 161.74 -1 -1 -1 -1000 -1000 -1000 -10 0.0013 
Car -1 -1 -10 440.89 184.76 517.75 210.78 -1 -1 -1 -1000 -1000 -1000 -10 0.0011 
Car -1 -1 -10 12.98 67.88 86.57 140.84 -1 -1 -1 -1000 -1000 -1000 -10 0.0010 
Car -1 -1 -10 177.83 144.84 257.59 188.30 -1 -1 -1 -1000 -1000 -1000 -10 0.0009 
Car -1 -1 -10 3.43 122.29 64.37 149.22 -1 -1 -1 -1000 -1000 -1000 -10 0.0006 
Car -1 -1 -10 21.68 67.24 81.27 94.76 -1 -1 -1 -1000 -1000 -1000 -10 0.0005 
Car -1 -1 -10 167.17 181.60 231.18 212.22 -1 -1 -1 -1000 -1000 -1000 -10 0.0005 
Car -1 -1 -10 815.55 29.78 900.66 90.67 -1 -1 -1 -1000 -1000 -1000 -10 0.0004 
Car -1 -1 -10 633.62 161.41 683.17 193.39 -1 -1 -1 -1000 -1000 -1000 -10 0.0004 
Car -1 -1 -10 209.59 146.51 278.76 184.08 -1 -1 -1 -1000 -1000 -1000 -10 0.0004 
Car -1 -1 -10 102.54 178.48 191.45 215.15 -1 -1 -1 -1000 -1000 -1000 -10 0.0003 
Car -1 -1 -10 65.83 143.90 145.50 186.61 -1 -1 -1 -1000 -1000 -1000 -10 0.0003 
Car -1 -1 -10 848.16 205.13 894.31 266.25 -1 -1 -1 -1000 -1000 -1000 -10 0.0002 
Car -1 -1 -10 869.85 217.87 948.67 238.03 -1 -1 -1 -1000 -1000 -1000 -10 0.0002 
Car -1 -1 -10 274.91 188.60 330.37 208.77 -1 -1 -1 -1000 -1000 -1000 -10 0.0002 
Car -1 -1 -10 181.32 118.08 300.29 159.82 -1 -1 -1 -1000 -1000 -1000 -10 0.0002 
Car -1 -1 -10 484.83 169.80 530.28 190.71 -1 -1 -1 -1000 -1000 -1000 -10 0.0002 
Car -1 -1 -10 621.94 136.91 687.56 193.83 -1 -1 -1 -1000 -1000 -1000 -10 0.0001 
Car -1 -1 -10 226.30 121.51 306.26 152.58 -1 -1 -1 -1000 -1000 -1000 -10 0.0001 
Car -1 -1 -10 251.57 153.69 334.35 177.27 -1 -1 -1 -1000 -1000 -1000 -10 0.0001 
Car -1 -1 -10 881.29 143.93 956.22 177.51 -1 -1 -1 -1000 -1000 -1000 -10 0.0001 
Car -1 -1 -10 189.79 152.25 297.69 206.03 -1 -1 -1 -1000 -1000 -1000 -10 0.0001 
Car -1 -1 -10 162.71 127.32 271.94 191.70 -1 -1 -1 -1000 -1000 -1000 -10 0.0001 
Car -1 -1 -10 654.79 155.53 688.83 196.07 -1 -1 -1 -1000 -1000 -1000 -10 0.0001 
Car -1 -1 -10 709.50 138.70 787.99 176.15 -1 -1 -1 -1000 -1000 -1000 -10 0.0001 
Car -1 -1 -10 385.38 177.86 433.19 210.06 -1 -1 -1 -1000 -1000 -1000 -10 0.0000 
Car -1 -1 -10 272.75 120.17 380.35 177.13 -1 -1 -1 -1000 -1000 -1000 -10 0.0000 
Car -1 -1 -10 410.16 147.48 482.51 182.28 -1 -1 -1 -1000 -1000 -1000 -10 0.0000 
Car -1 -1 -10 749.21 184.10 808.43 200.72 -1 -1 -1 -1000 -1000 -1000 -10 0.0000 
Car -1 -1 -10 233.90 177.66 325.84 212.47 -1 -1 -1 -1000 -1000 -1000 -10 0.0000 
Car -1 -1 -10 861.24 213.57 906.12 234.88 -1 -1 -1 -1000 -1000 -1000 -10 0.0000 
Car -1 -1 -10 254.22 123.62 316.03 179.04 -1 -1 -1 -1000 -1000 -1000 -10 0.0000 
Car -1 -1 -10 477.45 174.60 517.74 196.44 -1 -1 -1 -1000 -1000 -1000 -10 0.0000 
Car -1 -1 -10 11.13 91.82 74.76 150.65 -1 -1 -1 -1000 -1000 -1000 -10 0.0000 
Car -1 -1 -10 249.81 135.81 296.60 178.42 -1 -1 -1 -1000 -1000 -1000 -10 0.0000 
Car -1 -1 -10 235.00 186.87 299.94 216.03 -1 -1 -1 -1000 -1000 -1000 -10 0.0000 
Car -1 -1 -10 373.93 135.00 421.15 182.14 -1 -1 -1 -1000 -1000 -1000 -10 0.0000 
Car -1 -1 -10 151.58 155.14 243.23 201.57 -1 -1 -1 -1000 -1000 -1000 -10 0.0000 
Car -1 -1 -10 794.80 159.86 863.87 205.59 -1 -1 -1 -1000 -1000 -1000 -10 0.0000 
