Car -1 -1 -10 656.68 170.95 721.22 221.43 -1 -1 -1 -1000 -1000 -1000 -10 0.9999 
Car -1 -1 -10 266.15 191.64 484.99 327.15 -1 -1 -1 -1000 -1000 -1000 -10 0.9998 
Car -1 -1 -10 444.26 176.95 528.31 245.07 -1 -1 -1 -1000 -1000 -1000 -10 0.9979 
Car -1 -1 -10 630.60 167.43 663.91 198.65 -1 -1 -1 -1000 -1000 -1000 -10 0.9879 
Car -1 -1 -10 315.47 201.46 377.61 231.22 -1 -1 -1 -1000 -1000 -1000 -10 0.0216 
Car -1 -1 -10 720.72 0.00 1243.00 376.00 -1 -1 -1 -1000 -1000 -1000 -10 0.0212 
Car -1 -1 -10 703.01 171.85 853.51 289.29 -1 -1 -1 -1000 -1000 -1000 -10 0.0132 
Car -1 -1 -10 300.94 195.75 488.93 250.51 -1 -1 -1 -1000 -1000 -1000 -10 0.0068 
Car -1 -1 -10 599.72 67.99 708.79 119.21 -1 -1 -1 -1000 -1000 -1000 -10 0.0052 
Car -1 -1 -10 28.31 143.15 98.72 182.48 -1 -1 -1 -1000 -1000 -1000 -10 0.0019 
Car -1 -1 -10 592.22 67.83 674.60 141.35 -1 -1 -1 -1000 -1000 -1000 -10 0.0010 
Car -1 -1 -10 309.95 199.82 396.49 242.64 -1 -1 -1 -1000 -1000 -1000 -10 0.0006 
Car -1 -1 -10 57.54 125.66 125.54 153.26 -1 -1 -1 -1000 -1000 -1000 -10 0.0002 
Car -1 -1 -10 640.25 170.39 685.47 201.57 -1 -1 -1 -1000 -1000 -1000 -10 0.0002 
Car -1 -1 -10 471.63 179.03 524.35 218.09 -1 -1 -1 -1000 -1000 -1000 -10 0.0002 
Car -1 -1 -10 203.85 129.62 272.59 165.04 -1 -1 -1 -1000 -1000 -1000 -10 0.0002 
Car -1 -1 -10 709.55 176.33 776.28 236.70 -1 -1 -1 -1000 -1000 -1000 -10 0.0001 
Car -1 -1 -10 707.24 117.64 967.31 322.86 -1 -1 -1 -1000 -1000 -1000 -10 0.0000 
Car -1 -1 -10 395.47 197.09 470.05 237.02 -1 -1 -1 -1000 -1000 -1000 -10 0.0000 
Car -1 -1 -10 420.68 208.50 488.40 277.77 -1 -1 -1 -1000 -1000 -1000 -10 0.0000 
Car -1 -1 -10 282.86 196.40 437.30 289.17 -1 -1 -1 -1000 -1000 -1000 -10 0.0000 
Car -1 -1 -10 359.75 190.10 483.89 305.67 -1 -1 -1 -1000 -1000 -1000 -10 0.0000 
Car -1 -1 -10 518.29 131.06 590.26 190.86 -1 -1 -1 -1000 -1000 -1000 -10 0.0000 
Car -1 -1 -10 986.26 120.43 1243.00 367.22 -1 -1 -1 -1000 -1000 -1000 -10 0.0000 
Car -1 -1 -10 280.89 173.16 347.86 249.89 -1 -1 -1 -1000 -1000 -1000 -10 0.0000 
