Car -1 -1 -10 101.07 179.17 287.98 258.49 -1 -1 -1 -1000 -1000 -1000 -10 0.9997 
Car -1 -1 -10 1026.60 165.63 1243.00 280.80 -1 -1 -1 -1000 -1000 -1000 -10 0.9939 
Car -1 -1 -10 20.46 159.42 88.86 195.72 -1 -1 -1 -1000 -1000 -1000 -10 0.0012 
Car -1 -1 -10 173.71 142.59 211.24 168.00 -1 -1 -1 -1000 -1000 -1000 -10 0.0007 
Car -1 -1 -10 47.70 169.64 82.86 197.23 -1 -1 -1 -1000 -1000 -1000 -10 0.0007 
Car -1 -1 -10 167.68 181.15 266.61 243.13 -1 -1 -1 -1000 -1000 -1000 -10 0.0004 
Car -1 -1 -10 332.16 194.45 428.52 251.89 -1 -1 -1 -1000 -1000 -1000 -10 0.0004 
Car -1 -1 -10 181.03 183.81 256.58 219.07 -1 -1 -1 -1000 -1000 -1000 -10 0.0003 
Car -1 -1 -10 1061.00 109.77 1113.96 132.92 -1 -1 -1 -1000 -1000 -1000 -10 0.0002 
Car -1 -1 -10 1183.70 173.90 1243.03 238.47 -1 -1 -1 -1000 -1000 -1000 -10 0.0002 
Car -1 -1 -10 967.72 78.09 1028.13 125.18 -1 -1 -1 -1000 -1000 -1000 -10 0.0001 
Car -1 -1 -10 265.35 27.64 395.83 91.40 -1 -1 -1 -1000 -1000 -1000 -10 0.0001 
Car -1 -1 -10 0.00 90.72 109.73 133.34 -1 -1 -1 -1000 -1000 -1000 -10 0.0001 
Car -1 -1 -10 61.35 176.56 140.65 196.34 -1 -1 -1 -1000 -1000 -1000 -10 0.0001 
Car -1 -1 -10 1144.20 171.86 1242.95 257.71 -1 -1 -1 -1000 -1000 -1000 -10 0.0000 
Car -1 -1 -10 436.27 273.27 478.04 320.79 -1 -1 -1 -1000 -1000 -1000 -10 0.0000 
Car -1 -1 -10 1155.10 173.12 1242.98 214.53 -1 -1 -1 -1000 -1000 -1000 -10 0.0000 
Car -1 -1 -10 74.02 180.48 155.14 207.96 -1 -1 -1 -1000 -1000 -1000 -10 0.0000 
Car -1 -1 -10 18.86 195.08 70.42 207.55 -1 -1 -1 -1000 -1000 -1000 -10 0.0000 
