Car -1 -1 -10 0.00 176.22 32.99 204.20 -1 -1 -1 -1000 -1000 -1000 -10 0.9129 
Car -1 -1 -10 0.00 132.86 48.97 165.92 -1 -1 -1 -1000 -1000 -1000 -10 0.0240 
Car -1 -1 -10 9.11 170.49 47.81 197.26 -1 -1 -1 -1000 -1000 -1000 -10 0.0106 
Car -1 -1 -10 14.68 62.04 97.43 131.92 -1 -1 -1 -1000 -1000 -1000 -10 0.0061 
Car -1 -1 -10 815.42 159.90 969.30 231.27 -1 -1 -1 -1000 -1000 -1000 -10 0.0057 
Car -1 -1 -10 0.00 130.53 94.03 166.86 -1 -1 -1 -1000 -1000 -1000 -10 0.0052 
Car -1 -1 -10 751.40 202.29 807.16 216.95 -1 -1 -1 -1000 -1000 -1000 -10 0.0033 
Car -1 -1 -10 6.07 90.56 54.69 119.56 -1 -1 -1 -1000 -1000 -1000 -10 0.0023 
Car -1 -1 -10 527.21 163.57 576.92 215.01 -1 -1 -1 -1000 -1000 -1000 -10 0.0019 
Car -1 -1 -10 179.72 128.52 228.70 154.35 -1 -1 -1 -1000 -1000 -1000 -10 0.0017 
Car -1 -1 -10 153.00 174.31 188.37 194.15 -1 -1 -1 -1000 -1000 -1000 -10 0.0012 
Car -1 -1 -10 1142.30 179.74 1211.86 206.08 -1 -1 -1 -1000 -1000 -1000 -10 0.0011 
Car -1 -1 -10 34.23 67.02 94.74 97.59 -1 -1 -1 -1000 -1000 -1000 -10 0.0008 
Car -1 -1 -10 202.08 44.94 259.23 70.60 -1 -1 -1 -1000 -1000 -1000 -10 0.0003 
Car -1 -1 -10 186.24 48.92 245.88 94.77 -1 -1 -1 -1000 -1000 -1000 -10 0.0001 
Car -1 -1 -10 99.05 176.31 178.80 194.56 -1 -1 -1 -1000 -1000 -1000 -10 0.0001 
Car -1 -1 -10 1053.90 195.39 1148.13 209.51 -1 -1 -1 -1000 -1000 -1000 -10 0.0001 
Car -1 -1 -10 158.89 192.41 222.27 218.46 -1 -1 -1 -1000 -1000 -1000 -10 0.0000 
Car -1 -1 -10 895.96 158.32 968.87 221.61 -1 -1 -1 -1000 -1000 -1000 -10 0.0000 
Car -1 -1 -10 98.92 184.27 210.68 216.24 -1 -1 -1 -1000 -1000 -1000 -10 0.0000 
Car -1 -1 -10 130.69 179.90 186.98 195.66 -1 -1 -1 -1000 -1000 -1000 -10 0.0000 
Car -1 -1 -10 144.83 185.51 216.89 204.26 -1 -1 -1 -1000 -1000 -1000 -10 0.0000 
Car -1 -1 -10 115.51 181.63 199.85 202.72 -1 -1 -1 -1000 -1000 -1000 -10 0.0000 
Car -1 -1 -10 818.49 208.49 903.52 228.17 -1 -1 -1 -1000 -1000 -1000 -10 0.0000 
Car -1 -1 -10 0.00 203.09 112.15 254.92 -1 -1 -1 -1000 -1000 -1000 -10 0.0000 
Car -1 -1 -10 42.57 189.85 104.73 202.36 -1 -1 -1 -1000 -1000 -1000 -10 0.0000 
Car -1 -1 -10 842.34 221.71 935.01 237.15 -1 -1 -1 -1000 -1000 -1000 -10 0.0000 
