Car -1 -1 -10 9.83 185.77 153.85 235.40 -1 -1 -1 -1000 -1000 -1000 -10 0.1605 
Car -1 -1 -10 1022.20 190.47 1062.71 225.86 -1 -1 -1 -1000 -1000 -1000 -10 0.1247 
Car -1 -1 -10 812.65 205.87 867.43 236.96 -1 -1 -1 -1000 -1000 -1000 -10 0.0913 
Car -1 -1 -10 708.47 227.73 749.16 265.02 -1 -1 -1 -1000 -1000 -1000 -10 0.0217 
Car -1 -1 -10 552.66 215.12 600.37 251.92 -1 -1 -1 -1000 -1000 -1000 -10 0.0083 
Car -1 -1 -10 351.65 225.45 491.28 288.61 -1 -1 -1 -1000 -1000 -1000 -10 0.0070 
Car -1 -1 -10 118.84 146.22 181.60 167.56 -1 -1 -1 -1000 -1000 -1000 -10 0.0065 
Car -1 -1 -10 335.92 181.42 384.67 208.94 -1 -1 -1 -1000 -1000 -1000 -10 0.0025 
Car -1 -1 -10 873.94 192.03 908.31 248.42 -1 -1 -1 -1000 -1000 -1000 -10 0.0023 
Car -1 -1 -10 157.41 154.47 209.85 177.45 -1 -1 -1 -1000 -1000 -1000 -10 0.0023 
Car -1 -1 -10 520.41 218.66 612.17 262.50 -1 -1 -1 -1000 -1000 -1000 -10 0.0021 
Car -1 -1 -10 24.64 182.38 113.46 226.23 -1 -1 -1 -1000 -1000 -1000 -10 0.0020 
Car -1 -1 -10 741.89 219.55 790.38 249.72 -1 -1 -1 -1000 -1000 -1000 -10 0.0019 
Car -1 -1 -10 367.63 174.96 409.58 216.42 -1 -1 -1 -1000 -1000 -1000 -10 0.0017 
Car -1 -1 -10 30.98 181.23 90.80 213.07 -1 -1 -1 -1000 -1000 -1000 -10 0.0017 
Car -1 -1 -10 682.64 225.58 755.25 288.48 -1 -1 -1 -1000 -1000 -1000 -10 0.0013 
Car -1 -1 -10 61.33 188.34 133.27 218.71 -1 -1 -1 -1000 -1000 -1000 -10 0.0012 
Car -1 -1 -10 290.61 189.53 346.11 222.96 -1 -1 -1 -1000 -1000 -1000 -10 0.0012 
Car -1 -1 -10 964.47 113.39 1001.81 137.82 -1 -1 -1 -1000 -1000 -1000 -10 0.0011 
Car -1 -1 -10 116.10 150.07 165.00 183.46 -1 -1 -1 -1000 -1000 -1000 -10 0.0009 
Car -1 -1 -10 316.14 122.73 406.53 163.87 -1 -1 -1 -1000 -1000 -1000 -10 0.0008 
Car -1 -1 -10 373.59 220.58 453.57 264.37 -1 -1 -1 -1000 -1000 -1000 -10 0.0008 
Car -1 -1 -10 1065.40 149.63 1141.08 203.09 -1 -1 -1 -1000 -1000 -1000 -10 0.0006 
Car -1 -1 -10 951.55 118.13 993.29 144.58 -1 -1 -1 -1000 -1000 -1000 -10 0.0006 
Car -1 -1 -10 854.61 199.05 906.77 234.88 -1 -1 -1 -1000 -1000 -1000 -10 0.0005 
Car -1 -1 -10 573.97 221.34 653.49 260.36 -1 -1 -1 -1000 -1000 -1000 -10 0.0005 
Car -1 -1 -10 822.37 70.71 889.59 96.46 -1 -1 -1 -1000 -1000 -1000 -10 0.0005 
Car -1 -1 -10 1124.80 171.57 1224.95 311.29 -1 -1 -1 -1000 -1000 -1000 -10 0.0003 
Car -1 -1 -10 849.62 45.15 912.96 72.59 -1 -1 -1 -1000 -1000 -1000 -10 0.0002 
Car -1 -1 -10 369.41 247.18 441.88 283.00 -1 -1 -1 -1000 -1000 -1000 -10 0.0002 
Car -1 -1 -10 937.04 121.77 991.39 155.65 -1 -1 -1 -1000 -1000 -1000 -10 0.0001 
Car -1 -1 -10 299.16 211.62 390.02 260.61 -1 -1 -1 -1000 -1000 -1000 -10 0.0001 
Car -1 -1 -10 322.92 224.39 383.21 269.15 -1 -1 -1 -1000 -1000 -1000 -10 0.0000 
Car -1 -1 -10 135.45 229.07 279.95 299.06 -1 -1 -1 -1000 -1000 -1000 -10 0.0000 
Car -1 -1 -10 963.01 116.85 1032.10 148.62 -1 -1 -1 -1000 -1000 -1000 -10 0.0000 
Car -1 -1 -10 277.00 286.05 358.37 328.50 -1 -1 -1 -1000 -1000 -1000 -10 0.0000 
Car -1 -1 -10 402.91 208.85 441.43 244.65 -1 -1 -1 -1000 -1000 -1000 -10 0.0000 
Car -1 -1 -10 99.44 295.17 239.18 336.13 -1 -1 -1 -1000 -1000 -1000 -10 0.0000 
Car -1 -1 -10 148.35 244.56 261.08 338.10 -1 -1 -1 -1000 -1000 -1000 -10 0.0000 
Car -1 -1 -10 2.61 217.10 51.76 247.07 -1 -1 -1 -1000 -1000 -1000 -10 0.0000 
Car -1 -1 -10 343.64 224.65 417.79 266.65 -1 -1 -1 -1000 -1000 -1000 -10 0.0000 
