Car -1 -1 -10 646.22 169.95 789.39 277.83 -1 -1 -1 -1000 -1000 -1000 -10 0.9998 
Car -1 -1 -10 769.06 180.42 1243.00 376.00 -1 -1 -1 -1000 -1000 -1000 -10 0.9924 
Car -1 -1 -10 168.62 176.01 352.36 294.90 -1 -1 -1 -1000 -1000 -1000 -10 0.9821 
Car -1 -1 -10 342.01 185.98 407.66 235.44 -1 -1 -1 -1000 -1000 -1000 -10 0.9598 
Car -1 -1 -10 0.00 195.75 255.66 366.42 -1 -1 -1 -1000 -1000 -1000 -10 0.8843 
Car -1 -1 -10 587.24 179.05 642.17 228.44 -1 -1 -1 -1000 -1000 -1000 -10 0.5736 
Car -1 -1 -10 296.42 188.10 386.87 256.65 -1 -1 -1 -1000 -1000 -1000 -10 0.4927 
Car -1 -1 -10 599.19 178.32 731.28 247.96 -1 -1 -1 -1000 -1000 -1000 -10 0.3539 
Car -1 -1 -10 544.35 175.89 656.66 223.74 -1 -1 -1 -1000 -1000 -1000 -10 0.0699 
Car -1 -1 -10 627.03 88.93 690.19 129.71 -1 -1 -1 -1000 -1000 -1000 -10 0.0692 
Car -1 -1 -10 641.01 87.46 679.47 120.21 -1 -1 -1 -1000 -1000 -1000 -10 0.0216 
Car -1 -1 -10 387.54 180.80 435.55 214.52 -1 -1 -1 -1000 -1000 -1000 -10 0.0162 
Car -1 -1 -10 390.91 158.85 469.91 206.53 -1 -1 -1 -1000 -1000 -1000 -10 0.0118 
Car -1 -1 -10 545.82 174.19 620.01 211.12 -1 -1 -1 -1000 -1000 -1000 -10 0.0055 
Car -1 -1 -10 143.89 144.73 201.86 179.30 -1 -1 -1 -1000 -1000 -1000 -10 0.0046 
Car -1 -1 -10 612.00 99.47 671.43 142.80 -1 -1 -1 -1000 -1000 -1000 -10 0.0028 
Car -1 -1 -10 168.33 195.61 218.53 220.35 -1 -1 -1 -1000 -1000 -1000 -10 0.0012 
Car -1 -1 -10 218.63 181.12 393.95 267.19 -1 -1 -1 -1000 -1000 -1000 -10 0.0009 
Car -1 -1 -10 982.14 189.74 1099.75 229.26 -1 -1 -1 -1000 -1000 -1000 -10 0.0008 
Car -1 -1 -10 1084.30 243.58 1201.26 294.28 -1 -1 -1 -1000 -1000 -1000 -10 0.0007 
Car -1 -1 -10 3.58 201.46 73.23 227.62 -1 -1 -1 -1000 -1000 -1000 -10 0.0007 
Car -1 -1 -10 617.81 85.68 663.86 117.80 -1 -1 -1 -1000 -1000 -1000 -10 0.0005 
Car -1 -1 -10 93.75 201.43 281.30 318.82 -1 -1 -1 -1000 -1000 -1000 -10 0.0005 
Car -1 -1 -10 538.37 262.89 591.00 282.94 -1 -1 -1 -1000 -1000 -1000 -10 0.0004 
Car -1 -1 -10 606.72 178.20 643.18 208.59 -1 -1 -1 -1000 -1000 -1000 -10 0.0004 
Car -1 -1 -10 0.00 202.93 66.33 261.96 -1 -1 -1 -1000 -1000 -1000 -10 0.0003 
Car -1 -1 -10 45.40 200.26 151.50 231.12 -1 -1 -1 -1000 -1000 -1000 -10 0.0003 
Car -1 -1 -10 700.08 174.62 783.03 255.96 -1 -1 -1 -1000 -1000 -1000 -10 0.0002 
Car -1 -1 -10 844.62 193.34 949.96 221.72 -1 -1 -1 -1000 -1000 -1000 -10 0.0002 
Car -1 -1 -10 152.90 201.35 226.25 229.39 -1 -1 -1 -1000 -1000 -1000 -10 0.0001 
Car -1 -1 -10 374.05 183.40 411.46 227.75 -1 -1 -1 -1000 -1000 -1000 -10 0.0001 
Car -1 -1 -10 725.18 178.85 800.80 245.90 -1 -1 -1 -1000 -1000 -1000 -10 0.0001 
Car -1 -1 -10 821.99 197.15 995.16 229.12 -1 -1 -1 -1000 -1000 -1000 -10 0.0001 
Car -1 -1 -10 1157.40 276.49 1242.99 332.87 -1 -1 -1 -1000 -1000 -1000 -10 0.0000 
Car -1 -1 -10 4.78 211.73 212.53 283.11 -1 -1 -1 -1000 -1000 -1000 -10 0.0000 
Car -1 -1 -10 133.94 128.85 213.64 185.85 -1 -1 -1 -1000 -1000 -1000 -10 0.0000 
Car -1 -1 -10 972.95 214.27 1156.48 313.34 -1 -1 -1 -1000 -1000 -1000 -10 0.0000 
Car -1 -1 -10 510.83 168.61 546.03 203.83 -1 -1 -1 -1000 -1000 -1000 -10 0.0000 
Car -1 -1 -10 269.34 180.61 352.91 252.41 -1 -1 -1 -1000 -1000 -1000 -10 0.0000 
Car -1 -1 -10 201.24 191.16 277.81 233.72 -1 -1 -1 -1000 -1000 -1000 -10 0.0000 
Car -1 -1 -10 684.90 188.94 865.52 284.29 -1 -1 -1 -1000 -1000 -1000 -10 0.0000 
Car -1 -1 -10 276.22 181.12 339.42 201.71 -1 -1 -1 -1000 -1000 -1000 -10 0.0000 
Car -1 -1 -10 151.35 201.00 280.93 270.89 -1 -1 -1 -1000 -1000 -1000 -10 0.0000 
Car -1 -1 -10 786.43 196.22 963.77 345.81 -1 -1 -1 -1000 -1000 -1000 -10 0.0000 
