Car -1 -1 -10 157.31 99.38 212.34 135.61 -1 -1 -1 -1000 -1000 -1000 -10 0.0054 
Car -1 -1 -10 266.39 117.98 324.11 152.28 -1 -1 -1 -1000 -1000 -1000 -10 0.0053 
Car -1 -1 -10 172.70 105.38 228.11 138.40 -1 -1 -1 -1000 -1000 -1000 -10 0.0049 
Car -1 -1 -10 223.35 101.30 274.24 136.56 -1 -1 -1 -1000 -1000 -1000 -10 0.0042 
Car -1 -1 -10 249.97 124.70 316.97 160.91 -1 -1 -1 -1000 -1000 -1000 -10 0.0039 
Car -1 -1 -10 229.52 123.96 293.38 164.66 -1 -1 -1 -1000 -1000 -1000 -10 0.0033 
Car -1 -1 -10 823.55 326.78 889.18 357.59 -1 -1 -1 -1000 -1000 -1000 -10 0.0033 
Car -1 -1 -10 777.26 302.20 839.29 332.74 -1 -1 -1 -1000 -1000 -1000 -10 0.0027 
Car -1 -1 -10 192.30 97.14 243.43 124.95 -1 -1 -1 -1000 -1000 -1000 -10 0.0027 
Car -1 -1 -10 249.00 111.03 311.37 148.47 -1 -1 -1 -1000 -1000 -1000 -10 0.0027 
Car -1 -1 -10 288.62 131.56 343.30 164.93 -1 -1 -1 -1000 -1000 -1000 -10 0.0026 
Car -1 -1 -10 235.56 106.04 294.94 141.57 -1 -1 -1 -1000 -1000 -1000 -10 0.0024 
Car -1 -1 -10 267.69 109.94 322.96 139.56 -1 -1 -1 -1000 -1000 -1000 -10 0.0020 
Car -1 -1 -10 790.35 309.10 845.78 340.01 -1 -1 -1 -1000 -1000 -1000 -10 0.0019 
Car -1 -1 -10 226.50 94.85 271.15 123.27 -1 -1 -1 -1000 -1000 -1000 -10 0.0018 
Car -1 -1 -10 275.25 140.37 337.67 180.02 -1 -1 -1 -1000 -1000 -1000 -10 0.0017 
Car -1 -1 -10 211.83 130.41 271.59 166.88 -1 -1 -1 -1000 -1000 -1000 -10 0.0017 
Car -1 -1 -10 816.06 319.85 868.31 352.20 -1 -1 -1 -1000 -1000 -1000 -10 0.0016 
Car -1 -1 -10 231.66 134.90 309.53 178.54 -1 -1 -1 -1000 -1000 -1000 -10 0.0012 
Car -1 -1 -10 811.06 327.26 854.37 356.69 -1 -1 -1 -1000 -1000 -1000 -10 0.0012 
Car -1 -1 -10 800.29 329.64 841.76 351.59 -1 -1 -1 -1000 -1000 -1000 -10 0.0008 
Car -1 -1 -10 159.69 105.49 239.75 154.38 -1 -1 -1 -1000 -1000 -1000 -10 0.0007 
Car -1 -1 -10 286.13 117.26 342.30 143.09 -1 -1 -1 -1000 -1000 -1000 -10 0.0007 
Car -1 -1 -10 816.96 319.06 914.59 361.38 -1 -1 -1 -1000 -1000 -1000 -10 0.0006 
Car -1 -1 -10 802.51 317.88 848.97 347.46 -1 -1 -1 -1000 -1000 -1000 -10 0.0005 
Car -1 -1 -10 300.64 125.02 350.93 155.14 -1 -1 -1 -1000 -1000 -1000 -10 0.0005 
Car -1 -1 -10 185.88 124.52 263.70 161.69 -1 -1 -1 -1000 -1000 -1000 -10 0.0005 
Car -1 -1 -10 812.25 312.68 865.93 339.98 -1 -1 -1 -1000 -1000 -1000 -10 0.0005 
Car -1 -1 -10 244.97 98.02 301.01 128.80 -1 -1 -1 -1000 -1000 -1000 -10 0.0004 
Car -1 -1 -10 47.98 233.07 113.59 271.44 -1 -1 -1 -1000 -1000 -1000 -10 0.0003 
Car -1 -1 -10 85.90 38.34 156.75 72.54 -1 -1 -1 -1000 -1000 -1000 -10 0.0002 
Car -1 -1 -10 84.32 31.53 142.29 63.58 -1 -1 -1 -1000 -1000 -1000 -10 0.0002 
Car -1 -1 -10 106.45 217.19 188.08 255.02 -1 -1 -1 -1000 -1000 -1000 -10 0.0002 
Car -1 -1 -10 74.17 231.22 144.48 264.05 -1 -1 -1 -1000 -1000 -1000 -10 0.0001 
Car -1 -1 -10 383.77 164.41 437.11 202.66 -1 -1 -1 -1000 -1000 -1000 -10 0.0001 
Car -1 -1 -10 80.08 219.57 148.21 252.15 -1 -1 -1 -1000 -1000 -1000 -10 0.0001 
