Car -1 -1 -10 1122.30 281.25 1224.96 320.44 -1 -1 -1 -1000 -1000 -1000 -10 0.0109 
Car -1 -1 -10 1173.70 226.29 1225.05 251.72 -1 -1 -1 -1000 -1000 -1000 -10 0.0060 
Car -1 -1 -10 1126.50 225.77 1224.98 258.02 -1 -1 -1 -1000 -1000 -1000 -10 0.0057 
Car -1 -1 -10 1041.60 221.30 1106.39 256.98 -1 -1 -1 -1000 -1000 -1000 -10 0.0047 
Car -1 -1 -10 1003.60 132.07 1064.05 162.66 -1 -1 -1 -1000 -1000 -1000 -10 0.0046 
Car -1 -1 -10 1054.50 83.30 1153.73 125.67 -1 -1 -1 -1000 -1000 -1000 -10 0.0024 
Car -1 -1 -10 680.30 205.28 802.36 252.74 -1 -1 -1 -1000 -1000 -1000 -10 0.0010 
Car -1 -1 -10 994.83 124.12 1063.26 150.10 -1 -1 -1 -1000 -1000 -1000 -10 0.0009 
Car -1 -1 -10 926.98 130.75 994.80 162.00 -1 -1 -1 -1000 -1000 -1000 -10 0.0006 
Car -1 -1 -10 938.14 148.31 1027.35 185.85 -1 -1 -1 -1000 -1000 -1000 -10 0.0004 
Car -1 -1 -10 851.03 121.01 918.55 149.44 -1 -1 -1 -1000 -1000 -1000 -10 0.0002 
Car -1 -1 -10 860.90 119.75 915.55 137.30 -1 -1 -1 -1000 -1000 -1000 -10 0.0002 
Car -1 -1 -10 792.71 154.99 860.05 177.04 -1 -1 -1 -1000 -1000 -1000 -10 0.0002 
Car -1 -1 -10 886.83 126.97 954.47 157.17 -1 -1 -1 -1000 -1000 -1000 -10 0.0001 
Car -1 -1 -10 939.93 125.76 1017.09 168.70 -1 -1 -1 -1000 -1000 -1000 -10 0.0001 
Car -1 -1 -10 908.50 97.34 970.94 131.62 -1 -1 -1 -1000 -1000 -1000 -10 0.0001 
Car -1 -1 -10 964.41 114.10 1026.05 147.15 -1 -1 -1 -1000 -1000 -1000 -10 0.0001 
Car -1 -1 -10 938.47 124.17 991.93 149.47 -1 -1 -1 -1000 -1000 -1000 -10 0.0000 
Car -1 -1 -10 670.21 175.26 730.48 218.35 -1 -1 -1 -1000 -1000 -1000 -10 0.0000 
Car -1 -1 -10 485.15 26.76 617.34 73.31 -1 -1 -1 -1000 -1000 -1000 -10 0.0000 
Car -1 -1 -10 444.00 213.99 520.37 241.26 -1 -1 -1 -1000 -1000 -1000 -10 0.0000 
Car -1 -1 -10 913.09 116.78 975.56 155.94 -1 -1 -1 -1000 -1000 -1000 -10 0.0000 
Car -1 -1 -10 515.64 42.75 648.43 66.64 -1 -1 -1 -1000 -1000 -1000 -10 0.0000 
Car -1 -1 -10 953.89 114.23 1051.85 155.67 -1 -1 -1 -1000 -1000 -1000 -10 0.0000 
Car -1 -1 -10 951.05 103.44 1039.56 143.15 -1 -1 -1 -1000 -1000 -1000 -10 0.0000 
Car -1 -1 -10 878.12 114.10 921.83 131.94 -1 -1 -1 -1000 -1000 -1000 -10 0.0000 
Car -1 -1 -10 323.15 226.50 382.44 256.02 -1 -1 -1 -1000 -1000 -1000 -10 0.0000 
