Car -1 -1 -10 869.74 171.50 1130.51 251.01 -1 -1 -1 -1000 -1000 -1000 -10 0.9998 
Car -1 -1 -10 472.23 186.81 504.89 211.96 -1 -1 -1 -1000 -1000 -1000 -10 0.9980 
Car -1 -1 -10 563.36 184.08 592.58 208.71 -1 -1 -1 -1000 -1000 -1000 -10 0.9946 
Car -1 -1 -10 149.45 73.72 197.55 109.74 -1 -1 -1 -1000 -1000 -1000 -10 0.0786 
Car -1 -1 -10 141.41 120.17 207.62 167.96 -1 -1 -1 -1000 -1000 -1000 -10 0.0710 
Car -1 -1 -10 157.57 82.72 204.42 120.42 -1 -1 -1 -1000 -1000 -1000 -10 0.0538 
Car -1 -1 -10 225.30 108.51 274.32 139.24 -1 -1 -1 -1000 -1000 -1000 -10 0.0486 
Car -1 -1 -10 155.62 116.03 205.04 152.59 -1 -1 -1 -1000 -1000 -1000 -10 0.0456 
Car -1 -1 -10 162.83 69.48 211.20 105.90 -1 -1 -1 -1000 -1000 -1000 -10 0.0369 
Car -1 -1 -10 397.12 179.60 454.84 210.99 -1 -1 -1 -1000 -1000 -1000 -10 0.0349 
Car -1 -1 -10 141.51 138.25 192.45 170.05 -1 -1 -1 -1000 -1000 -1000 -10 0.0239 
Car -1 -1 -10 88.24 67.83 137.48 108.34 -1 -1 -1 -1000 -1000 -1000 -10 0.0203 
Car -1 -1 -10 183.36 115.66 232.80 155.00 -1 -1 -1 -1000 -1000 -1000 -10 0.0203 
Car -1 -1 -10 179.96 131.75 225.04 169.17 -1 -1 -1 -1000 -1000 -1000 -10 0.0195 
Car -1 -1 -10 161.37 139.54 213.63 178.05 -1 -1 -1 -1000 -1000 -1000 -10 0.0157 
Car -1 -1 -10 73.96 79.53 126.84 116.78 -1 -1 -1 -1000 -1000 -1000 -10 0.0148 
Car -1 -1 -10 36.59 89.83 100.76 126.47 -1 -1 -1 -1000 -1000 -1000 -10 0.0100 
Car -1 -1 -10 850.52 127.23 910.19 169.50 -1 -1 -1 -1000 -1000 -1000 -10 0.0093 
Car -1 -1 -10 75.20 59.70 125.94 95.98 -1 -1 -1 -1000 -1000 -1000 -10 0.0086 
Car -1 -1 -10 192.20 189.34 266.85 238.84 -1 -1 -1 -1000 -1000 -1000 -10 0.0077 
Car -1 -1 -10 909.79 176.19 1045.81 222.27 -1 -1 -1 -1000 -1000 -1000 -10 0.0057 
Car -1 -1 -10 132.91 158.74 191.05 194.92 -1 -1 -1 -1000 -1000 -1000 -10 0.0056 
Car -1 -1 -10 168.09 97.67 250.14 145.13 -1 -1 -1 -1000 -1000 -1000 -10 0.0054 
Car -1 -1 -10 480.71 185.61 516.70 207.81 -1 -1 -1 -1000 -1000 -1000 -10 0.0053 
Car -1 -1 -10 54.84 75.44 109.05 109.49 -1 -1 -1 -1000 -1000 -1000 -10 0.0046 
Car -1 -1 -10 160.05 129.60 236.16 184.21 -1 -1 -1 -1000 -1000 -1000 -10 0.0042 
Car -1 -1 -10 53.95 60.88 104.08 95.72 -1 -1 -1 -1000 -1000 -1000 -10 0.0037 
Car -1 -1 -10 59.89 71.34 143.19 121.62 -1 -1 -1 -1000 -1000 -1000 -10 0.0037 
Car -1 -1 -10 138.11 148.76 191.11 179.89 -1 -1 -1 -1000 -1000 -1000 -10 0.0032 
Car -1 -1 -10 82.73 61.88 158.87 116.60 -1 -1 -1 -1000 -1000 -1000 -10 0.0031 
Car -1 -1 -10 165.62 80.88 244.57 130.44 -1 -1 -1 -1000 -1000 -1000 -10 0.0021 
Car -1 -1 -10 639.99 141.64 673.89 187.39 -1 -1 -1 -1000 -1000 -1000 -10 0.0019 
Car -1 -1 -10 151.65 145.52 216.35 202.78 -1 -1 -1 -1000 -1000 -1000 -10 0.0014 
Car -1 -1 -10 265.13 207.38 342.17 235.32 -1 -1 -1 -1000 -1000 -1000 -10 0.0013 
Car -1 -1 -10 163.75 114.55 249.44 168.35 -1 -1 -1 -1000 -1000 -1000 -10 0.0013 
Car -1 -1 -10 43.81 47.06 129.81 108.47 -1 -1 -1 -1000 -1000 -1000 -10 0.0012 
Car -1 -1 -10 481.71 126.81 560.53 169.37 -1 -1 -1 -1000 -1000 -1000 -10 0.0011 
Car -1 -1 -10 503.88 124.54 568.10 154.51 -1 -1 -1 -1000 -1000 -1000 -10 0.0009 
Car -1 -1 -10 43.67 170.95 98.97 211.37 -1 -1 -1 -1000 -1000 -1000 -10 0.0007 
Car -1 -1 -10 874.75 184.09 1023.40 252.67 -1 -1 -1 -1000 -1000 -1000 -10 0.0006 
Car -1 -1 -10 34.91 153.16 146.00 233.41 -1 -1 -1 -1000 -1000 -1000 -10 0.0004 
Car -1 -1 -10 169.41 145.92 246.73 202.55 -1 -1 -1 -1000 -1000 -1000 -10 0.0004 
Car -1 -1 -10 1120.70 268.28 1231.05 328.83 -1 -1 -1 -1000 -1000 -1000 -10 0.0003 
Car -1 -1 -10 264.79 217.74 304.47 237.30 -1 -1 -1 -1000 -1000 -1000 -10 0.0003 
Car -1 -1 -10 166.92 53.84 256.68 113.36 -1 -1 -1 -1000 -1000 -1000 -10 0.0003 
Car -1 -1 -10 1054.40 172.12 1126.59 221.40 -1 -1 -1 -1000 -1000 -1000 -10 0.0002 
Car -1 -1 -10 342.36 28.05 376.05 59.30 -1 -1 -1 -1000 -1000 -1000 -10 0.0001 
Car -1 -1 -10 281.17 58.40 364.83 84.18 -1 -1 -1 -1000 -1000 -1000 -10 0.0001 
Car -1 -1 -10 130.45 166.45 211.01 222.35 -1 -1 -1 -1000 -1000 -1000 -10 0.0001 
Car -1 -1 -10 516.01 179.68 535.62 197.07 -1 -1 -1 -1000 -1000 -1000 -10 0.0001 
Car -1 -1 -10 951.51 171.34 1090.93 242.64 -1 -1 -1 -1000 -1000 -1000 -10 0.0001 
Car -1 -1 -10 320.51 206.55 409.23 233.04 -1 -1 -1 -1000 -1000 -1000 -10 0.0001 
Car -1 -1 -10 101.86 182.67 207.51 235.90 -1 -1 -1 -1000 -1000 -1000 -10 0.0001 
Car -1 -1 -10 380.97 185.17 436.69 210.25 -1 -1 -1 -1000 -1000 -1000 -10 0.0001 
Car -1 -1 -10 325.45 190.78 399.38 222.46 -1 -1 -1 -1000 -1000 -1000 -10 0.0000 
Car -1 -1 -10 366.88 151.26 435.59 189.96 -1 -1 -1 -1000 -1000 -1000 -10 0.0000 
Car -1 -1 -10 333.84 118.00 411.39 166.51 -1 -1 -1 -1000 -1000 -1000 -10 0.0000 
Car -1 -1 -10 284.37 198.93 389.33 232.41 -1 -1 -1 -1000 -1000 -1000 -10 0.0000 
Car -1 -1 -10 448.56 128.86 533.02 178.55 -1 -1 -1 -1000 -1000 -1000 -10 0.0000 
Car -1 -1 -10 371.69 135.26 426.98 170.16 -1 -1 -1 -1000 -1000 -1000 -10 0.0000 
Car -1 -1 -10 342.16 142.59 444.55 207.88 -1 -1 -1 -1000 -1000 -1000 -10 0.0000 
