Car -1 -1 -10 488.13 187.55 515.73 209.75 -1 -1 -1 -1000 -1000 -1000 -10 0.9262 
Car -1 -1 -10 107.08 209.60 457.69 376.00 -1 -1 -1 -1000 -1000 -1000 -10 0.7845 
Car -1 -1 -10 67.91 289.46 107.30 340.01 -1 -1 -1 -1000 -1000 -1000 -10 0.0193 
Car -1 -1 -10 651.12 152.31 700.27 188.57 -1 -1 -1 -1000 -1000 -1000 -10 0.0076 
Car -1 -1 -10 326.14 198.71 434.65 241.13 -1 -1 -1 -1000 -1000 -1000 -10 0.0074 
Car -1 -1 -10 237.37 203.88 451.38 300.16 -1 -1 -1 -1000 -1000 -1000 -10 0.0046 
Car -1 -1 -10 74.84 289.51 129.77 335.84 -1 -1 -1 -1000 -1000 -1000 -10 0.0036 
Car -1 -1 -10 320.02 203.11 370.07 229.53 -1 -1 -1 -1000 -1000 -1000 -10 0.0034 
Car -1 -1 -10 304.10 200.13 445.16 267.46 -1 -1 -1 -1000 -1000 -1000 -10 0.0034 
Car -1 -1 -10 91.54 152.71 149.81 174.42 -1 -1 -1 -1000 -1000 -1000 -10 0.0032 
Car -1 -1 -10 1.21 90.23 52.42 126.28 -1 -1 -1 -1000 -1000 -1000 -10 0.0022 
Car -1 -1 -10 202.45 234.37 279.69 276.46 -1 -1 -1 -1000 -1000 -1000 -10 0.0017 
Car -1 -1 -10 17.50 87.93 74.81 120.01 -1 -1 -1 -1000 -1000 -1000 -10 0.0015 
Car -1 -1 -10 268.29 191.78 314.63 213.08 -1 -1 -1 -1000 -1000 -1000 -10 0.0013 
Car -1 -1 -10 213.72 191.66 260.45 210.37 -1 -1 -1 -1000 -1000 -1000 -10 0.0012 
Car -1 -1 -10 155.61 261.09 224.78 310.11 -1 -1 -1 -1000 -1000 -1000 -10 0.0011 
Car -1 -1 -10 18.34 89.97 96.88 137.41 -1 -1 -1 -1000 -1000 -1000 -10 0.0010 
Car -1 -1 -10 0.91 85.68 58.34 111.56 -1 -1 -1 -1000 -1000 -1000 -10 0.0010 
Car -1 -1 -10 37.79 333.69 69.69 356.01 -1 -1 -1 -1000 -1000 -1000 -10 0.0009 
Car -1 -1 -10 218.64 196.96 272.17 215.47 -1 -1 -1 -1000 -1000 -1000 -10 0.0008 
Car -1 -1 -10 13.25 110.33 88.41 148.49 -1 -1 -1 -1000 -1000 -1000 -10 0.0006 
Car -1 -1 -10 690.64 99.83 757.42 130.33 -1 -1 -1 -1000 -1000 -1000 -10 0.0006 
Car -1 -1 -10 275.24 185.74 332.39 210.12 -1 -1 -1 -1000 -1000 -1000 -10 0.0006 
Car -1 -1 -10 114.54 97.12 170.04 117.20 -1 -1 -1 -1000 -1000 -1000 -10 0.0006 
Car -1 -1 -10 43.33 150.96 91.80 182.46 -1 -1 -1 -1000 -1000 -1000 -10 0.0006 
Car -1 -1 -10 237.79 195.65 292.97 215.46 -1 -1 -1 -1000 -1000 -1000 -10 0.0005 
Car -1 -1 -10 205.90 184.31 274.64 205.44 -1 -1 -1 -1000 -1000 -1000 -10 0.0004 
Car -1 -1 -10 112.13 104.01 169.54 122.96 -1 -1 -1 -1000 -1000 -1000 -10 0.0004 
Car -1 -1 -10 934.43 71.22 1009.47 126.67 -1 -1 -1 -1000 -1000 -1000 -10 0.0004 
Car -1 -1 -10 88.64 97.34 147.38 118.25 -1 -1 -1 -1000 -1000 -1000 -10 0.0003 
Car -1 -1 -10 101.00 264.55 165.12 287.99 -1 -1 -1 -1000 -1000 -1000 -10 0.0003 
Car -1 -1 -10 311.55 156.71 364.97 175.73 -1 -1 -1 -1000 -1000 -1000 -10 0.0003 
Car -1 -1 -10 479.71 81.47 545.30 110.84 -1 -1 -1 -1000 -1000 -1000 -10 0.0003 
Car -1 -1 -10 698.33 90.58 758.39 118.88 -1 -1 -1 -1000 -1000 -1000 -10 0.0002 
Car -1 -1 -10 32.75 115.33 115.39 162.11 -1 -1 -1 -1000 -1000 -1000 -10 0.0002 
Car -1 -1 -10 306.72 162.02 355.99 182.07 -1 -1 -1 -1000 -1000 -1000 -10 0.0002 
Car -1 -1 -10 51.59 91.78 124.38 136.72 -1 -1 -1 -1000 -1000 -1000 -10 0.0002 
Car -1 -1 -10 304.63 167.22 353.23 190.40 -1 -1 -1 -1000 -1000 -1000 -10 0.0001 
Car -1 -1 -10 50.12 317.70 87.55 348.98 -1 -1 -1 -1000 -1000 -1000 -10 0.0001 
Car -1 -1 -10 312.46 204.18 351.27 226.21 -1 -1 -1 -1000 -1000 -1000 -10 0.0001 
Car -1 -1 -10 210.76 230.55 277.38 258.32 -1 -1 -1 -1000 -1000 -1000 -10 0.0001 
Car -1 -1 -10 433.54 37.86 505.21 53.10 -1 -1 -1 -1000 -1000 -1000 -10 0.0001 
Car -1 -1 -10 338.98 259.68 400.74 301.95 -1 -1 -1 -1000 -1000 -1000 -10 0.0001 
Car -1 -1 -10 634.42 24.63 718.04 52.60 -1 -1 -1 -1000 -1000 -1000 -10 0.0001 
Car -1 -1 -10 206.50 234.79 317.19 297.41 -1 -1 -1 -1000 -1000 -1000 -10 0.0000 
Car -1 -1 -10 61.16 316.97 115.83 346.71 -1 -1 -1 -1000 -1000 -1000 -10 0.0000 
Car -1 -1 -10 393.33 197.49 433.70 241.16 -1 -1 -1 -1000 -1000 -1000 -10 0.0000 
Car -1 -1 -10 310.78 173.14 364.26 196.54 -1 -1 -1 -1000 -1000 -1000 -10 0.0000 
Car -1 -1 -10 269.66 191.74 349.48 219.51 -1 -1 -1 -1000 -1000 -1000 -10 0.0000 
Car -1 -1 -10 388.44 195.80 459.25 245.79 -1 -1 -1 -1000 -1000 -1000 -10 0.0000 
Car -1 -1 -10 268.65 202.35 354.43 226.44 -1 -1 -1 -1000 -1000 -1000 -10 0.0000 
Car -1 -1 -10 379.83 196.78 463.79 278.75 -1 -1 -1 -1000 -1000 -1000 -10 0.0000 
