Car -1 -1 -10 1146.70 224.36 1225.03 255.46 -1 -1 -1 -1000 -1000 -1000 -10 0.0139 
Car -1 -1 -10 1134.20 281.28 1225.03 320.82 -1 -1 -1 -1000 -1000 -1000 -10 0.0083 
Car -1 -1 -10 429.87 263.31 512.27 317.34 -1 -1 -1 -1000 -1000 -1000 -10 0.0016 
Car -1 -1 -10 1181.80 224.93 1225.00 261.31 -1 -1 -1 -1000 -1000 -1000 -10 0.0016 
Car -1 -1 -10 503.63 37.27 626.02 69.76 -1 -1 -1 -1000 -1000 -1000 -10 0.0009 
Car -1 -1 -10 939.07 144.44 1032.05 178.87 -1 -1 -1 -1000 -1000 -1000 -10 0.0008 
Car -1 -1 -10 917.32 101.24 973.28 132.30 -1 -1 -1 -1000 -1000 -1000 -10 0.0005 
Car -1 -1 -10 828.74 211.32 898.18 256.14 -1 -1 -1 -1000 -1000 -1000 -10 0.0005 
Car -1 -1 -10 858.44 122.33 921.54 161.89 -1 -1 -1 -1000 -1000 -1000 -10 0.0004 
Car -1 -1 -10 661.64 207.47 790.02 249.47 -1 -1 -1 -1000 -1000 -1000 -10 0.0004 
Car -1 -1 -10 462.32 271.64 509.06 317.99 -1 -1 -1 -1000 -1000 -1000 -10 0.0004 
Car -1 -1 -10 915.35 101.90 1030.35 135.92 -1 -1 -1 -1000 -1000 -1000 -10 0.0002 
Car -1 -1 -10 858.38 117.57 905.95 138.09 -1 -1 -1 -1000 -1000 -1000 -10 0.0002 
Car -1 -1 -10 409.34 241.27 482.77 293.56 -1 -1 -1 -1000 -1000 -1000 -10 0.0002 
Car -1 -1 -10 974.31 100.67 1080.19 143.74 -1 -1 -1 -1000 -1000 -1000 -10 0.0001 
Car -1 -1 -10 0.00 166.54 150.08 218.96 -1 -1 -1 -1000 -1000 -1000 -10 0.0000 
Car -1 -1 -10 963.05 114.67 1037.61 147.09 -1 -1 -1 -1000 -1000 -1000 -10 0.0000 
Car -1 -1 -10 919.00 118.17 988.99 151.33 -1 -1 -1 -1000 -1000 -1000 -10 0.0000 
Car -1 -1 -10 863.95 114.07 917.05 133.32 -1 -1 -1 -1000 -1000 -1000 -10 0.0000 
Car -1 -1 -10 883.27 98.99 965.46 133.28 -1 -1 -1 -1000 -1000 -1000 -10 0.0000 
Car -1 -1 -10 910.15 110.87 977.14 141.54 -1 -1 -1 -1000 -1000 -1000 -10 0.0000 
Car -1 -1 -10 945.23 117.33 1027.96 158.18 -1 -1 -1 -1000 -1000 -1000 -10 0.0000 
Car -1 -1 -10 876.39 112.97 961.43 148.47 -1 -1 -1 -1000 -1000 -1000 -10 0.0000 
Car -1 -1 -10 884.80 105.61 930.82 131.68 -1 -1 -1 -1000 -1000 -1000 -10 0.0000 
Car -1 -1 -10 1026.30 56.94 1126.70 130.08 -1 -1 -1 -1000 -1000 -1000 -10 0.0000 
