Car -1 -1 -10 715.91 171.64 754.90 197.83 -1 -1 -1 -1000 -1000 -1000 -10 0.9966 
Car -1 -1 -10 1170.90 42.17 1240.92 75.69 -1 -1 -1 -1000 -1000 -1000 -10 0.0123 
Car -1 -1 -10 742.13 101.97 791.50 129.76 -1 -1 -1 -1000 -1000 -1000 -10 0.0107 
Car -1 -1 -10 310.98 173.59 368.98 191.62 -1 -1 -1 -1000 -1000 -1000 -10 0.0096 
Car -1 -1 -10 1096.80 34.62 1153.07 72.86 -1 -1 -1 -1000 -1000 -1000 -10 0.0095 
Car -1 -1 -10 401.04 291.26 448.79 319.67 -1 -1 -1 -1000 -1000 -1000 -10 0.0069 
Car -1 -1 -10 925.49 108.36 977.86 135.87 -1 -1 -1 -1000 -1000 -1000 -10 0.0054 
Car -1 -1 -10 955.39 65.85 1024.28 104.74 -1 -1 -1 -1000 -1000 -1000 -10 0.0052 
Car -1 -1 -10 935.54 97.94 979.77 126.10 -1 -1 -1 -1000 -1000 -1000 -10 0.0049 
Car -1 -1 -10 909.77 136.09 963.49 162.81 -1 -1 -1 -1000 -1000 -1000 -10 0.0043 
Car -1 -1 -10 929.51 94.30 991.47 135.75 -1 -1 -1 -1000 -1000 -1000 -10 0.0035 
Car -1 -1 -10 1180.60 28.29 1237.95 66.05 -1 -1 -1 -1000 -1000 -1000 -10 0.0034 
Car -1 -1 -10 1114.00 31.48 1217.30 75.18 -1 -1 -1 -1000 -1000 -1000 -10 0.0032 
Car -1 -1 -10 410.74 295.14 463.74 324.47 -1 -1 -1 -1000 -1000 -1000 -10 0.0029 
Car -1 -1 -10 367.91 326.19 424.79 355.08 -1 -1 -1 -1000 -1000 -1000 -10 0.0026 
Car -1 -1 -10 821.24 28.52 881.46 58.81 -1 -1 -1 -1000 -1000 -1000 -10 0.0020 
Car -1 -1 -10 929.96 145.82 1011.26 180.51 -1 -1 -1 -1000 -1000 -1000 -10 0.0018 
Car -1 -1 -10 746.51 85.46 796.30 123.73 -1 -1 -1 -1000 -1000 -1000 -10 0.0017 
Car -1 -1 -10 758.47 109.50 817.77 144.10 -1 -1 -1 -1000 -1000 -1000 -10 0.0017 
Car -1 -1 -10 986.04 44.70 1062.66 84.39 -1 -1 -1 -1000 -1000 -1000 -10 0.0017 
Car -1 -1 -10 840.99 33.01 907.97 64.31 -1 -1 -1 -1000 -1000 -1000 -10 0.0014 
Car -1 -1 -10 1103.90 40.92 1177.72 89.77 -1 -1 -1 -1000 -1000 -1000 -10 0.0012 
Car -1 -1 -10 393.28 300.86 446.32 328.36 -1 -1 -1 -1000 -1000 -1000 -10 0.0012 
Car -1 -1 -10 964.26 45.09 1030.89 85.66 -1 -1 -1 -1000 -1000 -1000 -10 0.0010 
Car -1 -1 -10 1092.10 80.64 1141.26 118.20 -1 -1 -1 -1000 -1000 -1000 -10 0.0008 
Car -1 -1 -10 919.87 120.39 982.20 158.98 -1 -1 -1 -1000 -1000 -1000 -10 0.0007 
Car -1 -1 -10 456.63 272.17 501.18 304.87 -1 -1 -1 -1000 -1000 -1000 -10 0.0007 
Car -1 -1 -10 1105.30 64.73 1176.65 104.24 -1 -1 -1 -1000 -1000 -1000 -10 0.0006 
Car -1 -1 -10 417.85 263.97 480.21 295.21 -1 -1 -1 -1000 -1000 -1000 -10 0.0006 
Car -1 -1 -10 489.12 236.60 540.70 263.72 -1 -1 -1 -1000 -1000 -1000 -10 0.0005 
Car -1 -1 -10 1009.90 51.45 1099.41 90.64 -1 -1 -1 -1000 -1000 -1000 -10 0.0005 
Car -1 -1 -10 516.95 174.19 576.13 194.58 -1 -1 -1 -1000 -1000 -1000 -10 0.0005 
Car -1 -1 -10 795.23 31.03 871.28 64.01 -1 -1 -1 -1000 -1000 -1000 -10 0.0005 
Car -1 -1 -10 1180.60 155.28 1242.99 207.80 -1 -1 -1 -1000 -1000 -1000 -10 0.0005 
Car -1 -1 -10 879.50 43.27 965.30 74.65 -1 -1 -1 -1000 -1000 -1000 -10 0.0004 
Car -1 -1 -10 792.18 72.20 902.32 96.47 -1 -1 -1 -1000 -1000 -1000 -10 0.0003 
Car -1 -1 -10 415.53 283.77 488.22 332.33 -1 -1 -1 -1000 -1000 -1000 -10 0.0003 
Car -1 -1 -10 404.33 297.85 468.06 342.76 -1 -1 -1 -1000 -1000 -1000 -10 0.0002 
Car -1 -1 -10 357.90 167.33 410.03 183.39 -1 -1 -1 -1000 -1000 -1000 -10 0.0002 
Car -1 -1 -10 720.99 76.43 796.69 129.28 -1 -1 -1 -1000 -1000 -1000 -10 0.0002 
Car -1 -1 -10 1145.20 150.96 1221.97 200.61 -1 -1 -1 -1000 -1000 -1000 -10 0.0002 
Car -1 -1 -10 468.76 226.58 548.35 271.59 -1 -1 -1 -1000 -1000 -1000 -10 0.0001 
Car -1 -1 -10 0.35 128.47 297.25 229.01 -1 -1 -1 -1000 -1000 -1000 -10 0.0001 
Car -1 -1 -10 1173.60 79.80 1242.99 107.55 -1 -1 -1 -1000 -1000 -1000 -10 0.0001 
Car -1 -1 -10 604.51 296.13 647.21 322.39 -1 -1 -1 -1000 -1000 -1000 -10 0.0001 
Car -1 -1 -10 235.46 140.84 297.76 194.54 -1 -1 -1 -1000 -1000 -1000 -10 0.0001 
Car -1 -1 -10 871.63 25.83 954.95 61.04 -1 -1 -1 -1000 -1000 -1000 -10 0.0001 
Car -1 -1 -10 381.42 304.91 462.82 361.55 -1 -1 -1 -1000 -1000 -1000 -10 0.0001 
Car -1 -1 -10 160.72 135.63 291.28 221.07 -1 -1 -1 -1000 -1000 -1000 -10 0.0001 
Car -1 -1 -10 869.78 128.25 925.14 157.34 -1 -1 -1 -1000 -1000 -1000 -10 0.0001 
Car -1 -1 -10 584.69 278.34 627.99 310.96 -1 -1 -1 -1000 -1000 -1000 -10 0.0001 
Car -1 -1 -10 4.81 128.46 174.70 200.47 -1 -1 -1 -1000 -1000 -1000 -10 0.0001 
Car -1 -1 -10 123.54 167.80 226.75 212.05 -1 -1 -1 -1000 -1000 -1000 -10 0.0000 
Car -1 -1 -10 940.53 22.81 1005.74 56.36 -1 -1 -1 -1000 -1000 -1000 -10 0.0000 
Car -1 -1 -10 1158.60 16.46 1242.99 73.09 -1 -1 -1 -1000 -1000 -1000 -10 0.0000 
Car -1 -1 -10 52.84 158.10 266.98 225.41 -1 -1 -1 -1000 -1000 -1000 -10 0.0000 
Car -1 -1 -10 141.70 125.72 275.20 166.04 -1 -1 -1 -1000 -1000 -1000 -10 0.0000 
Car -1 -1 -10 677.02 152.60 747.40 176.29 -1 -1 -1 -1000 -1000 -1000 -10 0.0000 
Car -1 -1 -10 461.61 189.56 532.85 248.68 -1 -1 -1 -1000 -1000 -1000 -10 0.0000 
Car -1 -1 -10 700.38 151.80 743.65 193.54 -1 -1 -1 -1000 -1000 -1000 -10 0.0000 
