Car -1 -1 -10 605.68 178.95 636.49 203.91 -1 -1 -1 -1000 -1000 -1000 -10 0.9725 
Car -1 -1 -10 42.58 204.21 395.71 373.35 -1 -1 -1 -1000 -1000 -1000 -10 0.9497 
Car -1 -1 -10 1040.90 176.63 1085.95 213.56 -1 -1 -1 -1000 -1000 -1000 -10 0.0547 
Car -1 -1 -10 194.45 261.25 286.35 286.69 -1 -1 -1 -1000 -1000 -1000 -10 0.0203 
Car -1 -1 -10 1117.70 278.46 1166.78 317.84 -1 -1 -1 -1000 -1000 -1000 -10 0.0197 
Car -1 -1 -10 1107.10 272.16 1150.58 309.57 -1 -1 -1 -1000 -1000 -1000 -10 0.0155 
Car -1 -1 -10 1141.60 289.60 1195.41 320.02 -1 -1 -1 -1000 -1000 -1000 -10 0.0120 
Car -1 -1 -10 584.99 78.75 642.59 112.44 -1 -1 -1 -1000 -1000 -1000 -10 0.0113 
Car -1 -1 -10 187.70 69.06 348.84 143.50 -1 -1 -1 -1000 -1000 -1000 -10 0.0088 
Car -1 -1 -10 565.37 78.12 625.38 102.72 -1 -1 -1 -1000 -1000 -1000 -10 0.0046 
Car -1 -1 -10 598.34 71.79 656.89 105.64 -1 -1 -1 -1000 -1000 -1000 -10 0.0045 
Car -1 -1 -10 1091.00 269.31 1169.50 333.72 -1 -1 -1 -1000 -1000 -1000 -10 0.0034 
Car -1 -1 -10 1092.10 252.05 1171.15 309.06 -1 -1 -1 -1000 -1000 -1000 -10 0.0030 
Car -1 -1 -10 577.83 85.05 648.39 131.69 -1 -1 -1 -1000 -1000 -1000 -10 0.0030 
Car -1 -1 -10 575.34 63.92 646.09 102.35 -1 -1 -1 -1000 -1000 -1000 -10 0.0028 
Car -1 -1 -10 606.73 84.45 659.58 116.81 -1 -1 -1 -1000 -1000 -1000 -10 0.0025 
Car -1 -1 -10 1180.00 105.79 1242.97 165.90 -1 -1 -1 -1000 -1000 -1000 -10 0.0024 
Car -1 -1 -10 574.79 87.71 623.76 123.15 -1 -1 -1 -1000 -1000 -1000 -10 0.0022 
Car -1 -1 -10 548.42 110.83 609.52 139.95 -1 -1 -1 -1000 -1000 -1000 -10 0.0020 
Car -1 -1 -10 722.84 32.05 782.82 70.14 -1 -1 -1 -1000 -1000 -1000 -10 0.0014 
Car -1 -1 -10 604.80 60.03 664.52 97.30 -1 -1 -1 -1000 -1000 -1000 -10 0.0009 
Car -1 -1 -10 607.10 92.92 669.19 127.76 -1 -1 -1 -1000 -1000 -1000 -10 0.0007 
Car -1 -1 -10 157.23 94.68 255.98 155.61 -1 -1 -1 -1000 -1000 -1000 -10 0.0005 
Car -1 -1 -10 724.98 25.65 778.26 55.81 -1 -1 -1 -1000 -1000 -1000 -10 0.0005 
Car -1 -1 -10 0.00 60.47 107.36 86.09 -1 -1 -1 -1000 -1000 -1000 -10 0.0002 
Car -1 -1 -10 7.51 66.94 82.42 101.88 -1 -1 -1 -1000 -1000 -1000 -10 0.0002 
Car -1 -1 -10 532.56 114.15 609.24 154.55 -1 -1 -1 -1000 -1000 -1000 -10 0.0001 
Car -1 -1 -10 485.77 179.70 521.78 218.79 -1 -1 -1 -1000 -1000 -1000 -10 0.0001 
Car -1 -1 -10 72.62 69.37 139.35 100.72 -1 -1 -1 -1000 -1000 -1000 -10 0.0001 
Car -1 -1 -10 0.00 50.09 82.86 82.17 -1 -1 -1 -1000 -1000 -1000 -10 0.0000 
Car -1 -1 -10 249.65 191.41 331.24 217.97 -1 -1 -1 -1000 -1000 -1000 -10 0.0000 
Car -1 -1 -10 288.43 182.49 328.43 230.42 -1 -1 -1 -1000 -1000 -1000 -10 0.0000 
Car -1 -1 -10 213.44 212.10 368.76 320.10 -1 -1 -1 -1000 -1000 -1000 -10 0.0000 
Car -1 -1 -10 737.98 18.00 822.03 60.06 -1 -1 -1 -1000 -1000 -1000 -10 0.0000 
Car -1 -1 -10 155.41 236.95 304.46 293.82 -1 -1 -1 -1000 -1000 -1000 -10 0.0000 
Car -1 -1 -10 81.92 147.30 230.75 329.81 -1 -1 -1 -1000 -1000 -1000 -10 0.0000 
