Car -1 -1 -10 91.59 187.78 338.01 267.76 -1 -1 -1 -1000 -1000 -1000 -10 1.0000 
Car -1 -1 -10 498.86 178.09 555.36 197.66 -1 -1 -1 -1000 -1000 -1000 -10 0.5789 
Car -1 -1 -10 1074.30 266.11 1124.07 301.63 -1 -1 -1 -1000 -1000 -1000 -10 0.0503 
Car -1 -1 -10 1091.70 265.74 1148.11 300.89 -1 -1 -1 -1000 -1000 -1000 -10 0.0411 
Car -1 -1 -10 1123.90 272.13 1177.74 306.63 -1 -1 -1 -1000 -1000 -1000 -10 0.0354 
Car -1 -1 -10 1140.60 292.31 1195.26 328.88 -1 -1 -1 -1000 -1000 -1000 -10 0.0267 
Car -1 -1 -10 1165.50 286.70 1219.33 321.72 -1 -1 -1 -1000 -1000 -1000 -10 0.0215 
Car -1 -1 -10 1059.60 276.24 1117.23 310.63 -1 -1 -1 -1000 -1000 -1000 -10 0.0207 
Car -1 -1 -10 1150.50 282.92 1204.63 318.78 -1 -1 -1 -1000 -1000 -1000 -10 0.0202 
Car -1 -1 -10 1102.30 277.57 1161.84 310.63 -1 -1 -1 -1000 -1000 -1000 -10 0.0152 
Car -1 -1 -10 874.56 298.13 921.00 330.98 -1 -1 -1 -1000 -1000 -1000 -10 0.0150 
Car -1 -1 -10 1075.30 271.79 1146.67 314.15 -1 -1 -1 -1000 -1000 -1000 -10 0.0149 
Car -1 -1 -10 1139.50 260.14 1190.86 290.47 -1 -1 -1 -1000 -1000 -1000 -10 0.0136 
Car -1 -1 -10 1157.40 294.58 1228.93 343.37 -1 -1 -1 -1000 -1000 -1000 -10 0.0129 
Car -1 -1 -10 806.07 258.74 863.87 290.57 -1 -1 -1 -1000 -1000 -1000 -10 0.0108 
Car -1 -1 -10 678.91 258.10 759.05 300.21 -1 -1 -1 -1000 -1000 -1000 -10 0.0083 
Car -1 -1 -10 1103.20 256.72 1172.26 304.93 -1 -1 -1 -1000 -1000 -1000 -10 0.0076 
Car -1 -1 -10 1072.80 302.28 1144.72 346.93 -1 -1 -1 -1000 -1000 -1000 -10 0.0072 
Car -1 -1 -10 1131.90 260.88 1200.96 305.66 -1 -1 -1 -1000 -1000 -1000 -10 0.0072 
Car -1 -1 -10 1195.90 108.22 1242.97 144.77 -1 -1 -1 -1000 -1000 -1000 -10 0.0067 
Car -1 -1 -10 890.70 294.19 943.75 327.40 -1 -1 -1 -1000 -1000 -1000 -10 0.0062 
Car -1 -1 -10 851.58 299.28 910.08 329.91 -1 -1 -1 -1000 -1000 -1000 -10 0.0051 
Car -1 -1 -10 1012.00 276.09 1073.76 312.20 -1 -1 -1 -1000 -1000 -1000 -10 0.0048 
Car -1 -1 -10 1099.30 287.80 1164.17 320.47 -1 -1 -1 -1000 -1000 -1000 -10 0.0044 
Car -1 -1 -10 1126.00 297.98 1202.40 348.59 -1 -1 -1 -1000 -1000 -1000 -10 0.0038 
Car -1 -1 -10 1067.40 319.03 1133.44 353.61 -1 -1 -1 -1000 -1000 -1000 -10 0.0034 
Car -1 -1 -10 863.90 295.66 928.61 343.31 -1 -1 -1 -1000 -1000 -1000 -10 0.0034 
Car -1 -1 -10 1050.50 279.76 1132.68 337.92 -1 -1 -1 -1000 -1000 -1000 -10 0.0030 
Car -1 -1 -10 901.95 290.51 957.48 322.12 -1 -1 -1 -1000 -1000 -1000 -10 0.0030 
Car -1 -1 -10 425.40 175.47 464.48 198.23 -1 -1 -1 -1000 -1000 -1000 -10 0.0030 
Car -1 -1 -10 1202.20 122.31 1243.00 149.29 -1 -1 -1 -1000 -1000 -1000 -10 0.0028 
Car -1 -1 -10 1050.80 287.14 1114.47 323.72 -1 -1 -1 -1000 -1000 -1000 -10 0.0027 
Car -1 -1 -10 916.78 294.77 996.12 330.21 -1 -1 -1 -1000 -1000 -1000 -10 0.0025 
Car -1 -1 -10 796.09 288.01 848.41 321.87 -1 -1 -1 -1000 -1000 -1000 -10 0.0024 
Car -1 -1 -10 1019.20 267.07 1099.69 314.94 -1 -1 -1 -1000 -1000 -1000 -10 0.0022 
Car -1 -1 -10 1033.60 297.27 1111.54 339.03 -1 -1 -1 -1000 -1000 -1000 -10 0.0022 
Car -1 -1 -10 920.64 276.75 1008.03 317.19 -1 -1 -1 -1000 -1000 -1000 -10 0.0020 
Car -1 -1 -10 812.40 277.47 869.01 310.83 -1 -1 -1 -1000 -1000 -1000 -10 0.0017 
Car -1 -1 -10 879.92 309.47 953.07 346.28 -1 -1 -1 -1000 -1000 -1000 -10 0.0017 
Car -1 -1 -10 971.81 317.45 1029.72 345.56 -1 -1 -1 -1000 -1000 -1000 -10 0.0017 
Car -1 -1 -10 820.68 293.14 900.42 331.49 -1 -1 -1 -1000 -1000 -1000 -10 0.0017 
Car -1 -1 -10 1050.00 125.68 1088.54 156.05 -1 -1 -1 -1000 -1000 -1000 -10 0.0016 
Car -1 -1 -10 794.14 264.95 875.40 307.04 -1 -1 -1 -1000 -1000 -1000 -10 0.0016 
Car -1 -1 -10 860.05 284.73 927.23 324.75 -1 -1 -1 -1000 -1000 -1000 -10 0.0016 
Car -1 -1 -10 822.49 287.97 886.22 316.94 -1 -1 -1 -1000 -1000 -1000 -10 0.0015 
Car -1 -1 -10 940.44 315.19 1000.91 347.23 -1 -1 -1 -1000 -1000 -1000 -10 0.0012 
Car -1 -1 -10 954.81 320.46 1012.56 351.30 -1 -1 -1 -1000 -1000 -1000 -10 0.0012 
Car -1 -1 -10 811.91 244.23 869.27 273.83 -1 -1 -1 -1000 -1000 -1000 -10 0.0012 
Car -1 -1 -10 893.71 273.37 980.24 313.51 -1 -1 -1 -1000 -1000 -1000 -10 0.0009 
Car -1 -1 -10 947.61 303.95 1030.40 340.63 -1 -1 -1 -1000 -1000 -1000 -10 0.0008 
Car -1 -1 -10 914.29 304.80 978.14 341.93 -1 -1 -1 -1000 -1000 -1000 -10 0.0007 
Car -1 -1 -10 811.10 302.73 893.66 343.97 -1 -1 -1 -1000 -1000 -1000 -10 0.0007 
Car -1 -1 -10 1020.80 319.05 1158.20 354.18 -1 -1 -1 -1000 -1000 -1000 -10 0.0006 
Car -1 -1 -10 968.89 320.11 1053.97 354.34 -1 -1 -1 -1000 -1000 -1000 -10 0.0006 
Car -1 -1 -10 1014.20 334.07 1084.84 358.52 -1 -1 -1 -1000 -1000 -1000 -10 0.0006 
Car -1 -1 -10 803.06 236.39 874.85 285.68 -1 -1 -1 -1000 -1000 -1000 -10 0.0005 
Car -1 -1 -10 917.59 323.88 1006.00 357.46 -1 -1 -1 -1000 -1000 -1000 -10 0.0005 
Car -1 -1 -10 827.18 319.58 895.30 354.57 -1 -1 -1 -1000 -1000 -1000 -10 0.0003 
Car -1 -1 -10 993.33 315.61 1106.29 355.23 -1 -1 -1 -1000 -1000 -1000 -10 0.0003 
Car -1 -1 -10 1004.70 129.52 1124.12 167.08 -1 -1 -1 -1000 -1000 -1000 -10 0.0003 
Car -1 -1 -10 98.17 183.85 189.24 255.60 -1 -1 -1 -1000 -1000 -1000 -10 0.0003 
Car -1 -1 -10 839.42 305.20 924.96 352.43 -1 -1 -1 -1000 -1000 -1000 -10 0.0003 
Car -1 -1 -10 783.61 297.85 841.65 324.18 -1 -1 -1 -1000 -1000 -1000 -10 0.0003 
Car -1 -1 -10 946.33 134.85 1002.82 169.52 -1 -1 -1 -1000 -1000 -1000 -10 0.0002 
Car -1 -1 -10 958.21 122.27 1024.21 147.72 -1 -1 -1 -1000 -1000 -1000 -10 0.0002 
Car -1 -1 -10 455.96 168.98 491.44 190.51 -1 -1 -1 -1000 -1000 -1000 -10 0.0002 
Car -1 -1 -10 945.77 330.53 1102.98 358.51 -1 -1 -1 -1000 -1000 -1000 -10 0.0002 
Car -1 -1 -10 923.63 311.74 1043.91 353.57 -1 -1 -1 -1000 -1000 -1000 -10 0.0002 
Car -1 -1 -10 142.44 197.08 219.28 230.00 -1 -1 -1 -1000 -1000 -1000 -10 0.0002 
Car -1 -1 -10 1112.30 122.72 1179.71 159.09 -1 -1 -1 -1000 -1000 -1000 -10 0.0002 
Car -1 -1 -10 990.81 337.61 1111.21 360.21 -1 -1 -1 -1000 -1000 -1000 -10 0.0001 
Car -1 -1 -10 235.02 187.61 333.33 245.92 -1 -1 -1 -1000 -1000 -1000 -10 0.0001 
Car -1 -1 -10 855.61 316.16 969.11 356.92 -1 -1 -1 -1000 -1000 -1000 -10 0.0001 
Car -1 -1 -10 1082.80 122.75 1138.10 140.25 -1 -1 -1 -1000 -1000 -1000 -10 0.0001 
Car -1 -1 -10 342.83 178.22 403.51 209.15 -1 -1 -1 -1000 -1000 -1000 -10 0.0001 
Car -1 -1 -10 1067.10 125.52 1143.36 149.66 -1 -1 -1 -1000 -1000 -1000 -10 0.0001 
Car -1 -1 -10 865.74 329.08 1001.01 360.31 -1 -1 -1 -1000 -1000 -1000 -10 0.0001 
Car -1 -1 -10 926.69 133.30 1038.99 171.14 -1 -1 -1 -1000 -1000 -1000 -10 0.0000 
Car -1 -1 -10 939.13 128.44 1030.80 158.07 -1 -1 -1 -1000 -1000 -1000 -10 0.0000 
Car -1 -1 -10 125.85 196.36 234.27 247.68 -1 -1 -1 -1000 -1000 -1000 -10 0.0000 
Car -1 -1 -10 613.03 176.70 650.68 191.65 -1 -1 -1 -1000 -1000 -1000 -10 0.0000 
Car -1 -1 -10 176.11 184.05 224.72 207.17 -1 -1 -1 -1000 -1000 -1000 -10 0.0000 
Car -1 -1 -10 177.27 170.91 208.21 204.40 -1 -1 -1 -1000 -1000 -1000 -10 0.0000 
Car -1 -1 -10 607.58 180.03 658.04 207.21 -1 -1 -1 -1000 -1000 -1000 -10 0.0000 
