Car -1 -1 -10 588.51 168.45 619.92 202.05 -1 -1 -1 -1000 -1000 -1000 -10 0.9999 
Car -1 -1 -10 0.00 167.42 98.50 219.19 -1 -1 -1 -1000 -1000 -1000 -10 0.0438 
Car -1 -1 -10 164.62 165.24 205.08 194.45 -1 -1 -1 -1000 -1000 -1000 -10 0.0188 
Car -1 -1 -10 1064.20 156.50 1151.23 182.64 -1 -1 -1 -1000 -1000 -1000 -10 0.0101 
Car -1 -1 -10 1001.70 161.87 1065.40 183.94 -1 -1 -1 -1000 -1000 -1000 -10 0.0085 
Car -1 -1 -10 1178.70 187.87 1237.36 213.90 -1 -1 -1 -1000 -1000 -1000 -10 0.0013 
Car -1 -1 -10 922.47 36.41 1001.04 64.65 -1 -1 -1 -1000 -1000 -1000 -10 0.0004 
Car -1 -1 -10 0.00 310.52 62.95 333.79 -1 -1 -1 -1000 -1000 -1000 -10 0.0003 
Car -1 -1 -10 149.80 176.03 206.31 194.69 -1 -1 -1 -1000 -1000 -1000 -10 0.0003 
Car -1 -1 -10 29.47 126.36 100.50 179.35 -1 -1 -1 -1000 -1000 -1000 -10 0.0001 
Car -1 -1 -10 28.76 147.08 75.57 167.52 -1 -1 -1 -1000 -1000 -1000 -10 0.0000 
Car -1 -1 -10 60.04 179.84 104.48 212.72 -1 -1 -1 -1000 -1000 -1000 -10 0.0000 
