Car -1 -1 -10 478.77 169.96 528.56 209.87 -1 -1 -1 -1000 -1000 -1000 -10 0.9961 
Car -1 -1 -10 664.44 190.15 727.55 259.30 -1 -1 -1 -1000 -1000 -1000 -10 0.0841 
Car -1 -1 -10 629.03 262.06 694.91 316.93 -1 -1 -1 -1000 -1000 -1000 -10 0.0298 
Car -1 -1 -10 693.29 85.46 770.83 132.49 -1 -1 -1 -1000 -1000 -1000 -10 0.0122 
Car -1 -1 -10 841.93 204.59 965.06 246.10 -1 -1 -1 -1000 -1000 -1000 -10 0.0104 
Car -1 -1 -10 273.60 189.42 459.36 244.01 -1 -1 -1 -1000 -1000 -1000 -10 0.0092 
Car -1 -1 -10 0.00 198.09 162.51 315.55 -1 -1 -1 -1000 -1000 -1000 -10 0.0087 
Car -1 -1 -10 29.91 176.32 72.98 211.73 -1 -1 -1 -1000 -1000 -1000 -10 0.0075 
Car -1 -1 -10 0.00 200.64 101.39 268.79 -1 -1 -1 -1000 -1000 -1000 -10 0.0073 
Car -1 -1 -10 1193.40 212.77 1238.98 248.94 -1 -1 -1 -1000 -1000 -1000 -10 0.0053 
Car -1 -1 -10 614.20 176.10 643.34 210.31 -1 -1 -1 -1000 -1000 -1000 -10 0.0048 
Car -1 -1 -10 852.10 204.02 952.38 227.49 -1 -1 -1 -1000 -1000 -1000 -10 0.0045 
Car -1 -1 -10 0.00 200.53 53.98 232.16 -1 -1 -1 -1000 -1000 -1000 -10 0.0041 
Car -1 -1 -10 283.60 206.17 345.37 262.67 -1 -1 -1 -1000 -1000 -1000 -10 0.0038 
Car -1 -1 -10 30.64 202.12 133.52 274.10 -1 -1 -1 -1000 -1000 -1000 -10 0.0037 
Car -1 -1 -10 619.91 174.11 659.85 216.11 -1 -1 -1 -1000 -1000 -1000 -10 0.0036 
Car -1 -1 -10 809.78 194.75 866.84 224.50 -1 -1 -1 -1000 -1000 -1000 -10 0.0029 
Car -1 -1 -10 974.89 201.53 1048.46 227.14 -1 -1 -1 -1000 -1000 -1000 -10 0.0028 
Car -1 -1 -10 68.79 203.57 282.70 336.53 -1 -1 -1 -1000 -1000 -1000 -10 0.0027 
Car -1 -1 -10 912.34 203.14 975.52 228.15 -1 -1 -1 -1000 -1000 -1000 -10 0.0025 
Car -1 -1 -10 190.98 193.12 260.68 259.61 -1 -1 -1 -1000 -1000 -1000 -10 0.0025 
Car -1 -1 -10 220.99 236.91 314.44 269.01 -1 -1 -1 -1000 -1000 -1000 -10 0.0024 
Car -1 -1 -10 402.98 203.80 457.29 237.21 -1 -1 -1 -1000 -1000 -1000 -10 0.0022 
Car -1 -1 -10 299.26 29.03 349.70 54.35 -1 -1 -1 -1000 -1000 -1000 -10 0.0020 
Car -1 -1 -10 124.35 225.49 202.56 286.58 -1 -1 -1 -1000 -1000 -1000 -10 0.0009 
Car -1 -1 -10 181.66 97.42 306.92 156.43 -1 -1 -1 -1000 -1000 -1000 -10 0.0009 
Car -1 -1 -10 69.20 205.71 209.32 305.86 -1 -1 -1 -1000 -1000 -1000 -10 0.0007 
Car -1 -1 -10 1.56 270.69 103.61 346.62 -1 -1 -1 -1000 -1000 -1000 -10 0.0005 
Car -1 -1 -10 503.07 161.65 544.83 203.48 -1 -1 -1 -1000 -1000 -1000 -10 0.0005 
Car -1 -1 -10 317.25 43.79 377.88 69.56 -1 -1 -1 -1000 -1000 -1000 -10 0.0005 
Car -1 -1 -10 33.12 198.72 117.67 238.01 -1 -1 -1 -1000 -1000 -1000 -10 0.0004 
Car -1 -1 -10 12.75 175.54 76.26 230.06 -1 -1 -1 -1000 -1000 -1000 -10 0.0003 
Car -1 -1 -10 48.69 198.86 113.59 221.02 -1 -1 -1 -1000 -1000 -1000 -10 0.0002 
Car -1 -1 -10 547.76 171.58 563.69 194.02 -1 -1 -1 -1000 -1000 -1000 -10 0.0002 
Car -1 -1 -10 713.94 196.95 749.32 242.15 -1 -1 -1 -1000 -1000 -1000 -10 0.0002 
Car -1 -1 -10 81.39 137.80 183.56 164.31 -1 -1 -1 -1000 -1000 -1000 -10 0.0002 
Car -1 -1 -10 360.19 137.54 426.93 183.70 -1 -1 -1 -1000 -1000 -1000 -10 0.0002 
Car -1 -1 -10 300.97 34.03 362.49 66.72 -1 -1 -1 -1000 -1000 -1000 -10 0.0002 
Car -1 -1 -10 311.62 186.77 439.01 228.99 -1 -1 -1 -1000 -1000 -1000 -10 0.0001 
Car -1 -1 -10 210.54 218.68 341.75 273.74 -1 -1 -1 -1000 -1000 -1000 -10 0.0001 
Car -1 -1 -10 197.59 232.26 267.13 280.39 -1 -1 -1 -1000 -1000 -1000 -10 0.0001 
Car -1 -1 -10 182.93 273.76 247.52 324.07 -1 -1 -1 -1000 -1000 -1000 -10 0.0001 
Car -1 -1 -10 665.34 85.33 805.94 144.50 -1 -1 -1 -1000 -1000 -1000 -10 0.0001 
Car -1 -1 -10 199.72 98.18 257.67 121.26 -1 -1 -1 -1000 -1000 -1000 -10 0.0000 
Car -1 -1 -10 276.57 206.40 385.37 239.79 -1 -1 -1 -1000 -1000 -1000 -10 0.0000 
Car -1 -1 -10 706.75 169.38 770.59 214.24 -1 -1 -1 -1000 -1000 -1000 -10 0.0000 
Car -1 -1 -10 617.17 173.95 671.19 240.48 -1 -1 -1 -1000 -1000 -1000 -10 0.0000 
Car -1 -1 -10 178.05 308.04 236.50 343.04 -1 -1 -1 -1000 -1000 -1000 -10 0.0000 
Car -1 -1 -10 714.55 236.97 871.66 296.65 -1 -1 -1 -1000 -1000 -1000 -10 0.0000 
Car -1 -1 -10 506.56 151.94 559.54 196.07 -1 -1 -1 -1000 -1000 -1000 -10 0.0000 
Car -1 -1 -10 676.25 196.59 745.04 247.12 -1 -1 -1 -1000 -1000 -1000 -10 0.0000 
Car -1 -1 -10 741.31 250.84 820.86 294.90 -1 -1 -1 -1000 -1000 -1000 -10 0.0000 
Car -1 -1 -10 65.16 142.56 141.16 166.46 -1 -1 -1 -1000 -1000 -1000 -10 0.0000 
Car -1 -1 -10 119.80 124.48 197.78 163.86 -1 -1 -1 -1000 -1000 -1000 -10 0.0000 
Car -1 -1 -10 351.84 200.43 466.20 242.73 -1 -1 -1 -1000 -1000 -1000 -10 0.0000 
Car -1 -1 -10 309.15 166.62 400.38 215.58 -1 -1 -1 -1000 -1000 -1000 -10 0.0000 
Car -1 -1 -10 198.78 100.30 299.39 125.05 -1 -1 -1 -1000 -1000 -1000 -10 0.0000 
Car -1 -1 -10 45.81 182.72 102.05 219.35 -1 -1 -1 -1000 -1000 -1000 -10 0.0000 
Car -1 -1 -10 678.13 252.31 730.86 316.19 -1 -1 -1 -1000 -1000 -1000 -10 0.0000 
