Car -1 -1 -10 496.07 181.42 538.86 213.12 -1 -1 -1 -1000 -1000 -1000 -10 0.9999 
Car -1 -1 -10 156.80 189.33 247.28 230.58 -1 -1 -1 -1000 -1000 -1000 -10 0.9996 
Car -1 -1 -10 550.36 180.62 603.19 228.73 -1 -1 -1 -1000 -1000 -1000 -10 0.9993 
Car -1 -1 -10 835.23 182.31 893.41 212.40 -1 -1 -1 -1000 -1000 -1000 -10 0.8832 
Car -1 -1 -10 726.11 179.32 783.85 202.43 -1 -1 -1 -1000 -1000 -1000 -10 0.7382 
Car -1 -1 -10 910.30 215.19 970.61 231.43 -1 -1 -1 -1000 -1000 -1000 -10 0.0012 
Car -1 -1 -10 50.68 106.01 104.20 146.42 -1 -1 -1 -1000 -1000 -1000 -10 0.0004 
Car -1 -1 -10 924.10 62.70 972.09 83.29 -1 -1 -1 -1000 -1000 -1000 -10 0.0004 
Car -1 -1 -10 1094.90 24.60 1168.64 58.91 -1 -1 -1 -1000 -1000 -1000 -10 0.0003 
Car -1 -1 -10 876.32 185.83 942.88 200.96 -1 -1 -1 -1000 -1000 -1000 -10 0.0000 
Car -1 -1 -10 1086.30 20.32 1191.77 71.70 -1 -1 -1 -1000 -1000 -1000 -10 0.0000 
Car -1 -1 -10 207.48 183.18 292.57 200.61 -1 -1 -1 -1000 -1000 -1000 -10 0.0000 
Car -1 -1 -10 554.81 174.97 595.03 202.24 -1 -1 -1 -1000 -1000 -1000 -10 0.0000 
Car -1 -1 -10 557.04 159.58 585.86 198.79 -1 -1 -1 -1000 -1000 -1000 -10 0.0000 
