Car -1 -1 -10 747.21 174.53 816.53 202.96 -1 -1 -1 -1000 -1000 -1000 -10 1.0000 
Car -1 -1 -10 19.97 157.44 89.91 194.64 -1 -1 -1 -1000 -1000 -1000 -10 0.0015 
Car -1 -1 -10 171.79 142.23 212.63 167.50 -1 -1 -1 -1000 -1000 -1000 -10 0.0012 
Car -1 -1 -10 143.30 177.72 218.40 197.10 -1 -1 -1 -1000 -1000 -1000 -10 0.0011 
Car -1 -1 -10 347.27 195.64 427.38 239.28 -1 -1 -1 -1000 -1000 -1000 -10 0.0006 
Car -1 -1 -10 46.23 169.20 85.00 197.22 -1 -1 -1 -1000 -1000 -1000 -10 0.0006 
Car -1 -1 -10 1061.70 106.96 1108.28 127.95 -1 -1 -1 -1000 -1000 -1000 -10 0.0002 
Car -1 -1 -10 173.70 141.35 228.57 181.13 -1 -1 -1 -1000 -1000 -1000 -10 0.0001 
Car -1 -1 -10 0.00 90.44 112.35 132.61 -1 -1 -1 -1000 -1000 -1000 -10 0.0001 
Car -1 -1 -10 1124.80 117.79 1182.49 148.83 -1 -1 -1 -1000 -1000 -1000 -10 0.0001 
Car -1 -1 -10 56.26 176.19 123.67 195.57 -1 -1 -1 -1000 -1000 -1000 -10 0.0001 
Car -1 -1 -10 269.39 16.13 394.95 93.58 -1 -1 -1 -1000 -1000 -1000 -10 0.0001 
Car -1 -1 -10 979.48 77.22 1034.69 116.06 -1 -1 -1 -1000 -1000 -1000 -10 0.0001 
Car -1 -1 -10 1060.80 112.24 1121.88 139.62 -1 -1 -1 -1000 -1000 -1000 -10 0.0000 
Car -1 -1 -10 436.34 273.23 478.93 319.46 -1 -1 -1 -1000 -1000 -1000 -10 0.0000 
Car -1 -1 -10 980.27 71.08 1052.95 90.99 -1 -1 -1 -1000 -1000 -1000 -10 0.0000 
Car -1 -1 -10 18.87 195.29 69.91 207.43 -1 -1 -1 -1000 -1000 -1000 -10 0.0000 
