Car -1 -1 -10 365.05 180.33 479.52 267.91 -1 -1 -1 -1000 -1000 -1000 -10 0.9999 
Car -1 -1 -10 537.14 177.71 590.76 226.77 -1 -1 -1 -1000 -1000 -1000 -10 0.9996 
Car -1 -1 -10 201.82 184.57 332.61 251.73 -1 -1 -1 -1000 -1000 -1000 -10 0.9994 
Car -1 -1 -10 35.72 162.75 215.51 247.10 -1 -1 -1 -1000 -1000 -1000 -10 0.9965 
Car -1 -1 -10 326.50 181.57 375.69 222.70 -1 -1 -1 -1000 -1000 -1000 -10 0.9850 
Car -1 -1 -10 322.75 179.43 418.27 226.54 -1 -1 -1 -1000 -1000 -1000 -10 0.0374 
Car -1 -1 -10 1098.60 285.24 1142.35 321.83 -1 -1 -1 -1000 -1000 -1000 -10 0.0249 
Car -1 -1 -10 0.00 238.40 78.46 318.53 -1 -1 -1 -1000 -1000 -1000 -10 0.0199 
Car -1 -1 -10 406.35 158.85 445.56 189.47 -1 -1 -1 -1000 -1000 -1000 -10 0.0181 
Car -1 -1 -10 309.43 179.27 355.92 224.56 -1 -1 -1 -1000 -1000 -1000 -10 0.0104 
Car -1 -1 -10 928.91 229.70 1012.47 276.84 -1 -1 -1 -1000 -1000 -1000 -10 0.0098 
Car -1 -1 -10 1105.20 272.15 1145.65 306.12 -1 -1 -1 -1000 -1000 -1000 -10 0.0047 
Car -1 -1 -10 223.48 135.94 281.86 161.12 -1 -1 -1 -1000 -1000 -1000 -10 0.0037 
Car -1 -1 -10 1062.20 222.00 1133.35 254.45 -1 -1 -1 -1000 -1000 -1000 -10 0.0034 
Car -1 -1 -10 466.61 173.26 511.80 210.91 -1 -1 -1 -1000 -1000 -1000 -10 0.0031 
Car -1 -1 -10 5.27 71.26 69.16 100.91 -1 -1 -1 -1000 -1000 -1000 -10 0.0030 
Car -1 -1 -10 1085.10 229.21 1140.32 257.31 -1 -1 -1 -1000 -1000 -1000 -10 0.0025 
Car -1 -1 -10 1083.20 261.48 1142.66 311.08 -1 -1 -1 -1000 -1000 -1000 -10 0.0024 
Car -1 -1 -10 1083.90 225.74 1177.83 253.67 -1 -1 -1 -1000 -1000 -1000 -10 0.0019 
Car -1 -1 -10 1150.90 244.51 1230.78 274.31 -1 -1 -1 -1000 -1000 -1000 -10 0.0011 
Car -1 -1 -10 0.00 205.05 68.39 233.58 -1 -1 -1 -1000 -1000 -1000 -10 0.0010 
Car -1 -1 -10 31.63 162.93 126.98 244.13 -1 -1 -1 -1000 -1000 -1000 -10 0.0010 
Car -1 -1 -10 153.46 110.23 201.59 132.88 -1 -1 -1 -1000 -1000 -1000 -10 0.0009 
Car -1 -1 -10 150.29 106.08 194.11 125.77 -1 -1 -1 -1000 -1000 -1000 -10 0.0008 
Car -1 -1 -10 203.19 131.62 266.04 161.94 -1 -1 -1 -1000 -1000 -1000 -10 0.0007 
Car -1 -1 -10 0.00 210.53 139.54 314.79 -1 -1 -1 -1000 -1000 -1000 -10 0.0007 
Car -1 -1 -10 166.67 118.93 212.35 148.57 -1 -1 -1 -1000 -1000 -1000 -10 0.0006 
Car -1 -1 -10 8.37 149.10 218.07 304.63 -1 -1 -1 -1000 -1000 -1000 -10 0.0001 
Car -1 -1 -10 179.05 190.04 264.02 233.77 -1 -1 -1 -1000 -1000 -1000 -10 0.0001 
Car -1 -1 -10 372.63 181.93 441.73 252.12 -1 -1 -1 -1000 -1000 -1000 -10 0.0001 
Car -1 -1 -10 109.85 167.13 198.69 205.33 -1 -1 -1 -1000 -1000 -1000 -10 0.0001 
Car -1 -1 -10 303.98 197.92 345.11 227.42 -1 -1 -1 -1000 -1000 -1000 -10 0.0000 
Car -1 -1 -10 266.86 189.75 331.12 240.31 -1 -1 -1 -1000 -1000 -1000 -10 0.0000 
Car -1 -1 -10 135.43 167.18 257.10 232.75 -1 -1 -1 -1000 -1000 -1000 -10 0.0000 
Car -1 -1 -10 531.72 178.16 557.05 203.60 -1 -1 -1 -1000 -1000 -1000 -10 0.0000 
Car -1 -1 -10 393.18 163.74 466.80 220.37 -1 -1 -1 -1000 -1000 -1000 -10 0.0000 
Car -1 -1 -10 436.58 164.74 516.11 210.22 -1 -1 -1 -1000 -1000 -1000 -10 0.0000 
