Car -1 -1 -10 275.13 189.43 328.20 221.16 -1 -1 -1 -1000 -1000 -1000 -10 0.0115 
Car -1 -1 -10 338.34 124.39 391.17 153.31 -1 -1 -1 -1000 -1000 -1000 -10 0.0107 
Car -1 -1 -10 329.94 132.51 385.87 162.48 -1 -1 -1 -1000 -1000 -1000 -10 0.0055 
Car -1 -1 -10 284.26 157.39 347.40 182.19 -1 -1 -1 -1000 -1000 -1000 -10 0.0034 
Car -1 -1 -10 286.47 182.21 341.09 215.08 -1 -1 -1 -1000 -1000 -1000 -10 0.0025 
Car -1 -1 -10 298.10 174.53 355.39 210.82 -1 -1 -1 -1000 -1000 -1000 -10 0.0019 
Car -1 -1 -10 278.20 163.11 337.53 199.78 -1 -1 -1 -1000 -1000 -1000 -10 0.0019 
Car -1 -1 -10 307.54 177.10 383.99 229.85 -1 -1 -1 -1000 -1000 -1000 -10 0.0015 
Car -1 -1 -10 347.57 132.28 405.38 166.02 -1 -1 -1 -1000 -1000 -1000 -10 0.0011 
Car -1 -1 -10 340.99 183.80 381.91 229.77 -1 -1 -1 -1000 -1000 -1000 -10 0.0011 
Car -1 -1 -10 82.90 66.27 136.50 96.66 -1 -1 -1 -1000 -1000 -1000 -10 0.0009 
Car -1 -1 -10 348.04 117.68 404.07 148.25 -1 -1 -1 -1000 -1000 -1000 -10 0.0008 
Car -1 -1 -10 239.42 155.48 292.43 180.83 -1 -1 -1 -1000 -1000 -1000 -10 0.0007 
Car -1 -1 -10 208.74 203.81 282.07 233.81 -1 -1 -1 -1000 -1000 -1000 -10 0.0007 
Car -1 -1 -10 441.68 142.24 497.79 168.70 -1 -1 -1 -1000 -1000 -1000 -10 0.0006 
Car -1 -1 -10 67.83 61.04 129.14 91.16 -1 -1 -1 -1000 -1000 -1000 -10 0.0005 
Car -1 -1 -10 300.97 165.78 358.65 195.68 -1 -1 -1 -1000 -1000 -1000 -10 0.0004 
Car -1 -1 -10 30.03 76.01 97.23 114.61 -1 -1 -1 -1000 -1000 -1000 -10 0.0002 
Car -1 -1 -10 80.55 40.74 133.90 66.87 -1 -1 -1 -1000 -1000 -1000 -10 0.0002 
Car -1 -1 -10 646.04 130.15 706.10 160.38 -1 -1 -1 -1000 -1000 -1000 -10 0.0001 
Car -1 -1 -10 248.14 135.12 301.21 175.59 -1 -1 -1 -1000 -1000 -1000 -10 0.0001 
Car -1 -1 -10 156.19 86.54 229.43 112.74 -1 -1 -1 -1000 -1000 -1000 -10 0.0000 
Car -1 -1 -10 415.64 197.03 478.39 210.92 -1 -1 -1 -1000 -1000 -1000 -10 0.0000 
