Car -1 -1 -10 829.04 59.47 887.47 92.48 -1 -1 -1 -1000 -1000 -1000 -10 0.0437 
Car -1 -1 -10 417.13 169.60 459.08 194.55 -1 -1 -1 -1000 -1000 -1000 -10 0.0134 
Car -1 -1 -10 859.86 180.52 892.36 203.66 -1 -1 -1 -1000 -1000 -1000 -10 0.0132 
Car -1 -1 -10 351.61 198.73 418.90 227.21 -1 -1 -1 -1000 -1000 -1000 -10 0.0042 
Car -1 -1 -10 158.10 217.06 263.39 267.35 -1 -1 -1 -1000 -1000 -1000 -10 0.0038 
Car -1 -1 -10 405.21 171.21 465.36 204.06 -1 -1 -1 -1000 -1000 -1000 -10 0.0029 
Car -1 -1 -10 481.91 161.83 530.00 200.06 -1 -1 -1 -1000 -1000 -1000 -10 0.0021 
Car -1 -1 -10 813.02 74.06 843.83 107.12 -1 -1 -1 -1000 -1000 -1000 -10 0.0010 
Car -1 -1 -10 134.06 210.34 219.26 280.63 -1 -1 -1 -1000 -1000 -1000 -10 0.0009 
Car -1 -1 -10 147.06 180.27 207.64 263.28 -1 -1 -1 -1000 -1000 -1000 -10 0.0008 
Car -1 -1 -10 792.44 60.37 847.78 105.80 -1 -1 -1 -1000 -1000 -1000 -10 0.0008 
Car -1 -1 -10 669.10 169.62 699.82 216.04 -1 -1 -1 -1000 -1000 -1000 -10 0.0006 
Car -1 -1 -10 375.88 168.71 478.94 225.97 -1 -1 -1 -1000 -1000 -1000 -10 0.0006 
Car -1 -1 -10 365.69 160.96 416.28 229.92 -1 -1 -1 -1000 -1000 -1000 -10 0.0005 
Car -1 -1 -10 1051.50 303.00 1104.06 333.57 -1 -1 -1 -1000 -1000 -1000 -10 0.0004 
Car -1 -1 -10 1112.90 184.11 1243.04 260.69 -1 -1 -1 -1000 -1000 -1000 -10 0.0003 
Car -1 -1 -10 210.80 192.24 298.71 259.90 -1 -1 -1 -1000 -1000 -1000 -10 0.0003 
Car -1 -1 -10 819.26 70.18 856.62 103.78 -1 -1 -1 -1000 -1000 -1000 -10 0.0001 
Car -1 -1 -10 941.33 22.39 1000.79 59.36 -1 -1 -1 -1000 -1000 -1000 -10 0.0001 
Car -1 -1 -10 1134.70 223.10 1214.90 260.79 -1 -1 -1 -1000 -1000 -1000 -10 0.0001 
Car -1 -1 -10 158.97 184.57 208.69 228.32 -1 -1 -1 -1000 -1000 -1000 -10 0.0001 
Car -1 -1 -10 813.41 82.12 855.78 113.75 -1 -1 -1 -1000 -1000 -1000 -10 0.0001 
Car -1 -1 -10 923.78 57.75 969.21 76.64 -1 -1 -1 -1000 -1000 -1000 -10 0.0000 
Car -1 -1 -10 902.97 203.67 977.02 236.60 -1 -1 -1 -1000 -1000 -1000 -10 0.0000 
Car -1 -1 -10 951.54 49.67 1003.96 74.17 -1 -1 -1 -1000 -1000 -1000 -10 0.0000 
Car -1 -1 -10 820.50 79.47 907.03 109.43 -1 -1 -1 -1000 -1000 -1000 -10 0.0000 
Car -1 -1 -10 796.49 87.85 900.02 122.29 -1 -1 -1 -1000 -1000 -1000 -10 0.0000 
Car -1 -1 -10 1003.30 213.25 1087.59 231.03 -1 -1 -1 -1000 -1000 -1000 -10 0.0000 
Car -1 -1 -10 813.06 58.16 883.28 128.26 -1 -1 -1 -1000 -1000 -1000 -10 0.0000 
Car -1 -1 -10 967.32 13.04 1016.15 56.63 -1 -1 -1 -1000 -1000 -1000 -10 0.0000 
Car -1 -1 -10 829.52 46.09 963.63 122.91 -1 -1 -1 -1000 -1000 -1000 -10 0.0000 
Car -1 -1 -10 669.55 150.82 720.32 201.91 -1 -1 -1 -1000 -1000 -1000 -10 0.0000 
Car -1 -1 -10 755.08 80.18 848.60 132.90 -1 -1 -1 -1000 -1000 -1000 -10 0.0000 
Car -1 -1 -10 879.11 57.60 948.59 97.92 -1 -1 -1 -1000 -1000 -1000 -10 0.0000 
Car -1 -1 -10 665.28 126.86 758.52 198.39 -1 -1 -1 -1000 -1000 -1000 -10 0.0000 
