Car -1 -1 -10 240.08 172.59 408.08 243.60 -1 -1 -1 -1000 -1000 -1000 -10 0.9998 
Car -1 -1 -10 429.96 178.70 506.76 207.99 -1 -1 -1 -1000 -1000 -1000 -10 0.9994 
Car -1 -1 -10 1039.10 161.26 1102.83 187.20 -1 -1 -1 -1000 -1000 -1000 -10 0.0706 
Car -1 -1 -10 0.00 194.79 153.71 327.96 -1 -1 -1 -1000 -1000 -1000 -10 0.0499 
Car -1 -1 -10 805.61 160.34 849.89 192.34 -1 -1 -1 -1000 -1000 -1000 -10 0.0098 
Car -1 -1 -10 0.00 187.41 207.05 277.70 -1 -1 -1 -1000 -1000 -1000 -10 0.0091 
Car -1 -1 -10 1123.60 149.71 1168.95 172.30 -1 -1 -1 -1000 -1000 -1000 -10 0.0071 
Car -1 -1 -10 152.21 89.81 199.44 128.21 -1 -1 -1 -1000 -1000 -1000 -10 0.0021 
Car -1 -1 -10 791.34 325.00 838.59 352.65 -1 -1 -1 -1000 -1000 -1000 -10 0.0019 
Car -1 -1 -10 963.90 177.73 1026.68 207.97 -1 -1 -1 -1000 -1000 -1000 -10 0.0018 
Car -1 -1 -10 15.14 67.94 74.52 100.87 -1 -1 -1 -1000 -1000 -1000 -10 0.0013 
Car -1 -1 -10 269.33 173.73 319.54 200.05 -1 -1 -1 -1000 -1000 -1000 -10 0.0013 
Car -1 -1 -10 258.87 177.51 312.32 211.27 -1 -1 -1 -1000 -1000 -1000 -10 0.0009 
Car -1 -1 -10 1053.20 104.22 1138.26 130.20 -1 -1 -1 -1000 -1000 -1000 -10 0.0007 
Car -1 -1 -10 1015.70 164.23 1050.08 185.42 -1 -1 -1 -1000 -1000 -1000 -10 0.0006 
Car -1 -1 -10 347.24 173.02 405.02 196.94 -1 -1 -1 -1000 -1000 -1000 -10 0.0005 
Car -1 -1 -10 1097.10 151.43 1177.83 183.66 -1 -1 -1 -1000 -1000 -1000 -10 0.0005 
Car -1 -1 -10 270.04 173.65 362.66 194.88 -1 -1 -1 -1000 -1000 -1000 -10 0.0003 
Car -1 -1 -10 262.79 174.06 350.21 214.36 -1 -1 -1 -1000 -1000 -1000 -10 0.0003 
Car -1 -1 -10 1015.40 165.12 1111.27 207.31 -1 -1 -1 -1000 -1000 -1000 -10 0.0002 
Car -1 -1 -10 1001.50 178.86 1089.73 222.15 -1 -1 -1 -1000 -1000 -1000 -10 0.0002 
Car -1 -1 -10 339.60 172.92 405.19 218.75 -1 -1 -1 -1000 -1000 -1000 -10 0.0002 
Car -1 -1 -10 649.06 227.76 699.22 251.77 -1 -1 -1 -1000 -1000 -1000 -10 0.0002 
Car -1 -1 -10 1166.30 25.27 1235.67 56.48 -1 -1 -1 -1000 -1000 -1000 -10 0.0001 
Car -1 -1 -10 767.50 324.11 868.62 356.51 -1 -1 -1 -1000 -1000 -1000 -10 0.0001 
Car -1 -1 -10 1024.50 158.57 1056.29 179.53 -1 -1 -1 -1000 -1000 -1000 -10 0.0001 
Car -1 -1 -10 0.00 205.24 161.51 257.62 -1 -1 -1 -1000 -1000 -1000 -10 0.0001 
Car -1 -1 -10 1059.90 109.20 1152.40 141.18 -1 -1 -1 -1000 -1000 -1000 -10 0.0001 
Car -1 -1 -10 970.32 111.97 1028.61 132.96 -1 -1 -1 -1000 -1000 -1000 -10 0.0001 
Car -1 -1 -10 1171.00 149.86 1235.98 172.88 -1 -1 -1 -1000 -1000 -1000 -10 0.0001 
Car -1 -1 -10 74.91 191.99 193.41 260.89 -1 -1 -1 -1000 -1000 -1000 -10 0.0000 
Car -1 -1 -10 605.79 174.94 630.16 194.50 -1 -1 -1 -1000 -1000 -1000 -10 0.0000 
Car -1 -1 -10 147.69 157.22 199.54 189.73 -1 -1 -1 -1000 -1000 -1000 -10 0.0000 
Car -1 -1 -10 721.64 168.66 767.94 195.16 -1 -1 -1 -1000 -1000 -1000 -10 0.0000 
Car -1 -1 -10 556.80 174.75 601.26 187.46 -1 -1 -1 -1000 -1000 -1000 -10 0.0000 
Car -1 -1 -10 218.69 183.36 288.17 236.21 -1 -1 -1 -1000 -1000 -1000 -10 0.0000 
Car -1 -1 -10 133.28 194.18 226.70 253.93 -1 -1 -1 -1000 -1000 -1000 -10 0.0000 
Car -1 -1 -10 685.46 199.36 778.22 261.42 -1 -1 -1 -1000 -1000 -1000 -10 0.0000 
Car -1 -1 -10 1150.00 155.19 1189.37 175.40 -1 -1 -1 -1000 -1000 -1000 -10 0.0000 
Car -1 -1 -10 1139.80 162.93 1204.30 183.31 -1 -1 -1 -1000 -1000 -1000 -10 0.0000 
Car -1 -1 -10 561.49 178.76 630.98 197.88 -1 -1 -1 -1000 -1000 -1000 -10 0.0000 
