Car -1 -1 -10 489.81 217.05 718.53 352.26 -1 -1 -1 -1000 -1000 -1000 -10 0.9999 
Car -1 -1 -10 430.48 212.21 568.45 300.10 -1 -1 -1 -1000 -1000 -1000 -10 0.9997 
Car -1 -1 -10 30.85 229.05 154.60 322.73 -1 -1 -1 -1000 -1000 -1000 -10 0.9974 
Car -1 -1 -10 369.38 202.88 481.90 277.85 -1 -1 -1 -1000 -1000 -1000 -10 0.9932 
Car -1 -1 -10 126.27 209.40 204.82 274.84 -1 -1 -1 -1000 -1000 -1000 -10 0.9901 
Car -1 -1 -10 569.52 214.98 1043.86 376.00 -1 -1 -1 -1000 -1000 -1000 -10 0.9773 
Car -1 -1 -10 189.84 214.20 230.89 242.87 -1 -1 -1 -1000 -1000 -1000 -10 0.6742 
Car -1 -1 -10 331.97 209.97 382.92 251.23 -1 -1 -1 -1000 -1000 -1000 -10 0.5740 
Car -1 -1 -10 301.60 208.35 344.93 237.44 -1 -1 -1 -1000 -1000 -1000 -10 0.3418 
Car -1 -1 -10 9.83 142.17 53.43 178.46 -1 -1 -1 -1000 -1000 -1000 -10 0.0366 
Car -1 -1 -10 14.77 156.63 52.89 194.77 -1 -1 -1 -1000 -1000 -1000 -10 0.0297 
Car -1 -1 -10 0.90 112.97 47.63 145.65 -1 -1 -1 -1000 -1000 -1000 -10 0.0237 
Car -1 -1 -10 336.20 207.14 415.85 256.79 -1 -1 -1 -1000 -1000 -1000 -10 0.0158 
Car -1 -1 -10 0.00 97.85 48.26 129.04 -1 -1 -1 -1000 -1000 -1000 -10 0.0143 
Car -1 -1 -10 1098.10 141.31 1140.98 178.11 -1 -1 -1 -1000 -1000 -1000 -10 0.0113 
Car -1 -1 -10 4.14 103.88 61.58 159.66 -1 -1 -1 -1000 -1000 -1000 -10 0.0058 
Car -1 -1 -10 287.39 207.13 317.68 226.00 -1 -1 -1 -1000 -1000 -1000 -10 0.0057 
Car -1 -1 -10 178.11 184.98 234.66 241.10 -1 -1 -1 -1000 -1000 -1000 -10 0.0036 
Car -1 -1 -10 48.20 230.90 102.83 256.50 -1 -1 -1 -1000 -1000 -1000 -10 0.0017 
Car -1 -1 -10 1192.10 91.51 1242.99 146.29 -1 -1 -1 -1000 -1000 -1000 -10 0.0016 
Car -1 -1 -10 59.94 129.96 110.51 165.32 -1 -1 -1 -1000 -1000 -1000 -10 0.0012 
Car -1 -1 -10 341.48 127.92 395.10 152.56 -1 -1 -1 -1000 -1000 -1000 -10 0.0009 
Car -1 -1 -10 722.32 76.30 769.59 115.26 -1 -1 -1 -1000 -1000 -1000 -10 0.0008 
Car -1 -1 -10 904.95 210.23 1167.64 303.77 -1 -1 -1 -1000 -1000 -1000 -10 0.0004 
Car -1 -1 -10 55.40 225.44 97.58 248.44 -1 -1 -1 -1000 -1000 -1000 -10 0.0003 
Car -1 -1 -10 1088.30 138.61 1180.88 193.90 -1 -1 -1 -1000 -1000 -1000 -10 0.0003 
Car -1 -1 -10 536.92 214.32 660.78 241.74 -1 -1 -1 -1000 -1000 -1000 -10 0.0002 
Car -1 -1 -10 272.58 154.71 312.44 183.30 -1 -1 -1 -1000 -1000 -1000 -10 0.0002 
Car -1 -1 -10 927.04 212.68 991.13 250.29 -1 -1 -1 -1000 -1000 -1000 -10 0.0002 
Car -1 -1 -10 34.85 232.91 135.06 274.88 -1 -1 -1 -1000 -1000 -1000 -10 0.0002 
Car -1 -1 -10 334.04 178.26 376.88 210.07 -1 -1 -1 -1000 -1000 -1000 -10 0.0002 
Car -1 -1 -10 108.38 222.71 156.00 257.54 -1 -1 -1 -1000 -1000 -1000 -10 0.0002 
Car -1 -1 -10 130.73 207.82 169.69 247.69 -1 -1 -1 -1000 -1000 -1000 -10 0.0001 
Car -1 -1 -10 563.97 220.02 696.46 300.81 -1 -1 -1 -1000 -1000 -1000 -10 0.0001 
Car -1 -1 -10 518.15 220.39 607.03 259.26 -1 -1 -1 -1000 -1000 -1000 -10 0.0001 
Car -1 -1 -10 665.82 211.00 719.38 245.93 -1 -1 -1 -1000 -1000 -1000 -10 0.0001 
Car -1 -1 -10 1098.60 112.67 1242.30 196.94 -1 -1 -1 -1000 -1000 -1000 -10 0.0001 
Car -1 -1 -10 1005.10 215.34 1146.48 259.38 -1 -1 -1 -1000 -1000 -1000 -10 0.0000 
Car -1 -1 -10 24.00 280.81 96.26 316.63 -1 -1 -1 -1000 -1000 -1000 -10 0.0000 
Car -1 -1 -10 654.16 205.00 726.13 264.37 -1 -1 -1 -1000 -1000 -1000 -10 0.0000 
Car -1 -1 -10 0.00 66.11 78.21 105.79 -1 -1 -1 -1000 -1000 -1000 -10 0.0000 
Car -1 -1 -10 427.06 213.46 494.90 279.42 -1 -1 -1 -1000 -1000 -1000 -10 0.0000 
Car -1 -1 -10 111.30 233.86 158.21 294.21 -1 -1 -1 -1000 -1000 -1000 -10 0.0000 
Car -1 -1 -10 513.72 223.09 648.86 316.83 -1 -1 -1 -1000 -1000 -1000 -10 0.0000 
Car -1 -1 -10 524.76 221.93 798.25 298.93 -1 -1 -1 -1000 -1000 -1000 -10 0.0000 
Car -1 -1 -10 17.21 240.84 85.57 268.38 -1 -1 -1 -1000 -1000 -1000 -10 0.0000 
Car -1 -1 -10 684.65 226.39 868.94 308.63 -1 -1 -1 -1000 -1000 -1000 -10 0.0000 
Car -1 -1 -10 968.98 245.23 1054.81 285.29 -1 -1 -1 -1000 -1000 -1000 -10 0.0000 
Car -1 -1 -10 1181.90 116.13 1242.98 194.52 -1 -1 -1 -1000 -1000 -1000 -10 0.0000 
Car -1 -1 -10 142.70 193.11 209.46 256.06 -1 -1 -1 -1000 -1000 -1000 -10 0.0000 
Car -1 -1 -10 506.13 226.70 573.49 267.96 -1 -1 -1 -1000 -1000 -1000 -10 0.0000 
Car -1 -1 -10 327.14 200.50 397.16 232.06 -1 -1 -1 -1000 -1000 -1000 -10 0.0000 
Car -1 -1 -10 208.82 200.17 236.47 229.95 -1 -1 -1 -1000 -1000 -1000 -10 0.0000 
Car -1 -1 -10 669.02 221.44 746.33 280.08 -1 -1 -1 -1000 -1000 -1000 -10 0.0000 
Car -1 -1 -10 604.76 239.44 697.68 287.24 -1 -1 -1 -1000 -1000 -1000 -10 0.0000 
