Car -1 -1 -10 748.41 188.74 1036.01 368.84 -1 -1 -1 -1000 -1000 -1000 -10 1.0000 
Car -1 -1 -10 484.77 183.78 536.43 219.15 -1 -1 -1 -1000 -1000 -1000 -10 1.0000 
Car -1 -1 -10 204.30 195.04 406.33 311.29 -1 -1 -1 -1000 -1000 -1000 -10 1.0000 
Car -1 -1 -10 336.69 189.47 465.18 264.73 -1 -1 -1 -1000 -1000 -1000 -10 0.9996 
Car -1 -1 -10 868.47 173.15 931.88 199.90 -1 -1 -1 -1000 -1000 -1000 -10 0.6225 
Car -1 -1 -10 536.80 177.10 575.11 196.26 -1 -1 -1 -1000 -1000 -1000 -10 0.0870 
Car -1 -1 -10 1067.60 165.14 1121.16 202.83 -1 -1 -1 -1000 -1000 -1000 -10 0.0259 
Car -1 -1 -10 1043.80 167.33 1164.61 206.85 -1 -1 -1 -1000 -1000 -1000 -10 0.0175 
Car -1 -1 -10 1206.90 183.25 1243.02 212.74 -1 -1 -1 -1000 -1000 -1000 -10 0.0080 
Car -1 -1 -10 514.64 116.57 571.01 144.77 -1 -1 -1 -1000 -1000 -1000 -10 0.0038 
Car -1 -1 -10 507.19 181.65 544.47 213.74 -1 -1 -1 -1000 -1000 -1000 -10 0.0016 
Car -1 -1 -10 734.88 234.11 799.28 273.92 -1 -1 -1 -1000 -1000 -1000 -10 0.0014 
Car -1 -1 -10 1077.30 256.25 1141.89 280.06 -1 -1 -1 -1000 -1000 -1000 -10 0.0011 
Car -1 -1 -10 412.82 122.03 498.46 149.73 -1 -1 -1 -1000 -1000 -1000 -10 0.0011 
Car -1 -1 -10 44.11 37.65 113.67 64.18 -1 -1 -1 -1000 -1000 -1000 -10 0.0008 
Car -1 -1 -10 1171.80 323.08 1243.04 362.29 -1 -1 -1 -1000 -1000 -1000 -10 0.0005 
Car -1 -1 -10 440.92 125.93 494.11 156.07 -1 -1 -1 -1000 -1000 -1000 -10 0.0004 
Car -1 -1 -10 112.69 178.35 176.71 213.69 -1 -1 -1 -1000 -1000 -1000 -10 0.0003 
Car -1 -1 -10 900.99 161.80 967.76 202.15 -1 -1 -1 -1000 -1000 -1000 -10 0.0002 
Car -1 -1 -10 466.20 119.74 565.36 147.97 -1 -1 -1 -1000 -1000 -1000 -10 0.0002 
Car -1 -1 -10 826.10 242.80 926.13 302.92 -1 -1 -1 -1000 -1000 -1000 -10 0.0001 
Car -1 -1 -10 748.71 147.97 836.19 193.35 -1 -1 -1 -1000 -1000 -1000 -10 0.0001 
Car -1 -1 -10 1142.60 267.74 1207.56 291.89 -1 -1 -1 -1000 -1000 -1000 -10 0.0001 
Car -1 -1 -10 447.71 112.78 571.30 160.45 -1 -1 -1 -1000 -1000 -1000 -10 0.0000 
Car -1 -1 -10 889.54 223.00 1028.81 341.88 -1 -1 -1 -1000 -1000 -1000 -10 0.0000 
Car -1 -1 -10 810.20 147.66 1070.61 333.92 -1 -1 -1 -1000 -1000 -1000 -10 0.0000 
Car -1 -1 -10 758.79 198.69 860.02 254.92 -1 -1 -1 -1000 -1000 -1000 -10 0.0000 
Car -1 -1 -10 933.47 236.42 1025.21 326.06 -1 -1 -1 -1000 -1000 -1000 -10 0.0000 
Car -1 -1 -10 243.33 203.34 323.81 252.21 -1 -1 -1 -1000 -1000 -1000 -10 0.0000 
Car -1 -1 -10 761.15 186.90 907.06 335.53 -1 -1 -1 -1000 -1000 -1000 -10 0.0000 
Car -1 -1 -10 763.72 195.13 925.49 273.41 -1 -1 -1 -1000 -1000 -1000 -10 0.0000 
Car -1 -1 -10 227.82 201.86 365.70 275.93 -1 -1 -1 -1000 -1000 -1000 -10 0.0000 
Car -1 -1 -10 759.16 110.47 886.14 171.70 -1 -1 -1 -1000 -1000 -1000 -10 0.0000 
Car -1 -1 -10 426.29 192.27 463.18 230.38 -1 -1 -1 -1000 -1000 -1000 -10 0.0000 
Car -1 -1 -10 454.43 118.34 518.92 148.41 -1 -1 -1 -1000 -1000 -1000 -10 0.0000 
Car -1 -1 -10 436.76 127.64 527.06 176.17 -1 -1 -1 -1000 -1000 -1000 -10 0.0000 
Car -1 -1 -10 748.68 197.30 825.00 275.05 -1 -1 -1 -1000 -1000 -1000 -10 0.0000 
Car -1 -1 -10 405.08 101.31 508.27 147.53 -1 -1 -1 -1000 -1000 -1000 -10 0.0000 
Car -1 -1 -10 722.86 221.60 794.63 285.99 -1 -1 -1 -1000 -1000 -1000 -10 0.0000 
Car -1 -1 -10 753.16 119.21 870.39 203.12 -1 -1 -1 -1000 -1000 -1000 -10 0.0000 
Car -1 -1 -10 787.10 232.36 954.58 328.76 -1 -1 -1 -1000 -1000 -1000 -10 0.0000 
Car -1 -1 -10 967.60 161.17 1196.68 227.99 -1 -1 -1 -1000 -1000 -1000 -10 0.0000 
Car -1 -1 -10 352.25 193.16 449.66 237.93 -1 -1 -1 -1000 -1000 -1000 -10 0.0000 
Car -1 -1 -10 736.52 85.59 920.58 158.53 -1 -1 -1 -1000 -1000 -1000 -10 0.0000 
Car -1 -1 -10 360.09 191.56 427.77 224.27 -1 -1 -1 -1000 -1000 -1000 -10 0.0000 
Car -1 -1 -10 360.75 98.52 417.64 133.59 -1 -1 -1 -1000 -1000 -1000 -10 0.0000 
Car -1 -1 -10 0.00 222.54 275.28 366.45 -1 -1 -1 -1000 -1000 -1000 -10 0.0000 
Car -1 -1 -10 761.67 204.32 990.82 302.02 -1 -1 -1 -1000 -1000 -1000 -10 0.0000 
Car -1 -1 -10 323.89 85.21 472.76 156.43 -1 -1 -1 -1000 -1000 -1000 -10 0.0000 
Car -1 -1 -10 350.53 100.92 453.88 142.77 -1 -1 -1 -1000 -1000 -1000 -10 0.0000 
Car -1 -1 -10 821.16 131.48 1169.95 277.93 -1 -1 -1 -1000 -1000 -1000 -10 0.0000 
Car -1 -1 -10 911.44 84.58 1170.52 247.32 -1 -1 -1 -1000 -1000 -1000 -10 0.0000 
