Car -1 -1 -10 800.36 172.19 891.43 232.30 -1 -1 -1 -1000 -1000 -1000 -10 0.9999 
Car -1 -1 -10 952.10 169.07 986.98 196.24 -1 -1 -1 -1000 -1000 -1000 -10 0.9991 
Car -1 -1 -10 1017.40 169.71 1124.00 256.84 -1 -1 -1 -1000 -1000 -1000 -10 0.9653 
Car -1 -1 -10 1041.10 205.86 1243.03 376.00 -1 -1 -1 -1000 -1000 -1000 -10 0.7407 
Car -1 -1 -10 838.43 175.02 929.04 222.35 -1 -1 -1 -1000 -1000 -1000 -10 0.2367 
Car -1 -1 -10 537.06 192.94 585.95 230.12 -1 -1 -1 -1000 -1000 -1000 -10 0.0067 
Car -1 -1 -10 510.71 216.78 563.59 245.90 -1 -1 -1 -1000 -1000 -1000 -10 0.0034 
Car -1 -1 -10 1138.80 244.43 1242.98 315.78 -1 -1 -1 -1000 -1000 -1000 -10 0.0034 
Car -1 -1 -10 524.63 248.74 570.31 275.68 -1 -1 -1 -1000 -1000 -1000 -10 0.0030 
Car -1 -1 -10 520.03 207.73 578.90 242.72 -1 -1 -1 -1000 -1000 -1000 -10 0.0029 
Car -1 -1 -10 527.93 184.88 573.58 220.54 -1 -1 -1 -1000 -1000 -1000 -10 0.0028 
Car -1 -1 -10 543.04 202.88 596.23 240.40 -1 -1 -1 -1000 -1000 -1000 -10 0.0024 
Car -1 -1 -10 1155.30 248.93 1235.63 292.73 -1 -1 -1 -1000 -1000 -1000 -10 0.0023 
Car -1 -1 -10 1065.30 104.00 1112.04 145.10 -1 -1 -1 -1000 -1000 -1000 -10 0.0022 
Car -1 -1 -10 502.05 169.32 562.57 202.04 -1 -1 -1 -1000 -1000 -1000 -10 0.0019 
Car -1 -1 -10 490.03 242.33 546.79 277.11 -1 -1 -1 -1000 -1000 -1000 -10 0.0017 
Car -1 -1 -10 163.27 199.60 226.27 226.00 -1 -1 -1 -1000 -1000 -1000 -10 0.0016 
Car -1 -1 -10 193.98 115.04 238.73 146.77 -1 -1 -1 -1000 -1000 -1000 -10 0.0015 
Car -1 -1 -10 523.67 187.84 598.75 236.35 -1 -1 -1 -1000 -1000 -1000 -10 0.0014 
Car -1 -1 -10 1100.40 153.47 1147.84 182.35 -1 -1 -1 -1000 -1000 -1000 -10 0.0010 
Car -1 -1 -10 201.12 119.62 254.31 151.42 -1 -1 -1 -1000 -1000 -1000 -10 0.0009 
Car -1 -1 -10 1196.30 184.59 1242.98 211.51 -1 -1 -1 -1000 -1000 -1000 -10 0.0009 
Car -1 -1 -10 453.97 229.36 503.53 257.57 -1 -1 -1 -1000 -1000 -1000 -10 0.0008 
Car -1 -1 -10 3.13 200.66 133.86 269.41 -1 -1 -1 -1000 -1000 -1000 -10 0.0007 
Car -1 -1 -10 433.20 226.15 505.46 265.34 -1 -1 -1 -1000 -1000 -1000 -10 0.0006 
Car -1 -1 -10 214.53 266.15 277.95 303.16 -1 -1 -1 -1000 -1000 -1000 -10 0.0005 
Car -1 -1 -10 862.43 175.23 922.55 199.74 -1 -1 -1 -1000 -1000 -1000 -10 0.0005 
Car -1 -1 -10 149.11 258.42 203.25 285.51 -1 -1 -1 -1000 -1000 -1000 -10 0.0005 
Car -1 -1 -10 186.53 263.43 242.42 307.33 -1 -1 -1 -1000 -1000 -1000 -10 0.0004 
Car -1 -1 -10 468.86 233.84 523.87 260.64 -1 -1 -1 -1000 -1000 -1000 -10 0.0004 
Car -1 -1 -10 220.19 116.04 257.43 146.33 -1 -1 -1 -1000 -1000 -1000 -10 0.0004 
Car -1 -1 -10 64.68 229.59 160.14 280.05 -1 -1 -1 -1000 -1000 -1000 -10 0.0004 
Car -1 -1 -10 23.97 239.28 122.08 282.39 -1 -1 -1 -1000 -1000 -1000 -10 0.0003 
Car -1 -1 -10 216.64 249.88 282.35 291.82 -1 -1 -1 -1000 -1000 -1000 -10 0.0003 
Car -1 -1 -10 475.35 224.88 541.16 248.33 -1 -1 -1 -1000 -1000 -1000 -10 0.0003 
Car -1 -1 -10 265.20 45.45 349.36 95.86 -1 -1 -1 -1000 -1000 -1000 -10 0.0003 
Car -1 -1 -10 58.45 248.71 124.54 291.62 -1 -1 -1 -1000 -1000 -1000 -10 0.0002 
Car -1 -1 -10 1127.10 178.51 1174.96 218.12 -1 -1 -1 -1000 -1000 -1000 -10 0.0002 
Car -1 -1 -10 1047.00 171.41 1124.23 216.10 -1 -1 -1 -1000 -1000 -1000 -10 0.0002 
Car -1 -1 -10 510.15 244.84 578.27 286.48 -1 -1 -1 -1000 -1000 -1000 -10 0.0002 
Car -1 -1 -10 454.83 215.29 543.01 245.71 -1 -1 -1 -1000 -1000 -1000 -10 0.0002 
Car -1 -1 -10 1091.50 151.38 1166.13 216.47 -1 -1 -1 -1000 -1000 -1000 -10 0.0002 
Car -1 -1 -10 972.77 169.19 998.86 192.61 -1 -1 -1 -1000 -1000 -1000 -10 0.0002 
Car -1 -1 -10 987.21 122.22 1073.14 159.92 -1 -1 -1 -1000 -1000 -1000 -10 0.0001 
Car -1 -1 -10 545.05 61.18 609.95 109.98 -1 -1 -1 -1000 -1000 -1000 -10 0.0001 
Car -1 -1 -10 457.95 221.53 520.21 242.43 -1 -1 -1 -1000 -1000 -1000 -10 0.0001 
Car -1 -1 -10 447.85 198.02 528.16 232.90 -1 -1 -1 -1000 -1000 -1000 -10 0.0001 
Car -1 -1 -10 170.64 203.63 262.98 235.48 -1 -1 -1 -1000 -1000 -1000 -10 0.0001 
Car -1 -1 -10 1019.10 167.85 1080.17 245.69 -1 -1 -1 -1000 -1000 -1000 -10 0.0001 
Car -1 -1 -10 739.22 169.81 861.38 222.14 -1 -1 -1 -1000 -1000 -1000 -10 0.0001 
Car -1 -1 -10 1059.00 92.88 1110.38 163.89 -1 -1 -1 -1000 -1000 -1000 -10 0.0001 
Car -1 -1 -10 982.04 62.38 1080.85 119.84 -1 -1 -1 -1000 -1000 -1000 -10 0.0001 
Car -1 -1 -10 204.35 106.48 243.76 132.04 -1 -1 -1 -1000 -1000 -1000 -10 0.0000 
Car -1 -1 -10 220.20 167.64 284.83 217.27 -1 -1 -1 -1000 -1000 -1000 -10 0.0000 
Car -1 -1 -10 512.31 115.41 591.03 156.79 -1 -1 -1 -1000 -1000 -1000 -10 0.0000 
Car -1 -1 -10 562.31 78.85 609.35 108.33 -1 -1 -1 -1000 -1000 -1000 -10 0.0000 
Car -1 -1 -10 1041.90 220.04 1172.21 333.37 -1 -1 -1 -1000 -1000 -1000 -10 0.0000 
Car -1 -1 -10 512.96 75.06 607.15 112.49 -1 -1 -1 -1000 -1000 -1000 -10 0.0000 
Car -1 -1 -10 1027.70 157.44 1105.85 196.90 -1 -1 -1 -1000 -1000 -1000 -10 0.0000 
Car -1 -1 -10 118.70 298.87 218.68 358.55 -1 -1 -1 -1000 -1000 -1000 -10 0.0000 
