Car -1 -1 -10 397.08 177.77 483.87 210.86 -1 -1 -1 -1000 -1000 -1000 -10 0.9995 
Car -1 -1 -10 461.46 170.69 523.73 200.38 -1 -1 -1 -1000 -1000 -1000 -10 0.2327 
Car -1 -1 -10 604.50 173.07 628.37 193.04 -1 -1 -1 -1000 -1000 -1000 -10 0.0462 
Car -1 -1 -10 500.39 173.71 548.39 194.43 -1 -1 -1 -1000 -1000 -1000 -10 0.0303 
Car -1 -1 -10 1070.30 208.59 1123.07 254.53 -1 -1 -1 -1000 -1000 -1000 -10 0.0179 
Car -1 -1 -10 635.13 219.56 693.63 254.24 -1 -1 -1 -1000 -1000 -1000 -10 0.0050 
Car -1 -1 -10 647.46 247.78 731.42 278.85 -1 -1 -1 -1000 -1000 -1000 -10 0.0019 
Car -1 -1 -10 1023.60 301.66 1070.45 325.14 -1 -1 -1 -1000 -1000 -1000 -10 0.0017 
Car -1 -1 -10 863.72 194.51 944.63 267.45 -1 -1 -1 -1000 -1000 -1000 -10 0.0017 
Car -1 -1 -10 983.64 308.84 1035.01 331.88 -1 -1 -1 -1000 -1000 -1000 -10 0.0016 
Car -1 -1 -10 961.19 309.72 1018.62 327.44 -1 -1 -1 -1000 -1000 -1000 -10 0.0013 
Car -1 -1 -10 611.16 217.38 699.02 266.64 -1 -1 -1 -1000 -1000 -1000 -10 0.0010 
Car -1 -1 -10 805.19 308.17 857.92 335.75 -1 -1 -1 -1000 -1000 -1000 -10 0.0008 
Car -1 -1 -10 815.32 306.60 885.95 339.93 -1 -1 -1 -1000 -1000 -1000 -10 0.0006 
Car -1 -1 -10 991.93 140.74 1067.01 173.46 -1 -1 -1 -1000 -1000 -1000 -10 0.0004 
Car -1 -1 -10 185.63 95.58 239.31 122.96 -1 -1 -1 -1000 -1000 -1000 -10 0.0004 
Car -1 -1 -10 997.39 294.52 1067.03 328.82 -1 -1 -1 -1000 -1000 -1000 -10 0.0003 
Car -1 -1 -10 858.35 300.03 921.35 331.19 -1 -1 -1 -1000 -1000 -1000 -10 0.0002 
Car -1 -1 -10 979.76 313.93 1019.98 335.46 -1 -1 -1 -1000 -1000 -1000 -10 0.0002 
Car -1 -1 -10 850.27 306.88 907.46 339.58 -1 -1 -1 -1000 -1000 -1000 -10 0.0002 
Car -1 -1 -10 847.84 283.12 918.46 323.46 -1 -1 -1 -1000 -1000 -1000 -10 0.0001 
Car -1 -1 -10 646.97 237.55 715.03 267.51 -1 -1 -1 -1000 -1000 -1000 -10 0.0001 
Car -1 -1 -10 990.22 135.42 1039.31 162.29 -1 -1 -1 -1000 -1000 -1000 -10 0.0001 
Car -1 -1 -10 430.12 176.82 496.10 206.20 -1 -1 -1 -1000 -1000 -1000 -10 0.0001 
Car -1 -1 -10 658.40 251.37 741.76 293.57 -1 -1 -1 -1000 -1000 -1000 -10 0.0001 
Car -1 -1 -10 112.95 109.85 198.63 154.48 -1 -1 -1 -1000 -1000 -1000 -10 0.0000 
Car -1 -1 -10 976.98 130.68 1032.04 154.24 -1 -1 -1 -1000 -1000 -1000 -10 0.0000 
Car -1 -1 -10 1011.80 256.89 1079.69 282.65 -1 -1 -1 -1000 -1000 -1000 -10 0.0000 
Car -1 -1 -10 663.94 214.81 715.78 254.26 -1 -1 -1 -1000 -1000 -1000 -10 0.0000 
Car -1 -1 -10 966.77 134.68 1037.62 170.77 -1 -1 -1 -1000 -1000 -1000 -10 0.0000 
Car -1 -1 -10 657.48 200.55 721.13 266.68 -1 -1 -1 -1000 -1000 -1000 -10 0.0000 
