Car -1 -1 -10 313.29 181.19 512.76 311.78 -1 -1 -1 -1000 -1000 -1000 -10 1.0000 
Car -1 -1 -10 596.66 166.14 643.04 209.43 -1 -1 -1 -1000 -1000 -1000 -10 0.9999 
Car -1 -1 -10 555.47 163.89 595.33 198.72 -1 -1 -1 -1000 -1000 -1000 -10 0.9998 
Car -1 -1 -10 476.71 172.68 551.41 231.51 -1 -1 -1 -1000 -1000 -1000 -10 0.9991 
Car -1 -1 -10 842.35 317.23 890.21 348.07 -1 -1 -1 -1000 -1000 -1000 -10 0.0219 
Car -1 -1 -10 796.73 305.14 845.54 334.80 -1 -1 -1 -1000 -1000 -1000 -10 0.0130 
Car -1 -1 -10 835.29 280.51 888.74 309.96 -1 -1 -1 -1000 -1000 -1000 -10 0.0106 
Car -1 -1 -10 865.13 325.52 911.79 353.50 -1 -1 -1 -1000 -1000 -1000 -10 0.0098 
Car -1 -1 -10 841.22 327.42 897.75 357.21 -1 -1 -1 -1000 -1000 -1000 -10 0.0091 
Car -1 -1 -10 795.16 313.61 850.29 347.60 -1 -1 -1 -1000 -1000 -1000 -10 0.0090 
Car -1 -1 -10 821.97 316.08 873.89 347.35 -1 -1 -1 -1000 -1000 -1000 -10 0.0082 
Car -1 -1 -10 859.60 277.58 907.39 302.87 -1 -1 -1 -1000 -1000 -1000 -10 0.0074 
Car -1 -1 -10 781.14 286.17 824.98 311.54 -1 -1 -1 -1000 -1000 -1000 -10 0.0046 
Car -1 -1 -10 868.23 299.98 913.66 327.84 -1 -1 -1 -1000 -1000 -1000 -10 0.0044 
Car -1 -1 -10 927.06 315.85 973.62 342.76 -1 -1 -1 -1000 -1000 -1000 -10 0.0038 
Car -1 -1 -10 865.85 291.34 914.49 318.61 -1 -1 -1 -1000 -1000 -1000 -10 0.0038 
Car -1 -1 -10 816.40 284.60 880.11 320.57 -1 -1 -1 -1000 -1000 -1000 -10 0.0032 
Car -1 -1 -10 825.70 264.02 896.87 305.73 -1 -1 -1 -1000 -1000 -1000 -10 0.0029 
Car -1 -1 -10 83.22 70.78 134.17 100.24 -1 -1 -1 -1000 -1000 -1000 -10 0.0027 
Car -1 -1 -10 213.82 115.54 275.72 146.94 -1 -1 -1 -1000 -1000 -1000 -10 0.0027 
Car -1 -1 -10 846.82 323.34 944.55 356.71 -1 -1 -1 -1000 -1000 -1000 -10 0.0020 
Car -1 -1 -10 723.38 242.52 785.99 268.13 -1 -1 -1 -1000 -1000 -1000 -10 0.0015 
Car -1 -1 -10 217.21 106.80 270.43 136.62 -1 -1 -1 -1000 -1000 -1000 -10 0.0014 
Car -1 -1 -10 688.69 47.99 745.04 89.54 -1 -1 -1 -1000 -1000 -1000 -10 0.0010 
Car -1 -1 -10 811.42 322.39 891.16 358.60 -1 -1 -1 -1000 -1000 -1000 -10 0.0009 
Car -1 -1 -10 350.89 181.31 402.02 199.80 -1 -1 -1 -1000 -1000 -1000 -10 0.0007 
Car -1 -1 -10 15.52 182.73 79.97 211.99 -1 -1 -1 -1000 -1000 -1000 -10 0.0007 
Car -1 -1 -10 493.05 124.56 552.34 150.65 -1 -1 -1 -1000 -1000 -1000 -10 0.0005 
Car -1 -1 -10 679.21 67.97 749.69 107.72 -1 -1 -1 -1000 -1000 -1000 -10 0.0004 
Car -1 -1 -10 213.77 100.26 304.18 136.67 -1 -1 -1 -1000 -1000 -1000 -10 0.0003 
Car -1 -1 -10 111.29 78.67 154.96 104.79 -1 -1 -1 -1000 -1000 -1000 -10 0.0002 
Car -1 -1 -10 102.35 66.45 162.29 93.61 -1 -1 -1 -1000 -1000 -1000 -10 0.0001 
Car -1 -1 -10 81.50 53.94 125.45 87.50 -1 -1 -1 -1000 -1000 -1000 -10 0.0001 
Car -1 -1 -10 31.69 121.41 116.15 160.44 -1 -1 -1 -1000 -1000 -1000 -10 0.0001 
Car -1 -1 -10 28.70 133.97 101.34 165.49 -1 -1 -1 -1000 -1000 -1000 -10 0.0001 
Car -1 -1 -10 646.72 171.28 678.53 187.47 -1 -1 -1 -1000 -1000 -1000 -10 0.0000 
Car -1 -1 -10 305.43 97.49 379.26 135.18 -1 -1 -1 -1000 -1000 -1000 -10 0.0000 
Car -1 -1 -10 642.71 174.02 683.75 192.97 -1 -1 -1 -1000 -1000 -1000 -10 0.0000 
Car -1 -1 -10 377.84 185.44 496.39 244.60 -1 -1 -1 -1000 -1000 -1000 -10 0.0000 
Car -1 -1 -10 440.80 178.24 526.16 245.23 -1 -1 -1 -1000 -1000 -1000 -10 0.0000 
Car -1 -1 -10 617.44 168.18 642.50 196.31 -1 -1 -1 -1000 -1000 -1000 -10 0.0000 
Car -1 -1 -10 320.73 189.31 392.89 264.44 -1 -1 -1 -1000 -1000 -1000 -10 0.0000 
