Car -1 -1 -10 547.02 178.11 587.29 205.95 -1 -1 -1 -1000 -1000 -1000 -10 1.0000 
Car -1 -1 -10 608.00 176.26 665.09 228.62 -1 -1 -1 -1000 -1000 -1000 -10 0.9999 
Car -1 -1 -10 509.56 179.88 548.81 205.53 -1 -1 -1 -1000 -1000 -1000 -10 0.9997 
Car -1 -1 -10 693.41 39.54 740.15 73.33 -1 -1 -1 -1000 -1000 -1000 -10 0.0073 
Car -1 -1 -10 1184.40 164.60 1242.98 208.86 -1 -1 -1 -1000 -1000 -1000 -10 0.0064 
Car -1 -1 -10 688.92 38.43 763.06 83.26 -1 -1 -1 -1000 -1000 -1000 -10 0.0031 
Car -1 -1 -10 869.74 160.55 924.69 193.09 -1 -1 -1 -1000 -1000 -1000 -10 0.0011 
Car -1 -1 -10 830.49 159.45 915.19 185.20 -1 -1 -1 -1000 -1000 -1000 -10 0.0001 
Car -1 -1 -10 811.42 146.66 884.46 180.48 -1 -1 -1 -1000 -1000 -1000 -10 0.0000 
Car -1 -1 -10 634.93 176.23 711.00 216.48 -1 -1 -1 -1000 -1000 -1000 -10 0.0000 
Car -1 -1 -10 796.62 124.63 885.68 183.93 -1 -1 -1 -1000 -1000 -1000 -10 0.0000 
Car -1 -1 -10 747.28 139.46 777.57 179.58 -1 -1 -1 -1000 -1000 -1000 -10 0.0000 
Car -1 -1 -10 103.45 55.63 193.43 80.54 -1 -1 -1 -1000 -1000 -1000 -10 0.0000 
Car -1 -1 -10 660.77 173.70 743.09 206.47 -1 -1 -1 -1000 -1000 -1000 -10 0.0000 
