Car -1 -1 -10 0.00 159.61 377.81 376.00 -1 -1 -1 -1000 -1000 -1000 -10 0.9237 
Car -1 -1 -10 644.22 189.46 675.59 211.99 -1 -1 -1 -1000 -1000 -1000 -10 0.5784 
Car -1 -1 -10 1112.50 228.66 1187.65 288.75 -1 -1 -1 -1000 -1000 -1000 -10 0.0080 
Car -1 -1 -10 80.90 207.97 148.62 247.56 -1 -1 -1 -1000 -1000 -1000 -10 0.0018 
Car -1 -1 -10 1029.30 264.72 1127.14 322.82 -1 -1 -1 -1000 -1000 -1000 -10 0.0016 
Car -1 -1 -10 101.94 163.28 176.68 197.63 -1 -1 -1 -1000 -1000 -1000 -10 0.0015 
Car -1 -1 -10 50.68 161.26 169.07 226.36 -1 -1 -1 -1000 -1000 -1000 -10 0.0013 
Car -1 -1 -10 874.46 115.24 952.88 147.21 -1 -1 -1 -1000 -1000 -1000 -10 0.0009 
Car -1 -1 -10 678.23 177.97 725.23 223.04 -1 -1 -1 -1000 -1000 -1000 -10 0.0007 
Car -1 -1 -10 452.49 130.39 572.05 166.85 -1 -1 -1 -1000 -1000 -1000 -10 0.0005 
Car -1 -1 -10 0.00 221.91 92.00 298.08 -1 -1 -1 -1000 -1000 -1000 -10 0.0003 
Car -1 -1 -10 9.94 173.35 102.42 221.06 -1 -1 -1 -1000 -1000 -1000 -10 0.0003 
Car -1 -1 -10 642.49 182.46 697.22 210.31 -1 -1 -1 -1000 -1000 -1000 -10 0.0001 
Car -1 -1 -10 205.55 171.87 360.77 215.37 -1 -1 -1 -1000 -1000 -1000 -10 0.0000 
Car -1 -1 -10 232.68 172.66 355.72 258.48 -1 -1 -1 -1000 -1000 -1000 -10 0.0000 
Car -1 -1 -10 211.17 170.83 333.49 199.78 -1 -1 -1 -1000 -1000 -1000 -10 0.0000 
Car -1 -1 -10 89.94 121.74 137.93 157.42 -1 -1 -1 -1000 -1000 -1000 -10 0.0000 
Car -1 -1 -10 478.06 126.63 627.92 179.11 -1 -1 -1 -1000 -1000 -1000 -10 0.0000 
Car -1 -1 -10 173.14 182.34 367.86 310.02 -1 -1 -1 -1000 -1000 -1000 -10 0.0000 
