Car -1 -1 -10 521.30 181.21 553.79 205.83 -1 -1 -1 -1000 -1000 -1000 -10 0.9990 
Car -1 -1 -10 588.40 182.52 618.38 210.17 -1 -1 -1 -1000 -1000 -1000 -10 0.9978 
Car -1 -1 -10 316.03 165.78 362.91 201.37 -1 -1 -1 -1000 -1000 -1000 -10 0.0074 
Car -1 -1 -10 0.00 156.94 122.41 213.16 -1 -1 -1 -1000 -1000 -1000 -10 0.0067 
Car -1 -1 -10 1029.60 169.23 1086.85 202.76 -1 -1 -1 -1000 -1000 -1000 -10 0.0061 
Car -1 -1 -10 65.34 162.72 114.60 195.87 -1 -1 -1 -1000 -1000 -1000 -10 0.0030 
Car -1 -1 -10 1190.80 202.09 1243.04 228.05 -1 -1 -1 -1000 -1000 -1000 -10 0.0020 
Car -1 -1 -10 1159.70 309.54 1220.38 342.73 -1 -1 -1 -1000 -1000 -1000 -10 0.0019 
Car -1 -1 -10 181.74 170.33 274.01 199.35 -1 -1 -1 -1000 -1000 -1000 -10 0.0014 
Car -1 -1 -10 266.79 92.57 329.87 162.88 -1 -1 -1 -1000 -1000 -1000 -10 0.0009 
Car -1 -1 -10 1081.70 126.07 1156.77 161.57 -1 -1 -1 -1000 -1000 -1000 -10 0.0008 
Car -1 -1 -10 0.00 156.54 80.18 195.89 -1 -1 -1 -1000 -1000 -1000 -10 0.0007 
Car -1 -1 -10 805.21 318.85 867.49 354.52 -1 -1 -1 -1000 -1000 -1000 -10 0.0006 
Car -1 -1 -10 151.56 156.39 197.54 189.07 -1 -1 -1 -1000 -1000 -1000 -10 0.0006 
Car -1 -1 -10 1193.00 139.22 1238.05 166.65 -1 -1 -1 -1000 -1000 -1000 -10 0.0006 
Car -1 -1 -10 1087.50 121.89 1176.23 150.56 -1 -1 -1 -1000 -1000 -1000 -10 0.0003 
Car -1 -1 -10 47.42 303.27 152.96 341.71 -1 -1 -1 -1000 -1000 -1000 -10 0.0003 
Car -1 -1 -10 1129.00 163.25 1212.56 198.38 -1 -1 -1 -1000 -1000 -1000 -10 0.0002 
Car -1 -1 -10 1137.60 317.46 1229.65 349.75 -1 -1 -1 -1000 -1000 -1000 -10 0.0002 
Car -1 -1 -10 260.97 152.18 319.29 170.59 -1 -1 -1 -1000 -1000 -1000 -10 0.0002 
Car -1 -1 -10 115.55 147.09 179.45 186.57 -1 -1 -1 -1000 -1000 -1000 -10 0.0001 
Car -1 -1 -10 260.45 157.95 308.51 180.23 -1 -1 -1 -1000 -1000 -1000 -10 0.0001 
Car -1 -1 -10 79.42 173.66 159.13 196.84 -1 -1 -1 -1000 -1000 -1000 -10 0.0001 
Car -1 -1 -10 1056.20 128.44 1151.75 176.25 -1 -1 -1 -1000 -1000 -1000 -10 0.0001 
Car -1 -1 -10 751.64 295.31 827.05 329.41 -1 -1 -1 -1000 -1000 -1000 -10 0.0001 
Car -1 -1 -10 246.50 170.53 301.22 189.13 -1 -1 -1 -1000 -1000 -1000 -10 0.0001 
Car -1 -1 -10 0.00 272.64 101.90 337.67 -1 -1 -1 -1000 -1000 -1000 -10 0.0001 
Car -1 -1 -10 1117.30 45.51 1167.90 74.29 -1 -1 -1 -1000 -1000 -1000 -10 0.0001 
Car -1 -1 -10 793.91 327.69 887.08 365.08 -1 -1 -1 -1000 -1000 -1000 -10 0.0000 
Car -1 -1 -10 1111.60 31.67 1199.42 78.17 -1 -1 -1 -1000 -1000 -1000 -10 0.0000 
Car -1 -1 -10 0.00 181.34 405.02 376.00 -1 -1 -1 -1000 -1000 -1000 -10 0.0000 
Car -1 -1 -10 536.82 171.91 558.09 196.87 -1 -1 -1 -1000 -1000 -1000 -10 0.0000 
Car -1 -1 -10 601.22 171.89 618.93 201.40 -1 -1 -1 -1000 -1000 -1000 -10 0.0000 
