Car -1 -1 -10 735.13 185.61 949.87 335.85 -1 -1 -1 -1000 -1000 -1000 -10 1.0000 
Car -1 -1 -10 687.49 174.33 798.74 267.49 -1 -1 -1 -1000 -1000 -1000 -10 0.9990 
Car -1 -1 -10 637.39 168.74 762.30 218.21 -1 -1 -1 -1000 -1000 -1000 -10 0.6709 
Car -1 -1 -10 225.99 238.37 294.59 292.83 -1 -1 -1 -1000 -1000 -1000 -10 0.0686 
Car -1 -1 -10 820.72 215.38 1243.00 376.00 -1 -1 -1 -1000 -1000 -1000 -10 0.0633 
Car -1 -1 -10 0.00 226.00 304.18 376.00 -1 -1 -1 -1000 -1000 -1000 -10 0.0092 
Car -1 -1 -10 1158.60 86.79 1243.03 121.01 -1 -1 -1 -1000 -1000 -1000 -10 0.0078 
Car -1 -1 -10 1154.50 58.84 1211.53 93.63 -1 -1 -1 -1000 -1000 -1000 -10 0.0034 
Car -1 -1 -10 1178.70 99.22 1242.99 128.18 -1 -1 -1 -1000 -1000 -1000 -10 0.0034 
Car -1 -1 -10 1138.30 76.04 1210.47 116.97 -1 -1 -1 -1000 -1000 -1000 -10 0.0025 
Car -1 -1 -10 1127.20 86.84 1199.53 123.01 -1 -1 -1 -1000 -1000 -1000 -10 0.0023 
Car -1 -1 -10 1188.70 111.10 1243.04 144.73 -1 -1 -1 -1000 -1000 -1000 -10 0.0023 
Car -1 -1 -10 1161.80 95.34 1220.04 132.74 -1 -1 -1 -1000 -1000 -1000 -10 0.0021 
Car -1 -1 -10 1118.90 116.71 1196.76 152.27 -1 -1 -1 -1000 -1000 -1000 -10 0.0021 
Car -1 -1 -10 672.88 183.64 886.00 230.27 -1 -1 -1 -1000 -1000 -1000 -10 0.0019 
Car -1 -1 -10 1182.20 158.73 1243.05 185.64 -1 -1 -1 -1000 -1000 -1000 -10 0.0018 
Car -1 -1 -10 175.77 27.74 248.32 56.35 -1 -1 -1 -1000 -1000 -1000 -10 0.0008 
Car -1 -1 -10 936.51 90.31 1013.12 123.47 -1 -1 -1 -1000 -1000 -1000 -10 0.0007 
Car -1 -1 -10 1159.40 67.90 1228.53 110.74 -1 -1 -1 -1000 -1000 -1000 -10 0.0006 
Car -1 -1 -10 1158.00 49.41 1224.78 79.56 -1 -1 -1 -1000 -1000 -1000 -10 0.0005 
Car -1 -1 -10 1154.60 38.47 1219.38 69.59 -1 -1 -1 -1000 -1000 -1000 -10 0.0005 
Car -1 -1 -10 10.34 238.29 255.04 329.77 -1 -1 -1 -1000 -1000 -1000 -10 0.0005 
Car -1 -1 -10 1152.10 24.61 1230.82 63.00 -1 -1 -1 -1000 -1000 -1000 -10 0.0003 
Car -1 -1 -10 1040.30 102.65 1118.18 133.19 -1 -1 -1 -1000 -1000 -1000 -10 0.0003 
Car -1 -1 -10 683.09 182.03 824.31 219.00 -1 -1 -1 -1000 -1000 -1000 -10 0.0003 
Car -1 -1 -10 1096.30 22.36 1178.97 57.02 -1 -1 -1 -1000 -1000 -1000 -10 0.0001 
Car -1 -1 -10 176.15 97.71 269.31 133.19 -1 -1 -1 -1000 -1000 -1000 -10 0.0001 
Car -1 -1 -10 928.47 102.29 1018.06 140.67 -1 -1 -1 -1000 -1000 -1000 -10 0.0001 
Car -1 -1 -10 1168.60 228.73 1243.00 283.86 -1 -1 -1 -1000 -1000 -1000 -10 0.0001 
Car -1 -1 -10 1115.30 183.18 1175.51 216.12 -1 -1 -1 -1000 -1000 -1000 -10 0.0001 
Car -1 -1 -10 189.04 68.21 274.58 114.97 -1 -1 -1 -1000 -1000 -1000 -10 0.0001 
Car -1 -1 -10 925.68 225.78 1076.35 266.35 -1 -1 -1 -1000 -1000 -1000 -10 0.0000 
Car -1 -1 -10 159.29 162.54 230.22 201.18 -1 -1 -1 -1000 -1000 -1000 -10 0.0000 
Car -1 -1 -10 240.08 300.44 307.42 326.38 -1 -1 -1 -1000 -1000 -1000 -10 0.0000 
Car -1 -1 -10 151.60 141.16 263.44 193.94 -1 -1 -1 -1000 -1000 -1000 -10 0.0000 
Car -1 -1 -10 178.15 238.76 394.61 331.44 -1 -1 -1 -1000 -1000 -1000 -10 0.0000 
Car -1 -1 -10 0.00 207.98 111.96 264.22 -1 -1 -1 -1000 -1000 -1000 -10 0.0000 
Car -1 -1 -10 173.28 206.39 248.54 244.75 -1 -1 -1 -1000 -1000 -1000 -10 0.0000 
Car -1 -1 -10 120.13 245.64 249.41 304.07 -1 -1 -1 -1000 -1000 -1000 -10 0.0000 
Car -1 -1 -10 149.00 255.14 255.59 326.23 -1 -1 -1 -1000 -1000 -1000 -10 0.0000 
