Car -1 -1 -10 24.27 193.12 292.91 284.46 -1 -1 -1 -1000 -1000 -1000 -10 0.9998 
Car -1 -1 -10 705.48 157.62 995.90 284.55 -1 -1 -1 -1000 -1000 -1000 -10 0.9993 
Car -1 -1 -10 326.83 184.38 424.98 218.61 -1 -1 -1 -1000 -1000 -1000 -10 0.9985 
Car -1 -1 -10 203.21 188.61 356.54 247.27 -1 -1 -1 -1000 -1000 -1000 -10 0.9963 
Car -1 -1 -10 847.35 183.73 1222.37 354.76 -1 -1 -1 -1000 -1000 -1000 -10 0.9946 
Car -1 -1 -10 1144.60 203.05 1224.59 243.30 -1 -1 -1 -1000 -1000 -1000 -10 0.0062 
Car -1 -1 -10 1048.00 54.38 1112.61 85.72 -1 -1 -1 -1000 -1000 -1000 -10 0.0050 
Car -1 -1 -10 1144.50 51.25 1219.55 74.73 -1 -1 -1 -1000 -1000 -1000 -10 0.0030 
Car -1 -1 -10 1123.60 51.71 1221.40 88.06 -1 -1 -1 -1000 -1000 -1000 -10 0.0024 
Car -1 -1 -10 271.21 41.33 318.64 68.86 -1 -1 -1 -1000 -1000 -1000 -10 0.0022 
Car -1 -1 -10 973.35 53.64 1114.88 90.25 -1 -1 -1 -1000 -1000 -1000 -10 0.0018 
Car -1 -1 -10 251.73 49.24 305.52 73.82 -1 -1 -1 -1000 -1000 -1000 -10 0.0016 
Car -1 -1 -10 534.18 177.29 561.13 208.97 -1 -1 -1 -1000 -1000 -1000 -10 0.0012 
Car -1 -1 -10 68.01 205.69 188.21 257.56 -1 -1 -1 -1000 -1000 -1000 -10 0.0005 
Car -1 -1 -10 1156.50 176.74 1226.58 196.59 -1 -1 -1 -1000 -1000 -1000 -10 0.0005 
Car -1 -1 -10 348.81 80.02 417.24 107.28 -1 -1 -1 -1000 -1000 -1000 -10 0.0005 
Car -1 -1 -10 1047.60 220.75 1126.23 264.74 -1 -1 -1 -1000 -1000 -1000 -10 0.0004 
Car -1 -1 -10 675.05 24.69 769.31 51.10 -1 -1 -1 -1000 -1000 -1000 -10 0.0004 
Car -1 -1 -10 902.58 155.51 962.60 175.63 -1 -1 -1 -1000 -1000 -1000 -10 0.0003 
Car -1 -1 -10 923.10 194.38 1020.24 229.39 -1 -1 -1 -1000 -1000 -1000 -10 0.0002 
Car -1 -1 -10 905.30 55.23 1203.60 145.26 -1 -1 -1 -1000 -1000 -1000 -10 0.0002 
Car -1 -1 -10 767.96 171.55 866.39 220.83 -1 -1 -1 -1000 -1000 -1000 -10 0.0001 
Car -1 -1 -10 868.45 165.07 973.49 219.79 -1 -1 -1 -1000 -1000 -1000 -10 0.0001 
Car -1 -1 -10 874.24 158.11 975.01 189.54 -1 -1 -1 -1000 -1000 -1000 -10 0.0001 
Car -1 -1 -10 969.43 204.02 1042.59 246.81 -1 -1 -1 -1000 -1000 -1000 -10 0.0000 
Car -1 -1 -10 1141.90 192.00 1215.44 225.46 -1 -1 -1 -1000 -1000 -1000 -10 0.0000 
Car -1 -1 -10 896.89 190.81 1037.10 243.44 -1 -1 -1 -1000 -1000 -1000 -10 0.0000 
Car -1 -1 -10 705.05 200.87 788.79 276.65 -1 -1 -1 -1000 -1000 -1000 -10 0.0000 
Car -1 -1 -10 747.46 171.41 843.10 237.55 -1 -1 -1 -1000 -1000 -1000 -10 0.0000 
Car -1 -1 -10 926.32 152.41 989.97 187.98 -1 -1 -1 -1000 -1000 -1000 -10 0.0000 
Car -1 -1 -10 958.06 190.92 1129.16 300.71 -1 -1 -1 -1000 -1000 -1000 -10 0.0000 
Car -1 -1 -10 370.25 186.89 454.35 216.46 -1 -1 -1 -1000 -1000 -1000 -10 0.0000 
Car -1 -1 -10 182.87 192.47 282.29 269.62 -1 -1 -1 -1000 -1000 -1000 -10 0.0000 
Car -1 -1 -10 535.56 182.12 581.53 216.31 -1 -1 -1 -1000 -1000 -1000 -10 0.0000 
Car -1 -1 -10 579.11 20.04 690.79 45.86 -1 -1 -1 -1000 -1000 -1000 -10 0.0000 
Car -1 -1 -10 1077.70 180.93 1175.58 211.87 -1 -1 -1 -1000 -1000 -1000 -10 0.0000 
Car -1 -1 -10 1046.60 166.70 1091.25 186.99 -1 -1 -1 -1000 -1000 -1000 -10 0.0000 
Car -1 -1 -10 1001.20 219.59 1081.18 262.69 -1 -1 -1 -1000 -1000 -1000 -10 0.0000 
Car -1 -1 -10 838.65 46.36 1171.49 363.31 -1 -1 -1 -1000 -1000 -1000 -10 0.0000 
Car -1 -1 -10 400.98 194.88 461.37 216.78 -1 -1 -1 -1000 -1000 -1000 -10 0.0000 
Car -1 -1 -10 1025.40 199.97 1143.63 272.32 -1 -1 -1 -1000 -1000 -1000 -10 0.0000 
Car -1 -1 -10 953.56 215.19 1041.79 265.57 -1 -1 -1 -1000 -1000 -1000 -10 0.0000 
Car -1 -1 -10 833.93 194.76 933.65 277.30 -1 -1 -1 -1000 -1000 -1000 -10 0.0000 
Car -1 -1 -10 861.91 163.16 1001.46 247.32 -1 -1 -1 -1000 -1000 -1000 -10 0.0000 
Car -1 -1 -10 918.02 184.42 1001.00 221.68 -1 -1 -1 -1000 -1000 -1000 -10 0.0000 
Car -1 -1 -10 687.12 213.68 740.53 237.23 -1 -1 -1 -1000 -1000 -1000 -10 0.0000 
Car -1 -1 -10 943.15 167.50 1040.89 218.92 -1 -1 -1 -1000 -1000 -1000 -10 0.0000 
Car -1 -1 -10 999.00 217.78 1053.81 251.27 -1 -1 -1 -1000 -1000 -1000 -10 0.0000 
Car -1 -1 -10 976.15 197.06 1078.00 275.48 -1 -1 -1 -1000 -1000 -1000 -10 0.0000 
