Car -1 -1 -10 608.60 185.91 653.57 217.60 -1 -1 -1 -1000 -1000 -1000 -10 0.9999 
Car -1 -1 -10 1149.60 177.04 1189.93 202.38 -1 -1 -1 -1000 -1000 -1000 -10 0.9280 
Car -1 -1 -10 1147.10 175.94 1242.15 202.96 -1 -1 -1 -1000 -1000 -1000 -10 0.5698 
Car -1 -1 -10 5.48 202.55 67.80 232.96 -1 -1 -1 -1000 -1000 -1000 -10 0.4340 
Car -1 -1 -10 230.32 184.20 283.56 217.86 -1 -1 -1 -1000 -1000 -1000 -10 0.0608 
Car -1 -1 -10 181.38 199.48 243.46 223.18 -1 -1 -1 -1000 -1000 -1000 -10 0.0428 
Car -1 -1 -10 980.03 175.39 1015.07 200.14 -1 -1 -1 -1000 -1000 -1000 -10 0.0419 
Car -1 -1 -10 65.99 96.98 118.35 135.02 -1 -1 -1 -1000 -1000 -1000 -10 0.0268 
Car -1 -1 -10 242.47 191.17 311.52 219.26 -1 -1 -1 -1000 -1000 -1000 -10 0.0168 
Car -1 -1 -10 1094.20 172.94 1147.00 201.15 -1 -1 -1 -1000 -1000 -1000 -10 0.0130 
Car -1 -1 -10 763.82 173.93 833.77 191.11 -1 -1 -1 -1000 -1000 -1000 -10 0.0096 
Car -1 -1 -10 1067.90 177.66 1133.17 204.71 -1 -1 -1 -1000 -1000 -1000 -10 0.0055 
Car -1 -1 -10 1009.60 178.22 1049.01 199.96 -1 -1 -1 -1000 -1000 -1000 -10 0.0050 
Car -1 -1 -10 1185.50 268.92 1239.33 304.27 -1 -1 -1 -1000 -1000 -1000 -10 0.0027 
Car -1 -1 -10 1038.40 176.02 1076.10 200.46 -1 -1 -1 -1000 -1000 -1000 -10 0.0022 
Car -1 -1 -10 233.63 201.43 293.94 220.42 -1 -1 -1 -1000 -1000 -1000 -10 0.0022 
Car -1 -1 -10 67.03 209.19 116.37 231.29 -1 -1 -1 -1000 -1000 -1000 -10 0.0018 
Car -1 -1 -10 208.07 192.03 260.09 218.95 -1 -1 -1 -1000 -1000 -1000 -10 0.0018 
Car -1 -1 -10 22.41 267.74 87.31 290.31 -1 -1 -1 -1000 -1000 -1000 -10 0.0016 
Car -1 -1 -10 844.70 291.24 911.05 316.07 -1 -1 -1 -1000 -1000 -1000 -10 0.0014 
Car -1 -1 -10 774.73 236.61 830.69 266.65 -1 -1 -1 -1000 -1000 -1000 -10 0.0013 
Car -1 -1 -10 837.31 174.03 878.66 193.82 -1 -1 -1 -1000 -1000 -1000 -10 0.0007 
Car -1 -1 -10 9.06 269.61 70.41 296.95 -1 -1 -1 -1000 -1000 -1000 -10 0.0007 
Car -1 -1 -10 541.20 166.44 603.74 204.70 -1 -1 -1 -1000 -1000 -1000 -10 0.0007 
Car -1 -1 -10 67.90 260.54 136.07 283.54 -1 -1 -1 -1000 -1000 -1000 -10 0.0007 
Car -1 -1 -10 1097.00 89.47 1140.84 124.43 -1 -1 -1 -1000 -1000 -1000 -10 0.0005 
Car -1 -1 -10 734.06 173.37 778.21 189.33 -1 -1 -1 -1000 -1000 -1000 -10 0.0005 
Car -1 -1 -10 890.43 323.84 939.32 354.24 -1 -1 -1 -1000 -1000 -1000 -10 0.0004 
Car -1 -1 -10 932.69 188.96 986.63 203.42 -1 -1 -1 -1000 -1000 -1000 -10 0.0003 
Car -1 -1 -10 195.26 197.95 262.92 227.57 -1 -1 -1 -1000 -1000 -1000 -10 0.0003 
Car -1 -1 -10 934.49 178.51 1009.63 201.59 -1 -1 -1 -1000 -1000 -1000 -10 0.0002 
Car -1 -1 -10 898.49 242.23 962.70 282.15 -1 -1 -1 -1000 -1000 -1000 -10 0.0002 
Car -1 -1 -10 950.05 174.49 997.24 198.80 -1 -1 -1 -1000 -1000 -1000 -10 0.0002 
Car -1 -1 -10 666.40 172.89 713.78 221.28 -1 -1 -1 -1000 -1000 -1000 -10 0.0001 
Car -1 -1 -10 439.63 196.59 495.36 221.27 -1 -1 -1 -1000 -1000 -1000 -10 0.0001 
Car -1 -1 -10 1119.50 175.78 1171.94 201.51 -1 -1 -1 -1000 -1000 -1000 -10 0.0001 
Car -1 -1 -10 1099.00 58.87 1197.74 116.86 -1 -1 -1 -1000 -1000 -1000 -10 0.0001 
Car -1 -1 -10 924.08 246.33 984.43 273.90 -1 -1 -1 -1000 -1000 -1000 -10 0.0001 
Car -1 -1 -10 872.97 310.66 938.86 337.96 -1 -1 -1 -1000 -1000 -1000 -10 0.0001 
Car -1 -1 -10 174.84 205.76 218.68 225.85 -1 -1 -1 -1000 -1000 -1000 -10 0.0001 
Car -1 -1 -10 789.71 239.65 852.94 270.73 -1 -1 -1 -1000 -1000 -1000 -10 0.0000 
Car -1 -1 -10 952.49 313.43 1023.61 341.56 -1 -1 -1 -1000 -1000 -1000 -10 0.0000 
Car -1 -1 -10 999.08 326.06 1082.30 358.87 -1 -1 -1 -1000 -1000 -1000 -10 0.0000 
Car -1 -1 -10 1100.20 78.55 1213.26 132.51 -1 -1 -1 -1000 -1000 -1000 -10 0.0000 
Car -1 -1 -10 1186.00 189.10 1234.84 206.28 -1 -1 -1 -1000 -1000 -1000 -10 0.0000 
Car -1 -1 -10 756.30 184.74 837.19 203.32 -1 -1 -1 -1000 -1000 -1000 -10 0.0000 
