Car -1 -1 -10 645.20 173.33 693.70 216.25 -1 -1 -1 -1000 -1000 -1000 -10 0.9998 
Car -1 -1 -10 704.88 176.18 883.29 299.16 -1 -1 -1 -1000 -1000 -1000 -10 0.9995 
Car -1 -1 -10 6.07 187.49 424.41 375.88 -1 -1 -1 -1000 -1000 -1000 -10 0.9990 
Car -1 -1 -10 616.29 55.97 735.07 115.93 -1 -1 -1 -1000 -1000 -1000 -10 0.0040 
Car -1 -1 -10 619.40 60.42 689.92 104.87 -1 -1 -1 -1000 -1000 -1000 -10 0.0039 
Car -1 -1 -10 724.73 178.66 798.52 204.50 -1 -1 -1 -1000 -1000 -1000 -10 0.0031 
Car -1 -1 -10 314.59 198.05 373.06 230.86 -1 -1 -1 -1000 -1000 -1000 -10 0.0008 
Car -1 -1 -10 426.45 221.76 487.06 246.81 -1 -1 -1 -1000 -1000 -1000 -10 0.0007 
Car -1 -1 -10 389.98 232.28 455.19 254.24 -1 -1 -1 -1000 -1000 -1000 -10 0.0004 
Car -1 -1 -10 293.23 199.73 392.05 263.91 -1 -1 -1 -1000 -1000 -1000 -10 0.0004 
Car -1 -1 -10 719.05 181.26 811.58 231.27 -1 -1 -1 -1000 -1000 -1000 -10 0.0001 
Car -1 -1 -10 778.10 175.09 847.98 192.72 -1 -1 -1 -1000 -1000 -1000 -10 0.0001 
Car -1 -1 -10 12.30 255.75 111.67 284.71 -1 -1 -1 -1000 -1000 -1000 -10 0.0001 
Car -1 -1 -10 708.66 185.17 750.53 229.06 -1 -1 -1 -1000 -1000 -1000 -10 0.0001 
Car -1 -1 -10 195.06 112.02 274.52 136.76 -1 -1 -1 -1000 -1000 -1000 -10 0.0001 
Car -1 -1 -10 707.72 16.92 778.34 71.88 -1 -1 -1 -1000 -1000 -1000 -10 0.0001 
Car -1 -1 -10 714.80 182.39 854.71 250.45 -1 -1 -1 -1000 -1000 -1000 -10 0.0000 
Car -1 -1 -10 668.98 171.07 695.47 200.94 -1 -1 -1 -1000 -1000 -1000 -10 0.0000 
Car -1 -1 -10 141.35 273.86 259.06 325.37 -1 -1 -1 -1000 -1000 -1000 -10 0.0000 
Car -1 -1 -10 706.66 177.87 786.39 264.75 -1 -1 -1 -1000 -1000 -1000 -10 0.0000 
