Car -1 -1 -10 471.02 185.36 539.53 236.34 -1 -1 -1 -1000 -1000 -1000 -10 0.9997 
Car -1 -1 -10 1199.30 139.89 1242.98 168.32 -1 -1 -1 -1000 -1000 -1000 -10 0.0044 
Car -1 -1 -10 710.53 66.19 766.28 102.48 -1 -1 -1 -1000 -1000 -1000 -10 0.0042 
Car -1 -1 -10 755.96 43.80 818.46 79.28 -1 -1 -1 -1000 -1000 -1000 -10 0.0039 
Car -1 -1 -10 772.86 65.37 828.73 114.87 -1 -1 -1 -1000 -1000 -1000 -10 0.0035 
Car -1 -1 -10 722.00 279.34 774.01 313.08 -1 -1 -1 -1000 -1000 -1000 -10 0.0025 
Car -1 -1 -10 784.97 326.29 851.79 360.18 -1 -1 -1 -1000 -1000 -1000 -10 0.0015 
Car -1 -1 -10 1001.30 38.43 1059.70 70.62 -1 -1 -1 -1000 -1000 -1000 -10 0.0014 
Car -1 -1 -10 738.91 104.67 802.34 138.94 -1 -1 -1 -1000 -1000 -1000 -10 0.0013 
Car -1 -1 -10 709.89 59.79 773.70 88.55 -1 -1 -1 -1000 -1000 -1000 -10 0.0012 
Car -1 -1 -10 771.23 85.09 853.10 124.33 -1 -1 -1 -1000 -1000 -1000 -10 0.0011 
Car -1 -1 -10 732.45 73.64 809.56 115.31 -1 -1 -1 -1000 -1000 -1000 -10 0.0011 
Car -1 -1 -10 984.89 48.67 1046.14 75.45 -1 -1 -1 -1000 -1000 -1000 -10 0.0010 
Car -1 -1 -10 704.64 105.06 784.52 147.83 -1 -1 -1 -1000 -1000 -1000 -10 0.0009 
Car -1 -1 -10 1177.60 97.91 1242.95 127.14 -1 -1 -1 -1000 -1000 -1000 -10 0.0008 
Car -1 -1 -10 824.84 40.92 887.86 77.45 -1 -1 -1 -1000 -1000 -1000 -10 0.0008 
Car -1 -1 -10 1161.70 126.02 1242.98 162.98 -1 -1 -1 -1000 -1000 -1000 -10 0.0008 
Car -1 -1 -10 968.79 323.83 1015.23 348.31 -1 -1 -1 -1000 -1000 -1000 -10 0.0008 
Car -1 -1 -10 1122.70 28.98 1185.28 67.90 -1 -1 -1 -1000 -1000 -1000 -10 0.0007 
Car -1 -1 -10 726.29 293.43 778.08 318.14 -1 -1 -1 -1000 -1000 -1000 -10 0.0007 
Car -1 -1 -10 895.07 113.50 971.49 152.05 -1 -1 -1 -1000 -1000 -1000 -10 0.0007 
Car -1 -1 -10 719.31 92.43 790.84 136.68 -1 -1 -1 -1000 -1000 -1000 -10 0.0006 
Car -1 -1 -10 749.73 29.30 830.44 69.07 -1 -1 -1 -1000 -1000 -1000 -10 0.0006 
Car -1 -1 -10 860.18 126.59 945.40 161.12 -1 -1 -1 -1000 -1000 -1000 -10 0.0006 
Car -1 -1 -10 1109.80 141.48 1183.88 170.94 -1 -1 -1 -1000 -1000 -1000 -10 0.0005 
Car -1 -1 -10 1021.50 41.08 1089.93 71.17 -1 -1 -1 -1000 -1000 -1000 -10 0.0005 
Car -1 -1 -10 1044.60 60.05 1137.68 96.77 -1 -1 -1 -1000 -1000 -1000 -10 0.0005 
Car -1 -1 -10 1180.40 72.20 1243.03 109.62 -1 -1 -1 -1000 -1000 -1000 -10 0.0004 
Car -1 -1 -10 844.77 37.14 912.54 74.89 -1 -1 -1 -1000 -1000 -1000 -10 0.0004 
Car -1 -1 -10 1014.50 29.93 1107.44 63.59 -1 -1 -1 -1000 -1000 -1000 -10 0.0004 
Car -1 -1 -10 795.52 106.43 868.64 138.68 -1 -1 -1 -1000 -1000 -1000 -10 0.0004 
Car -1 -1 -10 860.28 82.50 919.23 116.01 -1 -1 -1 -1000 -1000 -1000 -10 0.0004 
Car -1 -1 -10 742.86 298.51 812.82 328.25 -1 -1 -1 -1000 -1000 -1000 -10 0.0003 
Car -1 -1 -10 843.73 113.92 928.85 156.06 -1 -1 -1 -1000 -1000 -1000 -10 0.0003 
Car -1 -1 -10 956.23 254.78 1006.66 287.22 -1 -1 -1 -1000 -1000 -1000 -10 0.0003 
Car -1 -1 -10 807.40 108.80 898.40 151.03 -1 -1 -1 -1000 -1000 -1000 -10 0.0003 
Car -1 -1 -10 5.07 301.24 90.27 327.28 -1 -1 -1 -1000 -1000 -1000 -10 0.0003 
Car -1 -1 -10 970.59 66.55 1060.12 102.51 -1 -1 -1 -1000 -1000 -1000 -10 0.0002 
Car -1 -1 -10 868.94 309.71 917.44 336.33 -1 -1 -1 -1000 -1000 -1000 -10 0.0002 
Car -1 -1 -10 720.72 124.99 811.28 153.38 -1 -1 -1 -1000 -1000 -1000 -10 0.0002 
Car -1 -1 -10 771.29 22.73 851.60 57.53 -1 -1 -1 -1000 -1000 -1000 -10 0.0002 
Car -1 -1 -10 893.64 95.06 966.75 123.97 -1 -1 -1 -1000 -1000 -1000 -10 0.0002 
Car -1 -1 -10 951.46 76.69 1034.75 109.49 -1 -1 -1 -1000 -1000 -1000 -10 0.0002 
Car -1 -1 -10 926.70 91.58 989.72 120.32 -1 -1 -1 -1000 -1000 -1000 -10 0.0002 
Car -1 -1 -10 746.24 109.09 835.33 152.95 -1 -1 -1 -1000 -1000 -1000 -10 0.0002 
Car -1 -1 -10 826.83 88.08 899.09 115.50 -1 -1 -1 -1000 -1000 -1000 -10 0.0002 
Car -1 -1 -10 875.54 97.12 937.83 130.85 -1 -1 -1 -1000 -1000 -1000 -10 0.0002 
Car -1 -1 -10 872.25 89.97 942.26 118.71 -1 -1 -1 -1000 -1000 -1000 -10 0.0002 
Car -1 -1 -10 916.68 108.43 997.11 153.40 -1 -1 -1 -1000 -1000 -1000 -10 0.0001 
Car -1 -1 -10 1099.00 233.18 1173.19 268.82 -1 -1 -1 -1000 -1000 -1000 -10 0.0001 
Car -1 -1 -10 853.20 90.78 922.48 128.25 -1 -1 -1 -1000 -1000 -1000 -10 0.0001 
Car -1 -1 -10 941.02 80.72 1002.36 110.89 -1 -1 -1 -1000 -1000 -1000 -10 0.0001 
Car -1 -1 -10 927.99 76.25 985.03 99.20 -1 -1 -1 -1000 -1000 -1000 -10 0.0001 
Car -1 -1 -10 869.40 34.27 948.37 72.62 -1 -1 -1 -1000 -1000 -1000 -10 0.0001 
Car -1 -1 -10 1036.20 41.49 1118.28 76.38 -1 -1 -1 -1000 -1000 -1000 -10 0.0001 
Car -1 -1 -10 1147.70 115.72 1213.76 149.57 -1 -1 -1 -1000 -1000 -1000 -10 0.0001 
Car -1 -1 -10 853.31 297.28 891.61 323.44 -1 -1 -1 -1000 -1000 -1000 -10 0.0001 
Car -1 -1 -10 1166.00 244.55 1242.98 281.48 -1 -1 -1 -1000 -1000 -1000 -10 0.0001 
Car -1 -1 -10 1047.50 68.76 1120.98 107.54 -1 -1 -1 -1000 -1000 -1000 -10 0.0001 
Car -1 -1 -10 1158.50 75.66 1234.31 118.94 -1 -1 -1 -1000 -1000 -1000 -10 0.0001 
Car -1 -1 -10 1150.60 213.02 1205.19 256.59 -1 -1 -1 -1000 -1000 -1000 -10 0.0001 
Car -1 -1 -10 1094.60 245.66 1149.02 278.64 -1 -1 -1 -1000 -1000 -1000 -10 0.0001 
Car -1 -1 -10 747.79 334.55 832.52 361.75 -1 -1 -1 -1000 -1000 -1000 -10 0.0001 
Car -1 -1 -10 860.54 300.91 899.26 330.40 -1 -1 -1 -1000 -1000 -1000 -10 0.0001 
Car -1 -1 -10 608.29 146.23 670.30 176.28 -1 -1 -1 -1000 -1000 -1000 -10 0.0001 
Car -1 -1 -10 1062.40 75.44 1147.79 112.60 -1 -1 -1 -1000 -1000 -1000 -10 0.0001 
Car -1 -1 -10 924.51 116.30 1042.92 147.65 -1 -1 -1 -1000 -1000 -1000 -10 0.0001 
Car -1 -1 -10 890.94 85.30 966.57 114.29 -1 -1 -1 -1000 -1000 -1000 -10 0.0001 
Car -1 -1 -10 925.55 98.15 1000.71 133.19 -1 -1 -1 -1000 -1000 -1000 -10 0.0001 
Car -1 -1 -10 875.29 71.12 950.58 113.21 -1 -1 -1 -1000 -1000 -1000 -10 0.0001 
Car -1 -1 -10 1018.50 72.48 1095.44 104.20 -1 -1 -1 -1000 -1000 -1000 -10 0.0001 
Car -1 -1 -10 1076.20 107.79 1152.46 148.76 -1 -1 -1 -1000 -1000 -1000 -10 0.0000 
Car -1 -1 -10 1000.10 240.70 1057.34 273.96 -1 -1 -1 -1000 -1000 -1000 -10 0.0000 
Car -1 -1 -10 1067.40 233.15 1130.31 267.65 -1 -1 -1 -1000 -1000 -1000 -10 0.0000 
Car -1 -1 -10 1155.50 242.11 1216.14 274.03 -1 -1 -1 -1000 -1000 -1000 -10 0.0000 
Car -1 -1 -10 961.18 104.96 1043.04 141.58 -1 -1 -1 -1000 -1000 -1000 -10 0.0000 
Car -1 -1 -10 982.86 232.85 1042.75 268.68 -1 -1 -1 -1000 -1000 -1000 -10 0.0000 
Car -1 -1 -10 933.46 260.84 985.92 292.03 -1 -1 -1 -1000 -1000 -1000 -10 0.0000 
Car -1 -1 -10 983.81 73.37 1084.94 118.66 -1 -1 -1 -1000 -1000 -1000 -10 0.0000 
Car -1 -1 -10 1013.10 229.42 1072.04 272.90 -1 -1 -1 -1000 -1000 -1000 -10 0.0000 
Car -1 -1 -10 996.38 225.43 1050.51 257.94 -1 -1 -1 -1000 -1000 -1000 -10 0.0000 
Car -1 -1 -10 1076.80 85.47 1162.30 119.43 -1 -1 -1 -1000 -1000 -1000 -10 0.0000 
Car -1 -1 -10 931.01 231.09 998.09 272.25 -1 -1 -1 -1000 -1000 -1000 -10 0.0000 
Car -1 -1 -10 1110.10 20.27 1213.18 62.38 -1 -1 -1 -1000 -1000 -1000 -10 0.0000 
Car -1 -1 -10 993.67 212.72 1068.80 260.85 -1 -1 -1 -1000 -1000 -1000 -10 0.0000 
