Car -1 -1 -10 290.49 188.66 443.32 241.84 -1 -1 -1 -1000 -1000 -1000 -10 0.9998 
Car -1 -1 -10 1087.90 134.89 1243.04 183.69 -1 -1 -1 -1000 -1000 -1000 -10 0.0506 
Car -1 -1 -10 496.79 178.47 547.19 199.44 -1 -1 -1 -1000 -1000 -1000 -10 0.0274 
Car -1 -1 -10 1144.70 40.53 1237.93 78.55 -1 -1 -1 -1000 -1000 -1000 -10 0.0070 
Car -1 -1 -10 936.85 90.32 1037.43 116.83 -1 -1 -1 -1000 -1000 -1000 -10 0.0063 
Car -1 -1 -10 9.71 198.60 89.06 252.19 -1 -1 -1 -1000 -1000 -1000 -10 0.0054 
Car -1 -1 -10 9.35 55.65 50.80 73.02 -1 -1 -1 -1000 -1000 -1000 -10 0.0033 
Car -1 -1 -10 18.32 55.84 68.26 76.04 -1 -1 -1 -1000 -1000 -1000 -10 0.0030 
Car -1 -1 -10 0.00 197.77 152.95 257.02 -1 -1 -1 -1000 -1000 -1000 -10 0.0027 
Car -1 -1 -10 977.64 233.87 1028.03 262.08 -1 -1 -1 -1000 -1000 -1000 -10 0.0026 
Car -1 -1 -10 649.76 228.65 728.61 276.85 -1 -1 -1 -1000 -1000 -1000 -10 0.0024 
Car -1 -1 -10 1027.70 122.09 1108.27 184.64 -1 -1 -1 -1000 -1000 -1000 -10 0.0023 
Car -1 -1 -10 843.08 270.39 903.21 294.20 -1 -1 -1 -1000 -1000 -1000 -10 0.0021 
Car -1 -1 -10 1024.10 154.45 1065.62 189.37 -1 -1 -1 -1000 -1000 -1000 -10 0.0020 
Car -1 -1 -10 1039.30 79.18 1099.49 108.82 -1 -1 -1 -1000 -1000 -1000 -10 0.0019 
Car -1 -1 -10 946.83 269.03 1007.08 296.65 -1 -1 -1 -1000 -1000 -1000 -10 0.0017 
Car -1 -1 -10 6.03 61.37 53.20 78.13 -1 -1 -1 -1000 -1000 -1000 -10 0.0016 
Car -1 -1 -10 1048.90 58.17 1097.59 93.68 -1 -1 -1 -1000 -1000 -1000 -10 0.0014 
Car -1 -1 -10 1033.20 233.78 1093.65 256.54 -1 -1 -1 -1000 -1000 -1000 -10 0.0013 
Car -1 -1 -10 1146.00 135.73 1224.86 176.15 -1 -1 -1 -1000 -1000 -1000 -10 0.0013 
Car -1 -1 -10 1115.70 41.24 1243.02 97.27 -1 -1 -1 -1000 -1000 -1000 -10 0.0011 
Car -1 -1 -10 954.20 246.00 1040.56 288.83 -1 -1 -1 -1000 -1000 -1000 -10 0.0008 
Car -1 -1 -10 860.55 275.69 920.74 299.96 -1 -1 -1 -1000 -1000 -1000 -10 0.0007 
Car -1 -1 -10 1021.20 162.28 1054.60 198.75 -1 -1 -1 -1000 -1000 -1000 -10 0.0007 
Car -1 -1 -10 829.38 261.57 903.09 288.14 -1 -1 -1 -1000 -1000 -1000 -10 0.0006 
Car -1 -1 -10 1082.60 170.65 1154.42 199.02 -1 -1 -1 -1000 -1000 -1000 -10 0.0005 
Car -1 -1 -10 854.11 263.78 931.25 291.72 -1 -1 -1 -1000 -1000 -1000 -10 0.0005 
Car -1 -1 -10 974.83 255.93 1062.74 298.38 -1 -1 -1 -1000 -1000 -1000 -10 0.0005 
Car -1 -1 -10 0.00 207.76 55.68 243.56 -1 -1 -1 -1000 -1000 -1000 -10 0.0004 
Car -1 -1 -10 945.55 263.57 1036.95 300.08 -1 -1 -1 -1000 -1000 -1000 -10 0.0004 
Car -1 -1 -10 957.07 219.67 1039.66 261.50 -1 -1 -1 -1000 -1000 -1000 -10 0.0004 
Car -1 -1 -10 0.00 8.61 100.37 74.26 -1 -1 -1 -1000 -1000 -1000 -10 0.0002 
Car -1 -1 -10 1005.60 249.28 1103.27 281.31 -1 -1 -1 -1000 -1000 -1000 -10 0.0002 
Car -1 -1 -10 316.98 187.94 423.18 222.92 -1 -1 -1 -1000 -1000 -1000 -10 0.0002 
Car -1 -1 -10 1023.70 29.21 1087.09 63.60 -1 -1 -1 -1000 -1000 -1000 -10 0.0002 
Car -1 -1 -10 756.92 160.82 807.33 183.95 -1 -1 -1 -1000 -1000 -1000 -10 0.0002 
Car -1 -1 -10 713.50 289.79 799.54 328.90 -1 -1 -1 -1000 -1000 -1000 -10 0.0001 
Car -1 -1 -10 1181.50 282.18 1231.46 309.82 -1 -1 -1 -1000 -1000 -1000 -10 0.0001 
Car -1 -1 -10 1171.70 295.67 1238.22 318.58 -1 -1 -1 -1000 -1000 -1000 -10 0.0001 
Car -1 -1 -10 1164.50 279.82 1242.99 299.70 -1 -1 -1 -1000 -1000 -1000 -10 0.0000 
Car -1 -1 -10 1083.10 272.75 1162.22 310.57 -1 -1 -1 -1000 -1000 -1000 -10 0.0000 
Car -1 -1 -10 998.51 33.04 1065.24 61.46 -1 -1 -1 -1000 -1000 -1000 -10 0.0000 
Car -1 -1 -10 1173.40 150.67 1243.03 188.16 -1 -1 -1 -1000 -1000 -1000 -10 0.0000 
Car -1 -1 -10 881.48 147.93 935.37 179.05 -1 -1 -1 -1000 -1000 -1000 -10 0.0000 
