Car -1 -1 -10 696.64 178.39 897.10 245.37 -1 -1 -1 -1000 -1000 -1000 -10 1.0000 
Car -1 -1 -10 641.94 176.94 716.51 206.25 -1 -1 -1 -1000 -1000 -1000 -10 0.9709 
Car -1 -1 -10 626.85 174.97 672.42 194.22 -1 -1 -1 -1000 -1000 -1000 -10 0.0207 
Car -1 -1 -10 764.63 181.10 840.49 208.71 -1 -1 -1 -1000 -1000 -1000 -10 0.0110 
Car -1 -1 -10 989.25 300.79 1058.11 341.48 -1 -1 -1 -1000 -1000 -1000 -10 0.0098 
Car -1 -1 -10 889.91 318.29 960.32 346.62 -1 -1 -1 -1000 -1000 -1000 -10 0.0091 
Car -1 -1 -10 1010.30 280.23 1061.87 314.75 -1 -1 -1 -1000 -1000 -1000 -10 0.0067 
Car -1 -1 -10 995.81 315.97 1065.79 345.61 -1 -1 -1 -1000 -1000 -1000 -10 0.0052 
Car -1 -1 -10 888.25 308.93 959.98 334.69 -1 -1 -1 -1000 -1000 -1000 -10 0.0048 
Car -1 -1 -10 837.28 323.33 893.92 353.16 -1 -1 -1 -1000 -1000 -1000 -10 0.0038 
Car -1 -1 -10 1020.90 284.58 1090.79 324.02 -1 -1 -1 -1000 -1000 -1000 -10 0.0021 
Car -1 -1 -10 740.51 175.83 853.51 237.94 -1 -1 -1 -1000 -1000 -1000 -10 0.0018 
Car -1 -1 -10 1074.20 293.81 1161.02 328.58 -1 -1 -1 -1000 -1000 -1000 -10 0.0017 
Car -1 -1 -10 967.81 294.03 1027.77 326.54 -1 -1 -1 -1000 -1000 -1000 -10 0.0017 
Car -1 -1 -10 980.07 277.39 1058.39 323.20 -1 -1 -1 -1000 -1000 -1000 -10 0.0014 
Car -1 -1 -10 533.69 72.24 593.60 109.58 -1 -1 -1 -1000 -1000 -1000 -10 0.0013 
Car -1 -1 -10 938.40 186.30 989.68 211.03 -1 -1 -1 -1000 -1000 -1000 -10 0.0012 
Car -1 -1 -10 817.75 311.98 895.09 349.33 -1 -1 -1 -1000 -1000 -1000 -10 0.0011 
Car -1 -1 -10 227.73 216.14 287.00 249.03 -1 -1 -1 -1000 -1000 -1000 -10 0.0011 
Car -1 -1 -10 983.34 190.10 1035.38 213.69 -1 -1 -1 -1000 -1000 -1000 -10 0.0010 
Car -1 -1 -10 218.32 209.30 275.16 240.17 -1 -1 -1 -1000 -1000 -1000 -10 0.0010 
Car -1 -1 -10 941.99 144.08 1015.30 178.50 -1 -1 -1 -1000 -1000 -1000 -10 0.0008 
Car -1 -1 -10 696.67 182.60 801.35 234.33 -1 -1 -1 -1000 -1000 -1000 -10 0.0008 
Car -1 -1 -10 901.34 46.83 980.41 75.45 -1 -1 -1 -1000 -1000 -1000 -10 0.0005 
Car -1 -1 -10 67.53 212.44 122.93 244.30 -1 -1 -1 -1000 -1000 -1000 -10 0.0003 
Car -1 -1 -10 948.56 178.60 1033.65 210.73 -1 -1 -1 -1000 -1000 -1000 -10 0.0003 
Car -1 -1 -10 964.94 65.76 1020.08 93.58 -1 -1 -1 -1000 -1000 -1000 -10 0.0001 
Car -1 -1 -10 1111.80 43.95 1180.71 74.25 -1 -1 -1 -1000 -1000 -1000 -10 0.0001 
Car -1 -1 -10 874.70 84.17 953.69 119.49 -1 -1 -1 -1000 -1000 -1000 -10 0.0001 
Car -1 -1 -10 715.24 181.41 778.10 212.67 -1 -1 -1 -1000 -1000 -1000 -10 0.0001 
Car -1 -1 -10 932.74 55.13 1018.00 84.69 -1 -1 -1 -1000 -1000 -1000 -10 0.0000 
Car -1 -1 -10 1075.90 39.33 1153.97 70.99 -1 -1 -1 -1000 -1000 -1000 -10 0.0000 
Car -1 -1 -10 700.06 161.43 762.36 229.15 -1 -1 -1 -1000 -1000 -1000 -10 0.0000 
Car -1 -1 -10 1105.50 25.99 1191.63 63.52 -1 -1 -1 -1000 -1000 -1000 -10 0.0000 
Car -1 -1 -10 787.48 194.75 905.58 238.10 -1 -1 -1 -1000 -1000 -1000 -10 0.0000 
Car -1 -1 -10 736.21 142.41 924.64 242.93 -1 -1 -1 -1000 -1000 -1000 -10 0.0000 
Car -1 -1 -10 933.56 77.71 1022.58 114.93 -1 -1 -1 -1000 -1000 -1000 -10 0.0000 
Car -1 -1 -10 899.23 55.32 982.06 93.68 -1 -1 -1 -1000 -1000 -1000 -10 0.0000 
Car -1 -1 -10 695.93 191.66 752.24 235.73 -1 -1 -1 -1000 -1000 -1000 -10 0.0000 
Car -1 -1 -10 870.23 67.03 957.68 106.91 -1 -1 -1 -1000 -1000 -1000 -10 0.0000 
Car -1 -1 -10 741.83 178.44 810.64 205.20 -1 -1 -1 -1000 -1000 -1000 -10 0.0000 
Car -1 -1 -10 33.67 27.22 146.56 62.60 -1 -1 -1 -1000 -1000 -1000 -10 0.0000 
Car -1 -1 -10 687.45 179.66 723.43 220.86 -1 -1 -1 -1000 -1000 -1000 -10 0.0000 
Car -1 -1 -10 636.28 178.73 671.75 205.25 -1 -1 -1 -1000 -1000 -1000 -10 0.0000 
