Car -1 -1 -10 583.24 170.14 641.28 226.19 -1 -1 -1 -1000 -1000 -1000 -10 1.0000 
Car -1 -1 -10 246.86 172.32 301.98 198.77 -1 -1 -1 -1000 -1000 -1000 -10 0.9957 
Car -1 -1 -10 293.94 170.28 339.80 195.14 -1 -1 -1 -1000 -1000 -1000 -10 0.9922 
Car -1 -1 -10 329.79 171.06 364.81 192.63 -1 -1 -1 -1000 -1000 -1000 -10 0.1351 
Car -1 -1 -10 904.79 290.56 960.28 320.44 -1 -1 -1 -1000 -1000 -1000 -10 0.0267 
Car -1 -1 -10 885.02 279.99 959.02 323.37 -1 -1 -1 -1000 -1000 -1000 -10 0.0129 
Car -1 -1 -10 887.32 274.19 937.23 302.07 -1 -1 -1 -1000 -1000 -1000 -10 0.0121 
Car -1 -1 -10 783.55 255.23 841.02 290.73 -1 -1 -1 -1000 -1000 -1000 -10 0.0120 
Car -1 -1 -10 911.04 280.71 962.94 310.41 -1 -1 -1 -1000 -1000 -1000 -10 0.0092 
Car -1 -1 -10 1022.50 330.09 1075.18 354.74 -1 -1 -1 -1000 -1000 -1000 -10 0.0087 
Car -1 -1 -10 901.64 270.58 955.30 298.33 -1 -1 -1 -1000 -1000 -1000 -10 0.0079 
Car -1 -1 -10 870.21 272.30 923.36 294.13 -1 -1 -1 -1000 -1000 -1000 -10 0.0076 
Car -1 -1 -10 790.84 254.47 870.90 297.75 -1 -1 -1 -1000 -1000 -1000 -10 0.0067 
Car -1 -1 -10 794.26 273.46 858.76 302.75 -1 -1 -1 -1000 -1000 -1000 -10 0.0064 
Car -1 -1 -10 917.42 298.80 973.00 330.48 -1 -1 -1 -1000 -1000 -1000 -10 0.0060 
Car -1 -1 -10 765.47 262.63 827.53 292.16 -1 -1 -1 -1000 -1000 -1000 -10 0.0055 
Car -1 -1 -10 878.15 297.68 954.38 325.75 -1 -1 -1 -1000 -1000 -1000 -10 0.0045 
Car -1 -1 -10 776.15 269.62 838.43 298.54 -1 -1 -1 -1000 -1000 -1000 -10 0.0041 
Car -1 -1 -10 927.95 308.21 981.49 339.46 -1 -1 -1 -1000 -1000 -1000 -10 0.0041 
Car -1 -1 -10 864.38 276.25 913.94 301.35 -1 -1 -1 -1000 -1000 -1000 -10 0.0039 
Car -1 -1 -10 744.66 249.28 824.41 287.07 -1 -1 -1 -1000 -1000 -1000 -10 0.0036 
Car -1 -1 -10 836.11 279.78 898.44 312.93 -1 -1 -1 -1000 -1000 -1000 -10 0.0035 
Car -1 -1 -10 812.84 278.15 877.03 309.27 -1 -1 -1 -1000 -1000 -1000 -10 0.0035 
Car -1 -1 -10 1030.80 334.08 1100.92 357.50 -1 -1 -1 -1000 -1000 -1000 -10 0.0034 
Car -1 -1 -10 808.72 296.86 888.34 322.92 -1 -1 -1 -1000 -1000 -1000 -10 0.0032 
Car -1 -1 -10 927.60 321.06 982.89 352.06 -1 -1 -1 -1000 -1000 -1000 -10 0.0030 
Car -1 -1 -10 827.17 307.37 893.18 332.96 -1 -1 -1 -1000 -1000 -1000 -10 0.0024 
Car -1 -1 -10 946.72 321.68 1003.36 349.23 -1 -1 -1 -1000 -1000 -1000 -10 0.0020 
Car -1 -1 -10 753.02 241.29 802.60 273.97 -1 -1 -1 -1000 -1000 -1000 -10 0.0019 
Car -1 -1 -10 168.66 148.72 226.49 183.66 -1 -1 -1 -1000 -1000 -1000 -10 0.0019 
Car -1 -1 -10 863.22 272.03 933.93 309.34 -1 -1 -1 -1000 -1000 -1000 -10 0.0018 
Car -1 -1 -10 908.74 329.26 954.87 353.94 -1 -1 -1 -1000 -1000 -1000 -10 0.0018 
Car -1 -1 -10 970.60 305.44 1032.01 329.88 -1 -1 -1 -1000 -1000 -1000 -10 0.0016 
Car -1 -1 -10 734.35 247.04 793.08 279.63 -1 -1 -1 -1000 -1000 -1000 -10 0.0014 
Car -1 -1 -10 28.11 155.43 110.59 189.61 -1 -1 -1 -1000 -1000 -1000 -10 0.0013 
Car -1 -1 -10 185.18 73.11 236.82 100.46 -1 -1 -1 -1000 -1000 -1000 -10 0.0013 
Car -1 -1 -10 841.49 271.60 905.11 296.56 -1 -1 -1 -1000 -1000 -1000 -10 0.0011 
Car -1 -1 -10 149.29 158.28 215.65 188.39 -1 -1 -1 -1000 -1000 -1000 -10 0.0009 
Car -1 -1 -10 876.35 302.61 923.90 330.11 -1 -1 -1 -1000 -1000 -1000 -10 0.0008 
Car -1 -1 -10 993.20 317.73 1057.53 353.75 -1 -1 -1 -1000 -1000 -1000 -10 0.0007 
Car -1 -1 -10 154.76 53.13 213.45 97.71 -1 -1 -1 -1000 -1000 -1000 -10 0.0006 
Car -1 -1 -10 922.40 259.24 974.86 285.63 -1 -1 -1 -1000 -1000 -1000 -10 0.0006 
Car -1 -1 -10 1004.50 323.15 1089.69 356.20 -1 -1 -1 -1000 -1000 -1000 -10 0.0006 
Car -1 -1 -10 894.91 253.75 976.47 291.42 -1 -1 -1 -1000 -1000 -1000 -10 0.0004 
Car -1 -1 -10 768.07 288.53 853.29 325.45 -1 -1 -1 -1000 -1000 -1000 -10 0.0004 
Car -1 -1 -10 186.16 152.29 276.74 179.98 -1 -1 -1 -1000 -1000 -1000 -10 0.0003 
Car -1 -1 -10 913.98 317.09 1010.19 362.20 -1 -1 -1 -1000 -1000 -1000 -10 0.0003 
Car -1 -1 -10 304.68 172.00 355.90 192.57 -1 -1 -1 -1000 -1000 -1000 -10 0.0003 
Car -1 -1 -10 1205.40 78.20 1242.99 108.07 -1 -1 -1 -1000 -1000 -1000 -10 0.0001 
Car -1 -1 -10 860.50 139.20 913.36 161.84 -1 -1 -1 -1000 -1000 -1000 -10 0.0001 
Car -1 -1 -10 880.05 115.74 976.42 145.52 -1 -1 -1 -1000 -1000 -1000 -10 0.0001 
Car -1 -1 -10 508.81 166.24 541.14 188.15 -1 -1 -1 -1000 -1000 -1000 -10 0.0000 
Car -1 -1 -10 484.93 165.58 539.18 181.56 -1 -1 -1 -1000 -1000 -1000 -10 0.0000 
