Car -1 -1 -10 917.40 178.09 976.34 207.80 -1 -1 -1 -1000 -1000 -1000 -10 0.8865 
Car -1 -1 -10 337.54 188.76 379.72 207.87 -1 -1 -1 -1000 -1000 -1000 -10 0.1361 
Car -1 -1 -10 1101.80 153.97 1152.94 192.62 -1 -1 -1 -1000 -1000 -1000 -10 0.0507 
Car -1 -1 -10 1157.50 144.63 1242.98 184.12 -1 -1 -1 -1000 -1000 -1000 -10 0.0443 
Car -1 -1 -10 296.14 183.64 346.70 209.51 -1 -1 -1 -1000 -1000 -1000 -10 0.0140 
Car -1 -1 -10 234.24 179.55 304.01 210.16 -1 -1 -1 -1000 -1000 -1000 -10 0.0083 
Car -1 -1 -10 1130.10 149.58 1184.86 188.98 -1 -1 -1 -1000 -1000 -1000 -10 0.0030 
Car -1 -1 -10 62.31 219.70 137.46 238.12 -1 -1 -1 -1000 -1000 -1000 -10 0.0027 
Car -1 -1 -10 1055.50 162.54 1117.94 184.44 -1 -1 -1 -1000 -1000 -1000 -10 0.0016 
Car -1 -1 -10 727.18 144.26 784.30 182.33 -1 -1 -1 -1000 -1000 -1000 -10 0.0016 
Car -1 -1 -10 82.65 213.36 160.50 231.95 -1 -1 -1 -1000 -1000 -1000 -10 0.0013 
Car -1 -1 -10 757.66 192.11 814.86 216.50 -1 -1 -1 -1000 -1000 -1000 -10 0.0009 
Car -1 -1 -10 211.88 192.47 300.21 212.27 -1 -1 -1 -1000 -1000 -1000 -10 0.0006 
Car -1 -1 -10 111.34 209.27 173.28 228.05 -1 -1 -1 -1000 -1000 -1000 -10 0.0005 
Car -1 -1 -10 590.26 166.13 617.65 193.28 -1 -1 -1 -1000 -1000 -1000 -10 0.0004 
Car -1 -1 -10 1044.10 165.97 1093.45 206.44 -1 -1 -1 -1000 -1000 -1000 -10 0.0003 
Car -1 -1 -10 1050.60 164.95 1099.66 191.20 -1 -1 -1 -1000 -1000 -1000 -10 0.0002 
Car -1 -1 -10 724.27 130.95 788.38 171.26 -1 -1 -1 -1000 -1000 -1000 -10 0.0001 
Car -1 -1 -10 1048.20 226.50 1120.48 263.64 -1 -1 -1 -1000 -1000 -1000 -10 0.0001 
Car -1 -1 -10 192.69 196.79 267.94 218.83 -1 -1 -1 -1000 -1000 -1000 -10 0.0001 
Car -1 -1 -10 1004.00 166.59 1053.18 188.32 -1 -1 -1 -1000 -1000 -1000 -10 0.0000 
Car -1 -1 -10 737.05 63.71 790.43 96.13 -1 -1 -1 -1000 -1000 -1000 -10 0.0000 
Car -1 -1 -10 1069.80 170.79 1149.61 190.33 -1 -1 -1 -1000 -1000 -1000 -10 0.0000 
Car -1 -1 -10 1000.40 175.88 1060.60 191.20 -1 -1 -1 -1000 -1000 -1000 -10 0.0000 
Car -1 -1 -10 106.58 177.58 176.22 220.91 -1 -1 -1 -1000 -1000 -1000 -10 0.0000 
Car -1 -1 -10 868.28 40.86 968.03 109.45 -1 -1 -1 -1000 -1000 -1000 -10 0.0000 
Car -1 -1 -10 914.02 194.16 984.26 230.63 -1 -1 -1 -1000 -1000 -1000 -10 0.0000 
Car -1 -1 -10 1159.50 175.97 1242.97 206.32 -1 -1 -1 -1000 -1000 -1000 -10 0.0000 
Car -1 -1 -10 1147.90 168.97 1231.12 190.88 -1 -1 -1 -1000 -1000 -1000 -10 0.0000 
Car -1 -1 -10 1191.30 174.72 1243.02 190.46 -1 -1 -1 -1000 -1000 -1000 -10 0.0000 
Car -1 -1 -10 444.73 183.69 487.50 198.59 -1 -1 -1 -1000 -1000 -1000 -10 0.0000 
