Car -1 -1 -10 172.49 178.09 335.56 247.06 -1 -1 -1 -1000 -1000 -1000 -10 1.0000 
Car -1 -1 -10 513.52 173.93 557.97 209.82 -1 -1 -1 -1000 -1000 -1000 -10 0.9999 
Car -1 -1 -10 677.66 165.65 738.06 207.37 -1 -1 -1 -1000 -1000 -1000 -10 0.9995 
Car -1 -1 -10 595.79 167.63 622.10 189.21 -1 -1 -1 -1000 -1000 -1000 -10 0.3472 
Car -1 -1 -10 447.95 180.10 495.20 204.64 -1 -1 -1 -1000 -1000 -1000 -10 0.0924 
Car -1 -1 -10 0.00 167.02 56.24 200.18 -1 -1 -1 -1000 -1000 -1000 -10 0.0363 
Car -1 -1 -10 1084.40 131.48 1135.05 172.83 -1 -1 -1 -1000 -1000 -1000 -10 0.0229 
Car -1 -1 -10 878.14 162.83 955.43 210.49 -1 -1 -1 -1000 -1000 -1000 -10 0.0193 
Car -1 -1 -10 0.00 161.31 99.20 204.78 -1 -1 -1 -1000 -1000 -1000 -10 0.0175 
Car -1 -1 -10 872.15 158.56 930.04 201.99 -1 -1 -1 -1000 -1000 -1000 -10 0.0125 
Car -1 -1 -10 431.56 156.70 464.59 171.71 -1 -1 -1 -1000 -1000 -1000 -10 0.0114 
Car -1 -1 -10 569.87 159.38 589.48 183.96 -1 -1 -1 -1000 -1000 -1000 -10 0.0065 
Car -1 -1 -10 525.91 171.65 564.54 202.69 -1 -1 -1 -1000 -1000 -1000 -10 0.0061 
Car -1 -1 -10 1081.20 138.12 1141.78 202.67 -1 -1 -1 -1000 -1000 -1000 -10 0.0045 
Car -1 -1 -10 381.90 201.17 436.42 226.35 -1 -1 -1 -1000 -1000 -1000 -10 0.0024 
Car -1 -1 -10 349.36 195.77 398.78 219.14 -1 -1 -1 -1000 -1000 -1000 -10 0.0010 
Car -1 -1 -10 1089.90 302.69 1154.84 338.66 -1 -1 -1 -1000 -1000 -1000 -10 0.0005 
Car -1 -1 -10 924.28 286.89 1028.89 316.72 -1 -1 -1 -1000 -1000 -1000 -10 0.0004 
Car -1 -1 -10 350.90 193.51 441.44 223.25 -1 -1 -1 -1000 -1000 -1000 -10 0.0002 
Car -1 -1 -10 199.56 183.60 263.03 221.20 -1 -1 -1 -1000 -1000 -1000 -10 0.0002 
Car -1 -1 -10 968.10 157.51 1020.61 194.65 -1 -1 -1 -1000 -1000 -1000 -10 0.0002 
Car -1 -1 -10 419.67 202.54 453.35 226.02 -1 -1 -1 -1000 -1000 -1000 -10 0.0001 
Car -1 -1 -10 245.06 178.28 331.69 229.16 -1 -1 -1 -1000 -1000 -1000 -10 0.0001 
Car -1 -1 -10 353.54 82.39 448.76 134.10 -1 -1 -1 -1000 -1000 -1000 -10 0.0001 
Car -1 -1 -10 347.95 179.08 391.02 207.82 -1 -1 -1 -1000 -1000 -1000 -10 0.0001 
Car -1 -1 -10 1.41 157.44 54.47 183.70 -1 -1 -1 -1000 -1000 -1000 -10 0.0001 
Car -1 -1 -10 910.62 0.00 1003.09 20.27 -1 -1 -1 -1000 -1000 -1000 -10 0.0000 
Car -1 -1 -10 712.00 166.29 737.51 203.79 -1 -1 -1 -1000 -1000 -1000 -10 0.0000 
Car -1 -1 -10 725.93 169.08 774.84 205.24 -1 -1 -1 -1000 -1000 -1000 -10 0.0000 
Car -1 -1 -10 10.86 31.42 112.11 86.55 -1 -1 -1 -1000 -1000 -1000 -10 0.0000 
Car -1 -1 -10 740.48 170.94 792.95 205.66 -1 -1 -1 -1000 -1000 -1000 -10 0.0000 
Car -1 -1 -10 741.96 151.83 814.78 208.66 -1 -1 -1 -1000 -1000 -1000 -10 0.0000 
Car -1 -1 -10 124.42 207.20 174.14 233.87 -1 -1 -1 -1000 -1000 -1000 -10 0.0000 
Car -1 -1 -10 741.67 18.28 1008.74 125.89 -1 -1 -1 -1000 -1000 -1000 -10 0.0000 
