Car -1 -1 -10 582.44 177.39 645.02 237.96 -1 -1 -1 -1000 -1000 -1000 -10 0.9999 
Car -1 -1 -10 156.19 176.96 213.25 216.96 -1 -1 -1 -1000 -1000 -1000 -10 0.0044 
Car -1 -1 -10 132.33 189.24 188.49 214.93 -1 -1 -1 -1000 -1000 -1000 -10 0.0031 
Car -1 -1 -10 0.00 184.54 69.04 230.06 -1 -1 -1 -1000 -1000 -1000 -10 0.0015 
Car -1 -1 -10 153.29 160.45 224.07 206.49 -1 -1 -1 -1000 -1000 -1000 -10 0.0014 
Car -1 -1 -10 177.85 180.65 235.38 217.49 -1 -1 -1 -1000 -1000 -1000 -10 0.0014 
Car -1 -1 -10 112.99 193.18 183.25 222.60 -1 -1 -1 -1000 -1000 -1000 -10 0.0004 
Car -1 -1 -10 19.08 165.17 67.47 203.28 -1 -1 -1 -1000 -1000 -1000 -10 0.0004 
Car -1 -1 -10 64.50 145.46 124.42 181.52 -1 -1 -1 -1000 -1000 -1000 -10 0.0003 
Car -1 -1 -10 19.93 157.37 104.68 205.86 -1 -1 -1 -1000 -1000 -1000 -10 0.0003 
Car -1 -1 -10 727.24 102.36 880.98 220.55 -1 -1 -1 -1000 -1000 -1000 -10 0.0003 
Car -1 -1 -10 197.53 189.89 259.24 215.94 -1 -1 -1 -1000 -1000 -1000 -10 0.0002 
Car -1 -1 -10 780.51 11.95 1225.02 282.13 -1 -1 -1 -1000 -1000 -1000 -10 0.0002 
Car -1 -1 -10 709.85 133.94 786.87 204.33 -1 -1 -1 -1000 -1000 -1000 -10 0.0001 
Car -1 -1 -10 704.13 145.26 743.34 198.47 -1 -1 -1 -1000 -1000 -1000 -10 0.0001 
Car -1 -1 -10 211.46 128.95 302.61 161.81 -1 -1 -1 -1000 -1000 -1000 -10 0.0001 
Car -1 -1 -10 640.19 100.46 701.79 144.49 -1 -1 -1 -1000 -1000 -1000 -10 0.0001 
Car -1 -1 -10 601.83 177.44 641.41 207.28 -1 -1 -1 -1000 -1000 -1000 -10 0.0000 
Car -1 -1 -10 701.25 142.53 757.73 181.39 -1 -1 -1 -1000 -1000 -1000 -10 0.0000 
Car -1 -1 -10 10.77 154.02 63.05 189.81 -1 -1 -1 -1000 -1000 -1000 -10 0.0000 
Car -1 -1 -10 744.16 135.70 801.73 209.63 -1 -1 -1 -1000 -1000 -1000 -10 0.0000 
Car -1 -1 -10 691.90 169.74 732.56 198.58 -1 -1 -1 -1000 -1000 -1000 -10 0.0000 
Car -1 -1 -10 716.11 120.24 823.22 212.77 -1 -1 -1 -1000 -1000 -1000 -10 0.0000 
Car -1 -1 -10 617.53 178.35 663.36 219.79 -1 -1 -1 -1000 -1000 -1000 -10 0.0000 
Car -1 -1 -10 786.61 60.59 1087.52 254.27 -1 -1 -1 -1000 -1000 -1000 -10 0.0000 
Car -1 -1 -10 739.66 84.41 970.91 236.62 -1 -1 -1 -1000 -1000 -1000 -10 0.0000 
Car -1 -1 -10 913.89 154.90 1105.51 233.18 -1 -1 -1 -1000 -1000 -1000 -10 0.0000 
