Car -1 -1 -10 585.44 172.07 613.50 198.81 -1 -1 -1 -1000 -1000 -1000 -10 0.9992 
Car -1 -1 -10 539.28 171.85 569.51 200.20 -1 -1 -1 -1000 -1000 -1000 -10 0.9990 
Car -1 -1 -10 372.20 169.24 439.20 210.99 -1 -1 -1 -1000 -1000 -1000 -10 0.9937 
Car -1 -1 -10 0.00 189.94 95.04 313.32 -1 -1 -1 -1000 -1000 -1000 -10 0.1375 
Car -1 -1 -10 164.69 147.99 259.73 182.39 -1 -1 -1 -1000 -1000 -1000 -10 0.0940 
Car -1 -1 -10 141.55 98.78 186.90 123.23 -1 -1 -1 -1000 -1000 -1000 -10 0.0081 
Car -1 -1 -10 424.57 162.71 463.16 190.23 -1 -1 -1 -1000 -1000 -1000 -10 0.0053 
Car -1 -1 -10 165.04 95.21 233.20 122.45 -1 -1 -1 -1000 -1000 -1000 -10 0.0045 
Car -1 -1 -10 135.85 108.58 197.55 144.45 -1 -1 -1 -1000 -1000 -1000 -10 0.0039 
Car -1 -1 -10 105.56 115.82 174.53 141.42 -1 -1 -1 -1000 -1000 -1000 -10 0.0036 
Car -1 -1 -10 25.96 63.17 92.33 100.39 -1 -1 -1 -1000 -1000 -1000 -10 0.0018 
Car -1 -1 -10 57.38 92.12 126.00 130.21 -1 -1 -1 -1000 -1000 -1000 -10 0.0011 
Car -1 -1 -10 177.51 100.86 242.08 132.77 -1 -1 -1 -1000 -1000 -1000 -10 0.0010 
Car -1 -1 -10 122.88 120.02 181.42 149.29 -1 -1 -1 -1000 -1000 -1000 -10 0.0009 
Car -1 -1 -10 156.33 105.67 206.07 135.06 -1 -1 -1 -1000 -1000 -1000 -10 0.0007 
Car -1 -1 -10 5.41 191.13 195.73 296.89 -1 -1 -1 -1000 -1000 -1000 -10 0.0006 
Car -1 -1 -10 61.64 84.20 114.60 117.79 -1 -1 -1 -1000 -1000 -1000 -10 0.0005 
Car -1 -1 -10 238.13 88.21 271.98 109.63 -1 -1 -1 -1000 -1000 -1000 -10 0.0005 
Car -1 -1 -10 0.09 36.47 52.64 60.79 -1 -1 -1 -1000 -1000 -1000 -10 0.0005 
Car -1 -1 -10 223.11 90.39 267.35 123.55 -1 -1 -1 -1000 -1000 -1000 -10 0.0005 
Car -1 -1 -10 0.00 191.05 82.00 221.95 -1 -1 -1 -1000 -1000 -1000 -10 0.0004 
Car -1 -1 -10 39.41 78.55 105.83 106.47 -1 -1 -1 -1000 -1000 -1000 -10 0.0004 
Car -1 -1 -10 468.92 175.33 498.73 195.52 -1 -1 -1 -1000 -1000 -1000 -10 0.0004 
Car -1 -1 -10 7.74 46.69 66.40 81.06 -1 -1 -1 -1000 -1000 -1000 -10 0.0003 
Car -1 -1 -10 412.03 167.39 441.41 203.98 -1 -1 -1 -1000 -1000 -1000 -10 0.0003 
Car -1 -1 -10 208.17 106.09 273.88 132.96 -1 -1 -1 -1000 -1000 -1000 -10 0.0003 
Car -1 -1 -10 856.27 96.93 932.56 127.50 -1 -1 -1 -1000 -1000 -1000 -10 0.0001 
Car -1 -1 -10 27.62 112.97 100.31 148.11 -1 -1 -1 -1000 -1000 -1000 -10 0.0001 
Car -1 -1 -10 19.54 194.49 129.89 248.84 -1 -1 -1 -1000 -1000 -1000 -10 0.0000 
