Car -1 -1 -10 746.99 184.28 1000.33 338.60 -1 -1 -1 -1000 -1000 -1000 -10 0.9997 
Car -1 -1 -10 1048.20 206.98 1126.14 269.99 -1 -1 -1 -1000 -1000 -1000 -10 0.0264 
Car -1 -1 -10 772.32 192.63 977.55 253.61 -1 -1 -1 -1000 -1000 -1000 -10 0.0167 
Car -1 -1 -10 1055.50 209.81 1122.19 239.34 -1 -1 -1 -1000 -1000 -1000 -10 0.0106 
Car -1 -1 -10 727.91 119.30 815.16 164.28 -1 -1 -1 -1000 -1000 -1000 -10 0.0049 
Car -1 -1 -10 846.39 112.98 915.89 152.88 -1 -1 -1 -1000 -1000 -1000 -10 0.0006 
Car -1 -1 -10 1014.50 75.84 1061.25 116.82 -1 -1 -1 -1000 -1000 -1000 -10 0.0005 
Car -1 -1 -10 768.81 188.95 887.58 245.16 -1 -1 -1 -1000 -1000 -1000 -10 0.0003 
Car -1 -1 -10 822.84 136.78 862.40 156.02 -1 -1 -1 -1000 -1000 -1000 -10 0.0003 
Car -1 -1 -10 1090.20 234.00 1183.13 326.14 -1 -1 -1 -1000 -1000 -1000 -10 0.0002 
Car -1 -1 -10 1152.20 235.79 1243.01 286.63 -1 -1 -1 -1000 -1000 -1000 -10 0.0002 
Car -1 -1 -10 746.27 225.12 805.57 252.28 -1 -1 -1 -1000 -1000 -1000 -10 0.0002 
Car -1 -1 -10 594.65 133.39 728.76 188.72 -1 -1 -1 -1000 -1000 -1000 -10 0.0002 
Car -1 -1 -10 632.71 187.38 683.95 204.98 -1 -1 -1 -1000 -1000 -1000 -10 0.0001 
Car -1 -1 -10 809.79 140.81 865.99 159.64 -1 -1 -1 -1000 -1000 -1000 -10 0.0001 
Car -1 -1 -10 799.33 142.05 879.76 167.26 -1 -1 -1 -1000 -1000 -1000 -10 0.0000 
Car -1 -1 -10 756.20 180.00 868.76 314.19 -1 -1 -1 -1000 -1000 -1000 -10 0.0000 
Car -1 -1 -10 779.13 141.38 897.75 264.46 -1 -1 -1 -1000 -1000 -1000 -10 0.0000 
Car -1 -1 -10 1128.20 142.15 1238.09 198.77 -1 -1 -1 -1000 -1000 -1000 -10 0.0000 
Car -1 -1 -10 912.48 158.91 986.01 234.79 -1 -1 -1 -1000 -1000 -1000 -10 0.0000 
Car -1 -1 -10 1092.20 289.02 1229.80 360.46 -1 -1 -1 -1000 -1000 -1000 -10 0.0000 
Car -1 -1 -10 747.68 213.28 833.09 294.80 -1 -1 -1 -1000 -1000 -1000 -10 0.0000 
Car -1 -1 -10 877.81 134.11 974.04 233.15 -1 -1 -1 -1000 -1000 -1000 -10 0.0000 
