Car -1 -1 -10 694.68 176.22 802.41 227.92 -1 -1 -1 -1000 -1000 -1000 -10 0.9999 
Car -1 -1 -10 594.71 180.12 638.40 221.20 -1 -1 -1 -1000 -1000 -1000 -10 0.9998 
Car -1 -1 -10 205.44 188.78 313.63 243.70 -1 -1 -1 -1000 -1000 -1000 -10 0.9998 
Car -1 -1 -10 283.97 182.75 375.63 228.73 -1 -1 -1 -1000 -1000 -1000 -10 0.9997 
Car -1 -1 -10 658.41 178.22 741.63 215.54 -1 -1 -1 -1000 -1000 -1000 -10 0.4804 
Car -1 -1 -10 4.14 178.69 64.55 202.69 -1 -1 -1 -1000 -1000 -1000 -10 0.0975 
Car -1 -1 -10 1155.90 242.09 1242.99 295.19 -1 -1 -1 -1000 -1000 -1000 -10 0.0064 
Car -1 -1 -10 471.97 165.16 505.06 190.47 -1 -1 -1 -1000 -1000 -1000 -10 0.0058 
Car -1 -1 -10 652.95 176.57 704.62 208.40 -1 -1 -1 -1000 -1000 -1000 -10 0.0022 
Car -1 -1 -10 1159.90 206.28 1224.37 248.31 -1 -1 -1 -1000 -1000 -1000 -10 0.0021 
Car -1 -1 -10 794.88 35.33 844.50 69.23 -1 -1 -1 -1000 -1000 -1000 -10 0.0020 
Car -1 -1 -10 364.84 180.30 398.33 202.78 -1 -1 -1 -1000 -1000 -1000 -10 0.0020 
Car -1 -1 -10 192.53 179.03 249.06 218.65 -1 -1 -1 -1000 -1000 -1000 -10 0.0019 
Car -1 -1 -10 506.94 176.86 530.75 194.64 -1 -1 -1 -1000 -1000 -1000 -10 0.0015 
Car -1 -1 -10 1142.40 185.42 1240.85 241.74 -1 -1 -1 -1000 -1000 -1000 -10 0.0011 
Car -1 -1 -10 87.28 169.20 127.90 196.11 -1 -1 -1 -1000 -1000 -1000 -10 0.0010 
Car -1 -1 -10 773.08 46.13 828.50 75.41 -1 -1 -1 -1000 -1000 -1000 -10 0.0009 
Car -1 -1 -10 0.00 88.40 144.86 122.40 -1 -1 -1 -1000 -1000 -1000 -10 0.0006 
Car -1 -1 -10 781.26 33.62 828.08 59.81 -1 -1 -1 -1000 -1000 -1000 -10 0.0004 
Car -1 -1 -10 700.32 175.76 787.73 207.56 -1 -1 -1 -1000 -1000 -1000 -10 0.0004 
Car -1 -1 -10 198.70 175.98 248.40 192.48 -1 -1 -1 -1000 -1000 -1000 -10 0.0003 
Car -1 -1 -10 1150.00 141.64 1216.84 181.77 -1 -1 -1 -1000 -1000 -1000 -10 0.0003 
Car -1 -1 -10 207.58 183.38 257.84 232.18 -1 -1 -1 -1000 -1000 -1000 -10 0.0003 
Car -1 -1 -10 692.46 175.40 764.71 196.66 -1 -1 -1 -1000 -1000 -1000 -10 0.0002 
Car -1 -1 -10 506.88 113.69 574.94 146.65 -1 -1 -1 -1000 -1000 -1000 -10 0.0002 
Car -1 -1 -10 824.46 198.08 884.12 219.95 -1 -1 -1 -1000 -1000 -1000 -10 0.0002 
Car -1 -1 -10 1145.60 160.43 1223.54 197.42 -1 -1 -1 -1000 -1000 -1000 -10 0.0001 
Car -1 -1 -10 1154.30 176.91 1226.46 219.59 -1 -1 -1 -1000 -1000 -1000 -10 0.0001 
Car -1 -1 -10 267.05 190.74 323.63 234.78 -1 -1 -1 -1000 -1000 -1000 -10 0.0001 
Car -1 -1 -10 81.99 182.26 130.45 202.67 -1 -1 -1 -1000 -1000 -1000 -10 0.0001 
Car -1 -1 -10 293.54 55.72 369.05 96.40 -1 -1 -1 -1000 -1000 -1000 -10 0.0001 
Car -1 -1 -10 332.93 181.79 376.34 218.60 -1 -1 -1 -1000 -1000 -1000 -10 0.0001 
Car -1 -1 -10 221.75 187.53 293.22 218.27 -1 -1 -1 -1000 -1000 -1000 -10 0.0000 
Car -1 -1 -10 409.20 177.17 443.45 192.28 -1 -1 -1 -1000 -1000 -1000 -10 0.0000 
Car -1 -1 -10 213.19 177.22 257.09 205.31 -1 -1 -1 -1000 -1000 -1000 -10 0.0000 
Car -1 -1 -10 349.85 189.91 396.36 218.36 -1 -1 -1 -1000 -1000 -1000 -10 0.0000 
Car -1 -1 -10 183.02 211.28 241.18 244.73 -1 -1 -1 -1000 -1000 -1000 -10 0.0000 
Car -1 -1 -10 407.64 184.49 454.68 202.78 -1 -1 -1 -1000 -1000 -1000 -10 0.0000 
