Car -1 -1 -10 687.93 173.42 734.28 202.33 -1 -1 -1 -1000 -1000 -1000 -10 0.9994 
Car -1 -1 -10 250.36 184.94 369.04 239.18 -1 -1 -1 -1000 -1000 -1000 -10 0.9992 
Car -1 -1 -10 472.65 185.06 514.83 212.60 -1 -1 -1 -1000 -1000 -1000 -10 0.9939 
Car -1 -1 -10 662.32 174.48 698.19 201.05 -1 -1 -1 -1000 -1000 -1000 -10 0.9601 
Car -1 -1 -10 1039.30 160.64 1077.73 182.81 -1 -1 -1 -1000 -1000 -1000 -10 0.3609 
Car -1 -1 -10 509.72 176.21 613.27 230.72 -1 -1 -1 -1000 -1000 -1000 -10 0.2133 
Car -1 -1 -10 83.14 202.15 179.33 227.95 -1 -1 -1 -1000 -1000 -1000 -10 0.1656 
Car -1 -1 -10 1184.90 153.85 1243.02 181.19 -1 -1 -1 -1000 -1000 -1000 -10 0.1229 
Car -1 -1 -10 1119.50 153.10 1198.82 181.58 -1 -1 -1 -1000 -1000 -1000 -10 0.0353 
Car -1 -1 -10 508.80 160.06 664.46 243.85 -1 -1 -1 -1000 -1000 -1000 -10 0.0335 
Car -1 -1 -10 1160.90 154.68 1199.26 181.63 -1 -1 -1 -1000 -1000 -1000 -10 0.0260 
Car -1 -1 -10 820.88 160.88 894.72 178.28 -1 -1 -1 -1000 -1000 -1000 -10 0.0213 
Car -1 -1 -10 1195.80 24.47 1243.04 51.20 -1 -1 -1 -1000 -1000 -1000 -10 0.0159 
Car -1 -1 -10 567.17 140.13 625.69 179.90 -1 -1 -1 -1000 -1000 -1000 -10 0.0156 
Car -1 -1 -10 938.85 158.70 988.94 178.94 -1 -1 -1 -1000 -1000 -1000 -10 0.0140 
Car -1 -1 -10 331.52 181.02 396.08 209.77 -1 -1 -1 -1000 -1000 -1000 -10 0.0035 
Car -1 -1 -10 943.62 145.78 1003.08 185.92 -1 -1 -1 -1000 -1000 -1000 -10 0.0019 
Car -1 -1 -10 1099.30 151.83 1169.66 178.43 -1 -1 -1 -1000 -1000 -1000 -10 0.0018 
Car -1 -1 -10 1015.30 159.68 1045.12 181.33 -1 -1 -1 -1000 -1000 -1000 -10 0.0013 
Car -1 -1 -10 889.72 159.93 931.97 178.00 -1 -1 -1 -1000 -1000 -1000 -10 0.0013 
Car -1 -1 -10 553.74 152.55 592.87 182.43 -1 -1 -1 -1000 -1000 -1000 -10 0.0010 
Car -1 -1 -10 793.34 245.99 854.82 286.95 -1 -1 -1 -1000 -1000 -1000 -10 0.0009 
Car -1 -1 -10 1098.70 158.67 1133.32 181.24 -1 -1 -1 -1000 -1000 -1000 -10 0.0006 
Car -1 -1 -10 500.07 169.30 553.94 209.72 -1 -1 -1 -1000 -1000 -1000 -10 0.0005 
Car -1 -1 -10 950.57 231.06 1033.53 259.11 -1 -1 -1 -1000 -1000 -1000 -10 0.0005 
Car -1 -1 -10 689.37 173.43 715.11 197.98 -1 -1 -1 -1000 -1000 -1000 -10 0.0005 
Car -1 -1 -10 564.53 155.75 644.97 208.44 -1 -1 -1 -1000 -1000 -1000 -10 0.0003 
Car -1 -1 -10 362.68 173.98 403.78 207.48 -1 -1 -1 -1000 -1000 -1000 -10 0.0003 
Car -1 -1 -10 515.29 168.33 570.48 217.63 -1 -1 -1 -1000 -1000 -1000 -10 0.0002 
Car -1 -1 -10 297.11 184.82 362.12 210.24 -1 -1 -1 -1000 -1000 -1000 -10 0.0002 
Car -1 -1 -10 713.54 116.82 802.89 151.50 -1 -1 -1 -1000 -1000 -1000 -10 0.0001 
Car -1 -1 -10 896.91 243.25 997.81 278.23 -1 -1 -1 -1000 -1000 -1000 -10 0.0001 
Car -1 -1 -10 173.62 188.37 226.94 222.82 -1 -1 -1 -1000 -1000 -1000 -10 0.0001 
Car -1 -1 -10 300.15 183.16 366.54 232.55 -1 -1 -1 -1000 -1000 -1000 -10 0.0001 
Car -1 -1 -10 967.15 94.71 1067.57 121.36 -1 -1 -1 -1000 -1000 -1000 -10 0.0001 
Car -1 -1 -10 606.84 161.74 651.02 200.52 -1 -1 -1 -1000 -1000 -1000 -10 0.0001 
Car -1 -1 -10 547.01 157.60 586.79 202.15 -1 -1 -1 -1000 -1000 -1000 -10 0.0001 
Car -1 -1 -10 520.86 158.93 601.91 218.02 -1 -1 -1 -1000 -1000 -1000 -10 0.0001 
Car -1 -1 -10 890.68 28.33 1002.30 102.84 -1 -1 -1 -1000 -1000 -1000 -10 0.0000 
Car -1 -1 -10 550.91 147.74 610.78 204.61 -1 -1 -1 -1000 -1000 -1000 -10 0.0000 
Car -1 -1 -10 1194.00 167.86 1240.71 184.30 -1 -1 -1 -1000 -1000 -1000 -10 0.0000 
Car -1 -1 -10 1012.60 167.88 1051.81 182.85 -1 -1 -1 -1000 -1000 -1000 -10 0.0000 
Car -1 -1 -10 1133.60 166.77 1198.31 182.40 -1 -1 -1 -1000 -1000 -1000 -10 0.0000 
Car -1 -1 -10 235.20 188.79 325.03 220.88 -1 -1 -1 -1000 -1000 -1000 -10 0.0000 
Car -1 -1 -10 250.82 198.16 302.98 224.57 -1 -1 -1 -1000 -1000 -1000 -10 0.0000 
Car -1 -1 -10 837.09 169.79 888.61 181.68 -1 -1 -1 -1000 -1000 -1000 -10 0.0000 
Car -1 -1 -10 1204.80 171.34 1242.78 198.53 -1 -1 -1 -1000 -1000 -1000 -10 0.0000 
Car -1 -1 -10 1124.60 174.13 1187.89 188.80 -1 -1 -1 -1000 -1000 -1000 -10 0.0000 
