Car -1 -1 -10 521.40 178.97 558.39 217.50 -1 -1 -1 -1000 -1000 -1000 -10 0.9994 
Car -1 -1 -10 492.00 182.01 524.97 203.09 -1 -1 -1 -1000 -1000 -1000 -10 0.4830 
Car -1 -1 -10 113.62 236.05 170.96 267.74 -1 -1 -1 -1000 -1000 -1000 -10 0.0592 
Car -1 -1 -10 330.61 124.50 379.87 150.31 -1 -1 -1 -1000 -1000 -1000 -10 0.0237 
Car -1 -1 -10 868.71 63.27 937.21 112.51 -1 -1 -1 -1000 -1000 -1000 -10 0.0155 
Car -1 -1 -10 1075.00 36.63 1126.72 75.41 -1 -1 -1 -1000 -1000 -1000 -10 0.0139 
Car -1 -1 -10 96.41 235.55 151.16 267.44 -1 -1 -1 -1000 -1000 -1000 -10 0.0131 
Car -1 -1 -10 859.85 139.45 914.98 177.42 -1 -1 -1 -1000 -1000 -1000 -10 0.0120 
Car -1 -1 -10 131.15 233.03 198.77 263.73 -1 -1 -1 -1000 -1000 -1000 -10 0.0119 
Car -1 -1 -10 76.31 228.64 166.83 267.86 -1 -1 -1 -1000 -1000 -1000 -10 0.0090 
Car -1 -1 -10 986.65 136.37 1045.95 176.27 -1 -1 -1 -1000 -1000 -1000 -10 0.0083 
Car -1 -1 -10 157.89 205.72 281.66 262.65 -1 -1 -1 -1000 -1000 -1000 -10 0.0080 
Car -1 -1 -10 956.47 69.68 1032.38 112.04 -1 -1 -1 -1000 -1000 -1000 -10 0.0063 
Car -1 -1 -10 903.88 82.27 955.63 120.39 -1 -1 -1 -1000 -1000 -1000 -10 0.0050 
Car -1 -1 -10 898.66 103.15 968.68 160.76 -1 -1 -1 -1000 -1000 -1000 -10 0.0047 
Car -1 -1 -10 369.84 242.71 408.61 275.86 -1 -1 -1 -1000 -1000 -1000 -10 0.0046 
Car -1 -1 -10 61.82 240.78 135.77 267.08 -1 -1 -1 -1000 -1000 -1000 -10 0.0042 
Car -1 -1 -10 967.86 157.96 1042.77 214.10 -1 -1 -1 -1000 -1000 -1000 -10 0.0039 
Car -1 -1 -10 152.34 231.03 216.26 261.93 -1 -1 -1 -1000 -1000 -1000 -10 0.0034 
Car -1 -1 -10 1095.10 36.17 1149.21 77.50 -1 -1 -1 -1000 -1000 -1000 -10 0.0030 
Car -1 -1 -10 406.34 124.76 449.88 148.79 -1 -1 -1 -1000 -1000 -1000 -10 0.0029 
Car -1 -1 -10 1050.10 87.23 1108.30 136.52 -1 -1 -1 -1000 -1000 -1000 -10 0.0029 
Car -1 -1 -10 929.36 106.88 992.39 149.03 -1 -1 -1 -1000 -1000 -1000 -10 0.0028 
Car -1 -1 -10 1018.50 149.23 1085.24 184.92 -1 -1 -1 -1000 -1000 -1000 -10 0.0023 
Car -1 -1 -10 867.93 109.79 934.50 150.11 -1 -1 -1 -1000 -1000 -1000 -10 0.0023 
Car -1 -1 -10 1102.70 253.96 1179.64 295.13 -1 -1 -1 -1000 -1000 -1000 -10 0.0022 
Car -1 -1 -10 139.49 52.11 195.79 90.07 -1 -1 -1 -1000 -1000 -1000 -10 0.0022 
Car -1 -1 -10 835.91 56.16 895.42 101.94 -1 -1 -1 -1000 -1000 -1000 -10 0.0021 
Car -1 -1 -10 172.58 238.12 234.02 262.23 -1 -1 -1 -1000 -1000 -1000 -10 0.0020 
Car -1 -1 -10 1112.40 81.22 1202.02 149.42 -1 -1 -1 -1000 -1000 -1000 -10 0.0018 
Car -1 -1 -10 1158.70 194.94 1211.98 233.68 -1 -1 -1 -1000 -1000 -1000 -10 0.0018 
Car -1 -1 -10 74.39 89.03 135.91 115.61 -1 -1 -1 -1000 -1000 -1000 -10 0.0016 
Car -1 -1 -10 897.68 48.80 988.79 97.95 -1 -1 -1 -1000 -1000 -1000 -10 0.0014 
Car -1 -1 -10 1103.70 196.34 1179.34 251.70 -1 -1 -1 -1000 -1000 -1000 -10 0.0013 
Car -1 -1 -10 1151.80 161.26 1229.27 219.56 -1 -1 -1 -1000 -1000 -1000 -10 0.0012 
Car -1 -1 -10 146.04 207.93 234.96 243.96 -1 -1 -1 -1000 -1000 -1000 -10 0.0011 
Car -1 -1 -10 403.63 133.77 448.15 157.38 -1 -1 -1 -1000 -1000 -1000 -10 0.0011 
Car -1 -1 -10 68.58 209.73 187.84 265.29 -1 -1 -1 -1000 -1000 -1000 -10 0.0010 
Car -1 -1 -10 170.66 96.23 234.50 120.84 -1 -1 -1 -1000 -1000 -1000 -10 0.0010 
Car -1 -1 -10 760.71 27.87 845.51 60.63 -1 -1 -1 -1000 -1000 -1000 -10 0.0008 
Car -1 -1 -10 581.43 68.65 630.82 85.48 -1 -1 -1 -1000 -1000 -1000 -10 0.0007 
Car -1 -1 -10 145.83 205.36 221.88 227.92 -1 -1 -1 -1000 -1000 -1000 -10 0.0007 
Car -1 -1 -10 327.68 132.95 364.43 163.30 -1 -1 -1 -1000 -1000 -1000 -10 0.0006 
Car -1 -1 -10 147.45 43.25 190.48 74.90 -1 -1 -1 -1000 -1000 -1000 -10 0.0006 
Car -1 -1 -10 892.73 39.49 958.90 74.82 -1 -1 -1 -1000 -1000 -1000 -10 0.0005 
Car -1 -1 -10 50.50 21.41 110.30 46.80 -1 -1 -1 -1000 -1000 -1000 -10 0.0005 
Car -1 -1 -10 156.17 217.83 239.52 260.74 -1 -1 -1 -1000 -1000 -1000 -10 0.0005 
Car -1 -1 -10 192.54 203.39 253.41 241.44 -1 -1 -1 -1000 -1000 -1000 -10 0.0005 
Car -1 -1 -10 1158.70 100.55 1237.01 150.97 -1 -1 -1 -1000 -1000 -1000 -10 0.0004 
Car -1 -1 -10 378.84 238.62 420.14 270.29 -1 -1 -1 -1000 -1000 -1000 -10 0.0003 
Car -1 -1 -10 20.34 239.57 71.69 268.19 -1 -1 -1 -1000 -1000 -1000 -10 0.0003 
Car -1 -1 -10 1117.80 201.80 1197.98 234.08 -1 -1 -1 -1000 -1000 -1000 -10 0.0003 
Car -1 -1 -10 45.40 91.40 146.89 124.86 -1 -1 -1 -1000 -1000 -1000 -10 0.0002 
Car -1 -1 -10 122.88 211.32 203.46 261.75 -1 -1 -1 -1000 -1000 -1000 -10 0.0002 
Car -1 -1 -10 24.59 235.64 106.19 269.87 -1 -1 -1 -1000 -1000 -1000 -10 0.0002 
Car -1 -1 -10 124.54 119.19 183.66 155.60 -1 -1 -1 -1000 -1000 -1000 -10 0.0002 
Car -1 -1 -10 90.64 75.99 158.55 111.24 -1 -1 -1 -1000 -1000 -1000 -10 0.0001 
Car -1 -1 -10 67.07 205.32 138.50 253.71 -1 -1 -1 -1000 -1000 -1000 -10 0.0001 
Car -1 -1 -10 17.29 64.41 95.70 102.49 -1 -1 -1 -1000 -1000 -1000 -10 0.0001 
Car -1 -1 -10 103.52 257.74 166.21 289.79 -1 -1 -1 -1000 -1000 -1000 -10 0.0001 
Car -1 -1 -10 503.45 183.60 529.97 204.92 -1 -1 -1 -1000 -1000 -1000 -10 0.0000 
Car -1 -1 -10 77.44 256.60 145.30 290.58 -1 -1 -1 -1000 -1000 -1000 -10 0.0000 
Car -1 -1 -10 119.51 247.53 174.29 271.54 -1 -1 -1 -1000 -1000 -1000 -10 0.0000 
Car -1 -1 -10 205.98 287.02 270.36 329.59 -1 -1 -1 -1000 -1000 -1000 -10 0.0000 
Car -1 -1 -10 4.65 250.57 49.22 282.03 -1 -1 -1 -1000 -1000 -1000 -10 0.0000 
Car -1 -1 -10 206.31 172.63 271.32 202.92 -1 -1 -1 -1000 -1000 -1000 -10 0.0000 
Car -1 -1 -10 216.90 155.78 283.19 201.13 -1 -1 -1 -1000 -1000 -1000 -10 0.0000 
Car -1 -1 -10 262.20 224.72 332.29 266.02 -1 -1 -1 -1000 -1000 -1000 -10 0.0000 
Car -1 -1 -10 237.94 261.37 312.61 310.62 -1 -1 -1 -1000 -1000 -1000 -10 0.0000 
Car -1 -1 -10 176.67 250.11 238.09 273.50 -1 -1 -1 -1000 -1000 -1000 -10 0.0000 
