Car -1 -1 -10 524.82 181.06 571.85 219.14 -1 -1 -1 -1000 -1000 -1000 -10 0.2103 
Car -1 -1 -10 1136.60 227.04 1225.01 256.54 -1 -1 -1 -1000 -1000 -1000 -10 0.0190 
Car -1 -1 -10 1170.30 225.23 1224.97 246.00 -1 -1 -1 -1000 -1000 -1000 -10 0.0059 
Car -1 -1 -10 673.02 173.69 722.70 208.90 -1 -1 -1 -1000 -1000 -1000 -10 0.0036 
Car -1 -1 -10 1136.70 280.13 1224.97 319.00 -1 -1 -1 -1000 -1000 -1000 -10 0.0033 
Car -1 -1 -10 1180.50 226.32 1225.04 261.30 -1 -1 -1 -1000 -1000 -1000 -10 0.0017 
Car -1 -1 -10 992.84 125.84 1059.11 155.49 -1 -1 -1 -1000 -1000 -1000 -10 0.0017 
Car -1 -1 -10 1019.10 154.36 1081.85 190.97 -1 -1 -1 -1000 -1000 -1000 -10 0.0016 
Car -1 -1 -10 1020.50 135.21 1079.52 166.73 -1 -1 -1 -1000 -1000 -1000 -10 0.0007 
Car -1 -1 -10 941.10 147.88 1030.16 189.23 -1 -1 -1 -1000 -1000 -1000 -10 0.0005 
Car -1 -1 -10 1079.20 84.69 1152.83 122.25 -1 -1 -1 -1000 -1000 -1000 -10 0.0005 
Car -1 -1 -10 846.28 120.45 923.45 154.35 -1 -1 -1 -1000 -1000 -1000 -10 0.0002 
Car -1 -1 -10 1000.50 120.57 1076.75 144.16 -1 -1 -1 -1000 -1000 -1000 -10 0.0002 
Car -1 -1 -10 1181.40 273.59 1225.00 324.36 -1 -1 -1 -1000 -1000 -1000 -10 0.0002 
Car -1 -1 -10 986.33 117.90 1097.36 150.53 -1 -1 -1 -1000 -1000 -1000 -10 0.0001 
Car -1 -1 -10 673.79 174.75 760.35 201.68 -1 -1 -1 -1000 -1000 -1000 -10 0.0001 
Car -1 -1 -10 953.73 104.98 1031.76 135.01 -1 -1 -1 -1000 -1000 -1000 -10 0.0001 
Car -1 -1 -10 995.77 92.11 1123.14 132.75 -1 -1 -1 -1000 -1000 -1000 -10 0.0000 
Car -1 -1 -10 0.00 129.13 134.11 223.09 -1 -1 -1 -1000 -1000 -1000 -10 0.0000 
Car -1 -1 -10 885.03 121.52 965.42 161.80 -1 -1 -1 -1000 -1000 -1000 -10 0.0000 
Car -1 -1 -10 913.12 120.50 987.21 159.57 -1 -1 -1 -1000 -1000 -1000 -10 0.0000 
Car -1 -1 -10 859.48 118.38 921.04 141.00 -1 -1 -1 -1000 -1000 -1000 -10 0.0000 
Car -1 -1 -10 139.65 158.62 205.97 190.84 -1 -1 -1 -1000 -1000 -1000 -10 0.0000 
Car -1 -1 -10 560.82 196.42 598.95 215.47 -1 -1 -1 -1000 -1000 -1000 -10 0.0000 
Car -1 -1 -10 1005.70 103.84 1128.64 145.80 -1 -1 -1 -1000 -1000 -1000 -10 0.0000 
Car -1 -1 -10 928.51 117.23 1009.40 145.56 -1 -1 -1 -1000 -1000 -1000 -10 0.0000 
Car -1 -1 -10 549.87 48.57 803.36 81.04 -1 -1 -1 -1000 -1000 -1000 -10 0.0000 
Car -1 -1 -10 505.78 26.18 606.85 78.71 -1 -1 -1 -1000 -1000 -1000 -10 0.0000 
Car -1 -1 -10 912.32 100.44 988.87 131.89 -1 -1 -1 -1000 -1000 -1000 -10 0.0000 
Car -1 -1 -10 702.76 208.78 797.21 249.44 -1 -1 -1 -1000 -1000 -1000 -10 0.0000 
Car -1 -1 -10 892.85 108.23 983.65 151.78 -1 -1 -1 -1000 -1000 -1000 -10 0.0000 
Car -1 -1 -10 0.00 49.37 74.65 116.73 -1 -1 -1 -1000 -1000 -1000 -10 0.0000 
Car -1 -1 -10 0.00 11.97 101.69 112.17 -1 -1 -1 -1000 -1000 -1000 -10 0.0000 
