Car -1 -1 -10 190.80 179.09 285.09 218.15 -1 -1 -1 -1000 -1000 -1000 -10 0.9996 
Car -1 -1 -10 816.99 165.14 1112.08 376.00 -1 -1 -1 -1000 -1000 -1000 -10 0.9996 
Car -1 -1 -10 328.35 165.13 402.85 215.41 -1 -1 -1 -1000 -1000 -1000 -10 0.9994 
Car -1 -1 -10 709.60 169.22 775.01 204.59 -1 -1 -1 -1000 -1000 -1000 -10 0.9994 
Car -1 -1 -10 510.24 167.91 548.38 197.62 -1 -1 -1 -1000 -1000 -1000 -10 0.9977 
Car -1 -1 -10 407.63 175.74 466.13 215.31 -1 -1 -1 -1000 -1000 -1000 -10 0.9976 
Car -1 -1 -10 756.52 165.83 821.47 204.89 -1 -1 -1 -1000 -1000 -1000 -10 0.9949 
Car -1 -1 -10 88.62 183.64 181.18 218.96 -1 -1 -1 -1000 -1000 -1000 -10 0.9935 
Car -1 -1 -10 609.37 163.05 639.76 189.58 -1 -1 -1 -1000 -1000 -1000 -10 0.7277 
Car -1 -1 -10 0.00 210.23 68.32 254.75 -1 -1 -1 -1000 -1000 -1000 -10 0.3036 
Car -1 -1 -10 137.10 183.11 209.54 216.00 -1 -1 -1 -1000 -1000 -1000 -10 0.1136 
Car -1 -1 -10 992.00 159.99 1057.93 188.62 -1 -1 -1 -1000 -1000 -1000 -10 0.0496 
Car -1 -1 -10 576.25 162.87 643.10 195.43 -1 -1 -1 -1000 -1000 -1000 -10 0.0158 
Car -1 -1 -10 13.15 165.34 65.43 208.92 -1 -1 -1 -1000 -1000 -1000 -10 0.0073 
Car -1 -1 -10 818.23 136.63 1058.26 303.89 -1 -1 -1 -1000 -1000 -1000 -10 0.0036 
Car -1 -1 -10 928.34 167.65 1026.54 197.82 -1 -1 -1 -1000 -1000 -1000 -10 0.0029 
Car -1 -1 -10 1032.30 160.01 1091.04 187.01 -1 -1 -1 -1000 -1000 -1000 -10 0.0026 
Car -1 -1 -10 988.45 160.88 1028.84 197.21 -1 -1 -1 -1000 -1000 -1000 -10 0.0022 
Car -1 -1 -10 899.09 141.40 1013.96 198.60 -1 -1 -1 -1000 -1000 -1000 -10 0.0019 
Car -1 -1 -10 272.16 195.33 345.38 216.74 -1 -1 -1 -1000 -1000 -1000 -10 0.0018 
Car -1 -1 -10 575.00 162.10 619.99 210.60 -1 -1 -1 -1000 -1000 -1000 -10 0.0011 
Car -1 -1 -10 566.84 161.23 600.37 195.33 -1 -1 -1 -1000 -1000 -1000 -10 0.0010 
Car -1 -1 -10 642.93 150.09 676.05 184.55 -1 -1 -1 -1000 -1000 -1000 -10 0.0009 
Car -1 -1 -10 1177.10 153.26 1243.01 209.29 -1 -1 -1 -1000 -1000 -1000 -10 0.0008 
Car -1 -1 -10 815.98 150.50 956.12 245.83 -1 -1 -1 -1000 -1000 -1000 -10 0.0006 
Car -1 -1 -10 1097.10 263.89 1177.89 312.82 -1 -1 -1 -1000 -1000 -1000 -10 0.0006 
Car -1 -1 -10 888.00 161.69 1032.17 227.40 -1 -1 -1 -1000 -1000 -1000 -10 0.0006 
Car -1 -1 -10 808.32 167.03 899.38 257.95 -1 -1 -1 -1000 -1000 -1000 -10 0.0003 
Car -1 -1 -10 809.45 186.74 900.90 229.44 -1 -1 -1 -1000 -1000 -1000 -10 0.0003 
Car -1 -1 -10 273.83 185.37 333.22 213.06 -1 -1 -1 -1000 -1000 -1000 -10 0.0002 
Car -1 -1 -10 856.28 143.92 1034.36 254.55 -1 -1 -1 -1000 -1000 -1000 -10 0.0002 
Car -1 -1 -10 0.00 160.88 64.23 249.76 -1 -1 -1 -1000 -1000 -1000 -10 0.0002 
Car -1 -1 -10 424.60 119.99 463.87 141.70 -1 -1 -1 -1000 -1000 -1000 -10 0.0001 
Car -1 -1 -10 605.38 140.35 637.66 188.54 -1 -1 -1 -1000 -1000 -1000 -10 0.0001 
Car -1 -1 -10 104.38 167.37 158.59 207.19 -1 -1 -1 -1000 -1000 -1000 -10 0.0001 
Car -1 -1 -10 408.41 176.64 442.27 209.60 -1 -1 -1 -1000 -1000 -1000 -10 0.0001 
Car -1 -1 -10 1057.50 111.72 1120.28 140.31 -1 -1 -1 -1000 -1000 -1000 -10 0.0000 
Car -1 -1 -10 620.90 144.42 667.37 182.06 -1 -1 -1 -1000 -1000 -1000 -10 0.0000 
Car -1 -1 -10 575.92 194.51 625.55 212.98 -1 -1 -1 -1000 -1000 -1000 -10 0.0000 
Car -1 -1 -10 738.27 197.19 811.39 217.71 -1 -1 -1 -1000 -1000 -1000 -10 0.0000 
Car -1 -1 -10 0.00 168.17 164.53 252.98 -1 -1 -1 -1000 -1000 -1000 -10 0.0000 
