Car -1 -1 -10 298.35 179.14 467.74 243.39 -1 -1 -1 -1000 -1000 -1000 -10 0.9999 
Car -1 -1 -10 798.15 160.09 988.78 234.52 -1 -1 -1 -1000 -1000 -1000 -10 0.9999 
Car -1 -1 -10 544.03 175.54 682.06 218.86 -1 -1 -1 -1000 -1000 -1000 -10 0.9984 
Car -1 -1 -10 478.21 181.23 519.16 208.80 -1 -1 -1 -1000 -1000 -1000 -10 0.0210 
Car -1 -1 -10 840.60 164.06 975.29 213.74 -1 -1 -1 -1000 -1000 -1000 -10 0.0030 
Car -1 -1 -10 798.96 162.96 886.61 204.41 -1 -1 -1 -1000 -1000 -1000 -10 0.0013 
Car -1 -1 -10 389.55 64.06 464.27 113.89 -1 -1 -1 -1000 -1000 -1000 -10 0.0011 
Car -1 -1 -10 317.56 182.55 425.16 225.63 -1 -1 -1 -1000 -1000 -1000 -10 0.0010 
Car -1 -1 -10 367.16 178.16 471.26 229.82 -1 -1 -1 -1000 -1000 -1000 -10 0.0009 
Car -1 -1 -10 0.45 59.95 70.83 95.19 -1 -1 -1 -1000 -1000 -1000 -10 0.0003 
Car -1 -1 -10 1162.00 23.24 1242.97 48.99 -1 -1 -1 -1000 -1000 -1000 -10 0.0001 
Car -1 -1 -10 668.22 177.92 739.66 195.93 -1 -1 -1 -1000 -1000 -1000 -10 0.0001 
Car -1 -1 -10 967.36 270.32 1039.50 309.49 -1 -1 -1 -1000 -1000 -1000 -10 0.0001 
Car -1 -1 -10 154.99 125.08 227.43 155.10 -1 -1 -1 -1000 -1000 -1000 -10 0.0000 
Car -1 -1 -10 121.84 131.72 237.69 165.70 -1 -1 -1 -1000 -1000 -1000 -10 0.0000 
