Car -1 -1 -10 524.51 179.55 558.96 206.01 -1 -1 -1 -1000 -1000 -1000 -10 1.0000 
Car -1 -1 -10 53.06 176.31 157.08 220.95 -1 -1 -1 -1000 -1000 -1000 -10 1.0000 
Car -1 -1 -10 579.01 175.96 627.03 225.52 -1 -1 -1 -1000 -1000 -1000 -10 0.9999 
Car -1 -1 -10 426.71 180.70 501.11 240.85 -1 -1 -1 -1000 -1000 -1000 -10 0.9999 
Car -1 -1 -10 227.69 182.12 289.44 210.60 -1 -1 -1 -1000 -1000 -1000 -10 0.9997 
Car -1 -1 -10 156.35 179.58 233.69 212.39 -1 -1 -1 -1000 -1000 -1000 -10 0.9996 
Car -1 -1 -10 0.00 181.36 41.08 226.07 -1 -1 -1 -1000 -1000 -1000 -10 0.1696 
Car -1 -1 -10 761.09 71.72 823.33 129.47 -1 -1 -1 -1000 -1000 -1000 -10 0.0555 
Car -1 -1 -10 122.56 87.55 174.60 117.95 -1 -1 -1 -1000 -1000 -1000 -10 0.0157 
Car -1 -1 -10 683.00 220.07 734.96 250.42 -1 -1 -1 -1000 -1000 -1000 -10 0.0121 
Car -1 -1 -10 113.34 85.06 173.77 137.64 -1 -1 -1 -1000 -1000 -1000 -10 0.0065 
Car -1 -1 -10 115.96 120.15 203.88 152.94 -1 -1 -1 -1000 -1000 -1000 -10 0.0031 
Car -1 -1 -10 1051.80 133.61 1184.50 175.98 -1 -1 -1 -1000 -1000 -1000 -10 0.0026 
Car -1 -1 -10 1158.30 35.43 1209.94 77.88 -1 -1 -1 -1000 -1000 -1000 -10 0.0015 
Car -1 -1 -10 1188.60 39.63 1242.96 85.52 -1 -1 -1 -1000 -1000 -1000 -10 0.0013 
Car -1 -1 -10 239.22 137.32 314.66 159.84 -1 -1 -1 -1000 -1000 -1000 -10 0.0011 
Car -1 -1 -10 1024.50 46.43 1079.69 77.49 -1 -1 -1 -1000 -1000 -1000 -10 0.0009 
Car -1 -1 -10 98.81 108.16 195.01 148.73 -1 -1 -1 -1000 -1000 -1000 -10 0.0008 
Car -1 -1 -10 1175.20 31.48 1232.40 67.31 -1 -1 -1 -1000 -1000 -1000 -10 0.0007 
Car -1 -1 -10 285.17 149.88 346.63 171.79 -1 -1 -1 -1000 -1000 -1000 -10 0.0006 
Car -1 -1 -10 1066.70 210.12 1125.36 239.45 -1 -1 -1 -1000 -1000 -1000 -10 0.0005 
Car -1 -1 -10 1040.30 41.19 1117.93 95.65 -1 -1 -1 -1000 -1000 -1000 -10 0.0004 
Car -1 -1 -10 293.52 123.81 361.22 156.35 -1 -1 -1 -1000 -1000 -1000 -10 0.0004 
Car -1 -1 -10 1008.90 42.75 1067.99 67.69 -1 -1 -1 -1000 -1000 -1000 -10 0.0003 
Car -1 -1 -10 1045.70 41.88 1110.41 71.88 -1 -1 -1 -1000 -1000 -1000 -10 0.0003 
Car -1 -1 -10 1015.30 213.46 1088.97 229.60 -1 -1 -1 -1000 -1000 -1000 -10 0.0002 
Car -1 -1 -10 1067.00 142.30 1125.59 171.87 -1 -1 -1 -1000 -1000 -1000 -10 0.0002 
Car -1 -1 -10 689.32 164.56 725.76 182.56 -1 -1 -1 -1000 -1000 -1000 -10 0.0001 
Car -1 -1 -10 1225.00 222.25 1242.99 248.27 -1 -1 -1 -1000 -1000 -1000 -10 0.0001 
Car -1 -1 -10 875.17 173.34 920.68 219.11 -1 -1 -1 -1000 -1000 -1000 -10 0.0001 
Car -1 -1 -10 60.81 174.42 124.81 201.47 -1 -1 -1 -1000 -1000 -1000 -10 0.0001 
Car -1 -1 -10 1018.90 32.80 1109.41 83.71 -1 -1 -1 -1000 -1000 -1000 -10 0.0001 
Car -1 -1 -10 202.94 179.52 253.19 208.13 -1 -1 -1 -1000 -1000 -1000 -10 0.0000 
Car -1 -1 -10 456.66 180.44 498.92 222.43 -1 -1 -1 -1000 -1000 -1000 -10 0.0000 
Car -1 -1 -10 982.59 210.29 1032.07 231.16 -1 -1 -1 -1000 -1000 -1000 -10 0.0000 
Car -1 -1 -10 1122.00 40.82 1194.39 89.17 -1 -1 -1 -1000 -1000 -1000 -10 0.0000 
Car -1 -1 -10 278.04 136.13 361.15 165.34 -1 -1 -1 -1000 -1000 -1000 -10 0.0000 
Car -1 -1 -10 115.42 178.45 189.42 212.39 -1 -1 -1 -1000 -1000 -1000 -10 0.0000 
Car -1 -1 -10 206.06 115.49 268.80 147.94 -1 -1 -1 -1000 -1000 -1000 -10 0.0000 
Car -1 -1 -10 221.61 184.78 260.87 209.65 -1 -1 -1 -1000 -1000 -1000 -10 0.0000 
Car -1 -1 -10 211.52 122.24 291.43 159.83 -1 -1 -1 -1000 -1000 -1000 -10 0.0000 
Car -1 -1 -10 670.77 173.89 744.74 199.77 -1 -1 -1 -1000 -1000 -1000 -10 0.0000 
Car -1 -1 -10 1214.70 219.99 1240.79 246.06 -1 -1 -1 -1000 -1000 -1000 -10 0.0000 
Car -1 -1 -10 1140.00 15.76 1238.37 67.77 -1 -1 -1 -1000 -1000 -1000 -10 0.0000 
Car -1 -1 -10 127.48 202.02 210.55 215.62 -1 -1 -1 -1000 -1000 -1000 -10 0.0000 
Car -1 -1 -10 42.04 196.63 111.42 218.91 -1 -1 -1 -1000 -1000 -1000 -10 0.0000 
Car -1 -1 -10 1180.10 227.87 1231.55 253.03 -1 -1 -1 -1000 -1000 -1000 -10 0.0000 
Car -1 -1 -10 133.74 205.33 219.20 224.18 -1 -1 -1 -1000 -1000 -1000 -10 0.0000 
