Car -1 -1 -10 477.01 178.19 564.52 219.80 -1 -1 -1 -1000 -1000 -1000 -10 1.0000 
Car -1 -1 -10 231.11 190.49 395.22 252.83 -1 -1 -1 -1000 -1000 -1000 -10 0.9999 
Car -1 -1 -10 584.05 175.50 638.76 205.34 -1 -1 -1 -1000 -1000 -1000 -10 0.9996 
Car -1 -1 -10 684.88 170.54 709.94 191.03 -1 -1 -1 -1000 -1000 -1000 -10 0.9943 
Car -1 -1 -10 126.15 177.21 307.08 243.17 -1 -1 -1 -1000 -1000 -1000 -10 0.9807 
Car -1 -1 -10 438.07 170.19 508.09 207.72 -1 -1 -1 -1000 -1000 -1000 -10 0.9325 
Car -1 -1 -10 1196.40 153.62 1238.57 176.01 -1 -1 -1 -1000 -1000 -1000 -10 0.0863 
Car -1 -1 -10 1071.20 149.75 1115.13 175.62 -1 -1 -1 -1000 -1000 -1000 -10 0.0167 
Car -1 -1 -10 736.66 170.57 761.05 188.02 -1 -1 -1 -1000 -1000 -1000 -10 0.0160 
Car -1 -1 -10 186.81 175.67 289.81 234.62 -1 -1 -1 -1000 -1000 -1000 -10 0.0064 
Car -1 -1 -10 135.16 179.56 244.09 233.01 -1 -1 -1 -1000 -1000 -1000 -10 0.0045 
Car -1 -1 -10 925.98 271.87 1005.66 309.24 -1 -1 -1 -1000 -1000 -1000 -10 0.0037 
Car -1 -1 -10 1017.30 153.22 1068.97 173.35 -1 -1 -1 -1000 -1000 -1000 -10 0.0036 
Car -1 -1 -10 141.82 186.10 210.61 221.94 -1 -1 -1 -1000 -1000 -1000 -10 0.0025 
Car -1 -1 -10 793.23 293.17 832.43 317.46 -1 -1 -1 -1000 -1000 -1000 -10 0.0024 
Car -1 -1 -10 25.48 316.39 93.37 346.61 -1 -1 -1 -1000 -1000 -1000 -10 0.0024 
Car -1 -1 -10 571.56 158.96 597.81 195.67 -1 -1 -1 -1000 -1000 -1000 -10 0.0018 
Car -1 -1 -10 1091.40 153.69 1146.90 175.38 -1 -1 -1 -1000 -1000 -1000 -10 0.0017 
Car -1 -1 -10 56.85 314.32 123.35 343.74 -1 -1 -1 -1000 -1000 -1000 -10 0.0014 
Car -1 -1 -10 289.96 191.95 385.31 234.04 -1 -1 -1 -1000 -1000 -1000 -10 0.0014 
Car -1 -1 -10 3.02 333.91 61.25 355.69 -1 -1 -1 -1000 -1000 -1000 -10 0.0014 
Car -1 -1 -10 979.44 157.24 1019.98 176.25 -1 -1 -1 -1000 -1000 -1000 -10 0.0013 
Car -1 -1 -10 734.90 168.11 776.83 187.07 -1 -1 -1 -1000 -1000 -1000 -10 0.0013 
Car -1 -1 -10 956.18 268.78 1017.56 304.38 -1 -1 -1 -1000 -1000 -1000 -10 0.0011 
Car -1 -1 -10 1115.90 151.38 1199.92 173.69 -1 -1 -1 -1000 -1000 -1000 -10 0.0010 
Car -1 -1 -10 80.48 306.63 146.02 340.57 -1 -1 -1 -1000 -1000 -1000 -10 0.0009 
Car -1 -1 -10 183.29 287.82 254.38 317.47 -1 -1 -1 -1000 -1000 -1000 -10 0.0009 
Car -1 -1 -10 1029.30 324.43 1088.95 352.36 -1 -1 -1 -1000 -1000 -1000 -10 0.0008 
Car -1 -1 -10 93.34 304.84 167.06 348.28 -1 -1 -1 -1000 -1000 -1000 -10 0.0007 
Car -1 -1 -10 993.41 323.06 1057.36 350.47 -1 -1 -1 -1000 -1000 -1000 -10 0.0006 
Car -1 -1 -10 214.11 283.07 283.48 314.59 -1 -1 -1 -1000 -1000 -1000 -10 0.0005 
Car -1 -1 -10 193.90 328.02 269.00 358.82 -1 -1 -1 -1000 -1000 -1000 -10 0.0005 
Car -1 -1 -10 881.09 267.37 956.85 307.88 -1 -1 -1 -1000 -1000 -1000 -10 0.0004 
Car -1 -1 -10 295.27 275.91 364.33 309.62 -1 -1 -1 -1000 -1000 -1000 -10 0.0004 
Car -1 -1 -10 153.37 308.94 238.74 350.97 -1 -1 -1 -1000 -1000 -1000 -10 0.0004 
Car -1 -1 -10 163.22 294.23 234.13 327.41 -1 -1 -1 -1000 -1000 -1000 -10 0.0004 
Car -1 -1 -10 54.98 323.13 163.74 358.45 -1 -1 -1 -1000 -1000 -1000 -10 0.0004 
Car -1 -1 -10 199.18 294.82 284.22 336.77 -1 -1 -1 -1000 -1000 -1000 -10 0.0003 
Car -1 -1 -10 1098.90 310.07 1177.37 347.36 -1 -1 -1 -1000 -1000 -1000 -10 0.0003 
Car -1 -1 -10 973.64 280.03 1048.52 321.44 -1 -1 -1 -1000 -1000 -1000 -10 0.0003 
Car -1 -1 -10 117.48 291.51 216.29 336.93 -1 -1 -1 -1000 -1000 -1000 -10 0.0002 
Car -1 -1 -10 1035.30 144.33 1111.87 174.00 -1 -1 -1 -1000 -1000 -1000 -10 0.0002 
Car -1 -1 -10 233.70 281.56 319.53 324.98 -1 -1 -1 -1000 -1000 -1000 -10 0.0002 
Car -1 -1 -10 8.01 325.32 89.78 357.58 -1 -1 -1 -1000 -1000 -1000 -10 0.0002 
Car -1 -1 -10 93.27 320.03 192.88 359.21 -1 -1 -1 -1000 -1000 -1000 -10 0.0002 
Car -1 -1 -10 218.75 313.98 296.14 345.82 -1 -1 -1 -1000 -1000 -1000 -10 0.0002 
Car -1 -1 -10 121.68 304.04 197.44 346.35 -1 -1 -1 -1000 -1000 -1000 -10 0.0002 
Car -1 -1 -10 940.01 286.87 1006.67 317.24 -1 -1 -1 -1000 -1000 -1000 -10 0.0002 
Car -1 -1 -10 691.72 167.83 718.60 187.16 -1 -1 -1 -1000 -1000 -1000 -10 0.0002 
Car -1 -1 -10 202.00 307.54 272.57 350.81 -1 -1 -1 -1000 -1000 -1000 -10 0.0002 
Car -1 -1 -10 878.12 157.49 920.00 177.09 -1 -1 -1 -1000 -1000 -1000 -10 0.0002 
Car -1 -1 -10 1006.90 322.22 1112.70 356.98 -1 -1 -1 -1000 -1000 -1000 -10 0.0002 
Car -1 -1 -10 1103.50 19.10 1243.03 100.99 -1 -1 -1 -1000 -1000 -1000 -10 0.0001 
Car -1 -1 -10 582.03 172.64 603.73 199.41 -1 -1 -1 -1000 -1000 -1000 -10 0.0001 
Car -1 -1 -10 1055.00 150.75 1101.89 175.42 -1 -1 -1 -1000 -1000 -1000 -10 0.0001 
Car -1 -1 -10 244.69 276.38 326.06 307.69 -1 -1 -1 -1000 -1000 -1000 -10 0.0001 
Car -1 -1 -10 858.01 259.06 924.82 291.73 -1 -1 -1 -1000 -1000 -1000 -10 0.0001 
Car -1 -1 -10 942.56 312.50 1030.61 349.14 -1 -1 -1 -1000 -1000 -1000 -10 0.0001 
Car -1 -1 -10 313.42 283.27 374.58 315.04 -1 -1 -1 -1000 -1000 -1000 -10 0.0001 
Car -1 -1 -10 158.23 329.97 240.49 360.62 -1 -1 -1 -1000 -1000 -1000 -10 0.0001 
Car -1 -1 -10 338.13 193.26 396.05 222.02 -1 -1 -1 -1000 -1000 -1000 -10 0.0001 
Car -1 -1 -10 233.18 303.61 308.22 336.82 -1 -1 -1 -1000 -1000 -1000 -10 0.0001 
Car -1 -1 -10 1063.40 310.84 1144.45 343.08 -1 -1 -1 -1000 -1000 -1000 -10 0.0001 
Car -1 -1 -10 957.62 325.86 1036.54 360.29 -1 -1 -1 -1000 -1000 -1000 -10 0.0001 
Car -1 -1 -10 253.03 279.79 355.57 318.25 -1 -1 -1 -1000 -1000 -1000 -10 0.0001 
Car -1 -1 -10 997.61 164.53 1066.90 177.47 -1 -1 -1 -1000 -1000 -1000 -10 0.0000 
Car -1 -1 -10 961.52 307.50 1028.38 331.67 -1 -1 -1 -1000 -1000 -1000 -10 0.0000 
Car -1 -1 -10 198.43 274.75 296.79 324.07 -1 -1 -1 -1000 -1000 -1000 -10 0.0000 
Car -1 -1 -10 278.24 290.79 359.70 328.35 -1 -1 -1 -1000 -1000 -1000 -10 0.0000 
Car -1 -1 -10 96.15 328.59 241.12 365.30 -1 -1 -1 -1000 -1000 -1000 -10 0.0000 
Car -1 -1 -10 1009.20 293.67 1121.14 336.79 -1 -1 -1 -1000 -1000 -1000 -10 0.0000 
Car -1 -1 -10 11.66 297.81 92.69 348.40 -1 -1 -1 -1000 -1000 -1000 -10 0.0000 
Car -1 -1 -10 512.18 176.77 563.35 211.31 -1 -1 -1 -1000 -1000 -1000 -10 0.0000 
Car -1 -1 -10 1003.00 278.70 1083.54 327.26 -1 -1 -1 -1000 -1000 -1000 -10 0.0000 
Car -1 -1 -10 907.02 274.80 988.30 318.01 -1 -1 -1 -1000 -1000 -1000 -10 0.0000 
Car -1 -1 -10 319.90 268.07 381.95 304.52 -1 -1 -1 -1000 -1000 -1000 -10 0.0000 
Car -1 -1 -10 871.14 162.35 927.66 186.17 -1 -1 -1 -1000 -1000 -1000 -10 0.0000 
Car -1 -1 -10 563.06 166.25 580.57 195.00 -1 -1 -1 -1000 -1000 -1000 -10 0.0000 
Car -1 -1 -10 689.91 165.78 728.01 181.13 -1 -1 -1 -1000 -1000 -1000 -10 0.0000 
Car -1 -1 -10 554.45 177.80 577.23 197.43 -1 -1 -1 -1000 -1000 -1000 -10 0.0000 
Car -1 -1 -10 1186.50 165.26 1243.04 192.70 -1 -1 -1 -1000 -1000 -1000 -10 0.0000 
Car -1 -1 -10 992.00 170.83 1075.97 198.48 -1 -1 -1 -1000 -1000 -1000 -10 0.0000 
