Car -1 -1 -10 552.70 163.09 579.22 183.28 -1 -1 -1 -1000 -1000 -1000 -10 0.4811 
Car -1 -1 -10 233.29 24.11 329.53 76.72 -1 -1 -1 -1000 -1000 -1000 -10 0.0272 
Car -1 -1 -10 1079.90 75.63 1133.30 103.45 -1 -1 -1 -1000 -1000 -1000 -10 0.0130 
Car -1 -1 -10 1152.50 53.55 1225.05 97.56 -1 -1 -1 -1000 -1000 -1000 -10 0.0119 
Car -1 -1 -10 270.03 202.25 314.68 228.20 -1 -1 -1 -1000 -1000 -1000 -10 0.0116 
Car -1 -1 -10 0.00 175.16 102.47 230.93 -1 -1 -1 -1000 -1000 -1000 -10 0.0071 
Car -1 -1 -10 1076.90 65.85 1126.70 96.03 -1 -1 -1 -1000 -1000 -1000 -10 0.0065 
Car -1 -1 -10 1046.40 50.78 1099.04 80.61 -1 -1 -1 -1000 -1000 -1000 -10 0.0056 
Car -1 -1 -10 771.56 58.21 832.20 96.71 -1 -1 -1 -1000 -1000 -1000 -10 0.0043 
Car -1 -1 -10 0.00 176.25 52.64 215.53 -1 -1 -1 -1000 -1000 -1000 -10 0.0037 
Car -1 -1 -10 1060.70 59.22 1113.02 92.52 -1 -1 -1 -1000 -1000 -1000 -10 0.0023 
Car -1 -1 -10 370.61 144.52 416.13 171.86 -1 -1 -1 -1000 -1000 -1000 -10 0.0022 
Car -1 -1 -10 1101.80 70.44 1176.91 104.32 -1 -1 -1 -1000 -1000 -1000 -10 0.0017 
Car -1 -1 -10 194.16 34.78 238.41 81.04 -1 -1 -1 -1000 -1000 -1000 -10 0.0017 
Car -1 -1 -10 214.97 31.48 294.94 89.43 -1 -1 -1 -1000 -1000 -1000 -10 0.0015 
Car -1 -1 -10 1147.90 237.39 1225.03 280.00 -1 -1 -1 -1000 -1000 -1000 -10 0.0012 
Car -1 -1 -10 966.33 82.48 1039.45 140.30 -1 -1 -1 -1000 -1000 -1000 -10 0.0012 
Car -1 -1 -10 733.71 75.23 805.49 118.28 -1 -1 -1 -1000 -1000 -1000 -10 0.0011 
Car -1 -1 -10 1167.40 294.40 1224.98 330.05 -1 -1 -1 -1000 -1000 -1000 -10 0.0010 
Car -1 -1 -10 751.39 141.45 799.05 171.94 -1 -1 -1 -1000 -1000 -1000 -10 0.0010 
Car -1 -1 -10 994.36 84.72 1039.56 119.88 -1 -1 -1 -1000 -1000 -1000 -10 0.0009 
Car -1 -1 -10 1041.10 46.97 1092.27 65.28 -1 -1 -1 -1000 -1000 -1000 -10 0.0008 
Car -1 -1 -10 0.00 52.75 88.09 95.87 -1 -1 -1 -1000 -1000 -1000 -10 0.0008 
Car -1 -1 -10 172.28 48.34 227.09 96.75 -1 -1 -1 -1000 -1000 -1000 -10 0.0008 
Car -1 -1 -10 1087.20 80.70 1154.57 109.23 -1 -1 -1 -1000 -1000 -1000 -10 0.0007 
Car -1 -1 -10 193.76 167.26 266.95 196.38 -1 -1 -1 -1000 -1000 -1000 -10 0.0006 
Car -1 -1 -10 934.67 309.23 1002.90 335.53 -1 -1 -1 -1000 -1000 -1000 -10 0.0005 
Car -1 -1 -10 868.93 288.06 936.12 312.74 -1 -1 -1 -1000 -1000 -1000 -10 0.0005 
Car -1 -1 -10 1015.60 71.43 1070.56 113.97 -1 -1 -1 -1000 -1000 -1000 -10 0.0005 
Car -1 -1 -10 890.68 152.14 960.39 246.65 -1 -1 -1 -1000 -1000 -1000 -10 0.0004 
Car -1 -1 -10 177.97 44.71 249.94 109.37 -1 -1 -1 -1000 -1000 -1000 -10 0.0004 
Car -1 -1 -10 895.42 296.50 966.37 322.61 -1 -1 -1 -1000 -1000 -1000 -10 0.0004 
Car -1 -1 -10 746.44 176.17 797.50 211.30 -1 -1 -1 -1000 -1000 -1000 -10 0.0004 
Car -1 -1 -10 1164.40 33.99 1225.02 61.53 -1 -1 -1 -1000 -1000 -1000 -10 0.0004 
Car -1 -1 -10 850.61 298.96 920.02 333.34 -1 -1 -1 -1000 -1000 -1000 -10 0.0004 
Car -1 -1 -10 357.98 36.55 409.75 66.14 -1 -1 -1 -1000 -1000 -1000 -10 0.0003 
Car -1 -1 -10 975.09 236.49 1058.83 285.21 -1 -1 -1 -1000 -1000 -1000 -10 0.0003 
Car -1 -1 -10 879.88 293.33 943.26 325.56 -1 -1 -1 -1000 -1000 -1000 -10 0.0003 
Car -1 -1 -10 1157.10 79.08 1217.42 105.09 -1 -1 -1 -1000 -1000 -1000 -10 0.0002 
Car -1 -1 -10 842.93 289.01 909.71 317.80 -1 -1 -1 -1000 -1000 -1000 -10 0.0002 
Car -1 -1 -10 860.79 318.15 922.28 348.53 -1 -1 -1 -1000 -1000 -1000 -10 0.0002 
Car -1 -1 -10 1136.80 165.06 1220.99 185.48 -1 -1 -1 -1000 -1000 -1000 -10 0.0002 
Car -1 -1 -10 785.54 50.17 855.33 95.68 -1 -1 -1 -1000 -1000 -1000 -10 0.0002 
Car -1 -1 -10 842.92 297.96 897.43 326.50 -1 -1 -1 -1000 -1000 -1000 -10 0.0001 
Car -1 -1 -10 866.87 306.36 933.01 338.04 -1 -1 -1 -1000 -1000 -1000 -10 0.0001 
Car -1 -1 -10 983.01 271.75 1067.95 297.60 -1 -1 -1 -1000 -1000 -1000 -10 0.0000 
Car -1 -1 -10 437.99 176.52 486.25 192.95 -1 -1 -1 -1000 -1000 -1000 -10 0.0000 
Car -1 -1 -10 0.00 105.47 37.99 148.77 -1 -1 -1 -1000 -1000 -1000 -10 0.0000 
Car -1 -1 -10 117.22 175.06 183.39 220.24 -1 -1 -1 -1000 -1000 -1000 -10 0.0000 
Car -1 -1 -10 986.96 210.24 1100.75 265.60 -1 -1 -1 -1000 -1000 -1000 -10 0.0000 
Car -1 -1 -10 0.00 195.21 81.02 229.05 -1 -1 -1 -1000 -1000 -1000 -10 0.0000 
Car -1 -1 -10 0.00 15.98 83.02 71.75 -1 -1 -1 -1000 -1000 -1000 -10 0.0000 
Car -1 -1 -10 555.04 148.81 580.89 182.00 -1 -1 -1 -1000 -1000 -1000 -10 0.0000 
