Car -1 -1 -10 308.63 176.17 450.19 235.10 -1 -1 -1 -1000 -1000 -1000 -10 0.9998 
Car -1 -1 -10 452.33 182.16 519.25 207.72 -1 -1 -1 -1000 -1000 -1000 -10 0.9994 
Car -1 -1 -10 0.00 199.24 224.28 304.34 -1 -1 -1 -1000 -1000 -1000 -10 0.9731 
Car -1 -1 -10 1002.10 164.46 1051.28 186.85 -1 -1 -1 -1000 -1000 -1000 -10 0.9309 
Car -1 -1 -10 76.07 192.83 302.63 278.75 -1 -1 -1 -1000 -1000 -1000 -10 0.4893 
Car -1 -1 -10 731.49 303.05 793.04 327.70 -1 -1 -1 -1000 -1000 -1000 -10 0.0062 
Car -1 -1 -10 1184.00 160.67 1243.00 185.39 -1 -1 -1 -1000 -1000 -1000 -10 0.0036 
Car -1 -1 -10 16.60 113.74 136.18 174.08 -1 -1 -1 -1000 -1000 -1000 -10 0.0028 
Car -1 -1 -10 1187.90 116.96 1242.99 140.92 -1 -1 -1 -1000 -1000 -1000 -10 0.0011 
Car -1 -1 -10 958.87 161.73 1045.08 187.85 -1 -1 -1 -1000 -1000 -1000 -10 0.0010 
Car -1 -1 -10 7.41 200.47 127.88 252.91 -1 -1 -1 -1000 -1000 -1000 -10 0.0009 
Car -1 -1 -10 906.15 167.27 1001.24 193.05 -1 -1 -1 -1000 -1000 -1000 -10 0.0009 
Car -1 -1 -10 165.99 194.20 314.54 265.35 -1 -1 -1 -1000 -1000 -1000 -10 0.0008 
Car -1 -1 -10 1164.50 158.44 1206.69 177.91 -1 -1 -1 -1000 -1000 -1000 -10 0.0008 
Car -1 -1 -10 845.51 171.26 891.68 197.57 -1 -1 -1 -1000 -1000 -1000 -10 0.0006 
Car -1 -1 -10 31.68 201.05 116.70 227.63 -1 -1 -1 -1000 -1000 -1000 -10 0.0003 
Car -1 -1 -10 788.83 302.60 845.29 325.76 -1 -1 -1 -1000 -1000 -1000 -10 0.0003 
Car -1 -1 -10 886.79 323.55 944.99 348.26 -1 -1 -1 -1000 -1000 -1000 -10 0.0003 
Car -1 -1 -10 1025.40 119.27 1088.68 140.62 -1 -1 -1 -1000 -1000 -1000 -10 0.0002 
Car -1 -1 -10 756.00 171.45 826.62 210.45 -1 -1 -1 -1000 -1000 -1000 -10 0.0002 
Car -1 -1 -10 696.96 301.90 800.46 336.08 -1 -1 -1 -1000 -1000 -1000 -10 0.0001 
Car -1 -1 -10 1201.40 129.36 1242.96 173.74 -1 -1 -1 -1000 -1000 -1000 -10 0.0001 
Car -1 -1 -10 323.81 179.22 411.98 224.98 -1 -1 -1 -1000 -1000 -1000 -10 0.0001 
Car -1 -1 -10 755.73 164.99 785.58 205.71 -1 -1 -1 -1000 -1000 -1000 -10 0.0001 
Car -1 -1 -10 996.32 163.75 1057.76 200.15 -1 -1 -1 -1000 -1000 -1000 -10 0.0001 
Car -1 -1 -10 1168.80 120.87 1242.97 176.25 -1 -1 -1 -1000 -1000 -1000 -10 0.0001 
Car -1 -1 -10 1194.00 148.96 1242.96 175.46 -1 -1 -1 -1000 -1000 -1000 -10 0.0000 
Car -1 -1 -10 564.64 176.94 598.50 190.00 -1 -1 -1 -1000 -1000 -1000 -10 0.0000 
Car -1 -1 -10 283.34 130.37 354.13 162.23 -1 -1 -1 -1000 -1000 -1000 -10 0.0000 
Car -1 -1 -10 296.37 197.38 341.77 230.63 -1 -1 -1 -1000 -1000 -1000 -10 0.0000 
Car -1 -1 -10 1072.70 156.31 1132.85 176.59 -1 -1 -1 -1000 -1000 -1000 -10 0.0000 
Car -1 -1 -10 388.73 166.37 442.71 201.25 -1 -1 -1 -1000 -1000 -1000 -10 0.0000 
Car -1 -1 -10 0.10 198.25 85.77 230.14 -1 -1 -1 -1000 -1000 -1000 -10 0.0000 
Car -1 -1 -10 229.18 195.93 311.05 245.74 -1 -1 -1 -1000 -1000 -1000 -10 0.0000 
Car -1 -1 -10 548.90 181.50 609.85 193.92 -1 -1 -1 -1000 -1000 -1000 -10 0.0000 
