Car -1 -1 -10 0.00 117.44 144.73 295.45 -1 -1 -1 -1000 -1000 -1000 -10 0.2046 
Car -1 -1 -10 1135.50 276.98 1224.97 328.91 -1 -1 -1 -1000 -1000 -1000 -10 0.0223 
Car -1 -1 -10 1138.20 223.76 1224.99 254.00 -1 -1 -1 -1000 -1000 -1000 -10 0.0219 
Car -1 -1 -10 710.82 263.49 790.87 308.00 -1 -1 -1 -1000 -1000 -1000 -10 0.0047 
Car -1 -1 -10 859.38 126.20 918.61 163.52 -1 -1 -1 -1000 -1000 -1000 -10 0.0037 
Car -1 -1 -10 914.07 103.36 968.77 133.02 -1 -1 -1 -1000 -1000 -1000 -10 0.0019 
Car -1 -1 -10 1178.90 224.94 1224.99 258.98 -1 -1 -1 -1000 -1000 -1000 -10 0.0013 
Car -1 -1 -10 1167.10 223.58 1224.95 244.96 -1 -1 -1 -1000 -1000 -1000 -10 0.0009 
Car -1 -1 -10 475.04 34.31 646.35 72.41 -1 -1 -1 -1000 -1000 -1000 -10 0.0009 
Car -1 -1 -10 972.68 100.86 1075.36 137.73 -1 -1 -1 -1000 -1000 -1000 -10 0.0007 
Car -1 -1 -10 999.06 101.27 1094.85 152.05 -1 -1 -1 -1000 -1000 -1000 -10 0.0007 
Car -1 -1 -10 932.32 144.93 1021.35 178.77 -1 -1 -1 -1000 -1000 -1000 -10 0.0005 
Car -1 -1 -10 851.79 117.50 913.52 141.02 -1 -1 -1 -1000 -1000 -1000 -10 0.0005 
Car -1 -1 -10 843.66 214.86 957.72 252.69 -1 -1 -1 -1000 -1000 -1000 -10 0.0004 
Car -1 -1 -10 922.03 118.13 988.48 152.09 -1 -1 -1 -1000 -1000 -1000 -10 0.0001 
Car -1 -1 -10 897.68 105.54 977.50 145.04 -1 -1 -1 -1000 -1000 -1000 -10 0.0000 
Car -1 -1 -10 890.12 117.16 960.59 148.75 -1 -1 -1 -1000 -1000 -1000 -10 0.0000 
Car -1 -1 -10 925.13 103.71 1045.45 142.63 -1 -1 -1 -1000 -1000 -1000 -10 0.0000 
Car -1 -1 -10 867.19 116.99 943.13 143.14 -1 -1 -1 -1000 -1000 -1000 -10 0.0000 
Car -1 -1 -10 923.64 106.73 1005.36 135.95 -1 -1 -1 -1000 -1000 -1000 -10 0.0000 
Car -1 -1 -10 934.27 113.10 1016.79 164.28 -1 -1 -1 -1000 -1000 -1000 -10 0.0000 
Car -1 -1 -10 889.76 10.13 1025.54 89.93 -1 -1 -1 -1000 -1000 -1000 -10 0.0000 
Car -1 -1 -10 950.52 101.57 1013.53 132.00 -1 -1 -1 -1000 -1000 -1000 -10 0.0000 
Car -1 -1 -10 611.17 50.74 748.57 87.99 -1 -1 -1 -1000 -1000 -1000 -10 0.0000 
