Car -1 -1 -10 407.12 150.78 505.70 213.36 -1 -1 -1 -1000 -1000 -1000 -10 0.9997 
Car -1 -1 -10 46.83 154.96 362.78 320.40 -1 -1 -1 -1000 -1000 -1000 -10 0.9980 
Car -1 -1 -10 447.54 138.98 528.65 201.69 -1 -1 -1 -1000 -1000 -1000 -10 0.9972 
Car -1 -1 -10 724.73 150.03 934.38 197.48 -1 -1 -1 -1000 -1000 -1000 -10 0.7708 
Car -1 -1 -10 725.55 145.87 796.95 197.22 -1 -1 -1 -1000 -1000 -1000 -10 0.5574 
Car -1 -1 -10 496.21 146.40 546.02 187.01 -1 -1 -1 -1000 -1000 -1000 -10 0.2298 
Car -1 -1 -10 828.09 146.55 1243.00 367.01 -1 -1 -1 -1000 -1000 -1000 -10 0.1066 
Car -1 -1 -10 781.98 149.20 954.40 310.34 -1 -1 -1 -1000 -1000 -1000 -10 0.0220 
Car -1 -1 -10 212.88 32.36 309.65 96.10 -1 -1 -1 -1000 -1000 -1000 -10 0.0122 
Car -1 -1 -10 794.40 156.15 1036.97 221.71 -1 -1 -1 -1000 -1000 -1000 -10 0.0082 
Car -1 -1 -10 832.83 263.67 900.17 327.80 -1 -1 -1 -1000 -1000 -1000 -10 0.0070 
Car -1 -1 -10 173.70 168.09 352.58 251.03 -1 -1 -1 -1000 -1000 -1000 -10 0.0046 
Car -1 -1 -10 945.14 313.58 1005.77 360.43 -1 -1 -1 -1000 -1000 -1000 -10 0.0043 
Car -1 -1 -10 815.39 161.99 1243.00 268.76 -1 -1 -1 -1000 -1000 -1000 -10 0.0040 
Car -1 -1 -10 242.66 47.82 290.90 88.15 -1 -1 -1 -1000 -1000 -1000 -10 0.0031 
Car -1 -1 -10 763.19 311.50 825.75 350.27 -1 -1 -1 -1000 -1000 -1000 -10 0.0028 
Car -1 -1 -10 0.00 256.13 41.06 297.57 -1 -1 -1 -1000 -1000 -1000 -10 0.0022 
Car -1 -1 -10 876.33 301.88 947.61 336.40 -1 -1 -1 -1000 -1000 -1000 -10 0.0022 
Car -1 -1 -10 419.15 150.49 478.72 187.62 -1 -1 -1 -1000 -1000 -1000 -10 0.0021 
Car -1 -1 -10 432.26 149.59 474.51 170.36 -1 -1 -1 -1000 -1000 -1000 -10 0.0019 
Car -1 -1 -10 827.98 260.21 892.79 294.20 -1 -1 -1 -1000 -1000 -1000 -10 0.0016 
Car -1 -1 -10 739.93 0.00 821.31 23.68 -1 -1 -1 -1000 -1000 -1000 -10 0.0013 
Car -1 -1 -10 841.72 292.20 923.16 344.83 -1 -1 -1 -1000 -1000 -1000 -10 0.0012 
Car -1 -1 -10 685.69 252.08 756.12 304.09 -1 -1 -1 -1000 -1000 -1000 -10 0.0007 
Car -1 -1 -10 610.65 87.45 658.73 117.61 -1 -1 -1 -1000 -1000 -1000 -10 0.0007 
Car -1 -1 -10 132.99 24.96 206.42 74.83 -1 -1 -1 -1000 -1000 -1000 -10 0.0005 
Car -1 -1 -10 414.94 76.38 480.72 103.39 -1 -1 -1 -1000 -1000 -1000 -10 0.0005 
Car -1 -1 -10 258.27 167.43 353.69 233.44 -1 -1 -1 -1000 -1000 -1000 -10 0.0004 
Car -1 -1 -10 826.35 58.79 867.54 78.78 -1 -1 -1 -1000 -1000 -1000 -10 0.0004 
Car -1 -1 -10 104.28 68.16 181.11 142.54 -1 -1 -1 -1000 -1000 -1000 -10 0.0003 
Car -1 -1 -10 855.46 164.55 1129.19 217.35 -1 -1 -1 -1000 -1000 -1000 -10 0.0003 
Car -1 -1 -10 560.58 71.96 639.99 102.29 -1 -1 -1 -1000 -1000 -1000 -10 0.0002 
Car -1 -1 -10 781.32 146.51 856.71 172.36 -1 -1 -1 -1000 -1000 -1000 -10 0.0001 
Car -1 -1 -10 800.03 152.39 943.41 187.78 -1 -1 -1 -1000 -1000 -1000 -10 0.0001 
Car -1 -1 -10 902.69 156.38 996.61 184.95 -1 -1 -1 -1000 -1000 -1000 -10 0.0001 
Car -1 -1 -10 834.19 64.60 932.51 96.64 -1 -1 -1 -1000 -1000 -1000 -10 0.0001 
Car -1 -1 -10 347.76 173.56 376.71 194.63 -1 -1 -1 -1000 -1000 -1000 -10 0.0001 
Car -1 -1 -10 147.14 170.33 281.74 228.43 -1 -1 -1 -1000 -1000 -1000 -10 0.0001 
Car -1 -1 -10 141.60 164.44 193.36 188.43 -1 -1 -1 -1000 -1000 -1000 -10 0.0001 
Car -1 -1 -10 827.00 296.08 950.50 365.42 -1 -1 -1 -1000 -1000 -1000 -10 0.0001 
Car -1 -1 -10 701.08 0.00 857.33 32.88 -1 -1 -1 -1000 -1000 -1000 -10 0.0000 
Car -1 -1 -10 297.05 153.65 361.69 183.69 -1 -1 -1 -1000 -1000 -1000 -10 0.0000 
Car -1 -1 -10 624.31 85.94 659.53 109.10 -1 -1 -1 -1000 -1000 -1000 -10 0.0000 
Car -1 -1 -10 56.12 204.88 182.23 302.17 -1 -1 -1 -1000 -1000 -1000 -10 0.0000 
Car -1 -1 -10 784.83 60.94 858.85 79.52 -1 -1 -1 -1000 -1000 -1000 -10 0.0000 
Car -1 -1 -10 444.03 64.14 491.43 96.53 -1 -1 -1 -1000 -1000 -1000 -10 0.0000 
Car -1 -1 -10 397.17 164.90 438.82 202.28 -1 -1 -1 -1000 -1000 -1000 -10 0.0000 
Car -1 -1 -10 280.25 158.33 341.52 180.36 -1 -1 -1 -1000 -1000 -1000 -10 0.0000 
Car -1 -1 -10 816.73 66.63 874.58 86.58 -1 -1 -1 -1000 -1000 -1000 -10 0.0000 
Car -1 -1 -10 788.85 66.34 869.89 92.20 -1 -1 -1 -1000 -1000 -1000 -10 0.0000 
Car -1 -1 -10 573.86 78.78 659.71 121.91 -1 -1 -1 -1000 -1000 -1000 -10 0.0000 
Car -1 -1 -10 263.94 167.79 341.61 193.97 -1 -1 -1 -1000 -1000 -1000 -10 0.0000 
Car -1 -1 -10 690.67 45.86 912.07 107.28 -1 -1 -1 -1000 -1000 -1000 -10 0.0000 
Car -1 -1 -10 289.09 163.64 375.74 194.66 -1 -1 -1 -1000 -1000 -1000 -10 0.0000 
Car -1 -1 -10 757.07 52.46 861.00 83.89 -1 -1 -1 -1000 -1000 -1000 -10 0.0000 
Car -1 -1 -10 713.81 126.65 792.68 177.78 -1 -1 -1 -1000 -1000 -1000 -10 0.0000 
Car -1 -1 -10 703.20 52.71 804.16 83.38 -1 -1 -1 -1000 -1000 -1000 -10 0.0000 
Car -1 -1 -10 442.25 126.35 473.02 164.88 -1 -1 -1 -1000 -1000 -1000 -10 0.0000 
Car -1 -1 -10 740.50 129.30 797.82 167.75 -1 -1 -1 -1000 -1000 -1000 -10 0.0000 
