Car -1 -1 -10 658.36 179.61 700.58 208.76 -1 -1 -1 -1000 -1000 -1000 -10 1.0000 
Car -1 -1 -10 579.62 178.70 636.10 225.38 -1 -1 -1 -1000 -1000 -1000 -10 0.9999 
Car -1 -1 -10 300.75 179.04 478.55 254.97 -1 -1 -1 -1000 -1000 -1000 -10 0.9960 
Car -1 -1 -10 91.02 153.13 377.41 345.80 -1 -1 -1 -1000 -1000 -1000 -10 0.9859 
Car -1 -1 -10 468.71 174.73 543.22 211.35 -1 -1 -1 -1000 -1000 -1000 -10 0.5672 
Car -1 -1 -10 736.87 151.02 973.71 309.47 -1 -1 -1 -1000 -1000 -1000 -10 0.2433 
Car -1 -1 -10 67.63 172.65 178.18 216.92 -1 -1 -1 -1000 -1000 -1000 -10 0.0368 
Car -1 -1 -10 381.53 177.84 504.79 224.24 -1 -1 -1 -1000 -1000 -1000 -10 0.0270 
Car -1 -1 -10 433.17 176.09 521.11 216.79 -1 -1 -1 -1000 -1000 -1000 -10 0.0135 
Car -1 -1 -10 1051.40 73.06 1107.49 94.40 -1 -1 -1 -1000 -1000 -1000 -10 0.0108 
Car -1 -1 -10 704.26 192.38 772.55 241.06 -1 -1 -1 -1000 -1000 -1000 -10 0.0104 
Car -1 -1 -10 531.64 172.88 574.92 198.85 -1 -1 -1 -1000 -1000 -1000 -10 0.0065 
Car -1 -1 -10 1091.50 139.55 1135.72 184.60 -1 -1 -1 -1000 -1000 -1000 -10 0.0061 
Car -1 -1 -10 1144.70 225.10 1242.98 301.04 -1 -1 -1 -1000 -1000 -1000 -10 0.0035 
Car -1 -1 -10 1132.00 233.06 1200.23 269.08 -1 -1 -1 -1000 -1000 -1000 -10 0.0026 
Car -1 -1 -10 141.03 160.83 215.49 203.57 -1 -1 -1 -1000 -1000 -1000 -10 0.0018 
Car -1 -1 -10 78.71 176.32 154.73 206.01 -1 -1 -1 -1000 -1000 -1000 -10 0.0015 
Car -1 -1 -10 0.00 213.23 103.25 277.44 -1 -1 -1 -1000 -1000 -1000 -10 0.0015 
Car -1 -1 -10 960.52 153.59 1026.31 188.51 -1 -1 -1 -1000 -1000 -1000 -10 0.0015 
Car -1 -1 -10 113.54 163.00 245.59 214.55 -1 -1 -1 -1000 -1000 -1000 -10 0.0014 
Car -1 -1 -10 0.00 198.80 152.13 296.58 -1 -1 -1 -1000 -1000 -1000 -10 0.0011 
Car -1 -1 -10 975.53 222.01 1038.91 265.25 -1 -1 -1 -1000 -1000 -1000 -10 0.0009 
Car -1 -1 -10 76.54 158.42 363.94 248.82 -1 -1 -1 -1000 -1000 -1000 -10 0.0008 
Car -1 -1 -10 0.00 236.49 70.64 277.44 -1 -1 -1 -1000 -1000 -1000 -10 0.0008 
Car -1 -1 -10 147.67 141.64 235.99 174.05 -1 -1 -1 -1000 -1000 -1000 -10 0.0006 
Car -1 -1 -10 712.01 177.51 800.49 259.96 -1 -1 -1 -1000 -1000 -1000 -10 0.0005 
Car -1 -1 -10 238.49 77.28 315.02 104.49 -1 -1 -1 -1000 -1000 -1000 -10 0.0004 
Car -1 -1 -10 638.98 160.64 666.26 195.26 -1 -1 -1 -1000 -1000 -1000 -10 0.0003 
Car -1 -1 -10 1158.70 188.01 1240.98 250.70 -1 -1 -1 -1000 -1000 -1000 -10 0.0003 
Car -1 -1 -10 1069.60 60.97 1116.25 88.35 -1 -1 -1 -1000 -1000 -1000 -10 0.0002 
Car -1 -1 -10 1022.40 207.76 1103.51 278.72 -1 -1 -1 -1000 -1000 -1000 -10 0.0002 
Car -1 -1 -10 154.19 161.67 250.82 195.05 -1 -1 -1 -1000 -1000 -1000 -10 0.0002 
Car -1 -1 -10 991.66 209.60 1083.21 269.64 -1 -1 -1 -1000 -1000 -1000 -10 0.0001 
Car -1 -1 -10 952.63 149.70 1074.20 191.38 -1 -1 -1 -1000 -1000 -1000 -10 0.0001 
Car -1 -1 -10 898.67 54.12 954.10 82.13 -1 -1 -1 -1000 -1000 -1000 -10 0.0001 
Car -1 -1 -10 824.96 68.32 920.87 114.94 -1 -1 -1 -1000 -1000 -1000 -10 0.0001 
Car -1 -1 -10 960.42 225.25 996.45 258.72 -1 -1 -1 -1000 -1000 -1000 -10 0.0001 
Car -1 -1 -10 367.85 175.53 448.90 204.67 -1 -1 -1 -1000 -1000 -1000 -10 0.0001 
Car -1 -1 -10 932.25 207.92 983.74 265.79 -1 -1 -1 -1000 -1000 -1000 -10 0.0001 
Car -1 -1 -10 994.24 208.19 1168.85 281.89 -1 -1 -1 -1000 -1000 -1000 -10 0.0000 
Car -1 -1 -10 719.38 124.09 979.04 178.32 -1 -1 -1 -1000 -1000 -1000 -10 0.0000 
Car -1 -1 -10 993.95 12.68 1165.70 69.56 -1 -1 -1 -1000 -1000 -1000 -10 0.0000 
Car -1 -1 -10 205.58 154.38 373.79 285.59 -1 -1 -1 -1000 -1000 -1000 -10 0.0000 
Car -1 -1 -10 118.17 199.10 218.91 289.30 -1 -1 -1 -1000 -1000 -1000 -10 0.0000 
Car -1 -1 -10 379.20 136.97 421.57 158.81 -1 -1 -1 -1000 -1000 -1000 -10 0.0000 
Car -1 -1 -10 360.46 176.80 421.17 197.05 -1 -1 -1 -1000 -1000 -1000 -10 0.0000 
Car -1 -1 -10 871.98 196.32 963.82 288.33 -1 -1 -1 -1000 -1000 -1000 -10 0.0000 
Car -1 -1 -10 180.29 143.43 239.54 183.25 -1 -1 -1 -1000 -1000 -1000 -10 0.0000 
Car -1 -1 -10 124.46 147.08 273.43 198.01 -1 -1 -1 -1000 -1000 -1000 -10 0.0000 
Car -1 -1 -10 768.42 124.97 852.32 152.87 -1 -1 -1 -1000 -1000 -1000 -10 0.0000 
Car -1 -1 -10 707.71 145.11 840.48 273.29 -1 -1 -1 -1000 -1000 -1000 -10 0.0000 
Car -1 -1 -10 122.18 172.87 246.69 340.20 -1 -1 -1 -1000 -1000 -1000 -10 0.0000 
Car -1 -1 -10 350.53 179.32 466.31 217.04 -1 -1 -1 -1000 -1000 -1000 -10 0.0000 
Car -1 -1 -10 759.00 125.84 898.70 160.07 -1 -1 -1 -1000 -1000 -1000 -10 0.0000 
Car -1 -1 -10 81.39 228.26 234.89 318.62 -1 -1 -1 -1000 -1000 -1000 -10 0.0000 
Car -1 -1 -10 650.29 167.35 672.66 194.38 -1 -1 -1 -1000 -1000 -1000 -10 0.0000 
Car -1 -1 -10 304.06 167.35 407.38 209.93 -1 -1 -1 -1000 -1000 -1000 -10 0.0000 
