Car -1 -1 -10 389.75 170.98 431.82 208.73 -1 -1 -1 -1000 -1000 -1000 -10 0.9991 
Car -1 -1 -10 531.17 131.27 626.12 202.59 -1 -1 -1 -1000 -1000 -1000 -10 0.6654 
Car -1 -1 -10 674.20 185.67 723.93 211.77 -1 -1 -1 -1000 -1000 -1000 -10 0.0151 
Car -1 -1 -10 997.39 221.18 1057.71 254.45 -1 -1 -1 -1000 -1000 -1000 -10 0.0146 
Car -1 -1 -10 410.37 160.49 441.21 180.72 -1 -1 -1 -1000 -1000 -1000 -10 0.0084 
Car -1 -1 -10 0.00 232.79 99.73 270.76 -1 -1 -1 -1000 -1000 -1000 -10 0.0082 
Car -1 -1 -10 1154.20 206.22 1221.35 250.11 -1 -1 -1 -1000 -1000 -1000 -10 0.0021 
Car -1 -1 -10 1165.20 226.29 1217.53 254.75 -1 -1 -1 -1000 -1000 -1000 -10 0.0020 
Car -1 -1 -10 776.41 174.14 826.51 207.57 -1 -1 -1 -1000 -1000 -1000 -10 0.0017 
Car -1 -1 -10 762.54 198.70 822.95 233.21 -1 -1 -1 -1000 -1000 -1000 -10 0.0015 
Car -1 -1 -10 659.06 170.73 708.28 189.77 -1 -1 -1 -1000 -1000 -1000 -10 0.0011 
Car -1 -1 -10 553.64 132.66 622.26 181.35 -1 -1 -1 -1000 -1000 -1000 -10 0.0008 
Car -1 -1 -10 783.97 196.70 843.17 234.80 -1 -1 -1 -1000 -1000 -1000 -10 0.0007 
Car -1 -1 -10 574.55 157.21 654.87 196.62 -1 -1 -1 -1000 -1000 -1000 -10 0.0005 
Car -1 -1 -10 50.92 219.92 297.13 328.04 -1 -1 -1 -1000 -1000 -1000 -10 0.0003 
Car -1 -1 -10 783.45 181.82 832.31 217.38 -1 -1 -1 -1000 -1000 -1000 -10 0.0003 
Car -1 -1 -10 900.41 97.74 979.48 125.00 -1 -1 -1 -1000 -1000 -1000 -10 0.0002 
Car -1 -1 -10 7.10 242.23 136.58 310.83 -1 -1 -1 -1000 -1000 -1000 -10 0.0002 
Car -1 -1 -10 802.72 197.09 865.29 224.91 -1 -1 -1 -1000 -1000 -1000 -10 0.0002 
Car -1 -1 -10 666.37 132.98 738.36 169.11 -1 -1 -1 -1000 -1000 -1000 -10 0.0001 
Car -1 -1 -10 671.02 173.42 715.56 204.06 -1 -1 -1 -1000 -1000 -1000 -10 0.0000 
Car -1 -1 -10 608.69 122.26 644.82 145.32 -1 -1 -1 -1000 -1000 -1000 -10 0.0000 
Car -1 -1 -10 65.07 246.55 142.77 277.85 -1 -1 -1 -1000 -1000 -1000 -10 0.0000 
Car -1 -1 -10 402.54 165.44 431.18 193.80 -1 -1 -1 -1000 -1000 -1000 -10 0.0000 
