Car -1 -1 -10 395.25 188.92 512.24 266.06 -1 -1 -1 -1000 -1000 -1000 -10 1.0000 
Car -1 -1 -10 39.09 289.85 90.07 319.30 -1 -1 -1 -1000 -1000 -1000 -10 0.0185 
Car -1 -1 -10 611.88 72.91 662.71 101.08 -1 -1 -1 -1000 -1000 -1000 -10 0.0107 
Car -1 -1 -10 623.50 98.23 678.57 130.93 -1 -1 -1 -1000 -1000 -1000 -10 0.0092 
Car -1 -1 -10 558.44 115.00 609.32 143.55 -1 -1 -1 -1000 -1000 -1000 -10 0.0057 
Car -1 -1 -10 623.53 77.14 687.47 112.07 -1 -1 -1 -1000 -1000 -1000 -10 0.0052 
Car -1 -1 -10 1075.30 249.54 1140.26 276.47 -1 -1 -1 -1000 -1000 -1000 -10 0.0044 
Car -1 -1 -10 616.82 63.48 669.74 92.96 -1 -1 -1 -1000 -1000 -1000 -10 0.0042 
Car -1 -1 -10 210.28 198.53 266.79 226.77 -1 -1 -1 -1000 -1000 -1000 -10 0.0041 
Car -1 -1 -10 554.17 123.42 611.46 151.82 -1 -1 -1 -1000 -1000 -1000 -10 0.0027 
Car -1 -1 -10 20.17 165.54 75.12 204.66 -1 -1 -1 -1000 -1000 -1000 -10 0.0026 
Car -1 -1 -10 611.38 83.98 672.98 119.52 -1 -1 -1 -1000 -1000 -1000 -10 0.0026 
Car -1 -1 -10 612.71 57.85 663.50 80.46 -1 -1 -1 -1000 -1000 -1000 -10 0.0026 
Car -1 -1 -10 170.82 198.75 222.06 228.70 -1 -1 -1 -1000 -1000 -1000 -10 0.0023 
Car -1 -1 -10 245.40 99.96 300.67 121.28 -1 -1 -1 -1000 -1000 -1000 -10 0.0020 
Car -1 -1 -10 180.86 250.35 242.38 281.45 -1 -1 -1 -1000 -1000 -1000 -10 0.0018 
Car -1 -1 -10 285.03 32.22 343.53 60.65 -1 -1 -1 -1000 -1000 -1000 -10 0.0018 
Car -1 -1 -10 1125.40 40.73 1176.44 61.49 -1 -1 -1 -1000 -1000 -1000 -10 0.0018 
Car -1 -1 -10 614.96 63.75 692.09 105.08 -1 -1 -1 -1000 -1000 -1000 -10 0.0017 
Car -1 -1 -10 588.51 101.61 652.90 127.14 -1 -1 -1 -1000 -1000 -1000 -10 0.0013 
Car -1 -1 -10 1112.70 319.90 1167.84 347.04 -1 -1 -1 -1000 -1000 -1000 -10 0.0013 
Car -1 -1 -10 301.97 36.04 373.68 56.01 -1 -1 -1 -1000 -1000 -1000 -10 0.0013 
Car -1 -1 -10 285.13 22.34 336.27 52.98 -1 -1 -1 -1000 -1000 -1000 -10 0.0012 
Car -1 -1 -10 556.60 116.65 639.31 161.99 -1 -1 -1 -1000 -1000 -1000 -10 0.0010 
Car -1 -1 -10 565.43 105.35 615.85 131.58 -1 -1 -1 -1000 -1000 -1000 -10 0.0009 
Car -1 -1 -10 569.78 111.96 647.61 147.96 -1 -1 -1 -1000 -1000 -1000 -10 0.0009 
Car -1 -1 -10 544.50 128.81 601.33 160.01 -1 -1 -1 -1000 -1000 -1000 -10 0.0008 
Car -1 -1 -10 195.42 187.87 270.43 220.82 -1 -1 -1 -1000 -1000 -1000 -10 0.0008 
Car -1 -1 -10 289.50 40.13 362.81 63.30 -1 -1 -1 -1000 -1000 -1000 -10 0.0008 
Car -1 -1 -10 595.76 107.04 660.80 139.41 -1 -1 -1 -1000 -1000 -1000 -10 0.0007 
Car -1 -1 -10 827.48 211.31 880.87 233.74 -1 -1 -1 -1000 -1000 -1000 -10 0.0006 
Car -1 -1 -10 604.11 48.23 675.37 84.40 -1 -1 -1 -1000 -1000 -1000 -10 0.0004 
Car -1 -1 -10 597.84 112.83 686.09 160.77 -1 -1 -1 -1000 -1000 -1000 -10 0.0004 
Car -1 -1 -10 938.41 166.05 977.85 202.00 -1 -1 -1 -1000 -1000 -1000 -10 0.0004 
Car -1 -1 -10 556.12 138.80 630.52 168.82 -1 -1 -1 -1000 -1000 -1000 -10 0.0003 
Car -1 -1 -10 1105.50 309.83 1167.23 338.10 -1 -1 -1 -1000 -1000 -1000 -10 0.0003 
Car -1 -1 -10 976.05 342.17 1034.19 358.81 -1 -1 -1 -1000 -1000 -1000 -10 0.0001 
Car -1 -1 -10 639.43 166.72 684.65 193.28 -1 -1 -1 -1000 -1000 -1000 -10 0.0001 
Car -1 -1 -10 741.67 134.64 833.01 170.73 -1 -1 -1 -1000 -1000 -1000 -10 0.0001 
Car -1 -1 -10 705.38 174.49 784.96 202.74 -1 -1 -1 -1000 -1000 -1000 -10 0.0001 
Car -1 -1 -10 712.73 163.30 818.11 199.24 -1 -1 -1 -1000 -1000 -1000 -10 0.0001 
Car -1 -1 -10 878.11 197.90 966.62 226.27 -1 -1 -1 -1000 -1000 -1000 -10 0.0001 
Car -1 -1 -10 752.12 144.00 852.78 179.96 -1 -1 -1 -1000 -1000 -1000 -10 0.0001 
Car -1 -1 -10 608.86 134.64 682.82 165.83 -1 -1 -1 -1000 -1000 -1000 -10 0.0001 
Car -1 -1 -10 1076.50 251.88 1163.28 291.94 -1 -1 -1 -1000 -1000 -1000 -10 0.0001 
Car -1 -1 -10 779.83 159.31 842.23 187.67 -1 -1 -1 -1000 -1000 -1000 -10 0.0000 
Car -1 -1 -10 1136.00 323.90 1205.15 351.92 -1 -1 -1 -1000 -1000 -1000 -10 0.0000 
Car -1 -1 -10 434.50 189.72 506.69 239.66 -1 -1 -1 -1000 -1000 -1000 -10 0.0000 
Car -1 -1 -10 805.21 156.39 874.16 177.82 -1 -1 -1 -1000 -1000 -1000 -10 0.0000 
Car -1 -1 -10 514.68 176.60 561.69 200.40 -1 -1 -1 -1000 -1000 -1000 -10 0.0000 
Car -1 -1 -10 448.86 188.77 515.82 215.75 -1 -1 -1 -1000 -1000 -1000 -10 0.0000 
Car -1 -1 -10 794.13 159.36 865.13 193.43 -1 -1 -1 -1000 -1000 -1000 -10 0.0000 
