Car -1 -1 -10 431.73 174.28 466.69 203.23 -1 -1 -1 -1000 -1000 -1000 -10 0.9995 
Car -1 -1 -10 96.95 131.50 248.25 201.90 -1 -1 -1 -1000 -1000 -1000 -10 0.0959 
Car -1 -1 -10 406.95 172.13 447.25 196.18 -1 -1 -1 -1000 -1000 -1000 -10 0.0357 
Car -1 -1 -10 902.09 314.31 961.74 346.21 -1 -1 -1 -1000 -1000 -1000 -10 0.0284 
Car -1 -1 -10 1002.30 171.66 1044.47 199.59 -1 -1 -1 -1000 -1000 -1000 -10 0.0264 
Car -1 -1 -10 124.14 135.15 222.79 183.01 -1 -1 -1 -1000 -1000 -1000 -10 0.0257 
Car -1 -1 -10 119.38 132.68 168.33 170.92 -1 -1 -1 -1000 -1000 -1000 -10 0.0121 
Car -1 -1 -10 110.16 111.13 175.59 176.48 -1 -1 -1 -1000 -1000 -1000 -10 0.0084 
Car -1 -1 -10 589.78 106.17 640.29 138.28 -1 -1 -1 -1000 -1000 -1000 -10 0.0046 
Car -1 -1 -10 146.39 133.54 207.99 171.34 -1 -1 -1 -1000 -1000 -1000 -10 0.0042 
Car -1 -1 -10 419.98 173.16 454.59 199.74 -1 -1 -1 -1000 -1000 -1000 -10 0.0040 
Car -1 -1 -10 5.66 170.91 78.31 229.79 -1 -1 -1 -1000 -1000 -1000 -10 0.0037 
Car -1 -1 -10 61.34 124.37 147.03 162.50 -1 -1 -1 -1000 -1000 -1000 -10 0.0034 
Car -1 -1 -10 885.23 315.82 938.41 345.69 -1 -1 -1 -1000 -1000 -1000 -10 0.0030 
Car -1 -1 -10 885.97 312.50 979.70 354.05 -1 -1 -1 -1000 -1000 -1000 -10 0.0018 
Car -1 -1 -10 153.27 188.56 203.85 227.06 -1 -1 -1 -1000 -1000 -1000 -10 0.0016 
Car -1 -1 -10 857.45 314.68 911.75 345.46 -1 -1 -1 -1000 -1000 -1000 -10 0.0016 
Car -1 -1 -10 1144.50 97.19 1220.51 126.23 -1 -1 -1 -1000 -1000 -1000 -10 0.0011 
Car -1 -1 -10 1001.10 171.39 1073.38 193.62 -1 -1 -1 -1000 -1000 -1000 -10 0.0011 
Car -1 -1 -10 496.59 167.84 530.26 195.00 -1 -1 -1 -1000 -1000 -1000 -10 0.0010 
Car -1 -1 -10 34.19 161.83 140.07 217.13 -1 -1 -1 -1000 -1000 -1000 -10 0.0008 
Car -1 -1 -10 23.70 206.88 410.78 362.08 -1 -1 -1 -1000 -1000 -1000 -10 0.0008 
Car -1 -1 -10 874.94 311.64 924.72 340.82 -1 -1 -1 -1000 -1000 -1000 -10 0.0007 
Car -1 -1 -10 983.31 84.73 1048.17 108.89 -1 -1 -1 -1000 -1000 -1000 -10 0.0005 
Car -1 -1 -10 983.18 58.70 1055.54 107.07 -1 -1 -1 -1000 -1000 -1000 -10 0.0004 
Car -1 -1 -10 868.20 78.33 931.77 172.14 -1 -1 -1 -1000 -1000 -1000 -10 0.0003 
Car -1 -1 -10 118.27 168.01 201.18 221.15 -1 -1 -1 -1000 -1000 -1000 -10 0.0003 
Car -1 -1 -10 854.55 25.90 924.31 72.38 -1 -1 -1 -1000 -1000 -1000 -10 0.0000 
Car -1 -1 -10 761.48 172.88 802.98 188.54 -1 -1 -1 -1000 -1000 -1000 -10 0.0000 
Car -1 -1 -10 737.23 176.02 791.37 192.65 -1 -1 -1 -1000 -1000 -1000 -10 0.0000 
Car -1 -1 -10 602.62 163.62 654.30 179.08 -1 -1 -1 -1000 -1000 -1000 -10 0.0000 
