Car -1 -1 -10 372.17 194.53 521.62 300.02 -1 -1 -1 -1000 -1000 -1000 -10 1.0000 
Car -1 -1 -10 121.20 187.39 322.14 287.32 -1 -1 -1 -1000 -1000 -1000 -10 1.0000 
Car -1 -1 -10 571.16 181.44 622.29 222.99 -1 -1 -1 -1000 -1000 -1000 -10 1.0000 
Car -1 -1 -10 223.94 179.22 306.03 213.62 -1 -1 -1 -1000 -1000 -1000 -10 0.9979 
Car -1 -1 -10 646.05 180.97 704.44 225.47 -1 -1 -1 -1000 -1000 -1000 -10 0.9924 
Car -1 -1 -10 458.14 181.45 547.81 259.47 -1 -1 -1 -1000 -1000 -1000 -10 0.8758 
Car -1 -1 -10 335.19 178.76 464.43 223.64 -1 -1 -1 -1000 -1000 -1000 -10 0.4530 
Car -1 -1 -10 632.23 182.65 676.95 212.76 -1 -1 -1 -1000 -1000 -1000 -10 0.1759 
Car -1 -1 -10 325.45 177.69 391.60 208.91 -1 -1 -1 -1000 -1000 -1000 -10 0.1593 
Car -1 -1 -10 0.00 181.53 80.20 247.06 -1 -1 -1 -1000 -1000 -1000 -10 0.0722 
Car -1 -1 -10 23.80 127.63 68.59 170.13 -1 -1 -1 -1000 -1000 -1000 -10 0.0384 
Car -1 -1 -10 366.75 179.02 444.80 214.89 -1 -1 -1 -1000 -1000 -1000 -10 0.0184 
Car -1 -1 -10 20.74 175.88 63.34 217.62 -1 -1 -1 -1000 -1000 -1000 -10 0.0155 
Car -1 -1 -10 697.56 176.92 769.02 240.64 -1 -1 -1 -1000 -1000 -1000 -10 0.0144 
Car -1 -1 -10 4.85 180.73 54.51 224.89 -1 -1 -1 -1000 -1000 -1000 -10 0.0114 
Car -1 -1 -10 17.07 158.37 84.82 231.76 -1 -1 -1 -1000 -1000 -1000 -10 0.0104 
Car -1 -1 -10 20.71 190.91 63.15 242.66 -1 -1 -1 -1000 -1000 -1000 -10 0.0088 
Car -1 -1 -10 28.03 195.99 84.41 245.99 -1 -1 -1 -1000 -1000 -1000 -10 0.0088 
Car -1 -1 -10 407.02 174.80 478.41 212.63 -1 -1 -1 -1000 -1000 -1000 -10 0.0086 
Car -1 -1 -10 4.72 267.87 49.57 299.30 -1 -1 -1 -1000 -1000 -1000 -10 0.0080 
Car -1 -1 -10 1009.90 267.25 1243.04 372.67 -1 -1 -1 -1000 -1000 -1000 -10 0.0071 
Car -1 -1 -10 430.21 183.79 531.83 280.28 -1 -1 -1 -1000 -1000 -1000 -10 0.0045 
Car -1 -1 -10 363.54 178.14 453.16 266.04 -1 -1 -1 -1000 -1000 -1000 -10 0.0026 
Car -1 -1 -10 2.84 249.26 55.81 304.64 -1 -1 -1 -1000 -1000 -1000 -10 0.0023 
Car -1 -1 -10 596.92 109.51 670.47 147.56 -1 -1 -1 -1000 -1000 -1000 -10 0.0020 
Car -1 -1 -10 656.40 183.43 740.11 225.58 -1 -1 -1 -1000 -1000 -1000 -10 0.0015 
Car -1 -1 -10 891.39 135.65 1067.88 277.82 -1 -1 -1 -1000 -1000 -1000 -10 0.0010 
Car -1 -1 -10 677.15 133.69 1052.26 301.85 -1 -1 -1 -1000 -1000 -1000 -10 0.0010 
Car -1 -1 -10 11.91 283.56 82.84 316.51 -1 -1 -1 -1000 -1000 -1000 -10 0.0007 
Car -1 -1 -10 593.12 92.74 688.75 154.80 -1 -1 -1 -1000 -1000 -1000 -10 0.0007 
Car -1 -1 -10 55.55 245.25 137.76 286.09 -1 -1 -1 -1000 -1000 -1000 -10 0.0006 
Car -1 -1 -10 322.41 88.27 387.82 128.41 -1 -1 -1 -1000 -1000 -1000 -10 0.0005 
Car -1 -1 -10 778.33 214.94 1091.44 328.64 -1 -1 -1 -1000 -1000 -1000 -10 0.0004 
Car -1 -1 -10 35.62 237.67 104.41 289.15 -1 -1 -1 -1000 -1000 -1000 -10 0.0004 
Car -1 -1 -10 121.52 182.08 172.07 215.32 -1 -1 -1 -1000 -1000 -1000 -10 0.0004 
Car -1 -1 -10 445.72 180.93 531.87 211.36 -1 -1 -1 -1000 -1000 -1000 -10 0.0004 
Car -1 -1 -10 853.22 183.99 927.62 221.22 -1 -1 -1 -1000 -1000 -1000 -10 0.0004 
Car -1 -1 -10 1075.80 68.43 1173.63 117.75 -1 -1 -1 -1000 -1000 -1000 -10 0.0002 
Car -1 -1 -10 724.22 173.01 965.10 308.93 -1 -1 -1 -1000 -1000 -1000 -10 0.0002 
Car -1 -1 -10 815.88 113.75 1156.29 343.49 -1 -1 -1 -1000 -1000 -1000 -10 0.0001 
Car -1 -1 -10 181.55 181.71 310.00 267.80 -1 -1 -1 -1000 -1000 -1000 -10 0.0001 
Car -1 -1 -10 495.80 178.73 539.23 206.61 -1 -1 -1 -1000 -1000 -1000 -10 0.0001 
Car -1 -1 -10 26.92 204.75 113.83 291.97 -1 -1 -1 -1000 -1000 -1000 -10 0.0001 
Car -1 -1 -10 182.49 189.98 282.66 221.24 -1 -1 -1 -1000 -1000 -1000 -10 0.0001 
Car -1 -1 -10 940.25 38.70 1049.69 118.04 -1 -1 -1 -1000 -1000 -1000 -10 0.0001 
Car -1 -1 -10 352.95 176.48 395.66 194.62 -1 -1 -1 -1000 -1000 -1000 -10 0.0001 
Car -1 -1 -10 988.65 44.27 1044.33 99.87 -1 -1 -1 -1000 -1000 -1000 -10 0.0001 
Car -1 -1 -10 395.87 179.79 438.68 201.77 -1 -1 -1 -1000 -1000 -1000 -10 0.0001 
Car -1 -1 -10 1007.10 27.32 1060.45 92.41 -1 -1 -1 -1000 -1000 -1000 -10 0.0000 
Car -1 -1 -10 734.16 34.34 879.86 74.43 -1 -1 -1 -1000 -1000 -1000 -10 0.0000 
Car -1 -1 -10 75.86 262.13 154.74 299.58 -1 -1 -1 -1000 -1000 -1000 -10 0.0000 
Car -1 -1 -10 129.17 188.57 226.83 249.47 -1 -1 -1 -1000 -1000 -1000 -10 0.0000 
Car -1 -1 -10 609.32 187.59 624.45 212.18 -1 -1 -1 -1000 -1000 -1000 -10 0.0000 
Car -1 -1 -10 701.91 165.21 791.40 261.19 -1 -1 -1 -1000 -1000 -1000 -10 0.0000 
Car -1 -1 -10 477.34 180.91 537.31 225.84 -1 -1 -1 -1000 -1000 -1000 -10 0.0000 
Car -1 -1 -10 500.96 173.44 548.68 200.13 -1 -1 -1 -1000 -1000 -1000 -10 0.0000 
Car -1 -1 -10 84.73 268.97 183.84 305.51 -1 -1 -1 -1000 -1000 -1000 -10 0.0000 
Car -1 -1 -10 681.87 37.29 736.75 104.09 -1 -1 -1 -1000 -1000 -1000 -10 0.0000 
Car -1 -1 -10 329.35 162.91 374.27 200.64 -1 -1 -1 -1000 -1000 -1000 -10 0.0000 
Car -1 -1 -10 76.61 254.53 197.57 290.38 -1 -1 -1 -1000 -1000 -1000 -10 0.0000 
Car -1 -1 -10 721.86 34.74 792.41 79.75 -1 -1 -1 -1000 -1000 -1000 -10 0.0000 
