Car -1 -1 -10 903.06 180.04 1105.92 268.07 -1 -1 -1 -1000 -1000 -1000 -10 1.0000 
Car -1 -1 -10 734.18 184.08 859.80 266.92 -1 -1 -1 -1000 -1000 -1000 -10 1.0000 
Car -1 -1 -10 675.20 170.39 748.35 228.90 -1 -1 -1 -1000 -1000 -1000 -10 1.0000 
Car -1 -1 -10 631.66 174.92 662.53 199.27 -1 -1 -1 -1000 -1000 -1000 -10 0.9999 
Car -1 -1 -10 814.07 174.69 884.93 205.42 -1 -1 -1 -1000 -1000 -1000 -10 0.9985 
Car -1 -1 -10 1001.90 184.88 1098.03 231.60 -1 -1 -1 -1000 -1000 -1000 -10 0.0146 
Car -1 -1 -10 172.21 142.30 215.28 168.25 -1 -1 -1 -1000 -1000 -1000 -10 0.0023 
Car -1 -1 -10 20.01 153.94 89.63 193.58 -1 -1 -1 -1000 -1000 -1000 -10 0.0016 
Car -1 -1 -10 144.83 178.38 218.88 198.02 -1 -1 -1 -1000 -1000 -1000 -10 0.0015 
Car -1 -1 -10 46.76 170.45 84.24 197.32 -1 -1 -1 -1000 -1000 -1000 -10 0.0012 
Car -1 -1 -10 924.88 185.52 1005.99 215.22 -1 -1 -1 -1000 -1000 -1000 -10 0.0010 
Car -1 -1 -10 723.67 181.98 812.37 237.18 -1 -1 -1 -1000 -1000 -1000 -10 0.0009 
Car -1 -1 -10 1059.50 104.33 1106.91 127.09 -1 -1 -1 -1000 -1000 -1000 -10 0.0005 
Car -1 -1 -10 333.49 194.69 428.59 252.62 -1 -1 -1 -1000 -1000 -1000 -10 0.0005 
Car -1 -1 -10 968.37 77.91 1020.01 122.18 -1 -1 -1 -1000 -1000 -1000 -10 0.0004 
Car -1 -1 -10 908.98 181.97 1012.69 251.25 -1 -1 -1 -1000 -1000 -1000 -10 0.0004 
Car -1 -1 -10 59.04 172.47 106.01 197.55 -1 -1 -1 -1000 -1000 -1000 -10 0.0003 
Car -1 -1 -10 0.00 86.90 109.18 132.78 -1 -1 -1 -1000 -1000 -1000 -10 0.0002 
Car -1 -1 -10 1129.60 115.19 1184.30 142.34 -1 -1 -1 -1000 -1000 -1000 -10 0.0002 
Car -1 -1 -10 173.92 142.27 228.39 183.47 -1 -1 -1 -1000 -1000 -1000 -10 0.0002 
Car -1 -1 -10 978.27 77.00 1048.35 106.28 -1 -1 -1 -1000 -1000 -1000 -10 0.0001 
Car -1 -1 -10 261.56 27.20 394.98 90.82 -1 -1 -1 -1000 -1000 -1000 -10 0.0001 
Car -1 -1 -10 843.40 100.06 905.60 124.34 -1 -1 -1 -1000 -1000 -1000 -10 0.0000 
Car -1 -1 -10 436.44 274.09 478.25 319.70 -1 -1 -1 -1000 -1000 -1000 -10 0.0000 
Car -1 -1 -10 35.57 175.32 180.45 195.77 -1 -1 -1 -1000 -1000 -1000 -10 0.0000 
Car -1 -1 -10 815.73 178.42 853.77 234.00 -1 -1 -1 -1000 -1000 -1000 -10 0.0000 
Car -1 -1 -10 675.93 139.82 741.51 201.07 -1 -1 -1 -1000 -1000 -1000 -10 0.0000 
Car -1 -1 -10 18.65 195.29 69.65 207.86 -1 -1 -1 -1000 -1000 -1000 -10 0.0000 
