Car -1 -1 -10 701.79 175.68 743.13 201.61 -1 -1 -1 -1000 -1000 -1000 -10 0.9996 
Car -1 -1 -10 639.67 176.86 669.35 201.58 -1 -1 -1 -1000 -1000 -1000 -10 0.9962 
Car -1 -1 -10 799.35 176.07 862.79 203.15 -1 -1 -1 -1000 -1000 -1000 -10 0.9177 
Car -1 -1 -10 623.89 171.83 651.38 197.03 -1 -1 -1 -1000 -1000 -1000 -10 0.9081 
Car -1 -1 -10 171.74 142.29 214.57 167.60 -1 -1 -1 -1000 -1000 -1000 -10 0.0020 
Car -1 -1 -10 143.34 177.81 218.64 197.77 -1 -1 -1 -1000 -1000 -1000 -10 0.0016 
Car -1 -1 -10 20.04 161.47 88.81 195.00 -1 -1 -1 -1000 -1000 -1000 -10 0.0009 
Car -1 -1 -10 823.49 153.26 972.78 247.55 -1 -1 -1 -1000 -1000 -1000 -10 0.0006 
Car -1 -1 -10 44.96 169.91 84.67 196.94 -1 -1 -1 -1000 -1000 -1000 -10 0.0006 
Car -1 -1 -10 350.29 195.26 427.31 240.38 -1 -1 -1 -1000 -1000 -1000 -10 0.0005 
Car -1 -1 -10 1130.50 118.59 1185.28 150.52 -1 -1 -1 -1000 -1000 -1000 -10 0.0003 
Car -1 -1 -10 817.68 159.52 894.89 210.95 -1 -1 -1 -1000 -1000 -1000 -10 0.0003 
Car -1 -1 -10 1062.50 107.63 1108.60 128.13 -1 -1 -1 -1000 -1000 -1000 -10 0.0002 
Car -1 -1 -10 0.00 89.48 110.40 133.44 -1 -1 -1 -1000 -1000 -1000 -10 0.0001 
Car -1 -1 -10 55.86 172.16 106.40 197.20 -1 -1 -1 -1000 -1000 -1000 -10 0.0001 
Car -1 -1 -10 265.39 26.35 395.11 91.22 -1 -1 -1 -1000 -1000 -1000 -10 0.0001 
Car -1 -1 -10 246.69 131.90 301.28 162.97 -1 -1 -1 -1000 -1000 -1000 -10 0.0000 
Car -1 -1 -10 837.38 194.53 973.43 245.05 -1 -1 -1 -1000 -1000 -1000 -10 0.0000 
Car -1 -1 -10 897.73 162.26 971.47 238.43 -1 -1 -1 -1000 -1000 -1000 -10 0.0000 
Car -1 -1 -10 983.24 70.78 1071.13 91.21 -1 -1 -1 -1000 -1000 -1000 -10 0.0000 
Car -1 -1 -10 636.00 154.38 665.47 186.46 -1 -1 -1 -1000 -1000 -1000 -10 0.0000 
Car -1 -1 -10 42.60 174.72 172.44 196.21 -1 -1 -1 -1000 -1000 -1000 -10 0.0000 
Car -1 -1 -10 18.37 195.85 69.83 207.95 -1 -1 -1 -1000 -1000 -1000 -10 0.0000 
