Car -1 -1 -10 368.53 180.88 521.83 296.75 -1 -1 -1 -1000 -1000 -1000 -10 0.9995 
Car -1 -1 -10 560.57 178.03 615.55 204.69 -1 -1 -1 -1000 -1000 -1000 -10 0.0148 
Car -1 -1 -10 1117.40 37.88 1186.28 71.75 -1 -1 -1 -1000 -1000 -1000 -10 0.0129 
Car -1 -1 -10 540.90 185.28 634.06 249.08 -1 -1 -1 -1000 -1000 -1000 -10 0.0065 
Car -1 -1 -10 0.00 178.32 422.54 376.00 -1 -1 -1 -1000 -1000 -1000 -10 0.0050 
Car -1 -1 -10 556.91 178.39 622.25 225.59 -1 -1 -1 -1000 -1000 -1000 -10 0.0045 
Car -1 -1 -10 932.69 177.73 985.41 211.99 -1 -1 -1 -1000 -1000 -1000 -10 0.0035 
Car -1 -1 -10 905.30 93.36 961.36 136.70 -1 -1 -1 -1000 -1000 -1000 -10 0.0031 
Car -1 -1 -10 973.73 45.29 1082.09 92.76 -1 -1 -1 -1000 -1000 -1000 -10 0.0012 
Car -1 -1 -10 136.75 41.38 209.53 74.22 -1 -1 -1 -1000 -1000 -1000 -10 0.0010 
Car -1 -1 -10 1090.20 42.26 1190.70 86.38 -1 -1 -1 -1000 -1000 -1000 -10 0.0009 
Car -1 -1 -10 965.94 34.99 1095.34 70.80 -1 -1 -1 -1000 -1000 -1000 -10 0.0009 
Car -1 -1 -10 936.09 227.89 1008.39 272.71 -1 -1 -1 -1000 -1000 -1000 -10 0.0005 
Car -1 -1 -10 923.87 94.71 978.61 137.36 -1 -1 -1 -1000 -1000 -1000 -10 0.0003 
Car -1 -1 -10 99.38 22.62 173.66 56.07 -1 -1 -1 -1000 -1000 -1000 -10 0.0003 
Car -1 -1 -10 190.86 72.12 258.76 100.19 -1 -1 -1 -1000 -1000 -1000 -10 0.0003 
Car -1 -1 -10 144.78 36.53 201.37 60.12 -1 -1 -1 -1000 -1000 -1000 -10 0.0002 
Car -1 -1 -10 838.69 170.87 914.45 224.47 -1 -1 -1 -1000 -1000 -1000 -10 0.0002 
Car -1 -1 -10 633.25 38.68 682.36 64.20 -1 -1 -1 -1000 -1000 -1000 -10 0.0002 
Car -1 -1 -10 169.65 37.30 206.58 60.21 -1 -1 -1 -1000 -1000 -1000 -10 0.0002 
Car -1 -1 -10 902.06 217.63 985.76 265.91 -1 -1 -1 -1000 -1000 -1000 -10 0.0002 
Car -1 -1 -10 240.06 36.65 303.23 57.48 -1 -1 -1 -1000 -1000 -1000 -10 0.0001 
Car -1 -1 -10 206.58 76.92 284.00 100.50 -1 -1 -1 -1000 -1000 -1000 -10 0.0001 
Car -1 -1 -10 139.12 27.91 189.81 52.47 -1 -1 -1 -1000 -1000 -1000 -10 0.0001 
Car -1 -1 -10 874.32 159.47 968.75 199.23 -1 -1 -1 -1000 -1000 -1000 -10 0.0000 
Car -1 -1 -10 909.20 78.93 977.38 120.14 -1 -1 -1 -1000 -1000 -1000 -10 0.0000 
Car -1 -1 -10 671.76 244.28 753.96 281.92 -1 -1 -1 -1000 -1000 -1000 -10 0.0000 
Car -1 -1 -10 469.02 155.65 520.39 198.95 -1 -1 -1 -1000 -1000 -1000 -10 0.0000 
Car -1 -1 -10 288.01 190.38 407.28 225.33 -1 -1 -1 -1000 -1000 -1000 -10 0.0000 
Car -1 -1 -10 189.30 62.07 283.66 96.93 -1 -1 -1 -1000 -1000 -1000 -10 0.0000 
Car -1 -1 -10 155.06 26.01 207.95 47.14 -1 -1 -1 -1000 -1000 -1000 -10 0.0000 
Car -1 -1 -10 377.03 184.59 433.92 220.30 -1 -1 -1 -1000 -1000 -1000 -10 0.0000 
Car -1 -1 -10 978.33 248.64 1077.88 293.60 -1 -1 -1 -1000 -1000 -1000 -10 0.0000 
Car -1 -1 -10 466.86 180.62 527.75 199.13 -1 -1 -1 -1000 -1000 -1000 -10 0.0000 
Car -1 -1 -10 333.05 187.17 411.39 218.71 -1 -1 -1 -1000 -1000 -1000 -10 0.0000 
Car -1 -1 -10 422.71 181.93 524.82 254.27 -1 -1 -1 -1000 -1000 -1000 -10 0.0000 
Car -1 -1 -10 457.18 180.92 532.45 229.02 -1 -1 -1 -1000 -1000 -1000 -10 0.0000 
Car -1 -1 -10 38.41 188.51 516.04 301.38 -1 -1 -1 -1000 -1000 -1000 -10 0.0000 
Car -1 -1 -10 730.65 113.70 1065.10 265.20 -1 -1 -1 -1000 -1000 -1000 -10 0.0000 
