Car -1 -1 -10 200.85 178.53 265.70 211.37 -1 -1 -1 -1000 -1000 -1000 -10 1.0000 
Car -1 -1 -10 588.80 174.84 627.39 213.56 -1 -1 -1 -1000 -1000 -1000 -10 0.9999 
Car -1 -1 -10 443.76 170.77 521.85 234.84 -1 -1 -1 -1000 -1000 -1000 -10 0.9998 
Car -1 -1 -10 529.73 179.49 564.89 204.79 -1 -1 -1 -1000 -1000 -1000 -10 0.9998 
Car -1 -1 -10 252.82 177.97 314.29 206.47 -1 -1 -1 -1000 -1000 -1000 -10 0.9996 
Car -1 -1 -10 0.00 199.51 238.67 376.00 -1 -1 -1 -1000 -1000 -1000 -10 0.0569 
Car -1 -1 -10 792.88 262.20 844.74 290.18 -1 -1 -1 -1000 -1000 -1000 -10 0.0370 
Car -1 -1 -10 825.10 290.79 876.11 318.78 -1 -1 -1 -1000 -1000 -1000 -10 0.0323 
Car -1 -1 -10 1008.90 147.05 1092.05 173.44 -1 -1 -1 -1000 -1000 -1000 -10 0.0285 
Car -1 -1 -10 804.33 291.77 854.79 316.17 -1 -1 -1 -1000 -1000 -1000 -10 0.0260 
Car -1 -1 -10 841.64 294.62 891.91 322.37 -1 -1 -1 -1000 -1000 -1000 -10 0.0225 
Car -1 -1 -10 807.22 314.06 866.55 346.58 -1 -1 -1 -1000 -1000 -1000 -10 0.0215 
Car -1 -1 -10 850.50 285.51 903.15 315.01 -1 -1 -1 -1000 -1000 -1000 -10 0.0214 
Car -1 -1 -10 788.04 233.36 834.92 260.17 -1 -1 -1 -1000 -1000 -1000 -10 0.0201 
Car -1 -1 -10 829.03 236.86 885.08 265.56 -1 -1 -1 -1000 -1000 -1000 -10 0.0190 
Car -1 -1 -10 960.21 290.29 1013.29 320.96 -1 -1 -1 -1000 -1000 -1000 -10 0.0172 
Car -1 -1 -10 833.15 279.67 881.52 310.10 -1 -1 -1 -1000 -1000 -1000 -10 0.0169 
Car -1 -1 -10 768.13 252.70 824.20 282.33 -1 -1 -1 -1000 -1000 -1000 -10 0.0168 
Car -1 -1 -10 816.05 299.51 866.87 335.00 -1 -1 -1 -1000 -1000 -1000 -10 0.0158 
Car -1 -1 -10 848.47 274.90 903.24 303.83 -1 -1 -1 -1000 -1000 -1000 -10 0.0152 
Car -1 -1 -10 847.55 235.15 901.20 267.21 -1 -1 -1 -1000 -1000 -1000 -10 0.0137 
Car -1 -1 -10 809.78 236.08 862.38 265.14 -1 -1 -1 -1000 -1000 -1000 -10 0.0131 
Car -1 -1 -10 818.22 267.47 871.82 298.66 -1 -1 -1 -1000 -1000 -1000 -10 0.0131 
Car -1 -1 -10 780.70 319.48 840.36 348.56 -1 -1 -1 -1000 -1000 -1000 -10 0.0131 
Car -1 -1 -10 806.31 271.89 855.65 303.88 -1 -1 -1 -1000 -1000 -1000 -10 0.0124 
Car -1 -1 -10 804.88 280.30 872.04 318.47 -1 -1 -1 -1000 -1000 -1000 -10 0.0124 
Car -1 -1 -10 747.49 285.15 808.68 313.44 -1 -1 -1 -1000 -1000 -1000 -10 0.0120 
Car -1 -1 -10 868.28 280.51 923.46 307.67 -1 -1 -1 -1000 -1000 -1000 -10 0.0117 
Car -1 -1 -10 821.06 288.59 886.38 332.57 -1 -1 -1 -1000 -1000 -1000 -10 0.0116 
Car -1 -1 -10 828.64 304.97 881.28 339.57 -1 -1 -1 -1000 -1000 -1000 -10 0.0115 
Car -1 -1 -10 794.50 258.93 861.35 300.84 -1 -1 -1 -1000 -1000 -1000 -10 0.0109 
Car -1 -1 -10 902.21 270.53 953.22 298.66 -1 -1 -1 -1000 -1000 -1000 -10 0.0106 
Car -1 -1 -10 989.93 330.98 1050.35 356.69 -1 -1 -1 -1000 -1000 -1000 -10 0.0103 
Car -1 -1 -10 852.23 286.66 928.41 324.21 -1 -1 -1 -1000 -1000 -1000 -10 0.0102 
Car -1 -1 -10 976.10 327.58 1026.50 353.81 -1 -1 -1 -1000 -1000 -1000 -10 0.0102 
Car -1 -1 -10 951.29 295.95 1027.98 332.32 -1 -1 -1 -1000 -1000 -1000 -10 0.0098 
Car -1 -1 -10 782.27 243.58 831.41 275.11 -1 -1 -1 -1000 -1000 -1000 -10 0.0096 
Car -1 -1 -10 872.29 260.66 924.04 293.67 -1 -1 -1 -1000 -1000 -1000 -10 0.0092 
Car -1 -1 -10 926.32 292.51 982.13 324.15 -1 -1 -1 -1000 -1000 -1000 -10 0.0091 
Car -1 -1 -10 861.18 299.63 917.06 327.53 -1 -1 -1 -1000 -1000 -1000 -10 0.0091 
Car -1 -1 -10 747.77 221.43 799.84 252.56 -1 -1 -1 -1000 -1000 -1000 -10 0.0090 
Car -1 -1 -10 934.67 239.77 996.41 267.67 -1 -1 -1 -1000 -1000 -1000 -10 0.0089 
Car -1 -1 -10 757.39 226.15 829.53 263.22 -1 -1 -1 -1000 -1000 -1000 -10 0.0089 
Car -1 -1 -10 965.81 233.63 1029.51 266.33 -1 -1 -1 -1000 -1000 -1000 -10 0.0087 
Car -1 -1 -10 745.75 234.09 801.88 260.93 -1 -1 -1 -1000 -1000 -1000 -10 0.0082 
Car -1 -1 -10 775.67 229.23 823.07 255.75 -1 -1 -1 -1000 -1000 -1000 -10 0.0082 
Car -1 -1 -10 775.93 240.77 848.33 284.30 -1 -1 -1 -1000 -1000 -1000 -10 0.0081 
Car -1 -1 -10 899.51 291.75 959.87 323.02 -1 -1 -1 -1000 -1000 -1000 -10 0.0075 
Car -1 -1 -10 721.76 259.56 772.85 287.83 -1 -1 -1 -1000 -1000 -1000 -10 0.0074 
Car -1 -1 -10 1159.80 222.61 1220.80 249.26 -1 -1 -1 -1000 -1000 -1000 -10 0.0071 
Car -1 -1 -10 762.59 236.54 813.66 266.19 -1 -1 -1 -1000 -1000 -1000 -10 0.0070 
Car -1 -1 -10 1048.60 218.67 1145.76 266.55 -1 -1 -1 -1000 -1000 -1000 -10 0.0068 
Car -1 -1 -10 797.16 247.66 875.30 289.93 -1 -1 -1 -1000 -1000 -1000 -10 0.0066 
Car -1 -1 -10 915.18 236.90 976.61 268.28 -1 -1 -1 -1000 -1000 -1000 -10 0.0065 
Car -1 -1 -10 864.40 250.48 918.26 282.75 -1 -1 -1 -1000 -1000 -1000 -10 0.0064 
Car -1 -1 -10 910.39 327.20 968.24 355.26 -1 -1 -1 -1000 -1000 -1000 -10 0.0064 
Car -1 -1 -10 894.12 326.38 945.04 357.40 -1 -1 -1 -1000 -1000 -1000 -10 0.0063 
Car -1 -1 -10 742.64 264.24 786.62 291.63 -1 -1 -1 -1000 -1000 -1000 -10 0.0063 
Car -1 -1 -10 776.44 294.96 829.00 324.44 -1 -1 -1 -1000 -1000 -1000 -10 0.0061 
Car -1 -1 -10 784.20 290.51 857.84 332.27 -1 -1 -1 -1000 -1000 -1000 -10 0.0059 
Car -1 -1 -10 817.20 226.83 897.91 270.57 -1 -1 -1 -1000 -1000 -1000 -10 0.0057 
Car -1 -1 -10 732.14 239.00 781.11 264.88 -1 -1 -1 -1000 -1000 -1000 -10 0.0055 
Car -1 -1 -10 930.60 226.33 1025.85 270.91 -1 -1 -1 -1000 -1000 -1000 -10 0.0051 
Car -1 -1 -10 784.04 227.09 852.35 268.70 -1 -1 -1 -1000 -1000 -1000 -10 0.0050 
Car -1 -1 -10 1011.80 319.02 1083.90 353.84 -1 -1 -1 -1000 -1000 -1000 -10 0.0050 
Car -1 -1 -10 979.48 223.26 1070.76 262.63 -1 -1 -1 -1000 -1000 -1000 -10 0.0048 
Car -1 -1 -10 790.03 221.52 837.15 252.20 -1 -1 -1 -1000 -1000 -1000 -10 0.0048 
Car -1 -1 -10 936.17 299.12 993.93 329.60 -1 -1 -1 -1000 -1000 -1000 -10 0.0048 
Car -1 -1 -10 1057.10 245.25 1113.44 278.58 -1 -1 -1 -1000 -1000 -1000 -10 0.0047 
Car -1 -1 -10 1085.60 253.11 1139.09 283.16 -1 -1 -1 -1000 -1000 -1000 -10 0.0046 
Car -1 -1 -10 950.83 326.26 1004.16 354.43 -1 -1 -1 -1000 -1000 -1000 -10 0.0046 
Car -1 -1 -10 812.81 218.60 860.11 252.66 -1 -1 -1 -1000 -1000 -1000 -10 0.0045 
Car -1 -1 -10 955.02 310.64 1003.41 339.33 -1 -1 -1 -1000 -1000 -1000 -10 0.0043 
Car -1 -1 -10 776.87 305.41 833.49 339.43 -1 -1 -1 -1000 -1000 -1000 -10 0.0042 
Car -1 -1 -10 743.56 275.28 792.22 304.90 -1 -1 -1 -1000 -1000 -1000 -10 0.0040 
Car -1 -1 -10 53.08 203.29 153.44 234.58 -1 -1 -1 -1000 -1000 -1000 -10 0.0035 
Car -1 -1 -10 991.60 321.93 1048.31 348.83 -1 -1 -1 -1000 -1000 -1000 -10 0.0035 
Car -1 -1 -10 727.79 282.09 782.60 314.86 -1 -1 -1 -1000 -1000 -1000 -10 0.0035 
Car -1 -1 -10 805.67 323.78 882.45 355.15 -1 -1 -1 -1000 -1000 -1000 -10 0.0034 
Car -1 -1 -10 727.23 268.86 778.24 299.75 -1 -1 -1 -1000 -1000 -1000 -10 0.0034 
Car -1 -1 -10 984.08 291.48 1059.90 330.78 -1 -1 -1 -1000 -1000 -1000 -10 0.0034 
Car -1 -1 -10 881.35 301.07 951.99 335.91 -1 -1 -1 -1000 -1000 -1000 -10 0.0032 
Car -1 -1 -10 1053.50 235.57 1124.19 266.11 -1 -1 -1 -1000 -1000 -1000 -10 0.0030 
Car -1 -1 -10 905.11 300.78 964.32 330.67 -1 -1 -1 -1000 -1000 -1000 -10 0.0029 
Car -1 -1 -10 34.62 73.29 80.09 96.71 -1 -1 -1 -1000 -1000 -1000 -10 0.0027 
Car -1 -1 -10 1109.80 198.55 1163.22 229.08 -1 -1 -1 -1000 -1000 -1000 -10 0.0026 
Car -1 -1 -10 728.37 211.86 792.00 256.46 -1 -1 -1 -1000 -1000 -1000 -10 0.0025 
Car -1 -1 -10 899.90 318.12 957.59 346.78 -1 -1 -1 -1000 -1000 -1000 -10 0.0025 
Car -1 -1 -10 1134.40 282.05 1190.57 310.15 -1 -1 -1 -1000 -1000 -1000 -10 0.0024 
Car -1 -1 -10 714.91 268.28 761.31 297.55 -1 -1 -1 -1000 -1000 -1000 -10 0.0023 
Car -1 -1 -10 700.47 231.33 760.32 249.36 -1 -1 -1 -1000 -1000 -1000 -10 0.0022 
Car -1 -1 -10 962.10 192.54 1012.20 218.76 -1 -1 -1 -1000 -1000 -1000 -10 0.0022 
Car -1 -1 -10 837.33 248.69 915.51 293.37 -1 -1 -1 -1000 -1000 -1000 -10 0.0021 
Car -1 -1 -10 1000.40 308.59 1052.36 340.45 -1 -1 -1 -1000 -1000 -1000 -10 0.0021 
Car -1 -1 -10 1038.90 244.30 1123.67 289.60 -1 -1 -1 -1000 -1000 -1000 -10 0.0020 
Car -1 -1 -10 1022.80 198.01 1080.05 228.19 -1 -1 -1 -1000 -1000 -1000 -10 0.0020 
Car -1 -1 -10 925.85 322.39 1038.03 356.74 -1 -1 -1 -1000 -1000 -1000 -10 0.0020 
Car -1 -1 -10 1060.30 205.19 1143.18 248.85 -1 -1 -1 -1000 -1000 -1000 -10 0.0020 
Car -1 -1 -10 689.71 237.86 751.71 261.56 -1 -1 -1 -1000 -1000 -1000 -10 0.0019 
Car -1 -1 -10 1178.20 217.62 1237.99 252.25 -1 -1 -1 -1000 -1000 -1000 -10 0.0019 
Car -1 -1 -10 754.14 300.28 812.92 331.23 -1 -1 -1 -1000 -1000 -1000 -10 0.0016 
Car -1 -1 -10 892.15 324.03 998.99 358.02 -1 -1 -1 -1000 -1000 -1000 -10 0.0016 
Car -1 -1 -10 717.74 277.55 768.69 309.20 -1 -1 -1 -1000 -1000 -1000 -10 0.0015 
Car -1 -1 -10 1087.10 201.22 1142.06 229.03 -1 -1 -1 -1000 -1000 -1000 -10 0.0015 
Car -1 -1 -10 1089.90 198.09 1157.29 241.07 -1 -1 -1 -1000 -1000 -1000 -10 0.0014 
Car -1 -1 -10 1074.00 258.90 1162.13 299.01 -1 -1 -1 -1000 -1000 -1000 -10 0.0014 
Car -1 -1 -10 930.91 313.35 997.66 352.96 -1 -1 -1 -1000 -1000 -1000 -10 0.0013 
Car -1 -1 -10 1146.50 207.99 1222.93 246.08 -1 -1 -1 -1000 -1000 -1000 -10 0.0012 
Car -1 -1 -10 1106.10 184.85 1154.69 210.98 -1 -1 -1 -1000 -1000 -1000 -10 0.0012 
Car -1 -1 -10 864.11 307.08 934.74 349.34 -1 -1 -1 -1000 -1000 -1000 -10 0.0011 
Car -1 -1 -10 1124.60 219.89 1199.22 269.88 -1 -1 -1 -1000 -1000 -1000 -10 0.0007 
Car -1 -1 -10 53.21 43.05 118.94 81.65 -1 -1 -1 -1000 -1000 -1000 -10 0.0006 
Car -1 -1 -10 897.66 155.78 945.38 175.35 -1 -1 -1 -1000 -1000 -1000 -10 0.0004 
Car -1 -1 -10 222.80 111.66 273.39 140.10 -1 -1 -1 -1000 -1000 -1000 -10 0.0002 
Car -1 -1 -10 1096.80 206.56 1173.34 251.83 -1 -1 -1 -1000 -1000 -1000 -10 0.0002 
Car -1 -1 -10 196.05 281.74 256.54 309.12 -1 -1 -1 -1000 -1000 -1000 -10 0.0002 
Car -1 -1 -10 188.75 117.95 253.23 140.31 -1 -1 -1 -1000 -1000 -1000 -10 0.0001 
Car -1 -1 -10 1179.30 232.01 1237.25 258.80 -1 -1 -1 -1000 -1000 -1000 -10 0.0001 
Car -1 -1 -10 1047.90 172.52 1097.89 189.81 -1 -1 -1 -1000 -1000 -1000 -10 0.0001 
Car -1 -1 -10 155.64 93.51 237.67 121.86 -1 -1 -1 -1000 -1000 -1000 -10 0.0001 
Car -1 -1 -10 868.06 185.08 941.18 216.39 -1 -1 -1 -1000 -1000 -1000 -10 0.0001 
Car -1 -1 -10 130.67 32.61 215.20 62.56 -1 -1 -1 -1000 -1000 -1000 -10 0.0001 
Car -1 -1 -10 828.33 156.93 869.73 174.62 -1 -1 -1 -1000 -1000 -1000 -10 0.0001 
Car -1 -1 -10 171.26 117.82 267.81 150.06 -1 -1 -1 -1000 -1000 -1000 -10 0.0001 
Car -1 -1 -10 1024.50 173.88 1089.96 203.94 -1 -1 -1 -1000 -1000 -1000 -10 0.0000 
Car -1 -1 -10 921.56 126.29 1015.56 175.42 -1 -1 -1 -1000 -1000 -1000 -10 0.0000 
Car -1 -1 -10 1010.00 160.88 1059.71 185.35 -1 -1 -1 -1000 -1000 -1000 -10 0.0000 
Car -1 -1 -10 780.62 172.60 859.30 204.78 -1 -1 -1 -1000 -1000 -1000 -10 0.0000 
Car -1 -1 -10 758.31 172.38 827.36 203.59 -1 -1 -1 -1000 -1000 -1000 -10 0.0000 
Car -1 -1 -10 626.26 177.15 709.83 206.86 -1 -1 -1 -1000 -1000 -1000 -10 0.0000 
Car -1 -1 -10 510.93 176.86 550.79 205.27 -1 -1 -1 -1000 -1000 -1000 -10 0.0000 
