Car -1 -1 -10 338.67 184.41 412.23 233.48 -1 -1 -1 -1000 -1000 -1000 -10 0.9998 
Car -1 -1 -10 132.56 188.72 308.75 278.69 -1 -1 -1 -1000 -1000 -1000 -10 0.9997 
Car -1 -1 -10 570.63 180.18 610.56 220.25 -1 -1 -1 -1000 -1000 -1000 -10 0.9995 
Car -1 -1 -10 421.10 187.53 468.23 215.70 -1 -1 -1 -1000 -1000 -1000 -10 0.9977 
Car -1 -1 -10 932.46 165.40 1005.89 192.71 -1 -1 -1 -1000 -1000 -1000 -10 0.0123 
Car -1 -1 -10 132.05 84.06 180.10 113.55 -1 -1 -1 -1000 -1000 -1000 -10 0.0085 
Car -1 -1 -10 1080.60 113.68 1119.53 149.60 -1 -1 -1 -1000 -1000 -1000 -10 0.0042 
Car -1 -1 -10 240.13 190.95 301.00 226.50 -1 -1 -1 -1000 -1000 -1000 -10 0.0032 
Car -1 -1 -10 134.52 68.28 193.99 105.46 -1 -1 -1 -1000 -1000 -1000 -10 0.0020 
Car -1 -1 -10 1024.70 100.35 1064.70 129.72 -1 -1 -1 -1000 -1000 -1000 -10 0.0019 
Car -1 -1 -10 153.21 106.62 203.89 134.44 -1 -1 -1 -1000 -1000 -1000 -10 0.0019 
Car -1 -1 -10 102.08 83.86 173.22 120.97 -1 -1 -1 -1000 -1000 -1000 -10 0.0012 
Car -1 -1 -10 54.58 306.43 122.59 343.61 -1 -1 -1 -1000 -1000 -1000 -10 0.0012 
Car -1 -1 -10 1012.60 232.66 1078.42 259.78 -1 -1 -1 -1000 -1000 -1000 -10 0.0009 
Car -1 -1 -10 1034.70 104.17 1079.26 133.72 -1 -1 -1 -1000 -1000 -1000 -10 0.0008 
Car -1 -1 -10 996.64 179.84 1069.16 205.75 -1 -1 -1 -1000 -1000 -1000 -10 0.0007 
Car -1 -1 -10 163.79 109.83 226.98 138.93 -1 -1 -1 -1000 -1000 -1000 -10 0.0007 
Car -1 -1 -10 1005.30 214.11 1083.76 254.01 -1 -1 -1 -1000 -1000 -1000 -10 0.0006 
Car -1 -1 -10 855.22 58.07 929.04 95.35 -1 -1 -1 -1000 -1000 -1000 -10 0.0006 
Car -1 -1 -10 206.63 98.58 266.91 129.59 -1 -1 -1 -1000 -1000 -1000 -10 0.0005 
Car -1 -1 -10 1054.50 196.81 1118.44 230.79 -1 -1 -1 -1000 -1000 -1000 -10 0.0004 
Car -1 -1 -10 205.56 44.49 278.03 75.75 -1 -1 -1 -1000 -1000 -1000 -10 0.0004 
Car -1 -1 -10 1.47 109.34 51.39 136.58 -1 -1 -1 -1000 -1000 -1000 -10 0.0004 
Car -1 -1 -10 153.71 114.23 212.71 150.68 -1 -1 -1 -1000 -1000 -1000 -10 0.0004 
Car -1 -1 -10 213.38 27.33 269.03 52.51 -1 -1 -1 -1000 -1000 -1000 -10 0.0003 
Car -1 -1 -10 852.13 30.32 907.49 55.57 -1 -1 -1 -1000 -1000 -1000 -10 0.0003 
Car -1 -1 -10 39.11 127.61 100.36 162.43 -1 -1 -1 -1000 -1000 -1000 -10 0.0003 
Car -1 -1 -10 162.78 190.93 272.34 228.63 -1 -1 -1 -1000 -1000 -1000 -10 0.0002 
Car -1 -1 -10 119.52 49.97 168.00 78.99 -1 -1 -1 -1000 -1000 -1000 -10 0.0002 
Car -1 -1 -10 1131.20 204.89 1208.89 255.87 -1 -1 -1 -1000 -1000 -1000 -10 0.0002 
Car -1 -1 -10 965.43 173.24 1014.19 193.93 -1 -1 -1 -1000 -1000 -1000 -10 0.0002 
Car -1 -1 -10 48.72 111.58 101.61 145.78 -1 -1 -1 -1000 -1000 -1000 -10 0.0002 
Car -1 -1 -10 12.40 122.19 75.15 164.94 -1 -1 -1 -1000 -1000 -1000 -10 0.0002 
Car -1 -1 -10 171.68 189.99 227.47 221.89 -1 -1 -1 -1000 -1000 -1000 -10 0.0001 
Car -1 -1 -10 775.07 173.25 813.29 200.65 -1 -1 -1 -1000 -1000 -1000 -10 0.0001 
Car -1 -1 -10 936.81 179.31 1018.67 199.68 -1 -1 -1 -1000 -1000 -1000 -10 0.0001 
Car -1 -1 -10 199.16 253.66 259.35 284.14 -1 -1 -1 -1000 -1000 -1000 -10 0.0000 
Car -1 -1 -10 384.29 191.31 452.81 222.96 -1 -1 -1 -1000 -1000 -1000 -10 0.0000 
Car -1 -1 -10 705.63 144.11 761.66 173.51 -1 -1 -1 -1000 -1000 -1000 -10 0.0000 
Car -1 -1 -10 391.30 186.76 455.11 209.38 -1 -1 -1 -1000 -1000 -1000 -10 0.0000 
