Car -1 -1 -10 567.94 171.41 604.92 191.21 -1 -1 -1 -1000 -1000 -1000 -10 0.0331 
Car -1 -1 -10 504.21 180.93 530.39 198.47 -1 -1 -1 -1000 -1000 -1000 -10 0.0130 
Car -1 -1 -10 1200.00 171.61 1242.95 197.20 -1 -1 -1 -1000 -1000 -1000 -10 0.0058 
Car -1 -1 -10 257.10 192.50 351.87 215.88 -1 -1 -1 -1000 -1000 -1000 -10 0.0015 
Car -1 -1 -10 146.74 160.34 214.53 195.20 -1 -1 -1 -1000 -1000 -1000 -10 0.0011 
Car -1 -1 -10 14.55 207.96 149.88 239.36 -1 -1 -1 -1000 -1000 -1000 -10 0.0007 
Car -1 -1 -10 0.00 121.59 86.60 166.05 -1 -1 -1 -1000 -1000 -1000 -10 0.0006 
Car -1 -1 -10 0.00 213.26 107.78 242.27 -1 -1 -1 -1000 -1000 -1000 -10 0.0003 
Car -1 -1 -10 161.03 147.26 222.17 191.25 -1 -1 -1 -1000 -1000 -1000 -10 0.0003 
Car -1 -1 -10 10.19 56.82 98.94 133.67 -1 -1 -1 -1000 -1000 -1000 -10 0.0002 
Car -1 -1 -10 51.01 192.24 135.79 238.55 -1 -1 -1 -1000 -1000 -1000 -10 0.0001 
Car -1 -1 -10 526.49 174.82 545.32 192.13 -1 -1 -1 -1000 -1000 -1000 -10 0.0001 
