Car -1 -1 -10 598.53 182.01 678.44 246.19 -1 -1 -1 -1000 -1000 -1000 -10 0.9999 
Car -1 -1 -10 323.87 181.95 393.48 219.23 -1 -1 -1 -1000 -1000 -1000 -10 0.9998 
Car -1 -1 -10 468.01 178.03 548.04 213.74 -1 -1 -1 -1000 -1000 -1000 -10 0.9948 
Car -1 -1 -10 426.94 175.96 463.50 204.15 -1 -1 -1 -1000 -1000 -1000 -10 0.6922 
Car -1 -1 -10 388.11 181.42 432.78 208.21 -1 -1 -1 -1000 -1000 -1000 -10 0.3315 
Car -1 -1 -10 878.81 185.27 957.85 212.00 -1 -1 -1 -1000 -1000 -1000 -10 0.1110 
Car -1 -1 -10 579.70 179.15 631.54 219.78 -1 -1 -1 -1000 -1000 -1000 -10 0.1082 
Car -1 -1 -10 227.64 178.74 268.70 210.95 -1 -1 -1 -1000 -1000 -1000 -10 0.0951 
Car -1 -1 -10 1195.20 187.74 1242.99 233.47 -1 -1 -1 -1000 -1000 -1000 -10 0.0855 
Car -1 -1 -10 927.07 186.39 960.11 214.41 -1 -1 -1 -1000 -1000 -1000 -10 0.0579 
Car -1 -1 -10 155.34 177.71 205.92 213.42 -1 -1 -1 -1000 -1000 -1000 -10 0.0444 
Car -1 -1 -10 1063.90 181.58 1126.19 219.18 -1 -1 -1 -1000 -1000 -1000 -10 0.0245 
Car -1 -1 -10 718.74 163.12 779.02 189.99 -1 -1 -1 -1000 -1000 -1000 -10 0.0179 
Car -1 -1 -10 932.31 179.71 992.48 211.93 -1 -1 -1 -1000 -1000 -1000 -10 0.0125 
Car -1 -1 -10 0.00 120.94 71.14 166.97 -1 -1 -1 -1000 -1000 -1000 -10 0.0084 
Car -1 -1 -10 1065.50 173.79 1179.32 222.18 -1 -1 -1 -1000 -1000 -1000 -10 0.0058 
Car -1 -1 -10 108.52 128.28 203.67 203.67 -1 -1 -1 -1000 -1000 -1000 -10 0.0033 
Car -1 -1 -10 912.02 181.00 958.84 210.45 -1 -1 -1 -1000 -1000 -1000 -10 0.0026 
Car -1 -1 -10 525.38 179.12 566.92 205.73 -1 -1 -1 -1000 -1000 -1000 -10 0.0011 
Car -1 -1 -10 417.17 178.00 448.89 204.62 -1 -1 -1 -1000 -1000 -1000 -10 0.0011 
Car -1 -1 -10 665.19 166.06 709.66 215.18 -1 -1 -1 -1000 -1000 -1000 -10 0.0011 
Car -1 -1 -10 719.62 165.75 749.93 191.00 -1 -1 -1 -1000 -1000 -1000 -10 0.0011 
Car -1 -1 -10 105.77 188.91 165.12 228.56 -1 -1 -1 -1000 -1000 -1000 -10 0.0008 
Car -1 -1 -10 513.07 179.59 548.00 211.78 -1 -1 -1 -1000 -1000 -1000 -10 0.0007 
Car -1 -1 -10 0.00 26.24 72.75 85.69 -1 -1 -1 -1000 -1000 -1000 -10 0.0006 
Car -1 -1 -10 1064.10 24.32 1242.98 71.28 -1 -1 -1 -1000 -1000 -1000 -10 0.0004 
Car -1 -1 -10 825.32 240.24 905.81 273.28 -1 -1 -1 -1000 -1000 -1000 -10 0.0004 
Car -1 -1 -10 559.94 168.72 598.14 196.35 -1 -1 -1 -1000 -1000 -1000 -10 0.0003 
Car -1 -1 -10 795.14 134.37 869.20 164.89 -1 -1 -1 -1000 -1000 -1000 -10 0.0003 
Car -1 -1 -10 30.96 181.13 106.57 219.50 -1 -1 -1 -1000 -1000 -1000 -10 0.0002 
Car -1 -1 -10 978.08 198.13 1026.65 216.38 -1 -1 -1 -1000 -1000 -1000 -10 0.0002 
Car -1 -1 -10 577.33 176.45 601.29 206.76 -1 -1 -1 -1000 -1000 -1000 -10 0.0002 
Car -1 -1 -10 8.14 27.52 78.24 54.09 -1 -1 -1 -1000 -1000 -1000 -10 0.0002 
Car -1 -1 -10 982.35 203.23 1045.11 225.76 -1 -1 -1 -1000 -1000 -1000 -10 0.0001 
Car -1 -1 -10 556.73 176.22 580.03 201.22 -1 -1 -1 -1000 -1000 -1000 -10 0.0001 
Car -1 -1 -10 778.54 135.81 862.62 198.79 -1 -1 -1 -1000 -1000 -1000 -10 0.0001 
Car -1 -1 -10 925.97 128.68 965.14 150.64 -1 -1 -1 -1000 -1000 -1000 -10 0.0001 
Car -1 -1 -10 28.75 158.42 134.19 224.33 -1 -1 -1 -1000 -1000 -1000 -10 0.0001 
Car -1 -1 -10 31.64 187.04 73.28 220.70 -1 -1 -1 -1000 -1000 -1000 -10 0.0000 
Car -1 -1 -10 166.65 166.35 230.44 193.35 -1 -1 -1 -1000 -1000 -1000 -10 0.0000 
Car -1 -1 -10 829.43 184.95 888.45 200.18 -1 -1 -1 -1000 -1000 -1000 -10 0.0000 
Car -1 -1 -10 203.79 49.76 339.31 80.87 -1 -1 -1 -1000 -1000 -1000 -10 0.0000 
Car -1 -1 -10 713.19 179.63 742.47 193.10 -1 -1 -1 -1000 -1000 -1000 -10 0.0000 
Car -1 -1 -10 41.51 37.53 111.09 90.60 -1 -1 -1 -1000 -1000 -1000 -10 0.0000 
Car -1 -1 -10 636.66 183.85 676.52 238.62 -1 -1 -1 -1000 -1000 -1000 -10 0.0000 
Car -1 -1 -10 1194.20 219.54 1242.99 237.71 -1 -1 -1 -1000 -1000 -1000 -10 0.0000 
