Car -1 -1 -10 38.63 190.52 97.07 221.05 -1 -1 -1 -1000 -1000 -1000 -10 0.8687 
Car -1 -1 -10 1132.40 153.62 1243.01 189.61 -1 -1 -1 -1000 -1000 -1000 -10 0.0669 
Car -1 -1 -10 431.84 169.26 709.68 219.82 -1 -1 -1 -1000 -1000 -1000 -10 0.0441 
Car -1 -1 -10 991.26 152.57 1069.34 180.39 -1 -1 -1 -1000 -1000 -1000 -10 0.0210 
Car -1 -1 -10 413.51 181.03 557.64 220.95 -1 -1 -1 -1000 -1000 -1000 -10 0.0155 
Car -1 -1 -10 1208.80 254.34 1242.95 293.03 -1 -1 -1 -1000 -1000 -1000 -10 0.0113 
Car -1 -1 -10 0.00 131.53 41.12 166.72 -1 -1 -1 -1000 -1000 -1000 -10 0.0110 
Car -1 -1 -10 578.84 170.76 739.81 213.35 -1 -1 -1 -1000 -1000 -1000 -10 0.0056 
Car -1 -1 -10 1178.70 141.85 1243.01 192.49 -1 -1 -1 -1000 -1000 -1000 -10 0.0026 
Car -1 -1 -10 625.96 135.34 721.62 214.54 -1 -1 -1 -1000 -1000 -1000 -10 0.0018 
Car -1 -1 -10 785.85 77.37 847.26 107.08 -1 -1 -1 -1000 -1000 -1000 -10 0.0015 
Car -1 -1 -10 20.83 318.71 83.19 346.83 -1 -1 -1 -1000 -1000 -1000 -10 0.0008 
Car -1 -1 -10 190.35 79.32 261.40 102.17 -1 -1 -1 -1000 -1000 -1000 -10 0.0007 
Car -1 -1 -10 417.77 175.22 482.67 221.56 -1 -1 -1 -1000 -1000 -1000 -10 0.0006 
Car -1 -1 -10 1206.00 141.83 1243.00 182.16 -1 -1 -1 -1000 -1000 -1000 -10 0.0006 
Car -1 -1 -10 42.15 315.99 111.04 340.99 -1 -1 -1 -1000 -1000 -1000 -10 0.0005 
Car -1 -1 -10 1166.20 124.24 1221.45 152.55 -1 -1 -1 -1000 -1000 -1000 -10 0.0005 
Car -1 -1 -10 123.04 212.29 166.47 231.12 -1 -1 -1 -1000 -1000 -1000 -10 0.0004 
Car -1 -1 -10 136.46 203.00 168.62 227.84 -1 -1 -1 -1000 -1000 -1000 -10 0.0003 
Car -1 -1 -10 138.20 210.00 180.97 229.76 -1 -1 -1 -1000 -1000 -1000 -10 0.0003 
Car -1 -1 -10 1158.00 63.59 1223.27 101.35 -1 -1 -1 -1000 -1000 -1000 -10 0.0003 
Car -1 -1 -10 122.44 284.12 198.43 307.39 -1 -1 -1 -1000 -1000 -1000 -10 0.0003 
Car -1 -1 -10 424.17 132.24 731.91 217.59 -1 -1 -1 -1000 -1000 -1000 -10 0.0003 
Car -1 -1 -10 93.64 282.32 176.18 310.71 -1 -1 -1 -1000 -1000 -1000 -10 0.0002 
Car -1 -1 -10 156.47 189.67 237.54 219.67 -1 -1 -1 -1000 -1000 -1000 -10 0.0002 
Car -1 -1 -10 1161.10 128.09 1221.91 174.74 -1 -1 -1 -1000 -1000 -1000 -10 0.0002 
Car -1 -1 -10 113.89 294.22 179.92 314.91 -1 -1 -1 -1000 -1000 -1000 -10 0.0002 
Car -1 -1 -10 1125.50 35.58 1203.83 72.56 -1 -1 -1 -1000 -1000 -1000 -10 0.0002 
Car -1 -1 -10 969.19 104.37 1023.83 126.39 -1 -1 -1 -1000 -1000 -1000 -10 0.0001 
Car -1 -1 -10 809.39 57.24 871.62 79.58 -1 -1 -1 -1000 -1000 -1000 -10 0.0001 
Car -1 -1 -10 719.00 89.68 786.86 115.89 -1 -1 -1 -1000 -1000 -1000 -10 0.0000 
Car -1 -1 -10 316.17 69.44 380.41 97.62 -1 -1 -1 -1000 -1000 -1000 -10 0.0000 
Car -1 -1 -10 0.00 328.32 72.94 358.21 -1 -1 -1 -1000 -1000 -1000 -10 0.0000 
Car -1 -1 -10 1200.30 211.15 1243.02 246.37 -1 -1 -1 -1000 -1000 -1000 -10 0.0000 
Car -1 -1 -10 144.07 193.64 186.80 224.29 -1 -1 -1 -1000 -1000 -1000 -10 0.0000 
Car -1 -1 -10 131.54 212.06 174.86 239.60 -1 -1 -1 -1000 -1000 -1000 -10 0.0000 
Car -1 -1 -10 26.18 204.30 86.87 235.41 -1 -1 -1 -1000 -1000 -1000 -10 0.0000 
Car -1 -1 -10 2.68 135.45 65.11 171.11 -1 -1 -1 -1000 -1000 -1000 -10 0.0000 
Car -1 -1 -10 324.39 185.52 376.93 197.66 -1 -1 -1 -1000 -1000 -1000 -10 0.0000 
Car -1 -1 -10 320.81 189.86 382.09 211.35 -1 -1 -1 -1000 -1000 -1000 -10 0.0000 
Car -1 -1 -10 439.41 166.48 469.41 195.76 -1 -1 -1 -1000 -1000 -1000 -10 0.0000 
Car -1 -1 -10 362.44 187.76 412.54 203.38 -1 -1 -1 -1000 -1000 -1000 -10 0.0000 
Car -1 -1 -10 971.15 109.74 1038.49 135.91 -1 -1 -1 -1000 -1000 -1000 -10 0.0000 
Car -1 -1 -10 0.00 129.70 114.85 179.11 -1 -1 -1 -1000 -1000 -1000 -10 0.0000 
Car -1 -1 -10 1005.20 176.38 1080.52 202.91 -1 -1 -1 -1000 -1000 -1000 -10 0.0000 
Car -1 -1 -10 451.24 153.11 483.85 197.13 -1 -1 -1 -1000 -1000 -1000 -10 0.0000 
