Car -1 -1 -10 477.95 184.34 529.93 221.95 -1 -1 -1 -1000 -1000 -1000 -10 0.9999 
Car -1 -1 -10 686.32 186.74 774.00 249.62 -1 -1 -1 -1000 -1000 -1000 -10 0.9997 
Car -1 -1 -10 948.89 168.44 1160.17 238.36 -1 -1 -1 -1000 -1000 -1000 -10 0.9964 
Car -1 -1 -10 654.65 178.41 684.35 204.22 -1 -1 -1 -1000 -1000 -1000 -10 0.9035 
Car -1 -1 -10 862.76 178.53 1022.01 224.84 -1 -1 -1 -1000 -1000 -1000 -10 0.9015 
Car -1 -1 -10 272.01 187.92 361.99 214.68 -1 -1 -1 -1000 -1000 -1000 -10 0.2780 
Car -1 -1 -10 506.75 184.18 541.91 216.57 -1 -1 -1 -1000 -1000 -1000 -10 0.1369 
Car -1 -1 -10 577.17 181.22 609.84 198.99 -1 -1 -1 -1000 -1000 -1000 -10 0.1200 
Car -1 -1 -10 524.53 185.53 560.33 212.58 -1 -1 -1 -1000 -1000 -1000 -10 0.1080 
Car -1 -1 -10 671.35 183.91 731.50 232.27 -1 -1 -1 -1000 -1000 -1000 -10 0.0783 
Car -1 -1 -10 810.13 148.85 1224.53 369.62 -1 -1 -1 -1000 -1000 -1000 -10 0.0751 
Car -1 -1 -10 859.21 185.97 928.79 215.51 -1 -1 -1 -1000 -1000 -1000 -10 0.0276 
Car -1 -1 -10 964.85 177.49 1035.34 204.06 -1 -1 -1 -1000 -1000 -1000 -10 0.0150 
Car -1 -1 -10 961.84 178.00 1040.83 233.82 -1 -1 -1 -1000 -1000 -1000 -10 0.0060 
Car -1 -1 -10 72.44 216.74 160.33 253.88 -1 -1 -1 -1000 -1000 -1000 -10 0.0051 
Car -1 -1 -10 61.85 154.05 162.26 198.39 -1 -1 -1 -1000 -1000 -1000 -10 0.0024 
Car -1 -1 -10 1074.00 164.14 1181.36 236.37 -1 -1 -1 -1000 -1000 -1000 -10 0.0013 
Car -1 -1 -10 1081.30 291.81 1212.24 348.81 -1 -1 -1 -1000 -1000 -1000 -10 0.0012 
Car -1 -1 -10 80.50 211.77 209.28 255.66 -1 -1 -1 -1000 -1000 -1000 -10 0.0008 
Car -1 -1 -10 9.17 169.95 66.87 208.28 -1 -1 -1 -1000 -1000 -1000 -10 0.0008 
Car -1 -1 -10 11.37 199.88 69.13 224.87 -1 -1 -1 -1000 -1000 -1000 -10 0.0004 
Car -1 -1 -10 1068.90 274.70 1242.96 331.42 -1 -1 -1 -1000 -1000 -1000 -10 0.0004 
Car -1 -1 -10 68.34 174.49 143.86 200.25 -1 -1 -1 -1000 -1000 -1000 -10 0.0003 
Car -1 -1 -10 63.64 149.46 111.47 192.22 -1 -1 -1 -1000 -1000 -1000 -10 0.0003 
Car -1 -1 -10 1125.60 285.89 1227.04 318.16 -1 -1 -1 -1000 -1000 -1000 -10 0.0003 
Car -1 -1 -10 0.00 238.50 240.45 338.33 -1 -1 -1 -1000 -1000 -1000 -10 0.0002 
Car -1 -1 -10 795.90 202.35 853.51 218.77 -1 -1 -1 -1000 -1000 -1000 -10 0.0002 
Car -1 -1 -10 1072.70 169.55 1168.74 208.24 -1 -1 -1 -1000 -1000 -1000 -10 0.0001 
Car -1 -1 -10 892.04 179.13 975.79 199.81 -1 -1 -1 -1000 -1000 -1000 -10 0.0001 
Car -1 -1 -10 0.00 220.34 456.58 366.36 -1 -1 -1 -1000 -1000 -1000 -10 0.0001 
Car -1 -1 -10 68.55 235.50 154.39 255.47 -1 -1 -1 -1000 -1000 -1000 -10 0.0001 
Car -1 -1 -10 863.30 105.10 974.41 137.88 -1 -1 -1 -1000 -1000 -1000 -10 0.0001 
Car -1 -1 -10 867.07 45.25 953.96 80.55 -1 -1 -1 -1000 -1000 -1000 -10 0.0001 
Car -1 -1 -10 429.92 141.26 499.22 180.58 -1 -1 -1 -1000 -1000 -1000 -10 0.0001 
Car -1 -1 -10 998.95 173.11 1086.44 213.05 -1 -1 -1 -1000 -1000 -1000 -10 0.0001 
Car -1 -1 -10 23.33 197.21 118.26 232.23 -1 -1 -1 -1000 -1000 -1000 -10 0.0000 
Car -1 -1 -10 115.87 211.59 165.58 237.55 -1 -1 -1 -1000 -1000 -1000 -10 0.0000 
Car -1 -1 -10 34.86 242.16 128.60 280.82 -1 -1 -1 -1000 -1000 -1000 -10 0.0000 
Car -1 -1 -10 119.52 211.78 180.04 257.02 -1 -1 -1 -1000 -1000 -1000 -10 0.0000 
Car -1 -1 -10 91.23 240.99 153.56 265.18 -1 -1 -1 -1000 -1000 -1000 -10 0.0000 
Car -1 -1 -10 786.71 206.00 852.64 234.26 -1 -1 -1 -1000 -1000 -1000 -10 0.0000 
Car -1 -1 -10 104.96 260.53 178.55 283.78 -1 -1 -1 -1000 -1000 -1000 -10 0.0000 
Car -1 -1 -10 27.64 236.74 116.07 259.65 -1 -1 -1 -1000 -1000 -1000 -10 0.0000 
Car -1 -1 -10 18.91 188.07 96.16 219.00 -1 -1 -1 -1000 -1000 -1000 -10 0.0000 
Car -1 -1 -10 924.69 138.76 981.42 189.98 -1 -1 -1 -1000 -1000 -1000 -10 0.0000 
Car -1 -1 -10 1071.70 215.37 1180.05 284.73 -1 -1 -1 -1000 -1000 -1000 -10 0.0000 
Car -1 -1 -10 762.69 215.85 827.26 231.61 -1 -1 -1 -1000 -1000 -1000 -10 0.0000 
