Car -1 -1 -10 771.49 180.19 977.82 302.49 -1 -1 -1 -1000 -1000 -1000 -10 1.0000 
Car -1 -1 -10 697.27 177.41 752.09 228.27 -1 -1 -1 -1000 -1000 -1000 -10 1.0000 
Car -1 -1 -10 268.83 172.35 361.88 224.65 -1 -1 -1 -1000 -1000 -1000 -10 0.9912 
Car -1 -1 -10 858.23 200.05 1225.00 371.00 -1 -1 -1 -1000 -1000 -1000 -10 0.9572 
Car -1 -1 -10 503.56 176.04 542.55 197.54 -1 -1 -1 -1000 -1000 -1000 -10 0.0590 
Car -1 -1 -10 683.60 177.42 732.24 217.17 -1 -1 -1 -1000 -1000 -1000 -10 0.0515 
Car -1 -1 -10 11.88 211.48 89.52 242.36 -1 -1 -1 -1000 -1000 -1000 -10 0.0117 
Car -1 -1 -10 0.00 209.69 77.97 285.78 -1 -1 -1 -1000 -1000 -1000 -10 0.0074 
Car -1 -1 -10 78.02 196.15 147.03 232.72 -1 -1 -1 -1000 -1000 -1000 -10 0.0042 
Car -1 -1 -10 13.97 155.30 62.30 192.22 -1 -1 -1 -1000 -1000 -1000 -10 0.0042 
Car -1 -1 -10 44.91 139.44 119.82 187.82 -1 -1 -1 -1000 -1000 -1000 -10 0.0016 
Car -1 -1 -10 676.58 178.07 711.01 211.14 -1 -1 -1 -1000 -1000 -1000 -10 0.0008 
Car -1 -1 -10 502.03 181.91 559.05 217.64 -1 -1 -1 -1000 -1000 -1000 -10 0.0006 
Car -1 -1 -10 157.24 202.72 227.51 224.53 -1 -1 -1 -1000 -1000 -1000 -10 0.0004 
Car -1 -1 -10 851.58 254.95 975.94 317.14 -1 -1 -1 -1000 -1000 -1000 -10 0.0002 
Car -1 -1 -10 573.34 180.89 630.37 204.16 -1 -1 -1 -1000 -1000 -1000 -10 0.0001 
Car -1 -1 -10 518.70 183.25 576.91 207.45 -1 -1 -1 -1000 -1000 -1000 -10 0.0001 
Car -1 -1 -10 74.12 134.14 163.31 179.12 -1 -1 -1 -1000 -1000 -1000 -10 0.0000 
Car -1 -1 -10 763.71 184.82 851.01 234.75 -1 -1 -1 -1000 -1000 -1000 -10 0.0000 
Car -1 -1 -10 233.33 184.02 284.02 217.94 -1 -1 -1 -1000 -1000 -1000 -10 0.0000 
Car -1 -1 -10 758.02 187.11 825.68 220.30 -1 -1 -1 -1000 -1000 -1000 -10 0.0000 
Car -1 -1 -10 584.66 176.60 652.13 191.15 -1 -1 -1 -1000 -1000 -1000 -10 0.0000 
