Car -1 -1 -10 721.27 178.25 812.22 240.58 -1 -1 -1 -1000 -1000 -1000 -10 1.0000 
Car -1 -1 -10 364.60 179.90 417.19 203.61 -1 -1 -1 -1000 -1000 -1000 -10 0.9816 
Car -1 -1 -10 689.71 170.93 760.18 196.30 -1 -1 -1 -1000 -1000 -1000 -10 0.9339 
Car -1 -1 -10 860.70 166.81 919.91 192.12 -1 -1 -1 -1000 -1000 -1000 -10 0.8525 
Car -1 -1 -10 1140.40 156.91 1232.21 190.51 -1 -1 -1 -1000 -1000 -1000 -10 0.0664 
Car -1 -1 -10 117.71 182.97 211.34 215.87 -1 -1 -1 -1000 -1000 -1000 -10 0.0446 
Car -1 -1 -10 1009.10 163.64 1069.19 189.65 -1 -1 -1 -1000 -1000 -1000 -10 0.0207 
Car -1 -1 -10 69.72 187.00 144.73 209.35 -1 -1 -1 -1000 -1000 -1000 -10 0.0140 
Car -1 -1 -10 999.43 161.01 1036.06 190.17 -1 -1 -1 -1000 -1000 -1000 -10 0.0037 
Car -1 -1 -10 73.74 187.87 195.29 216.15 -1 -1 -1 -1000 -1000 -1000 -10 0.0029 
Car -1 -1 -10 1102.00 271.52 1156.85 301.37 -1 -1 -1 -1000 -1000 -1000 -10 0.0023 
Car -1 -1 -10 1033.30 158.94 1084.30 189.63 -1 -1 -1 -1000 -1000 -1000 -10 0.0021 
Car -1 -1 -10 997.32 154.28 1099.14 192.02 -1 -1 -1 -1000 -1000 -1000 -10 0.0018 
Car -1 -1 -10 275.92 181.55 338.63 199.65 -1 -1 -1 -1000 -1000 -1000 -10 0.0014 
Car -1 -1 -10 959.99 251.96 1021.05 290.51 -1 -1 -1 -1000 -1000 -1000 -10 0.0014 
Car -1 -1 -10 932.97 245.06 987.49 276.45 -1 -1 -1 -1000 -1000 -1000 -10 0.0011 
Car -1 -1 -10 283.66 130.21 344.66 163.97 -1 -1 -1 -1000 -1000 -1000 -10 0.0010 
Car -1 -1 -10 294.01 185.96 330.34 206.62 -1 -1 -1 -1000 -1000 -1000 -10 0.0008 
Car -1 -1 -10 886.39 169.13 960.46 191.85 -1 -1 -1 -1000 -1000 -1000 -10 0.0007 
Car -1 -1 -10 129.70 113.29 183.43 142.79 -1 -1 -1 -1000 -1000 -1000 -10 0.0005 
Car -1 -1 -10 1106.50 167.10 1166.84 189.50 -1 -1 -1 -1000 -1000 -1000 -10 0.0005 
Car -1 -1 -10 1115.10 276.26 1167.26 306.57 -1 -1 -1 -1000 -1000 -1000 -10 0.0005 
Car -1 -1 -10 1101.70 267.85 1202.31 304.77 -1 -1 -1 -1000 -1000 -1000 -10 0.0003 
Car -1 -1 -10 836.25 109.65 910.30 154.58 -1 -1 -1 -1000 -1000 -1000 -10 0.0002 
Car -1 -1 -10 1050.60 56.08 1113.82 93.66 -1 -1 -1 -1000 -1000 -1000 -10 0.0002 
Car -1 -1 -10 712.11 172.33 756.47 208.29 -1 -1 -1 -1000 -1000 -1000 -10 0.0001 
Car -1 -1 -10 9.10 97.65 105.31 128.76 -1 -1 -1 -1000 -1000 -1000 -10 0.0001 
Car -1 -1 -10 307.10 189.48 339.68 206.39 -1 -1 -1 -1000 -1000 -1000 -10 0.0001 
Car -1 -1 -10 890.99 144.67 931.55 192.39 -1 -1 -1 -1000 -1000 -1000 -10 0.0000 
Car -1 -1 -10 1037.60 147.87 1111.64 193.35 -1 -1 -1 -1000 -1000 -1000 -10 0.0000 
Car -1 -1 -10 720.01 174.53 767.87 234.34 -1 -1 -1 -1000 -1000 -1000 -10 0.0000 
Car -1 -1 -10 1053.30 281.61 1148.80 317.66 -1 -1 -1 -1000 -1000 -1000 -10 0.0000 
Car -1 -1 -10 1054.00 50.73 1147.36 99.16 -1 -1 -1 -1000 -1000 -1000 -10 0.0000 
Car -1 -1 -10 347.15 173.24 374.50 199.99 -1 -1 -1 -1000 -1000 -1000 -10 0.0000 
Car -1 -1 -10 714.63 69.18 820.04 131.87 -1 -1 -1 -1000 -1000 -1000 -10 0.0000 
Car -1 -1 -10 627.60 173.83 663.39 187.90 -1 -1 -1 -1000 -1000 -1000 -10 0.0000 
Car -1 -1 -10 582.00 176.72 648.70 221.35 -1 -1 -1 -1000 -1000 -1000 -10 0.0000 
Car -1 -1 -10 902.63 183.56 952.96 196.61 -1 -1 -1 -1000 -1000 -1000 -10 0.0000 
Car -1 -1 -10 608.69 179.27 667.44 209.81 -1 -1 -1 -1000 -1000 -1000 -10 0.0000 
Car -1 -1 -10 597.54 173.27 622.74 191.07 -1 -1 -1 -1000 -1000 -1000 -10 0.0000 
Car -1 -1 -10 611.83 179.54 653.27 192.38 -1 -1 -1 -1000 -1000 -1000 -10 0.0000 
Car -1 -1 -10 612.14 173.44 663.17 199.54 -1 -1 -1 -1000 -1000 -1000 -10 0.0000 
