Car -1 -1 -10 517.91 173.63 595.26 225.97 -1 -1 -1 -1000 -1000 -1000 -10 1.0000 
Car -1 -1 -10 736.57 174.18 825.29 242.43 -1 -1 -1 -1000 -1000 -1000 -10 0.9998 
Car -1 -1 -10 777.45 178.05 988.70 301.17 -1 -1 -1 -1000 -1000 -1000 -10 0.9996 
Car -1 -1 -10 646.22 171.50 711.56 207.12 -1 -1 -1 -1000 -1000 -1000 -10 0.9992 
Car -1 -1 -10 261.30 186.78 458.30 314.21 -1 -1 -1 -1000 -1000 -1000 -10 0.9985 
Car -1 -1 -10 415.35 169.31 519.80 250.89 -1 -1 -1 -1000 -1000 -1000 -10 0.9985 
Car -1 -1 -10 291.22 188.06 331.73 204.99 -1 -1 -1 -1000 -1000 -1000 -10 0.3666 
Car -1 -1 -10 885.34 150.76 951.68 191.36 -1 -1 -1 -1000 -1000 -1000 -10 0.3095 
Car -1 -1 -10 690.03 167.22 742.45 195.69 -1 -1 -1 -1000 -1000 -1000 -10 0.2934 
Car -1 -1 -10 946.46 151.31 999.98 192.13 -1 -1 -1 -1000 -1000 -1000 -10 0.1047 
Car -1 -1 -10 0.00 189.05 337.44 376.00 -1 -1 -1 -1000 -1000 -1000 -10 0.1017 
Car -1 -1 -10 952.08 203.58 1243.00 376.00 -1 -1 -1 -1000 -1000 -1000 -10 0.0687 
Car -1 -1 -10 733.74 166.81 786.53 238.25 -1 -1 -1 -1000 -1000 -1000 -10 0.0438 
Car -1 -1 -10 737.36 165.48 780.28 200.99 -1 -1 -1 -1000 -1000 -1000 -10 0.0216 
Car -1 -1 -10 431.24 171.60 516.54 220.18 -1 -1 -1 -1000 -1000 -1000 -10 0.0010 
Car -1 -1 -10 732.92 174.50 812.39 202.53 -1 -1 -1 -1000 -1000 -1000 -10 0.0008 
Car -1 -1 -10 750.72 182.33 900.88 254.05 -1 -1 -1 -1000 -1000 -1000 -10 0.0003 
Car -1 -1 -10 317.89 188.79 456.11 256.98 -1 -1 -1 -1000 -1000 -1000 -10 0.0003 
Car -1 -1 -10 964.60 259.44 1093.60 301.59 -1 -1 -1 -1000 -1000 -1000 -10 0.0002 
Car -1 -1 -10 437.55 169.41 512.33 194.32 -1 -1 -1 -1000 -1000 -1000 -10 0.0002 
Car -1 -1 -10 464.77 166.41 521.75 230.89 -1 -1 -1 -1000 -1000 -1000 -10 0.0002 
Car -1 -1 -10 881.63 148.95 950.69 235.70 -1 -1 -1 -1000 -1000 -1000 -10 0.0001 
Car -1 -1 -10 491.80 181.91 527.16 226.81 -1 -1 -1 -1000 -1000 -1000 -10 0.0001 
Car -1 -1 -10 0.00 203.50 100.59 240.59 -1 -1 -1 -1000 -1000 -1000 -10 0.0001 
Car -1 -1 -10 818.15 170.45 866.81 206.08 -1 -1 -1 -1000 -1000 -1000 -10 0.0001 
Car -1 -1 -10 502.35 188.94 552.74 223.78 -1 -1 -1 -1000 -1000 -1000 -10 0.0000 
Car -1 -1 -10 795.94 185.43 876.17 234.67 -1 -1 -1 -1000 -1000 -1000 -10 0.0000 
Car -1 -1 -10 21.02 197.44 110.12 221.43 -1 -1 -1 -1000 -1000 -1000 -10 0.0000 
Car -1 -1 -10 287.53 189.95 338.40 220.96 -1 -1 -1 -1000 -1000 -1000 -10 0.0000 
Car -1 -1 -10 398.79 178.30 479.25 214.08 -1 -1 -1 -1000 -1000 -1000 -10 0.0000 
Car -1 -1 -10 1069.50 65.30 1172.18 113.79 -1 -1 -1 -1000 -1000 -1000 -10 0.0000 
Car -1 -1 -10 820.81 154.23 855.64 202.75 -1 -1 -1 -1000 -1000 -1000 -10 0.0000 
Car -1 -1 -10 886.27 157.24 977.89 265.26 -1 -1 -1 -1000 -1000 -1000 -10 0.0000 
Car -1 -1 -10 270.38 195.28 392.47 276.86 -1 -1 -1 -1000 -1000 -1000 -10 0.0000 
Car -1 -1 -10 992.99 0.00 1243.00 333.49 -1 -1 -1 -1000 -1000 -1000 -10 0.0000 
Car -1 -1 -10 67.86 199.60 255.18 240.62 -1 -1 -1 -1000 -1000 -1000 -10 0.0000 
