Car -1 -1 -10 536.50 181.43 575.05 211.05 -1 -1 -1 -1000 -1000 -1000 -10 0.9953 
Car -1 -1 -10 580.91 175.00 617.45 203.61 -1 -1 -1 -1000 -1000 -1000 -10 0.9152 
Car -1 -1 -10 669.30 170.84 716.98 210.89 -1 -1 -1 -1000 -1000 -1000 -10 0.8814 
Car -1 -1 -10 745.10 138.82 947.26 304.36 -1 -1 -1 -1000 -1000 -1000 -10 0.5640 
Car -1 -1 -10 702.81 165.48 798.32 241.73 -1 -1 -1 -1000 -1000 -1000 -10 0.2541 
Car -1 -1 -10 739.74 100.23 1095.81 309.58 -1 -1 -1 -1000 -1000 -1000 -10 0.0897 
Car -1 -1 -10 1015.50 161.82 1073.76 185.61 -1 -1 -1 -1000 -1000 -1000 -10 0.0143 
Car -1 -1 -10 18.55 45.39 154.42 78.26 -1 -1 -1 -1000 -1000 -1000 -10 0.0135 
Car -1 -1 -10 878.57 179.13 956.95 239.38 -1 -1 -1 -1000 -1000 -1000 -10 0.0037 
Car -1 -1 -10 47.36 41.44 218.30 81.86 -1 -1 -1 -1000 -1000 -1000 -10 0.0029 
Car -1 -1 -10 793.14 161.83 892.93 240.58 -1 -1 -1 -1000 -1000 -1000 -10 0.0019 
Car -1 -1 -10 724.51 29.27 1243.00 341.84 -1 -1 -1 -1000 -1000 -1000 -10 0.0015 
Car -1 -1 -10 373.93 111.04 425.44 135.31 -1 -1 -1 -1000 -1000 -1000 -10 0.0013 
Car -1 -1 -10 365.25 114.59 413.72 139.90 -1 -1 -1 -1000 -1000 -1000 -10 0.0007 
Car -1 -1 -10 946.57 194.85 1023.23 241.49 -1 -1 -1 -1000 -1000 -1000 -10 0.0004 
Car -1 -1 -10 788.12 112.67 862.96 154.27 -1 -1 -1 -1000 -1000 -1000 -10 0.0003 
Car -1 -1 -10 811.01 22.91 976.10 81.41 -1 -1 -1 -1000 -1000 -1000 -10 0.0002 
Car -1 -1 -10 918.16 193.97 1069.85 253.23 -1 -1 -1 -1000 -1000 -1000 -10 0.0001 
Car -1 -1 -10 793.40 93.70 892.65 168.89 -1 -1 -1 -1000 -1000 -1000 -10 0.0000 
Car -1 -1 -10 781.41 171.75 966.56 260.10 -1 -1 -1 -1000 -1000 -1000 -10 0.0000 
