Car -1 -1 -10 1127.60 225.31 1225.02 256.63 -1 -1 -1 -1000 -1000 -1000 -10 0.0137 
Car -1 -1 -10 1169.70 224.74 1225.01 246.28 -1 -1 -1 -1000 -1000 -1000 -10 0.0066 
Car -1 -1 -10 27.65 226.05 121.60 260.44 -1 -1 -1 -1000 -1000 -1000 -10 0.0049 
Car -1 -1 -10 1135.90 278.94 1224.97 320.16 -1 -1 -1 -1000 -1000 -1000 -10 0.0043 
Car -1 -1 -10 1017.50 158.44 1079.00 194.53 -1 -1 -1 -1000 -1000 -1000 -10 0.0029 
Car -1 -1 -10 1180.90 225.13 1225.00 261.59 -1 -1 -1 -1000 -1000 -1000 -10 0.0026 
Car -1 -1 -10 1020.90 135.43 1080.53 168.03 -1 -1 -1 -1000 -1000 -1000 -10 0.0010 
Car -1 -1 -10 945.23 147.29 1032.40 184.42 -1 -1 -1 -1000 -1000 -1000 -10 0.0009 
Car -1 -1 -10 986.74 130.74 1047.56 159.99 -1 -1 -1 -1000 -1000 -1000 -10 0.0009 
Car -1 -1 -10 852.13 224.72 942.37 307.18 -1 -1 -1 -1000 -1000 -1000 -10 0.0007 
Car -1 -1 -10 994.41 124.28 1076.79 161.30 -1 -1 -1 -1000 -1000 -1000 -10 0.0005 
Car -1 -1 -10 989.54 154.74 1065.74 193.86 -1 -1 -1 -1000 -1000 -1000 -10 0.0005 
Car -1 -1 -10 994.17 92.38 1129.95 132.36 -1 -1 -1 -1000 -1000 -1000 -10 0.0003 
Car -1 -1 -10 0.00 145.53 132.75 218.44 -1 -1 -1 -1000 -1000 -1000 -10 0.0002 
Car -1 -1 -10 957.19 102.99 1036.11 133.72 -1 -1 -1 -1000 -1000 -1000 -10 0.0001 
Car -1 -1 -10 1182.40 273.33 1224.99 326.96 -1 -1 -1 -1000 -1000 -1000 -10 0.0001 
Car -1 -1 -10 839.88 119.35 921.23 149.31 -1 -1 -1 -1000 -1000 -1000 -10 0.0001 
Car -1 -1 -10 1067.10 80.31 1149.43 122.79 -1 -1 -1 -1000 -1000 -1000 -10 0.0001 
Car -1 -1 -10 829.57 206.73 901.19 256.78 -1 -1 -1 -1000 -1000 -1000 -10 0.0001 
Car -1 -1 -10 835.64 122.15 941.16 162.25 -1 -1 -1 -1000 -1000 -1000 -10 0.0000 
Car -1 -1 -10 924.73 124.92 994.37 155.44 -1 -1 -1 -1000 -1000 -1000 -10 0.0000 
Car -1 -1 -10 533.16 208.27 601.22 243.11 -1 -1 -1 -1000 -1000 -1000 -10 0.0000 
Car -1 -1 -10 667.35 175.48 760.34 203.81 -1 -1 -1 -1000 -1000 -1000 -10 0.0000 
Car -1 -1 -10 979.10 115.87 1090.78 148.18 -1 -1 -1 -1000 -1000 -1000 -10 0.0000 
Car -1 -1 -10 878.23 123.24 960.88 164.04 -1 -1 -1 -1000 -1000 -1000 -10 0.0000 
Car -1 -1 -10 931.18 121.34 1008.27 146.19 -1 -1 -1 -1000 -1000 -1000 -10 0.0000 
Car -1 -1 -10 874.39 118.26 944.95 142.67 -1 -1 -1 -1000 -1000 -1000 -10 0.0000 
Car -1 -1 -10 120.25 185.15 198.78 211.04 -1 -1 -1 -1000 -1000 -1000 -10 0.0000 
Car -1 -1 -10 687.43 207.69 801.13 250.18 -1 -1 -1 -1000 -1000 -1000 -10 0.0000 
Car -1 -1 -10 891.78 103.08 973.44 135.38 -1 -1 -1 -1000 -1000 -1000 -10 0.0000 
Car -1 -1 -10 513.30 29.65 607.23 70.74 -1 -1 -1 -1000 -1000 -1000 -10 0.0000 
Car -1 -1 -10 887.95 112.12 974.75 153.36 -1 -1 -1 -1000 -1000 -1000 -10 0.0000 
Car -1 -1 -10 1016.30 106.11 1122.96 145.41 -1 -1 -1 -1000 -1000 -1000 -10 0.0000 
Car -1 -1 -10 0.00 16.52 111.69 101.04 -1 -1 -1 -1000 -1000 -1000 -10 0.0000 
Car -1 -1 -10 470.59 26.14 641.56 83.86 -1 -1 -1 -1000 -1000 -1000 -10 0.0000 
