Car -1 -1 -10 302.71 158.57 512.54 303.23 -1 -1 -1 -1000 -1000 -1000 -10 0.9997 
Car -1 -1 -10 41.05 217.58 162.15 258.80 -1 -1 -1 -1000 -1000 -1000 -10 0.0359 
Car -1 -1 -10 319.78 167.01 505.94 224.70 -1 -1 -1 -1000 -1000 -1000 -10 0.0195 
Car -1 -1 -10 447.99 161.85 513.99 187.36 -1 -1 -1 -1000 -1000 -1000 -10 0.0109 
Car -1 -1 -10 606.06 298.63 678.43 335.13 -1 -1 -1 -1000 -1000 -1000 -10 0.0080 
Car -1 -1 -10 1167.10 133.79 1232.08 166.29 -1 -1 -1 -1000 -1000 -1000 -10 0.0069 
Car -1 -1 -10 566.02 164.16 599.56 187.68 -1 -1 -1 -1000 -1000 -1000 -10 0.0063 
Car -1 -1 -10 541.67 164.00 600.49 218.10 -1 -1 -1 -1000 -1000 -1000 -10 0.0058 
Car -1 -1 -10 1110.80 189.66 1217.41 321.79 -1 -1 -1 -1000 -1000 -1000 -10 0.0049 
Car -1 -1 -10 1108.30 216.26 1168.60 262.54 -1 -1 -1 -1000 -1000 -1000 -10 0.0045 
Car -1 -1 -10 602.66 176.95 665.80 211.45 -1 -1 -1 -1000 -1000 -1000 -10 0.0036 
Car -1 -1 -10 210.75 200.66 286.69 243.31 -1 -1 -1 -1000 -1000 -1000 -10 0.0033 
Car -1 -1 -10 589.42 296.46 653.77 327.43 -1 -1 -1 -1000 -1000 -1000 -10 0.0030 
Car -1 -1 -10 683.79 181.41 741.16 248.13 -1 -1 -1 -1000 -1000 -1000 -10 0.0029 
Car -1 -1 -10 1066.30 155.12 1230.20 284.07 -1 -1 -1 -1000 -1000 -1000 -10 0.0027 
Car -1 -1 -10 546.40 298.12 602.87 328.47 -1 -1 -1 -1000 -1000 -1000 -10 0.0022 
Car -1 -1 -10 1117.80 152.21 1179.56 186.12 -1 -1 -1 -1000 -1000 -1000 -10 0.0021 
Car -1 -1 -10 594.25 302.67 651.11 343.06 -1 -1 -1 -1000 -1000 -1000 -10 0.0020 
Car -1 -1 -10 566.64 297.84 646.12 337.05 -1 -1 -1 -1000 -1000 -1000 -10 0.0016 
Car -1 -1 -10 485.26 161.33 521.46 187.72 -1 -1 -1 -1000 -1000 -1000 -10 0.0014 
Car -1 -1 -10 1031.60 119.98 1092.77 198.14 -1 -1 -1 -1000 -1000 -1000 -10 0.0013 
Car -1 -1 -10 339.00 172.01 389.17 198.52 -1 -1 -1 -1000 -1000 -1000 -10 0.0008 
Car -1 -1 -10 547.42 168.10 595.89 196.58 -1 -1 -1 -1000 -1000 -1000 -10 0.0008 
Car -1 -1 -10 12.51 203.37 112.91 253.76 -1 -1 -1 -1000 -1000 -1000 -10 0.0007 
Car -1 -1 -10 937.13 201.84 976.10 229.62 -1 -1 -1 -1000 -1000 -1000 -10 0.0005 
Car -1 -1 -10 338.51 178.71 376.80 217.31 -1 -1 -1 -1000 -1000 -1000 -10 0.0004 
Car -1 -1 -10 605.67 316.43 660.65 354.58 -1 -1 -1 -1000 -1000 -1000 -10 0.0004 
Car -1 -1 -10 434.86 160.37 501.96 179.34 -1 -1 -1 -1000 -1000 -1000 -10 0.0004 
Car -1 -1 -10 748.85 181.27 797.54 238.81 -1 -1 -1 -1000 -1000 -1000 -10 0.0004 
Car -1 -1 -10 1150.40 164.55 1233.13 228.17 -1 -1 -1 -1000 -1000 -1000 -10 0.0004 
Car -1 -1 -10 1040.70 68.08 1124.18 118.43 -1 -1 -1 -1000 -1000 -1000 -10 0.0003 
Car -1 -1 -10 519.99 311.73 566.50 337.24 -1 -1 -1 -1000 -1000 -1000 -10 0.0003 
Car -1 -1 -10 529.46 305.98 578.70 332.11 -1 -1 -1 -1000 -1000 -1000 -10 0.0003 
Car -1 -1 -10 602.01 182.16 703.13 223.92 -1 -1 -1 -1000 -1000 -1000 -10 0.0003 
Car -1 -1 -10 338.55 168.36 414.21 207.52 -1 -1 -1 -1000 -1000 -1000 -10 0.0003 
Car -1 -1 -10 568.70 207.32 633.27 241.46 -1 -1 -1 -1000 -1000 -1000 -10 0.0003 
Car -1 -1 -10 1115.70 143.13 1208.91 202.78 -1 -1 -1 -1000 -1000 -1000 -10 0.0002 
Car -1 -1 -10 164.27 187.96 272.18 243.56 -1 -1 -1 -1000 -1000 -1000 -10 0.0002 
Car -1 -1 -10 946.66 276.22 1000.33 307.57 -1 -1 -1 -1000 -1000 -1000 -10 0.0002 
Car -1 -1 -10 1021.30 188.21 1117.45 267.52 -1 -1 -1 -1000 -1000 -1000 -10 0.0002 
Car -1 -1 -10 539.70 183.06 596.89 230.20 -1 -1 -1 -1000 -1000 -1000 -10 0.0001 
Car -1 -1 -10 434.56 164.08 510.33 209.66 -1 -1 -1 -1000 -1000 -1000 -10 0.0001 
Car -1 -1 -10 490.49 305.63 543.47 341.29 -1 -1 -1 -1000 -1000 -1000 -10 0.0001 
Car -1 -1 -10 529.01 316.56 580.42 340.53 -1 -1 -1 -1000 -1000 -1000 -10 0.0001 
Car -1 -1 -10 364.74 158.90 397.49 182.85 -1 -1 -1 -1000 -1000 -1000 -10 0.0001 
Car -1 -1 -10 505.61 298.10 571.71 338.06 -1 -1 -1 -1000 -1000 -1000 -10 0.0000 
Car -1 -1 -10 550.55 177.33 658.81 245.23 -1 -1 -1 -1000 -1000 -1000 -10 0.0000 
Car -1 -1 -10 1170.30 131.53 1231.14 208.12 -1 -1 -1 -1000 -1000 -1000 -10 0.0000 
Car -1 -1 -10 226.49 174.17 334.74 242.79 -1 -1 -1 -1000 -1000 -1000 -10 0.0000 
Car -1 -1 -10 192.76 200.84 251.02 240.51 -1 -1 -1 -1000 -1000 -1000 -10 0.0000 
Car -1 -1 -10 494.69 290.33 545.87 330.57 -1 -1 -1 -1000 -1000 -1000 -10 0.0000 
Car -1 -1 -10 515.46 171.25 590.83 212.29 -1 -1 -1 -1000 -1000 -1000 -10 0.0000 
Car -1 -1 -10 235.83 200.36 318.26 243.23 -1 -1 -1 -1000 -1000 -1000 -10 0.0000 
Car -1 -1 -10 855.27 179.05 941.34 241.78 -1 -1 -1 -1000 -1000 -1000 -10 0.0000 
Car -1 -1 -10 149.16 60.92 270.49 95.13 -1 -1 -1 -1000 -1000 -1000 -10 0.0000 
Car -1 -1 -10 395.70 135.30 454.16 166.62 -1 -1 -1 -1000 -1000 -1000 -10 0.0000 
Car -1 -1 -10 589.52 317.66 677.59 367.52 -1 -1 -1 -1000 -1000 -1000 -10 0.0000 
Car -1 -1 -10 809.32 188.84 861.86 229.55 -1 -1 -1 -1000 -1000 -1000 -10 0.0000 
Car -1 -1 -10 460.36 176.04 512.44 248.59 -1 -1 -1 -1000 -1000 -1000 -10 0.0000 
Car -1 -1 -10 1001.30 98.87 1235.15 267.92 -1 -1 -1 -1000 -1000 -1000 -10 0.0000 
Car -1 -1 -10 711.56 279.64 763.76 307.07 -1 -1 -1 -1000 -1000 -1000 -10 0.0000 
Car -1 -1 -10 1091.20 76.39 1212.38 163.28 -1 -1 -1 -1000 -1000 -1000 -10 0.0000 
Car -1 -1 -10 402.21 161.26 511.68 286.53 -1 -1 -1 -1000 -1000 -1000 -10 0.0000 
Car -1 -1 -10 424.98 155.96 487.23 170.24 -1 -1 -1 -1000 -1000 -1000 -10 0.0000 
Car -1 -1 -10 138.23 103.55 229.23 160.98 -1 -1 -1 -1000 -1000 -1000 -10 0.0000 
Car -1 -1 -10 417.63 143.56 457.47 164.87 -1 -1 -1 -1000 -1000 -1000 -10 0.0000 
Car -1 -1 -10 410.06 150.06 464.07 167.48 -1 -1 -1 -1000 -1000 -1000 -10 0.0000 
Car -1 -1 -10 516.16 120.34 597.10 170.35 -1 -1 -1 -1000 -1000 -1000 -10 0.0000 
Car -1 -1 -10 1036.60 25.41 1142.32 53.58 -1 -1 -1 -1000 -1000 -1000 -10 0.0000 
