Car -1 -1 -10 440.50 175.72 484.65 205.45 -1 -1 -1 -1000 -1000 -1000 -10 0.9996 
Car -1 -1 -10 1011.30 155.54 1188.00 206.70 -1 -1 -1 -1000 -1000 -1000 -10 0.9992 
Car -1 -1 -10 198.33 178.34 298.63 230.37 -1 -1 -1 -1000 -1000 -1000 -10 0.9981 
Car -1 -1 -10 905.30 313.79 970.21 346.50 -1 -1 -1 -1000 -1000 -1000 -10 0.0764 
Car -1 -1 -10 1006.30 171.02 1044.79 208.55 -1 -1 -1 -1000 -1000 -1000 -10 0.0402 
Car -1 -1 -10 1072.40 150.92 1168.71 200.54 -1 -1 -1 -1000 -1000 -1000 -10 0.0375 
Car -1 -1 -10 1004.30 162.24 1068.44 207.28 -1 -1 -1 -1000 -1000 -1000 -10 0.0334 
Car -1 -1 -10 105.15 117.34 169.70 165.42 -1 -1 -1 -1000 -1000 -1000 -10 0.0160 
Car -1 -1 -10 103.39 132.08 246.38 200.24 -1 -1 -1 -1000 -1000 -1000 -10 0.0108 
Car -1 -1 -10 151.46 189.38 200.31 235.13 -1 -1 -1 -1000 -1000 -1000 -10 0.0064 
Car -1 -1 -10 589.92 106.63 640.00 137.44 -1 -1 -1 -1000 -1000 -1000 -10 0.0046 
Car -1 -1 -10 0.00 143.87 73.66 205.88 -1 -1 -1 -1000 -1000 -1000 -10 0.0044 
Car -1 -1 -10 56.81 132.03 118.50 164.21 -1 -1 -1 -1000 -1000 -1000 -10 0.0041 
Car -1 -1 -10 137.77 134.75 233.50 184.58 -1 -1 -1 -1000 -1000 -1000 -10 0.0034 
Car -1 -1 -10 883.87 316.05 937.35 346.20 -1 -1 -1 -1000 -1000 -1000 -10 0.0031 
Car -1 -1 -10 121.05 140.62 203.47 190.12 -1 -1 -1 -1000 -1000 -1000 -10 0.0020 
Car -1 -1 -10 858.85 314.74 912.43 346.40 -1 -1 -1 -1000 -1000 -1000 -10 0.0019 
Car -1 -1 -10 5.43 179.36 432.13 361.85 -1 -1 -1 -1000 -1000 -1000 -10 0.0018 
Car -1 -1 -10 141.67 128.17 195.66 167.35 -1 -1 -1 -1000 -1000 -1000 -10 0.0017 
Car -1 -1 -10 968.36 315.59 1019.96 340.70 -1 -1 -1 -1000 -1000 -1000 -10 0.0016 
Car -1 -1 -10 934.58 314.57 994.14 340.29 -1 -1 -1 -1000 -1000 -1000 -10 0.0010 
Car -1 -1 -10 226.53 177.58 297.63 202.48 -1 -1 -1 -1000 -1000 -1000 -10 0.0005 
Car -1 -1 -10 868.24 78.22 932.10 174.09 -1 -1 -1 -1000 -1000 -1000 -10 0.0004 
Car -1 -1 -10 37.21 127.09 127.56 186.73 -1 -1 -1 -1000 -1000 -1000 -10 0.0003 
Car -1 -1 -10 113.14 167.58 194.11 218.87 -1 -1 -1 -1000 -1000 -1000 -10 0.0001 
Car -1 -1 -10 977.97 84.47 1052.87 116.16 -1 -1 -1 -1000 -1000 -1000 -10 0.0001 
Car -1 -1 -10 489.11 172.16 528.76 196.12 -1 -1 -1 -1000 -1000 -1000 -10 0.0001 
Car -1 -1 -10 761.28 172.88 803.89 188.54 -1 -1 -1 -1000 -1000 -1000 -10 0.0000 
Car -1 -1 -10 471.94 178.10 504.29 199.30 -1 -1 -1 -1000 -1000 -1000 -10 0.0000 
Car -1 -1 -10 1006.70 182.00 1081.14 210.18 -1 -1 -1 -1000 -1000 -1000 -10 0.0000 
Car -1 -1 -10 976.73 42.91 1058.50 114.58 -1 -1 -1 -1000 -1000 -1000 -10 0.0000 
Car -1 -1 -10 264.26 231.04 360.73 262.77 -1 -1 -1 -1000 -1000 -1000 -10 0.0000 
Car -1 -1 -10 735.08 176.28 792.14 192.73 -1 -1 -1 -1000 -1000 -1000 -10 0.0000 
Car -1 -1 -10 362.14 174.54 408.00 201.94 -1 -1 -1 -1000 -1000 -1000 -10 0.0000 
Car -1 -1 -10 601.06 163.76 653.81 179.40 -1 -1 -1 -1000 -1000 -1000 -10 0.0000 
Car -1 -1 -10 187.52 188.03 237.67 229.16 -1 -1 -1 -1000 -1000 -1000 -10 0.0000 
Car -1 -1 -10 360.83 169.81 386.28 209.21 -1 -1 -1 -1000 -1000 -1000 -10 0.0000 
Car -1 -1 -10 324.13 165.39 386.51 209.72 -1 -1 -1 -1000 -1000 -1000 -10 0.0000 
