Car -1 -1 -10 785.47 180.01 845.73 236.27 -1 -1 -1 -1000 -1000 -1000 -10 0.9999 
Car -1 -1 -10 639.31 183.40 689.88 213.31 -1 -1 -1 -1000 -1000 -1000 -10 0.9999 
Car -1 -1 -10 277.72 178.99 474.19 277.57 -1 -1 -1 -1000 -1000 -1000 -10 0.9991 
Car -1 -1 -10 562.29 182.33 640.58 225.67 -1 -1 -1 -1000 -1000 -1000 -10 0.9991 
Car -1 -1 -10 1108.40 52.23 1187.89 80.14 -1 -1 -1 -1000 -1000 -1000 -10 0.1477 
Car -1 -1 -10 668.92 181.19 711.33 207.38 -1 -1 -1 -1000 -1000 -1000 -10 0.0821 
Car -1 -1 -10 1092.60 229.15 1135.34 257.18 -1 -1 -1 -1000 -1000 -1000 -10 0.0591 
Car -1 -1 -10 195.95 82.55 275.25 137.40 -1 -1 -1 -1000 -1000 -1000 -10 0.0119 
Car -1 -1 -10 504.71 78.91 555.26 101.24 -1 -1 -1 -1000 -1000 -1000 -10 0.0064 
Car -1 -1 -10 212.94 87.33 273.43 122.38 -1 -1 -1 -1000 -1000 -1000 -10 0.0049 
Car -1 -1 -10 210.13 305.49 250.03 327.98 -1 -1 -1 -1000 -1000 -1000 -10 0.0039 
Car -1 -1 -10 63.63 55.66 107.15 91.00 -1 -1 -1 -1000 -1000 -1000 -10 0.0038 
Car -1 -1 -10 1154.90 185.80 1207.60 268.59 -1 -1 -1 -1000 -1000 -1000 -10 0.0032 
Car -1 -1 -10 112.68 318.50 161.96 344.68 -1 -1 -1 -1000 -1000 -1000 -10 0.0028 
Car -1 -1 -10 1150.60 188.05 1210.71 232.44 -1 -1 -1 -1000 -1000 -1000 -10 0.0028 
Car -1 -1 -10 368.87 87.38 417.07 119.87 -1 -1 -1 -1000 -1000 -1000 -10 0.0023 
Car -1 -1 -10 388.14 93.66 436.13 120.17 -1 -1 -1 -1000 -1000 -1000 -10 0.0022 
Car -1 -1 -10 100.24 324.02 152.87 349.12 -1 -1 -1 -1000 -1000 -1000 -10 0.0020 
Car -1 -1 -10 682.82 179.42 739.75 203.93 -1 -1 -1 -1000 -1000 -1000 -10 0.0019 
Car -1 -1 -10 15.27 132.49 94.46 171.39 -1 -1 -1 -1000 -1000 -1000 -10 0.0017 
Car -1 -1 -10 123.62 71.18 205.86 112.80 -1 -1 -1 -1000 -1000 -1000 -10 0.0016 
Car -1 -1 -10 137.96 314.07 183.23 341.25 -1 -1 -1 -1000 -1000 -1000 -10 0.0015 
Car -1 -1 -10 340.34 118.44 391.43 147.78 -1 -1 -1 -1000 -1000 -1000 -10 0.0015 
Car -1 -1 -10 404.54 108.70 470.24 139.14 -1 -1 -1 -1000 -1000 -1000 -10 0.0015 
Car -1 -1 -10 1076.10 232.89 1135.45 266.44 -1 -1 -1 -1000 -1000 -1000 -10 0.0014 
Car -1 -1 -10 79.38 320.04 135.06 347.06 -1 -1 -1 -1000 -1000 -1000 -10 0.0014 
Car -1 -1 -10 70.41 326.14 123.97 352.57 -1 -1 -1 -1000 -1000 -1000 -10 0.0013 
Car -1 -1 -10 123.53 132.87 183.69 156.08 -1 -1 -1 -1000 -1000 -1000 -10 0.0013 
Car -1 -1 -10 83.58 137.20 168.20 183.44 -1 -1 -1 -1000 -1000 -1000 -10 0.0012 
Car -1 -1 -10 541.29 108.72 591.88 134.86 -1 -1 -1 -1000 -1000 -1000 -10 0.0010 
Car -1 -1 -10 1118.00 204.47 1199.23 246.77 -1 -1 -1 -1000 -1000 -1000 -10 0.0010 
Car -1 -1 -10 486.79 133.86 556.65 160.76 -1 -1 -1 -1000 -1000 -1000 -10 0.0009 
Car -1 -1 -10 411.61 91.26 461.35 119.39 -1 -1 -1 -1000 -1000 -1000 -10 0.0008 
Car -1 -1 -10 176.30 57.42 244.38 108.65 -1 -1 -1 -1000 -1000 -1000 -10 0.0008 
Car -1 -1 -10 1034.00 65.54 1136.06 106.35 -1 -1 -1 -1000 -1000 -1000 -10 0.0007 
Car -1 -1 -10 152.10 308.23 206.66 336.59 -1 -1 -1 -1000 -1000 -1000 -10 0.0007 
Car -1 -1 -10 433.99 113.58 487.37 144.58 -1 -1 -1 -1000 -1000 -1000 -10 0.0007 
Car -1 -1 -10 278.06 140.56 332.14 167.72 -1 -1 -1 -1000 -1000 -1000 -10 0.0007 
Car -1 -1 -10 295.33 139.74 371.14 164.50 -1 -1 -1 -1000 -1000 -1000 -10 0.0006 
Car -1 -1 -10 51.94 42.87 109.57 84.48 -1 -1 -1 -1000 -1000 -1000 -10 0.0006 
Car -1 -1 -10 270.60 55.46 353.80 89.66 -1 -1 -1 -1000 -1000 -1000 -10 0.0005 
Car -1 -1 -10 328.95 126.53 379.50 150.51 -1 -1 -1 -1000 -1000 -1000 -10 0.0005 
Car -1 -1 -10 95.96 135.82 158.57 163.03 -1 -1 -1 -1000 -1000 -1000 -10 0.0004 
Car -1 -1 -10 1139.20 48.35 1227.51 76.02 -1 -1 -1 -1000 -1000 -1000 -10 0.0004 
Car -1 -1 -10 320.84 132.90 377.27 158.56 -1 -1 -1 -1000 -1000 -1000 -10 0.0004 
Car -1 -1 -10 183.22 75.96 259.91 107.29 -1 -1 -1 -1000 -1000 -1000 -10 0.0003 
Car -1 -1 -10 87.41 308.96 154.12 347.30 -1 -1 -1 -1000 -1000 -1000 -10 0.0003 
Car -1 -1 -10 54.22 333.49 131.08 357.09 -1 -1 -1 -1000 -1000 -1000 -10 0.0003 
Car -1 -1 -10 285.69 149.80 374.05 173.16 -1 -1 -1 -1000 -1000 -1000 -10 0.0003 
Car -1 -1 -10 206.52 71.55 313.66 111.63 -1 -1 -1 -1000 -1000 -1000 -10 0.0002 
Car -1 -1 -10 269.18 47.34 351.68 72.72 -1 -1 -1 -1000 -1000 -1000 -10 0.0002 
Car -1 -1 -10 301.57 182.23 441.85 250.91 -1 -1 -1 -1000 -1000 -1000 -10 0.0001 
Car -1 -1 -10 338.45 121.85 443.06 153.59 -1 -1 -1 -1000 -1000 -1000 -10 0.0001 
Car -1 -1 -10 316.97 186.00 408.35 226.12 -1 -1 -1 -1000 -1000 -1000 -10 0.0001 
Car -1 -1 -10 938.93 201.80 1020.65 222.34 -1 -1 -1 -1000 -1000 -1000 -10 0.0001 
Car -1 -1 -10 254.56 144.03 348.61 174.09 -1 -1 -1 -1000 -1000 -1000 -10 0.0001 
Car -1 -1 -10 1086.70 22.65 1179.53 85.53 -1 -1 -1 -1000 -1000 -1000 -10 0.0001 
Car -1 -1 -10 903.58 199.36 976.60 216.36 -1 -1 -1 -1000 -1000 -1000 -10 0.0001 
Car -1 -1 -10 268.65 133.77 361.45 160.95 -1 -1 -1 -1000 -1000 -1000 -10 0.0000 
Car -1 -1 -10 928.27 198.56 993.14 214.96 -1 -1 -1 -1000 -1000 -1000 -10 0.0000 
Car -1 -1 -10 942.05 194.75 1043.13 217.98 -1 -1 -1 -1000 -1000 -1000 -10 0.0000 
Car -1 -1 -10 951.31 186.77 995.02 206.10 -1 -1 -1 -1000 -1000 -1000 -10 0.0000 
