Car -1 -1 -10 424.99 182.73 519.91 248.26 -1 -1 -1 -1000 -1000 -1000 -10 0.9999 
Car -1 -1 -10 48.25 172.37 106.63 207.55 -1 -1 -1 -1000 -1000 -1000 -10 0.0115 
Car -1 -1 -10 122.41 178.42 180.37 209.82 -1 -1 -1 -1000 -1000 -1000 -10 0.0094 
Car -1 -1 -10 913.73 109.93 998.23 140.93 -1 -1 -1 -1000 -1000 -1000 -10 0.0079 
Car -1 -1 -10 62.53 189.86 113.57 229.77 -1 -1 -1 -1000 -1000 -1000 -10 0.0066 
Car -1 -1 -10 47.87 97.49 109.31 133.62 -1 -1 -1 -1000 -1000 -1000 -10 0.0040 
Car -1 -1 -10 32.55 91.13 93.15 127.60 -1 -1 -1 -1000 -1000 -1000 -10 0.0040 
Car -1 -1 -10 309.06 196.41 359.54 230.07 -1 -1 -1 -1000 -1000 -1000 -10 0.0038 
Car -1 -1 -10 1039.50 208.59 1128.27 234.28 -1 -1 -1 -1000 -1000 -1000 -10 0.0038 
Car -1 -1 -10 30.38 123.57 82.32 158.39 -1 -1 -1 -1000 -1000 -1000 -10 0.0037 
Car -1 -1 -10 841.74 125.95 927.04 166.67 -1 -1 -1 -1000 -1000 -1000 -10 0.0036 
Car -1 -1 -10 11.98 114.76 72.71 163.84 -1 -1 -1 -1000 -1000 -1000 -10 0.0035 
Car -1 -1 -10 59.78 107.38 115.22 144.35 -1 -1 -1 -1000 -1000 -1000 -10 0.0032 
Car -1 -1 -10 42.97 232.21 119.67 268.23 -1 -1 -1 -1000 -1000 -1000 -10 0.0028 
Car -1 -1 -10 61.10 176.05 121.24 219.79 -1 -1 -1 -1000 -1000 -1000 -10 0.0025 
Car -1 -1 -10 154.90 256.81 217.99 283.78 -1 -1 -1 -1000 -1000 -1000 -10 0.0018 
Car -1 -1 -10 95.80 169.60 180.07 207.12 -1 -1 -1 -1000 -1000 -1000 -10 0.0017 
Car -1 -1 -10 72.96 183.43 151.22 227.46 -1 -1 -1 -1000 -1000 -1000 -10 0.0016 
Car -1 -1 -10 121.94 126.32 185.43 148.59 -1 -1 -1 -1000 -1000 -1000 -10 0.0016 
Car -1 -1 -10 316.87 187.01 388.97 223.47 -1 -1 -1 -1000 -1000 -1000 -10 0.0015 
Car -1 -1 -10 91.54 180.41 162.48 214.29 -1 -1 -1 -1000 -1000 -1000 -10 0.0015 
Car -1 -1 -10 324.35 210.84 379.75 241.51 -1 -1 -1 -1000 -1000 -1000 -10 0.0014 
Car -1 -1 -10 32.06 74.38 109.22 120.79 -1 -1 -1 -1000 -1000 -1000 -10 0.0013 
Car -1 -1 -10 27.59 212.28 104.74 260.23 -1 -1 -1 -1000 -1000 -1000 -10 0.0012 
Car -1 -1 -10 136.03 181.62 213.13 224.35 -1 -1 -1 -1000 -1000 -1000 -10 0.0012 
Car -1 -1 -10 996.24 46.49 1056.33 80.54 -1 -1 -1 -1000 -1000 -1000 -10 0.0012 
Car -1 -1 -10 66.01 100.24 129.65 131.78 -1 -1 -1 -1000 -1000 -1000 -10 0.0011 
Car -1 -1 -10 1126.70 248.63 1216.30 278.06 -1 -1 -1 -1000 -1000 -1000 -10 0.0011 
Car -1 -1 -10 876.18 177.08 931.59 210.10 -1 -1 -1 -1000 -1000 -1000 -10 0.0010 
Car -1 -1 -10 897.21 116.27 980.71 145.63 -1 -1 -1 -1000 -1000 -1000 -10 0.0010 
Car -1 -1 -10 1017.00 44.68 1076.55 79.25 -1 -1 -1 -1000 -1000 -1000 -10 0.0010 
Car -1 -1 -10 85.62 169.51 144.63 200.98 -1 -1 -1 -1000 -1000 -1000 -10 0.0010 
Car -1 -1 -10 0.00 42.66 47.87 75.81 -1 -1 -1 -1000 -1000 -1000 -10 0.0010 
Car -1 -1 -10 179.87 240.36 264.47 276.65 -1 -1 -1 -1000 -1000 -1000 -10 0.0009 
Car -1 -1 -10 159.23 199.82 211.88 229.97 -1 -1 -1 -1000 -1000 -1000 -10 0.0009 
Car -1 -1 -10 223.00 208.07 281.35 244.45 -1 -1 -1 -1000 -1000 -1000 -10 0.0009 
Car -1 -1 -10 87.66 148.18 148.13 192.00 -1 -1 -1 -1000 -1000 -1000 -10 0.0008 
Car -1 -1 -10 827.55 143.38 910.37 179.45 -1 -1 -1 -1000 -1000 -1000 -10 0.0008 
Car -1 -1 -10 176.76 204.93 236.34 235.91 -1 -1 -1 -1000 -1000 -1000 -10 0.0007 
Car -1 -1 -10 322.69 181.23 373.64 207.44 -1 -1 -1 -1000 -1000 -1000 -10 0.0007 
Car -1 -1 -10 146.47 164.05 205.31 196.63 -1 -1 -1 -1000 -1000 -1000 -10 0.0006 
Car -1 -1 -10 154.22 246.02 250.05 282.24 -1 -1 -1 -1000 -1000 -1000 -10 0.0004 
Car -1 -1 -10 1016.10 215.02 1079.90 239.39 -1 -1 -1 -1000 -1000 -1000 -10 0.0003 
Car -1 -1 -10 123.76 116.72 200.35 157.04 -1 -1 -1 -1000 -1000 -1000 -10 0.0003 
Car -1 -1 -10 672.99 98.05 765.38 142.96 -1 -1 -1 -1000 -1000 -1000 -10 0.0003 
Car -1 -1 -10 299.71 127.71 368.86 148.79 -1 -1 -1 -1000 -1000 -1000 -10 0.0003 
Car -1 -1 -10 984.57 211.24 1068.75 229.12 -1 -1 -1 -1000 -1000 -1000 -10 0.0003 
Car -1 -1 -10 991.91 36.15 1049.85 64.38 -1 -1 -1 -1000 -1000 -1000 -10 0.0002 
Car -1 -1 -10 1049.70 256.86 1119.31 283.91 -1 -1 -1 -1000 -1000 -1000 -10 0.0002 
Car -1 -1 -10 956.12 31.56 1038.81 63.83 -1 -1 -1 -1000 -1000 -1000 -10 0.0002 
Car -1 -1 -10 5.05 47.18 77.84 88.92 -1 -1 -1 -1000 -1000 -1000 -10 0.0001 
Car -1 -1 -10 1019.70 33.65 1072.67 58.48 -1 -1 -1 -1000 -1000 -1000 -10 0.0001 
Car -1 -1 -10 814.61 193.84 879.43 211.72 -1 -1 -1 -1000 -1000 -1000 -10 0.0001 
Car -1 -1 -10 1005.00 38.00 1068.28 69.29 -1 -1 -1 -1000 -1000 -1000 -10 0.0001 
Car -1 -1 -10 1120.00 325.89 1150.65 348.90 -1 -1 -1 -1000 -1000 -1000 -10 0.0001 
Car -1 -1 -10 1128.40 27.64 1223.60 71.95 -1 -1 -1 -1000 -1000 -1000 -10 0.0001 
Car -1 -1 -10 1035.80 218.68 1114.89 241.35 -1 -1 -1 -1000 -1000 -1000 -10 0.0001 
Car -1 -1 -10 907.42 208.21 990.50 236.11 -1 -1 -1 -1000 -1000 -1000 -10 0.0000 
Car -1 -1 -10 1120.30 252.84 1199.46 294.27 -1 -1 -1 -1000 -1000 -1000 -10 0.0000 
Car -1 -1 -10 989.95 329.83 1042.83 354.08 -1 -1 -1 -1000 -1000 -1000 -10 0.0000 
Car -1 -1 -10 313.71 112.97 367.67 138.97 -1 -1 -1 -1000 -1000 -1000 -10 0.0000 
Car -1 -1 -10 976.01 214.20 1071.42 241.67 -1 -1 -1 -1000 -1000 -1000 -10 0.0000 
Car -1 -1 -10 1118.60 139.67 1200.86 167.54 -1 -1 -1 -1000 -1000 -1000 -10 0.0000 
Car -1 -1 -10 986.75 324.14 1031.68 345.87 -1 -1 -1 -1000 -1000 -1000 -10 0.0000 
Car -1 -1 -10 960.71 334.56 1032.22 358.94 -1 -1 -1 -1000 -1000 -1000 -10 0.0000 
Car -1 -1 -10 905.28 198.61 991.78 223.58 -1 -1 -1 -1000 -1000 -1000 -10 0.0000 
Car -1 -1 -10 872.71 189.13 976.67 221.13 -1 -1 -1 -1000 -1000 -1000 -10 0.0000 
Car -1 -1 -10 975.64 224.45 1084.18 255.93 -1 -1 -1 -1000 -1000 -1000 -10 0.0000 
Car -1 -1 -10 917.47 19.63 1049.06 75.62 -1 -1 -1 -1000 -1000 -1000 -10 0.0000 
Car -1 -1 -10 885.78 164.41 974.42 198.55 -1 -1 -1 -1000 -1000 -1000 -10 0.0000 
Car -1 -1 -10 860.91 158.75 918.44 191.56 -1 -1 -1 -1000 -1000 -1000 -10 0.0000 
Car -1 -1 -10 971.02 330.63 1072.27 358.50 -1 -1 -1 -1000 -1000 -1000 -10 0.0000 
Car -1 -1 -10 478.83 183.81 516.00 230.16 -1 -1 -1 -1000 -1000 -1000 -10 0.0000 
Car -1 -1 -10 1124.40 330.27 1163.32 355.74 -1 -1 -1 -1000 -1000 -1000 -10 0.0000 
Car -1 -1 -10 1133.00 330.31 1188.96 353.25 -1 -1 -1 -1000 -1000 -1000 -10 0.0000 
Car -1 -1 -10 1125.30 334.96 1194.02 361.14 -1 -1 -1 -1000 -1000 -1000 -10 0.0000 
Car -1 -1 -10 571.11 181.18 646.84 222.92 -1 -1 -1 -1000 -1000 -1000 -10 0.0000 
