Car -1 -1 -10 337.44 189.85 390.34 218.70 -1 -1 -1 -1000 -1000 -1000 -10 0.9994 
Car -1 -1 -10 394.07 181.83 430.94 206.33 -1 -1 -1 -1000 -1000 -1000 -10 0.9972 
Car -1 -1 -10 1167.80 218.71 1233.98 250.39 -1 -1 -1 -1000 -1000 -1000 -10 0.2339 
Car -1 -1 -10 1044.50 282.29 1104.88 323.58 -1 -1 -1 -1000 -1000 -1000 -10 0.0172 
Car -1 -1 -10 1141.80 297.50 1203.20 335.85 -1 -1 -1 -1000 -1000 -1000 -10 0.0127 
Car -1 -1 -10 1007.50 294.95 1091.92 335.60 -1 -1 -1 -1000 -1000 -1000 -10 0.0119 
Car -1 -1 -10 1119.10 302.28 1183.41 336.92 -1 -1 -1 -1000 -1000 -1000 -10 0.0104 
Car -1 -1 -10 1164.20 304.21 1220.20 342.29 -1 -1 -1 -1000 -1000 -1000 -10 0.0094 
Car -1 -1 -10 1098.20 185.11 1155.68 225.42 -1 -1 -1 -1000 -1000 -1000 -10 0.0085 
Car -1 -1 -10 1082.70 180.62 1141.64 221.14 -1 -1 -1 -1000 -1000 -1000 -10 0.0072 
Car -1 -1 -10 1160.80 287.32 1210.35 326.22 -1 -1 -1 -1000 -1000 -1000 -10 0.0065 
Car -1 -1 -10 866.54 252.54 928.77 287.16 -1 -1 -1 -1000 -1000 -1000 -10 0.0057 
Car -1 -1 -10 1024.00 274.38 1085.06 315.05 -1 -1 -1 -1000 -1000 -1000 -10 0.0056 
Car -1 -1 -10 988.49 287.81 1064.21 332.96 -1 -1 -1 -1000 -1000 -1000 -10 0.0050 
Car -1 -1 -10 1047.50 299.97 1125.35 337.35 -1 -1 -1 -1000 -1000 -1000 -10 0.0049 
Car -1 -1 -10 845.05 244.12 913.44 279.79 -1 -1 -1 -1000 -1000 -1000 -10 0.0046 
Car -1 -1 -10 1098.70 273.37 1162.38 322.95 -1 -1 -1 -1000 -1000 -1000 -10 0.0041 
Car -1 -1 -10 1078.60 321.99 1153.06 361.00 -1 -1 -1 -1000 -1000 -1000 -10 0.0029 
Car -1 -1 -10 1070.00 271.26 1138.20 322.41 -1 -1 -1 -1000 -1000 -1000 -10 0.0025 
Car -1 -1 -10 1012.70 251.99 1071.11 281.93 -1 -1 -1 -1000 -1000 -1000 -10 0.0024 
Car -1 -1 -10 1004.00 249.61 1079.64 304.96 -1 -1 -1 -1000 -1000 -1000 -10 0.0023 
Car -1 -1 -10 1097.40 307.52 1177.02 352.00 -1 -1 -1 -1000 -1000 -1000 -10 0.0023 
Car -1 -1 -10 1126.50 302.82 1203.05 354.11 -1 -1 -1 -1000 -1000 -1000 -10 0.0019 
Car -1 -1 -10 1010.60 111.79 1067.87 148.84 -1 -1 -1 -1000 -1000 -1000 -10 0.0018 
Car -1 -1 -10 1161.60 318.51 1237.42 357.42 -1 -1 -1 -1000 -1000 -1000 -10 0.0018 
Car -1 -1 -10 1126.40 281.69 1195.93 331.11 -1 -1 -1 -1000 -1000 -1000 -10 0.0018 
Car -1 -1 -10 1064.30 122.21 1124.27 153.19 -1 -1 -1 -1000 -1000 -1000 -10 0.0017 
Car -1 -1 -10 986.59 307.78 1070.56 339.01 -1 -1 -1 -1000 -1000 -1000 -10 0.0016 
Car -1 -1 -10 1142.70 126.46 1196.78 152.01 -1 -1 -1 -1000 -1000 -1000 -10 0.0016 
Car -1 -1 -10 1041.60 309.08 1132.20 357.80 -1 -1 -1 -1000 -1000 -1000 -10 0.0015 
Car -1 -1 -10 1042.00 263.79 1100.04 306.66 -1 -1 -1 -1000 -1000 -1000 -10 0.0014 
Car -1 -1 -10 957.48 246.23 1018.69 280.01 -1 -1 -1 -1000 -1000 -1000 -10 0.0014 
Car -1 -1 -10 1118.40 270.50 1175.28 302.31 -1 -1 -1 -1000 -1000 -1000 -10 0.0013 
Car -1 -1 -10 969.52 251.46 1027.16 289.44 -1 -1 -1 -1000 -1000 -1000 -10 0.0012 
Car -1 -1 -10 982.39 139.97 1041.01 175.25 -1 -1 -1 -1000 -1000 -1000 -10 0.0011 
Car -1 -1 -10 987.19 244.65 1074.90 267.53 -1 -1 -1 -1000 -1000 -1000 -10 0.0010 
Car -1 -1 -10 896.84 246.61 967.94 277.73 -1 -1 -1 -1000 -1000 -1000 -10 0.0009 
Car -1 -1 -10 882.16 256.77 960.80 297.81 -1 -1 -1 -1000 -1000 -1000 -10 0.0007 
Car -1 -1 -10 1131.10 101.37 1200.27 147.71 -1 -1 -1 -1000 -1000 -1000 -10 0.0005 
Car -1 -1 -10 1152.10 129.74 1228.46 163.93 -1 -1 -1 -1000 -1000 -1000 -10 0.0005 
Car -1 -1 -10 1112.80 327.42 1222.86 363.22 -1 -1 -1 -1000 -1000 -1000 -10 0.0005 
Car -1 -1 -10 573.54 140.68 632.50 211.44 -1 -1 -1 -1000 -1000 -1000 -10 0.0003 
Car -1 -1 -10 1146.00 32.42 1243.03 97.44 -1 -1 -1 -1000 -1000 -1000 -10 0.0003 
Car -1 -1 -10 835.14 230.76 925.31 275.74 -1 -1 -1 -1000 -1000 -1000 -10 0.0003 
Car -1 -1 -10 1140.80 272.38 1189.70 310.73 -1 -1 -1 -1000 -1000 -1000 -10 0.0003 
Car -1 -1 -10 936.15 250.50 1002.64 290.85 -1 -1 -1 -1000 -1000 -1000 -10 0.0003 
Car -1 -1 -10 1160.80 142.65 1232.38 169.96 -1 -1 -1 -1000 -1000 -1000 -10 0.0003 
Car -1 -1 -10 1132.70 131.49 1195.55 162.05 -1 -1 -1 -1000 -1000 -1000 -10 0.0003 
Car -1 -1 -10 1188.40 70.53 1243.03 107.35 -1 -1 -1 -1000 -1000 -1000 -10 0.0003 
Car -1 -1 -10 948.68 227.75 1030.17 266.98 -1 -1 -1 -1000 -1000 -1000 -10 0.0001 
Car -1 -1 -10 958.03 145.10 1050.15 185.96 -1 -1 -1 -1000 -1000 -1000 -10 0.0001 
Car -1 -1 -10 796.46 213.08 872.01 243.37 -1 -1 -1 -1000 -1000 -1000 -10 0.0001 
Car -1 -1 -10 626.31 71.17 712.97 115.68 -1 -1 -1 -1000 -1000 -1000 -10 0.0001 
Car -1 -1 -10 738.27 212.86 813.11 237.75 -1 -1 -1 -1000 -1000 -1000 -10 0.0001 
Car -1 -1 -10 768.16 218.18 832.16 248.33 -1 -1 -1 -1000 -1000 -1000 -10 0.0001 
Car -1 -1 -10 1076.60 93.68 1152.90 132.24 -1 -1 -1 -1000 -1000 -1000 -10 0.0001 
Car -1 -1 -10 1061.00 102.62 1136.15 145.26 -1 -1 -1 -1000 -1000 -1000 -10 0.0000 
