Car -1 -1 -10 488.25 165.11 522.21 198.18 -1 -1 -1 -1000 -1000 -1000 -10 0.9883 
Car -1 -1 -10 535.07 166.12 571.61 186.88 -1 -1 -1 -1000 -1000 -1000 -10 0.8199 
Car -1 -1 -10 506.76 165.99 535.54 193.42 -1 -1 -1 -1000 -1000 -1000 -10 0.5059 
Car -1 -1 -10 209.20 166.30 232.52 193.68 -1 -1 -1 -1000 -1000 -1000 -10 0.0206 
Car -1 -1 -10 1062.50 156.93 1218.58 213.93 -1 -1 -1 -1000 -1000 -1000 -10 0.0071 
Car -1 -1 -10 664.98 33.63 729.11 73.23 -1 -1 -1 -1000 -1000 -1000 -10 0.0045 
Car -1 -1 -10 394.02 102.11 442.63 132.86 -1 -1 -1 -1000 -1000 -1000 -10 0.0043 
Car -1 -1 -10 647.10 26.00 700.89 61.76 -1 -1 -1 -1000 -1000 -1000 -10 0.0032 
Car -1 -1 -10 688.08 26.70 733.25 64.75 -1 -1 -1 -1000 -1000 -1000 -10 0.0029 
Car -1 -1 -10 1101.00 158.37 1191.29 206.22 -1 -1 -1 -1000 -1000 -1000 -10 0.0028 
Car -1 -1 -10 409.90 103.44 466.35 136.31 -1 -1 -1 -1000 -1000 -1000 -10 0.0027 
Car -1 -1 -10 636.89 31.77 686.88 65.05 -1 -1 -1 -1000 -1000 -1000 -10 0.0021 
Car -1 -1 -10 86.41 49.58 148.48 91.71 -1 -1 -1 -1000 -1000 -1000 -10 0.0020 
Car -1 -1 -10 622.95 38.62 671.73 66.63 -1 -1 -1 -1000 -1000 -1000 -10 0.0018 
Car -1 -1 -10 1194.40 59.61 1224.96 84.52 -1 -1 -1 -1000 -1000 -1000 -10 0.0016 
Car -1 -1 -10 411.47 98.12 494.33 144.51 -1 -1 -1 -1000 -1000 -1000 -10 0.0009 
Car -1 -1 -10 106.92 190.48 222.34 214.89 -1 -1 -1 -1000 -1000 -1000 -10 0.0007 
Car -1 -1 -10 681.79 84.31 735.28 113.04 -1 -1 -1 -1000 -1000 -1000 -10 0.0006 
Car -1 -1 -10 1166.70 182.46 1223.21 212.92 -1 -1 -1 -1000 -1000 -1000 -10 0.0005 
Car -1 -1 -10 206.91 167.86 260.41 195.52 -1 -1 -1 -1000 -1000 -1000 -10 0.0005 
Car -1 -1 -10 525.55 82.27 572.37 120.38 -1 -1 -1 -1000 -1000 -1000 -10 0.0004 
Car -1 -1 -10 1090.50 76.19 1180.77 109.57 -1 -1 -1 -1000 -1000 -1000 -10 0.0004 
Car -1 -1 -10 1058.20 246.37 1142.93 279.72 -1 -1 -1 -1000 -1000 -1000 -10 0.0004 
Car -1 -1 -10 1145.80 155.15 1225.02 212.41 -1 -1 -1 -1000 -1000 -1000 -10 0.0003 
Car -1 -1 -10 515.00 90.31 562.62 124.96 -1 -1 -1 -1000 -1000 -1000 -10 0.0003 
Car -1 -1 -10 410.17 84.01 480.45 127.31 -1 -1 -1 -1000 -1000 -1000 -10 0.0003 
Car -1 -1 -10 1054.60 244.02 1106.88 283.06 -1 -1 -1 -1000 -1000 -1000 -10 0.0001 
Car -1 -1 -10 1057.90 176.23 1140.99 276.36 -1 -1 -1 -1000 -1000 -1000 -10 0.0001 
Car -1 -1 -10 200.87 188.35 280.68 215.50 -1 -1 -1 -1000 -1000 -1000 -10 0.0001 
Car -1 -1 -10 974.30 53.36 1060.25 91.93 -1 -1 -1 -1000 -1000 -1000 -10 0.0001 
Car -1 -1 -10 751.10 289.04 807.54 342.43 -1 -1 -1 -1000 -1000 -1000 -10 0.0001 
Car -1 -1 -10 717.45 293.62 792.18 346.86 -1 -1 -1 -1000 -1000 -1000 -10 0.0000 
Car -1 -1 -10 1062.00 169.05 1143.57 229.42 -1 -1 -1 -1000 -1000 -1000 -10 0.0000 
Car -1 -1 -10 1018.00 251.11 1088.31 287.98 -1 -1 -1 -1000 -1000 -1000 -10 0.0000 
Car -1 -1 -10 568.49 181.67 635.59 214.90 -1 -1 -1 -1000 -1000 -1000 -10 0.0000 
Car -1 -1 -10 205.92 180.72 261.30 199.27 -1 -1 -1 -1000 -1000 -1000 -10 0.0000 
Car -1 -1 -10 784.59 228.35 931.52 273.23 -1 -1 -1 -1000 -1000 -1000 -10 0.0000 
Car -1 -1 -10 932.11 249.88 1035.38 296.66 -1 -1 -1 -1000 -1000 -1000 -10 0.0000 
Car -1 -1 -10 925.59 235.70 1015.73 287.09 -1 -1 -1 -1000 -1000 -1000 -10 0.0000 
