Car -1 -1 -10 160.81 182.36 414.38 334.54 -1 -1 -1 -1000 -1000 -1000 -10 0.9998 
Car -1 -1 -10 782.95 249.35 832.76 282.30 -1 -1 -1 -1000 -1000 -1000 -10 0.0091 
Car -1 -1 -10 933.03 314.37 986.87 348.63 -1 -1 -1 -1000 -1000 -1000 -10 0.0055 
Car -1 -1 -10 789.58 241.57 839.26 274.41 -1 -1 -1 -1000 -1000 -1000 -10 0.0043 
Car -1 -1 -10 912.57 311.11 968.96 341.72 -1 -1 -1 -1000 -1000 -1000 -10 0.0034 
Car -1 -1 -10 803.01 260.11 861.97 290.67 -1 -1 -1 -1000 -1000 -1000 -10 0.0033 
Car -1 -1 -10 844.45 281.85 899.16 308.23 -1 -1 -1 -1000 -1000 -1000 -10 0.0029 
Car -1 -1 -10 803.10 248.81 857.66 281.34 -1 -1 -1 -1000 -1000 -1000 -10 0.0029 
Car -1 -1 -10 870.44 292.73 926.12 320.47 -1 -1 -1 -1000 -1000 -1000 -10 0.0027 
Car -1 -1 -10 806.76 235.70 858.23 271.81 -1 -1 -1 -1000 -1000 -1000 -10 0.0022 
Car -1 -1 -10 1159.40 87.40 1225.78 118.02 -1 -1 -1 -1000 -1000 -1000 -10 0.0021 
Car -1 -1 -10 910.93 302.44 966.75 330.38 -1 -1 -1 -1000 -1000 -1000 -10 0.0016 
Car -1 -1 -10 949.49 322.81 1011.11 352.45 -1 -1 -1 -1000 -1000 -1000 -10 0.0016 
Car -1 -1 -10 821.58 307.88 875.63 333.13 -1 -1 -1 -1000 -1000 -1000 -10 0.0015 
Car -1 -1 -10 841.91 295.84 896.95 323.26 -1 -1 -1 -1000 -1000 -1000 -10 0.0013 
Car -1 -1 -10 706.36 266.55 759.37 290.65 -1 -1 -1 -1000 -1000 -1000 -10 0.0012 
Car -1 -1 -10 812.20 301.02 862.98 325.87 -1 -1 -1 -1000 -1000 -1000 -10 0.0012 
Car -1 -1 -10 723.34 249.72 781.87 279.27 -1 -1 -1 -1000 -1000 -1000 -10 0.0011 
Car -1 -1 -10 896.65 305.27 947.53 334.23 -1 -1 -1 -1000 -1000 -1000 -10 0.0010 
Car -1 -1 -10 886.67 298.47 941.79 327.78 -1 -1 -1 -1000 -1000 -1000 -10 0.0010 
Car -1 -1 -10 738.48 295.94 790.49 322.96 -1 -1 -1 -1000 -1000 -1000 -10 0.0009 
Car -1 -1 -10 823.33 291.93 884.68 328.27 -1 -1 -1 -1000 -1000 -1000 -10 0.0008 
Car -1 -1 -10 821.14 274.35 877.74 307.53 -1 -1 -1 -1000 -1000 -1000 -10 0.0008 
Car -1 -1 -10 794.86 228.13 851.15 259.36 -1 -1 -1 -1000 -1000 -1000 -10 0.0006 
Car -1 -1 -10 936.64 292.91 985.56 327.95 -1 -1 -1 -1000 -1000 -1000 -10 0.0006 
Car -1 -1 -10 927.70 271.18 969.49 309.19 -1 -1 -1 -1000 -1000 -1000 -10 0.0004 
Car -1 -1 -10 703.69 273.07 778.65 303.82 -1 -1 -1 -1000 -1000 -1000 -10 0.0003 
Car -1 -1 -10 953.82 312.10 1005.14 345.77 -1 -1 -1 -1000 -1000 -1000 -10 0.0002 
Car -1 -1 -10 240.87 185.23 275.12 205.76 -1 -1 -1 -1000 -1000 -1000 -10 0.0002 
Car -1 -1 -10 964.56 38.80 1036.30 75.38 -1 -1 -1 -1000 -1000 -1000 -10 0.0002 
Car -1 -1 -10 850.08 276.58 926.88 316.84 -1 -1 -1 -1000 -1000 -1000 -10 0.0002 
Car -1 -1 -10 941.75 314.06 1031.03 355.41 -1 -1 -1 -1000 -1000 -1000 -10 0.0001 
Car -1 -1 -10 792.68 119.73 864.06 142.14 -1 -1 -1 -1000 -1000 -1000 -10 0.0001 
Car -1 -1 -10 932.03 67.37 986.76 96.17 -1 -1 -1 -1000 -1000 -1000 -10 0.0001 
Car -1 -1 -10 896.27 119.60 984.20 146.04 -1 -1 -1 -1000 -1000 -1000 -10 0.0001 
Car -1 -1 -10 551.74 115.28 608.39 138.66 -1 -1 -1 -1000 -1000 -1000 -10 0.0000 
Car -1 -1 -10 902.59 107.20 994.94 140.00 -1 -1 -1 -1000 -1000 -1000 -10 0.0000 
Car -1 -1 -10 1073.20 271.96 1127.59 309.78 -1 -1 -1 -1000 -1000 -1000 -10 0.0000 
Car -1 -1 -10 254.42 182.08 332.05 203.30 -1 -1 -1 -1000 -1000 -1000 -10 0.0000 
Car -1 -1 -10 981.75 324.96 1060.91 364.74 -1 -1 -1 -1000 -1000 -1000 -10 0.0000 
Car -1 -1 -10 551.83 108.36 610.23 129.35 -1 -1 -1 -1000 -1000 -1000 -10 0.0000 
Car -1 -1 -10 776.75 320.05 846.18 359.18 -1 -1 -1 -1000 -1000 -1000 -10 0.0000 
Car -1 -1 -10 627.62 56.28 715.60 91.56 -1 -1 -1 -1000 -1000 -1000 -10 0.0000 
