Car -1 -1 -10 505.13 175.41 589.36 230.55 -1 -1 -1 -1000 -1000 -1000 -10 1.0000 
Car -1 -1 -10 743.28 175.57 842.08 251.88 -1 -1 -1 -1000 -1000 -1000 -10 0.9998 
Car -1 -1 -10 795.19 177.63 1055.64 326.17 -1 -1 -1 -1000 -1000 -1000 -10 0.9998 
Car -1 -1 -10 643.47 171.64 711.01 209.15 -1 -1 -1 -1000 -1000 -1000 -10 0.9997 
Car -1 -1 -10 388.14 170.73 506.55 259.80 -1 -1 -1 -1000 -1000 -1000 -10 0.9990 
Car -1 -1 -10 173.68 185.35 428.34 343.20 -1 -1 -1 -1000 -1000 -1000 -10 0.9982 
Car -1 -1 -10 816.55 164.63 860.92 189.93 -1 -1 -1 -1000 -1000 -1000 -10 0.3808 
Car -1 -1 -10 686.17 167.37 740.22 196.38 -1 -1 -1 -1000 -1000 -1000 -10 0.1697 
Car -1 -1 -10 736.12 165.83 779.94 194.71 -1 -1 -1 -1000 -1000 -1000 -10 0.0683 
Car -1 -1 -10 882.92 152.00 958.56 182.40 -1 -1 -1 -1000 -1000 -1000 -10 0.0350 
Car -1 -1 -10 738.36 168.33 794.77 238.39 -1 -1 -1 -1000 -1000 -1000 -10 0.0165 
Car -1 -1 -10 273.35 186.80 324.80 207.08 -1 -1 -1 -1000 -1000 -1000 -10 0.0144 
Car -1 -1 -10 317.28 182.87 377.86 199.64 -1 -1 -1 -1000 -1000 -1000 -10 0.0123 
Car -1 -1 -10 737.48 164.00 808.11 198.57 -1 -1 -1 -1000 -1000 -1000 -10 0.0040 
Car -1 -1 -10 782.67 177.51 834.48 239.17 -1 -1 -1 -1000 -1000 -1000 -10 0.0017 
Car -1 -1 -10 863.99 143.43 967.50 237.60 -1 -1 -1 -1000 -1000 -1000 -10 0.0013 
Car -1 -1 -10 262.16 188.60 345.77 214.84 -1 -1 -1 -1000 -1000 -1000 -10 0.0011 
Car -1 -1 -10 982.46 185.17 1022.56 210.28 -1 -1 -1 -1000 -1000 -1000 -10 0.0010 
Car -1 -1 -10 380.34 184.41 442.93 222.30 -1 -1 -1 -1000 -1000 -1000 -10 0.0008 
Car -1 -1 -10 419.79 169.13 474.62 193.83 -1 -1 -1 -1000 -1000 -1000 -10 0.0006 
Car -1 -1 -10 206.70 192.12 344.62 328.98 -1 -1 -1 -1000 -1000 -1000 -10 0.0004 
Car -1 -1 -10 461.87 165.95 515.65 199.06 -1 -1 -1 -1000 -1000 -1000 -10 0.0004 
Car -1 -1 -10 995.91 234.66 1243.00 365.79 -1 -1 -1 -1000 -1000 -1000 -10 0.0004 
Car -1 -1 -10 816.09 160.40 861.32 217.37 -1 -1 -1 -1000 -1000 -1000 -10 0.0003 
Car -1 -1 -10 406.11 172.97 496.23 206.35 -1 -1 -1 -1000 -1000 -1000 -10 0.0003 
Car -1 -1 -10 954.62 149.80 1011.02 199.70 -1 -1 -1 -1000 -1000 -1000 -10 0.0002 
Car -1 -1 -10 452.26 172.24 519.08 233.24 -1 -1 -1 -1000 -1000 -1000 -10 0.0002 
Car -1 -1 -10 209.48 199.72 298.28 301.81 -1 -1 -1 -1000 -1000 -1000 -10 0.0002 
Car -1 -1 -10 920.28 191.16 1038.83 285.15 -1 -1 -1 -1000 -1000 -1000 -10 0.0000 
Car -1 -1 -10 1047.00 33.16 1146.10 69.48 -1 -1 -1 -1000 -1000 -1000 -10 0.0000 
Car -1 -1 -10 776.07 189.71 926.31 252.45 -1 -1 -1 -1000 -1000 -1000 -10 0.0000 
Car -1 -1 -10 823.68 190.44 911.36 241.95 -1 -1 -1 -1000 -1000 -1000 -10 0.0000 
Car -1 -1 -10 836.94 184.28 923.52 211.36 -1 -1 -1 -1000 -1000 -1000 -10 0.0000 
Car -1 -1 -10 476.53 191.81 527.04 227.85 -1 -1 -1 -1000 -1000 -1000 -10 0.0000 
Car -1 -1 -10 955.20 192.92 1063.41 245.27 -1 -1 -1 -1000 -1000 -1000 -10 0.0000 
Car -1 -1 -10 801.64 184.62 969.31 277.01 -1 -1 -1 -1000 -1000 -1000 -10 0.0000 
Car -1 -1 -10 923.29 153.13 1049.71 238.93 -1 -1 -1 -1000 -1000 -1000 -10 0.0000 
Car -1 -1 -10 502.72 184.71 533.42 222.17 -1 -1 -1 -1000 -1000 -1000 -10 0.0000 
Car -1 -1 -10 172.93 205.60 270.16 275.19 -1 -1 -1 -1000 -1000 -1000 -10 0.0000 
Car -1 -1 -10 489.92 174.07 539.47 219.65 -1 -1 -1 -1000 -1000 -1000 -10 0.0000 
Car -1 -1 -10 323.63 186.25 467.59 251.50 -1 -1 -1 -1000 -1000 -1000 -10 0.0000 
Car -1 -1 -10 1003.80 28.86 1219.97 85.78 -1 -1 -1 -1000 -1000 -1000 -10 0.0000 
Car -1 -1 -10 994.96 192.69 1071.07 231.00 -1 -1 -1 -1000 -1000 -1000 -10 0.0000 
Car -1 -1 -10 810.10 141.18 851.17 182.41 -1 -1 -1 -1000 -1000 -1000 -10 0.0000 
Car -1 -1 -10 826.90 166.72 873.89 208.01 -1 -1 -1 -1000 -1000 -1000 -10 0.0000 
