Car -1 -1 -10 252.50 192.43 404.42 281.42 -1 -1 -1 -1000 -1000 -1000 -10 1.0000 
Car -1 -1 -10 347.63 190.06 453.74 248.63 -1 -1 -1 -1000 -1000 -1000 -10 0.9992 
Car -1 -1 -10 749.06 156.27 924.09 199.98 -1 -1 -1 -1000 -1000 -1000 -10 0.9971 
Car -1 -1 -10 451.86 184.85 504.91 221.26 -1 -1 -1 -1000 -1000 -1000 -10 0.9934 
Car -1 -1 -10 482.12 182.03 534.89 213.13 -1 -1 -1 -1000 -1000 -1000 -10 0.9891 
Car -1 -1 -10 410.38 186.38 480.38 234.61 -1 -1 -1 -1000 -1000 -1000 -10 0.9558 
Car -1 -1 -10 1053.30 140.14 1143.89 176.28 -1 -1 -1 -1000 -1000 -1000 -10 0.6115 
Car -1 -1 -10 1091.20 133.14 1243.05 176.26 -1 -1 -1 -1000 -1000 -1000 -10 0.4166 
Car -1 -1 -10 526.82 179.49 555.79 202.23 -1 -1 -1 -1000 -1000 -1000 -10 0.1976 
Car -1 -1 -10 735.64 155.76 828.42 201.74 -1 -1 -1 -1000 -1000 -1000 -10 0.0413 
Car -1 -1 -10 1182.10 129.47 1243.01 178.49 -1 -1 -1 -1000 -1000 -1000 -10 0.0364 
Car -1 -1 -10 151.90 231.19 208.45 261.40 -1 -1 -1 -1000 -1000 -1000 -10 0.0151 
Car -1 -1 -10 1047.30 143.70 1107.84 179.00 -1 -1 -1 -1000 -1000 -1000 -10 0.0146 
Car -1 -1 -10 999.78 138.86 1095.06 179.03 -1 -1 -1 -1000 -1000 -1000 -10 0.0055 
Car -1 -1 -10 797.08 151.66 867.54 179.22 -1 -1 -1 -1000 -1000 -1000 -10 0.0043 
Car -1 -1 -10 901.35 82.62 984.61 114.87 -1 -1 -1 -1000 -1000 -1000 -10 0.0033 
Car -1 -1 -10 1080.20 140.73 1181.26 175.09 -1 -1 -1 -1000 -1000 -1000 -10 0.0032 
Car -1 -1 -10 1022.50 146.74 1078.97 179.88 -1 -1 -1 -1000 -1000 -1000 -10 0.0027 
Car -1 -1 -10 660.17 173.89 717.61 206.38 -1 -1 -1 -1000 -1000 -1000 -10 0.0021 
Car -1 -1 -10 786.98 151.07 890.58 195.73 -1 -1 -1 -1000 -1000 -1000 -10 0.0020 
Car -1 -1 -10 1167.30 242.98 1242.98 293.33 -1 -1 -1 -1000 -1000 -1000 -10 0.0016 
Car -1 -1 -10 645.87 172.98 697.21 198.85 -1 -1 -1 -1000 -1000 -1000 -10 0.0007 
Car -1 -1 -10 279.93 198.18 334.71 237.73 -1 -1 -1 -1000 -1000 -1000 -10 0.0006 
Car -1 -1 -10 976.13 141.15 1063.56 188.00 -1 -1 -1 -1000 -1000 -1000 -10 0.0005 
Car -1 -1 -10 304.25 177.58 360.57 218.69 -1 -1 -1 -1000 -1000 -1000 -10 0.0004 
Car -1 -1 -10 772.32 154.24 849.84 185.36 -1 -1 -1 -1000 -1000 -1000 -10 0.0003 
Car -1 -1 -10 330.81 190.33 403.69 254.23 -1 -1 -1 -1000 -1000 -1000 -10 0.0002 
Car -1 -1 -10 339.44 193.36 397.91 230.14 -1 -1 -1 -1000 -1000 -1000 -10 0.0001 
Car -1 -1 -10 865.32 149.02 920.41 191.87 -1 -1 -1 -1000 -1000 -1000 -10 0.0001 
Car -1 -1 -10 355.84 191.58 413.16 239.50 -1 -1 -1 -1000 -1000 -1000 -10 0.0000 
Car -1 -1 -10 269.03 199.54 355.90 254.63 -1 -1 -1 -1000 -1000 -1000 -10 0.0000 
Car -1 -1 -10 1013.60 324.22 1104.31 355.28 -1 -1 -1 -1000 -1000 -1000 -10 0.0000 
Car -1 -1 -10 690.47 96.97 926.97 201.26 -1 -1 -1 -1000 -1000 -1000 -10 0.0000 
Car -1 -1 -10 186.29 276.75 249.55 304.27 -1 -1 -1 -1000 -1000 -1000 -10 0.0000 
Car -1 -1 -10 1099.10 82.67 1188.82 125.87 -1 -1 -1 -1000 -1000 -1000 -10 0.0000 
