Car -1 -1 -10 374.59 187.60 419.63 216.04 -1 -1 -1 -1000 -1000 -1000 -10 0.9911 
Car -1 -1 -10 592.05 171.68 623.52 198.02 -1 -1 -1 -1000 -1000 -1000 -10 0.0993 
Car -1 -1 -10 0.00 196.69 63.95 247.37 -1 -1 -1 -1000 -1000 -1000 -10 0.0703 
Car -1 -1 -10 1028.60 145.80 1134.72 187.32 -1 -1 -1 -1000 -1000 -1000 -10 0.0108 
Car -1 -1 -10 8.79 191.64 107.36 244.55 -1 -1 -1 -1000 -1000 -1000 -10 0.0080 
Car -1 -1 -10 0.00 197.85 58.24 224.83 -1 -1 -1 -1000 -1000 -1000 -10 0.0078 
Car -1 -1 -10 105.22 176.20 159.97 230.51 -1 -1 -1 -1000 -1000 -1000 -10 0.0024 
Car -1 -1 -10 1036.50 155.60 1092.78 185.88 -1 -1 -1 -1000 -1000 -1000 -10 0.0019 
Car -1 -1 -10 1101.90 166.97 1174.65 198.26 -1 -1 -1 -1000 -1000 -1000 -10 0.0005 
Car -1 -1 -10 1047.60 164.00 1157.25 196.56 -1 -1 -1 -1000 -1000 -1000 -10 0.0001 
Car -1 -1 -10 712.98 178.82 788.61 209.48 -1 -1 -1 -1000 -1000 -1000 -10 0.0000 
