Car -1 -1 -10 671.20 177.62 828.32 242.10 -1 -1 -1 -1000 -1000 -1000 -10 0.9999 
Car -1 -1 -10 484.92 186.14 548.24 238.10 -1 -1 -1 -1000 -1000 -1000 -10 0.9986 
Car -1 -1 -10 630.33 177.55 730.55 215.84 -1 -1 -1 -1000 -1000 -1000 -10 0.9974 
Car -1 -1 -10 401.34 184.22 518.19 276.56 -1 -1 -1 -1000 -1000 -1000 -10 0.9959 
Car -1 -1 -10 41.13 161.28 487.24 376.00 -1 -1 -1 -1000 -1000 -1000 -10 0.1851 
Car -1 -1 -10 376.91 201.32 421.03 229.00 -1 -1 -1 -1000 -1000 -1000 -10 0.1122 
Car -1 -1 -10 4.27 200.42 268.25 376.00 -1 -1 -1 -1000 -1000 -1000 -10 0.0401 
Car -1 -1 -10 1025.20 219.65 1237.59 374.79 -1 -1 -1 -1000 -1000 -1000 -10 0.0153 
Car -1 -1 -10 864.12 158.53 917.74 183.74 -1 -1 -1 -1000 -1000 -1000 -10 0.0062 
Car -1 -1 -10 772.24 204.63 916.56 261.12 -1 -1 -1 -1000 -1000 -1000 -10 0.0039 
Car -1 -1 -10 803.40 204.44 886.21 243.96 -1 -1 -1 -1000 -1000 -1000 -10 0.0022 
Car -1 -1 -10 913.82 248.05 1194.71 339.80 -1 -1 -1 -1000 -1000 -1000 -10 0.0019 
Car -1 -1 -10 547.88 173.79 582.09 206.50 -1 -1 -1 -1000 -1000 -1000 -10 0.0015 
Car -1 -1 -10 708.22 181.75 798.81 206.51 -1 -1 -1 -1000 -1000 -1000 -10 0.0014 
Car -1 -1 -10 837.57 73.27 899.64 99.70 -1 -1 -1 -1000 -1000 -1000 -10 0.0011 
Car -1 -1 -10 826.58 198.25 911.39 234.14 -1 -1 -1 -1000 -1000 -1000 -10 0.0010 
Car -1 -1 -10 1114.30 235.35 1236.78 298.48 -1 -1 -1 -1000 -1000 -1000 -10 0.0010 
Car -1 -1 -10 615.16 177.74 661.31 203.33 -1 -1 -1 -1000 -1000 -1000 -10 0.0009 
Car -1 -1 -10 779.14 213.81 956.07 303.48 -1 -1 -1 -1000 -1000 -1000 -10 0.0008 
Car -1 -1 -10 671.84 179.73 750.42 222.74 -1 -1 -1 -1000 -1000 -1000 -10 0.0008 
Car -1 -1 -10 864.74 209.26 926.66 258.63 -1 -1 -1 -1000 -1000 -1000 -10 0.0006 
Car -1 -1 -10 832.60 155.53 928.71 185.42 -1 -1 -1 -1000 -1000 -1000 -10 0.0006 
Car -1 -1 -10 678.96 178.91 731.96 201.90 -1 -1 -1 -1000 -1000 -1000 -10 0.0006 
Car -1 -1 -10 1097.20 228.27 1208.61 322.02 -1 -1 -1 -1000 -1000 -1000 -10 0.0004 
Car -1 -1 -10 856.73 161.76 925.17 196.32 -1 -1 -1 -1000 -1000 -1000 -10 0.0004 
Car -1 -1 -10 1170.80 292.52 1243.05 326.79 -1 -1 -1 -1000 -1000 -1000 -10 0.0003 
Car -1 -1 -10 781.25 128.15 862.89 148.45 -1 -1 -1 -1000 -1000 -1000 -10 0.0002 
Car -1 -1 -10 367.81 88.79 414.31 118.60 -1 -1 -1 -1000 -1000 -1000 -10 0.0002 
Car -1 -1 -10 969.40 299.88 1043.50 340.99 -1 -1 -1 -1000 -1000 -1000 -10 0.0002 
Car -1 -1 -10 95.26 143.88 143.32 180.18 -1 -1 -1 -1000 -1000 -1000 -10 0.0002 
Car -1 -1 -10 832.06 234.15 909.82 283.67 -1 -1 -1 -1000 -1000 -1000 -10 0.0002 
Car -1 -1 -10 832.56 148.37 887.29 189.29 -1 -1 -1 -1000 -1000 -1000 -10 0.0002 
Car -1 -1 -10 846.62 235.15 959.95 266.41 -1 -1 -1 -1000 -1000 -1000 -10 0.0002 
Car -1 -1 -10 290.68 154.90 501.60 299.99 -1 -1 -1 -1000 -1000 -1000 -10 0.0002 
Car -1 -1 -10 111.94 211.03 192.84 257.97 -1 -1 -1 -1000 -1000 -1000 -10 0.0002 
Car -1 -1 -10 1032.60 305.59 1188.96 374.18 -1 -1 -1 -1000 -1000 -1000 -10 0.0001 
Car -1 -1 -10 531.06 167.67 578.29 210.74 -1 -1 -1 -1000 -1000 -1000 -10 0.0001 
Car -1 -1 -10 424.06 186.90 532.76 242.75 -1 -1 -1 -1000 -1000 -1000 -10 0.0001 
Car -1 -1 -10 66.49 126.46 143.11 181.72 -1 -1 -1 -1000 -1000 -1000 -10 0.0001 
Car -1 -1 -10 909.30 264.98 987.71 313.77 -1 -1 -1 -1000 -1000 -1000 -10 0.0001 
Car -1 -1 -10 890.09 141.37 933.32 171.26 -1 -1 -1 -1000 -1000 -1000 -10 0.0001 
Car -1 -1 -10 652.35 177.25 706.23 199.03 -1 -1 -1 -1000 -1000 -1000 -10 0.0001 
Car -1 -1 -10 901.71 247.72 1025.58 318.37 -1 -1 -1 -1000 -1000 -1000 -10 0.0001 
Car -1 -1 -10 906.84 217.10 1001.25 250.00 -1 -1 -1 -1000 -1000 -1000 -10 0.0001 
Car -1 -1 -10 1124.00 230.60 1205.93 264.59 -1 -1 -1 -1000 -1000 -1000 -10 0.0001 
Car -1 -1 -10 827.48 232.42 966.33 291.10 -1 -1 -1 -1000 -1000 -1000 -10 0.0001 
Car -1 -1 -10 1174.70 267.69 1242.95 336.07 -1 -1 -1 -1000 -1000 -1000 -10 0.0001 
Car -1 -1 -10 775.90 215.44 849.40 262.36 -1 -1 -1 -1000 -1000 -1000 -10 0.0000 
Car -1 -1 -10 513.35 163.95 566.66 218.40 -1 -1 -1 -1000 -1000 -1000 -10 0.0000 
Car -1 -1 -10 572.55 171.87 592.77 188.02 -1 -1 -1 -1000 -1000 -1000 -10 0.0000 
Car -1 -1 -10 175.24 152.95 259.35 189.97 -1 -1 -1 -1000 -1000 -1000 -10 0.0000 
Car -1 -1 -10 731.79 202.63 867.99 242.83 -1 -1 -1 -1000 -1000 -1000 -10 0.0000 
Car -1 -1 -10 444.83 188.26 513.31 218.83 -1 -1 -1 -1000 -1000 -1000 -10 0.0000 
Car -1 -1 -10 1120.20 257.89 1243.01 344.80 -1 -1 -1 -1000 -1000 -1000 -10 0.0000 
Car -1 -1 -10 453.08 185.22 548.82 212.02 -1 -1 -1 -1000 -1000 -1000 -10 0.0000 
Car -1 -1 -10 898.14 215.46 1017.33 282.34 -1 -1 -1 -1000 -1000 -1000 -10 0.0000 
Car -1 -1 -10 66.81 208.43 229.22 318.25 -1 -1 -1 -1000 -1000 -1000 -10 0.0000 
Car -1 -1 -10 102.59 189.12 275.26 299.91 -1 -1 -1 -1000 -1000 -1000 -10 0.0000 
Car -1 -1 -10 133.21 210.54 189.21 243.24 -1 -1 -1 -1000 -1000 -1000 -10 0.0000 
Car -1 -1 -10 836.98 148.72 897.47 169.91 -1 -1 -1 -1000 -1000 -1000 -10 0.0000 
Car -1 -1 -10 784.02 123.32 839.51 140.62 -1 -1 -1 -1000 -1000 -1000 -10 0.0000 
Car -1 -1 -10 1094.00 226.92 1195.23 279.82 -1 -1 -1 -1000 -1000 -1000 -10 0.0000 
Car -1 -1 -10 342.23 158.45 458.62 247.15 -1 -1 -1 -1000 -1000 -1000 -10 0.0000 
Car -1 -1 -10 853.62 238.55 997.67 314.21 -1 -1 -1 -1000 -1000 -1000 -10 0.0000 
Car -1 -1 -10 838.91 158.71 930.44 218.44 -1 -1 -1 -1000 -1000 -1000 -10 0.0000 
Car -1 -1 -10 446.10 183.75 497.90 205.87 -1 -1 -1 -1000 -1000 -1000 -10 0.0000 
Car -1 -1 -10 152.59 162.29 249.68 200.12 -1 -1 -1 -1000 -1000 -1000 -10 0.0000 
Car -1 -1 -10 163.50 202.06 234.97 237.15 -1 -1 -1 -1000 -1000 -1000 -10 0.0000 
Car -1 -1 -10 848.43 166.79 897.80 213.86 -1 -1 -1 -1000 -1000 -1000 -10 0.0000 
Car -1 -1 -10 401.84 161.80 452.46 230.21 -1 -1 -1 -1000 -1000 -1000 -10 0.0000 
