Car -1 -1 -10 559.80 172.96 618.36 231.03 -1 -1 -1 -1000 -1000 -1000 -10 0.9998 
Car -1 -1 -10 295.06 80.36 357.07 111.75 -1 -1 -1 -1000 -1000 -1000 -10 0.0045 
Car -1 -1 -10 0.14 158.22 46.76 184.32 -1 -1 -1 -1000 -1000 -1000 -10 0.0035 
Car -1 -1 -10 742.35 206.37 798.79 234.99 -1 -1 -1 -1000 -1000 -1000 -10 0.0020 
Car -1 -1 -10 318.43 170.96 353.41 189.26 -1 -1 -1 -1000 -1000 -1000 -10 0.0015 
Car -1 -1 -10 642.34 177.87 700.74 195.17 -1 -1 -1 -1000 -1000 -1000 -10 0.0011 
Car -1 -1 -10 16.18 165.00 66.99 185.95 -1 -1 -1 -1000 -1000 -1000 -10 0.0005 
Car -1 -1 -10 266.00 81.61 324.01 110.19 -1 -1 -1 -1000 -1000 -1000 -10 0.0004 
Car -1 -1 -10 754.95 308.37 816.32 351.23 -1 -1 -1 -1000 -1000 -1000 -10 0.0003 
Car -1 -1 -10 223.24 75.77 296.35 127.96 -1 -1 -1 -1000 -1000 -1000 -10 0.0003 
Car -1 -1 -10 7.08 172.63 63.24 188.72 -1 -1 -1 -1000 -1000 -1000 -10 0.0003 
Car -1 -1 -10 597.87 83.09 665.74 112.34 -1 -1 -1 -1000 -1000 -1000 -10 0.0002 
Car -1 -1 -10 238.36 113.50 285.34 136.76 -1 -1 -1 -1000 -1000 -1000 -10 0.0001 
Car -1 -1 -10 465.03 163.62 501.27 186.67 -1 -1 -1 -1000 -1000 -1000 -10 0.0001 
Car -1 -1 -10 1113.60 27.56 1219.13 85.72 -1 -1 -1 -1000 -1000 -1000 -10 0.0001 
Car -1 -1 -10 716.78 180.61 792.43 220.91 -1 -1 -1 -1000 -1000 -1000 -10 0.0001 
Car -1 -1 -10 269.74 77.37 389.38 144.44 -1 -1 -1 -1000 -1000 -1000 -10 0.0001 
Car -1 -1 -10 554.92 173.54 591.40 220.02 -1 -1 -1 -1000 -1000 -1000 -10 0.0001 
Car -1 -1 -10 299.68 135.39 362.72 182.10 -1 -1 -1 -1000 -1000 -1000 -10 0.0000 
Car -1 -1 -10 541.94 173.86 587.60 204.06 -1 -1 -1 -1000 -1000 -1000 -10 0.0000 
Car -1 -1 -10 247.90 107.46 314.66 133.98 -1 -1 -1 -1000 -1000 -1000 -10 0.0000 
Car -1 -1 -10 641.47 181.25 716.13 209.30 -1 -1 -1 -1000 -1000 -1000 -10 0.0000 
Car -1 -1 -10 116.73 100.81 198.06 135.90 -1 -1 -1 -1000 -1000 -1000 -10 0.0000 
