Car -1 -1 -10 562.51 180.42 681.89 294.65 -1 -1 -1 -1000 -1000 -1000 -10 1.0000 
Car -1 -1 -10 312.00 196.83 370.25 224.18 -1 -1 -1 -1000 -1000 -1000 -10 1.0000 
Car -1 -1 -10 243.25 198.52 305.30 229.30 -1 -1 -1 -1000 -1000 -1000 -10 0.9997 
Car -1 -1 -10 981.62 184.38 1139.16 230.61 -1 -1 -1 -1000 -1000 -1000 -10 0.9997 
Car -1 -1 -10 395.21 191.29 449.10 216.91 -1 -1 -1 -1000 -1000 -1000 -10 0.9865 
Car -1 -1 -10 1182.30 177.99 1242.97 233.02 -1 -1 -1 -1000 -1000 -1000 -10 0.2347 
Car -1 -1 -10 976.73 110.83 1014.53 138.30 -1 -1 -1 -1000 -1000 -1000 -10 0.0505 
Car -1 -1 -10 979.20 106.89 1037.88 139.19 -1 -1 -1 -1000 -1000 -1000 -10 0.0294 
Car -1 -1 -10 815.47 209.36 846.32 232.32 -1 -1 -1 -1000 -1000 -1000 -10 0.0049 
Car -1 -1 -10 980.67 199.71 1035.94 229.07 -1 -1 -1 -1000 -1000 -1000 -10 0.0046 
Car -1 -1 -10 939.70 300.90 982.10 329.60 -1 -1 -1 -1000 -1000 -1000 -10 0.0030 
Car -1 -1 -10 796.86 150.74 836.55 180.59 -1 -1 -1 -1000 -1000 -1000 -10 0.0027 
Car -1 -1 -10 984.48 70.26 1043.41 137.75 -1 -1 -1 -1000 -1000 -1000 -10 0.0021 
Car -1 -1 -10 338.04 193.57 370.50 219.63 -1 -1 -1 -1000 -1000 -1000 -10 0.0006 
Car -1 -1 -10 980.91 76.07 1184.46 142.22 -1 -1 -1 -1000 -1000 -1000 -10 0.0002 
Car -1 -1 -10 349.65 193.46 387.09 215.38 -1 -1 -1 -1000 -1000 -1000 -10 0.0001 
Car -1 -1 -10 429.56 183.40 456.55 209.75 -1 -1 -1 -1000 -1000 -1000 -10 0.0001 
Car -1 -1 -10 382.91 190.64 417.87 216.40 -1 -1 -1 -1000 -1000 -1000 -10 0.0001 
Car -1 -1 -10 999.96 131.59 1074.11 233.84 -1 -1 -1 -1000 -1000 -1000 -10 0.0000 
Car -1 -1 -10 562.28 182.35 621.17 261.46 -1 -1 -1 -1000 -1000 -1000 -10 0.0000 
Car -1 -1 -10 1031.80 224.52 1117.72 242.59 -1 -1 -1 -1000 -1000 -1000 -10 0.0000 
Car -1 -1 -10 1142.20 162.92 1242.97 223.22 -1 -1 -1 -1000 -1000 -1000 -10 0.0000 
Car -1 -1 -10 1021.70 153.49 1102.12 226.19 -1 -1 -1 -1000 -1000 -1000 -10 0.0000 
