Car -1 -1 -10 340.64 193.40 503.09 315.80 -1 -1 -1 -1000 -1000 -1000 -10 0.9999 
Car -1 -1 -10 699.41 168.08 869.96 306.55 -1 -1 -1 -1000 -1000 -1000 -10 0.9996 
Car -1 -1 -10 542.68 184.20 573.61 210.19 -1 -1 -1 -1000 -1000 -1000 -10 0.9971 
Car -1 -1 -10 654.60 188.84 729.68 245.27 -1 -1 -1 -1000 -1000 -1000 -10 0.9869 
Car -1 -1 -10 489.01 190.49 550.67 236.89 -1 -1 -1 -1000 -1000 -1000 -10 0.9856 
Car -1 -1 -10 625.85 181.24 656.10 205.37 -1 -1 -1 -1000 -1000 -1000 -10 0.8985 
Car -1 -1 -10 0.00 186.12 80.56 230.64 -1 -1 -1 -1000 -1000 -1000 -10 0.0056 
Car -1 -1 -10 715.51 170.68 773.53 203.82 -1 -1 -1 -1000 -1000 -1000 -10 0.0034 
Car -1 -1 -10 83.81 32.23 174.71 77.20 -1 -1 -1 -1000 -1000 -1000 -10 0.0028 
Car -1 -1 -10 480.35 192.39 533.00 250.03 -1 -1 -1 -1000 -1000 -1000 -10 0.0024 
Car -1 -1 -10 701.16 171.04 793.51 213.30 -1 -1 -1 -1000 -1000 -1000 -10 0.0004 
Car -1 -1 -10 690.77 175.15 792.13 274.39 -1 -1 -1 -1000 -1000 -1000 -10 0.0003 
Car -1 -1 -10 997.62 98.88 1132.85 171.48 -1 -1 -1 -1000 -1000 -1000 -10 0.0002 
Car -1 -1 -10 189.70 157.07 263.63 203.57 -1 -1 -1 -1000 -1000 -1000 -10 0.0001 
Car -1 -1 -10 425.48 192.76 480.11 210.29 -1 -1 -1 -1000 -1000 -1000 -10 0.0001 
Car -1 -1 -10 0.00 258.84 83.69 291.52 -1 -1 -1 -1000 -1000 -1000 -10 0.0000 
Car -1 -1 -10 468.14 221.77 529.76 248.74 -1 -1 -1 -1000 -1000 -1000 -10 0.0000 
Car -1 -1 -10 29.18 206.87 107.26 272.06 -1 -1 -1 -1000 -1000 -1000 -10 0.0000 
Car -1 -1 -10 654.57 191.83 686.80 225.90 -1 -1 -1 -1000 -1000 -1000 -10 0.0000 
Car -1 -1 -10 690.10 178.37 758.02 213.49 -1 -1 -1 -1000 -1000 -1000 -10 0.0000 
Car -1 -1 -10 526.19 189.14 552.90 216.98 -1 -1 -1 -1000 -1000 -1000 -10 0.0000 
Car -1 -1 -10 683.55 187.96 755.76 229.65 -1 -1 -1 -1000 -1000 -1000 -10 0.0000 
Car -1 -1 -10 435.22 199.75 516.12 255.69 -1 -1 -1 -1000 -1000 -1000 -10 0.0000 
Car -1 -1 -10 49.28 206.76 129.01 257.68 -1 -1 -1 -1000 -1000 -1000 -10 0.0000 
Car -1 -1 -10 1161.90 297.44 1243.04 361.80 -1 -1 -1 -1000 -1000 -1000 -10 0.0000 
Car -1 -1 -10 427.66 195.98 488.73 221.10 -1 -1 -1 -1000 -1000 -1000 -10 0.0000 
Car -1 -1 -10 649.34 185.49 678.25 220.14 -1 -1 -1 -1000 -1000 -1000 -10 0.0000 
Car -1 -1 -10 233.85 37.61 394.27 105.50 -1 -1 -1 -1000 -1000 -1000 -10 0.0000 
Car -1 -1 -10 911.49 148.77 1239.51 319.46 -1 -1 -1 -1000 -1000 -1000 -10 0.0000 
Car -1 -1 -10 662.54 145.01 716.27 223.47 -1 -1 -1 -1000 -1000 -1000 -10 0.0000 
