Car -1 -1 -10 1104.00 175.18 1243.02 261.49 -1 -1 -1 -1000 -1000 -1000 -10 0.9999 
Car -1 -1 -10 668.59 177.45 826.32 246.73 -1 -1 -1 -1000 -1000 -1000 -10 0.9996 
Car -1 -1 -10 911.95 180.63 1016.74 226.01 -1 -1 -1 -1000 -1000 -1000 -10 0.9944 
Car -1 -1 -10 1043.70 179.64 1119.24 214.41 -1 -1 -1 -1000 -1000 -1000 -10 0.9323 
Car -1 -1 -10 0.00 156.71 338.86 315.19 -1 -1 -1 -1000 -1000 -1000 -10 0.2389 
Car -1 -1 -10 91.23 162.30 166.53 190.00 -1 -1 -1 -1000 -1000 -1000 -10 0.0197 
Car -1 -1 -10 682.91 178.48 795.53 222.73 -1 -1 -1 -1000 -1000 -1000 -10 0.0195 
Car -1 -1 -10 486.08 146.51 582.02 181.90 -1 -1 -1 -1000 -1000 -1000 -10 0.0081 
Car -1 -1 -10 86.69 224.58 181.16 262.92 -1 -1 -1 -1000 -1000 -1000 -10 0.0032 
Car -1 -1 -10 54.10 81.99 107.62 119.87 -1 -1 -1 -1000 -1000 -1000 -10 0.0029 
Car -1 -1 -10 522.49 147.28 611.76 190.14 -1 -1 -1 -1000 -1000 -1000 -10 0.0025 
Car -1 -1 -10 861.66 94.93 919.35 135.60 -1 -1 -1 -1000 -1000 -1000 -10 0.0024 
Car -1 -1 -10 972.70 107.33 1024.73 134.84 -1 -1 -1 -1000 -1000 -1000 -10 0.0020 
Car -1 -1 -10 8.27 150.37 57.87 177.72 -1 -1 -1 -1000 -1000 -1000 -10 0.0016 
Car -1 -1 -10 553.61 148.44 646.15 185.96 -1 -1 -1 -1000 -1000 -1000 -10 0.0014 
Car -1 -1 -10 392.80 148.62 472.01 187.44 -1 -1 -1 -1000 -1000 -1000 -10 0.0013 
Car -1 -1 -10 866.28 114.35 930.18 145.52 -1 -1 -1 -1000 -1000 -1000 -10 0.0012 
Car -1 -1 -10 27.11 145.46 95.92 180.59 -1 -1 -1 -1000 -1000 -1000 -10 0.0012 
Car -1 -1 -10 66.57 92.35 132.97 132.27 -1 -1 -1 -1000 -1000 -1000 -10 0.0011 
Car -1 -1 -10 0.00 60.49 46.48 107.17 -1 -1 -1 -1000 -1000 -1000 -10 0.0011 
Car -1 -1 -10 524.83 115.40 583.44 136.52 -1 -1 -1 -1000 -1000 -1000 -10 0.0008 
Car -1 -1 -10 243.14 115.89 307.40 142.28 -1 -1 -1 -1000 -1000 -1000 -10 0.0008 
Car -1 -1 -10 57.43 158.40 137.60 196.45 -1 -1 -1 -1000 -1000 -1000 -10 0.0008 
Car -1 -1 -10 234.08 121.46 291.96 145.57 -1 -1 -1 -1000 -1000 -1000 -10 0.0007 
Car -1 -1 -10 675.40 108.99 737.51 140.13 -1 -1 -1 -1000 -1000 -1000 -10 0.0006 
Car -1 -1 -10 788.58 126.94 841.99 156.51 -1 -1 -1 -1000 -1000 -1000 -10 0.0006 
Car -1 -1 -10 74.17 108.70 136.98 134.31 -1 -1 -1 -1000 -1000 -1000 -10 0.0006 
Car -1 -1 -10 540.71 118.65 591.10 143.74 -1 -1 -1 -1000 -1000 -1000 -10 0.0005 
Car -1 -1 -10 588.99 124.94 653.12 147.20 -1 -1 -1 -1000 -1000 -1000 -10 0.0005 
Car -1 -1 -10 47.72 139.75 105.90 176.79 -1 -1 -1 -1000 -1000 -1000 -10 0.0004 
Car -1 -1 -10 313.96 147.68 402.42 183.86 -1 -1 -1 -1000 -1000 -1000 -10 0.0004 
Car -1 -1 -10 101.71 108.14 156.15 137.11 -1 -1 -1 -1000 -1000 -1000 -10 0.0004 
Car -1 -1 -10 8.54 144.74 64.45 165.05 -1 -1 -1 -1000 -1000 -1000 -10 0.0004 
Car -1 -1 -10 738.40 176.95 824.83 233.08 -1 -1 -1 -1000 -1000 -1000 -10 0.0003 
Car -1 -1 -10 1027.10 70.45 1065.71 91.20 -1 -1 -1 -1000 -1000 -1000 -10 0.0003 
Car -1 -1 -10 418.46 151.18 516.89 187.61 -1 -1 -1 -1000 -1000 -1000 -10 0.0003 
Car -1 -1 -10 260.95 107.58 314.95 135.92 -1 -1 -1 -1000 -1000 -1000 -10 0.0002 
Car -1 -1 -10 650.98 115.00 718.44 142.95 -1 -1 -1 -1000 -1000 -1000 -10 0.0002 
Car -1 -1 -10 716.35 92.86 796.42 128.94 -1 -1 -1 -1000 -1000 -1000 -10 0.0002 
Car -1 -1 -10 557.59 118.61 618.77 143.94 -1 -1 -1 -1000 -1000 -1000 -10 0.0001 
Car -1 -1 -10 482.88 82.59 539.84 117.86 -1 -1 -1 -1000 -1000 -1000 -10 0.0001 
Car -1 -1 -10 1072.60 179.06 1130.92 211.60 -1 -1 -1 -1000 -1000 -1000 -10 0.0001 
Car -1 -1 -10 688.47 181.29 752.01 217.63 -1 -1 -1 -1000 -1000 -1000 -10 0.0001 
Car -1 -1 -10 25.09 70.66 88.12 91.55 -1 -1 -1 -1000 -1000 -1000 -10 0.0001 
Car -1 -1 -10 80.45 184.53 183.25 263.90 -1 -1 -1 -1000 -1000 -1000 -10 0.0001 
Car -1 -1 -10 1159.20 177.19 1243.02 229.88 -1 -1 -1 -1000 -1000 -1000 -10 0.0001 
Car -1 -1 -10 740.44 179.17 820.52 209.24 -1 -1 -1 -1000 -1000 -1000 -10 0.0001 
Car -1 -1 -10 729.93 73.50 806.67 108.05 -1 -1 -1 -1000 -1000 -1000 -10 0.0000 
Car -1 -1 -10 1212.60 181.40 1242.98 222.74 -1 -1 -1 -1000 -1000 -1000 -10 0.0000 
Car -1 -1 -10 1200.00 178.08 1243.02 207.72 -1 -1 -1 -1000 -1000 -1000 -10 0.0000 
Car -1 -1 -10 735.27 46.92 786.77 83.65 -1 -1 -1 -1000 -1000 -1000 -10 0.0000 
Car -1 -1 -10 14.06 94.16 100.20 127.13 -1 -1 -1 -1000 -1000 -1000 -10 0.0000 
Car -1 -1 -10 311.59 45.11 368.45 68.05 -1 -1 -1 -1000 -1000 -1000 -10 0.0000 
Car -1 -1 -10 1047.10 202.77 1097.07 217.14 -1 -1 -1 -1000 -1000 -1000 -10 0.0000 
Car -1 -1 -10 0.00 21.51 73.36 84.83 -1 -1 -1 -1000 -1000 -1000 -10 0.0000 
