Car -1 -1 -10 483.28 178.09 531.71 217.44 -1 -1 -1 -1000 -1000 -1000 -10 0.9999 
Car -1 -1 -10 403.64 181.83 463.66 208.52 -1 -1 -1 -1000 -1000 -1000 -10 0.0067 
Car -1 -1 -10 29.53 257.73 123.79 311.15 -1 -1 -1 -1000 -1000 -1000 -10 0.0067 
Car -1 -1 -10 839.05 156.41 893.09 189.46 -1 -1 -1 -1000 -1000 -1000 -10 0.0054 
Car -1 -1 -10 1140.70 147.94 1193.94 180.39 -1 -1 -1 -1000 -1000 -1000 -10 0.0027 
Car -1 -1 -10 975.36 49.45 1029.21 80.29 -1 -1 -1 -1000 -1000 -1000 -10 0.0022 
Car -1 -1 -10 944.63 307.03 989.18 329.21 -1 -1 -1 -1000 -1000 -1000 -10 0.0017 
Car -1 -1 -10 886.15 54.10 950.36 86.19 -1 -1 -1 -1000 -1000 -1000 -10 0.0016 
Car -1 -1 -10 1028.40 111.84 1090.52 146.94 -1 -1 -1 -1000 -1000 -1000 -10 0.0015 
Car -1 -1 -10 767.59 291.48 819.51 315.77 -1 -1 -1 -1000 -1000 -1000 -10 0.0013 
Car -1 -1 -10 1085.80 143.72 1167.49 180.03 -1 -1 -1 -1000 -1000 -1000 -10 0.0013 
Car -1 -1 -10 1069.10 186.05 1122.63 210.36 -1 -1 -1 -1000 -1000 -1000 -10 0.0012 
Car -1 -1 -10 1033.80 91.40 1097.16 117.49 -1 -1 -1 -1000 -1000 -1000 -10 0.0011 
Car -1 -1 -10 975.72 44.10 1058.16 88.15 -1 -1 -1 -1000 -1000 -1000 -10 0.0010 
Car -1 -1 -10 1055.50 202.29 1101.89 239.07 -1 -1 -1 -1000 -1000 -1000 -10 0.0010 
Car -1 -1 -10 850.88 117.04 918.02 148.60 -1 -1 -1 -1000 -1000 -1000 -10 0.0009 
Car -1 -1 -10 1110.00 158.30 1181.13 187.08 -1 -1 -1 -1000 -1000 -1000 -10 0.0009 
Car -1 -1 -10 597.91 109.33 656.16 133.97 -1 -1 -1 -1000 -1000 -1000 -10 0.0008 
Car -1 -1 -10 1020.90 95.95 1098.64 141.88 -1 -1 -1 -1000 -1000 -1000 -10 0.0008 
Car -1 -1 -10 1000.00 114.33 1079.74 156.74 -1 -1 -1 -1000 -1000 -1000 -10 0.0007 
Car -1 -1 -10 939.86 36.06 1007.72 65.81 -1 -1 -1 -1000 -1000 -1000 -10 0.0007 
Car -1 -1 -10 818.63 25.00 886.44 56.69 -1 -1 -1 -1000 -1000 -1000 -10 0.0006 
Car -1 -1 -10 592.04 79.28 658.89 100.14 -1 -1 -1 -1000 -1000 -1000 -10 0.0005 
Car -1 -1 -10 1052.50 211.63 1121.93 247.10 -1 -1 -1 -1000 -1000 -1000 -10 0.0005 
Car -1 -1 -10 963.34 104.77 1046.27 139.28 -1 -1 -1 -1000 -1000 -1000 -10 0.0005 
Car -1 -1 -10 1103.80 99.87 1167.89 131.33 -1 -1 -1 -1000 -1000 -1000 -10 0.0004 
Car -1 -1 -10 1141.80 155.96 1209.95 188.69 -1 -1 -1 -1000 -1000 -1000 -10 0.0004 
Car -1 -1 -10 1003.10 234.49 1054.39 262.74 -1 -1 -1 -1000 -1000 -1000 -10 0.0004 
Car -1 -1 -10 939.88 80.54 1010.18 118.42 -1 -1 -1 -1000 -1000 -1000 -10 0.0004 
Car -1 -1 -10 779.21 27.59 855.87 70.92 -1 -1 -1 -1000 -1000 -1000 -10 0.0004 
Car -1 -1 -10 894.44 84.18 974.73 125.28 -1 -1 -1 -1000 -1000 -1000 -10 0.0004 
Car -1 -1 -10 973.48 31.98 1034.77 66.45 -1 -1 -1 -1000 -1000 -1000 -10 0.0004 
Car -1 -1 -10 609.26 114.25 673.19 148.41 -1 -1 -1 -1000 -1000 -1000 -10 0.0003 
Car -1 -1 -10 1098.60 163.15 1162.14 196.92 -1 -1 -1 -1000 -1000 -1000 -10 0.0003 
Car -1 -1 -10 1022.80 226.85 1083.73 258.20 -1 -1 -1 -1000 -1000 -1000 -10 0.0003 
Car -1 -1 -10 158.38 74.07 218.53 109.09 -1 -1 -1 -1000 -1000 -1000 -10 0.0003 
Car -1 -1 -10 747.21 261.71 800.74 281.97 -1 -1 -1 -1000 -1000 -1000 -10 0.0003 
Car -1 -1 -10 1084.20 107.14 1158.65 139.89 -1 -1 -1 -1000 -1000 -1000 -10 0.0002 
Car -1 -1 -10 552.20 129.73 607.75 154.98 -1 -1 -1 -1000 -1000 -1000 -10 0.0002 
Car -1 -1 -10 1026.30 185.01 1090.90 216.51 -1 -1 -1 -1000 -1000 -1000 -10 0.0002 
Car -1 -1 -10 1157.30 130.96 1236.23 160.98 -1 -1 -1 -1000 -1000 -1000 -10 0.0002 
Car -1 -1 -10 911.87 51.37 978.08 93.09 -1 -1 -1 -1000 -1000 -1000 -10 0.0002 
Car -1 -1 -10 559.72 118.94 611.69 140.67 -1 -1 -1 -1000 -1000 -1000 -10 0.0002 
Car -1 -1 -10 864.70 106.73 937.77 142.68 -1 -1 -1 -1000 -1000 -1000 -10 0.0002 
Car -1 -1 -10 777.20 44.62 857.50 81.86 -1 -1 -1 -1000 -1000 -1000 -10 0.0002 
Car -1 -1 -10 1008.90 236.24 1077.76 268.61 -1 -1 -1 -1000 -1000 -1000 -10 0.0002 
Car -1 -1 -10 22.49 286.02 96.41 325.25 -1 -1 -1 -1000 -1000 -1000 -10 0.0001 
Car -1 -1 -10 867.12 86.80 942.06 125.69 -1 -1 -1 -1000 -1000 -1000 -10 0.0001 
Car -1 -1 -10 1036.60 216.63 1105.09 254.77 -1 -1 -1 -1000 -1000 -1000 -10 0.0001 
Car -1 -1 -10 724.33 132.44 808.16 147.83 -1 -1 -1 -1000 -1000 -1000 -10 0.0001 
Car -1 -1 -10 860.77 58.19 931.19 88.91 -1 -1 -1 -1000 -1000 -1000 -10 0.0001 
Car -1 -1 -10 1092.00 80.62 1171.10 124.50 -1 -1 -1 -1000 -1000 -1000 -10 0.0001 
Car -1 -1 -10 850.30 91.35 920.03 134.86 -1 -1 -1 -1000 -1000 -1000 -10 0.0000 
Car -1 -1 -10 792.24 53.01 860.43 96.58 -1 -1 -1 -1000 -1000 -1000 -10 0.0000 
Car -1 -1 -10 800.41 33.79 895.14 68.83 -1 -1 -1 -1000 -1000 -1000 -10 0.0000 
Car -1 -1 -10 783.70 21.41 865.29 51.32 -1 -1 -1 -1000 -1000 -1000 -10 0.0000 
Car -1 -1 -10 799.84 38.74 883.93 89.14 -1 -1 -1 -1000 -1000 -1000 -10 0.0000 
Car -1 -1 -10 759.85 326.79 852.12 357.80 -1 -1 -1 -1000 -1000 -1000 -10 0.0000 
Car -1 -1 -10 897.91 161.98 998.59 204.99 -1 -1 -1 -1000 -1000 -1000 -10 0.0000 
