Car -1 -1 -10 457.23 184.12 539.59 239.03 -1 -1 -1 -1000 -1000 -1000 -10 1.0000 
Car -1 -1 -10 681.24 174.25 792.65 264.68 -1 -1 -1 -1000 -1000 -1000 -10 1.0000 
Car -1 -1 -10 657.64 183.11 719.55 238.65 -1 -1 -1 -1000 -1000 -1000 -10 0.8655 
Car -1 -1 -10 0.00 202.54 340.06 375.39 -1 -1 -1 -1000 -1000 -1000 -10 0.4927 
Car -1 -1 -10 526.50 182.14 555.96 211.37 -1 -1 -1 -1000 -1000 -1000 -10 0.3744 
Car -1 -1 -10 643.29 184.64 680.51 220.50 -1 -1 -1 -1000 -1000 -1000 -10 0.0228 
Car -1 -1 -10 637.79 181.57 670.27 207.75 -1 -1 -1 -1000 -1000 -1000 -10 0.0215 
Car -1 -1 -10 657.59 178.83 769.27 242.71 -1 -1 -1 -1000 -1000 -1000 -10 0.0102 
Car -1 -1 -10 1101.50 235.34 1180.46 264.27 -1 -1 -1 -1000 -1000 -1000 -10 0.0082 
Car -1 -1 -10 7.50 66.60 71.14 99.23 -1 -1 -1 -1000 -1000 -1000 -10 0.0053 
Car -1 -1 -10 339.90 72.72 402.58 106.19 -1 -1 -1 -1000 -1000 -1000 -10 0.0014 
Car -1 -1 -10 337.48 156.58 401.77 191.00 -1 -1 -1 -1000 -1000 -1000 -10 0.0011 
Car -1 -1 -10 1162.00 46.38 1228.14 86.75 -1 -1 -1 -1000 -1000 -1000 -10 0.0008 
Car -1 -1 -10 232.66 42.27 302.01 79.19 -1 -1 -1 -1000 -1000 -1000 -10 0.0007 
Car -1 -1 -10 259.49 44.72 318.43 81.28 -1 -1 -1 -1000 -1000 -1000 -10 0.0007 
Car -1 -1 -10 123.18 204.49 332.46 321.67 -1 -1 -1 -1000 -1000 -1000 -10 0.0005 
Car -1 -1 -10 244.57 52.43 315.84 91.01 -1 -1 -1 -1000 -1000 -1000 -10 0.0004 
Car -1 -1 -10 304.07 52.70 372.22 88.59 -1 -1 -1 -1000 -1000 -1000 -10 0.0004 
Car -1 -1 -10 313.74 66.02 379.12 101.71 -1 -1 -1 -1000 -1000 -1000 -10 0.0004 
Car -1 -1 -10 1075.70 160.38 1142.84 189.10 -1 -1 -1 -1000 -1000 -1000 -10 0.0004 
Car -1 -1 -10 266.66 36.62 347.59 69.92 -1 -1 -1 -1000 -1000 -1000 -10 0.0003 
Car -1 -1 -10 356.84 153.06 414.49 182.42 -1 -1 -1 -1000 -1000 -1000 -10 0.0003 
Car -1 -1 -10 260.78 51.08 356.82 86.40 -1 -1 -1 -1000 -1000 -1000 -10 0.0003 
Car -1 -1 -10 344.36 149.03 408.16 174.65 -1 -1 -1 -1000 -1000 -1000 -10 0.0003 
Car -1 -1 -10 353.77 82.10 437.07 115.59 -1 -1 -1 -1000 -1000 -1000 -10 0.0002 
Car -1 -1 -10 331.52 140.08 409.05 183.76 -1 -1 -1 -1000 -1000 -1000 -10 0.0002 
Car -1 -1 -10 503.36 73.33 556.69 103.69 -1 -1 -1 -1000 -1000 -1000 -10 0.0002 
Car -1 -1 -10 1093.00 77.92 1140.52 109.30 -1 -1 -1 -1000 -1000 -1000 -10 0.0002 
Car -1 -1 -10 7.08 93.45 87.17 134.30 -1 -1 -1 -1000 -1000 -1000 -10 0.0001 
Car -1 -1 -10 262.75 27.38 340.52 55.85 -1 -1 -1 -1000 -1000 -1000 -10 0.0001 
Car -1 -1 -10 311.98 44.72 385.00 74.39 -1 -1 -1 -1000 -1000 -1000 -10 0.0001 
Car -1 -1 -10 294.65 154.76 388.51 192.44 -1 -1 -1 -1000 -1000 -1000 -10 0.0001 
Car -1 -1 -10 1105.50 74.45 1153.70 104.86 -1 -1 -1 -1000 -1000 -1000 -10 0.0001 
Car -1 -1 -10 762.99 189.76 897.04 232.83 -1 -1 -1 -1000 -1000 -1000 -10 0.0000 
Car -1 -1 -10 256.88 66.48 331.22 106.20 -1 -1 -1 -1000 -1000 -1000 -10 0.0000 
Car -1 -1 -10 223.22 26.75 294.77 66.26 -1 -1 -1 -1000 -1000 -1000 -10 0.0000 
Car -1 -1 -10 283.80 93.68 341.60 136.86 -1 -1 -1 -1000 -1000 -1000 -10 0.0000 
Car -1 -1 -10 390.66 63.47 463.41 108.18 -1 -1 -1 -1000 -1000 -1000 -10 0.0000 
Car -1 -1 -10 98.31 191.39 228.68 234.27 -1 -1 -1 -1000 -1000 -1000 -10 0.0000 
Car -1 -1 -10 782.94 42.87 853.14 68.26 -1 -1 -1 -1000 -1000 -1000 -10 0.0000 
Car -1 -1 -10 7.44 188.55 72.88 228.56 -1 -1 -1 -1000 -1000 -1000 -10 0.0000 
Car -1 -1 -10 134.78 198.43 281.58 242.36 -1 -1 -1 -1000 -1000 -1000 -10 0.0000 
Car -1 -1 -10 132.80 112.67 198.97 145.48 -1 -1 -1 -1000 -1000 -1000 -10 0.0000 
Car -1 -1 -10 782.66 48.60 862.98 82.96 -1 -1 -1 -1000 -1000 -1000 -10 0.0000 
