Car -1 -1 -10 668.13 180.24 759.21 247.53 -1 -1 -1 -1000 -1000 -1000 -10 1.0000 
Car -1 -1 -10 357.22 183.73 496.63 282.01 -1 -1 -1 -1000 -1000 -1000 -10 0.9997 
Car -1 -1 -10 631.62 175.35 672.16 211.83 -1 -1 -1 -1000 -1000 -1000 -10 0.9988 
Car -1 -1 -10 783.70 188.92 1152.27 376.00 -1 -1 -1 -1000 -1000 -1000 -10 0.9852 
Car -1 -1 -10 0.00 207.81 392.79 370.37 -1 -1 -1 -1000 -1000 -1000 -10 0.6062 
Car -1 -1 -10 0.00 224.43 288.18 332.86 -1 -1 -1 -1000 -1000 -1000 -10 0.3019 
Car -1 -1 -10 0.00 242.56 100.98 320.82 -1 -1 -1 -1000 -1000 -1000 -10 0.0379 
Car -1 -1 -10 601.13 70.75 717.37 121.44 -1 -1 -1 -1000 -1000 -1000 -10 0.0046 
Car -1 -1 -10 1.99 136.70 56.40 172.45 -1 -1 -1 -1000 -1000 -1000 -10 0.0032 
Car -1 -1 -10 273.15 264.45 367.07 310.84 -1 -1 -1 -1000 -1000 -1000 -10 0.0008 
Car -1 -1 -10 162.59 230.27 292.64 264.75 -1 -1 -1 -1000 -1000 -1000 -10 0.0006 
Car -1 -1 -10 1035.20 127.82 1084.56 142.70 -1 -1 -1 -1000 -1000 -1000 -10 0.0005 
Car -1 -1 -10 1186.80 44.83 1243.01 96.18 -1 -1 -1 -1000 -1000 -1000 -10 0.0004 
Car -1 -1 -10 1008.90 166.29 1079.90 206.27 -1 -1 -1 -1000 -1000 -1000 -10 0.0003 
Car -1 -1 -10 73.84 177.78 202.45 241.14 -1 -1 -1 -1000 -1000 -1000 -10 0.0002 
Car -1 -1 -10 180.34 227.59 281.76 252.53 -1 -1 -1 -1000 -1000 -1000 -10 0.0002 
Car -1 -1 -10 643.49 176.42 697.54 210.37 -1 -1 -1 -1000 -1000 -1000 -10 0.0001 
Car -1 -1 -10 924.95 85.97 992.77 108.79 -1 -1 -1 -1000 -1000 -1000 -10 0.0001 
Car -1 -1 -10 935.27 65.29 1012.44 99.51 -1 -1 -1 -1000 -1000 -1000 -10 0.0001 
Car -1 -1 -10 1031.70 130.44 1068.62 151.17 -1 -1 -1 -1000 -1000 -1000 -10 0.0001 
Car -1 -1 -10 801.31 234.19 864.36 281.34 -1 -1 -1 -1000 -1000 -1000 -10 0.0001 
Car -1 -1 -10 227.20 258.80 377.36 362.73 -1 -1 -1 -1000 -1000 -1000 -10 0.0000 
Car -1 -1 -10 1134.90 183.82 1242.98 261.15 -1 -1 -1 -1000 -1000 -1000 -10 0.0000 
Car -1 -1 -10 520.92 153.26 567.72 181.67 -1 -1 -1 -1000 -1000 -1000 -10 0.0000 
Car -1 -1 -10 914.23 262.97 1022.86 337.60 -1 -1 -1 -1000 -1000 -1000 -10 0.0000 
Car -1 -1 -10 396.36 118.85 468.54 169.85 -1 -1 -1 -1000 -1000 -1000 -10 0.0000 
Car -1 -1 -10 660.19 181.71 706.68 222.47 -1 -1 -1 -1000 -1000 -1000 -10 0.0000 
Car -1 -1 -10 627.03 170.42 652.14 198.46 -1 -1 -1 -1000 -1000 -1000 -10 0.0000 
Car -1 -1 -10 789.43 223.67 895.03 294.26 -1 -1 -1 -1000 -1000 -1000 -10 0.0000 
Car -1 -1 -10 954.42 165.58 1127.74 282.19 -1 -1 -1 -1000 -1000 -1000 -10 0.0000 
Car -1 -1 -10 921.74 78.12 979.72 103.13 -1 -1 -1 -1000 -1000 -1000 -10 0.0000 
Car -1 -1 -10 523.54 140.09 583.23 196.95 -1 -1 -1 -1000 -1000 -1000 -10 0.0000 
Car -1 -1 -10 791.44 200.08 866.39 226.58 -1 -1 -1 -1000 -1000 -1000 -10 0.0000 
Car -1 -1 -10 0.00 20.13 119.44 62.54 -1 -1 -1 -1000 -1000 -1000 -10 0.0000 
Car -1 -1 -10 773.53 222.71 832.76 277.64 -1 -1 -1 -1000 -1000 -1000 -10 0.0000 
Car -1 -1 -10 775.82 206.41 854.26 265.25 -1 -1 -1 -1000 -1000 -1000 -10 0.0000 
Car -1 -1 -10 459.95 192.97 500.21 232.48 -1 -1 -1 -1000 -1000 -1000 -10 0.0000 
Car -1 -1 -10 776.73 194.54 867.02 241.50 -1 -1 -1 -1000 -1000 -1000 -10 0.0000 
