Car -1 -1 -10 1114.10 225.78 1224.98 265.59 -1 -1 -1 -1000 -1000 -1000 -10 0.0243 
Car -1 -1 -10 1136.20 276.30 1225.04 331.84 -1 -1 -1 -1000 -1000 -1000 -10 0.0136 
Car -1 -1 -10 1015.50 132.98 1068.58 167.06 -1 -1 -1 -1000 -1000 -1000 -10 0.0105 
Car -1 -1 -10 1165.70 225.22 1224.97 251.06 -1 -1 -1 -1000 -1000 -1000 -10 0.0069 
Car -1 -1 -10 1039.80 216.34 1113.97 260.25 -1 -1 -1 -1000 -1000 -1000 -10 0.0017 
Car -1 -1 -10 850.85 212.42 959.83 254.64 -1 -1 -1 -1000 -1000 -1000 -10 0.0010 
Car -1 -1 -10 999.33 155.73 1065.87 199.03 -1 -1 -1 -1000 -1000 -1000 -10 0.0010 
Car -1 -1 -10 1002.30 122.31 1072.59 155.11 -1 -1 -1 -1000 -1000 -1000 -10 0.0009 
Car -1 -1 -10 942.44 144.70 1029.52 178.00 -1 -1 -1 -1000 -1000 -1000 -10 0.0008 
Car -1 -1 -10 847.33 124.40 922.89 151.87 -1 -1 -1 -1000 -1000 -1000 -10 0.0001 
Car -1 -1 -10 910.66 100.08 969.97 130.33 -1 -1 -1 -1000 -1000 -1000 -10 0.0001 
Car -1 -1 -10 670.37 174.17 720.07 212.05 -1 -1 -1 -1000 -1000 -1000 -10 0.0001 
Car -1 -1 -10 975.13 122.09 1055.21 159.06 -1 -1 -1 -1000 -1000 -1000 -10 0.0001 
Car -1 -1 -10 923.92 125.32 999.87 155.87 -1 -1 -1 -1000 -1000 -1000 -10 0.0001 
Car -1 -1 -10 1045.10 65.88 1140.24 127.81 -1 -1 -1 -1000 -1000 -1000 -10 0.0000 
Car -1 -1 -10 954.06 122.44 1018.49 168.53 -1 -1 -1 -1000 -1000 -1000 -10 0.0000 
Car -1 -1 -10 942.38 100.29 1058.78 134.02 -1 -1 -1 -1000 -1000 -1000 -10 0.0000 
Car -1 -1 -10 783.32 128.68 851.37 147.15 -1 -1 -1 -1000 -1000 -1000 -10 0.0000 
Car -1 -1 -10 239.88 208.01 360.84 258.37 -1 -1 -1 -1000 -1000 -1000 -10 0.0000 
Car -1 -1 -10 481.95 27.60 626.58 76.85 -1 -1 -1 -1000 -1000 -1000 -10 0.0000 
Car -1 -1 -10 907.73 117.17 975.19 151.43 -1 -1 -1 -1000 -1000 -1000 -10 0.0000 
Car -1 -1 -10 861.38 122.15 948.70 167.88 -1 -1 -1 -1000 -1000 -1000 -10 0.0000 
Car -1 -1 -10 512.47 43.99 643.44 67.10 -1 -1 -1 -1000 -1000 -1000 -10 0.0000 
Car -1 -1 -10 877.38 118.97 950.40 151.54 -1 -1 -1 -1000 -1000 -1000 -10 0.0000 
Car -1 -1 -10 961.40 108.72 1064.53 147.38 -1 -1 -1 -1000 -1000 -1000 -10 0.0000 
Car -1 -1 -10 915.09 102.52 1006.21 135.04 -1 -1 -1 -1000 -1000 -1000 -10 0.0000 
Car -1 -1 -10 894.47 116.11 956.31 139.46 -1 -1 -1 -1000 -1000 -1000 -10 0.0000 
Car -1 -1 -10 780.56 157.21 869.31 182.72 -1 -1 -1 -1000 -1000 -1000 -10 0.0000 
Car -1 -1 -10 938.80 112.90 1014.39 139.04 -1 -1 -1 -1000 -1000 -1000 -10 0.0000 
Car -1 -1 -10 876.29 111.83 937.52 132.95 -1 -1 -1 -1000 -1000 -1000 -10 0.0000 
Car -1 -1 -10 884.29 102.73 948.28 130.66 -1 -1 -1 -1000 -1000 -1000 -10 0.0000 
