Car -1 -1 -10 691.03 176.56 810.58 244.18 -1 -1 -1 -1000 -1000 -1000 -10 1.0000 
Car -1 -1 -10 824.23 170.41 893.62 212.77 -1 -1 -1 -1000 -1000 -1000 -10 1.0000 
Car -1 -1 -10 148.40 163.50 561.68 318.33 -1 -1 -1 -1000 -1000 -1000 -10 0.9987 
Car -1 -1 -10 932.79 166.92 982.99 193.83 -1 -1 -1 -1000 -1000 -1000 -10 0.9958 
Car -1 -1 -10 1059.30 172.29 1144.66 238.26 -1 -1 -1 -1000 -1000 -1000 -10 0.9903 
Car -1 -1 -10 1103.80 184.58 1242.96 330.12 -1 -1 -1 -1000 -1000 -1000 -10 0.9580 
Car -1 -1 -10 869.16 169.45 915.08 207.11 -1 -1 -1 -1000 -1000 -1000 -10 0.7782 
Car -1 -1 -10 890.27 164.18 935.82 200.72 -1 -1 -1 -1000 -1000 -1000 -10 0.7563 
Car -1 -1 -10 1118.20 165.40 1176.58 193.41 -1 -1 -1 -1000 -1000 -1000 -10 0.4121 
Car -1 -1 -10 1027.20 164.83 1092.35 190.16 -1 -1 -1 -1000 -1000 -1000 -10 0.1616 
Car -1 -1 -10 635.65 171.07 675.09 189.35 -1 -1 -1 -1000 -1000 -1000 -10 0.1074 
Car -1 -1 -10 1173.40 136.02 1223.63 184.80 -1 -1 -1 -1000 -1000 -1000 -10 0.0188 
Car -1 -1 -10 1052.70 170.42 1101.56 220.23 -1 -1 -1 -1000 -1000 -1000 -10 0.0012 
Car -1 -1 -10 1043.20 167.05 1085.37 197.61 -1 -1 -1 -1000 -1000 -1000 -10 0.0006 
Car -1 -1 -10 65.92 225.12 133.22 253.30 -1 -1 -1 -1000 -1000 -1000 -10 0.0003 
Car -1 -1 -10 914.52 165.39 944.16 193.67 -1 -1 -1 -1000 -1000 -1000 -10 0.0003 
Car -1 -1 -10 1157.00 155.29 1203.65 181.17 -1 -1 -1 -1000 -1000 -1000 -10 0.0003 
Car -1 -1 -10 1081.10 169.88 1137.94 219.44 -1 -1 -1 -1000 -1000 -1000 -10 0.0001 
Car -1 -1 -10 74.91 237.09 135.14 258.55 -1 -1 -1 -1000 -1000 -1000 -10 0.0001 
Car -1 -1 -10 321.58 173.90 377.90 191.61 -1 -1 -1 -1000 -1000 -1000 -10 0.0001 
Car -1 -1 -10 57.66 236.84 114.54 263.78 -1 -1 -1 -1000 -1000 -1000 -10 0.0001 
Car -1 -1 -10 72.80 155.25 143.54 186.25 -1 -1 -1 -1000 -1000 -1000 -10 0.0000 
Car -1 -1 -10 87.31 242.98 143.07 262.36 -1 -1 -1 -1000 -1000 -1000 -10 0.0000 
Car -1 -1 -10 708.03 177.88 784.05 220.69 -1 -1 -1 -1000 -1000 -1000 -10 0.0000 
Car -1 -1 -10 301.99 172.43 399.39 195.47 -1 -1 -1 -1000 -1000 -1000 -10 0.0000 
Car -1 -1 -10 402.54 170.81 547.90 274.71 -1 -1 -1 -1000 -1000 -1000 -10 0.0000 
Car -1 -1 -10 1140.70 160.77 1180.94 180.53 -1 -1 -1 -1000 -1000 -1000 -10 0.0000 
Car -1 -1 -10 99.01 246.31 150.84 267.98 -1 -1 -1 -1000 -1000 -1000 -10 0.0000 
Car -1 -1 -10 45.87 153.02 136.80 200.70 -1 -1 -1 -1000 -1000 -1000 -10 0.0000 
Car -1 -1 -10 341.79 156.10 395.21 191.18 -1 -1 -1 -1000 -1000 -1000 -10 0.0000 
Car -1 -1 -10 1125.80 130.44 1202.53 160.09 -1 -1 -1 -1000 -1000 -1000 -10 0.0000 
Car -1 -1 -10 755.09 175.03 811.25 235.96 -1 -1 -1 -1000 -1000 -1000 -10 0.0000 
Car -1 -1 -10 293.49 180.60 374.07 200.79 -1 -1 -1 -1000 -1000 -1000 -10 0.0000 
Car -1 -1 -10 1157.40 170.18 1197.04 190.86 -1 -1 -1 -1000 -1000 -1000 -10 0.0000 
Car -1 -1 -10 84.83 192.84 192.07 217.96 -1 -1 -1 -1000 -1000 -1000 -10 0.0000 
Car -1 -1 -10 285.07 183.41 387.28 216.92 -1 -1 -1 -1000 -1000 -1000 -10 0.0000 
