Car -1 -1 -10 600.61 163.40 691.47 230.83 -1 -1 -1 -1000 -1000 -1000 -10 0.9983 
Car -1 -1 -10 311.19 143.88 491.16 260.86 -1 -1 -1 -1000 -1000 -1000 -10 0.4035 
Car -1 -1 -10 445.67 160.54 500.56 193.41 -1 -1 -1 -1000 -1000 -1000 -10 0.0253 
Car -1 -1 -10 1062.60 139.13 1132.84 174.38 -1 -1 -1 -1000 -1000 -1000 -10 0.0229 
Car -1 -1 -10 313.12 168.93 439.43 225.62 -1 -1 -1 -1000 -1000 -1000 -10 0.0091 
Car -1 -1 -10 317.19 169.09 392.49 206.39 -1 -1 -1 -1000 -1000 -1000 -10 0.0027 
Car -1 -1 -10 264.78 81.03 308.06 109.58 -1 -1 -1 -1000 -1000 -1000 -10 0.0017 
Car -1 -1 -10 268.87 79.00 336.91 142.20 -1 -1 -1 -1000 -1000 -1000 -10 0.0016 
Car -1 -1 -10 362.11 159.39 440.45 203.40 -1 -1 -1 -1000 -1000 -1000 -10 0.0012 
Car -1 -1 -10 460.85 165.93 506.76 199.66 -1 -1 -1 -1000 -1000 -1000 -10 0.0010 
Car -1 -1 -10 436.05 157.98 504.52 216.60 -1 -1 -1 -1000 -1000 -1000 -10 0.0010 
Car -1 -1 -10 190.51 118.50 252.27 155.80 -1 -1 -1 -1000 -1000 -1000 -10 0.0006 
Car -1 -1 -10 0.00 202.21 144.98 309.57 -1 -1 -1 -1000 -1000 -1000 -10 0.0003 
Car -1 -1 -10 591.01 155.36 649.60 209.49 -1 -1 -1 -1000 -1000 -1000 -10 0.0003 
Car -1 -1 -10 147.36 51.79 222.46 86.61 -1 -1 -1 -1000 -1000 -1000 -10 0.0002 
Car -1 -1 -10 15.25 47.39 93.41 95.52 -1 -1 -1 -1000 -1000 -1000 -10 0.0002 
Car -1 -1 -10 204.99 128.43 271.11 164.56 -1 -1 -1 -1000 -1000 -1000 -10 0.0002 
Car -1 -1 -10 237.01 204.90 302.85 229.82 -1 -1 -1 -1000 -1000 -1000 -10 0.0002 
Car -1 -1 -10 595.21 156.60 650.03 184.74 -1 -1 -1 -1000 -1000 -1000 -10 0.0001 
Car -1 -1 -10 176.70 64.29 253.38 130.52 -1 -1 -1 -1000 -1000 -1000 -10 0.0001 
Car -1 -1 -10 1025.40 156.22 1132.95 175.70 -1 -1 -1 -1000 -1000 -1000 -10 0.0001 
Car -1 -1 -10 543.56 159.60 592.75 176.71 -1 -1 -1 -1000 -1000 -1000 -10 0.0001 
Car -1 -1 -10 381.11 143.91 442.18 220.62 -1 -1 -1 -1000 -1000 -1000 -10 0.0001 
Car -1 -1 -10 223.84 132.58 294.77 156.23 -1 -1 -1 -1000 -1000 -1000 -10 0.0001 
Car -1 -1 -10 98.29 25.01 178.85 60.85 -1 -1 -1 -1000 -1000 -1000 -10 0.0000 
Car -1 -1 -10 0.00 219.10 125.46 256.59 -1 -1 -1 -1000 -1000 -1000 -10 0.0000 
Car -1 -1 -10 640.97 161.57 687.32 224.53 -1 -1 -1 -1000 -1000 -1000 -10 0.0000 
Car -1 -1 -10 110.21 104.04 214.95 140.82 -1 -1 -1 -1000 -1000 -1000 -10 0.0000 
Car -1 -1 -10 414.08 176.33 455.09 221.44 -1 -1 -1 -1000 -1000 -1000 -10 0.0000 
Car -1 -1 -10 332.64 118.37 455.95 222.65 -1 -1 -1 -1000 -1000 -1000 -10 0.0000 
Car -1 -1 -10 9.16 88.28 274.58 181.78 -1 -1 -1 -1000 -1000 -1000 -10 0.0000 
Car -1 -1 -10 0.00 217.28 252.77 360.66 -1 -1 -1 -1000 -1000 -1000 -10 0.0000 
Car -1 -1 -10 110.70 39.99 213.43 81.89 -1 -1 -1 -1000 -1000 -1000 -10 0.0000 
Car -1 -1 -10 100.94 19.10 208.80 74.03 -1 -1 -1 -1000 -1000 -1000 -10 0.0000 
