Car -1 -1 -10 309.14 171.59 473.92 294.86 -1 -1 -1 -1000 -1000 -1000 -10 0.9998 
Car -1 -1 -10 16.99 156.77 381.78 376.00 -1 -1 -1 -1000 -1000 -1000 -10 0.9992 
Car -1 -1 -10 653.72 169.35 695.77 204.47 -1 -1 -1 -1000 -1000 -1000 -10 0.9978 
Car -1 -1 -10 621.67 168.05 656.68 190.42 -1 -1 -1 -1000 -1000 -1000 -10 0.9886 
Car -1 -1 -10 164.29 301.20 254.46 335.15 -1 -1 -1 -1000 -1000 -1000 -10 0.0119 
Car -1 -1 -10 889.25 149.99 926.37 183.54 -1 -1 -1 -1000 -1000 -1000 -10 0.0068 
Car -1 -1 -10 168.17 167.68 463.28 315.38 -1 -1 -1 -1000 -1000 -1000 -10 0.0043 
Car -1 -1 -10 324.28 175.13 472.86 225.50 -1 -1 -1 -1000 -1000 -1000 -10 0.0037 
Car -1 -1 -10 887.70 160.23 932.91 195.15 -1 -1 -1 -1000 -1000 -1000 -10 0.0036 
Car -1 -1 -10 1064.40 224.44 1151.21 258.96 -1 -1 -1 -1000 -1000 -1000 -10 0.0019 
Car -1 -1 -10 121.83 184.00 188.08 213.01 -1 -1 -1 -1000 -1000 -1000 -10 0.0012 
Car -1 -1 -10 106.34 185.06 163.17 213.75 -1 -1 -1 -1000 -1000 -1000 -10 0.0008 
Car -1 -1 -10 698.01 197.76 748.59 229.67 -1 -1 -1 -1000 -1000 -1000 -10 0.0007 
Car -1 -1 -10 116.99 180.17 166.88 204.54 -1 -1 -1 -1000 -1000 -1000 -10 0.0006 
Car -1 -1 -10 98.16 183.63 224.72 224.15 -1 -1 -1 -1000 -1000 -1000 -10 0.0006 
Car -1 -1 -10 100.09 174.15 176.17 208.43 -1 -1 -1 -1000 -1000 -1000 -10 0.0004 
Car -1 -1 -10 202.83 25.63 268.36 54.86 -1 -1 -1 -1000 -1000 -1000 -10 0.0002 
Car -1 -1 -10 261.50 34.12 332.69 55.82 -1 -1 -1 -1000 -1000 -1000 -10 0.0002 
Car -1 -1 -10 1034.90 210.54 1108.53 251.71 -1 -1 -1 -1000 -1000 -1000 -10 0.0002 
Car -1 -1 -10 1037.20 224.62 1192.84 278.49 -1 -1 -1 -1000 -1000 -1000 -10 0.0001 
Car -1 -1 -10 1033.40 190.66 1074.52 212.38 -1 -1 -1 -1000 -1000 -1000 -10 0.0001 
Car -1 -1 -10 343.62 61.94 409.74 93.29 -1 -1 -1 -1000 -1000 -1000 -10 0.0001 
Car -1 -1 -10 1027.30 219.47 1137.53 263.16 -1 -1 -1 -1000 -1000 -1000 -10 0.0001 
Car -1 -1 -10 0.00 288.94 153.76 369.86 -1 -1 -1 -1000 -1000 -1000 -10 0.0001 
Car -1 -1 -10 448.92 109.31 511.41 140.57 -1 -1 -1 -1000 -1000 -1000 -10 0.0000 
Car -1 -1 -10 445.53 102.15 508.76 124.27 -1 -1 -1 -1000 -1000 -1000 -10 0.0000 
Car -1 -1 -10 419.71 173.59 476.75 248.01 -1 -1 -1 -1000 -1000 -1000 -10 0.0000 
Car -1 -1 -10 54.11 209.82 155.58 251.38 -1 -1 -1 -1000 -1000 -1000 -10 0.0000 
Car -1 -1 -10 669.88 149.15 715.30 165.26 -1 -1 -1 -1000 -1000 -1000 -10 0.0000 
Car -1 -1 -10 216.04 167.47 334.09 184.25 -1 -1 -1 -1000 -1000 -1000 -10 0.0000 
Car -1 -1 -10 1036.70 195.63 1086.65 216.73 -1 -1 -1 -1000 -1000 -1000 -10 0.0000 
Car -1 -1 -10 869.74 229.71 986.85 281.11 -1 -1 -1 -1000 -1000 -1000 -10 0.0000 
Car -1 -1 -10 176.81 166.50 356.07 198.77 -1 -1 -1 -1000 -1000 -1000 -10 0.0000 
Car -1 -1 -10 307.95 169.46 361.61 196.66 -1 -1 -1 -1000 -1000 -1000 -10 0.0000 
Car -1 -1 -10 91.60 179.63 168.92 241.05 -1 -1 -1 -1000 -1000 -1000 -10 0.0000 
Car -1 -1 -10 242.29 237.39 365.09 298.42 -1 -1 -1 -1000 -1000 -1000 -10 0.0000 
Car -1 -1 -10 1056.30 59.30 1158.65 115.47 -1 -1 -1 -1000 -1000 -1000 -10 0.0000 
Car -1 -1 -10 665.70 148.43 720.18 188.81 -1 -1 -1 -1000 -1000 -1000 -10 0.0000 
Car -1 -1 -10 306.93 195.54 380.42 257.17 -1 -1 -1 -1000 -1000 -1000 -10 0.0000 
Car -1 -1 -10 326.83 175.13 401.77 280.36 -1 -1 -1 -1000 -1000 -1000 -10 0.0000 
Car -1 -1 -10 320.89 174.04 374.16 201.72 -1 -1 -1 -1000 -1000 -1000 -10 0.0000 
