Car -1 -1 -10 156.09 192.39 265.58 247.73 -1 -1 -1 -1000 -1000 -1000 -10 0.9999 
Car -1 -1 -10 597.31 171.62 630.64 203.00 -1 -1 -1 -1000 -1000 -1000 -10 0.9999 
Car -1 -1 -10 242.79 192.15 305.65 226.96 -1 -1 -1 -1000 -1000 -1000 -10 0.9863 
Car -1 -1 -10 33.73 219.77 87.24 254.01 -1 -1 -1 -1000 -1000 -1000 -10 0.4201 
Car -1 -1 -10 651.22 159.53 709.57 188.83 -1 -1 -1 -1000 -1000 -1000 -10 0.1090 
Car -1 -1 -10 1080.00 251.55 1129.81 286.80 -1 -1 -1 -1000 -1000 -1000 -10 0.0220 
Car -1 -1 -10 1092.60 256.80 1146.28 290.91 -1 -1 -1 -1000 -1000 -1000 -10 0.0204 
Car -1 -1 -10 1.30 230.46 63.06 257.70 -1 -1 -1 -1000 -1000 -1000 -10 0.0104 
Car -1 -1 -10 1154.80 302.98 1211.84 332.61 -1 -1 -1 -1000 -1000 -1000 -10 0.0095 
Car -1 -1 -10 1081.20 266.13 1141.24 298.82 -1 -1 -1 -1000 -1000 -1000 -10 0.0094 
Car -1 -1 -10 1142.00 291.92 1212.79 327.20 -1 -1 -1 -1000 -1000 -1000 -10 0.0056 
Car -1 -1 -10 1094.60 269.53 1158.75 307.35 -1 -1 -1 -1000 -1000 -1000 -10 0.0047 
Car -1 -1 -10 1042.50 253.75 1122.56 290.00 -1 -1 -1 -1000 -1000 -1000 -10 0.0034 
Car -1 -1 -10 1076.30 239.90 1150.66 288.27 -1 -1 -1 -1000 -1000 -1000 -10 0.0033 
Car -1 -1 -10 1155.70 249.12 1219.62 279.58 -1 -1 -1 -1000 -1000 -1000 -10 0.0028 
Car -1 -1 -10 991.86 246.75 1059.10 276.87 -1 -1 -1 -1000 -1000 -1000 -10 0.0024 
Car -1 -1 -10 1032.00 257.53 1089.80 287.09 -1 -1 -1 -1000 -1000 -1000 -10 0.0024 
Car -1 -1 -10 1162.00 287.53 1241.16 329.58 -1 -1 -1 -1000 -1000 -1000 -10 0.0023 
Car -1 -1 -10 1057.50 271.76 1116.86 296.16 -1 -1 -1 -1000 -1000 -1000 -10 0.0022 
Car -1 -1 -10 1142.80 244.42 1205.33 274.91 -1 -1 -1 -1000 -1000 -1000 -10 0.0013 
Car -1 -1 -10 974.73 125.14 1048.67 149.97 -1 -1 -1 -1000 -1000 -1000 -10 0.0008 
Car -1 -1 -10 1158.80 245.58 1234.61 269.25 -1 -1 -1 -1000 -1000 -1000 -10 0.0008 
Car -1 -1 -10 546.57 159.36 581.99 191.05 -1 -1 -1 -1000 -1000 -1000 -10 0.0008 
Car -1 -1 -10 1171.10 309.76 1220.35 341.84 -1 -1 -1 -1000 -1000 -1000 -10 0.0006 
Car -1 -1 -10 934.15 240.76 992.42 273.81 -1 -1 -1 -1000 -1000 -1000 -10 0.0003 
Car -1 -1 -10 854.85 219.10 918.08 248.19 -1 -1 -1 -1000 -1000 -1000 -10 0.0003 
Car -1 -1 -10 1113.30 141.17 1199.03 170.49 -1 -1 -1 -1000 -1000 -1000 -10 0.0002 
Car -1 -1 -10 433.38 22.35 493.88 59.63 -1 -1 -1 -1000 -1000 -1000 -10 0.0002 
Car -1 -1 -10 56.16 219.30 93.08 249.40 -1 -1 -1 -1000 -1000 -1000 -10 0.0001 
Car -1 -1 -10 981.89 223.45 1057.71 271.73 -1 -1 -1 -1000 -1000 -1000 -10 0.0001 
Car -1 -1 -10 75.42 226.13 144.76 249.03 -1 -1 -1 -1000 -1000 -1000 -10 0.0000 
