Car -1 -1 -10 135.97 131.18 200.13 164.97 -1 -1 -1 -1000 -1000 -1000 -10 0.0262 
Car -1 -1 -10 586.02 161.22 614.83 190.50 -1 -1 -1 -1000 -1000 -1000 -10 0.0220 
Car -1 -1 -10 102.95 201.99 183.20 240.18 -1 -1 -1 -1000 -1000 -1000 -10 0.0191 
Car -1 -1 -10 624.66 149.34 662.56 184.89 -1 -1 -1 -1000 -1000 -1000 -10 0.0140 
Car -1 -1 -10 1.03 199.03 155.27 283.36 -1 -1 -1 -1000 -1000 -1000 -10 0.0078 
Car -1 -1 -10 552.65 173.29 573.04 192.90 -1 -1 -1 -1000 -1000 -1000 -10 0.0071 
Car -1 -1 -10 39.04 216.68 103.84 253.49 -1 -1 -1 -1000 -1000 -1000 -10 0.0054 
Car -1 -1 -10 337.97 136.28 503.45 221.47 -1 -1 -1 -1000 -1000 -1000 -10 0.0052 
Car -1 -1 -10 370.62 181.87 463.62 223.69 -1 -1 -1 -1000 -1000 -1000 -10 0.0036 
Car -1 -1 -10 376.09 126.47 436.57 145.91 -1 -1 -1 -1000 -1000 -1000 -10 0.0028 
Car -1 -1 -10 91.24 200.19 193.36 262.33 -1 -1 -1 -1000 -1000 -1000 -10 0.0020 
Car -1 -1 -10 23.77 213.80 139.46 262.97 -1 -1 -1 -1000 -1000 -1000 -10 0.0011 
Car -1 -1 -10 1003.20 94.54 1065.56 130.65 -1 -1 -1 -1000 -1000 -1000 -10 0.0010 
Car -1 -1 -10 975.51 45.48 1042.28 75.20 -1 -1 -1 -1000 -1000 -1000 -10 0.0009 
Car -1 -1 -10 416.40 147.06 498.31 216.87 -1 -1 -1 -1000 -1000 -1000 -10 0.0008 
Car -1 -1 -10 1040.40 114.38 1117.77 148.15 -1 -1 -1 -1000 -1000 -1000 -10 0.0005 
Car -1 -1 -10 61.79 200.11 152.77 266.61 -1 -1 -1 -1000 -1000 -1000 -10 0.0005 
Car -1 -1 -10 996.70 29.82 1057.35 54.20 -1 -1 -1 -1000 -1000 -1000 -10 0.0004 
Car -1 -1 -10 997.37 63.72 1058.69 93.47 -1 -1 -1 -1000 -1000 -1000 -10 0.0004 
Car -1 -1 -10 958.08 31.10 1012.14 56.90 -1 -1 -1 -1000 -1000 -1000 -10 0.0003 
Car -1 -1 -10 1003.60 108.78 1092.77 145.49 -1 -1 -1 -1000 -1000 -1000 -10 0.0003 
Car -1 -1 -10 1011.10 52.12 1090.51 92.26 -1 -1 -1 -1000 -1000 -1000 -10 0.0002 
Car -1 -1 -10 344.32 139.62 422.32 210.93 -1 -1 -1 -1000 -1000 -1000 -10 0.0002 
Car -1 -1 -10 1013.40 119.37 1096.28 159.68 -1 -1 -1 -1000 -1000 -1000 -10 0.0001 
Car -1 -1 -10 982.67 50.71 1063.02 90.73 -1 -1 -1 -1000 -1000 -1000 -10 0.0001 
Car -1 -1 -10 288.17 152.95 365.04 189.33 -1 -1 -1 -1000 -1000 -1000 -10 0.0001 
Car -1 -1 -10 769.03 131.15 855.49 160.10 -1 -1 -1 -1000 -1000 -1000 -10 0.0001 
Car -1 -1 -10 31.21 285.90 106.04 315.10 -1 -1 -1 -1000 -1000 -1000 -10 0.0001 
Car -1 -1 -10 906.16 176.72 954.45 200.34 -1 -1 -1 -1000 -1000 -1000 -10 0.0001 
Car -1 -1 -10 83.80 201.52 144.76 243.46 -1 -1 -1 -1000 -1000 -1000 -10 0.0001 
Car -1 -1 -10 606.88 148.92 663.66 169.60 -1 -1 -1 -1000 -1000 -1000 -10 0.0001 
Car -1 -1 -10 48.95 187.29 126.89 260.07 -1 -1 -1 -1000 -1000 -1000 -10 0.0001 
Car -1 -1 -10 372.95 135.43 457.52 175.55 -1 -1 -1 -1000 -1000 -1000 -10 0.0000 
Car -1 -1 -10 466.20 160.27 505.40 206.30 -1 -1 -1 -1000 -1000 -1000 -10 0.0000 
Car -1 -1 -10 363.41 126.04 450.71 160.33 -1 -1 -1 -1000 -1000 -1000 -10 0.0000 
Car -1 -1 -10 739.40 187.91 806.37 230.83 -1 -1 -1 -1000 -1000 -1000 -10 0.0000 
