Car -1 -1 -10 508.48 180.57 555.06 207.86 -1 -1 -1 -1000 -1000 -1000 -10 1.0000 
Car -1 -1 -10 185.76 178.88 310.47 250.00 -1 -1 -1 -1000 -1000 -1000 -10 1.0000 
Car -1 -1 -10 378.04 181.57 469.33 235.97 -1 -1 -1 -1000 -1000 -1000 -10 1.0000 
Car -1 -1 -10 592.88 178.88 659.06 243.30 -1 -1 -1 -1000 -1000 -1000 -10 0.9999 
Car -1 -1 -10 692.08 179.14 803.98 232.42 -1 -1 -1 -1000 -1000 -1000 -10 0.9993 
Car -1 -1 -10 754.19 174.88 893.88 257.47 -1 -1 -1 -1000 -1000 -1000 -10 0.9993 
Car -1 -1 -10 463.48 181.07 510.31 208.02 -1 -1 -1 -1000 -1000 -1000 -10 0.9877 
Car -1 -1 -10 341.05 181.86 418.88 221.61 -1 -1 -1 -1000 -1000 -1000 -10 0.9242 
Car -1 -1 -10 30.65 198.70 210.03 271.22 -1 -1 -1 -1000 -1000 -1000 -10 0.6775 
Car -1 -1 -10 643.79 176.74 671.46 196.54 -1 -1 -1 -1000 -1000 -1000 -10 0.3036 
Car -1 -1 -10 0.00 195.03 172.92 351.80 -1 -1 -1 -1000 -1000 -1000 -10 0.0322 
Car -1 -1 -10 154.17 186.82 235.62 244.48 -1 -1 -1 -1000 -1000 -1000 -10 0.0148 
Car -1 -1 -10 346.31 310.31 399.67 342.05 -1 -1 -1 -1000 -1000 -1000 -10 0.0092 
Car -1 -1 -10 329.80 313.67 378.86 345.26 -1 -1 -1 -1000 -1000 -1000 -10 0.0072 
Car -1 -1 -10 449.64 188.51 491.85 216.31 -1 -1 -1 -1000 -1000 -1000 -10 0.0061 
Car -1 -1 -10 347.12 322.89 400.96 352.13 -1 -1 -1 -1000 -1000 -1000 -10 0.0060 
Car -1 -1 -10 312.98 305.53 393.97 346.62 -1 -1 -1 -1000 -1000 -1000 -10 0.0058 
Car -1 -1 -10 1089.60 65.70 1159.42 93.77 -1 -1 -1 -1000 -1000 -1000 -10 0.0053 
Car -1 -1 -10 325.17 325.81 388.20 356.44 -1 -1 -1 -1000 -1000 -1000 -10 0.0047 
Car -1 -1 -10 285.72 329.34 352.96 360.06 -1 -1 -1 -1000 -1000 -1000 -10 0.0041 
Car -1 -1 -10 155.18 190.14 224.06 219.44 -1 -1 -1 -1000 -1000 -1000 -10 0.0041 
Car -1 -1 -10 268.94 323.26 364.88 350.38 -1 -1 -1 -1000 -1000 -1000 -10 0.0040 
Car -1 -1 -10 1119.70 31.97 1205.67 84.21 -1 -1 -1 -1000 -1000 -1000 -10 0.0018 
Car -1 -1 -10 0.00 203.94 100.42 285.42 -1 -1 -1 -1000 -1000 -1000 -10 0.0014 
Car -1 -1 -10 290.72 310.66 379.20 355.78 -1 -1 -1 -1000 -1000 -1000 -10 0.0013 
Car -1 -1 -10 762.30 45.15 815.81 79.92 -1 -1 -1 -1000 -1000 -1000 -10 0.0013 
Car -1 -1 -10 1167.40 151.86 1243.00 223.12 -1 -1 -1 -1000 -1000 -1000 -10 0.0006 
Car -1 -1 -10 387.42 181.65 464.83 208.94 -1 -1 -1 -1000 -1000 -1000 -10 0.0003 
Car -1 -1 -10 264.93 178.27 315.91 224.28 -1 -1 -1 -1000 -1000 -1000 -10 0.0003 
Car -1 -1 -10 242.13 318.35 347.64 363.04 -1 -1 -1 -1000 -1000 -1000 -10 0.0002 
Car -1 -1 -10 179.90 56.02 254.81 97.40 -1 -1 -1 -1000 -1000 -1000 -10 0.0002 
Car -1 -1 -10 1127.30 31.56 1175.72 64.48 -1 -1 -1 -1000 -1000 -1000 -10 0.0002 
Car -1 -1 -10 1158.70 243.82 1243.05 354.30 -1 -1 -1 -1000 -1000 -1000 -10 0.0002 
Car -1 -1 -10 192.50 46.59 256.63 75.80 -1 -1 -1 -1000 -1000 -1000 -10 0.0002 
Car -1 -1 -10 251.03 53.34 322.11 80.55 -1 -1 -1 -1000 -1000 -1000 -10 0.0002 
Car -1 -1 -10 1120.10 40.45 1192.23 69.72 -1 -1 -1 -1000 -1000 -1000 -10 0.0001 
Car -1 -1 -10 1140.30 153.41 1242.96 376.00 -1 -1 -1 -1000 -1000 -1000 -10 0.0001 
Car -1 -1 -10 612.14 180.51 658.30 219.78 -1 -1 -1 -1000 -1000 -1000 -10 0.0000 
Car -1 -1 -10 1.41 193.01 56.84 227.02 -1 -1 -1 -1000 -1000 -1000 -10 0.0000 
Car -1 -1 -10 432.81 179.09 466.67 223.66 -1 -1 -1 -1000 -1000 -1000 -10 0.0000 
Car -1 -1 -10 633.70 176.71 666.47 207.74 -1 -1 -1 -1000 -1000 -1000 -10 0.0000 
Car -1 -1 -10 1078.30 193.00 1242.97 329.07 -1 -1 -1 -1000 -1000 -1000 -10 0.0000 
Car -1 -1 -10 13.42 179.71 75.03 213.46 -1 -1 -1 -1000 -1000 -1000 -10 0.0000 
Car -1 -1 -10 1110.60 92.01 1242.97 310.29 -1 -1 -1 -1000 -1000 -1000 -10 0.0000 
