Car -1 -1 -10 507.18 177.27 549.91 214.54 -1 -1 -1 -1000 -1000 -1000 -10 0.9998 
Car -1 -1 -10 353.84 174.33 480.51 273.34 -1 -1 -1 -1000 -1000 -1000 -10 0.9993 
Car -1 -1 -10 12.19 203.64 390.81 376.00 -1 -1 -1 -1000 -1000 -1000 -10 0.9964 
Car -1 -1 -10 519.01 166.48 561.30 206.96 -1 -1 -1 -1000 -1000 -1000 -10 0.0667 
Car -1 -1 -10 873.58 142.40 950.90 167.61 -1 -1 -1 -1000 -1000 -1000 -10 0.0196 
Car -1 -1 -10 990.94 100.57 1243.00 291.41 -1 -1 -1 -1000 -1000 -1000 -10 0.0164 
Car -1 -1 -10 1163.00 242.25 1243.01 274.50 -1 -1 -1 -1000 -1000 -1000 -10 0.0157 
Car -1 -1 -10 1127.30 241.41 1242.97 293.79 -1 -1 -1 -1000 -1000 -1000 -10 0.0066 
Car -1 -1 -10 758.50 157.00 1227.44 303.81 -1 -1 -1 -1000 -1000 -1000 -10 0.0054 
Car -1 -1 -10 624.29 145.76 666.52 178.33 -1 -1 -1 -1000 -1000 -1000 -10 0.0035 
Car -1 -1 -10 1109.70 237.19 1187.05 296.14 -1 -1 -1 -1000 -1000 -1000 -10 0.0026 
Car -1 -1 -10 267.15 129.08 302.08 158.13 -1 -1 -1 -1000 -1000 -1000 -10 0.0011 
Car -1 -1 -10 219.58 99.15 271.69 125.14 -1 -1 -1 -1000 -1000 -1000 -10 0.0011 
Car -1 -1 -10 1130.80 307.89 1195.40 356.91 -1 -1 -1 -1000 -1000 -1000 -10 0.0010 
Car -1 -1 -10 552.00 167.92 595.82 191.32 -1 -1 -1 -1000 -1000 -1000 -10 0.0009 
Car -1 -1 -10 10.34 193.76 85.36 227.56 -1 -1 -1 -1000 -1000 -1000 -10 0.0008 
Car -1 -1 -10 1074.80 103.66 1242.96 235.35 -1 -1 -1 -1000 -1000 -1000 -10 0.0006 
Car -1 -1 -10 0.00 285.27 220.96 375.87 -1 -1 -1 -1000 -1000 -1000 -10 0.0005 
Car -1 -1 -10 639.10 145.64 670.58 190.03 -1 -1 -1 -1000 -1000 -1000 -10 0.0005 
Car -1 -1 -10 1137.70 102.76 1243.01 209.00 -1 -1 -1 -1000 -1000 -1000 -10 0.0005 
Car -1 -1 -10 1186.30 102.04 1243.00 138.48 -1 -1 -1 -1000 -1000 -1000 -10 0.0004 
Car -1 -1 -10 1152.20 107.13 1243.02 163.38 -1 -1 -1 -1000 -1000 -1000 -10 0.0003 
Car -1 -1 -10 0.00 186.12 56.78 221.78 -1 -1 -1 -1000 -1000 -1000 -10 0.0003 
Car -1 -1 -10 1184.40 119.98 1243.02 161.07 -1 -1 -1 -1000 -1000 -1000 -10 0.0002 
Car -1 -1 -10 166.91 203.96 392.77 343.61 -1 -1 -1 -1000 -1000 -1000 -10 0.0002 
Car -1 -1 -10 545.22 169.33 565.00 198.65 -1 -1 -1 -1000 -1000 -1000 -10 0.0001 
Car -1 -1 -10 0.00 173.82 56.72 205.56 -1 -1 -1 -1000 -1000 -1000 -10 0.0001 
Car -1 -1 -10 23.10 199.81 105.05 223.90 -1 -1 -1 -1000 -1000 -1000 -10 0.0001 
Car -1 -1 -10 242.54 206.59 397.64 280.03 -1 -1 -1 -1000 -1000 -1000 -10 0.0001 
Car -1 -1 -10 639.12 171.80 679.25 204.74 -1 -1 -1 -1000 -1000 -1000 -10 0.0001 
Car -1 -1 -10 24.52 98.38 100.56 119.29 -1 -1 -1 -1000 -1000 -1000 -10 0.0001 
Car -1 -1 -10 100.29 250.96 190.83 303.90 -1 -1 -1 -1000 -1000 -1000 -10 0.0000 
Car -1 -1 -10 9.80 204.50 104.52 236.87 -1 -1 -1 -1000 -1000 -1000 -10 0.0000 
Car -1 -1 -10 335.38 199.31 433.75 268.43 -1 -1 -1 -1000 -1000 -1000 -10 0.0000 
Car -1 -1 -10 303.44 209.51 375.45 255.04 -1 -1 -1 -1000 -1000 -1000 -10 0.0000 
Car -1 -1 -10 1068.60 106.27 1196.60 170.27 -1 -1 -1 -1000 -1000 -1000 -10 0.0000 
Car -1 -1 -10 1018.90 64.48 1097.94 127.06 -1 -1 -1 -1000 -1000 -1000 -10 0.0000 
Car -1 -1 -10 254.71 207.76 376.23 239.41 -1 -1 -1 -1000 -1000 -1000 -10 0.0000 
Car -1 -1 -10 1092.80 134.93 1198.45 195.53 -1 -1 -1 -1000 -1000 -1000 -10 0.0000 
