Car -1 -1 -10 735.46 182.03 850.53 262.53 -1 -1 -1 -1000 -1000 -1000 -10 1.0000 
Car -1 -1 -10 601.56 175.25 662.52 234.44 -1 -1 -1 -1000 -1000 -1000 -10 0.9999 
Car -1 -1 -10 1142.20 160.80 1243.02 210.99 -1 -1 -1 -1000 -1000 -1000 -10 0.9940 
Car -1 -1 -10 161.45 200.59 214.49 246.37 -1 -1 -1 -1000 -1000 -1000 -10 0.0134 
Car -1 -1 -10 947.90 161.34 1031.48 192.53 -1 -1 -1 -1000 -1000 -1000 -10 0.0110 
Car -1 -1 -10 1123.60 143.85 1204.19 198.24 -1 -1 -1 -1000 -1000 -1000 -10 0.0062 
Car -1 -1 -10 1157.40 163.46 1235.14 195.31 -1 -1 -1 -1000 -1000 -1000 -10 0.0039 
Car -1 -1 -10 1023.30 167.20 1074.59 197.06 -1 -1 -1 -1000 -1000 -1000 -10 0.0031 
Car -1 -1 -10 980.88 147.85 1061.56 195.86 -1 -1 -1 -1000 -1000 -1000 -10 0.0020 
Car -1 -1 -10 19.62 114.83 88.06 148.70 -1 -1 -1 -1000 -1000 -1000 -10 0.0016 
Car -1 -1 -10 981.94 57.28 1078.84 138.36 -1 -1 -1 -1000 -1000 -1000 -10 0.0016 
Car -1 -1 -10 308.46 41.93 372.04 84.94 -1 -1 -1 -1000 -1000 -1000 -10 0.0012 
Car -1 -1 -10 101.79 168.28 180.84 213.90 -1 -1 -1 -1000 -1000 -1000 -10 0.0008 
Car -1 -1 -10 316.92 66.94 373.21 97.33 -1 -1 -1 -1000 -1000 -1000 -10 0.0008 
Car -1 -1 -10 1027.00 187.36 1083.87 230.70 -1 -1 -1 -1000 -1000 -1000 -10 0.0006 
Car -1 -1 -10 1030.60 203.54 1085.83 246.79 -1 -1 -1 -1000 -1000 -1000 -10 0.0006 
Car -1 -1 -10 237.59 36.38 292.71 68.00 -1 -1 -1 -1000 -1000 -1000 -10 0.0003 
Car -1 -1 -10 1029.70 202.88 1117.69 260.48 -1 -1 -1 -1000 -1000 -1000 -10 0.0002 
Car -1 -1 -10 1025.60 188.64 1155.47 242.74 -1 -1 -1 -1000 -1000 -1000 -10 0.0002 
Car -1 -1 -10 200.48 42.77 259.06 72.59 -1 -1 -1 -1000 -1000 -1000 -10 0.0001 
Car -1 -1 -10 1050.30 297.78 1131.05 324.17 -1 -1 -1 -1000 -1000 -1000 -10 0.0001 
Car -1 -1 -10 1097.70 301.79 1174.33 334.79 -1 -1 -1 -1000 -1000 -1000 -10 0.0001 
Car -1 -1 -10 1027.20 174.39 1111.75 235.53 -1 -1 -1 -1000 -1000 -1000 -10 0.0001 
Car -1 -1 -10 202.39 36.90 277.58 63.26 -1 -1 -1 -1000 -1000 -1000 -10 0.0001 
Car -1 -1 -10 1019.40 168.02 1086.60 218.46 -1 -1 -1 -1000 -1000 -1000 -10 0.0000 
Car -1 -1 -10 228.11 27.03 283.73 59.68 -1 -1 -1 -1000 -1000 -1000 -10 0.0000 
Car -1 -1 -10 1008.10 184.23 1069.25 218.87 -1 -1 -1 -1000 -1000 -1000 -10 0.0000 
Car -1 -1 -10 733.25 184.08 790.04 226.17 -1 -1 -1 -1000 -1000 -1000 -10 0.0000 
Car -1 -1 -10 955.59 254.90 1032.56 299.65 -1 -1 -1 -1000 -1000 -1000 -10 0.0000 
Car -1 -1 -10 985.95 184.38 1078.28 234.64 -1 -1 -1 -1000 -1000 -1000 -10 0.0000 
Car -1 -1 -10 1088.50 286.68 1172.11 326.43 -1 -1 -1 -1000 -1000 -1000 -10 0.0000 
Car -1 -1 -10 981.39 143.90 1026.00 190.66 -1 -1 -1 -1000 -1000 -1000 -10 0.0000 
Car -1 -1 -10 1080.70 267.67 1146.85 322.44 -1 -1 -1 -1000 -1000 -1000 -10 0.0000 
Car -1 -1 -10 978.69 168.24 1042.67 193.88 -1 -1 -1 -1000 -1000 -1000 -10 0.0000 
Car -1 -1 -10 971.45 186.77 1043.35 202.05 -1 -1 -1 -1000 -1000 -1000 -10 0.0000 
Car -1 -1 -10 1108.90 188.70 1162.83 202.27 -1 -1 -1 -1000 -1000 -1000 -10 0.0000 
Car -1 -1 -10 1025.60 292.26 1126.18 316.45 -1 -1 -1 -1000 -1000 -1000 -10 0.0000 
