Car -1 -1 -10 434.18 184.02 492.65 240.80 -1 -1 -1 -1000 -1000 -1000 -10 0.9993 
Car -1 -1 -10 1107.10 132.37 1156.55 171.13 -1 -1 -1 -1000 -1000 -1000 -10 0.0335 
Car -1 -1 -10 1091.60 140.55 1136.50 174.36 -1 -1 -1 -1000 -1000 -1000 -10 0.0132 
Car -1 -1 -10 256.87 94.68 310.79 122.66 -1 -1 -1 -1000 -1000 -1000 -10 0.0031 
Car -1 -1 -10 300.13 41.39 347.01 64.61 -1 -1 -1 -1000 -1000 -1000 -10 0.0028 
Car -1 -1 -10 0.00 127.38 56.03 187.54 -1 -1 -1 -1000 -1000 -1000 -10 0.0028 
Car -1 -1 -10 354.10 30.21 417.86 61.00 -1 -1 -1 -1000 -1000 -1000 -10 0.0022 
Car -1 -1 -10 557.82 52.02 613.99 80.77 -1 -1 -1 -1000 -1000 -1000 -10 0.0015 
Car -1 -1 -10 697.68 204.56 751.89 239.10 -1 -1 -1 -1000 -1000 -1000 -10 0.0012 
Car -1 -1 -10 569.54 62.12 627.47 97.13 -1 -1 -1 -1000 -1000 -1000 -10 0.0011 
Car -1 -1 -10 368.87 37.31 432.21 75.52 -1 -1 -1 -1000 -1000 -1000 -10 0.0010 
Car -1 -1 -10 1032.10 174.23 1101.96 216.14 -1 -1 -1 -1000 -1000 -1000 -10 0.0010 
Car -1 -1 -10 32.59 86.16 86.47 115.86 -1 -1 -1 -1000 -1000 -1000 -10 0.0006 
Car -1 -1 -10 38.77 98.80 105.20 125.06 -1 -1 -1 -1000 -1000 -1000 -10 0.0005 
Car -1 -1 -10 283.67 42.23 334.78 62.50 -1 -1 -1 -1000 -1000 -1000 -10 0.0004 
Car -1 -1 -10 44.40 106.61 116.66 132.67 -1 -1 -1 -1000 -1000 -1000 -10 0.0004 
Car -1 -1 -10 170.55 23.11 246.66 59.30 -1 -1 -1 -1000 -1000 -1000 -10 0.0004 
Car -1 -1 -10 894.75 254.13 941.10 273.77 -1 -1 -1 -1000 -1000 -1000 -10 0.0003 
Car -1 -1 -10 502.52 162.53 555.19 192.16 -1 -1 -1 -1000 -1000 -1000 -10 0.0002 
Car -1 -1 -10 159.78 30.14 221.31 58.02 -1 -1 -1 -1000 -1000 -1000 -10 0.0002 
Car -1 -1 -10 87.36 297.73 141.83 341.25 -1 -1 -1 -1000 -1000 -1000 -10 0.0002 
Car -1 -1 -10 880.68 251.31 930.87 271.94 -1 -1 -1 -1000 -1000 -1000 -10 0.0002 
Car -1 -1 -10 875.88 248.38 915.28 267.83 -1 -1 -1 -1000 -1000 -1000 -10 0.0002 
Car -1 -1 -10 69.46 111.73 169.62 131.84 -1 -1 -1 -1000 -1000 -1000 -10 0.0002 
Car -1 -1 -10 758.04 236.65 792.94 264.13 -1 -1 -1 -1000 -1000 -1000 -10 0.0002 
Car -1 -1 -10 127.87 223.09 207.87 244.52 -1 -1 -1 -1000 -1000 -1000 -10 0.0001 
Car -1 -1 -10 766.28 255.15 824.51 269.75 -1 -1 -1 -1000 -1000 -1000 -10 0.0001 
Car -1 -1 -10 167.91 41.98 246.33 65.23 -1 -1 -1 -1000 -1000 -1000 -10 0.0001 
Car -1 -1 -10 766.40 243.18 824.39 267.39 -1 -1 -1 -1000 -1000 -1000 -10 0.0001 
Car -1 -1 -10 869.73 246.23 900.90 267.16 -1 -1 -1 -1000 -1000 -1000 -10 0.0001 
Car -1 -1 -10 38.92 252.60 107.55 279.33 -1 -1 -1 -1000 -1000 -1000 -10 0.0001 
Car -1 -1 -10 154.04 36.32 207.80 64.88 -1 -1 -1 -1000 -1000 -1000 -10 0.0001 
Car -1 -1 -10 327.19 36.01 404.61 64.78 -1 -1 -1 -1000 -1000 -1000 -10 0.0001 
Car -1 -1 -10 22.39 309.87 111.34 352.68 -1 -1 -1 -1000 -1000 -1000 -10 0.0001 
Car -1 -1 -10 469.97 195.74 517.95 231.92 -1 -1 -1 -1000 -1000 -1000 -10 0.0000 
Car -1 -1 -10 519.55 200.99 555.80 219.94 -1 -1 -1 -1000 -1000 -1000 -10 0.0000 
Car -1 -1 -10 769.83 168.06 843.25 204.53 -1 -1 -1 -1000 -1000 -1000 -10 0.0000 
Car -1 -1 -10 53.02 145.66 112.62 176.56 -1 -1 -1 -1000 -1000 -1000 -10 0.0000 
Car -1 -1 -10 54.22 232.19 123.01 268.15 -1 -1 -1 -1000 -1000 -1000 -10 0.0000 
Car -1 -1 -10 883.92 244.56 934.09 261.86 -1 -1 -1 -1000 -1000 -1000 -10 0.0000 
Car -1 -1 -10 138.61 40.18 217.58 76.22 -1 -1 -1 -1000 -1000 -1000 -10 0.0000 
Car -1 -1 -10 0.00 205.84 68.11 241.33 -1 -1 -1 -1000 -1000 -1000 -10 0.0000 
Car -1 -1 -10 759.10 222.76 805.05 243.83 -1 -1 -1 -1000 -1000 -1000 -10 0.0000 
Car -1 -1 -10 157.20 51.02 228.65 72.99 -1 -1 -1 -1000 -1000 -1000 -10 0.0000 
Car -1 -1 -10 45.08 221.74 148.59 264.04 -1 -1 -1 -1000 -1000 -1000 -10 0.0000 
Car -1 -1 -10 0.00 258.16 69.58 306.83 -1 -1 -1 -1000 -1000 -1000 -10 0.0000 
Car -1 -1 -10 812.52 245.06 863.27 265.59 -1 -1 -1 -1000 -1000 -1000 -10 0.0000 
Car -1 -1 -10 897.68 241.63 945.80 257.96 -1 -1 -1 -1000 -1000 -1000 -10 0.0000 
Car -1 -1 -10 785.88 230.63 837.92 247.52 -1 -1 -1 -1000 -1000 -1000 -10 0.0000 
Car -1 -1 -10 776.99 221.83 819.24 240.25 -1 -1 -1 -1000 -1000 -1000 -10 0.0000 
Car -1 -1 -10 802.55 232.80 852.85 253.61 -1 -1 -1 -1000 -1000 -1000 -10 0.0000 
Car -1 -1 -10 892.33 242.76 966.06 273.43 -1 -1 -1 -1000 -1000 -1000 -10 0.0000 
Car -1 -1 -10 907.26 241.66 963.77 261.52 -1 -1 -1 -1000 -1000 -1000 -10 0.0000 
Car -1 -1 -10 844.78 230.99 895.24 247.59 -1 -1 -1 -1000 -1000 -1000 -10 0.0000 
Car -1 -1 -10 830.57 215.67 878.71 230.32 -1 -1 -1 -1000 -1000 -1000 -10 0.0000 
Car -1 -1 -10 825.28 209.21 881.29 225.02 -1 -1 -1 -1000 -1000 -1000 -10 0.0000 
Car -1 -1 -10 840.87 225.68 897.01 242.26 -1 -1 -1 -1000 -1000 -1000 -10 0.0000 
Car -1 -1 -10 800.67 187.71 864.42 209.80 -1 -1 -1 -1000 -1000 -1000 -10 0.0000 
Car -1 -1 -10 844.16 176.53 886.87 197.94 -1 -1 -1 -1000 -1000 -1000 -10 0.0000 
