Car -1 -1 -10 919.71 163.17 1001.92 226.44 -1 -1 -1 -1000 -1000 -1000 -10 0.0510 
Car -1 -1 -10 446.86 112.50 541.75 152.30 -1 -1 -1 -1000 -1000 -1000 -10 0.0077 
Car -1 -1 -10 51.13 202.98 198.96 259.77 -1 -1 -1 -1000 -1000 -1000 -10 0.0029 
Car -1 -1 -10 742.56 166.77 790.22 206.76 -1 -1 -1 -1000 -1000 -1000 -10 0.0027 
Car -1 -1 -10 208.11 260.83 295.49 319.00 -1 -1 -1 -1000 -1000 -1000 -10 0.0024 
Car -1 -1 -10 149.52 198.11 248.42 242.65 -1 -1 -1 -1000 -1000 -1000 -10 0.0019 
Car -1 -1 -10 808.23 92.67 867.98 126.83 -1 -1 -1 -1000 -1000 -1000 -10 0.0018 
Car -1 -1 -10 774.23 76.35 845.56 138.39 -1 -1 -1 -1000 -1000 -1000 -10 0.0016 
Car -1 -1 -10 133.18 220.15 206.92 297.50 -1 -1 -1 -1000 -1000 -1000 -10 0.0012 
Car -1 -1 -10 152.04 244.51 230.83 295.46 -1 -1 -1 -1000 -1000 -1000 -10 0.0011 
Car -1 -1 -10 805.93 195.61 861.17 241.21 -1 -1 -1 -1000 -1000 -1000 -10 0.0008 
Car -1 -1 -10 334.00 227.49 400.39 288.23 -1 -1 -1 -1000 -1000 -1000 -10 0.0007 
Car -1 -1 -10 843.52 245.32 902.38 273.83 -1 -1 -1 -1000 -1000 -1000 -10 0.0006 
Car -1 -1 -10 1004.30 126.17 1115.82 155.41 -1 -1 -1 -1000 -1000 -1000 -10 0.0006 
Car -1 -1 -10 1124.50 190.25 1243.02 244.86 -1 -1 -1 -1000 -1000 -1000 -10 0.0006 
Car -1 -1 -10 260.12 199.32 333.96 238.78 -1 -1 -1 -1000 -1000 -1000 -10 0.0006 
Car -1 -1 -10 134.79 268.05 202.88 296.39 -1 -1 -1 -1000 -1000 -1000 -10 0.0005 
Car -1 -1 -10 1162.00 144.69 1224.39 182.50 -1 -1 -1 -1000 -1000 -1000 -10 0.0004 
Car -1 -1 -10 1150.60 192.77 1210.06 233.04 -1 -1 -1 -1000 -1000 -1000 -10 0.0004 
Car -1 -1 -10 106.12 300.05 218.05 358.71 -1 -1 -1 -1000 -1000 -1000 -10 0.0003 
Car -1 -1 -10 1155.80 119.07 1240.47 171.79 -1 -1 -1 -1000 -1000 -1000 -10 0.0002 
Car -1 -1 -10 974.77 280.64 1060.52 319.84 -1 -1 -1 -1000 -1000 -1000 -10 0.0002 
Car -1 -1 -10 0.00 301.89 124.15 368.45 -1 -1 -1 -1000 -1000 -1000 -10 0.0001 
Car -1 -1 -10 1080.90 289.28 1158.15 350.07 -1 -1 -1 -1000 -1000 -1000 -10 0.0001 
Car -1 -1 -10 821.52 245.06 885.39 272.08 -1 -1 -1 -1000 -1000 -1000 -10 0.0001 
Car -1 -1 -10 991.79 248.45 1063.90 283.72 -1 -1 -1 -1000 -1000 -1000 -10 0.0001 
Car -1 -1 -10 1039.30 262.10 1134.47 325.62 -1 -1 -1 -1000 -1000 -1000 -10 0.0001 
Car -1 -1 -10 1136.20 132.74 1235.15 190.69 -1 -1 -1 -1000 -1000 -1000 -10 0.0001 
Car -1 -1 -10 660.90 147.48 711.49 174.19 -1 -1 -1 -1000 -1000 -1000 -10 0.0000 
Car -1 -1 -10 281.90 214.99 378.12 264.86 -1 -1 -1 -1000 -1000 -1000 -10 0.0000 
Car -1 -1 -10 452.13 222.88 503.40 247.78 -1 -1 -1 -1000 -1000 -1000 -10 0.0000 
Car -1 -1 -10 806.45 105.26 902.91 129.13 -1 -1 -1 -1000 -1000 -1000 -10 0.0000 
Car -1 -1 -10 505.55 110.92 599.46 157.40 -1 -1 -1 -1000 -1000 -1000 -10 0.0000 
Car -1 -1 -10 1086.60 127.23 1207.73 194.84 -1 -1 -1 -1000 -1000 -1000 -10 0.0000 
Car -1 -1 -10 979.30 109.01 1110.48 154.26 -1 -1 -1 -1000 -1000 -1000 -10 0.0000 
Car -1 -1 -10 483.81 228.96 526.52 250.83 -1 -1 -1 -1000 -1000 -1000 -10 0.0000 
Car -1 -1 -10 590.66 142.06 637.60 178.98 -1 -1 -1 -1000 -1000 -1000 -10 0.0000 
Car -1 -1 -10 311.42 7.02 391.88 73.79 -1 -1 -1 -1000 -1000 -1000 -10 0.0000 
Car -1 -1 -10 778.82 96.09 875.77 159.87 -1 -1 -1 -1000 -1000 -1000 -10 0.0000 
Car -1 -1 -10 965.07 117.64 1057.87 173.04 -1 -1 -1 -1000 -1000 -1000 -10 0.0000 
