Car -1 -1 -10 563.34 173.43 661.93 266.68 -1 -1 -1 -1000 -1000 -1000 -10 1.0000 
Car -1 -1 -10 840.16 176.16 1103.51 323.83 -1 -1 -1 -1000 -1000 -1000 -10 0.9996 
Car -1 -1 -10 746.22 159.55 982.80 276.85 -1 -1 -1 -1000 -1000 -1000 -10 0.9992 
Car -1 -1 -10 78.77 170.74 247.94 251.19 -1 -1 -1 -1000 -1000 -1000 -10 0.9986 
Car -1 -1 -10 0.00 179.91 144.15 286.37 -1 -1 -1 -1000 -1000 -1000 -10 0.9585 
Car -1 -1 -10 531.35 172.50 556.87 192.84 -1 -1 -1 -1000 -1000 -1000 -10 0.0693 
Car -1 -1 -10 461.40 178.16 502.40 196.75 -1 -1 -1 -1000 -1000 -1000 -10 0.0296 
Car -1 -1 -10 245.48 186.84 310.94 231.37 -1 -1 -1 -1000 -1000 -1000 -10 0.0084 
Car -1 -1 -10 998.41 176.80 1243.00 317.63 -1 -1 -1 -1000 -1000 -1000 -10 0.0076 
Car -1 -1 -10 787.06 164.27 959.40 224.33 -1 -1 -1 -1000 -1000 -1000 -10 0.0053 
Car -1 -1 -10 712.74 76.37 748.52 99.36 -1 -1 -1 -1000 -1000 -1000 -10 0.0047 
Car -1 -1 -10 912.45 181.57 991.50 211.51 -1 -1 -1 -1000 -1000 -1000 -10 0.0030 
Car -1 -1 -10 190.35 174.78 237.52 206.72 -1 -1 -1 -1000 -1000 -1000 -10 0.0019 
Car -1 -1 -10 328.20 28.93 386.67 61.63 -1 -1 -1 -1000 -1000 -1000 -10 0.0015 
Car -1 -1 -10 0.00 185.41 83.81 240.99 -1 -1 -1 -1000 -1000 -1000 -10 0.0015 
Car -1 -1 -10 846.20 164.88 948.56 208.61 -1 -1 -1 -1000 -1000 -1000 -10 0.0012 
Car -1 -1 -10 222.12 193.33 292.95 233.04 -1 -1 -1 -1000 -1000 -1000 -10 0.0011 
Car -1 -1 -10 0.00 141.81 48.72 186.52 -1 -1 -1 -1000 -1000 -1000 -10 0.0010 
Car -1 -1 -10 898.80 178.47 1037.68 220.74 -1 -1 -1 -1000 -1000 -1000 -10 0.0009 
Car -1 -1 -10 742.59 165.91 880.39 263.78 -1 -1 -1 -1000 -1000 -1000 -10 0.0007 
Car -1 -1 -10 1086.10 180.88 1214.16 226.56 -1 -1 -1 -1000 -1000 -1000 -10 0.0007 
Car -1 -1 -10 743.76 171.32 832.32 227.49 -1 -1 -1 -1000 -1000 -1000 -10 0.0007 
Car -1 -1 -10 1162.70 173.76 1242.98 225.94 -1 -1 -1 -1000 -1000 -1000 -10 0.0006 
Car -1 -1 -10 944.44 179.73 1072.74 217.76 -1 -1 -1 -1000 -1000 -1000 -10 0.0006 
Car -1 -1 -10 1104.90 177.71 1175.32 202.35 -1 -1 -1 -1000 -1000 -1000 -10 0.0005 
Car -1 -1 -10 882.59 177.38 1190.16 275.03 -1 -1 -1 -1000 -1000 -1000 -10 0.0003 
Car -1 -1 -10 1077.20 182.39 1170.88 212.85 -1 -1 -1 -1000 -1000 -1000 -10 0.0002 
Car -1 -1 -10 910.00 120.56 962.96 151.46 -1 -1 -1 -1000 -1000 -1000 -10 0.0002 
Car -1 -1 -10 248.22 175.51 308.41 211.49 -1 -1 -1 -1000 -1000 -1000 -10 0.0002 
Car -1 -1 -10 180.99 171.08 243.28 239.34 -1 -1 -1 -1000 -1000 -1000 -10 0.0002 
Car -1 -1 -10 756.39 171.67 818.62 202.73 -1 -1 -1 -1000 -1000 -1000 -10 0.0001 
Car -1 -1 -10 114.81 170.73 167.56 196.80 -1 -1 -1 -1000 -1000 -1000 -10 0.0001 
Car -1 -1 -10 689.53 167.13 732.64 191.16 -1 -1 -1 -1000 -1000 -1000 -10 0.0001 
Car -1 -1 -10 697.24 177.98 732.56 195.29 -1 -1 -1 -1000 -1000 -1000 -10 0.0000 
Car -1 -1 -10 1030.90 168.25 1148.15 228.38 -1 -1 -1 -1000 -1000 -1000 -10 0.0000 
Car -1 -1 -10 864.40 178.55 968.92 244.30 -1 -1 -1 -1000 -1000 -1000 -10 0.0000 
Car -1 -1 -10 563.44 176.42 626.85 221.68 -1 -1 -1 -1000 -1000 -1000 -10 0.0000 
Car -1 -1 -10 607.14 175.13 656.98 215.06 -1 -1 -1 -1000 -1000 -1000 -10 0.0000 
Car -1 -1 -10 745.85 166.56 801.22 197.95 -1 -1 -1 -1000 -1000 -1000 -10 0.0000 
Car -1 -1 -10 713.40 134.67 800.75 189.04 -1 -1 -1 -1000 -1000 -1000 -10 0.0000 
Car -1 -1 -10 734.09 144.66 787.02 194.44 -1 -1 -1 -1000 -1000 -1000 -10 0.0000 
Car -1 -1 -10 108.27 146.47 146.09 202.45 -1 -1 -1 -1000 -1000 -1000 -10 0.0000 
Car -1 -1 -10 89.28 158.69 135.65 208.49 -1 -1 -1 -1000 -1000 -1000 -10 0.0000 
