Car -1 -1 -10 1116.70 225.25 1225.03 265.38 -1 -1 -1 -1000 -1000 -1000 -10 0.0584 
Car -1 -1 -10 1135.90 278.41 1225.00 326.48 -1 -1 -1 -1000 -1000 -1000 -10 0.0084 
Car -1 -1 -10 1156.20 223.41 1225.04 256.15 -1 -1 -1 -1000 -1000 -1000 -10 0.0058 
Car -1 -1 -10 1040.40 218.20 1108.79 258.88 -1 -1 -1 -1000 -1000 -1000 -10 0.0056 
Car -1 -1 -10 851.93 212.46 960.53 255.64 -1 -1 -1 -1000 -1000 -1000 -10 0.0029 
Car -1 -1 -10 15.69 164.58 131.32 216.82 -1 -1 -1 -1000 -1000 -1000 -10 0.0005 
Car -1 -1 -10 1012.30 118.76 1104.81 164.24 -1 -1 -1 -1000 -1000 -1000 -10 0.0004 
Car -1 -1 -10 997.21 122.15 1069.07 150.27 -1 -1 -1 -1000 -1000 -1000 -10 0.0004 
Car -1 -1 -10 850.90 121.58 919.94 150.85 -1 -1 -1 -1000 -1000 -1000 -10 0.0001 
Car -1 -1 -10 935.38 101.62 1041.41 130.73 -1 -1 -1 -1000 -1000 -1000 -10 0.0001 
Car -1 -1 -10 1045.50 71.39 1135.10 127.86 -1 -1 -1 -1000 -1000 -1000 -10 0.0001 
Car -1 -1 -10 486.66 27.89 629.54 75.82 -1 -1 -1 -1000 -1000 -1000 -10 0.0001 
Car -1 -1 -10 913.99 101.34 968.79 131.00 -1 -1 -1 -1000 -1000 -1000 -10 0.0001 
Car -1 -1 -10 855.56 118.72 908.63 140.15 -1 -1 -1 -1000 -1000 -1000 -10 0.0000 
Car -1 -1 -10 870.36 124.64 937.50 158.83 -1 -1 -1 -1000 -1000 -1000 -10 0.0000 
Car -1 -1 -10 509.63 43.56 650.81 66.64 -1 -1 -1 -1000 -1000 -1000 -10 0.0000 
Car -1 -1 -10 789.71 158.14 862.37 181.11 -1 -1 -1 -1000 -1000 -1000 -10 0.0000 
Car -1 -1 -10 837.28 116.09 888.25 145.43 -1 -1 -1 -1000 -1000 -1000 -10 0.0000 
Car -1 -1 -10 965.78 117.64 1061.95 142.83 -1 -1 -1 -1000 -1000 -1000 -10 0.0000 
Car -1 -1 -10 262.74 200.67 352.25 252.16 -1 -1 -1 -1000 -1000 -1000 -10 0.0000 
Car -1 -1 -10 930.69 123.29 1001.00 155.93 -1 -1 -1 -1000 -1000 -1000 -10 0.0000 
Car -1 -1 -10 578.40 50.30 761.80 87.35 -1 -1 -1 -1000 -1000 -1000 -10 0.0000 
Car -1 -1 -10 914.23 111.76 1004.18 135.38 -1 -1 -1 -1000 -1000 -1000 -10 0.0000 
Car -1 -1 -10 950.34 103.89 1023.00 160.99 -1 -1 -1 -1000 -1000 -1000 -10 0.0000 
Car -1 -1 -10 940.13 115.52 1017.94 143.50 -1 -1 -1 -1000 -1000 -1000 -10 0.0000 
Car -1 -1 -10 275.34 209.06 390.76 255.75 -1 -1 -1 -1000 -1000 -1000 -10 0.0000 
Car -1 -1 -10 891.70 111.84 972.75 145.88 -1 -1 -1 -1000 -1000 -1000 -10 0.0000 
Car -1 -1 -10 880.06 102.97 950.42 139.59 -1 -1 -1 -1000 -1000 -1000 -10 0.0000 
