Car -1 -1 -10 526.02 179.80 565.41 207.68 -1 -1 -1 -1000 -1000 -1000 -10 0.9997 
Car -1 -1 -10 423.48 184.00 505.15 212.66 -1 -1 -1 -1000 -1000 -1000 -10 0.9996 
Car -1 -1 -10 908.21 322.75 963.95 348.31 -1 -1 -1 -1000 -1000 -1000 -10 0.0073 
Car -1 -1 -10 5.68 174.86 66.21 204.10 -1 -1 -1 -1000 -1000 -1000 -10 0.0027 
Car -1 -1 -10 925.27 319.10 978.60 345.16 -1 -1 -1 -1000 -1000 -1000 -10 0.0020 
Car -1 -1 -10 1208.20 137.67 1243.05 167.01 -1 -1 -1 -1000 -1000 -1000 -10 0.0010 
Car -1 -1 -10 841.91 297.65 926.09 330.79 -1 -1 -1 -1000 -1000 -1000 -10 0.0009 
Car -1 -1 -10 897.67 314.16 977.72 354.55 -1 -1 -1 -1000 -1000 -1000 -10 0.0009 
Car -1 -1 -10 1104.90 123.55 1231.65 178.10 -1 -1 -1 -1000 -1000 -1000 -10 0.0008 
Car -1 -1 -10 985.17 77.47 1073.99 107.14 -1 -1 -1 -1000 -1000 -1000 -10 0.0004 
Car -1 -1 -10 1187.90 142.07 1243.03 173.89 -1 -1 -1 -1000 -1000 -1000 -10 0.0004 
Car -1 -1 -10 939.41 319.43 999.31 348.82 -1 -1 -1 -1000 -1000 -1000 -10 0.0004 
Car -1 -1 -10 929.32 325.48 981.78 357.37 -1 -1 -1 -1000 -1000 -1000 -10 0.0002 
Car -1 -1 -10 1139.50 132.18 1239.17 171.09 -1 -1 -1 -1000 -1000 -1000 -10 0.0001 
Car -1 -1 -10 933.18 92.50 1015.46 124.97 -1 -1 -1 -1000 -1000 -1000 -10 0.0001 
Car -1 -1 -10 763.77 305.68 842.94 341.44 -1 -1 -1 -1000 -1000 -1000 -10 0.0001 
Car -1 -1 -10 947.98 79.72 1091.85 121.16 -1 -1 -1 -1000 -1000 -1000 -10 0.0000 
Car -1 -1 -10 807.27 195.51 916.82 232.81 -1 -1 -1 -1000 -1000 -1000 -10 0.0000 
Car -1 -1 -10 833.08 194.65 903.23 224.81 -1 -1 -1 -1000 -1000 -1000 -10 0.0000 
Car -1 -1 -10 568.53 191.47 666.93 246.68 -1 -1 -1 -1000 -1000 -1000 -10 0.0000 
