Car -1 -1 -10 506.88 183.03 554.32 217.26 -1 -1 -1 -1000 -1000 -1000 -10 1.0000 
Car -1 -1 -10 4.96 188.87 191.95 265.49 -1 -1 -1 -1000 -1000 -1000 -10 0.9998 
Car -1 -1 -10 570.05 184.92 622.79 231.92 -1 -1 -1 -1000 -1000 -1000 -10 0.9992 
Car -1 -1 -10 368.52 184.72 410.97 209.21 -1 -1 -1 -1000 -1000 -1000 -10 0.9985 
Car -1 -1 -10 449.91 179.39 486.40 197.66 -1 -1 -1 -1000 -1000 -1000 -10 0.2510 
Car -1 -1 -10 740.04 185.91 778.89 202.88 -1 -1 -1 -1000 -1000 -1000 -10 0.0071 
Car -1 -1 -10 1011.80 328.19 1068.76 354.75 -1 -1 -1 -1000 -1000 -1000 -10 0.0048 
Car -1 -1 -10 41.15 194.15 112.30 225.62 -1 -1 -1 -1000 -1000 -1000 -10 0.0010 
Car -1 -1 -10 557.96 181.11 595.75 213.19 -1 -1 -1 -1000 -1000 -1000 -10 0.0009 
Car -1 -1 -10 550.50 179.21 598.20 200.32 -1 -1 -1 -1000 -1000 -1000 -10 0.0008 
Car -1 -1 -10 989.07 327.22 1082.76 362.88 -1 -1 -1 -1000 -1000 -1000 -10 0.0005 
Car -1 -1 -10 29.14 192.95 133.40 242.36 -1 -1 -1 -1000 -1000 -1000 -10 0.0001 
Car -1 -1 -10 694.75 182.49 730.20 196.95 -1 -1 -1 -1000 -1000 -1000 -10 0.0001 
Car -1 -1 -10 116.44 187.19 181.52 221.29 -1 -1 -1 -1000 -1000 -1000 -10 0.0001 
Car -1 -1 -10 78.64 188.76 189.44 238.21 -1 -1 -1 -1000 -1000 -1000 -10 0.0000 
