Car -1 -1 -10 433.79 181.56 475.20 207.38 -1 -1 -1 -1000 -1000 -1000 -10 0.9998 
Car -1 -1 -10 279.03 191.31 378.16 237.04 -1 -1 -1 -1000 -1000 -1000 -10 0.9995 
Car -1 -1 -10 587.77 175.56 615.03 201.47 -1 -1 -1 -1000 -1000 -1000 -10 0.9943 
Car -1 -1 -10 34.07 64.51 99.88 94.29 -1 -1 -1 -1000 -1000 -1000 -10 0.0025 
Car -1 -1 -10 0.26 110.33 61.72 146.07 -1 -1 -1 -1000 -1000 -1000 -10 0.0021 
Car -1 -1 -10 22.83 107.18 81.12 139.80 -1 -1 -1 -1000 -1000 -1000 -10 0.0020 
Car -1 -1 -10 16.33 64.91 77.71 100.52 -1 -1 -1 -1000 -1000 -1000 -10 0.0019 
Car -1 -1 -10 300.47 189.63 353.33 214.11 -1 -1 -1 -1000 -1000 -1000 -10 0.0014 
Car -1 -1 -10 161.79 118.06 226.65 148.66 -1 -1 -1 -1000 -1000 -1000 -10 0.0013 
Car -1 -1 -10 330.75 186.97 376.59 227.19 -1 -1 -1 -1000 -1000 -1000 -10 0.0013 
Car -1 -1 -10 303.59 124.04 353.65 145.12 -1 -1 -1 -1000 -1000 -1000 -10 0.0012 
Car -1 -1 -10 45.20 107.48 102.40 140.38 -1 -1 -1 -1000 -1000 -1000 -10 0.0010 
Car -1 -1 -10 16.83 60.56 68.85 87.70 -1 -1 -1 -1000 -1000 -1000 -10 0.0007 
Car -1 -1 -10 19.98 126.96 86.11 158.23 -1 -1 -1 -1000 -1000 -1000 -10 0.0007 
Car -1 -1 -10 13.52 308.51 62.51 335.74 -1 -1 -1 -1000 -1000 -1000 -10 0.0004 
Car -1 -1 -10 65.27 60.77 121.53 89.41 -1 -1 -1 -1000 -1000 -1000 -10 0.0004 
Car -1 -1 -10 48.51 74.05 119.47 105.72 -1 -1 -1 -1000 -1000 -1000 -10 0.0004 
Car -1 -1 -10 293.59 190.19 339.00 224.85 -1 -1 -1 -1000 -1000 -1000 -10 0.0004 
Car -1 -1 -10 35.72 133.85 91.20 164.95 -1 -1 -1 -1000 -1000 -1000 -10 0.0004 
Car -1 -1 -10 58.35 127.29 129.31 163.65 -1 -1 -1 -1000 -1000 -1000 -10 0.0002 
Car -1 -1 -10 28.26 139.81 102.89 175.38 -1 -1 -1 -1000 -1000 -1000 -10 0.0001 
Car -1 -1 -10 475.63 178.60 508.73 200.79 -1 -1 -1 -1000 -1000 -1000 -10 0.0000 
Car -1 -1 -10 353.74 178.84 391.75 198.16 -1 -1 -1 -1000 -1000 -1000 -10 0.0000 
Car -1 -1 -10 347.37 175.77 384.26 217.78 -1 -1 -1 -1000 -1000 -1000 -10 0.0000 
Car -1 -1 -10 493.28 182.77 531.96 196.47 -1 -1 -1 -1000 -1000 -1000 -10 0.0000 
Car -1 -1 -10 457.38 182.24 483.53 200.10 -1 -1 -1 -1000 -1000 -1000 -10 0.0000 
