Car -1 -1 -10 706.63 189.46 831.80 271.00 -1 -1 -1 -1000 -1000 -1000 -10 1.0000 
Car -1 -1 -10 656.63 179.74 699.16 212.60 -1 -1 -1 -1000 -1000 -1000 -10 1.0000 
Car -1 -1 -10 425.19 181.27 529.10 247.66 -1 -1 -1 -1000 -1000 -1000 -10 1.0000 
Car -1 -1 -10 272.26 176.93 465.08 306.29 -1 -1 -1 -1000 -1000 -1000 -10 0.9998 
Car -1 -1 -10 557.78 176.62 582.78 198.11 -1 -1 -1 -1000 -1000 -1000 -10 0.8150 
Car -1 -1 -10 1153.70 42.55 1235.36 75.27 -1 -1 -1 -1000 -1000 -1000 -10 0.0206 
Car -1 -1 -10 1119.10 239.88 1174.23 276.83 -1 -1 -1 -1000 -1000 -1000 -10 0.0191 
Car -1 -1 -10 1147.90 261.49 1210.14 294.20 -1 -1 -1 -1000 -1000 -1000 -10 0.0163 
Car -1 -1 -10 1166.50 221.98 1215.41 256.51 -1 -1 -1 -1000 -1000 -1000 -10 0.0121 
Car -1 -1 -10 1143.70 234.30 1189.41 270.93 -1 -1 -1 -1000 -1000 -1000 -10 0.0115 
Car -1 -1 -10 1172.90 211.11 1220.37 247.03 -1 -1 -1 -1000 -1000 -1000 -10 0.0103 
Car -1 -1 -10 899.32 204.36 951.35 240.29 -1 -1 -1 -1000 -1000 -1000 -10 0.0094 
Car -1 -1 -10 1072.00 255.32 1135.19 286.34 -1 -1 -1 -1000 -1000 -1000 -10 0.0075 
Car -1 -1 -10 1184.20 212.96 1238.95 243.04 -1 -1 -1 -1000 -1000 -1000 -10 0.0071 
Car -1 -1 -10 1166.60 252.94 1228.61 294.95 -1 -1 -1 -1000 -1000 -1000 -10 0.0064 
Car -1 -1 -10 1110.70 215.69 1158.48 252.55 -1 -1 -1 -1000 -1000 -1000 -10 0.0047 
Car -1 -1 -10 1058.00 241.94 1151.32 285.18 -1 -1 -1 -1000 -1000 -1000 -10 0.0046 
Car -1 -1 -10 1126.80 222.02 1175.77 255.82 -1 -1 -1 -1000 -1000 -1000 -10 0.0046 
Car -1 -1 -10 1145.00 188.97 1216.27 237.24 -1 -1 -1 -1000 -1000 -1000 -10 0.0043 
Car -1 -1 -10 490.73 57.03 542.50 81.20 -1 -1 -1 -1000 -1000 -1000 -10 0.0031 
Car -1 -1 -10 1116.90 213.49 1181.02 273.33 -1 -1 -1 -1000 -1000 -1000 -10 0.0019 
Car -1 -1 -10 643.85 163.95 688.12 207.83 -1 -1 -1 -1000 -1000 -1000 -10 0.0017 
Car -1 -1 -10 1092.80 221.35 1146.79 259.69 -1 -1 -1 -1000 -1000 -1000 -10 0.0016 
Car -1 -1 -10 1149.10 25.10 1229.06 66.34 -1 -1 -1 -1000 -1000 -1000 -10 0.0008 
Car -1 -1 -10 1196.40 143.51 1242.99 180.55 -1 -1 -1 -1000 -1000 -1000 -10 0.0008 
Car -1 -1 -10 1172.40 125.64 1242.96 173.40 -1 -1 -1 -1000 -1000 -1000 -10 0.0007 
Car -1 -1 -10 1197.40 97.60 1243.05 134.86 -1 -1 -1 -1000 -1000 -1000 -10 0.0007 
Car -1 -1 -10 969.51 229.54 1037.12 268.43 -1 -1 -1 -1000 -1000 -1000 -10 0.0007 
Car -1 -1 -10 709.08 192.54 809.83 236.55 -1 -1 -1 -1000 -1000 -1000 -10 0.0003 
Car -1 -1 -10 478.85 41.00 541.51 84.48 -1 -1 -1 -1000 -1000 -1000 -10 0.0002 
Car -1 -1 -10 1087.10 169.92 1201.34 217.15 -1 -1 -1 -1000 -1000 -1000 -10 0.0001 
Car -1 -1 -10 1187.10 155.58 1242.97 187.83 -1 -1 -1 -1000 -1000 -1000 -10 0.0001 
Car -1 -1 -10 91.09 29.67 164.05 91.69 -1 -1 -1 -1000 -1000 -1000 -10 0.0001 
Car -1 -1 -10 292.89 189.45 351.88 223.80 -1 -1 -1 -1000 -1000 -1000 -10 0.0001 
Car -1 -1 -10 1030.90 176.77 1107.19 222.27 -1 -1 -1 -1000 -1000 -1000 -10 0.0001 
Car -1 -1 -10 145.41 123.55 223.32 153.77 -1 -1 -1 -1000 -1000 -1000 -10 0.0001 
Car -1 -1 -10 504.28 52.47 555.48 77.18 -1 -1 -1 -1000 -1000 -1000 -10 0.0001 
Car -1 -1 -10 485.78 62.42 551.86 102.11 -1 -1 -1 -1000 -1000 -1000 -10 0.0000 
Car -1 -1 -10 295.76 183.32 383.44 219.92 -1 -1 -1 -1000 -1000 -1000 -10 0.0000 
Car -1 -1 -10 735.33 190.71 798.66 215.21 -1 -1 -1 -1000 -1000 -1000 -10 0.0000 
Car -1 -1 -10 310.01 184.40 473.23 240.91 -1 -1 -1 -1000 -1000 -1000 -10 0.0000 
Car -1 -1 -10 512.64 212.72 596.22 259.72 -1 -1 -1 -1000 -1000 -1000 -10 0.0000 
Car -1 -1 -10 313.03 182.65 421.16 212.32 -1 -1 -1 -1000 -1000 -1000 -10 0.0000 
