Car -1 -1 -10 1034.00 183.71 1157.14 232.44 -1 -1 -1 -1000 -1000 -1000 -10 1.0000 
Car -1 -1 -10 955.72 181.93 1068.94 233.16 -1 -1 -1 -1000 -1000 -1000 -10 0.9999 
Car -1 -1 -10 1095.60 183.88 1222.70 237.18 -1 -1 -1 -1000 -1000 -1000 -10 0.9997 
Car -1 -1 -10 754.32 156.06 840.11 226.78 -1 -1 -1 -1000 -1000 -1000 -10 0.0603 
Car -1 -1 -10 596.84 172.09 638.34 209.98 -1 -1 -1 -1000 -1000 -1000 -10 0.0365 
Car -1 -1 -10 1189.40 168.66 1225.01 213.75 -1 -1 -1 -1000 -1000 -1000 -10 0.0299 
Car -1 -1 -10 442.47 55.60 499.04 83.26 -1 -1 -1 -1000 -1000 -1000 -10 0.0111 
Car -1 -1 -10 1096.60 184.74 1151.06 231.39 -1 -1 -1 -1000 -1000 -1000 -10 0.0105 
Car -1 -1 -10 654.74 170.18 701.83 211.33 -1 -1 -1 -1000 -1000 -1000 -10 0.0082 
Car -1 -1 -10 822.44 178.29 944.39 232.09 -1 -1 -1 -1000 -1000 -1000 -10 0.0076 
Car -1 -1 -10 1146.40 200.89 1225.03 235.24 -1 -1 -1 -1000 -1000 -1000 -10 0.0040 
Car -1 -1 -10 211.83 164.32 248.91 190.69 -1 -1 -1 -1000 -1000 -1000 -10 0.0034 
Car -1 -1 -10 318.46 71.78 365.15 96.94 -1 -1 -1 -1000 -1000 -1000 -10 0.0024 
Car -1 -1 -10 0.00 146.72 58.87 186.79 -1 -1 -1 -1000 -1000 -1000 -10 0.0022 
Car -1 -1 -10 870.66 178.93 938.08 220.91 -1 -1 -1 -1000 -1000 -1000 -10 0.0021 
Car -1 -1 -10 571.39 177.63 603.69 202.04 -1 -1 -1 -1000 -1000 -1000 -10 0.0010 
Car -1 -1 -10 923.80 192.32 1006.13 232.85 -1 -1 -1 -1000 -1000 -1000 -10 0.0009 
Car -1 -1 -10 753.50 212.39 829.13 287.57 -1 -1 -1 -1000 -1000 -1000 -10 0.0009 
Car -1 -1 -10 773.38 289.00 807.68 320.37 -1 -1 -1 -1000 -1000 -1000 -10 0.0008 
Car -1 -1 -10 68.61 169.76 125.54 204.27 -1 -1 -1 -1000 -1000 -1000 -10 0.0006 
Car -1 -1 -10 482.22 108.35 555.79 146.22 -1 -1 -1 -1000 -1000 -1000 -10 0.0006 
Car -1 -1 -10 585.42 175.15 620.84 204.45 -1 -1 -1 -1000 -1000 -1000 -10 0.0005 
Car -1 -1 -10 43.74 164.86 89.12 205.10 -1 -1 -1 -1000 -1000 -1000 -10 0.0003 
Car -1 -1 -10 787.22 174.48 847.84 217.86 -1 -1 -1 -1000 -1000 -1000 -10 0.0001 
Car -1 -1 -10 777.29 292.75 831.16 326.24 -1 -1 -1 -1000 -1000 -1000 -10 0.0001 
Car -1 -1 -10 319.62 168.15 372.33 185.99 -1 -1 -1 -1000 -1000 -1000 -10 0.0001 
Car -1 -1 -10 879.21 180.38 985.65 229.72 -1 -1 -1 -1000 -1000 -1000 -10 0.0000 
Car -1 -1 -10 770.58 175.62 888.23 223.69 -1 -1 -1 -1000 -1000 -1000 -10 0.0000 
Car -1 -1 -10 960.40 189.58 1011.19 230.46 -1 -1 -1 -1000 -1000 -1000 -10 0.0000 
Car -1 -1 -10 1145.60 166.48 1224.98 234.94 -1 -1 -1 -1000 -1000 -1000 -10 0.0000 
Car -1 -1 -10 914.97 183.05 994.25 220.78 -1 -1 -1 -1000 -1000 -1000 -10 0.0000 
Car -1 -1 -10 0.00 39.74 56.41 72.78 -1 -1 -1 -1000 -1000 -1000 -10 0.0000 
Car -1 -1 -10 793.50 255.44 855.58 292.67 -1 -1 -1 -1000 -1000 -1000 -10 0.0000 
Car -1 -1 -10 144.31 189.42 204.40 216.13 -1 -1 -1 -1000 -1000 -1000 -10 0.0000 
Car -1 -1 -10 149.94 180.66 201.71 203.87 -1 -1 -1 -1000 -1000 -1000 -10 0.0000 
Car -1 -1 -10 1071.40 114.85 1179.57 149.72 -1 -1 -1 -1000 -1000 -1000 -10 0.0000 
Car -1 -1 -10 769.36 239.53 839.93 293.80 -1 -1 -1 -1000 -1000 -1000 -10 0.0000 
Car -1 -1 -10 351.78 163.94 398.17 182.29 -1 -1 -1 -1000 -1000 -1000 -10 0.0000 
Car -1 -1 -10 397.53 171.74 436.65 185.61 -1 -1 -1 -1000 -1000 -1000 -10 0.0000 
