Car -1 -1 -10 573.26 175.08 619.76 218.83 -1 -1 -1 -1000 -1000 -1000 -10 0.9998 
Car -1 -1 -10 0.00 177.81 186.13 306.84 -1 -1 -1 -1000 -1000 -1000 -10 0.8605 
Car -1 -1 -10 461.92 140.50 561.46 221.84 -1 -1 -1 -1000 -1000 -1000 -10 0.0726 
Car -1 -1 -10 31.13 173.00 260.24 271.60 -1 -1 -1 -1000 -1000 -1000 -10 0.0618 
Car -1 -1 -10 52.76 179.98 219.23 246.16 -1 -1 -1 -1000 -1000 -1000 -10 0.0574 
Car -1 -1 -10 0.00 153.96 475.69 307.67 -1 -1 -1 -1000 -1000 -1000 -10 0.0422 
Car -1 -1 -10 724.44 99.86 772.39 132.88 -1 -1 -1 -1000 -1000 -1000 -10 0.0091 
Car -1 -1 -10 732.64 90.34 778.39 122.20 -1 -1 -1 -1000 -1000 -1000 -10 0.0043 
Car -1 -1 -10 3.13 105.23 55.61 137.40 -1 -1 -1 -1000 -1000 -1000 -10 0.0041 
Car -1 -1 -10 712.18 97.09 760.10 128.64 -1 -1 -1 -1000 -1000 -1000 -10 0.0041 
Car -1 -1 -10 16.29 90.42 67.98 128.31 -1 -1 -1 -1000 -1000 -1000 -10 0.0039 
Car -1 -1 -10 73.46 107.81 126.13 146.12 -1 -1 -1 -1000 -1000 -1000 -10 0.0037 
Car -1 -1 -10 1193.70 122.78 1242.02 172.67 -1 -1 -1 -1000 -1000 -1000 -10 0.0037 
Car -1 -1 -10 14.53 76.40 50.10 103.47 -1 -1 -1 -1000 -1000 -1000 -10 0.0037 
Car -1 -1 -10 343.83 117.88 415.73 152.15 -1 -1 -1 -1000 -1000 -1000 -10 0.0031 
Car -1 -1 -10 1157.80 62.58 1242.01 115.25 -1 -1 -1 -1000 -1000 -1000 -10 0.0029 
Car -1 -1 -10 1001.60 75.05 1058.62 118.49 -1 -1 -1 -1000 -1000 -1000 -10 0.0019 
Car -1 -1 -10 54.27 118.25 115.77 148.44 -1 -1 -1 -1000 -1000 -1000 -10 0.0017 
Car -1 -1 -10 976.28 157.34 1042.88 196.91 -1 -1 -1 -1000 -1000 -1000 -10 0.0017 
Car -1 -1 -10 1027.30 82.94 1107.93 137.63 -1 -1 -1 -1000 -1000 -1000 -10 0.0017 
Car -1 -1 -10 84.72 96.87 145.20 137.86 -1 -1 -1 -1000 -1000 -1000 -10 0.0014 
Car -1 -1 -10 82.48 120.42 146.91 148.82 -1 -1 -1 -1000 -1000 -1000 -10 0.0013 
Car -1 -1 -10 66.94 178.81 181.08 211.01 -1 -1 -1 -1000 -1000 -1000 -10 0.0012 
Car -1 -1 -10 1014.70 88.02 1079.59 134.00 -1 -1 -1 -1000 -1000 -1000 -10 0.0010 
Car -1 -1 -10 77.23 181.35 146.38 205.63 -1 -1 -1 -1000 -1000 -1000 -10 0.0009 
Car -1 -1 -10 1046.30 30.34 1126.54 72.54 -1 -1 -1 -1000 -1000 -1000 -10 0.0008 
Car -1 -1 -10 9.42 97.34 77.46 141.16 -1 -1 -1 -1000 -1000 -1000 -10 0.0008 
Car -1 -1 -10 38.65 118.55 96.59 145.20 -1 -1 -1 -1000 -1000 -1000 -10 0.0008 
Car -1 -1 -10 79.39 106.32 164.36 145.22 -1 -1 -1 -1000 -1000 -1000 -10 0.0007 
Car -1 -1 -10 73.69 73.35 139.83 106.11 -1 -1 -1 -1000 -1000 -1000 -10 0.0006 
Car -1 -1 -10 352.14 106.04 436.76 158.68 -1 -1 -1 -1000 -1000 -1000 -10 0.0005 
Car -1 -1 -10 20.89 106.24 100.00 144.68 -1 -1 -1 -1000 -1000 -1000 -10 0.0005 
Car -1 -1 -10 791.82 79.07 850.13 109.91 -1 -1 -1 -1000 -1000 -1000 -10 0.0004 
Car -1 -1 -10 464.24 180.03 537.69 219.87 -1 -1 -1 -1000 -1000 -1000 -10 0.0003 
Car -1 -1 -10 808.23 43.52 892.91 92.70 -1 -1 -1 -1000 -1000 -1000 -10 0.0003 
Car -1 -1 -10 1157.70 176.83 1232.23 229.45 -1 -1 -1 -1000 -1000 -1000 -10 0.0001 
Car -1 -1 -10 1182.10 189.17 1242.04 231.30 -1 -1 -1 -1000 -1000 -1000 -10 0.0001 
Car -1 -1 -10 556.64 140.37 593.74 198.60 -1 -1 -1 -1000 -1000 -1000 -10 0.0000 
Car -1 -1 -10 388.71 182.87 491.54 260.60 -1 -1 -1 -1000 -1000 -1000 -10 0.0000 
Car -1 -1 -10 710.40 124.29 784.23 165.13 -1 -1 -1 -1000 -1000 -1000 -10 0.0000 
Car -1 -1 -10 515.35 167.81 560.49 217.20 -1 -1 -1 -1000 -1000 -1000 -10 0.0000 
Car -1 -1 -10 427.67 157.39 529.21 224.32 -1 -1 -1 -1000 -1000 -1000 -10 0.0000 
Car -1 -1 -10 442.67 186.50 489.75 237.72 -1 -1 -1 -1000 -1000 -1000 -10 0.0000 
Car -1 -1 -10 327.88 153.79 490.70 279.99 -1 -1 -1 -1000 -1000 -1000 -10 0.0000 
Car -1 -1 -10 667.25 124.91 792.06 183.48 -1 -1 -1 -1000 -1000 -1000 -10 0.0000 
Car -1 -1 -10 527.91 176.40 615.91 217.16 -1 -1 -1 -1000 -1000 -1000 -10 0.0000 
