Car -1 -1 -10 588.32 179.16 635.92 224.13 -1 -1 -1 -1000 -1000 -1000 -10 0.9999 
Car -1 -1 -10 519.58 179.30 558.21 210.16 -1 -1 -1 -1000 -1000 -1000 -10 0.9999 
Car -1 -1 -10 0.00 183.79 109.15 226.90 -1 -1 -1 -1000 -1000 -1000 -10 0.3546 
Car -1 -1 -10 78.01 200.42 339.92 370.68 -1 -1 -1 -1000 -1000 -1000 -10 0.1443 
Car -1 -1 -10 1061.50 289.32 1118.53 323.38 -1 -1 -1 -1000 -1000 -1000 -10 0.0172 
Car -1 -1 -10 715.19 251.34 764.58 279.15 -1 -1 -1 -1000 -1000 -1000 -10 0.0159 
Car -1 -1 -10 556.09 179.03 577.18 200.63 -1 -1 -1 -1000 -1000 -1000 -10 0.0156 
Car -1 -1 -10 695.85 257.58 748.01 281.20 -1 -1 -1 -1000 -1000 -1000 -10 0.0095 
Car -1 -1 -10 1045.80 292.62 1093.08 320.59 -1 -1 -1 -1000 -1000 -1000 -10 0.0081 
Car -1 -1 -10 792.11 306.82 844.37 337.36 -1 -1 -1 -1000 -1000 -1000 -10 0.0069 
Car -1 -1 -10 834.20 321.91 889.05 353.89 -1 -1 -1 -1000 -1000 -1000 -10 0.0068 
Car -1 -1 -10 1044.40 301.90 1103.77 330.22 -1 -1 -1 -1000 -1000 -1000 -10 0.0063 
Car -1 -1 -10 1015.30 300.02 1076.75 323.27 -1 -1 -1 -1000 -1000 -1000 -10 0.0061 
Car -1 -1 -10 761.01 286.98 817.16 315.71 -1 -1 -1 -1000 -1000 -1000 -10 0.0060 
Car -1 -1 -10 0.00 179.39 163.80 251.00 -1 -1 -1 -1000 -1000 -1000 -10 0.0059 
Car -1 -1 -10 721.81 257.65 779.96 289.20 -1 -1 -1 -1000 -1000 -1000 -10 0.0052 
Car -1 -1 -10 777.76 283.76 838.89 310.75 -1 -1 -1 -1000 -1000 -1000 -10 0.0050 
Car -1 -1 -10 779.52 312.89 835.24 341.36 -1 -1 -1 -1000 -1000 -1000 -10 0.0046 
Car -1 -1 -10 710.36 261.08 758.38 292.09 -1 -1 -1 -1000 -1000 -1000 -10 0.0045 
Car -1 -1 -10 723.17 241.61 777.66 271.02 -1 -1 -1 -1000 -1000 -1000 -10 0.0042 
Car -1 -1 -10 737.43 271.85 796.95 301.55 -1 -1 -1 -1000 -1000 -1000 -10 0.0042 
Car -1 -1 -10 811.16 321.41 871.71 349.99 -1 -1 -1 -1000 -1000 -1000 -10 0.0040 
Car -1 -1 -10 1000.50 328.09 1052.67 353.05 -1 -1 -1 -1000 -1000 -1000 -10 0.0034 
Car -1 -1 -10 692.96 250.27 757.42 271.38 -1 -1 -1 -1000 -1000 -1000 -10 0.0031 
Car -1 -1 -10 785.00 295.77 844.36 328.42 -1 -1 -1 -1000 -1000 -1000 -10 0.0028 
Car -1 -1 -10 1031.90 310.90 1092.68 341.49 -1 -1 -1 -1000 -1000 -1000 -10 0.0027 
Car -1 -1 -10 805.99 310.73 864.05 342.06 -1 -1 -1 -1000 -1000 -1000 -10 0.0026 
Car -1 -1 -10 745.47 287.93 798.51 320.00 -1 -1 -1 -1000 -1000 -1000 -10 0.0025 
Car -1 -1 -10 759.56 296.04 813.36 328.00 -1 -1 -1 -1000 -1000 -1000 -10 0.0023 
Car -1 -1 -10 812.82 328.76 882.40 359.14 -1 -1 -1 -1000 -1000 -1000 -10 0.0023 
Car -1 -1 -10 836.37 329.23 918.61 359.19 -1 -1 -1 -1000 -1000 -1000 -10 0.0020 
Car -1 -1 -10 699.14 168.81 736.72 188.25 -1 -1 -1 -1000 -1000 -1000 -10 0.0019 
Car -1 -1 -10 1020.90 329.80 1085.01 358.09 -1 -1 -1 -1000 -1000 -1000 -10 0.0017 
Car -1 -1 -10 724.01 272.24 773.99 304.06 -1 -1 -1 -1000 -1000 -1000 -10 0.0017 
Car -1 -1 -10 172.01 148.71 263.28 174.43 -1 -1 -1 -1000 -1000 -1000 -10 0.0014 
Car -1 -1 -10 756.17 278.68 819.63 306.28 -1 -1 -1 -1000 -1000 -1000 -10 0.0013 
Car -1 -1 -10 997.81 293.14 1083.13 326.76 -1 -1 -1 -1000 -1000 -1000 -10 0.0012 
Car -1 -1 -10 199.80 141.88 272.41 179.34 -1 -1 -1 -1000 -1000 -1000 -10 0.0009 
Car -1 -1 -10 179.20 122.66 244.45 155.79 -1 -1 -1 -1000 -1000 -1000 -10 0.0009 
Car -1 -1 -10 962.28 332.30 1025.00 358.32 -1 -1 -1 -1000 -1000 -1000 -10 0.0008 
Car -1 -1 -10 990.66 317.93 1072.05 353.92 -1 -1 -1 -1000 -1000 -1000 -10 0.0008 
Car -1 -1 -10 731.68 248.25 801.64 294.25 -1 -1 -1 -1000 -1000 -1000 -10 0.0005 
Car -1 -1 -10 717.23 234.86 791.40 279.41 -1 -1 -1 -1000 -1000 -1000 -10 0.0005 
Car -1 -1 -10 426.41 178.54 466.03 192.26 -1 -1 -1 -1000 -1000 -1000 -10 0.0004 
Car -1 -1 -10 14.80 119.75 108.28 165.12 -1 -1 -1 -1000 -1000 -1000 -10 0.0003 
Car -1 -1 -10 974.08 276.79 1038.19 308.65 -1 -1 -1 -1000 -1000 -1000 -10 0.0003 
Car -1 -1 -10 784.43 33.82 834.04 57.19 -1 -1 -1 -1000 -1000 -1000 -10 0.0003 
Car -1 -1 -10 857.88 311.58 927.41 338.96 -1 -1 -1 -1000 -1000 -1000 -10 0.0002 
Car -1 -1 -10 209.46 226.92 324.12 354.96 -1 -1 -1 -1000 -1000 -1000 -10 0.0002 
Car -1 -1 -10 959.28 278.25 1054.41 318.93 -1 -1 -1 -1000 -1000 -1000 -10 0.0001 
Car -1 -1 -10 122.43 99.28 196.37 134.90 -1 -1 -1 -1000 -1000 -1000 -10 0.0001 
Car -1 -1 -10 242.50 239.97 317.68 314.55 -1 -1 -1 -1000 -1000 -1000 -10 0.0001 
Car -1 -1 -10 0.00 206.73 283.51 338.62 -1 -1 -1 -1000 -1000 -1000 -10 0.0001 
Car -1 -1 -10 105.41 110.96 170.40 143.47 -1 -1 -1 -1000 -1000 -1000 -10 0.0000 
Car -1 -1 -10 234.28 128.00 293.22 165.24 -1 -1 -1 -1000 -1000 -1000 -10 0.0000 
Car -1 -1 -10 166.88 109.19 219.19 147.24 -1 -1 -1 -1000 -1000 -1000 -10 0.0000 
Car -1 -1 -10 553.30 179.93 568.06 200.82 -1 -1 -1 -1000 -1000 -1000 -10 0.0000 
