Car -1 -1 -10 656.11 179.49 689.38 207.52 -1 -1 -1 -1000 -1000 -1000 -10 1.0000 
Car -1 -1 -10 747.73 183.18 778.03 205.25 -1 -1 -1 -1000 -1000 -1000 -10 0.9927 
Car -1 -1 -10 1209.40 25.05 1243.01 64.40 -1 -1 -1 -1000 -1000 -1000 -10 0.0367 
Car -1 -1 -10 1179.90 91.54 1243.02 123.48 -1 -1 -1 -1000 -1000 -1000 -10 0.0123 
Car -1 -1 -10 0.00 233.10 45.27 284.25 -1 -1 -1 -1000 -1000 -1000 -10 0.0099 
Car -1 -1 -10 1033.90 140.93 1095.74 178.58 -1 -1 -1 -1000 -1000 -1000 -10 0.0055 
Car -1 -1 -10 2.91 222.07 71.68 278.89 -1 -1 -1 -1000 -1000 -1000 -10 0.0035 
Car -1 -1 -10 1085.80 269.98 1166.51 295.86 -1 -1 -1 -1000 -1000 -1000 -10 0.0020 
Car -1 -1 -10 63.47 64.28 136.65 104.74 -1 -1 -1 -1000 -1000 -1000 -10 0.0018 
Car -1 -1 -10 1027.50 133.12 1126.04 184.99 -1 -1 -1 -1000 -1000 -1000 -10 0.0015 
Car -1 -1 -10 1187.90 159.26 1243.01 217.82 -1 -1 -1 -1000 -1000 -1000 -10 0.0012 
Car -1 -1 -10 916.38 174.82 986.69 190.33 -1 -1 -1 -1000 -1000 -1000 -10 0.0009 
Car -1 -1 -10 883.87 177.83 990.33 193.73 -1 -1 -1 -1000 -1000 -1000 -10 0.0007 
Car -1 -1 -10 123.89 34.60 229.72 137.80 -1 -1 -1 -1000 -1000 -1000 -10 0.0005 
Car -1 -1 -10 1058.70 144.91 1153.57 190.06 -1 -1 -1 -1000 -1000 -1000 -10 0.0004 
Car -1 -1 -10 486.47 183.92 551.25 208.27 -1 -1 -1 -1000 -1000 -1000 -10 0.0004 
Car -1 -1 -10 143.75 235.27 198.57 261.27 -1 -1 -1 -1000 -1000 -1000 -10 0.0002 
Car -1 -1 -10 1089.90 130.14 1225.33 186.05 -1 -1 -1 -1000 -1000 -1000 -10 0.0001 
Car -1 -1 -10 0.00 227.79 125.33 272.44 -1 -1 -1 -1000 -1000 -1000 -10 0.0000 
Car -1 -1 -10 140.34 244.92 215.05 265.11 -1 -1 -1 -1000 -1000 -1000 -10 0.0000 
Car -1 -1 -10 489.24 200.42 551.36 215.96 -1 -1 -1 -1000 -1000 -1000 -10 0.0000 
Car -1 -1 -10 163.49 68.07 245.88 123.20 -1 -1 -1 -1000 -1000 -1000 -10 0.0000 
Car -1 -1 -10 137.97 253.89 225.23 272.47 -1 -1 -1 -1000 -1000 -1000 -10 0.0000 
Car -1 -1 -10 542.23 191.13 582.03 205.95 -1 -1 -1 -1000 -1000 -1000 -10 0.0000 
Car -1 -1 -10 0.00 245.60 83.50 281.11 -1 -1 -1 -1000 -1000 -1000 -10 0.0000 
Car -1 -1 -10 1129.10 194.74 1183.18 217.36 -1 -1 -1 -1000 -1000 -1000 -10 0.0000 
Car -1 -1 -10 405.03 192.42 467.43 207.46 -1 -1 -1 -1000 -1000 -1000 -10 0.0000 
Car -1 -1 -10 1104.60 118.98 1182.09 166.30 -1 -1 -1 -1000 -1000 -1000 -10 0.0000 
