Car -1 -1 -10 134.40 189.74 317.43 270.97 -1 -1 -1 -1000 -1000 -1000 -10 1.0000 
Car -1 -1 -10 427.75 179.66 476.32 211.24 -1 -1 -1 -1000 -1000 -1000 -10 0.9999 
Car -1 -1 -10 1106.20 106.80 1167.32 155.82 -1 -1 -1 -1000 -1000 -1000 -10 0.2505 
Car -1 -1 -10 967.17 232.22 1019.86 260.76 -1 -1 -1 -1000 -1000 -1000 -10 0.0428 
Car -1 -1 -10 1049.00 152.01 1108.63 178.03 -1 -1 -1 -1000 -1000 -1000 -10 0.0340 
Car -1 -1 -10 569.34 167.25 598.64 190.27 -1 -1 -1 -1000 -1000 -1000 -10 0.0186 
Car -1 -1 -10 950.97 227.21 999.10 259.47 -1 -1 -1 -1000 -1000 -1000 -10 0.0176 
Car -1 -1 -10 997.52 203.98 1049.90 239.46 -1 -1 -1 -1000 -1000 -1000 -10 0.0158 
Car -1 -1 -10 1111.70 110.49 1167.32 135.87 -1 -1 -1 -1000 -1000 -1000 -10 0.0150 
Car -1 -1 -10 923.45 226.77 976.83 257.32 -1 -1 -1 -1000 -1000 -1000 -10 0.0126 
Car -1 -1 -10 961.22 214.74 1011.66 248.77 -1 -1 -1 -1000 -1000 -1000 -10 0.0094 
Car -1 -1 -10 899.41 234.93 952.03 254.30 -1 -1 -1 -1000 -1000 -1000 -10 0.0090 
Car -1 -1 -10 912.76 237.82 977.59 261.09 -1 -1 -1 -1000 -1000 -1000 -10 0.0082 
Car -1 -1 -10 932.04 233.43 1008.46 267.53 -1 -1 -1 -1000 -1000 -1000 -10 0.0077 
Car -1 -1 -10 1003.70 200.36 1077.86 244.98 -1 -1 -1 -1000 -1000 -1000 -10 0.0076 
Car -1 -1 -10 949.75 240.58 1020.62 271.76 -1 -1 -1 -1000 -1000 -1000 -10 0.0076 
Car -1 -1 -10 1133.20 252.93 1206.62 282.24 -1 -1 -1 -1000 -1000 -1000 -10 0.0055 
Car -1 -1 -10 903.08 222.83 962.06 252.24 -1 -1 -1 -1000 -1000 -1000 -10 0.0044 
Car -1 -1 -10 1009.90 189.01 1065.92 228.20 -1 -1 -1 -1000 -1000 -1000 -10 0.0039 
Car -1 -1 -10 1082.90 77.40 1146.44 122.42 -1 -1 -1 -1000 -1000 -1000 -10 0.0036 
Car -1 -1 -10 968.86 246.90 1031.73 277.59 -1 -1 -1 -1000 -1000 -1000 -10 0.0034 
Car -1 -1 -10 941.75 210.44 1009.08 259.75 -1 -1 -1 -1000 -1000 -1000 -10 0.0031 
Car -1 -1 -10 1045.70 151.78 1110.65 202.44 -1 -1 -1 -1000 -1000 -1000 -10 0.0020 
Car -1 -1 -10 533.32 159.39 552.64 186.78 -1 -1 -1 -1000 -1000 -1000 -10 0.0017 
Car -1 -1 -10 1013.10 278.01 1058.08 319.04 -1 -1 -1 -1000 -1000 -1000 -10 0.0013 
Car -1 -1 -10 980.49 160.48 1020.03 179.79 -1 -1 -1 -1000 -1000 -1000 -10 0.0012 
Car -1 -1 -10 916.01 212.56 989.74 256.74 -1 -1 -1 -1000 -1000 -1000 -10 0.0012 
Car -1 -1 -10 899.88 208.14 960.34 246.06 -1 -1 -1 -1000 -1000 -1000 -10 0.0008 
Car -1 -1 -10 1091.30 149.83 1167.09 185.35 -1 -1 -1 -1000 -1000 -1000 -10 0.0008 
Car -1 -1 -10 1014.00 217.78 1073.94 250.69 -1 -1 -1 -1000 -1000 -1000 -10 0.0008 
Car -1 -1 -10 1018.20 193.62 1089.71 232.51 -1 -1 -1 -1000 -1000 -1000 -10 0.0007 
Car -1 -1 -10 1022.30 154.57 1072.53 179.32 -1 -1 -1 -1000 -1000 -1000 -10 0.0007 
Car -1 -1 -10 995.20 174.69 1073.32 230.92 -1 -1 -1 -1000 -1000 -1000 -10 0.0007 
Car -1 -1 -10 980.89 256.19 1050.30 286.17 -1 -1 -1 -1000 -1000 -1000 -10 0.0006 
Car -1 -1 -10 523.70 166.90 544.45 190.58 -1 -1 -1 -1000 -1000 -1000 -10 0.0005 
Car -1 -1 -10 1018.50 291.07 1081.02 325.81 -1 -1 -1 -1000 -1000 -1000 -10 0.0005 
Car -1 -1 -10 1007.80 265.61 1078.96 320.13 -1 -1 -1 -1000 -1000 -1000 -10 0.0003 
Car -1 -1 -10 1100.30 137.72 1182.16 159.13 -1 -1 -1 -1000 -1000 -1000 -10 0.0002 
Car -1 -1 -10 985.46 308.25 1064.96 332.62 -1 -1 -1 -1000 -1000 -1000 -10 0.0002 
Car -1 -1 -10 670.91 113.67 768.48 170.88 -1 -1 -1 -1000 -1000 -1000 -10 0.0002 
Car -1 -1 -10 281.77 192.04 373.96 214.62 -1 -1 -1 -1000 -1000 -1000 -10 0.0002 
Car -1 -1 -10 1134.40 318.13 1233.44 351.92 -1 -1 -1 -1000 -1000 -1000 -10 0.0002 
Car -1 -1 -10 168.76 191.53 279.70 235.59 -1 -1 -1 -1000 -1000 -1000 -10 0.0001 
Car -1 -1 -10 1089.20 109.93 1227.92 154.30 -1 -1 -1 -1000 -1000 -1000 -10 0.0001 
Car -1 -1 -10 242.93 188.85 315.20 212.89 -1 -1 -1 -1000 -1000 -1000 -10 0.0001 
Car -1 -1 -10 955.42 292.16 1022.02 332.37 -1 -1 -1 -1000 -1000 -1000 -10 0.0001 
Car -1 -1 -10 1037.20 299.07 1112.35 335.36 -1 -1 -1 -1000 -1000 -1000 -10 0.0001 
Car -1 -1 -10 1049.90 324.88 1112.95 353.13 -1 -1 -1 -1000 -1000 -1000 -10 0.0001 
Car -1 -1 -10 982.85 287.30 1040.90 328.08 -1 -1 -1 -1000 -1000 -1000 -10 0.0000 
Car -1 -1 -10 135.95 201.20 212.72 235.40 -1 -1 -1 -1000 -1000 -1000 -10 0.0000 
Car -1 -1 -10 262.87 192.84 334.48 218.64 -1 -1 -1 -1000 -1000 -1000 -10 0.0000 
Car -1 -1 -10 1117.90 148.09 1204.48 186.84 -1 -1 -1 -1000 -1000 -1000 -10 0.0000 
Car -1 -1 -10 950.30 308.66 1046.05 330.25 -1 -1 -1 -1000 -1000 -1000 -10 0.0000 
Car -1 -1 -10 243.78 189.96 318.23 241.15 -1 -1 -1 -1000 -1000 -1000 -10 0.0000 
Car -1 -1 -10 142.67 197.99 238.75 251.14 -1 -1 -1 -1000 -1000 -1000 -10 0.0000 
Car -1 -1 -10 611.63 172.04 667.94 190.47 -1 -1 -1 -1000 -1000 -1000 -10 0.0000 
Car -1 -1 -10 1071.80 113.55 1196.50 172.58 -1 -1 -1 -1000 -1000 -1000 -10 0.0000 
Car -1 -1 -10 1096.10 89.28 1154.18 130.53 -1 -1 -1 -1000 -1000 -1000 -10 0.0000 
Car -1 -1 -10 949.40 175.06 1197.48 269.97 -1 -1 -1 -1000 -1000 -1000 -10 0.0000 
