Car -1 -1 -10 698.70 85.23 799.89 134.03 -1 -1 -1 -1000 -1000 -1000 -10 0.0515 
Car -1 -1 -10 918.68 155.43 1243.00 302.32 -1 -1 -1 -1000 -1000 -1000 -10 0.0199 
Car -1 -1 -10 42.72 223.36 146.60 289.16 -1 -1 -1 -1000 -1000 -1000 -10 0.0161 
Car -1 -1 -10 50.98 166.84 124.68 202.40 -1 -1 -1 -1000 -1000 -1000 -10 0.0131 
Car -1 -1 -10 1091.70 128.65 1139.43 172.94 -1 -1 -1 -1000 -1000 -1000 -10 0.0126 
Car -1 -1 -10 849.44 187.67 913.75 233.88 -1 -1 -1 -1000 -1000 -1000 -10 0.0122 
Car -1 -1 -10 34.67 164.11 121.79 226.15 -1 -1 -1 -1000 -1000 -1000 -10 0.0080 
Car -1 -1 -10 1091.40 169.03 1173.00 231.84 -1 -1 -1 -1000 -1000 -1000 -10 0.0046 
Car -1 -1 -10 287.84 123.86 375.93 161.02 -1 -1 -1 -1000 -1000 -1000 -10 0.0035 
Car -1 -1 -10 126.29 193.47 170.49 224.61 -1 -1 -1 -1000 -1000 -1000 -10 0.0026 
Car -1 -1 -10 1083.20 179.93 1157.04 219.35 -1 -1 -1 -1000 -1000 -1000 -10 0.0024 
Car -1 -1 -10 0.00 25.39 68.05 89.83 -1 -1 -1 -1000 -1000 -1000 -10 0.0024 
Car -1 -1 -10 132.72 186.72 180.47 218.53 -1 -1 -1 -1000 -1000 -1000 -10 0.0022 
Car -1 -1 -10 654.00 192.50 687.85 206.43 -1 -1 -1 -1000 -1000 -1000 -10 0.0021 
Car -1 -1 -10 727.86 202.79 779.37 222.57 -1 -1 -1 -1000 -1000 -1000 -10 0.0019 
Car -1 -1 -10 387.60 187.27 435.43 238.21 -1 -1 -1 -1000 -1000 -1000 -10 0.0013 
Car -1 -1 -10 1083.00 88.17 1162.02 164.66 -1 -1 -1 -1000 -1000 -1000 -10 0.0012 
Car -1 -1 -10 280.74 205.86 393.31 258.24 -1 -1 -1 -1000 -1000 -1000 -10 0.0010 
Car -1 -1 -10 206.75 250.75 266.48 289.47 -1 -1 -1 -1000 -1000 -1000 -10 0.0009 
Car -1 -1 -10 737.23 74.72 795.97 126.94 -1 -1 -1 -1000 -1000 -1000 -10 0.0009 
Car -1 -1 -10 1076.90 192.89 1162.23 240.35 -1 -1 -1 -1000 -1000 -1000 -10 0.0008 
Car -1 -1 -10 265.95 204.27 363.87 299.28 -1 -1 -1 -1000 -1000 -1000 -10 0.0007 
Car -1 -1 -10 1104.80 172.07 1206.19 244.45 -1 -1 -1 -1000 -1000 -1000 -10 0.0006 
Car -1 -1 -10 1059.00 142.10 1216.96 290.14 -1 -1 -1 -1000 -1000 -1000 -10 0.0006 
Car -1 -1 -10 759.09 84.58 808.33 121.70 -1 -1 -1 -1000 -1000 -1000 -10 0.0004 
Car -1 -1 -10 1045.60 153.53 1179.81 235.41 -1 -1 -1 -1000 -1000 -1000 -10 0.0003 
Car -1 -1 -10 649.35 110.35 726.76 144.91 -1 -1 -1 -1000 -1000 -1000 -10 0.0003 
Car -1 -1 -10 325.68 195.35 430.30 245.94 -1 -1 -1 -1000 -1000 -1000 -10 0.0002 
Car -1 -1 -10 112.73 193.19 185.86 235.52 -1 -1 -1 -1000 -1000 -1000 -10 0.0002 
Car -1 -1 -10 311.89 212.71 404.41 250.92 -1 -1 -1 -1000 -1000 -1000 -10 0.0002 
Car -1 -1 -10 302.31 131.78 383.02 184.81 -1 -1 -1 -1000 -1000 -1000 -10 0.0002 
Car -1 -1 -10 1032.90 107.33 1200.58 248.44 -1 -1 -1 -1000 -1000 -1000 -10 0.0001 
Car -1 -1 -10 20.43 95.48 298.23 279.88 -1 -1 -1 -1000 -1000 -1000 -10 0.0001 
Car -1 -1 -10 127.62 243.57 289.15 319.56 -1 -1 -1 -1000 -1000 -1000 -10 0.0001 
Car -1 -1 -10 118.40 62.25 157.80 89.36 -1 -1 -1 -1000 -1000 -1000 -10 0.0001 
Car -1 -1 -10 1066.70 118.16 1163.09 189.91 -1 -1 -1 -1000 -1000 -1000 -10 0.0001 
Car -1 -1 -10 625.49 134.80 749.71 202.55 -1 -1 -1 -1000 -1000 -1000 -10 0.0001 
Car -1 -1 -10 679.26 94.04 736.26 128.39 -1 -1 -1 -1000 -1000 -1000 -10 0.0001 
Car -1 -1 -10 394.50 181.98 458.73 214.93 -1 -1 -1 -1000 -1000 -1000 -10 0.0001 
Car -1 -1 -10 1044.60 180.53 1164.04 257.15 -1 -1 -1 -1000 -1000 -1000 -10 0.0001 
Car -1 -1 -10 15.59 132.52 115.08 206.18 -1 -1 -1 -1000 -1000 -1000 -10 0.0000 
Car -1 -1 -10 721.12 52.06 787.86 132.74 -1 -1 -1 -1000 -1000 -1000 -10 0.0000 
Car -1 -1 -10 913.18 159.38 978.03 205.50 -1 -1 -1 -1000 -1000 -1000 -10 0.0000 
Car -1 -1 -10 739.13 185.38 794.50 223.98 -1 -1 -1 -1000 -1000 -1000 -10 0.0000 
Car -1 -1 -10 753.13 175.91 825.68 226.55 -1 -1 -1 -1000 -1000 -1000 -10 0.0000 
Car -1 -1 -10 670.47 189.58 707.81 206.07 -1 -1 -1 -1000 -1000 -1000 -10 0.0000 
Car -1 -1 -10 1066.70 44.61 1196.79 221.73 -1 -1 -1 -1000 -1000 -1000 -10 0.0000 
Car -1 -1 -10 656.51 195.32 718.96 211.21 -1 -1 -1 -1000 -1000 -1000 -10 0.0000 
Car -1 -1 -10 321.06 288.57 413.25 359.76 -1 -1 -1 -1000 -1000 -1000 -10 0.0000 
Car -1 -1 -10 646.07 69.12 759.53 163.01 -1 -1 -1 -1000 -1000 -1000 -10 0.0000 
