Car -1 -1 -10 750.08 173.13 798.01 213.56 -1 -1 -1 -1000 -1000 -1000 -10 0.9999 
Car -1 -1 -10 1157.90 155.40 1218.15 187.02 -1 -1 -1 -1000 -1000 -1000 -10 0.2701 
Car -1 -1 -10 967.18 94.25 1035.34 131.78 -1 -1 -1 -1000 -1000 -1000 -10 0.0100 
Car -1 -1 -10 1082.90 29.30 1223.06 77.69 -1 -1 -1 -1000 -1000 -1000 -10 0.0067 
Car -1 -1 -10 962.25 158.57 1042.35 194.92 -1 -1 -1 -1000 -1000 -1000 -10 0.0053 
Car -1 -1 -10 1131.40 96.24 1242.97 129.10 -1 -1 -1 -1000 -1000 -1000 -10 0.0043 
Car -1 -1 -10 1162.60 165.63 1235.63 189.70 -1 -1 -1 -1000 -1000 -1000 -10 0.0042 
Car -1 -1 -10 1016.80 130.86 1108.97 180.62 -1 -1 -1 -1000 -1000 -1000 -10 0.0024 
Car -1 -1 -10 636.79 243.00 695.80 278.82 -1 -1 -1 -1000 -1000 -1000 -10 0.0012 
Car -1 -1 -10 250.00 221.21 327.95 240.78 -1 -1 -1 -1000 -1000 -1000 -10 0.0010 
Car -1 -1 -10 1178.80 93.76 1242.96 138.24 -1 -1 -1 -1000 -1000 -1000 -10 0.0008 
Car -1 -1 -10 1014.40 134.67 1070.77 173.67 -1 -1 -1 -1000 -1000 -1000 -10 0.0007 
Car -1 -1 -10 1124.40 295.86 1193.11 322.82 -1 -1 -1 -1000 -1000 -1000 -10 0.0005 
Car -1 -1 -10 894.07 176.66 963.75 191.33 -1 -1 -1 -1000 -1000 -1000 -10 0.0003 
Car -1 -1 -10 140.01 188.50 266.44 250.32 -1 -1 -1 -1000 -1000 -1000 -10 0.0002 
Car -1 -1 -10 213.84 224.68 265.96 246.56 -1 -1 -1 -1000 -1000 -1000 -10 0.0002 
Car -1 -1 -10 825.88 171.70 868.66 199.02 -1 -1 -1 -1000 -1000 -1000 -10 0.0002 
Car -1 -1 -10 211.20 189.68 325.06 244.03 -1 -1 -1 -1000 -1000 -1000 -10 0.0001 
Car -1 -1 -10 532.23 197.33 588.80 224.65 -1 -1 -1 -1000 -1000 -1000 -10 0.0001 
Car -1 -1 -10 376.39 187.42 453.22 202.77 -1 -1 -1 -1000 -1000 -1000 -10 0.0001 
Car -1 -1 -10 192.94 198.59 249.07 249.12 -1 -1 -1 -1000 -1000 -1000 -10 0.0001 
Car -1 -1 -10 217.76 206.78 298.54 243.03 -1 -1 -1 -1000 -1000 -1000 -10 0.0001 
Car -1 -1 -10 289.59 222.12 369.68 238.97 -1 -1 -1 -1000 -1000 -1000 -10 0.0001 
Car -1 -1 -10 998.41 138.84 1057.13 196.01 -1 -1 -1 -1000 -1000 -1000 -10 0.0001 
Car -1 -1 -10 1071.70 135.17 1157.96 182.34 -1 -1 -1 -1000 -1000 -1000 -10 0.0001 
Car -1 -1 -10 1133.70 38.80 1243.01 71.95 -1 -1 -1 -1000 -1000 -1000 -10 0.0000 
Car -1 -1 -10 452.68 181.00 486.85 200.38 -1 -1 -1 -1000 -1000 -1000 -10 0.0000 
Car -1 -1 -10 169.92 228.80 221.21 250.90 -1 -1 -1 -1000 -1000 -1000 -10 0.0000 
Car -1 -1 -10 108.54 160.92 150.34 186.91 -1 -1 -1 -1000 -1000 -1000 -10 0.0000 
Car -1 -1 -10 155.92 214.55 232.52 250.77 -1 -1 -1 -1000 -1000 -1000 -10 0.0000 
Car -1 -1 -10 422.58 192.39 480.13 226.50 -1 -1 -1 -1000 -1000 -1000 -10 0.0000 
Car -1 -1 -10 435.13 183.17 479.38 209.20 -1 -1 -1 -1000 -1000 -1000 -10 0.0000 
Car -1 -1 -10 197.32 236.08 263.50 250.08 -1 -1 -1 -1000 -1000 -1000 -10 0.0000 
