Car -1 -1 -10 167.90 192.99 434.51 363.14 -1 -1 -1 -1000 -1000 -1000 -10 1.0000 
Car -1 -1 -10 503.79 172.20 585.45 248.52 -1 -1 -1 -1000 -1000 -1000 -10 0.9999 
Car -1 -1 -10 401.73 177.72 469.17 218.69 -1 -1 -1 -1000 -1000 -1000 -10 0.9999 
Car -1 -1 -10 600.67 172.38 641.23 213.78 -1 -1 -1 -1000 -1000 -1000 -10 0.9999 
Car -1 -1 -10 61.13 188.40 316.49 297.10 -1 -1 -1 -1000 -1000 -1000 -10 0.9899 
Car -1 -1 -10 574.41 173.55 633.54 209.35 -1 -1 -1 -1000 -1000 -1000 -10 0.3280 
Car -1 -1 -10 851.38 305.00 903.93 332.25 -1 -1 -1 -1000 -1000 -1000 -10 0.0049 
Car -1 -1 -10 208.89 35.32 268.60 72.56 -1 -1 -1 -1000 -1000 -1000 -10 0.0038 
Car -1 -1 -10 389.54 49.38 442.81 73.18 -1 -1 -1 -1000 -1000 -1000 -10 0.0027 
Car -1 -1 -10 3.52 173.55 49.35 203.92 -1 -1 -1 -1000 -1000 -1000 -10 0.0027 
Car -1 -1 -10 1103.00 180.64 1166.78 211.81 -1 -1 -1 -1000 -1000 -1000 -10 0.0027 
Car -1 -1 -10 413.96 81.50 474.32 118.71 -1 -1 -1 -1000 -1000 -1000 -10 0.0026 
Car -1 -1 -10 391.36 83.36 448.55 115.86 -1 -1 -1 -1000 -1000 -1000 -10 0.0021 
Car -1 -1 -10 372.11 53.40 428.50 80.09 -1 -1 -1 -1000 -1000 -1000 -10 0.0016 
Car -1 -1 -10 1145.10 104.12 1220.14 133.00 -1 -1 -1 -1000 -1000 -1000 -10 0.0016 
Car -1 -1 -10 409.66 70.90 470.64 102.52 -1 -1 -1 -1000 -1000 -1000 -10 0.0014 
Car -1 -1 -10 289.22 29.53 357.86 64.03 -1 -1 -1 -1000 -1000 -1000 -10 0.0012 
Car -1 -1 -10 339.44 36.22 390.49 64.73 -1 -1 -1 -1000 -1000 -1000 -10 0.0010 
Car -1 -1 -10 754.02 268.99 821.77 306.95 -1 -1 -1 -1000 -1000 -1000 -10 0.0010 
Car -1 -1 -10 213.92 53.80 263.63 91.56 -1 -1 -1 -1000 -1000 -1000 -10 0.0009 
Car -1 -1 -10 432.60 77.55 498.59 116.63 -1 -1 -1 -1000 -1000 -1000 -10 0.0009 
Car -1 -1 -10 827.97 301.91 902.00 341.16 -1 -1 -1 -1000 -1000 -1000 -10 0.0007 
Car -1 -1 -10 809.00 229.04 874.47 259.31 -1 -1 -1 -1000 -1000 -1000 -10 0.0007 
Car -1 -1 -10 200.35 57.76 255.42 101.09 -1 -1 -1 -1000 -1000 -1000 -10 0.0006 
Car -1 -1 -10 338.67 75.32 432.23 113.21 -1 -1 -1 -1000 -1000 -1000 -10 0.0005 
Car -1 -1 -10 93.76 191.99 279.49 254.98 -1 -1 -1 -1000 -1000 -1000 -10 0.0004 
Car -1 -1 -10 31.73 181.49 93.27 210.42 -1 -1 -1 -1000 -1000 -1000 -10 0.0004 
Car -1 -1 -10 832.56 241.33 930.34 277.90 -1 -1 -1 -1000 -1000 -1000 -10 0.0003 
Car -1 -1 -10 342.82 59.03 418.81 99.24 -1 -1 -1 -1000 -1000 -1000 -10 0.0003 
Car -1 -1 -10 408.19 52.60 478.76 93.27 -1 -1 -1 -1000 -1000 -1000 -10 0.0003 
Car -1 -1 -10 20.28 159.45 105.35 192.37 -1 -1 -1 -1000 -1000 -1000 -10 0.0003 
Car -1 -1 -10 191.65 192.67 268.04 232.64 -1 -1 -1 -1000 -1000 -1000 -10 0.0003 
Car -1 -1 -10 372.86 68.89 452.26 110.95 -1 -1 -1 -1000 -1000 -1000 -10 0.0002 
Car -1 -1 -10 57.65 167.25 112.01 197.68 -1 -1 -1 -1000 -1000 -1000 -10 0.0002 
Car -1 -1 -10 414.09 100.00 506.59 140.09 -1 -1 -1 -1000 -1000 -1000 -10 0.0002 
Car -1 -1 -10 514.14 176.30 580.41 205.85 -1 -1 -1 -1000 -1000 -1000 -10 0.0001 
Car -1 -1 -10 310.35 25.14 409.57 61.00 -1 -1 -1 -1000 -1000 -1000 -10 0.0001 
Car -1 -1 -10 198.49 78.66 300.76 124.84 -1 -1 -1 -1000 -1000 -1000 -10 0.0001 
Car -1 -1 -10 110.78 203.09 184.22 238.07 -1 -1 -1 -1000 -1000 -1000 -10 0.0001 
Car -1 -1 -10 10.48 79.32 75.08 119.38 -1 -1 -1 -1000 -1000 -1000 -10 0.0001 
Car -1 -1 -10 349.55 87.46 438.62 127.91 -1 -1 -1 -1000 -1000 -1000 -10 0.0000 
Car -1 -1 -10 332.83 198.35 410.05 230.78 -1 -1 -1 -1000 -1000 -1000 -10 0.0000 
Car -1 -1 -10 791.18 234.40 914.60 273.09 -1 -1 -1 -1000 -1000 -1000 -10 0.0000 
Car -1 -1 -10 542.48 175.43 602.08 206.51 -1 -1 -1 -1000 -1000 -1000 -10 0.0000 
Car -1 -1 -10 290.88 196.58 438.22 270.19 -1 -1 -1 -1000 -1000 -1000 -10 0.0000 
Car -1 -1 -10 499.56 186.72 553.98 249.30 -1 -1 -1 -1000 -1000 -1000 -10 0.0000 
Car -1 -1 -10 361.12 183.37 429.81 236.31 -1 -1 -1 -1000 -1000 -1000 -10 0.0000 
Car -1 -1 -10 497.26 213.76 572.65 249.60 -1 -1 -1 -1000 -1000 -1000 -10 0.0000 
