Car -1 -1 -10 584.78 176.08 638.99 221.17 -1 -1 -1 -1000 -1000 -1000 -10 1.0000 
Car -1 -1 -10 182.05 180.97 436.85 283.65 -1 -1 -1 -1000 -1000 -1000 -10 0.9691 
Car -1 -1 -10 1021.00 155.87 1204.94 220.19 -1 -1 -1 -1000 -1000 -1000 -10 0.7136 
Car -1 -1 -10 646.15 154.80 695.74 206.07 -1 -1 -1 -1000 -1000 -1000 -10 0.2838 
Car -1 -1 -10 1077.10 160.38 1234.61 270.36 -1 -1 -1 -1000 -1000 -1000 -10 0.1066 
Car -1 -1 -10 414.66 161.05 515.36 230.24 -1 -1 -1 -1000 -1000 -1000 -10 0.0533 
Car -1 -1 -10 252.12 157.46 495.34 269.78 -1 -1 -1 -1000 -1000 -1000 -10 0.0376 
Car -1 -1 -10 194.11 175.04 312.84 248.58 -1 -1 -1 -1000 -1000 -1000 -10 0.0159 
Car -1 -1 -10 153.39 160.18 205.01 204.93 -1 -1 -1 -1000 -1000 -1000 -10 0.0158 
Car -1 -1 -10 146.47 198.72 203.67 240.20 -1 -1 -1 -1000 -1000 -1000 -10 0.0107 
Car -1 -1 -10 147.29 162.18 205.45 245.66 -1 -1 -1 -1000 -1000 -1000 -10 0.0068 
Car -1 -1 -10 1027.40 162.08 1079.26 215.99 -1 -1 -1 -1000 -1000 -1000 -10 0.0062 
Car -1 -1 -10 150.18 237.00 219.65 258.93 -1 -1 -1 -1000 -1000 -1000 -10 0.0024 
Car -1 -1 -10 516.54 168.51 553.88 199.70 -1 -1 -1 -1000 -1000 -1000 -10 0.0024 
Car -1 -1 -10 149.47 168.68 188.45 215.03 -1 -1 -1 -1000 -1000 -1000 -10 0.0020 
Car -1 -1 -10 1027.20 215.83 1079.55 250.83 -1 -1 -1 -1000 -1000 -1000 -10 0.0011 
Car -1 -1 -10 1174.60 130.18 1240.05 159.64 -1 -1 -1 -1000 -1000 -1000 -10 0.0010 
Car -1 -1 -10 165.36 77.21 246.56 110.87 -1 -1 -1 -1000 -1000 -1000 -10 0.0010 
Car -1 -1 -10 1054.10 156.46 1151.08 183.59 -1 -1 -1 -1000 -1000 -1000 -10 0.0010 
Car -1 -1 -10 0.00 216.44 92.29 298.21 -1 -1 -1 -1000 -1000 -1000 -10 0.0008 
Car -1 -1 -10 154.28 172.54 274.59 240.82 -1 -1 -1 -1000 -1000 -1000 -10 0.0006 
Car -1 -1 -10 1146.10 174.46 1231.63 245.88 -1 -1 -1 -1000 -1000 -1000 -10 0.0006 
Car -1 -1 -10 1123.90 120.99 1171.12 144.82 -1 -1 -1 -1000 -1000 -1000 -10 0.0005 
Car -1 -1 -10 841.83 28.02 932.56 61.43 -1 -1 -1 -1000 -1000 -1000 -10 0.0005 
Car -1 -1 -10 1199.00 179.94 1243.03 203.42 -1 -1 -1 -1000 -1000 -1000 -10 0.0005 
Car -1 -1 -10 195.74 269.37 273.08 310.27 -1 -1 -1 -1000 -1000 -1000 -10 0.0004 
Car -1 -1 -10 273.79 159.87 398.11 211.25 -1 -1 -1 -1000 -1000 -1000 -10 0.0004 
Car -1 -1 -10 283.27 161.10 364.30 197.94 -1 -1 -1 -1000 -1000 -1000 -10 0.0003 
Car -1 -1 -10 1163.00 123.92 1212.29 162.75 -1 -1 -1 -1000 -1000 -1000 -10 0.0003 
Car -1 -1 -10 149.31 79.07 266.61 127.75 -1 -1 -1 -1000 -1000 -1000 -10 0.0003 
Car -1 -1 -10 114.73 236.50 192.44 260.64 -1 -1 -1 -1000 -1000 -1000 -10 0.0002 
Car -1 -1 -10 1110.10 112.24 1168.81 138.16 -1 -1 -1 -1000 -1000 -1000 -10 0.0002 
Car -1 -1 -10 526.55 169.83 565.12 195.48 -1 -1 -1 -1000 -1000 -1000 -10 0.0002 
Car -1 -1 -10 0.00 245.60 37.32 292.74 -1 -1 -1 -1000 -1000 -1000 -10 0.0002 
Car -1 -1 -10 455.50 165.51 539.21 207.43 -1 -1 -1 -1000 -1000 -1000 -10 0.0002 
Car -1 -1 -10 351.55 95.45 406.97 120.28 -1 -1 -1 -1000 -1000 -1000 -10 0.0002 
Car -1 -1 -10 219.01 259.87 294.42 310.21 -1 -1 -1 -1000 -1000 -1000 -10 0.0002 
Car -1 -1 -10 494.06 165.84 552.42 204.06 -1 -1 -1 -1000 -1000 -1000 -10 0.0002 
Car -1 -1 -10 1032.40 236.36 1092.87 264.29 -1 -1 -1 -1000 -1000 -1000 -10 0.0002 
Car -1 -1 -10 1141.50 123.21 1205.57 153.45 -1 -1 -1 -1000 -1000 -1000 -10 0.0002 
Car -1 -1 -10 360.59 156.49 508.10 246.48 -1 -1 -1 -1000 -1000 -1000 -10 0.0002 
Car -1 -1 -10 835.02 41.85 884.82 66.99 -1 -1 -1 -1000 -1000 -1000 -10 0.0001 
Car -1 -1 -10 1195.60 149.78 1243.00 181.92 -1 -1 -1 -1000 -1000 -1000 -10 0.0001 
Car -1 -1 -10 125.01 201.10 198.19 257.74 -1 -1 -1 -1000 -1000 -1000 -10 0.0001 
Car -1 -1 -10 1189.00 176.68 1243.00 235.92 -1 -1 -1 -1000 -1000 -1000 -10 0.0001 
Car -1 -1 -10 1123.50 169.47 1226.17 218.83 -1 -1 -1 -1000 -1000 -1000 -10 0.0001 
Car -1 -1 -10 165.18 270.07 251.46 316.02 -1 -1 -1 -1000 -1000 -1000 -10 0.0001 
Car -1 -1 -10 150.09 118.30 241.47 155.81 -1 -1 -1 -1000 -1000 -1000 -10 0.0001 
Car -1 -1 -10 1164.60 114.04 1231.66 151.89 -1 -1 -1 -1000 -1000 -1000 -10 0.0001 
Car -1 -1 -10 140.18 118.23 273.43 175.86 -1 -1 -1 -1000 -1000 -1000 -10 0.0001 
Car -1 -1 -10 1165.90 132.60 1243.03 181.44 -1 -1 -1 -1000 -1000 -1000 -10 0.0001 
Car -1 -1 -10 910.89 28.16 1006.87 77.35 -1 -1 -1 -1000 -1000 -1000 -10 0.0001 
Car -1 -1 -10 103.04 232.28 168.91 264.88 -1 -1 -1 -1000 -1000 -1000 -10 0.0001 
Car -1 -1 -10 475.36 163.37 518.59 213.45 -1 -1 -1 -1000 -1000 -1000 -10 0.0001 
Car -1 -1 -10 880.48 170.64 974.70 214.38 -1 -1 -1 -1000 -1000 -1000 -10 0.0001 
Car -1 -1 -10 0.00 204.68 152.93 306.38 -1 -1 -1 -1000 -1000 -1000 -10 0.0000 
Car -1 -1 -10 84.52 209.02 187.31 262.84 -1 -1 -1 -1000 -1000 -1000 -10 0.0000 
Car -1 -1 -10 152.59 141.14 227.23 217.23 -1 -1 -1 -1000 -1000 -1000 -10 0.0000 
Car -1 -1 -10 1093.30 155.97 1175.27 205.33 -1 -1 -1 -1000 -1000 -1000 -10 0.0000 
Car -1 -1 -10 219.66 174.41 310.55 217.64 -1 -1 -1 -1000 -1000 -1000 -10 0.0000 
Car -1 -1 -10 234.42 170.13 302.26 200.18 -1 -1 -1 -1000 -1000 -1000 -10 0.0000 
Car -1 -1 -10 1118.30 124.57 1184.90 156.52 -1 -1 -1 -1000 -1000 -1000 -10 0.0000 
Car -1 -1 -10 874.32 136.07 909.91 179.18 -1 -1 -1 -1000 -1000 -1000 -10 0.0000 
Car -1 -1 -10 183.05 204.71 248.95 253.68 -1 -1 -1 -1000 -1000 -1000 -10 0.0000 
Car -1 -1 -10 1136.50 129.12 1214.12 182.29 -1 -1 -1 -1000 -1000 -1000 -10 0.0000 
Car -1 -1 -10 269.04 165.22 321.19 194.66 -1 -1 -1 -1000 -1000 -1000 -10 0.0000 
