Car -1 -1 -10 732.99 166.90 893.98 280.25 -1 -1 -1 -1000 -1000 -1000 -10 1.0000 
Car -1 -1 -10 841.22 107.21 886.27 139.62 -1 -1 -1 -1000 -1000 -1000 -10 0.0095 
Car -1 -1 -10 0.00 61.50 50.38 104.65 -1 -1 -1 -1000 -1000 -1000 -10 0.0030 
Car -1 -1 -10 26.48 281.08 71.56 315.05 -1 -1 -1 -1000 -1000 -1000 -10 0.0011 
Car -1 -1 -10 51.30 288.98 109.55 316.06 -1 -1 -1 -1000 -1000 -1000 -10 0.0009 
Car -1 -1 -10 427.56 138.29 479.73 163.25 -1 -1 -1 -1000 -1000 -1000 -10 0.0004 
Car -1 -1 -10 1072.90 317.71 1145.49 355.32 -1 -1 -1 -1000 -1000 -1000 -10 0.0003 
Car -1 -1 -10 105.57 282.65 181.44 318.11 -1 -1 -1 -1000 -1000 -1000 -10 0.0001 
Car -1 -1 -10 730.84 167.87 872.57 233.32 -1 -1 -1 -1000 -1000 -1000 -10 0.0001 
Car -1 -1 -10 560.28 113.81 617.42 140.07 -1 -1 -1 -1000 -1000 -1000 -10 0.0001 
Car -1 -1 -10 98.23 120.85 193.36 168.01 -1 -1 -1 -1000 -1000 -1000 -10 0.0000 
Car -1 -1 -10 818.48 133.58 880.62 168.29 -1 -1 -1 -1000 -1000 -1000 -10 0.0000 
Car -1 -1 -10 586.50 58.71 663.22 85.33 -1 -1 -1 -1000 -1000 -1000 -10 0.0000 
Car -1 -1 -10 225.32 115.26 322.62 160.53 -1 -1 -1 -1000 -1000 -1000 -10 0.0000 
Car -1 -1 -10 0.00 86.80 59.28 114.57 -1 -1 -1 -1000 -1000 -1000 -10 0.0000 
Car -1 -1 -10 24.20 85.68 105.95 116.85 -1 -1 -1 -1000 -1000 -1000 -10 0.0000 
Car -1 -1 -10 823.57 144.66 869.96 179.05 -1 -1 -1 -1000 -1000 -1000 -10 0.0000 
Car -1 -1 -10 723.37 195.29 781.27 233.19 -1 -1 -1 -1000 -1000 -1000 -10 0.0000 
Car -1 -1 -10 730.58 190.86 853.88 245.54 -1 -1 -1 -1000 -1000 -1000 -10 0.0000 
Car -1 -1 -10 730.08 166.52 801.48 249.01 -1 -1 -1 -1000 -1000 -1000 -10 0.0000 
Car -1 -1 -10 797.41 181.26 896.87 264.55 -1 -1 -1 -1000 -1000 -1000 -10 0.0000 
