Car -1 -1 -10 484.66 179.44 536.80 217.57 -1 -1 -1 -1000 -1000 -1000 -10 1.0000 
Car -1 -1 -10 763.27 185.29 977.62 310.72 -1 -1 -1 -1000 -1000 -1000 -10 0.9999 
Car -1 -1 -10 139.58 193.72 384.15 321.64 -1 -1 -1 -1000 -1000 -1000 -10 0.9998 
Car -1 -1 -10 319.43 189.30 454.67 265.68 -1 -1 -1 -1000 -1000 -1000 -10 0.9984 
Car -1 -1 -10 726.70 182.32 839.91 258.88 -1 -1 -1 -1000 -1000 -1000 -10 0.9919 
Car -1 -1 -10 951.06 174.95 1036.64 213.12 -1 -1 -1 -1000 -1000 -1000 -10 0.8771 
Car -1 -1 -10 687.90 178.57 738.35 222.13 -1 -1 -1 -1000 -1000 -1000 -10 0.8252 
Car -1 -1 -10 877.11 186.39 1231.05 376.00 -1 -1 -1 -1000 -1000 -1000 -10 0.7046 
Car -1 -1 -10 701.53 179.05 780.71 230.50 -1 -1 -1 -1000 -1000 -1000 -10 0.6388 
Car -1 -1 -10 605.01 173.89 652.08 193.38 -1 -1 -1 -1000 -1000 -1000 -10 0.5691 
Car -1 -1 -10 187.20 186.12 235.74 209.38 -1 -1 -1 -1000 -1000 -1000 -10 0.4200 
Car -1 -1 -10 1145.70 176.45 1217.14 210.71 -1 -1 -1 -1000 -1000 -1000 -10 0.3551 
Car -1 -1 -10 503.55 179.43 553.13 211.12 -1 -1 -1 -1000 -1000 -1000 -10 0.3067 
Car -1 -1 -10 1143.90 175.77 1234.47 232.37 -1 -1 -1 -1000 -1000 -1000 -10 0.0655 
Car -1 -1 -10 997.41 169.17 1069.06 206.44 -1 -1 -1 -1000 -1000 -1000 -10 0.0467 
Car -1 -1 -10 1021.80 168.38 1079.04 200.78 -1 -1 -1 -1000 -1000 -1000 -10 0.0342 
Car -1 -1 -10 1090.10 176.20 1153.77 207.50 -1 -1 -1 -1000 -1000 -1000 -10 0.0231 
Car -1 -1 -10 2.45 194.97 274.60 330.73 -1 -1 -1 -1000 -1000 -1000 -10 0.0183 
Car -1 -1 -10 876.88 172.65 938.39 204.92 -1 -1 -1 -1000 -1000 -1000 -10 0.0134 
Car -1 -1 -10 1051.50 172.77 1160.10 230.36 -1 -1 -1 -1000 -1000 -1000 -10 0.0091 
Car -1 -1 -10 797.45 190.36 1098.65 318.52 -1 -1 -1 -1000 -1000 -1000 -10 0.0029 
Car -1 -1 -10 232.98 192.57 410.95 285.58 -1 -1 -1 -1000 -1000 -1000 -10 0.0007 
Car -1 -1 -10 17.32 220.83 150.59 257.64 -1 -1 -1 -1000 -1000 -1000 -10 0.0006 
Car -1 -1 -10 183.72 185.55 244.74 248.91 -1 -1 -1 -1000 -1000 -1000 -10 0.0003 
Car -1 -1 -10 947.58 237.37 1024.12 292.36 -1 -1 -1 -1000 -1000 -1000 -10 0.0002 
Car -1 -1 -10 689.53 177.89 716.99 215.61 -1 -1 -1 -1000 -1000 -1000 -10 0.0002 
Car -1 -1 -10 0.00 193.73 220.03 260.21 -1 -1 -1 -1000 -1000 -1000 -10 0.0002 
Car -1 -1 -10 223.35 195.18 272.50 216.00 -1 -1 -1 -1000 -1000 -1000 -10 0.0002 
Car -1 -1 -10 301.57 195.03 372.19 224.68 -1 -1 -1 -1000 -1000 -1000 -10 0.0001 
Car -1 -1 -10 1038.80 156.51 1112.08 195.22 -1 -1 -1 -1000 -1000 -1000 -10 0.0001 
Car -1 -1 -10 953.50 180.69 1002.13 221.46 -1 -1 -1 -1000 -1000 -1000 -10 0.0001 
Car -1 -1 -10 676.90 174.86 710.21 197.97 -1 -1 -1 -1000 -1000 -1000 -10 0.0000 
Car -1 -1 -10 168.27 212.35 241.16 273.83 -1 -1 -1 -1000 -1000 -1000 -10 0.0000 
Car -1 -1 -10 73.28 229.12 158.88 285.39 -1 -1 -1 -1000 -1000 -1000 -10 0.0000 
Car -1 -1 -10 0.00 194.56 98.31 239.98 -1 -1 -1 -1000 -1000 -1000 -10 0.0000 
Car -1 -1 -10 903.28 229.77 1069.97 310.92 -1 -1 -1 -1000 -1000 -1000 -10 0.0000 
Car -1 -1 -10 290.29 195.22 377.85 245.09 -1 -1 -1 -1000 -1000 -1000 -10 0.0000 
Car -1 -1 -10 340.41 190.66 397.63 234.88 -1 -1 -1 -1000 -1000 -1000 -10 0.0000 
Car -1 -1 -10 1104.80 187.78 1166.67 222.50 -1 -1 -1 -1000 -1000 -1000 -10 0.0000 
Car -1 -1 -10 922.17 178.30 966.24 204.73 -1 -1 -1 -1000 -1000 -1000 -10 0.0000 
Car -1 -1 -10 57.29 204.06 157.47 265.67 -1 -1 -1 -1000 -1000 -1000 -10 0.0000 
Car -1 -1 -10 42.65 234.07 199.91 333.82 -1 -1 -1 -1000 -1000 -1000 -10 0.0000 
Car -1 -1 -10 946.88 195.86 1178.86 330.31 -1 -1 -1 -1000 -1000 -1000 -10 0.0000 
Car -1 -1 -10 1117.80 66.93 1191.20 100.56 -1 -1 -1 -1000 -1000 -1000 -10 0.0000 
