Car -1 -1 -10 31.11 224.19 134.86 258.51 -1 -1 -1 -1000 -1000 -1000 -10 0.0131 
Car -1 -1 -10 1141.80 225.28 1224.95 255.82 -1 -1 -1 -1000 -1000 -1000 -10 0.0103 
Car -1 -1 -10 1053.00 204.10 1135.34 261.56 -1 -1 -1 -1000 -1000 -1000 -10 0.0044 
Car -1 -1 -10 1138.60 280.94 1224.99 322.50 -1 -1 -1 -1000 -1000 -1000 -10 0.0034 
Car -1 -1 -10 1167.90 223.60 1225.04 245.19 -1 -1 -1 -1000 -1000 -1000 -10 0.0029 
Car -1 -1 -10 1183.80 225.90 1225.03 262.85 -1 -1 -1 -1000 -1000 -1000 -10 0.0014 
Car -1 -1 -10 956.82 102.12 1044.03 135.58 -1 -1 -1 -1000 -1000 -1000 -10 0.0010 
Car -1 -1 -10 987.45 128.94 1045.31 160.38 -1 -1 -1 -1000 -1000 -1000 -10 0.0010 
Car -1 -1 -10 938.89 144.91 1031.43 183.99 -1 -1 -1 -1000 -1000 -1000 -10 0.0007 
Car -1 -1 -10 994.16 256.92 1074.28 301.16 -1 -1 -1 -1000 -1000 -1000 -10 0.0007 
Car -1 -1 -10 995.30 97.34 1134.00 130.87 -1 -1 -1 -1000 -1000 -1000 -10 0.0006 
Car -1 -1 -10 835.69 120.12 928.03 153.98 -1 -1 -1 -1000 -1000 -1000 -10 0.0005 
Car -1 -1 -10 1014.00 152.04 1085.30 192.72 -1 -1 -1 -1000 -1000 -1000 -10 0.0004 
Car -1 -1 -10 849.09 118.38 919.77 142.92 -1 -1 -1 -1000 -1000 -1000 -10 0.0003 
Car -1 -1 -10 941.50 40.91 1105.49 79.44 -1 -1 -1 -1000 -1000 -1000 -10 0.0003 
Car -1 -1 -10 997.89 120.67 1055.40 152.37 -1 -1 -1 -1000 -1000 -1000 -10 0.0002 
Car -1 -1 -10 991.00 118.32 1079.90 162.00 -1 -1 -1 -1000 -1000 -1000 -10 0.0001 
Car -1 -1 -10 875.79 121.56 962.97 175.25 -1 -1 -1 -1000 -1000 -1000 -10 0.0001 
Car -1 -1 -10 898.56 24.74 975.78 93.35 -1 -1 -1 -1000 -1000 -1000 -10 0.0000 
Car -1 -1 -10 921.10 122.19 993.03 160.77 -1 -1 -1 -1000 -1000 -1000 -10 0.0000 
Car -1 -1 -10 833.88 112.95 884.88 139.30 -1 -1 -1 -1000 -1000 -1000 -10 0.0000 
Car -1 -1 -10 969.90 108.40 1040.37 159.90 -1 -1 -1 -1000 -1000 -1000 -10 0.0000 
Car -1 -1 -10 1190.10 262.81 1224.98 322.50 -1 -1 -1 -1000 -1000 -1000 -10 0.0000 
Car -1 -1 -10 1069.80 76.75 1154.87 122.17 -1 -1 -1 -1000 -1000 -1000 -10 0.0000 
Car -1 -1 -10 880.84 117.98 980.99 155.93 -1 -1 -1 -1000 -1000 -1000 -10 0.0000 
Car -1 -1 -10 1000.50 104.30 1080.49 131.64 -1 -1 -1 -1000 -1000 -1000 -10 0.0000 
Car -1 -1 -10 141.53 163.18 216.93 197.65 -1 -1 -1 -1000 -1000 -1000 -10 0.0000 
Car -1 -1 -10 1033.40 110.65 1117.38 135.28 -1 -1 -1 -1000 -1000 -1000 -10 0.0000 
Car -1 -1 -10 1002.30 113.71 1086.49 141.75 -1 -1 -1 -1000 -1000 -1000 -10 0.0000 
Car -1 -1 -10 710.83 209.37 796.45 249.74 -1 -1 -1 -1000 -1000 -1000 -10 0.0000 
Car -1 -1 -10 848.07 114.70 888.72 133.38 -1 -1 -1 -1000 -1000 -1000 -10 0.0000 
Car -1 -1 -10 895.31 105.59 1032.80 137.67 -1 -1 -1 -1000 -1000 -1000 -10 0.0000 
Car -1 -1 -10 884.60 109.86 971.29 132.92 -1 -1 -1 -1000 -1000 -1000 -10 0.0000 
Car -1 -1 -10 934.87 117.55 1021.57 146.29 -1 -1 -1 -1000 -1000 -1000 -10 0.0000 
Car -1 -1 -10 990.86 104.68 1107.41 149.15 -1 -1 -1 -1000 -1000 -1000 -10 0.0000 
Car -1 -1 -10 479.05 27.78 633.17 82.53 -1 -1 -1 -1000 -1000 -1000 -10 0.0000 
Car -1 -1 -10 113.22 182.91 196.85 212.64 -1 -1 -1 -1000 -1000 -1000 -10 0.0000 
Car -1 -1 -10 873.98 117.43 934.98 140.72 -1 -1 -1 -1000 -1000 -1000 -10 0.0000 
Car -1 -1 -10 0.00 13.53 101.08 106.75 -1 -1 -1 -1000 -1000 -1000 -10 0.0000 
Car -1 -1 -10 279.07 204.61 457.67 256.14 -1 -1 -1 -1000 -1000 -1000 -10 0.0000 
