Car -1 -1 -10 505.25 176.04 552.86 209.76 -1 -1 -1 -1000 -1000 -1000 -10 1.0000 
Car -1 -1 -10 303.04 179.03 363.38 211.81 -1 -1 -1 -1000 -1000 -1000 -10 0.9999 
Car -1 -1 -10 567.11 175.93 622.02 226.42 -1 -1 -1 -1000 -1000 -1000 -10 0.9992 
Car -1 -1 -10 430.68 171.70 465.58 190.17 -1 -1 -1 -1000 -1000 -1000 -10 0.1767 
Car -1 -1 -10 545.02 168.65 578.05 194.50 -1 -1 -1 -1000 -1000 -1000 -10 0.0044 
Car -1 -1 -10 1165.50 73.99 1226.09 98.98 -1 -1 -1 -1000 -1000 -1000 -10 0.0011 
Car -1 -1 -10 1136.10 74.07 1219.92 106.86 -1 -1 -1 -1000 -1000 -1000 -10 0.0007 
Car -1 -1 -10 1111.30 103.53 1161.14 132.43 -1 -1 -1 -1000 -1000 -1000 -10 0.0005 
Car -1 -1 -10 107.23 173.47 171.34 206.38 -1 -1 -1 -1000 -1000 -1000 -10 0.0002 
Car -1 -1 -10 692.41 176.34 742.17 190.47 -1 -1 -1 -1000 -1000 -1000 -10 0.0001 
Car -1 -1 -10 540.60 167.59 563.00 200.66 -1 -1 -1 -1000 -1000 -1000 -10 0.0001 
Car -1 -1 -10 777.06 111.68 873.98 163.40 -1 -1 -1 -1000 -1000 -1000 -10 0.0000 
Car -1 -1 -10 109.14 169.03 207.87 213.75 -1 -1 -1 -1000 -1000 -1000 -10 0.0000 
Car -1 -1 -10 126.88 56.58 198.45 98.58 -1 -1 -1 -1000 -1000 -1000 -10 0.0000 
Car -1 -1 -10 774.62 104.25 818.88 125.23 -1 -1 -1 -1000 -1000 -1000 -10 0.0000 
Car -1 -1 -10 578.66 173.03 616.52 194.64 -1 -1 -1 -1000 -1000 -1000 -10 0.0000 
Car -1 -1 -10 82.76 39.64 158.42 78.25 -1 -1 -1 -1000 -1000 -1000 -10 0.0000 
Car -1 -1 -10 238.04 184.25 316.43 200.04 -1 -1 -1 -1000 -1000 -1000 -10 0.0000 
