Car -1 -1 -10 1031.80 183.31 1158.97 232.87 -1 -1 -1 -1000 -1000 -1000 -10 0.9999 
Car -1 -1 -10 956.80 182.02 1069.60 233.34 -1 -1 -1 -1000 -1000 -1000 -10 0.9999 
Car -1 -1 -10 1096.50 183.60 1224.96 236.19 -1 -1 -1 -1000 -1000 -1000 -10 0.9995 
Car -1 -1 -10 595.81 172.48 637.56 200.44 -1 -1 -1 -1000 -1000 -1000 -10 0.3449 
Car -1 -1 -10 1191.50 169.25 1225.04 192.59 -1 -1 -1 -1000 -1000 -1000 -10 0.0099 
Car -1 -1 -10 439.00 54.64 501.67 83.21 -1 -1 -1 -1000 -1000 -1000 -10 0.0064 
Car -1 -1 -10 1148.90 200.71 1225.04 235.38 -1 -1 -1 -1000 -1000 -1000 -10 0.0051 
Car -1 -1 -10 1103.20 183.92 1172.81 227.62 -1 -1 -1 -1000 -1000 -1000 -10 0.0042 
Car -1 -1 -10 1188.40 165.80 1225.00 226.05 -1 -1 -1 -1000 -1000 -1000 -10 0.0034 
Car -1 -1 -10 73.69 179.08 127.19 204.40 -1 -1 -1 -1000 -1000 -1000 -10 0.0029 
Car -1 -1 -10 315.57 72.18 365.68 96.04 -1 -1 -1 -1000 -1000 -1000 -10 0.0021 
Car -1 -1 -10 152.10 171.60 204.31 201.41 -1 -1 -1 -1000 -1000 -1000 -10 0.0020 
Car -1 -1 -10 0.00 143.19 45.21 196.18 -1 -1 -1 -1000 -1000 -1000 -10 0.0018 
Car -1 -1 -10 446.69 168.72 481.66 221.04 -1 -1 -1 -1000 -1000 -1000 -10 0.0015 
Car -1 -1 -10 777.39 197.72 847.35 216.48 -1 -1 -1 -1000 -1000 -1000 -10 0.0014 
Car -1 -1 -10 960.48 184.76 1020.51 218.93 -1 -1 -1 -1000 -1000 -1000 -10 0.0011 
Car -1 -1 -10 783.78 190.16 836.24 212.04 -1 -1 -1 -1000 -1000 -1000 -10 0.0008 
Car -1 -1 -10 0.00 147.50 39.22 175.40 -1 -1 -1 -1000 -1000 -1000 -10 0.0006 
Car -1 -1 -10 354.27 40.87 401.35 66.72 -1 -1 -1 -1000 -1000 -1000 -10 0.0006 
Car -1 -1 -10 839.24 206.28 920.02 231.78 -1 -1 -1 -1000 -1000 -1000 -10 0.0002 
Car -1 -1 -10 327.99 167.59 380.97 190.58 -1 -1 -1 -1000 -1000 -1000 -10 0.0002 
Car -1 -1 -10 443.65 184.47 477.58 250.04 -1 -1 -1 -1000 -1000 -1000 -10 0.0001 
Car -1 -1 -10 514.89 86.40 589.31 139.46 -1 -1 -1 -1000 -1000 -1000 -10 0.0001 
Car -1 -1 -10 182.57 179.42 235.01 199.46 -1 -1 -1 -1000 -1000 -1000 -10 0.0000 
Car -1 -1 -10 151.81 187.79 197.80 203.71 -1 -1 -1 -1000 -1000 -1000 -10 0.0000 
Car -1 -1 -10 944.66 192.52 1000.74 230.33 -1 -1 -1 -1000 -1000 -1000 -10 0.0000 
Car -1 -1 -10 0.00 40.13 58.00 72.78 -1 -1 -1 -1000 -1000 -1000 -10 0.0000 
Car -1 -1 -10 143.54 185.61 200.03 220.98 -1 -1 -1 -1000 -1000 -1000 -10 0.0000 
Car -1 -1 -10 393.95 173.46 441.95 186.12 -1 -1 -1 -1000 -1000 -1000 -10 0.0000 
Car -1 -1 -10 1070.00 114.48 1190.47 149.92 -1 -1 -1 -1000 -1000 -1000 -10 0.0000 
