Car -1 -1 -10 354.87 186.85 478.78 268.76 -1 -1 -1 -1000 -1000 -1000 -10 1.0000 
Car -1 -1 -10 482.22 176.47 537.32 215.75 -1 -1 -1 -1000 -1000 -1000 -10 0.9999 
Car -1 -1 -10 620.48 174.51 672.44 223.44 -1 -1 -1 -1000 -1000 -1000 -10 0.9995 
Car -1 -1 -10 0.00 217.68 247.33 374.20 -1 -1 -1 -1000 -1000 -1000 -10 0.1062 
Car -1 -1 -10 72.58 215.59 174.52 243.78 -1 -1 -1 -1000 -1000 -1000 -10 0.1010 
Car -1 -1 -10 1036.40 294.49 1114.20 343.02 -1 -1 -1 -1000 -1000 -1000 -10 0.0561 
Car -1 -1 -10 1007.00 270.47 1062.13 302.29 -1 -1 -1 -1000 -1000 -1000 -10 0.0219 
Car -1 -1 -10 968.38 282.15 1032.26 313.50 -1 -1 -1 -1000 -1000 -1000 -10 0.0188 
Car -1 -1 -10 1002.40 249.49 1043.12 287.10 -1 -1 -1 -1000 -1000 -1000 -10 0.0172 
Car -1 -1 -10 1016.20 253.40 1066.38 294.35 -1 -1 -1 -1000 -1000 -1000 -10 0.0121 
Car -1 -1 -10 689.58 59.69 739.69 90.13 -1 -1 -1 -1000 -1000 -1000 -10 0.0116 
Car -1 -1 -10 228.17 187.46 275.17 218.26 -1 -1 -1 -1000 -1000 -1000 -10 0.0054 
Car -1 -1 -10 694.74 37.71 749.81 74.14 -1 -1 -1 -1000 -1000 -1000 -10 0.0050 
Car -1 -1 -10 999.90 274.15 1079.94 317.96 -1 -1 -1 -1000 -1000 -1000 -10 0.0046 
Car -1 -1 -10 677.48 40.30 736.37 66.27 -1 -1 -1 -1000 -1000 -1000 -10 0.0035 
Car -1 -1 -10 1045.90 180.12 1101.13 201.59 -1 -1 -1 -1000 -1000 -1000 -10 0.0027 
Car -1 -1 -10 1012.40 281.59 1093.40 338.39 -1 -1 -1 -1000 -1000 -1000 -10 0.0018 
Car -1 -1 -10 79.45 96.52 165.76 129.62 -1 -1 -1 -1000 -1000 -1000 -10 0.0018 
Car -1 -1 -10 1091.80 263.93 1142.33 295.20 -1 -1 -1 -1000 -1000 -1000 -10 0.0014 
Car -1 -1 -10 691.45 66.89 753.45 103.63 -1 -1 -1 -1000 -1000 -1000 -10 0.0011 
Car -1 -1 -10 41.52 215.56 184.02 262.93 -1 -1 -1 -1000 -1000 -1000 -10 0.0011 
Car -1 -1 -10 665.43 96.97 735.18 123.15 -1 -1 -1 -1000 -1000 -1000 -10 0.0011 
Car -1 -1 -10 1138.10 79.87 1205.85 118.44 -1 -1 -1 -1000 -1000 -1000 -10 0.0008 
Car -1 -1 -10 7.74 183.78 83.09 231.75 -1 -1 -1 -1000 -1000 -1000 -10 0.0007 
Car -1 -1 -10 699.15 31.25 783.68 62.84 -1 -1 -1 -1000 -1000 -1000 -10 0.0005 
Car -1 -1 -10 264.78 186.69 338.21 218.65 -1 -1 -1 -1000 -1000 -1000 -10 0.0004 
Car -1 -1 -10 213.17 218.85 268.32 255.58 -1 -1 -1 -1000 -1000 -1000 -10 0.0003 
Car -1 -1 -10 0.00 294.69 88.52 358.04 -1 -1 -1 -1000 -1000 -1000 -10 0.0002 
Car -1 -1 -10 1164.80 185.22 1238.27 212.32 -1 -1 -1 -1000 -1000 -1000 -10 0.0002 
Car -1 -1 -10 703.22 150.83 737.22 180.19 -1 -1 -1 -1000 -1000 -1000 -10 0.0002 
Car -1 -1 -10 182.12 231.05 254.04 259.69 -1 -1 -1 -1000 -1000 -1000 -10 0.0002 
Car -1 -1 -10 420.78 184.51 478.46 248.16 -1 -1 -1 -1000 -1000 -1000 -10 0.0001 
Car -1 -1 -10 29.37 221.45 215.63 307.03 -1 -1 -1 -1000 -1000 -1000 -10 0.0001 
Car -1 -1 -10 1092.10 83.17 1207.92 130.94 -1 -1 -1 -1000 -1000 -1000 -10 0.0001 
Car -1 -1 -10 128.76 226.17 202.89 252.95 -1 -1 -1 -1000 -1000 -1000 -10 0.0001 
Car -1 -1 -10 432.91 187.21 475.84 227.88 -1 -1 -1 -1000 -1000 -1000 -10 0.0001 
Car -1 -1 -10 364.32 191.22 425.74 259.46 -1 -1 -1 -1000 -1000 -1000 -10 0.0001 
Car -1 -1 -10 289.55 185.89 350.69 211.90 -1 -1 -1 -1000 -1000 -1000 -10 0.0000 
Car -1 -1 -10 203.72 183.21 259.95 207.41 -1 -1 -1 -1000 -1000 -1000 -10 0.0000 
Car -1 -1 -10 1071.50 15.48 1218.72 106.94 -1 -1 -1 -1000 -1000 -1000 -10 0.0000 
Car -1 -1 -10 231.02 32.08 356.17 85.79 -1 -1 -1 -1000 -1000 -1000 -10 0.0000 
Car -1 -1 -10 108.85 229.50 209.99 266.80 -1 -1 -1 -1000 -1000 -1000 -10 0.0000 
Car -1 -1 -10 1099.90 46.51 1216.19 112.32 -1 -1 -1 -1000 -1000 -1000 -10 0.0000 
