Car -1 -1 -10 772.41 191.14 1092.15 375.27 -1 -1 -1 -1000 -1000 -1000 -10 0.9999 
Car -1 -1 -10 678.61 183.71 759.12 245.29 -1 -1 -1 -1000 -1000 -1000 -10 0.9999 
Car -1 -1 -10 654.25 176.19 702.12 218.83 -1 -1 -1 -1000 -1000 -1000 -10 0.9969 
Car -1 -1 -10 258.29 179.17 452.04 242.91 -1 -1 -1 -1000 -1000 -1000 -10 0.9939 
Car -1 -1 -10 327.80 168.33 491.65 235.31 -1 -1 -1 -1000 -1000 -1000 -10 0.9711 
Car -1 -1 -10 43.00 180.27 242.63 346.13 -1 -1 -1 -1000 -1000 -1000 -10 0.9061 
Car -1 -1 -10 0.00 150.21 59.43 191.93 -1 -1 -1 -1000 -1000 -1000 -10 0.4005 
Car -1 -1 -10 41.38 169.60 341.06 290.83 -1 -1 -1 -1000 -1000 -1000 -10 0.3253 
Car -1 -1 -10 638.85 175.66 685.48 205.47 -1 -1 -1 -1000 -1000 -1000 -10 0.1349 
Car -1 -1 -10 916.86 222.49 978.45 261.11 -1 -1 -1 -1000 -1000 -1000 -10 0.0736 
Car -1 -1 -10 479.49 171.71 564.53 200.12 -1 -1 -1 -1000 -1000 -1000 -10 0.0330 
Car -1 -1 -10 448.43 177.17 511.40 219.62 -1 -1 -1 -1000 -1000 -1000 -10 0.0110 
Car -1 -1 -10 892.21 61.86 948.90 83.84 -1 -1 -1 -1000 -1000 -1000 -10 0.0043 
Car -1 -1 -10 287.04 177.74 396.74 216.67 -1 -1 -1 -1000 -1000 -1000 -10 0.0029 
Car -1 -1 -10 1145.30 99.72 1221.83 136.89 -1 -1 -1 -1000 -1000 -1000 -10 0.0026 
Car -1 -1 -10 797.06 101.18 852.96 126.42 -1 -1 -1 -1000 -1000 -1000 -10 0.0019 
Car -1 -1 -10 918.54 62.94 976.51 87.20 -1 -1 -1 -1000 -1000 -1000 -10 0.0016 
Car -1 -1 -10 814.70 96.96 866.75 123.67 -1 -1 -1 -1000 -1000 -1000 -10 0.0011 
Car -1 -1 -10 72.85 172.61 238.18 244.74 -1 -1 -1 -1000 -1000 -1000 -10 0.0011 
Car -1 -1 -10 471.73 177.30 515.47 208.50 -1 -1 -1 -1000 -1000 -1000 -10 0.0010 
Car -1 -1 -10 784.32 91.14 845.96 117.67 -1 -1 -1 -1000 -1000 -1000 -10 0.0008 
Car -1 -1 -10 920.20 274.69 1013.06 330.33 -1 -1 -1 -1000 -1000 -1000 -10 0.0008 
Car -1 -1 -10 1016.00 165.17 1130.33 206.75 -1 -1 -1 -1000 -1000 -1000 -10 0.0007 
Car -1 -1 -10 813.49 81.62 868.45 114.79 -1 -1 -1 -1000 -1000 -1000 -10 0.0007 
Car -1 -1 -10 957.14 67.86 1016.14 100.57 -1 -1 -1 -1000 -1000 -1000 -10 0.0007 
Car -1 -1 -10 775.58 121.24 844.76 151.22 -1 -1 -1 -1000 -1000 -1000 -10 0.0005 
Car -1 -1 -10 854.54 106.88 919.97 142.09 -1 -1 -1 -1000 -1000 -1000 -10 0.0003 
Car -1 -1 -10 922.39 233.68 1068.39 340.31 -1 -1 -1 -1000 -1000 -1000 -10 0.0003 
Car -1 -1 -10 515.74 172.98 556.65 201.23 -1 -1 -1 -1000 -1000 -1000 -10 0.0002 
Car -1 -1 -10 942.20 55.57 1028.02 93.48 -1 -1 -1 -1000 -1000 -1000 -10 0.0002 
Car -1 -1 -10 0.00 157.77 78.63 216.65 -1 -1 -1 -1000 -1000 -1000 -10 0.0002 
Car -1 -1 -10 796.73 107.91 925.75 145.46 -1 -1 -1 -1000 -1000 -1000 -10 0.0001 
Car -1 -1 -10 908.83 207.62 1002.85 265.08 -1 -1 -1 -1000 -1000 -1000 -10 0.0001 
Car -1 -1 -10 776.58 131.60 851.81 170.53 -1 -1 -1 -1000 -1000 -1000 -10 0.0001 
Car -1 -1 -10 193.06 177.09 322.02 225.52 -1 -1 -1 -1000 -1000 -1000 -10 0.0001 
Car -1 -1 -10 748.94 43.44 784.35 69.11 -1 -1 -1 -1000 -1000 -1000 -10 0.0001 
Car -1 -1 -10 840.35 106.83 912.89 160.93 -1 -1 -1 -1000 -1000 -1000 -10 0.0001 
Car -1 -1 -10 1181.50 230.58 1240.16 272.38 -1 -1 -1 -1000 -1000 -1000 -10 0.0001 
Car -1 -1 -10 17.44 177.39 114.39 219.98 -1 -1 -1 -1000 -1000 -1000 -10 0.0001 
Car -1 -1 -10 197.04 177.67 344.20 257.83 -1 -1 -1 -1000 -1000 -1000 -10 0.0001 
Car -1 -1 -10 387.15 170.71 509.08 225.97 -1 -1 -1 -1000 -1000 -1000 -10 0.0000 
Car -1 -1 -10 324.57 176.38 425.29 212.25 -1 -1 -1 -1000 -1000 -1000 -10 0.0000 
Car -1 -1 -10 25.58 214.09 112.51 278.37 -1 -1 -1 -1000 -1000 -1000 -10 0.0000 
Car -1 -1 -10 823.67 130.28 902.09 169.13 -1 -1 -1 -1000 -1000 -1000 -10 0.0000 
Car -1 -1 -10 50.02 185.86 155.29 297.31 -1 -1 -1 -1000 -1000 -1000 -10 0.0000 
Car -1 -1 -10 977.38 293.61 1141.27 364.48 -1 -1 -1 -1000 -1000 -1000 -10 0.0000 
Car -1 -1 -10 342.41 175.81 440.07 244.15 -1 -1 -1 -1000 -1000 -1000 -10 0.0000 
Car -1 -1 -10 0.00 177.44 83.02 301.74 -1 -1 -1 -1000 -1000 -1000 -10 0.0000 
Car -1 -1 -10 253.68 177.47 357.71 241.66 -1 -1 -1 -1000 -1000 -1000 -10 0.0000 
Car -1 -1 -10 952.22 234.51 1039.51 271.05 -1 -1 -1 -1000 -1000 -1000 -10 0.0000 
Car -1 -1 -10 277.27 177.56 358.69 204.53 -1 -1 -1 -1000 -1000 -1000 -10 0.0000 
Car -1 -1 -10 118.59 174.41 213.33 225.87 -1 -1 -1 -1000 -1000 -1000 -10 0.0000 
Car -1 -1 -10 892.11 269.66 995.87 346.63 -1 -1 -1 -1000 -1000 -1000 -10 0.0000 
Car -1 -1 -10 773.47 196.91 874.93 244.60 -1 -1 -1 -1000 -1000 -1000 -10 0.0000 
Car -1 -1 -10 725.15 218.28 834.48 264.56 -1 -1 -1 -1000 -1000 -1000 -10 0.0000 
Car -1 -1 -10 980.49 133.61 1077.23 164.51 -1 -1 -1 -1000 -1000 -1000 -10 0.0000 
Car -1 -1 -10 311.45 191.41 413.53 241.38 -1 -1 -1 -1000 -1000 -1000 -10 0.0000 
Car -1 -1 -10 772.82 194.97 850.05 224.91 -1 -1 -1 -1000 -1000 -1000 -10 0.0000 
Car -1 -1 -10 759.81 205.40 840.03 255.10 -1 -1 -1 -1000 -1000 -1000 -10 0.0000 
