Car -1 -1 -10 1110.80 224.04 1225.00 265.07 -1 -1 -1 -1000 -1000 -1000 -10 0.0111 
Car -1 -1 -10 463.19 211.45 518.00 240.62 -1 -1 -1 -1000 -1000 -1000 -10 0.0040 
Car -1 -1 -10 937.36 145.95 1005.99 181.42 -1 -1 -1 -1000 -1000 -1000 -10 0.0008 
Car -1 -1 -10 515.32 28.47 611.00 77.89 -1 -1 -1 -1000 -1000 -1000 -10 0.0008 
Car -1 -1 -10 928.96 101.87 1073.65 144.60 -1 -1 -1 -1000 -1000 -1000 -10 0.0004 
Car -1 -1 -10 48.64 213.43 140.41 248.92 -1 -1 -1 -1000 -1000 -1000 -10 0.0002 
Car -1 -1 -10 700.45 173.83 782.05 219.73 -1 -1 -1 -1000 -1000 -1000 -10 0.0002 
Car -1 -1 -10 526.60 207.04 617.82 248.25 -1 -1 -1 -1000 -1000 -1000 -10 0.0001 
Car -1 -1 -10 3.89 217.31 53.84 242.88 -1 -1 -1 -1000 -1000 -1000 -10 0.0001 
Car -1 -1 -10 1167.80 274.23 1222.92 320.43 -1 -1 -1 -1000 -1000 -1000 -10 0.0001 
Car -1 -1 -10 886.06 117.08 991.23 155.00 -1 -1 -1 -1000 -1000 -1000 -10 0.0001 
Car -1 -1 -10 838.73 120.75 925.63 148.91 -1 -1 -1 -1000 -1000 -1000 -10 0.0001 
Car -1 -1 -10 890.34 114.20 988.71 137.43 -1 -1 -1 -1000 -1000 -1000 -10 0.0001 
Car -1 -1 -10 960.43 222.27 1032.58 279.98 -1 -1 -1 -1000 -1000 -1000 -10 0.0001 
Car -1 -1 -10 868.04 121.35 947.98 145.84 -1 -1 -1 -1000 -1000 -1000 -10 0.0000 
Car -1 -1 -10 844.92 221.25 952.15 254.03 -1 -1 -1 -1000 -1000 -1000 -10 0.0000 
Car -1 -1 -10 949.66 100.00 1018.32 132.61 -1 -1 -1 -1000 -1000 -1000 -10 0.0000 
Car -1 -1 -10 912.53 101.22 974.19 131.58 -1 -1 -1 -1000 -1000 -1000 -10 0.0000 
Car -1 -1 -10 343.68 207.39 388.24 244.61 -1 -1 -1 -1000 -1000 -1000 -10 0.0000 
Car -1 -1 -10 918.94 109.98 1015.18 143.33 -1 -1 -1 -1000 -1000 -1000 -10 0.0000 
Car -1 -1 -10 873.78 116.51 944.39 133.40 -1 -1 -1 -1000 -1000 -1000 -10 0.0000 
Car -1 -1 -10 840.76 59.98 1187.35 284.68 -1 -1 -1 -1000 -1000 -1000 -10 0.0000 
Car -1 -1 -10 256.25 205.10 359.81 247.30 -1 -1 -1 -1000 -1000 -1000 -10 0.0000 
Car -1 -1 -10 240.57 214.19 336.46 260.90 -1 -1 -1 -1000 -1000 -1000 -10 0.0000 
Car -1 -1 -10 934.51 93.09 987.26 127.75 -1 -1 -1 -1000 -1000 -1000 -10 0.0000 
Car -1 -1 -10 879.37 107.23 931.07 126.44 -1 -1 -1 -1000 -1000 -1000 -10 0.0000 
Car -1 -1 -10 611.69 48.53 733.65 88.54 -1 -1 -1 -1000 -1000 -1000 -10 0.0000 
