Car -1 -1 -10 574.19 174.56 612.14 210.38 -1 -1 -1 -1000 -1000 -1000 -10 0.9998 
Car -1 -1 -10 327.09 182.96 454.15 259.44 -1 -1 -1 -1000 -1000 -1000 -10 0.9990 
Car -1 -1 -10 440.20 180.85 507.11 225.81 -1 -1 -1 -1000 -1000 -1000 -10 0.9988 
Car -1 -1 -10 287.50 181.23 366.51 233.63 -1 -1 -1 -1000 -1000 -1000 -10 0.8336 
Car -1 -1 -10 11.63 175.72 316.63 377.00 -1 -1 -1 -1000 -1000 -1000 -10 0.6375 
Car -1 -1 -10 194.27 168.64 289.69 225.13 -1 -1 -1 -1000 -1000 -1000 -10 0.5572 
Car -1 -1 -10 44.79 175.80 273.66 274.30 -1 -1 -1 -1000 -1000 -1000 -10 0.0831 
Car -1 -1 -10 441.86 171.87 478.16 222.59 -1 -1 -1 -1000 -1000 -1000 -10 0.0399 
Car -1 -1 -10 469.11 161.06 514.16 205.93 -1 -1 -1 -1000 -1000 -1000 -10 0.0332 
Car -1 -1 -10 1061.50 330.46 1130.67 360.33 -1 -1 -1 -1000 -1000 -1000 -10 0.0250 
Car -1 -1 -10 502.42 160.95 549.60 204.16 -1 -1 -1 -1000 -1000 -1000 -10 0.0177 
Car -1 -1 -10 823.08 254.93 894.15 282.17 -1 -1 -1 -1000 -1000 -1000 -10 0.0106 
Car -1 -1 -10 203.17 171.44 271.62 205.47 -1 -1 -1 -1000 -1000 -1000 -10 0.0091 
Car -1 -1 -10 443.92 171.17 471.11 201.14 -1 -1 -1 -1000 -1000 -1000 -10 0.0075 
Car -1 -1 -10 989.63 164.53 1040.61 192.47 -1 -1 -1 -1000 -1000 -1000 -10 0.0070 
Car -1 -1 -10 16.22 87.70 61.87 121.95 -1 -1 -1 -1000 -1000 -1000 -10 0.0052 
Car -1 -1 -10 896.81 25.72 948.58 53.28 -1 -1 -1 -1000 -1000 -1000 -10 0.0048 
Car -1 -1 -10 1.16 84.51 51.25 108.39 -1 -1 -1 -1000 -1000 -1000 -10 0.0043 
Car -1 -1 -10 1104.90 26.53 1156.63 58.78 -1 -1 -1 -1000 -1000 -1000 -10 0.0039 
Car -1 -1 -10 794.06 136.48 842.36 165.90 -1 -1 -1 -1000 -1000 -1000 -10 0.0039 
Car -1 -1 -10 1024.60 329.04 1160.44 368.91 -1 -1 -1 -1000 -1000 -1000 -10 0.0020 
Car -1 -1 -10 22.95 90.41 100.95 127.29 -1 -1 -1 -1000 -1000 -1000 -10 0.0010 
Car -1 -1 -10 138.79 113.98 217.48 148.61 -1 -1 -1 -1000 -1000 -1000 -10 0.0009 
Car -1 -1 -10 39.69 117.59 121.41 154.14 -1 -1 -1 -1000 -1000 -1000 -10 0.0008 
Car -1 -1 -10 154.05 123.01 204.57 155.02 -1 -1 -1 -1000 -1000 -1000 -10 0.0007 
Car -1 -1 -10 31.77 101.34 106.42 140.11 -1 -1 -1 -1000 -1000 -1000 -10 0.0007 
Car -1 -1 -10 263.82 180.68 344.11 223.46 -1 -1 -1 -1000 -1000 -1000 -10 0.0005 
Car -1 -1 -10 389.54 176.38 432.74 203.86 -1 -1 -1 -1000 -1000 -1000 -10 0.0004 
Car -1 -1 -10 139.39 173.52 262.39 261.63 -1 -1 -1 -1000 -1000 -1000 -10 0.0004 
Car -1 -1 -10 0.00 70.92 63.54 106.85 -1 -1 -1 -1000 -1000 -1000 -10 0.0004 
Car -1 -1 -10 357.13 179.28 437.94 229.53 -1 -1 -1 -1000 -1000 -1000 -10 0.0003 
Car -1 -1 -10 193.16 208.32 266.42 250.64 -1 -1 -1 -1000 -1000 -1000 -10 0.0003 
Car -1 -1 -10 88.51 189.28 151.15 218.97 -1 -1 -1 -1000 -1000 -1000 -10 0.0003 
Car -1 -1 -10 177.31 198.04 269.61 289.89 -1 -1 -1 -1000 -1000 -1000 -10 0.0002 
Car -1 -1 -10 0.00 58.95 71.33 93.55 -1 -1 -1 -1000 -1000 -1000 -10 0.0001 
Car -1 -1 -10 102.45 115.26 170.05 153.31 -1 -1 -1 -1000 -1000 -1000 -10 0.0001 
Car -1 -1 -10 642.71 187.74 697.65 207.98 -1 -1 -1 -1000 -1000 -1000 -10 0.0001 
Car -1 -1 -10 149.55 137.60 203.85 162.85 -1 -1 -1 -1000 -1000 -1000 -10 0.0001 
Car -1 -1 -10 77.35 183.02 209.97 241.35 -1 -1 -1 -1000 -1000 -1000 -10 0.0000 
Car -1 -1 -10 416.72 164.14 488.09 218.52 -1 -1 -1 -1000 -1000 -1000 -10 0.0000 
Car -1 -1 -10 147.69 122.46 232.45 162.44 -1 -1 -1 -1000 -1000 -1000 -10 0.0000 
Car -1 -1 -10 388.71 177.94 464.66 234.68 -1 -1 -1 -1000 -1000 -1000 -10 0.0000 
Car -1 -1 -10 242.42 163.10 329.04 223.06 -1 -1 -1 -1000 -1000 -1000 -10 0.0000 
Car -1 -1 -10 545.91 143.90 607.66 196.41 -1 -1 -1 -1000 -1000 -1000 -10 0.0000 
Car -1 -1 -10 312.22 70.79 563.07 234.21 -1 -1 -1 -1000 -1000 -1000 -10 0.0000 
