Car -1 -1 -10 468.00 164.81 516.91 211.62 -1 -1 -1 -1000 -1000 -1000 -10 0.9998 
Car -1 -1 -10 490.05 164.27 530.85 200.10 -1 -1 -1 -1000 -1000 -1000 -10 0.2304 
Car -1 -1 -10 83.99 162.76 127.38 202.32 -1 -1 -1 -1000 -1000 -1000 -10 0.0472 
Car -1 -1 -10 194.91 168.36 259.40 200.41 -1 -1 -1 -1000 -1000 -1000 -10 0.0362 
Car -1 -1 -10 20.32 189.55 116.49 232.20 -1 -1 -1 -1000 -1000 -1000 -10 0.0099 
Car -1 -1 -10 524.81 166.77 554.68 187.07 -1 -1 -1 -1000 -1000 -1000 -10 0.0072 
Car -1 -1 -10 405.14 91.31 460.21 119.69 -1 -1 -1 -1000 -1000 -1000 -10 0.0068 
Car -1 -1 -10 361.51 134.33 416.87 163.93 -1 -1 -1 -1000 -1000 -1000 -10 0.0066 
Car -1 -1 -10 387.70 91.18 436.42 125.24 -1 -1 -1 -1000 -1000 -1000 -10 0.0035 
Car -1 -1 -10 384.21 61.55 445.29 86.55 -1 -1 -1 -1000 -1000 -1000 -10 0.0027 
Car -1 -1 -10 26.75 191.68 114.74 211.02 -1 -1 -1 -1000 -1000 -1000 -10 0.0016 
Car -1 -1 -10 286.51 35.66 340.61 64.62 -1 -1 -1 -1000 -1000 -1000 -10 0.0016 
Car -1 -1 -10 485.78 86.37 553.94 148.18 -1 -1 -1 -1000 -1000 -1000 -10 0.0015 
Car -1 -1 -10 432.93 76.11 479.09 109.94 -1 -1 -1 -1000 -1000 -1000 -10 0.0012 
Car -1 -1 -10 394.72 78.35 470.46 115.87 -1 -1 -1 -1000 -1000 -1000 -10 0.0012 
Car -1 -1 -10 1127.90 170.99 1194.77 211.09 -1 -1 -1 -1000 -1000 -1000 -10 0.0008 
Car -1 -1 -10 687.44 23.73 755.83 57.74 -1 -1 -1 -1000 -1000 -1000 -10 0.0005 
Car -1 -1 -10 390.25 63.54 468.13 97.64 -1 -1 -1 -1000 -1000 -1000 -10 0.0005 
Car -1 -1 -10 194.78 178.58 234.66 200.78 -1 -1 -1 -1000 -1000 -1000 -10 0.0004 
Car -1 -1 -10 368.80 160.24 415.17 190.75 -1 -1 -1 -1000 -1000 -1000 -10 0.0002 
Car -1 -1 -10 1120.30 188.79 1195.28 213.70 -1 -1 -1 -1000 -1000 -1000 -10 0.0002 
Car -1 -1 -10 442.60 71.83 508.56 111.28 -1 -1 -1 -1000 -1000 -1000 -10 0.0001 
Car -1 -1 -10 9.52 53.63 82.05 73.30 -1 -1 -1 -1000 -1000 -1000 -10 0.0001 
Car -1 -1 -10 633.83 40.50 703.65 71.14 -1 -1 -1 -1000 -1000 -1000 -10 0.0001 
Car -1 -1 -10 183.31 49.68 235.63 72.03 -1 -1 -1 -1000 -1000 -1000 -10 0.0000 
Car -1 -1 -10 521.44 86.27 574.39 125.72 -1 -1 -1 -1000 -1000 -1000 -10 0.0000 
Car -1 -1 -10 164.82 191.03 202.91 208.17 -1 -1 -1 -1000 -1000 -1000 -10 0.0000 
Car -1 -1 -10 1047.20 25.95 1143.38 60.60 -1 -1 -1 -1000 -1000 -1000 -10 0.0000 
Car -1 -1 -10 164.95 193.68 213.93 220.46 -1 -1 -1 -1000 -1000 -1000 -10 0.0000 
Car -1 -1 -10 585.60 185.77 642.58 209.69 -1 -1 -1 -1000 -1000 -1000 -10 0.0000 
