Car -1 -1 -10 279.18 171.12 343.84 200.12 -1 -1 -1 -1000 -1000 -1000 -10 0.9999 
Car -1 -1 -10 522.88 154.83 584.10 186.12 -1 -1 -1 -1000 -1000 -1000 -10 0.1229 
Car -1 -1 -10 819.00 173.46 918.65 229.28 -1 -1 -1 -1000 -1000 -1000 -10 0.0557 
Car -1 -1 -10 54.76 160.84 117.46 197.15 -1 -1 -1 -1000 -1000 -1000 -10 0.0316 
Car -1 -1 -10 342.89 163.34 385.81 181.69 -1 -1 -1 -1000 -1000 -1000 -10 0.0168 
Car -1 -1 -10 0.00 156.80 119.82 194.23 -1 -1 -1 -1000 -1000 -1000 -10 0.0118 
Car -1 -1 -10 95.02 160.78 144.55 187.84 -1 -1 -1 -1000 -1000 -1000 -10 0.0091 
Car -1 -1 -10 1036.50 175.11 1088.26 207.87 -1 -1 -1 -1000 -1000 -1000 -10 0.0073 
Car -1 -1 -10 792.99 158.34 880.00 229.17 -1 -1 -1 -1000 -1000 -1000 -10 0.0025 
Car -1 -1 -10 14.10 153.32 90.95 187.68 -1 -1 -1 -1000 -1000 -1000 -10 0.0021 
Car -1 -1 -10 113.03 161.84 158.04 186.03 -1 -1 -1 -1000 -1000 -1000 -10 0.0011 
Car -1 -1 -10 1188.70 174.74 1242.96 200.10 -1 -1 -1 -1000 -1000 -1000 -10 0.0010 
Car -1 -1 -10 345.31 38.98 398.63 66.83 -1 -1 -1 -1000 -1000 -1000 -10 0.0007 
Car -1 -1 -10 94.96 36.34 167.42 74.12 -1 -1 -1 -1000 -1000 -1000 -10 0.0007 
Car -1 -1 -10 128.26 161.04 181.08 185.81 -1 -1 -1 -1000 -1000 -1000 -10 0.0006 
Car -1 -1 -10 304.59 63.55 375.33 99.24 -1 -1 -1 -1000 -1000 -1000 -10 0.0006 
Car -1 -1 -10 0.00 121.31 67.63 166.74 -1 -1 -1 -1000 -1000 -1000 -10 0.0003 
Car -1 -1 -10 1182.80 184.59 1243.00 216.63 -1 -1 -1 -1000 -1000 -1000 -10 0.0003 
Car -1 -1 -10 460.54 166.95 499.41 182.72 -1 -1 -1 -1000 -1000 -1000 -10 0.0002 
Car -1 -1 -10 300.79 60.93 430.57 102.39 -1 -1 -1 -1000 -1000 -1000 -10 0.0002 
Car -1 -1 -10 279.67 169.44 314.98 197.01 -1 -1 -1 -1000 -1000 -1000 -10 0.0002 
Car -1 -1 -10 945.36 159.91 1005.04 193.14 -1 -1 -1 -1000 -1000 -1000 -10 0.0001 
Car -1 -1 -10 782.85 186.97 832.21 217.41 -1 -1 -1 -1000 -1000 -1000 -10 0.0001 
Car -1 -1 -10 840.50 176.04 910.19 213.99 -1 -1 -1 -1000 -1000 -1000 -10 0.0001 
Car -1 -1 -10 873.16 170.72 944.10 195.48 -1 -1 -1 -1000 -1000 -1000 -10 0.0001 
Car -1 -1 -10 11.53 38.86 114.23 91.59 -1 -1 -1 -1000 -1000 -1000 -10 0.0001 
Car -1 -1 -10 1173.70 151.44 1243.04 198.23 -1 -1 -1 -1000 -1000 -1000 -10 0.0001 
Car -1 -1 -10 786.17 179.35 835.47 207.34 -1 -1 -1 -1000 -1000 -1000 -10 0.0001 
Car -1 -1 -10 56.52 176.73 115.33 195.32 -1 -1 -1 -1000 -1000 -1000 -10 0.0001 
Car -1 -1 -10 190.28 152.86 244.91 174.42 -1 -1 -1 -1000 -1000 -1000 -10 0.0001 
Car -1 -1 -10 244.68 58.05 381.97 95.68 -1 -1 -1 -1000 -1000 -1000 -10 0.0000 
Car -1 -1 -10 126.38 167.77 214.50 185.79 -1 -1 -1 -1000 -1000 -1000 -10 0.0000 
Car -1 -1 -10 223.18 169.05 274.78 185.28 -1 -1 -1 -1000 -1000 -1000 -10 0.0000 
Car -1 -1 -10 1188.60 253.31 1242.97 281.33 -1 -1 -1 -1000 -1000 -1000 -10 0.0000 
Car -1 -1 -10 34.31 127.22 95.26 160.16 -1 -1 -1 -1000 -1000 -1000 -10 0.0000 
Car -1 -1 -10 56.08 104.71 141.38 162.48 -1 -1 -1 -1000 -1000 -1000 -10 0.0000 
Car -1 -1 -10 917.25 248.70 961.30 277.29 -1 -1 -1 -1000 -1000 -1000 -10 0.0000 
Car -1 -1 -10 26.20 131.85 80.45 167.97 -1 -1 -1 -1000 -1000 -1000 -10 0.0000 
Car -1 -1 -10 251.90 113.23 331.49 139.81 -1 -1 -1 -1000 -1000 -1000 -10 0.0000 
Car -1 -1 -10 291.66 109.92 410.54 164.40 -1 -1 -1 -1000 -1000 -1000 -10 0.0000 
Car -1 -1 -10 82.18 170.93 145.83 192.50 -1 -1 -1 -1000 -1000 -1000 -10 0.0000 
Car -1 -1 -10 120.88 150.40 197.47 179.14 -1 -1 -1 -1000 -1000 -1000 -10 0.0000 
Car -1 -1 -10 908.24 246.19 944.73 271.92 -1 -1 -1 -1000 -1000 -1000 -10 0.0000 
Car -1 -1 -10 153.81 140.51 208.18 174.45 -1 -1 -1 -1000 -1000 -1000 -10 0.0000 
Car -1 -1 -10 131.54 80.95 233.36 177.77 -1 -1 -1 -1000 -1000 -1000 -10 0.0000 
Car -1 -1 -10 151.29 114.37 216.57 175.96 -1 -1 -1 -1000 -1000 -1000 -10 0.0000 
Car -1 -1 -10 232.85 101.42 353.67 146.82 -1 -1 -1 -1000 -1000 -1000 -10 0.0000 
