Car -1 -1 -10 125.55 192.35 242.35 242.43 -1 -1 -1 -1000 -1000 -1000 -10 0.9999 
Car -1 -1 -10 0.00 164.53 70.74 224.33 -1 -1 -1 -1000 -1000 -1000 -10 0.0052 
Car -1 -1 -10 715.65 147.71 956.48 285.73 -1 -1 -1 -1000 -1000 -1000 -10 0.0043 
Car -1 -1 -10 1088.80 132.58 1133.16 163.91 -1 -1 -1 -1000 -1000 -1000 -10 0.0009 
Car -1 -1 -10 1189.60 167.79 1243.00 200.87 -1 -1 -1 -1000 -1000 -1000 -10 0.0005 
Car -1 -1 -10 0.00 114.03 62.35 153.88 -1 -1 -1 -1000 -1000 -1000 -10 0.0002 
Car -1 -1 -10 850.75 165.73 958.97 237.36 -1 -1 -1 -1000 -1000 -1000 -10 0.0001 
Car -1 -1 -10 304.05 135.26 386.73 165.63 -1 -1 -1 -1000 -1000 -1000 -10 0.0001 
Car -1 -1 -10 737.19 222.09 809.69 270.34 -1 -1 -1 -1000 -1000 -1000 -10 0.0001 
Car -1 -1 -10 1055.90 166.96 1107.73 200.34 -1 -1 -1 -1000 -1000 -1000 -10 0.0001 
Car -1 -1 -10 717.58 178.92 855.10 274.88 -1 -1 -1 -1000 -1000 -1000 -10 0.0001 
Car -1 -1 -10 681.43 87.39 948.62 155.16 -1 -1 -1 -1000 -1000 -1000 -10 0.0001 
Car -1 -1 -10 1080.10 122.11 1156.04 168.98 -1 -1 -1 -1000 -1000 -1000 -10 0.0000 
Car -1 -1 -10 743.23 85.04 957.82 121.04 -1 -1 -1 -1000 -1000 -1000 -10 0.0000 
Car -1 -1 -10 788.40 81.02 918.28 99.85 -1 -1 -1 -1000 -1000 -1000 -10 0.0000 
Car -1 -1 -10 756.10 197.94 901.76 283.60 -1 -1 -1 -1000 -1000 -1000 -10 0.0000 
Car -1 -1 -10 783.69 94.91 922.78 171.17 -1 -1 -1 -1000 -1000 -1000 -10 0.0000 
