Car -1 -1 -10 697.50 175.14 804.28 271.69 -1 -1 -1 -1000 -1000 -1000 -10 1.0000 
Car -1 -1 -10 747.75 176.28 1021.20 350.01 -1 -1 -1 -1000 -1000 -1000 -10 1.0000 
Car -1 -1 -10 310.22 183.22 404.58 237.12 -1 -1 -1 -1000 -1000 -1000 -10 0.9999 
Car -1 -1 -10 150.06 189.13 318.09 272.82 -1 -1 -1 -1000 -1000 -1000 -10 0.9997 
Car -1 -1 -10 581.15 173.67 617.79 205.90 -1 -1 -1 -1000 -1000 -1000 -10 0.9994 
Car -1 -1 -10 649.17 167.66 699.21 210.48 -1 -1 -1 -1000 -1000 -1000 -10 0.9981 
Car -1 -1 -10 0.00 209.15 191.17 329.69 -1 -1 -1 -1000 -1000 -1000 -10 0.9211 
Car -1 -1 -10 632.69 170.82 656.46 194.33 -1 -1 -1 -1000 -1000 -1000 -10 0.1365 
Car -1 -1 -10 1166.80 114.58 1239.43 155.27 -1 -1 -1 -1000 -1000 -1000 -10 0.0106 
Car -1 -1 -10 404.05 60.70 467.49 97.56 -1 -1 -1 -1000 -1000 -1000 -10 0.0042 
Car -1 -1 -10 872.86 173.06 913.32 191.49 -1 -1 -1 -1000 -1000 -1000 -10 0.0042 
Car -1 -1 -10 332.29 81.79 383.20 113.91 -1 -1 -1 -1000 -1000 -1000 -10 0.0029 
Car -1 -1 -10 368.16 42.70 425.08 73.13 -1 -1 -1 -1000 -1000 -1000 -10 0.0027 
Car -1 -1 -10 64.13 212.76 175.47 259.93 -1 -1 -1 -1000 -1000 -1000 -10 0.0020 
Car -1 -1 -10 1029.30 177.97 1224.42 287.08 -1 -1 -1 -1000 -1000 -1000 -10 0.0013 
Car -1 -1 -10 367.77 53.30 421.28 82.25 -1 -1 -1 -1000 -1000 -1000 -10 0.0011 
Car -1 -1 -10 435.30 28.50 483.58 55.80 -1 -1 -1 -1000 -1000 -1000 -10 0.0011 
Car -1 -1 -10 901.10 98.91 969.74 127.25 -1 -1 -1 -1000 -1000 -1000 -10 0.0011 
Car -1 -1 -10 349.02 85.06 409.67 122.02 -1 -1 -1 -1000 -1000 -1000 -10 0.0008 
Car -1 -1 -10 843.13 132.49 881.87 161.76 -1 -1 -1 -1000 -1000 -1000 -10 0.0008 
Car -1 -1 -10 573.05 105.16 635.50 135.48 -1 -1 -1 -1000 -1000 -1000 -10 0.0006 
Car -1 -1 -10 357.36 80.84 429.55 114.60 -1 -1 -1 -1000 -1000 -1000 -10 0.0006 
Car -1 -1 -10 321.76 86.88 370.61 119.32 -1 -1 -1 -1000 -1000 -1000 -10 0.0006 
Car -1 -1 -10 424.43 165.07 468.14 198.99 -1 -1 -1 -1000 -1000 -1000 -10 0.0005 
Car -1 -1 -10 200.00 127.00 306.72 164.02 -1 -1 -1 -1000 -1000 -1000 -10 0.0005 
Car -1 -1 -10 394.29 32.18 458.91 74.22 -1 -1 -1 -1000 -1000 -1000 -10 0.0005 
Car -1 -1 -10 240.18 104.37 327.47 164.05 -1 -1 -1 -1000 -1000 -1000 -10 0.0004 
Car -1 -1 -10 426.38 30.65 489.68 74.63 -1 -1 -1 -1000 -1000 -1000 -10 0.0004 
Car -1 -1 -10 714.45 176.87 807.25 233.15 -1 -1 -1 -1000 -1000 -1000 -10 0.0003 
Car -1 -1 -10 392.53 39.03 479.19 92.23 -1 -1 -1 -1000 -1000 -1000 -10 0.0002 
Car -1 -1 -10 411.34 24.40 480.39 50.23 -1 -1 -1 -1000 -1000 -1000 -10 0.0002 
Car -1 -1 -10 946.97 146.39 1001.40 178.01 -1 -1 -1 -1000 -1000 -1000 -10 0.0002 
Car -1 -1 -10 594.67 171.90 621.99 200.89 -1 -1 -1 -1000 -1000 -1000 -10 0.0002 
Car -1 -1 -10 0.00 221.96 108.11 284.30 -1 -1 -1 -1000 -1000 -1000 -10 0.0001 
Car -1 -1 -10 858.78 180.55 1242.06 282.80 -1 -1 -1 -1000 -1000 -1000 -10 0.0001 
Car -1 -1 -10 856.66 174.62 920.20 202.18 -1 -1 -1 -1000 -1000 -1000 -10 0.0001 
Car -1 -1 -10 176.34 197.03 243.56 239.65 -1 -1 -1 -1000 -1000 -1000 -10 0.0001 
Car -1 -1 -10 422.60 63.32 492.40 95.31 -1 -1 -1 -1000 -1000 -1000 -10 0.0001 
Car -1 -1 -10 913.75 223.46 1071.85 271.54 -1 -1 -1 -1000 -1000 -1000 -10 0.0001 
Car -1 -1 -10 1075.10 189.46 1243.00 259.56 -1 -1 -1 -1000 -1000 -1000 -10 0.0001 
Car -1 -1 -10 1028.40 181.60 1133.49 218.05 -1 -1 -1 -1000 -1000 -1000 -10 0.0001 
Car -1 -1 -10 765.83 189.17 879.67 233.61 -1 -1 -1 -1000 -1000 -1000 -10 0.0000 
Car -1 -1 -10 361.62 179.48 407.43 222.09 -1 -1 -1 -1000 -1000 -1000 -10 0.0000 
Car -1 -1 -10 668.33 171.92 764.67 215.50 -1 -1 -1 -1000 -1000 -1000 -10 0.0000 
Car -1 -1 -10 855.17 31.36 929.50 63.61 -1 -1 -1 -1000 -1000 -1000 -10 0.0000 
Car -1 -1 -10 172.37 117.99 292.02 155.59 -1 -1 -1 -1000 -1000 -1000 -10 0.0000 
Car -1 -1 -10 878.79 218.81 1022.15 295.68 -1 -1 -1 -1000 -1000 -1000 -10 0.0000 
Car -1 -1 -10 180.97 193.57 319.01 237.57 -1 -1 -1 -1000 -1000 -1000 -10 0.0000 
Car -1 -1 -10 690.86 172.85 761.73 250.75 -1 -1 -1 -1000 -1000 -1000 -10 0.0000 
Car -1 -1 -10 1030.70 151.48 1115.89 194.15 -1 -1 -1 -1000 -1000 -1000 -10 0.0000 
Car -1 -1 -10 222.42 173.68 260.32 205.54 -1 -1 -1 -1000 -1000 -1000 -10 0.0000 
Car -1 -1 -10 778.44 190.21 857.22 221.01 -1 -1 -1 -1000 -1000 -1000 -10 0.0000 
Car -1 -1 -10 856.04 182.08 948.20 207.61 -1 -1 -1 -1000 -1000 -1000 -10 0.0000 
Car -1 -1 -10 841.44 143.85 922.26 162.16 -1 -1 -1 -1000 -1000 -1000 -10 0.0000 
Car -1 -1 -10 427.81 152.63 478.69 191.70 -1 -1 -1 -1000 -1000 -1000 -10 0.0000 
Car -1 -1 -10 268.73 186.93 329.09 233.85 -1 -1 -1 -1000 -1000 -1000 -10 0.0000 
Car -1 -1 -10 164.14 161.36 246.22 215.89 -1 -1 -1 -1000 -1000 -1000 -10 0.0000 
Car -1 -1 -10 233.61 190.78 307.82 214.29 -1 -1 -1 -1000 -1000 -1000 -10 0.0000 
Car -1 -1 -10 763.01 188.35 918.87 270.14 -1 -1 -1 -1000 -1000 -1000 -10 0.0000 
Car -1 -1 -10 245.90 188.75 318.86 244.41 -1 -1 -1 -1000 -1000 -1000 -10 0.0000 
