Car -1 -1 -10 1127.40 224.77 1225.01 258.58 -1 -1 -1 -1000 -1000 -1000 -10 0.0121 
Car -1 -1 -10 1165.30 224.80 1225.04 250.26 -1 -1 -1 -1000 -1000 -1000 -10 0.0073 
Car -1 -1 -10 1138.70 278.84 1224.97 320.84 -1 -1 -1 -1000 -1000 -1000 -10 0.0059 
Car -1 -1 -10 1028.50 149.35 1081.52 185.46 -1 -1 -1 -1000 -1000 -1000 -10 0.0019 
Car -1 -1 -10 987.21 129.79 1045.42 158.36 -1 -1 -1 -1000 -1000 -1000 -10 0.0014 
Car -1 -1 -10 1007.50 163.33 1081.90 200.53 -1 -1 -1 -1000 -1000 -1000 -10 0.0013 
Car -1 -1 -10 1001.70 92.33 1126.77 129.53 -1 -1 -1 -1000 -1000 -1000 -10 0.0012 
Car -1 -1 -10 950.04 148.98 1031.93 181.74 -1 -1 -1 -1000 -1000 -1000 -10 0.0008 
Car -1 -1 -10 1021.80 136.04 1079.24 167.37 -1 -1 -1 -1000 -1000 -1000 -10 0.0008 
Car -1 -1 -10 1079.50 74.10 1158.53 124.92 -1 -1 -1 -1000 -1000 -1000 -10 0.0004 
Car -1 -1 -10 992.14 122.72 1059.15 150.74 -1 -1 -1 -1000 -1000 -1000 -10 0.0003 
Car -1 -1 -10 1006.40 138.62 1078.54 181.63 -1 -1 -1 -1000 -1000 -1000 -10 0.0002 
Car -1 -1 -10 1183.10 273.05 1224.98 322.27 -1 -1 -1 -1000 -1000 -1000 -10 0.0002 
Car -1 -1 -10 46.75 226.66 123.92 257.00 -1 -1 -1 -1000 -1000 -1000 -10 0.0002 
Car -1 -1 -10 849.68 119.86 922.15 152.63 -1 -1 -1 -1000 -1000 -1000 -10 0.0001 
Car -1 -1 -10 894.05 17.63 978.95 97.31 -1 -1 -1 -1000 -1000 -1000 -10 0.0001 
Car -1 -1 -10 918.88 101.68 1028.39 136.12 -1 -1 -1 -1000 -1000 -1000 -10 0.0001 
Car -1 -1 -10 997.09 118.91 1084.59 159.05 -1 -1 -1 -1000 -1000 -1000 -10 0.0001 
Car -1 -1 -10 1001.50 119.19 1076.20 141.93 -1 -1 -1 -1000 -1000 -1000 -10 0.0000 
Car -1 -1 -10 886.49 121.09 965.34 163.17 -1 -1 -1 -1000 -1000 -1000 -10 0.0000 
Car -1 -1 -10 796.82 159.76 875.55 184.22 -1 -1 -1 -1000 -1000 -1000 -10 0.0000 
Car -1 -1 -10 790.51 210.17 861.31 251.86 -1 -1 -1 -1000 -1000 -1000 -10 0.0000 
Car -1 -1 -10 970.01 114.06 1036.46 160.21 -1 -1 -1 -1000 -1000 -1000 -10 0.0000 
Car -1 -1 -10 536.51 202.33 604.49 240.89 -1 -1 -1 -1000 -1000 -1000 -10 0.0000 
Car -1 -1 -10 904.54 116.31 987.48 151.86 -1 -1 -1 -1000 -1000 -1000 -10 0.0000 
Car -1 -1 -10 871.53 117.34 930.64 138.91 -1 -1 -1 -1000 -1000 -1000 -10 0.0000 
Car -1 -1 -10 881.52 118.16 955.99 145.90 -1 -1 -1 -1000 -1000 -1000 -10 0.0000 
Car -1 -1 -10 980.45 98.30 1104.88 140.21 -1 -1 -1 -1000 -1000 -1000 -10 0.0000 
Car -1 -1 -10 959.48 105.66 1060.22 147.52 -1 -1 -1 -1000 -1000 -1000 -10 0.0000 
Car -1 -1 -10 890.29 106.19 974.06 132.43 -1 -1 -1 -1000 -1000 -1000 -10 0.0000 
Car -1 -1 -10 468.67 26.47 648.60 84.86 -1 -1 -1 -1000 -1000 -1000 -10 0.0000 
Car -1 -1 -10 117.18 183.49 205.99 213.48 -1 -1 -1 -1000 -1000 -1000 -10 0.0000 
Car -1 -1 -10 499.49 29.28 616.19 72.15 -1 -1 -1 -1000 -1000 -1000 -10 0.0000 
Car -1 -1 -10 0.00 13.86 126.86 103.13 -1 -1 -1 -1000 -1000 -1000 -10 0.0000 
Car -1 -1 -10 928.79 115.49 1014.57 146.20 -1 -1 -1 -1000 -1000 -1000 -10 0.0000 
