Car -1 -1 -10 1062.40 203.54 1116.59 229.03 -1 -1 -1 -1000 -1000 -1000 -10 0.2915 
Car -1 -1 -10 1015.40 199.97 1051.35 224.79 -1 -1 -1 -1000 -1000 -1000 -10 0.2217 
Car -1 -1 -10 1198.90 205.99 1242.95 247.79 -1 -1 -1 -1000 -1000 -1000 -10 0.1417 
Car -1 -1 -10 1123.90 204.51 1199.61 239.03 -1 -1 -1 -1000 -1000 -1000 -10 0.1120 
Car -1 -1 -10 1137.20 201.08 1197.30 225.96 -1 -1 -1 -1000 -1000 -1000 -10 0.0397 
Car -1 -1 -10 1178.30 202.36 1241.83 232.88 -1 -1 -1 -1000 -1000 -1000 -10 0.0259 
Car -1 -1 -10 1093.30 202.89 1143.24 228.17 -1 -1 -1 -1000 -1000 -1000 -10 0.0205 
Car -1 -1 -10 880.13 177.85 938.97 221.66 -1 -1 -1 -1000 -1000 -1000 -10 0.0194 
Car -1 -1 -10 881.27 178.44 926.41 201.02 -1 -1 -1 -1000 -1000 -1000 -10 0.0193 
Car -1 -1 -10 1156.50 205.99 1201.12 230.49 -1 -1 -1 -1000 -1000 -1000 -10 0.0102 
Car -1 -1 -10 921.53 193.55 1032.82 244.16 -1 -1 -1 -1000 -1000 -1000 -10 0.0064 
Car -1 -1 -10 1049.90 194.55 1095.48 226.93 -1 -1 -1 -1000 -1000 -1000 -10 0.0062 
Car -1 -1 -10 1198.90 263.61 1243.00 298.19 -1 -1 -1 -1000 -1000 -1000 -10 0.0040 
Car -1 -1 -10 924.18 192.77 1002.47 227.65 -1 -1 -1 -1000 -1000 -1000 -10 0.0039 
Car -1 -1 -10 1014.60 197.75 1099.50 225.86 -1 -1 -1 -1000 -1000 -1000 -10 0.0033 
Car -1 -1 -10 526.40 157.40 567.13 183.54 -1 -1 -1 -1000 -1000 -1000 -10 0.0027 
Car -1 -1 -10 1075.40 204.17 1166.24 230.41 -1 -1 -1 -1000 -1000 -1000 -10 0.0016 
Car -1 -1 -10 947.92 203.58 1022.20 255.32 -1 -1 -1 -1000 -1000 -1000 -10 0.0009 
Car -1 -1 -10 1116.60 209.59 1197.52 279.80 -1 -1 -1 -1000 -1000 -1000 -10 0.0007 
Car -1 -1 -10 939.17 199.05 1036.96 226.02 -1 -1 -1 -1000 -1000 -1000 -10 0.0004 
Car -1 -1 -10 796.26 166.20 850.72 209.21 -1 -1 -1 -1000 -1000 -1000 -10 0.0003 
Car -1 -1 -10 978.38 170.26 1026.42 207.00 -1 -1 -1 -1000 -1000 -1000 -10 0.0002 
Car -1 -1 -10 1071.40 205.58 1205.66 266.16 -1 -1 -1 -1000 -1000 -1000 -10 0.0001 
Car -1 -1 -10 913.89 183.62 985.07 221.49 -1 -1 -1 -1000 -1000 -1000 -10 0.0001 
Car -1 -1 -10 1103.80 241.00 1170.51 274.87 -1 -1 -1 -1000 -1000 -1000 -10 0.0000 
Car -1 -1 -10 941.29 193.27 1024.61 211.98 -1 -1 -1 -1000 -1000 -1000 -10 0.0000 
Car -1 -1 -10 1181.90 252.79 1242.96 286.83 -1 -1 -1 -1000 -1000 -1000 -10 0.0000 
Car -1 -1 -10 983.45 197.55 1040.77 227.13 -1 -1 -1 -1000 -1000 -1000 -10 0.0000 
Car -1 -1 -10 978.40 195.92 1022.39 216.55 -1 -1 -1 -1000 -1000 -1000 -10 0.0000 
Car -1 -1 -10 1135.30 254.27 1197.06 286.29 -1 -1 -1 -1000 -1000 -1000 -10 0.0000 
Car -1 -1 -10 994.78 199.77 1068.81 250.61 -1 -1 -1 -1000 -1000 -1000 -10 0.0000 
Car -1 -1 -10 1110.00 236.47 1210.98 272.87 -1 -1 -1 -1000 -1000 -1000 -10 0.0000 
Car -1 -1 -10 1015.70 171.27 1062.60 222.93 -1 -1 -1 -1000 -1000 -1000 -10 0.0000 
Car -1 -1 -10 1040.30 166.33 1132.99 221.78 -1 -1 -1 -1000 -1000 -1000 -10 0.0000 
Car -1 -1 -10 1057.90 189.56 1130.60 226.40 -1 -1 -1 -1000 -1000 -1000 -10 0.0000 
Car -1 -1 -10 996.21 224.43 1072.04 257.56 -1 -1 -1 -1000 -1000 -1000 -10 0.0000 
Car -1 -1 -10 752.56 195.95 797.24 213.01 -1 -1 -1 -1000 -1000 -1000 -10 0.0000 
Car -1 -1 -10 973.53 198.74 1048.38 243.71 -1 -1 -1 -1000 -1000 -1000 -10 0.0000 
Car -1 -1 -10 1064.60 231.26 1145.94 273.92 -1 -1 -1 -1000 -1000 -1000 -10 0.0000 
Car -1 -1 -10 1017.40 213.36 1118.05 251.64 -1 -1 -1 -1000 -1000 -1000 -10 0.0000 
