Car -1 -1 -10 384.62 174.53 490.76 258.28 -1 -1 -1 -1000 -1000 -1000 -10 0.9990 
Car -1 -1 -10 1033.20 211.57 1083.11 246.84 -1 -1 -1 -1000 -1000 -1000 -10 0.0105 
Car -1 -1 -10 1045.70 202.48 1099.38 240.50 -1 -1 -1 -1000 -1000 -1000 -10 0.0073 
Car -1 -1 -10 221.81 106.71 275.53 147.27 -1 -1 -1 -1000 -1000 -1000 -10 0.0072 
Car -1 -1 -10 213.97 130.72 283.50 169.42 -1 -1 -1 -1000 -1000 -1000 -10 0.0070 
Car -1 -1 -10 624.09 187.48 649.96 206.00 -1 -1 -1 -1000 -1000 -1000 -10 0.0063 
Car -1 -1 -10 1053.10 181.51 1116.56 219.25 -1 -1 -1 -1000 -1000 -1000 -10 0.0042 
Car -1 -1 -10 244.72 233.37 299.51 286.33 -1 -1 -1 -1000 -1000 -1000 -10 0.0041 
Car -1 -1 -10 229.19 39.71 284.53 70.08 -1 -1 -1 -1000 -1000 -1000 -10 0.0028 
Car -1 -1 -10 1028.60 93.49 1082.08 115.43 -1 -1 -1 -1000 -1000 -1000 -10 0.0021 
Car -1 -1 -10 398.00 101.58 446.17 132.50 -1 -1 -1 -1000 -1000 -1000 -10 0.0020 
Car -1 -1 -10 214.09 77.63 276.00 108.50 -1 -1 -1 -1000 -1000 -1000 -10 0.0020 
Car -1 -1 -10 246.76 74.53 299.20 117.98 -1 -1 -1 -1000 -1000 -1000 -10 0.0018 
Car -1 -1 -10 1007.40 188.09 1071.74 218.79 -1 -1 -1 -1000 -1000 -1000 -10 0.0017 
Car -1 -1 -10 783.76 322.58 837.40 358.14 -1 -1 -1 -1000 -1000 -1000 -10 0.0016 
Car -1 -1 -10 1034.30 186.00 1103.43 234.00 -1 -1 -1 -1000 -1000 -1000 -10 0.0011 
Car -1 -1 -10 0.00 131.04 333.29 320.61 -1 -1 -1 -1000 -1000 -1000 -10 0.0010 
Car -1 -1 -10 1027.50 183.88 1084.00 207.62 -1 -1 -1 -1000 -1000 -1000 -10 0.0007 
Car -1 -1 -10 218.97 215.41 312.28 297.82 -1 -1 -1 -1000 -1000 -1000 -10 0.0006 
Car -1 -1 -10 714.49 94.66 789.83 162.41 -1 -1 -1 -1000 -1000 -1000 -10 0.0006 
Car -1 -1 -10 642.54 179.61 675.99 217.01 -1 -1 -1 -1000 -1000 -1000 -10 0.0006 
Car -1 -1 -10 1049.00 181.12 1097.35 204.99 -1 -1 -1 -1000 -1000 -1000 -10 0.0005 
Car -1 -1 -10 970.85 183.22 1050.47 215.23 -1 -1 -1 -1000 -1000 -1000 -10 0.0003 
Car -1 -1 -10 623.41 178.31 671.41 207.33 -1 -1 -1 -1000 -1000 -1000 -10 0.0002 
Car -1 -1 -10 277.19 322.77 338.92 363.34 -1 -1 -1 -1000 -1000 -1000 -10 0.0001 
Car -1 -1 -10 341.72 203.51 398.75 238.04 -1 -1 -1 -1000 -1000 -1000 -10 0.0001 
Car -1 -1 -10 426.52 173.57 490.14 231.31 -1 -1 -1 -1000 -1000 -1000 -10 0.0001 
Car -1 -1 -10 742.08 295.96 816.60 353.57 -1 -1 -1 -1000 -1000 -1000 -10 0.0001 
Car -1 -1 -10 1108.90 121.81 1209.43 163.92 -1 -1 -1 -1000 -1000 -1000 -10 0.0001 
Car -1 -1 -10 1128.70 316.80 1213.60 349.57 -1 -1 -1 -1000 -1000 -1000 -10 0.0000 
Car -1 -1 -10 315.58 192.89 417.46 253.90 -1 -1 -1 -1000 -1000 -1000 -10 0.0000 
Car -1 -1 -10 387.86 182.92 425.35 222.70 -1 -1 -1 -1000 -1000 -1000 -10 0.0000 
Car -1 -1 -10 1064.70 152.04 1124.60 189.89 -1 -1 -1 -1000 -1000 -1000 -10 0.0000 
Car -1 -1 -10 1034.50 102.60 1093.40 127.71 -1 -1 -1 -1000 -1000 -1000 -10 0.0000 
Car -1 -1 -10 263.04 316.98 378.40 367.60 -1 -1 -1 -1000 -1000 -1000 -10 0.0000 
