Car -1 -1 -10 106.88 184.01 294.63 277.15 -1 -1 -1 -1000 -1000 -1000 -10 0.9999 
Car -1 -1 -10 397.96 175.57 461.29 221.02 -1 -1 -1 -1000 -1000 -1000 -10 0.9998 
Car -1 -1 -10 319.57 184.98 411.82 232.74 -1 -1 -1 -1000 -1000 -1000 -10 0.9997 
Car -1 -1 -10 440.91 182.90 484.99 216.20 -1 -1 -1 -1000 -1000 -1000 -10 0.6635 
Car -1 -1 -10 461.60 178.74 508.47 210.30 -1 -1 -1 -1000 -1000 -1000 -10 0.6078 
Car -1 -1 -10 505.24 178.93 538.27 204.26 -1 -1 -1 -1000 -1000 -1000 -10 0.4542 
Car -1 -1 -10 38.94 186.88 88.66 219.71 -1 -1 -1 -1000 -1000 -1000 -10 0.0108 
Car -1 -1 -10 76.61 187.51 130.20 214.55 -1 -1 -1 -1000 -1000 -1000 -10 0.0093 
Car -1 -1 -10 16.48 186.32 124.68 243.04 -1 -1 -1 -1000 -1000 -1000 -10 0.0055 
Car -1 -1 -10 58.78 186.76 115.89 217.67 -1 -1 -1 -1000 -1000 -1000 -10 0.0053 
Car -1 -1 -10 109.47 164.83 213.63 229.30 -1 -1 -1 -1000 -1000 -1000 -10 0.0035 
Car -1 -1 -10 489.50 108.33 520.54 148.92 -1 -1 -1 -1000 -1000 -1000 -10 0.0021 
Car -1 -1 -10 51.06 189.07 109.03 234.00 -1 -1 -1 -1000 -1000 -1000 -10 0.0019 
Car -1 -1 -10 219.07 105.66 312.40 139.63 -1 -1 -1 -1000 -1000 -1000 -10 0.0010 
Car -1 -1 -10 60.55 184.41 141.63 230.65 -1 -1 -1 -1000 -1000 -1000 -10 0.0009 
Car -1 -1 -10 1109.70 189.45 1163.98 210.16 -1 -1 -1 -1000 -1000 -1000 -10 0.0009 
Car -1 -1 -10 1169.40 224.57 1222.41 256.88 -1 -1 -1 -1000 -1000 -1000 -10 0.0007 
Car -1 -1 -10 81.66 183.51 179.03 249.16 -1 -1 -1 -1000 -1000 -1000 -10 0.0007 
Car -1 -1 -10 1191.60 127.13 1243.02 154.39 -1 -1 -1 -1000 -1000 -1000 -10 0.0005 
Car -1 -1 -10 1149.30 221.76 1205.43 257.64 -1 -1 -1 -1000 -1000 -1000 -10 0.0003 
Car -1 -1 -10 1088.50 191.39 1163.50 230.44 -1 -1 -1 -1000 -1000 -1000 -10 0.0002 
Car -1 -1 -10 203.36 108.88 315.87 159.30 -1 -1 -1 -1000 -1000 -1000 -10 0.0001 
Car -1 -1 -10 212.30 181.91 297.50 203.96 -1 -1 -1 -1000 -1000 -1000 -10 0.0001 
Car -1 -1 -10 488.38 177.26 511.34 206.29 -1 -1 -1 -1000 -1000 -1000 -10 0.0001 
Car -1 -1 -10 705.08 152.55 742.48 187.28 -1 -1 -1 -1000 -1000 -1000 -10 0.0001 
Car -1 -1 -10 0.00 26.98 122.84 85.04 -1 -1 -1 -1000 -1000 -1000 -10 0.0000 
Car -1 -1 -10 1055.30 194.84 1132.32 223.37 -1 -1 -1 -1000 -1000 -1000 -10 0.0000 
Car -1 -1 -10 890.58 301.33 967.01 325.73 -1 -1 -1 -1000 -1000 -1000 -10 0.0000 
Car -1 -1 -10 1109.00 198.41 1172.42 235.37 -1 -1 -1 -1000 -1000 -1000 -10 0.0000 
Car -1 -1 -10 316.28 188.60 356.41 217.82 -1 -1 -1 -1000 -1000 -1000 -10 0.0000 
Car -1 -1 -10 682.61 164.84 742.85 185.87 -1 -1 -1 -1000 -1000 -1000 -10 0.0000 
Car -1 -1 -10 240.47 179.21 291.13 229.03 -1 -1 -1 -1000 -1000 -1000 -10 0.0000 
Car -1 -1 -10 239.35 138.98 371.95 204.14 -1 -1 -1 -1000 -1000 -1000 -10 0.0000 
Car -1 -1 -10 209.25 180.26 286.36 258.62 -1 -1 -1 -1000 -1000 -1000 -10 0.0000 
Car -1 -1 -10 272.48 152.24 343.24 194.17 -1 -1 -1 -1000 -1000 -1000 -10 0.0000 
