Car -1 -1 -10 346.48 188.68 413.49 220.43 -1 -1 -1 -1000 -1000 -1000 -10 1.0000 
Car -1 -1 -10 599.95 177.65 627.92 205.26 -1 -1 -1 -1000 -1000 -1000 -10 0.9968 
Car -1 -1 -10 89.56 298.40 148.25 333.55 -1 -1 -1 -1000 -1000 -1000 -10 0.0223 
Car -1 -1 -10 110.07 122.16 166.11 163.24 -1 -1 -1 -1000 -1000 -1000 -10 0.0188 
Car -1 -1 -10 79.14 117.70 179.52 181.45 -1 -1 -1 -1000 -1000 -1000 -10 0.0180 
Car -1 -1 -10 126.22 292.37 186.65 320.40 -1 -1 -1 -1000 -1000 -1000 -10 0.0096 
Car -1 -1 -10 107.13 289.05 165.55 322.88 -1 -1 -1 -1000 -1000 -1000 -10 0.0088 
Car -1 -1 -10 70.20 299.51 130.03 337.48 -1 -1 -1 -1000 -1000 -1000 -10 0.0079 
Car -1 -1 -10 8.06 305.98 43.30 331.80 -1 -1 -1 -1000 -1000 -1000 -10 0.0049 
Car -1 -1 -10 63.80 313.24 117.19 346.60 -1 -1 -1 -1000 -1000 -1000 -10 0.0045 
Car -1 -1 -10 104.27 119.15 163.89 145.58 -1 -1 -1 -1000 -1000 -1000 -10 0.0030 
Car -1 -1 -10 110.20 280.15 194.39 320.77 -1 -1 -1 -1000 -1000 -1000 -10 0.0028 
Car -1 -1 -10 23.78 305.38 75.21 326.93 -1 -1 -1 -1000 -1000 -1000 -10 0.0024 
Car -1 -1 -10 14.10 298.41 59.84 320.46 -1 -1 -1 -1000 -1000 -1000 -10 0.0020 
Car -1 -1 -10 15.86 319.85 101.80 358.08 -1 -1 -1 -1000 -1000 -1000 -10 0.0015 
Car -1 -1 -10 0.00 324.56 65.78 361.44 -1 -1 -1 -1000 -1000 -1000 -10 0.0012 
Car -1 -1 -10 49.57 304.66 102.63 338.06 -1 -1 -1 -1000 -1000 -1000 -10 0.0009 
Car -1 -1 -10 1022.90 286.00 1109.66 322.82 -1 -1 -1 -1000 -1000 -1000 -10 0.0008 
Car -1 -1 -10 997.64 267.10 1065.62 308.32 -1 -1 -1 -1000 -1000 -1000 -10 0.0007 
Car -1 -1 -10 182.83 280.73 232.66 307.83 -1 -1 -1 -1000 -1000 -1000 -10 0.0006 
Car -1 -1 -10 5.12 302.57 55.40 350.21 -1 -1 -1 -1000 -1000 -1000 -10 0.0006 
Car -1 -1 -10 638.04 98.81 689.77 125.94 -1 -1 -1 -1000 -1000 -1000 -10 0.0005 
Car -1 -1 -10 28.45 308.90 89.05 346.37 -1 -1 -1 -1000 -1000 -1000 -10 0.0005 
Car -1 -1 -10 0.51 145.69 47.98 167.70 -1 -1 -1 -1000 -1000 -1000 -10 0.0004 
Car -1 -1 -10 119.38 183.29 153.62 199.82 -1 -1 -1 -1000 -1000 -1000 -10 0.0003 
Car -1 -1 -10 1135.20 246.62 1197.49 295.85 -1 -1 -1 -1000 -1000 -1000 -10 0.0000 
Car -1 -1 -10 653.20 86.83 718.27 117.44 -1 -1 -1 -1000 -1000 -1000 -10 0.0000 
Car -1 -1 -10 614.85 172.45 631.28 191.33 -1 -1 -1 -1000 -1000 -1000 -10 0.0000 
Car -1 -1 -10 199.32 201.78 258.87 226.88 -1 -1 -1 -1000 -1000 -1000 -10 0.0000 
Car -1 -1 -10 201.59 197.46 268.61 216.45 -1 -1 -1 -1000 -1000 -1000 -10 0.0000 
