Car -1 -1 -10 467.93 182.61 522.35 224.95 -1 -1 -1 -1000 -1000 -1000 -10 1.0000 
Car -1 -1 -10 293.35 191.74 452.66 290.40 -1 -1 -1 -1000 -1000 -1000 -10 1.0000 
Car -1 -1 -10 556.77 179.71 592.88 210.61 -1 -1 -1 -1000 -1000 -1000 -10 0.9998 
Car -1 -1 -10 0.00 208.38 330.52 376.00 -1 -1 -1 -1000 -1000 -1000 -10 0.6742 
Car -1 -1 -10 534.04 179.24 559.88 202.23 -1 -1 -1 -1000 -1000 -1000 -10 0.1840 
Car -1 -1 -10 1070.70 199.75 1237.51 320.51 -1 -1 -1 -1000 -1000 -1000 -10 0.0440 
Car -1 -1 -10 641.64 182.41 706.27 207.84 -1 -1 -1 -1000 -1000 -1000 -10 0.0400 
Car -1 -1 -10 1216.70 298.20 1242.99 325.71 -1 -1 -1 -1000 -1000 -1000 -10 0.0284 
Car -1 -1 -10 1091.90 208.58 1230.85 275.25 -1 -1 -1 -1000 -1000 -1000 -10 0.0283 
Car -1 -1 -10 171.06 136.30 256.36 170.82 -1 -1 -1 -1000 -1000 -1000 -10 0.0128 
Car -1 -1 -10 12.56 133.05 77.26 179.95 -1 -1 -1 -1000 -1000 -1000 -10 0.0052 
Car -1 -1 -10 627.37 185.14 728.43 216.24 -1 -1 -1 -1000 -1000 -1000 -10 0.0052 
Car -1 -1 -10 1180.40 171.20 1231.95 219.44 -1 -1 -1 -1000 -1000 -1000 -10 0.0031 
Car -1 -1 -10 219.92 144.86 305.59 180.33 -1 -1 -1 -1000 -1000 -1000 -10 0.0027 
Car -1 -1 -10 102.78 153.62 161.70 193.35 -1 -1 -1 -1000 -1000 -1000 -10 0.0021 
Car -1 -1 -10 1092.70 67.76 1164.10 130.77 -1 -1 -1 -1000 -1000 -1000 -10 0.0017 
Car -1 -1 -10 323.46 195.45 452.14 252.40 -1 -1 -1 -1000 -1000 -1000 -10 0.0014 
Car -1 -1 -10 536.77 83.72 579.54 104.51 -1 -1 -1 -1000 -1000 -1000 -10 0.0012 
Car -1 -1 -10 1095.90 95.58 1158.61 126.49 -1 -1 -1 -1000 -1000 -1000 -10 0.0011 
Car -1 -1 -10 25.41 157.31 103.60 209.85 -1 -1 -1 -1000 -1000 -1000 -10 0.0008 
Car -1 -1 -10 538.80 99.81 604.93 123.12 -1 -1 -1 -1000 -1000 -1000 -10 0.0008 
Car -1 -1 -10 61.08 211.21 336.71 314.94 -1 -1 -1 -1000 -1000 -1000 -10 0.0008 
Car -1 -1 -10 1104.80 211.47 1212.72 248.06 -1 -1 -1 -1000 -1000 -1000 -10 0.0007 
Car -1 -1 -10 543.30 89.38 600.71 114.18 -1 -1 -1 -1000 -1000 -1000 -10 0.0005 
Car -1 -1 -10 8.54 26.84 95.07 67.86 -1 -1 -1 -1000 -1000 -1000 -10 0.0004 
Car -1 -1 -10 524.07 174.97 554.25 203.90 -1 -1 -1 -1000 -1000 -1000 -10 0.0004 
Car -1 -1 -10 32.52 97.33 108.66 124.14 -1 -1 -1 -1000 -1000 -1000 -10 0.0004 
Car -1 -1 -10 796.47 270.94 857.01 292.78 -1 -1 -1 -1000 -1000 -1000 -10 0.0003 
Car -1 -1 -10 80.22 142.64 173.30 200.72 -1 -1 -1 -1000 -1000 -1000 -10 0.0003 
Car -1 -1 -10 1193.10 296.25 1242.97 333.16 -1 -1 -1 -1000 -1000 -1000 -10 0.0002 
Car -1 -1 -10 490.74 159.67 544.03 214.20 -1 -1 -1 -1000 -1000 -1000 -10 0.0002 
Car -1 -1 -10 771.18 281.10 847.11 316.20 -1 -1 -1 -1000 -1000 -1000 -10 0.0002 
Car -1 -1 -10 816.12 273.51 871.49 292.98 -1 -1 -1 -1000 -1000 -1000 -10 0.0002 
Car -1 -1 -10 917.37 328.01 967.78 348.82 -1 -1 -1 -1000 -1000 -1000 -10 0.0002 
Car -1 -1 -10 796.69 284.81 861.62 320.85 -1 -1 -1 -1000 -1000 -1000 -10 0.0002 
Car -1 -1 -10 795.62 265.02 839.64 285.10 -1 -1 -1 -1000 -1000 -1000 -10 0.0002 
Car -1 -1 -10 216.55 211.82 284.96 237.25 -1 -1 -1 -1000 -1000 -1000 -10 0.0001 
Car -1 -1 -10 1138.20 264.29 1243.00 364.90 -1 -1 -1 -1000 -1000 -1000 -10 0.0001 
Car -1 -1 -10 790.34 274.97 870.34 300.35 -1 -1 -1 -1000 -1000 -1000 -10 0.0001 
Car -1 -1 -10 1003.70 218.39 1099.74 253.85 -1 -1 -1 -1000 -1000 -1000 -10 0.0001 
Car -1 -1 -10 814.05 296.41 886.05 324.96 -1 -1 -1 -1000 -1000 -1000 -10 0.0001 
Car -1 -1 -10 706.52 249.76 755.37 274.46 -1 -1 -1 -1000 -1000 -1000 -10 0.0001 
Car -1 -1 -10 841.19 289.90 897.69 319.78 -1 -1 -1 -1000 -1000 -1000 -10 0.0001 
Car -1 -1 -10 308.17 196.05 400.60 279.40 -1 -1 -1 -1000 -1000 -1000 -10 0.0001 
Car -1 -1 -10 825.51 267.48 876.22 283.50 -1 -1 -1 -1000 -1000 -1000 -10 0.0001 
Car -1 -1 -10 369.99 194.31 450.62 239.69 -1 -1 -1 -1000 -1000 -1000 -10 0.0000 
Car -1 -1 -10 566.17 71.33 637.67 92.12 -1 -1 -1 -1000 -1000 -1000 -10 0.0000 
Car -1 -1 -10 0.00 217.49 180.97 277.80 -1 -1 -1 -1000 -1000 -1000 -10 0.0000 
Car -1 -1 -10 858.11 295.96 910.15 321.87 -1 -1 -1 -1000 -1000 -1000 -10 0.0000 
Car -1 -1 -10 792.01 259.10 841.48 276.60 -1 -1 -1 -1000 -1000 -1000 -10 0.0000 
Car -1 -1 -10 778.12 261.64 844.84 296.66 -1 -1 -1 -1000 -1000 -1000 -10 0.0000 
Car -1 -1 -10 1090.50 153.80 1169.82 220.42 -1 -1 -1 -1000 -1000 -1000 -10 0.0000 
Car -1 -1 -10 901.01 321.96 975.23 346.14 -1 -1 -1 -1000 -1000 -1000 -10 0.0000 
Car -1 -1 -10 739.89 295.42 825.18 342.51 -1 -1 -1 -1000 -1000 -1000 -10 0.0000 
Car -1 -1 -10 235.03 218.01 358.83 286.06 -1 -1 -1 -1000 -1000 -1000 -10 0.0000 
Car -1 -1 -10 803.40 303.18 885.35 335.62 -1 -1 -1 -1000 -1000 -1000 -10 0.0000 
Car -1 -1 -10 877.06 333.76 943.27 351.81 -1 -1 -1 -1000 -1000 -1000 -10 0.0000 
Car -1 -1 -10 1117.40 281.07 1211.02 336.99 -1 -1 -1 -1000 -1000 -1000 -10 0.0000 
Car -1 -1 -10 414.60 199.42 459.73 234.73 -1 -1 -1 -1000 -1000 -1000 -10 0.0000 
Car -1 -1 -10 22.86 209.99 260.85 259.45 -1 -1 -1 -1000 -1000 -1000 -10 0.0000 
Car -1 -1 -10 884.04 326.28 954.19 344.26 -1 -1 -1 -1000 -1000 -1000 -10 0.0000 
Car -1 -1 -10 688.10 237.86 775.16 267.65 -1 -1 -1 -1000 -1000 -1000 -10 0.0000 
Car -1 -1 -10 215.67 212.91 309.74 275.27 -1 -1 -1 -1000 -1000 -1000 -10 0.0000 
Car -1 -1 -10 881.13 320.56 942.29 337.57 -1 -1 -1 -1000 -1000 -1000 -10 0.0000 
Car -1 -1 -10 857.10 319.90 957.13 341.48 -1 -1 -1 -1000 -1000 -1000 -10 0.0000 
Car -1 -1 -10 903.62 313.64 1001.11 344.17 -1 -1 -1 -1000 -1000 -1000 -10 0.0000 
Car -1 -1 -10 858.33 313.22 937.61 332.11 -1 -1 -1 -1000 -1000 -1000 -10 0.0000 
Car -1 -1 -10 561.62 190.15 648.85 239.22 -1 -1 -1 -1000 -1000 -1000 -10 0.0000 
Car -1 -1 -10 824.55 305.36 957.66 332.39 -1 -1 -1 -1000 -1000 -1000 -10 0.0000 
Car -1 -1 -10 399.27 199.52 452.83 262.05 -1 -1 -1 -1000 -1000 -1000 -10 0.0000 
