Car -1 -1 -10 8.23 186.76 331.00 364.21 -1 -1 -1 -1000 -1000 -1000 -10 0.9986 
Car -1 -1 -10 883.65 140.48 1218.92 299.80 -1 -1 -1 -1000 -1000 -1000 -10 0.9247 
Car -1 -1 -10 1031.70 143.72 1243.01 325.28 -1 -1 -1 -1000 -1000 -1000 -10 0.1860 
Car -1 -1 -10 881.74 154.37 1090.59 270.29 -1 -1 -1 -1000 -1000 -1000 -10 0.0043 
Car -1 -1 -10 0.00 218.18 56.55 248.71 -1 -1 -1 -1000 -1000 -1000 -10 0.0035 
Car -1 -1 -10 535.02 114.22 746.03 219.43 -1 -1 -1 -1000 -1000 -1000 -10 0.0032 
Car -1 -1 -10 877.23 179.57 1015.27 262.35 -1 -1 -1 -1000 -1000 -1000 -10 0.0027 
Car -1 -1 -10 974.36 149.78 1109.27 190.64 -1 -1 -1 -1000 -1000 -1000 -10 0.0020 
Car -1 -1 -10 797.57 165.07 845.69 195.24 -1 -1 -1 -1000 -1000 -1000 -10 0.0017 
Car -1 -1 -10 769.00 181.07 817.78 198.41 -1 -1 -1 -1000 -1000 -1000 -10 0.0015 
Car -1 -1 -10 893.29 190.18 973.18 228.75 -1 -1 -1 -1000 -1000 -1000 -10 0.0013 
Car -1 -1 -10 7.03 36.64 133.62 110.50 -1 -1 -1 -1000 -1000 -1000 -10 0.0010 
Car -1 -1 -10 789.03 181.17 842.62 219.87 -1 -1 -1 -1000 -1000 -1000 -10 0.0010 
Car -1 -1 -10 1171.00 160.63 1243.02 225.08 -1 -1 -1 -1000 -1000 -1000 -10 0.0009 
Car -1 -1 -10 1032.30 190.26 1094.90 230.41 -1 -1 -1 -1000 -1000 -1000 -10 0.0006 
Car -1 -1 -10 85.91 210.48 156.85 242.69 -1 -1 -1 -1000 -1000 -1000 -10 0.0006 
Car -1 -1 -10 904.02 149.90 1181.84 239.11 -1 -1 -1 -1000 -1000 -1000 -10 0.0005 
Car -1 -1 -10 1036.80 143.73 1160.60 178.16 -1 -1 -1 -1000 -1000 -1000 -10 0.0003 
Car -1 -1 -10 940.18 155.48 1001.90 190.44 -1 -1 -1 -1000 -1000 -1000 -10 0.0002 
Car -1 -1 -10 1117.30 143.68 1234.88 301.96 -1 -1 -1 -1000 -1000 -1000 -10 0.0002 
Car -1 -1 -10 189.99 198.15 329.45 260.81 -1 -1 -1 -1000 -1000 -1000 -10 0.0001 
Car -1 -1 -10 17.33 220.71 242.64 343.78 -1 -1 -1 -1000 -1000 -1000 -10 0.0001 
Car -1 -1 -10 88.93 195.42 243.12 252.64 -1 -1 -1 -1000 -1000 -1000 -10 0.0000 
Car -1 -1 -10 1030.90 148.81 1115.04 241.66 -1 -1 -1 -1000 -1000 -1000 -10 0.0000 
Car -1 -1 -10 995.48 201.52 1092.61 251.36 -1 -1 -1 -1000 -1000 -1000 -10 0.0000 
Car -1 -1 -10 237.59 195.59 313.84 218.22 -1 -1 -1 -1000 -1000 -1000 -10 0.0000 
Car -1 -1 -10 1088.70 147.31 1243.00 227.13 -1 -1 -1 -1000 -1000 -1000 -10 0.0000 
Car -1 -1 -10 261.06 198.51 330.11 240.83 -1 -1 -1 -1000 -1000 -1000 -10 0.0000 
Car -1 -1 -10 301.01 207.17 374.90 226.70 -1 -1 -1 -1000 -1000 -1000 -10 0.0000 
Car -1 -1 -10 115.03 230.04 209.75 294.26 -1 -1 -1 -1000 -1000 -1000 -10 0.0000 
Car -1 -1 -10 1038.70 178.48 1105.32 215.42 -1 -1 -1 -1000 -1000 -1000 -10 0.0000 
Car -1 -1 -10 284.14 206.55 366.16 236.12 -1 -1 -1 -1000 -1000 -1000 -10 0.0000 
Car -1 -1 -10 964.63 172.49 1097.90 257.89 -1 -1 -1 -1000 -1000 -1000 -10 0.0000 
Car -1 -1 -10 928.78 170.76 1163.50 282.34 -1 -1 -1 -1000 -1000 -1000 -10 0.0000 
