Car -1 -1 -10 512.91 176.13 553.83 202.31 -1 -1 -1 -1000 -1000 -1000 -10 1.0000 
Car -1 -1 -10 490.76 95.25 542.18 127.71 -1 -1 -1 -1000 -1000 -1000 -10 0.0063 
Car -1 -1 -10 897.36 284.60 947.67 312.87 -1 -1 -1 -1000 -1000 -1000 -10 0.0030 
Car -1 -1 -10 820.02 268.80 870.40 298.60 -1 -1 -1 -1000 -1000 -1000 -10 0.0020 
Car -1 -1 -10 794.58 271.69 847.42 304.42 -1 -1 -1 -1000 -1000 -1000 -10 0.0008 
Car -1 -1 -10 778.27 280.82 830.83 307.66 -1 -1 -1 -1000 -1000 -1000 -10 0.0008 
Car -1 -1 -10 829.05 293.04 884.11 315.94 -1 -1 -1 -1000 -1000 -1000 -10 0.0007 
Car -1 -1 -10 480.37 93.23 555.01 139.64 -1 -1 -1 -1000 -1000 -1000 -10 0.0007 
Car -1 -1 -10 827.63 280.49 882.74 309.16 -1 -1 -1 -1000 -1000 -1000 -10 0.0006 
Car -1 -1 -10 459.07 35.84 516.20 60.93 -1 -1 -1 -1000 -1000 -1000 -10 0.0004 
Car -1 -1 -10 223.34 48.86 275.17 76.67 -1 -1 -1 -1000 -1000 -1000 -10 0.0004 
Car -1 -1 -10 498.43 92.40 585.28 127.29 -1 -1 -1 -1000 -1000 -1000 -10 0.0003 
Car -1 -1 -10 245.05 62.22 301.70 82.67 -1 -1 -1 -1000 -1000 -1000 -10 0.0003 
Car -1 -1 -10 490.47 58.41 541.01 83.48 -1 -1 -1 -1000 -1000 -1000 -10 0.0003 
Car -1 -1 -10 842.33 112.31 899.22 143.68 -1 -1 -1 -1000 -1000 -1000 -10 0.0002 
Car -1 -1 -10 220.72 57.27 292.92 88.37 -1 -1 -1 -1000 -1000 -1000 -10 0.0002 
Car -1 -1 -10 199.91 91.41 266.06 121.84 -1 -1 -1 -1000 -1000 -1000 -10 0.0002 
Car -1 -1 -10 23.96 145.61 83.64 185.05 -1 -1 -1 -1000 -1000 -1000 -10 0.0002 
Car -1 -1 -10 477.49 60.58 564.05 92.01 -1 -1 -1 -1000 -1000 -1000 -10 0.0002 
Car -1 -1 -10 830.81 121.72 888.56 156.75 -1 -1 -1 -1000 -1000 -1000 -10 0.0002 
Car -1 -1 -10 496.75 79.98 590.88 117.56 -1 -1 -1 -1000 -1000 -1000 -10 0.0002 
Car -1 -1 -10 232.56 51.12 321.43 81.89 -1 -1 -1 -1000 -1000 -1000 -10 0.0002 
Car -1 -1 -10 271.71 53.63 326.90 80.43 -1 -1 -1 -1000 -1000 -1000 -10 0.0001 
Car -1 -1 -10 100.09 28.19 187.81 70.29 -1 -1 -1 -1000 -1000 -1000 -10 0.0001 
