Car -1 -1 -10 307.06 195.91 488.10 323.34 -1 -1 -1 -1000 -1000 -1000 -10 1.0000 
Car -1 -1 -10 552.77 166.58 579.90 194.12 -1 -1 -1 -1000 -1000 -1000 -10 0.9976 
Car -1 -1 -10 100.60 114.40 155.13 149.92 -1 -1 -1 -1000 -1000 -1000 -10 0.0216 
Car -1 -1 -10 114.25 138.91 170.73 168.42 -1 -1 -1 -1000 -1000 -1000 -10 0.0162 
Car -1 -1 -10 126.79 115.53 174.46 151.18 -1 -1 -1 -1000 -1000 -1000 -10 0.0155 
Car -1 -1 -10 125.78 148.04 180.71 181.30 -1 -1 -1 -1000 -1000 -1000 -10 0.0150 
Car -1 -1 -10 150.41 123.69 195.71 152.97 -1 -1 -1 -1000 -1000 -1000 -10 0.0135 
Car -1 -1 -10 145.96 154.38 200.01 183.93 -1 -1 -1 -1000 -1000 -1000 -10 0.0135 
Car -1 -1 -10 95.75 124.05 167.45 164.34 -1 -1 -1 -1000 -1000 -1000 -10 0.0128 
Car -1 -1 -10 137.13 136.34 187.98 169.91 -1 -1 -1 -1000 -1000 -1000 -10 0.0125 
Car -1 -1 -10 103.44 260.67 154.72 295.22 -1 -1 -1 -1000 -1000 -1000 -10 0.0098 
Car -1 -1 -10 88.14 105.34 148.60 142.68 -1 -1 -1 -1000 -1000 -1000 -10 0.0087 
Car -1 -1 -10 71.30 176.65 133.55 210.52 -1 -1 -1 -1000 -1000 -1000 -10 0.0087 
Car -1 -1 -10 80.53 129.63 144.02 163.62 -1 -1 -1 -1000 -1000 -1000 -10 0.0084 
Car -1 -1 -10 99.11 284.89 173.42 315.42 -1 -1 -1 -1000 -1000 -1000 -10 0.0075 
Car -1 -1 -10 168.91 180.11 217.62 210.49 -1 -1 -1 -1000 -1000 -1000 -10 0.0067 
Car -1 -1 -10 89.67 272.28 145.48 300.40 -1 -1 -1 -1000 -1000 -1000 -10 0.0066 
Car -1 -1 -10 50.33 152.88 114.14 191.50 -1 -1 -1 -1000 -1000 -1000 -10 0.0063 
Car -1 -1 -10 167.81 150.72 221.05 179.95 -1 -1 -1 -1000 -1000 -1000 -10 0.0055 
Car -1 -1 -10 136.67 160.14 187.71 193.82 -1 -1 -1 -1000 -1000 -1000 -10 0.0054 
Car -1 -1 -10 62.94 237.57 134.02 285.95 -1 -1 -1 -1000 -1000 -1000 -10 0.0053 
Car -1 -1 -10 156.02 131.85 207.16 164.29 -1 -1 -1 -1000 -1000 -1000 -10 0.0045 
Car -1 -1 -10 575.50 70.23 626.98 109.98 -1 -1 -1 -1000 -1000 -1000 -10 0.0043 
Car -1 -1 -10 105.23 252.32 161.03 282.67 -1 -1 -1 -1000 -1000 -1000 -10 0.0042 
Car -1 -1 -10 179.86 156.11 234.06 184.85 -1 -1 -1 -1000 -1000 -1000 -10 0.0040 
Car -1 -1 -10 527.73 86.15 589.24 125.23 -1 -1 -1 -1000 -1000 -1000 -10 0.0039 
Car -1 -1 -10 128.30 163.86 201.10 211.40 -1 -1 -1 -1000 -1000 -1000 -10 0.0038 
Car -1 -1 -10 143.87 135.59 213.49 176.73 -1 -1 -1 -1000 -1000 -1000 -10 0.0038 
Car -1 -1 -10 117.08 267.95 199.53 312.87 -1 -1 -1 -1000 -1000 -1000 -10 0.0037 
Car -1 -1 -10 113.80 297.12 180.78 326.10 -1 -1 -1 -1000 -1000 -1000 -10 0.0036 
Car -1 -1 -10 172.60 147.42 243.98 193.20 -1 -1 -1 -1000 -1000 -1000 -10 0.0035 
Car -1 -1 -10 18.85 274.05 98.53 299.26 -1 -1 -1 -1000 -1000 -1000 -10 0.0032 
Car -1 -1 -10 178.15 184.05 238.99 215.36 -1 -1 -1 -1000 -1000 -1000 -10 0.0032 
Car -1 -1 -10 73.96 188.19 130.00 218.86 -1 -1 -1 -1000 -1000 -1000 -10 0.0032 
Car -1 -1 -10 163.92 269.46 226.05 294.53 -1 -1 -1 -1000 -1000 -1000 -10 0.0032 
Car -1 -1 -10 88.48 160.81 171.56 210.12 -1 -1 -1 -1000 -1000 -1000 -10 0.0032 
Car -1 -1 -10 144.25 184.28 202.69 218.06 -1 -1 -1 -1000 -1000 -1000 -10 0.0030 
Car -1 -1 -10 57.85 169.39 108.70 208.03 -1 -1 -1 -1000 -1000 -1000 -10 0.0029 
Car -1 -1 -10 543.69 83.39 604.81 118.22 -1 -1 -1 -1000 -1000 -1000 -10 0.0028 
Car -1 -1 -10 168.58 190.08 221.40 219.06 -1 -1 -1 -1000 -1000 -1000 -10 0.0028 
Car -1 -1 -10 60.78 154.50 133.27 203.78 -1 -1 -1 -1000 -1000 -1000 -10 0.0028 
Car -1 -1 -10 521.47 78.24 571.07 110.85 -1 -1 -1 -1000 -1000 -1000 -10 0.0028 
Car -1 -1 -10 152.47 283.04 226.73 315.28 -1 -1 -1 -1000 -1000 -1000 -10 0.0027 
Car -1 -1 -10 78.54 236.45 139.12 269.67 -1 -1 -1 -1000 -1000 -1000 -10 0.0025 
Car -1 -1 -10 605.13 68.38 653.42 101.30 -1 -1 -1 -1000 -1000 -1000 -10 0.0024 
Car -1 -1 -10 71.04 279.26 136.21 320.09 -1 -1 -1 -1000 -1000 -1000 -10 0.0024 
Car -1 -1 -10 112.95 287.61 212.13 322.75 -1 -1 -1 -1000 -1000 -1000 -10 0.0024 
Car -1 -1 -10 1088.00 268.63 1186.91 293.57 -1 -1 -1 -1000 -1000 -1000 -10 0.0019 
Car -1 -1 -10 165.97 198.15 258.93 232.32 -1 -1 -1 -1000 -1000 -1000 -10 0.0019 
Car -1 -1 -10 11.03 277.42 90.71 325.34 -1 -1 -1 -1000 -1000 -1000 -10 0.0017 
Car -1 -1 -10 55.20 241.36 114.51 276.60 -1 -1 -1 -1000 -1000 -1000 -10 0.0016 
Car -1 -1 -10 136.24 116.05 203.86 161.02 -1 -1 -1 -1000 -1000 -1000 -10 0.0016 
Car -1 -1 -10 517.85 91.78 561.53 121.98 -1 -1 -1 -1000 -1000 -1000 -10 0.0015 
Car -1 -1 -10 47.72 82.04 125.95 123.43 -1 -1 -1 -1000 -1000 -1000 -10 0.0014 
Car -1 -1 -10 41.32 277.36 119.87 320.44 -1 -1 -1 -1000 -1000 -1000 -10 0.0013 
Car -1 -1 -10 193.02 165.63 249.08 206.78 -1 -1 -1 -1000 -1000 -1000 -10 0.0013 
Car -1 -1 -10 94.33 237.00 159.41 289.80 -1 -1 -1 -1000 -1000 -1000 -10 0.0012 
Car -1 -1 -10 609.92 73.55 668.38 110.75 -1 -1 -1 -1000 -1000 -1000 -10 0.0011 
Car -1 -1 -10 559.42 81.53 628.96 116.91 -1 -1 -1 -1000 -1000 -1000 -10 0.0011 
Car -1 -1 -10 153.87 295.74 220.31 322.57 -1 -1 -1 -1000 -1000 -1000 -10 0.0010 
Car -1 -1 -10 724.13 219.11 815.03 267.46 -1 -1 -1 -1000 -1000 -1000 -10 0.0010 
Car -1 -1 -10 179.91 206.18 272.82 242.71 -1 -1 -1 -1000 -1000 -1000 -10 0.0009 
Car -1 -1 -10 529.15 57.91 583.37 86.88 -1 -1 -1 -1000 -1000 -1000 -10 0.0009 
Car -1 -1 -10 161.68 158.88 241.63 208.22 -1 -1 -1 -1000 -1000 -1000 -10 0.0008 
Car -1 -1 -10 139.47 264.05 227.73 308.95 -1 -1 -1 -1000 -1000 -1000 -10 0.0008 
Car -1 -1 -10 87.05 294.08 153.64 326.31 -1 -1 -1 -1000 -1000 -1000 -10 0.0007 
Car -1 -1 -10 213.97 212.83 271.98 241.08 -1 -1 -1 -1000 -1000 -1000 -10 0.0007 
Car -1 -1 -10 512.82 100.65 574.31 139.11 -1 -1 -1 -1000 -1000 -1000 -10 0.0006 
Car -1 -1 -10 13.85 25.74 69.48 56.64 -1 -1 -1 -1000 -1000 -1000 -10 0.0005 
Car -1 -1 -10 530.05 64.91 591.36 104.56 -1 -1 -1 -1000 -1000 -1000 -10 0.0005 
Car -1 -1 -10 47.47 223.54 120.95 267.29 -1 -1 -1 -1000 -1000 -1000 -10 0.0004 
Car -1 -1 -10 510.00 88.54 551.69 115.63 -1 -1 -1 -1000 -1000 -1000 -10 0.0004 
Car -1 -1 -10 1203.10 36.94 1243.04 65.77 -1 -1 -1 -1000 -1000 -1000 -10 0.0003 
Car -1 -1 -10 220.79 160.39 299.55 202.65 -1 -1 -1 -1000 -1000 -1000 -10 0.0003 
Car -1 -1 -10 18.16 29.46 104.62 70.91 -1 -1 -1 -1000 -1000 -1000 -10 0.0003 
Car -1 -1 -10 66.45 32.34 151.62 70.98 -1 -1 -1 -1000 -1000 -1000 -10 0.0002 
Car -1 -1 -10 630.12 96.88 692.10 136.18 -1 -1 -1 -1000 -1000 -1000 -10 0.0002 
Car -1 -1 -10 88.49 303.88 150.31 346.26 -1 -1 -1 -1000 -1000 -1000 -10 0.0002 
Car -1 -1 -10 84.96 56.20 173.75 99.28 -1 -1 -1 -1000 -1000 -1000 -10 0.0002 
Car -1 -1 -10 225.70 207.58 286.22 233.83 -1 -1 -1 -1000 -1000 -1000 -10 0.0002 
Car -1 -1 -10 659.26 66.85 759.55 103.18 -1 -1 -1 -1000 -1000 -1000 -10 0.0002 
Car -1 -1 -10 11.53 302.44 93.80 347.38 -1 -1 -1 -1000 -1000 -1000 -10 0.0001 
Car -1 -1 -10 224.48 160.79 268.58 191.84 -1 -1 -1 -1000 -1000 -1000 -10 0.0001 
Car -1 -1 -10 1184.90 41.85 1242.97 77.51 -1 -1 -1 -1000 -1000 -1000 -10 0.0001 
Car -1 -1 -10 633.40 81.10 700.59 124.21 -1 -1 -1 -1000 -1000 -1000 -10 0.0001 
Car -1 -1 -10 239.18 176.36 297.17 201.34 -1 -1 -1 -1000 -1000 -1000 -10 0.0001 
Car -1 -1 -10 751.69 231.15 818.45 265.75 -1 -1 -1 -1000 -1000 -1000 -10 0.0001 
Car -1 -1 -10 786.17 235.00 833.61 265.02 -1 -1 -1 -1000 -1000 -1000 -10 0.0001 
Car -1 -1 -10 204.52 154.84 263.43 186.66 -1 -1 -1 -1000 -1000 -1000 -10 0.0001 
Car -1 -1 -10 298.93 320.06 337.04 346.01 -1 -1 -1 -1000 -1000 -1000 -10 0.0000 
Car -1 -1 -10 717.65 40.18 773.16 68.90 -1 -1 -1 -1000 -1000 -1000 -10 0.0000 
Car -1 -1 -10 704.47 46.08 779.59 82.14 -1 -1 -1 -1000 -1000 -1000 -10 0.0000 
Car -1 -1 -10 654.38 75.45 719.62 115.71 -1 -1 -1 -1000 -1000 -1000 -10 0.0000 
Car -1 -1 -10 452.64 202.61 514.41 250.96 -1 -1 -1 -1000 -1000 -1000 -10 0.0000 
Car -1 -1 -10 616.61 184.61 673.48 212.12 -1 -1 -1 -1000 -1000 -1000 -10 0.0000 
Car -1 -1 -10 98.66 0.00 180.28 23.17 -1 -1 -1 -1000 -1000 -1000 -10 0.0000 
Car -1 -1 -10 596.45 185.54 688.61 217.95 -1 -1 -1 -1000 -1000 -1000 -10 0.0000 
Car -1 -1 -10 335.81 200.40 450.67 283.02 -1 -1 -1 -1000 -1000 -1000 -10 0.0000 
Car -1 -1 -10 95.02 0.00 209.09 39.37 -1 -1 -1 -1000 -1000 -1000 -10 0.0000 
Car -1 -1 -10 657.62 82.47 754.16 126.53 -1 -1 -1 -1000 -1000 -1000 -10 0.0000 
Car -1 -1 -10 460.77 202.87 529.47 235.06 -1 -1 -1 -1000 -1000 -1000 -10 0.0000 
Car -1 -1 -10 481.15 195.62 564.82 221.57 -1 -1 -1 -1000 -1000 -1000 -10 0.0000 
Car -1 -1 -10 578.85 187.10 669.41 235.44 -1 -1 -1 -1000 -1000 -1000 -10 0.0000 
Car -1 -1 -10 405.05 196.99 496.39 259.67 -1 -1 -1 -1000 -1000 -1000 -10 0.0000 
