Car -1 -1 -10 554.51 163.01 580.30 182.15 -1 -1 -1 -1000 -1000 -1000 -10 0.1430 
Car -1 -1 -10 236.70 24.13 327.73 77.31 -1 -1 -1 -1000 -1000 -1000 -10 0.0156 
Car -1 -1 -10 1029.20 59.32 1085.03 86.38 -1 -1 -1 -1000 -1000 -1000 -10 0.0113 
Car -1 -1 -10 17.22 38.10 66.36 67.56 -1 -1 -1 -1000 -1000 -1000 -10 0.0081 
Car -1 -1 -10 1060.00 73.46 1113.65 103.06 -1 -1 -1 -1000 -1000 -1000 -10 0.0076 
Car -1 -1 -10 1129.90 61.89 1206.16 101.53 -1 -1 -1 -1000 -1000 -1000 -10 0.0075 
Car -1 -1 -10 1053.40 61.34 1109.23 92.10 -1 -1 -1 -1000 -1000 -1000 -10 0.0070 
Car -1 -1 -10 1095.60 103.83 1149.19 129.93 -1 -1 -1 -1000 -1000 -1000 -10 0.0069 
Car -1 -1 -10 1026.80 54.65 1076.34 73.94 -1 -1 -1 -1000 -1000 -1000 -10 0.0048 
Car -1 -1 -10 23.17 174.21 167.70 224.53 -1 -1 -1 -1000 -1000 -1000 -10 0.0043 
Car -1 -1 -10 175.07 46.81 228.47 86.67 -1 -1 -1 -1000 -1000 -1000 -10 0.0031 
Car -1 -1 -10 201.05 41.91 244.63 78.98 -1 -1 -1 -1000 -1000 -1000 -10 0.0031 
Car -1 -1 -10 0.00 27.80 86.63 73.17 -1 -1 -1 -1000 -1000 -1000 -10 0.0026 
Car -1 -1 -10 193.37 54.60 243.66 91.13 -1 -1 -1 -1000 -1000 -1000 -10 0.0019 
Car -1 -1 -10 998.10 90.71 1054.87 119.49 -1 -1 -1 -1000 -1000 -1000 -10 0.0016 
Car -1 -1 -10 1013.10 85.95 1078.33 120.56 -1 -1 -1 -1000 -1000 -1000 -10 0.0016 
Car -1 -1 -10 585.72 111.71 626.92 141.50 -1 -1 -1 -1000 -1000 -1000 -10 0.0013 
Car -1 -1 -10 730.50 83.14 795.46 124.81 -1 -1 -1 -1000 -1000 -1000 -10 0.0013 
Car -1 -1 -10 1144.00 48.61 1218.04 78.59 -1 -1 -1 -1000 -1000 -1000 -10 0.0012 
Car -1 -1 -10 1051.90 92.60 1102.11 128.93 -1 -1 -1 -1000 -1000 -1000 -10 0.0011 
Car -1 -1 -10 735.31 100.37 787.35 137.15 -1 -1 -1 -1000 -1000 -1000 -10 0.0008 
Car -1 -1 -10 1062.60 82.84 1122.15 124.35 -1 -1 -1 -1000 -1000 -1000 -10 0.0008 
Car -1 -1 -10 1074.90 78.89 1148.71 108.00 -1 -1 -1 -1000 -1000 -1000 -10 0.0007 
Car -1 -1 -10 1040.80 72.03 1106.38 118.08 -1 -1 -1 -1000 -1000 -1000 -10 0.0006 
Car -1 -1 -10 1069.00 105.88 1130.11 130.21 -1 -1 -1 -1000 -1000 -1000 -10 0.0006 
Car -1 -1 -10 961.60 91.90 1043.56 139.50 -1 -1 -1 -1000 -1000 -1000 -10 0.0005 
Car -1 -1 -10 1094.10 34.45 1214.30 85.28 -1 -1 -1 -1000 -1000 -1000 -10 0.0004 
Car -1 -1 -10 374.96 144.46 418.40 173.72 -1 -1 -1 -1000 -1000 -1000 -10 0.0004 
Car -1 -1 -10 772.51 55.66 836.34 95.79 -1 -1 -1 -1000 -1000 -1000 -10 0.0004 
Car -1 -1 -10 260.45 199.19 338.99 229.28 -1 -1 -1 -1000 -1000 -1000 -10 0.0003 
Car -1 -1 -10 357.87 62.49 418.04 116.77 -1 -1 -1 -1000 -1000 -1000 -10 0.0003 
Car -1 -1 -10 206.38 175.08 280.70 196.93 -1 -1 -1 -1000 -1000 -1000 -10 0.0003 
Car -1 -1 -10 811.88 286.82 883.14 319.61 -1 -1 -1 -1000 -1000 -1000 -10 0.0002 
Car -1 -1 -10 0.00 171.37 100.47 226.63 -1 -1 -1 -1000 -1000 -1000 -10 0.0002 
Car -1 -1 -10 353.43 90.20 433.91 127.80 -1 -1 -1 -1000 -1000 -1000 -10 0.0002 
Car -1 -1 -10 1077.40 90.36 1156.90 129.33 -1 -1 -1 -1000 -1000 -1000 -10 0.0001 
Car -1 -1 -10 153.75 172.32 253.16 201.89 -1 -1 -1 -1000 -1000 -1000 -10 0.0001 
Car -1 -1 -10 445.11 173.20 488.84 188.66 -1 -1 -1 -1000 -1000 -1000 -10 0.0001 
Car -1 -1 -10 221.57 165.27 264.84 194.55 -1 -1 -1 -1000 -1000 -1000 -10 0.0000 
Car -1 -1 -10 212.93 32.50 274.33 81.41 -1 -1 -1 -1000 -1000 -1000 -10 0.0000 
Car -1 -1 -10 556.79 147.14 584.18 181.79 -1 -1 -1 -1000 -1000 -1000 -10 0.0000 
Car -1 -1 -10 682.39 62.30 769.38 89.08 -1 -1 -1 -1000 -1000 -1000 -10 0.0000 
Car -1 -1 -10 732.33 182.83 790.63 213.80 -1 -1 -1 -1000 -1000 -1000 -10 0.0000 
Car -1 -1 -10 832.32 304.87 900.49 345.14 -1 -1 -1 -1000 -1000 -1000 -10 0.0000 
