Car -1 -1 -10 1175.20 57.78 1225.02 87.10 -1 -1 -1 -1000 -1000 -1000 -10 0.0586 
Car -1 -1 -10 740.14 53.80 796.80 97.95 -1 -1 -1 -1000 -1000 -1000 -10 0.0289 
Car -1 -1 -10 557.96 142.21 658.78 198.70 -1 -1 -1 -1000 -1000 -1000 -10 0.0179 
Car -1 -1 -10 0.00 95.78 270.50 232.31 -1 -1 -1 -1000 -1000 -1000 -10 0.0107 
Car -1 -1 -10 647.10 139.79 770.31 210.08 -1 -1 -1 -1000 -1000 -1000 -10 0.0087 
Car -1 -1 -10 313.98 94.50 389.94 131.00 -1 -1 -1 -1000 -1000 -1000 -10 0.0059 
Car -1 -1 -10 511.69 148.23 600.85 188.37 -1 -1 -1 -1000 -1000 -1000 -10 0.0045 
Car -1 -1 -10 172.40 205.37 258.53 250.79 -1 -1 -1 -1000 -1000 -1000 -10 0.0040 
Car -1 -1 -10 246.45 157.08 319.13 224.41 -1 -1 -1 -1000 -1000 -1000 -10 0.0023 
Car -1 -1 -10 590.09 149.95 643.81 196.43 -1 -1 -1 -1000 -1000 -1000 -10 0.0013 
Car -1 -1 -10 502.68 151.22 573.06 182.10 -1 -1 -1 -1000 -1000 -1000 -10 0.0012 
Car -1 -1 -10 723.77 156.13 770.02 209.81 -1 -1 -1 -1000 -1000 -1000 -10 0.0011 
Car -1 -1 -10 0.00 90.47 169.34 134.64 -1 -1 -1 -1000 -1000 -1000 -10 0.0009 
Car -1 -1 -10 199.01 216.25 267.08 253.31 -1 -1 -1 -1000 -1000 -1000 -10 0.0007 
Car -1 -1 -10 715.67 104.40 763.83 131.39 -1 -1 -1 -1000 -1000 -1000 -10 0.0006 
Car -1 -1 -10 127.72 101.84 253.55 152.80 -1 -1 -1 -1000 -1000 -1000 -10 0.0005 
Car -1 -1 -10 402.88 145.11 447.82 180.64 -1 -1 -1 -1000 -1000 -1000 -10 0.0004 
Car -1 -1 -10 165.93 102.18 247.17 128.44 -1 -1 -1 -1000 -1000 -1000 -10 0.0004 
Car -1 -1 -10 247.23 160.23 305.93 199.81 -1 -1 -1 -1000 -1000 -1000 -10 0.0003 
Car -1 -1 -10 271.70 157.35 322.93 207.13 -1 -1 -1 -1000 -1000 -1000 -10 0.0003 
Car -1 -1 -10 657.82 153.69 730.45 202.47 -1 -1 -1 -1000 -1000 -1000 -10 0.0001 
Car -1 -1 -10 346.76 169.27 395.93 241.91 -1 -1 -1 -1000 -1000 -1000 -10 0.0001 
Car -1 -1 -10 1097.80 160.29 1188.45 210.73 -1 -1 -1 -1000 -1000 -1000 -10 0.0000 
Car -1 -1 -10 410.86 146.83 474.76 187.15 -1 -1 -1 -1000 -1000 -1000 -10 0.0000 
Car -1 -1 -10 713.11 143.98 784.74 205.78 -1 -1 -1 -1000 -1000 -1000 -10 0.0000 
Car -1 -1 -10 361.74 176.24 435.12 249.40 -1 -1 -1 -1000 -1000 -1000 -10 0.0000 
Car -1 -1 -10 994.61 121.72 1061.75 141.98 -1 -1 -1 -1000 -1000 -1000 -10 0.0000 
Car -1 -1 -10 1124.70 22.62 1205.84 54.47 -1 -1 -1 -1000 -1000 -1000 -10 0.0000 
Car -1 -1 -10 343.30 185.83 390.12 227.95 -1 -1 -1 -1000 -1000 -1000 -10 0.0000 
Car -1 -1 -10 329.10 193.41 423.94 264.03 -1 -1 -1 -1000 -1000 -1000 -10 0.0000 
Car -1 -1 -10 572.57 67.47 644.98 104.12 -1 -1 -1 -1000 -1000 -1000 -10 0.0000 
Car -1 -1 -10 750.92 182.40 823.29 214.43 -1 -1 -1 -1000 -1000 -1000 -10 0.0000 
