Car -1 -1 -10 130.91 193.63 250.16 251.82 -1 -1 -1 -1000 -1000 -1000 -10 0.9999 
Car -1 -1 -10 596.88 175.42 630.26 203.96 -1 -1 -1 -1000 -1000 -1000 -10 0.9997 
Car -1 -1 -10 454.40 175.73 486.07 200.25 -1 -1 -1 -1000 -1000 -1000 -10 0.9107 
Car -1 -1 -10 365.84 288.93 422.57 317.19 -1 -1 -1 -1000 -1000 -1000 -10 0.0162 
Car -1 -1 -10 338.13 299.00 394.04 329.61 -1 -1 -1 -1000 -1000 -1000 -10 0.0123 
Car -1 -1 -10 1123.80 133.01 1177.33 176.69 -1 -1 -1 -1000 -1000 -1000 -10 0.0094 
Car -1 -1 -10 633.23 163.91 676.61 194.45 -1 -1 -1 -1000 -1000 -1000 -10 0.0084 
Car -1 -1 -10 550.15 163.69 583.18 193.99 -1 -1 -1 -1000 -1000 -1000 -10 0.0083 
Car -1 -1 -10 354.58 293.94 409.06 326.53 -1 -1 -1 -1000 -1000 -1000 -10 0.0061 
Car -1 -1 -10 1112.80 292.11 1184.53 327.73 -1 -1 -1 -1000 -1000 -1000 -10 0.0047 
Car -1 -1 -10 1063.80 269.94 1137.61 303.60 -1 -1 -1 -1000 -1000 -1000 -10 0.0046 
Car -1 -1 -10 333.72 308.16 395.87 343.44 -1 -1 -1 -1000 -1000 -1000 -10 0.0044 
Car -1 -1 -10 1054.70 126.86 1107.14 162.46 -1 -1 -1 -1000 -1000 -1000 -10 0.0038 
Car -1 -1 -10 1168.70 278.07 1232.40 312.42 -1 -1 -1 -1000 -1000 -1000 -10 0.0028 
Car -1 -1 -10 1064.30 265.12 1119.89 293.92 -1 -1 -1 -1000 -1000 -1000 -10 0.0024 
Car -1 -1 -10 1070.10 260.35 1127.05 284.05 -1 -1 -1 -1000 -1000 -1000 -10 0.0021 
Car -1 -1 -10 1205.30 102.73 1243.02 121.45 -1 -1 -1 -1000 -1000 -1000 -10 0.0020 
Car -1 -1 -10 1040.50 264.69 1111.28 300.63 -1 -1 -1 -1000 -1000 -1000 -10 0.0016 
Car -1 -1 -10 1185.20 326.99 1242.98 351.35 -1 -1 -1 -1000 -1000 -1000 -10 0.0015 
Car -1 -1 -10 1136.00 272.38 1207.67 297.16 -1 -1 -1 -1000 -1000 -1000 -10 0.0014 
Car -1 -1 -10 1026.90 270.08 1086.80 299.24 -1 -1 -1 -1000 -1000 -1000 -10 0.0013 
Car -1 -1 -10 1060.80 141.11 1117.00 174.74 -1 -1 -1 -1000 -1000 -1000 -10 0.0013 
Car -1 -1 -10 1138.60 251.06 1196.79 287.50 -1 -1 -1 -1000 -1000 -1000 -10 0.0012 
Car -1 -1 -10 1084.40 281.98 1145.29 313.88 -1 -1 -1 -1000 -1000 -1000 -10 0.0012 
Car -1 -1 -10 1043.50 258.41 1101.19 286.98 -1 -1 -1 -1000 -1000 -1000 -10 0.0010 
Car -1 -1 -10 1178.90 308.40 1233.36 344.24 -1 -1 -1 -1000 -1000 -1000 -10 0.0010 
Car -1 -1 -10 1121.20 148.16 1165.13 186.95 -1 -1 -1 -1000 -1000 -1000 -10 0.0009 
Car -1 -1 -10 1097.00 292.56 1159.00 324.34 -1 -1 -1 -1000 -1000 -1000 -10 0.0009 
Car -1 -1 -10 1106.50 276.16 1191.92 309.52 -1 -1 -1 -1000 -1000 -1000 -10 0.0009 
Car -1 -1 -10 1129.90 135.89 1209.52 182.08 -1 -1 -1 -1000 -1000 -1000 -10 0.0008 
Car -1 -1 -10 1110.50 268.69 1179.09 298.76 -1 -1 -1 -1000 -1000 -1000 -10 0.0004 
Car -1 -1 -10 1096.40 267.88 1158.12 310.99 -1 -1 -1 -1000 -1000 -1000 -10 0.0004 
Car -1 -1 -10 203.54 191.96 258.64 223.47 -1 -1 -1 -1000 -1000 -1000 -10 0.0003 
Car -1 -1 -10 1161.60 263.85 1231.24 293.09 -1 -1 -1 -1000 -1000 -1000 -10 0.0003 
Car -1 -1 -10 347.14 273.03 410.01 311.77 -1 -1 -1 -1000 -1000 -1000 -10 0.0002 
Car -1 -1 -10 1082.00 260.21 1150.07 292.83 -1 -1 -1 -1000 -1000 -1000 -10 0.0002 
Car -1 -1 -10 1133.30 247.60 1237.27 294.93 -1 -1 -1 -1000 -1000 -1000 -10 0.0002 
Car -1 -1 -10 1191.90 107.47 1243.05 134.14 -1 -1 -1 -1000 -1000 -1000 -10 0.0002 
Car -1 -1 -10 843.28 138.83 911.60 170.59 -1 -1 -1 -1000 -1000 -1000 -10 0.0001 
Car -1 -1 -10 1183.00 250.20 1243.04 302.84 -1 -1 -1 -1000 -1000 -1000 -10 0.0000 
Car -1 -1 -10 583.49 174.14 610.84 195.85 -1 -1 -1 -1000 -1000 -1000 -10 0.0000 
Car -1 -1 -10 234.04 160.09 312.64 225.90 -1 -1 -1 -1000 -1000 -1000 -10 0.0000 
Car -1 -1 -10 569.62 170.53 595.17 191.24 -1 -1 -1 -1000 -1000 -1000 -10 0.0000 
