Car -1 -1 -10 1168.20 222.97 1225.03 251.73 -1 -1 -1 -1000 -1000 -1000 -10 0.0160 
Car -1 -1 -10 1126.40 225.12 1224.97 259.84 -1 -1 -1 -1000 -1000 -1000 -10 0.0059 
Car -1 -1 -10 1135.40 278.88 1224.98 319.98 -1 -1 -1 -1000 -1000 -1000 -10 0.0057 
Car -1 -1 -10 1017.80 158.72 1079.17 195.01 -1 -1 -1 -1000 -1000 -1000 -10 0.0020 
Car -1 -1 -10 992.18 125.64 1058.71 156.44 -1 -1 -1 -1000 -1000 -1000 -10 0.0013 
Car -1 -1 -10 945.04 147.65 1032.61 182.63 -1 -1 -1 -1000 -1000 -1000 -10 0.0011 
Car -1 -1 -10 1002.10 91.19 1139.74 125.27 -1 -1 -1 -1000 -1000 -1000 -10 0.0009 
Car -1 -1 -10 843.77 120.46 923.21 153.97 -1 -1 -1 -1000 -1000 -1000 -10 0.0003 
Car -1 -1 -10 989.03 155.08 1066.04 193.89 -1 -1 -1 -1000 -1000 -1000 -10 0.0003 
Car -1 -1 -10 1007.80 137.91 1077.73 181.83 -1 -1 -1 -1000 -1000 -1000 -10 0.0002 
Car -1 -1 -10 1186.90 270.75 1225.01 319.30 -1 -1 -1 -1000 -1000 -1000 -10 0.0002 
Car -1 -1 -10 959.30 103.04 1035.45 135.12 -1 -1 -1 -1000 -1000 -1000 -10 0.0001 
Car -1 -1 -10 992.41 118.91 1094.58 151.18 -1 -1 -1 -1000 -1000 -1000 -10 0.0001 
Car -1 -1 -10 985.82 115.60 1048.39 150.65 -1 -1 -1 -1000 -1000 -1000 -10 0.0001 
Car -1 -1 -10 1076.20 73.32 1153.39 123.26 -1 -1 -1 -1000 -1000 -1000 -10 0.0000 
Car -1 -1 -10 536.30 203.39 603.57 240.08 -1 -1 -1 -1000 -1000 -1000 -10 0.0000 
Car -1 -1 -10 884.28 119.31 968.85 156.45 -1 -1 -1 -1000 -1000 -1000 -10 0.0000 
Car -1 -1 -10 661.35 106.48 761.79 131.67 -1 -1 -1 -1000 -1000 -1000 -10 0.0000 
Car -1 -1 -10 973.91 98.90 1102.13 141.00 -1 -1 -1 -1000 -1000 -1000 -10 0.0000 
Car -1 -1 -10 852.94 114.21 886.59 131.46 -1 -1 -1 -1000 -1000 -1000 -10 0.0000 
Car -1 -1 -10 979.49 98.84 1040.07 124.23 -1 -1 -1 -1000 -1000 -1000 -10 0.0000 
Car -1 -1 -10 892.79 107.81 972.38 132.50 -1 -1 -1 -1000 -1000 -1000 -10 0.0000 
Car -1 -1 -10 861.42 118.40 922.75 140.69 -1 -1 -1 -1000 -1000 -1000 -10 0.0000 
Car -1 -1 -10 884.03 117.43 951.24 140.36 -1 -1 -1 -1000 -1000 -1000 -10 0.0000 
Car -1 -1 -10 918.29 100.09 979.58 129.44 -1 -1 -1 -1000 -1000 -1000 -10 0.0000 
Car -1 -1 -10 1007.80 103.90 1127.05 147.85 -1 -1 -1 -1000 -1000 -1000 -10 0.0000 
Car -1 -1 -10 468.35 26.97 650.77 84.90 -1 -1 -1 -1000 -1000 -1000 -10 0.0000 
Car -1 -1 -10 500.79 29.37 614.45 72.60 -1 -1 -1 -1000 -1000 -1000 -10 0.0000 
Car -1 -1 -10 0.00 13.15 126.37 108.22 -1 -1 -1 -1000 -1000 -1000 -10 0.0000 
Car -1 -1 -10 0.00 121.66 83.54 186.08 -1 -1 -1 -1000 -1000 -1000 -10 0.0000 
