Car -1 -1 -10 231.84 171.46 383.74 288.19 -1 -1 -1 -1000 -1000 -1000 -10 0.0131 
Car -1 -1 -10 706.01 180.19 789.37 226.43 -1 -1 -1 -1000 -1000 -1000 -10 0.0085 
Car -1 -1 -10 638.55 112.18 710.99 149.14 -1 -1 -1 -1000 -1000 -1000 -10 0.0063 
Car -1 -1 -10 783.33 165.77 827.92 204.32 -1 -1 -1 -1000 -1000 -1000 -10 0.0056 
Car -1 -1 -10 63.44 284.98 124.14 336.91 -1 -1 -1 -1000 -1000 -1000 -10 0.0053 
Car -1 -1 -10 13.12 63.73 101.24 121.05 -1 -1 -1 -1000 -1000 -1000 -10 0.0048 
Car -1 -1 -10 392.26 182.51 445.93 226.29 -1 -1 -1 -1000 -1000 -1000 -10 0.0046 
Car -1 -1 -10 413.57 36.01 471.60 74.51 -1 -1 -1 -1000 -1000 -1000 -10 0.0044 
Car -1 -1 -10 190.59 104.47 265.89 146.47 -1 -1 -1 -1000 -1000 -1000 -10 0.0033 
Car -1 -1 -10 22.27 87.67 108.50 148.27 -1 -1 -1 -1000 -1000 -1000 -10 0.0032 
Car -1 -1 -10 11.77 127.98 105.67 182.16 -1 -1 -1 -1000 -1000 -1000 -10 0.0025 
Car -1 -1 -10 1025.20 196.12 1133.94 268.69 -1 -1 -1 -1000 -1000 -1000 -10 0.0017 
Car -1 -1 -10 9.64 230.19 96.99 299.64 -1 -1 -1 -1000 -1000 -1000 -10 0.0017 
Car -1 -1 -10 21.23 199.55 97.62 257.11 -1 -1 -1 -1000 -1000 -1000 -10 0.0012 
Car -1 -1 -10 1060.60 193.32 1172.13 256.47 -1 -1 -1 -1000 -1000 -1000 -10 0.0011 
Car -1 -1 -10 55.95 266.99 153.32 343.63 -1 -1 -1 -1000 -1000 -1000 -10 0.0010 
Car -1 -1 -10 909.72 127.76 989.37 198.68 -1 -1 -1 -1000 -1000 -1000 -10 0.0009 
Car -1 -1 -10 23.18 178.28 99.99 229.44 -1 -1 -1 -1000 -1000 -1000 -10 0.0006 
Car -1 -1 -10 674.43 99.06 723.08 140.89 -1 -1 -1 -1000 -1000 -1000 -10 0.0006 
Car -1 -1 -10 734.67 184.02 803.55 234.18 -1 -1 -1 -1000 -1000 -1000 -10 0.0006 
Car -1 -1 -10 347.53 196.94 388.26 227.74 -1 -1 -1 -1000 -1000 -1000 -10 0.0005 
Car -1 -1 -10 409.98 177.55 471.68 216.18 -1 -1 -1 -1000 -1000 -1000 -10 0.0004 
Car -1 -1 -10 196.68 107.24 245.41 130.04 -1 -1 -1 -1000 -1000 -1000 -10 0.0003 
Car -1 -1 -10 208.65 118.19 332.08 153.20 -1 -1 -1 -1000 -1000 -1000 -10 0.0003 
Car -1 -1 -10 337.49 209.87 405.14 258.09 -1 -1 -1 -1000 -1000 -1000 -10 0.0003 
Car -1 -1 -10 841.01 179.15 948.60 254.99 -1 -1 -1 -1000 -1000 -1000 -10 0.0003 
Car -1 -1 -10 1025.90 153.77 1199.00 272.72 -1 -1 -1 -1000 -1000 -1000 -10 0.0002 
Car -1 -1 -10 121.08 150.35 179.05 179.92 -1 -1 -1 -1000 -1000 -1000 -10 0.0002 
Car -1 -1 -10 690.54 90.28 730.70 138.38 -1 -1 -1 -1000 -1000 -1000 -10 0.0002 
Car -1 -1 -10 292.25 201.10 394.92 268.63 -1 -1 -1 -1000 -1000 -1000 -10 0.0002 
Car -1 -1 -10 656.36 181.86 727.18 218.89 -1 -1 -1 -1000 -1000 -1000 -10 0.0001 
Car -1 -1 -10 304.61 169.93 388.13 223.73 -1 -1 -1 -1000 -1000 -1000 -10 0.0001 
Car -1 -1 -10 817.09 61.37 910.76 102.59 -1 -1 -1 -1000 -1000 -1000 -10 0.0001 
Car -1 -1 -10 615.87 104.98 677.27 142.67 -1 -1 -1 -1000 -1000 -1000 -10 0.0000 
Car -1 -1 -10 787.73 82.01 855.93 114.09 -1 -1 -1 -1000 -1000 -1000 -10 0.0000 
Car -1 -1 -10 604.13 194.80 658.48 206.44 -1 -1 -1 -1000 -1000 -1000 -10 0.0000 
Car -1 -1 -10 657.64 77.31 737.34 141.15 -1 -1 -1 -1000 -1000 -1000 -10 0.0000 
Car -1 -1 -10 630.36 85.30 716.87 150.95 -1 -1 -1 -1000 -1000 -1000 -10 0.0000 
Car -1 -1 -10 250.45 94.23 419.72 152.33 -1 -1 -1 -1000 -1000 -1000 -10 0.0000 
Car -1 -1 -10 759.98 72.18 871.55 125.58 -1 -1 -1 -1000 -1000 -1000 -10 0.0000 
