Car -1 -1 -10 666.68 185.83 716.68 224.47 -1 -1 -1 -1000 -1000 -1000 -10 1.0000 
Car -1 -1 -10 752.43 203.96 978.66 341.65 -1 -1 -1 -1000 -1000 -1000 -10 0.9999 
Car -1 -1 -10 329.87 189.62 498.95 290.78 -1 -1 -1 -1000 -1000 -1000 -10 0.9998 
Car -1 -1 -10 552.00 181.76 579.41 205.76 -1 -1 -1 -1000 -1000 -1000 -10 0.9985 
Car -1 -1 -10 1187.90 170.52 1235.66 211.60 -1 -1 -1 -1000 -1000 -1000 -10 0.0422 
Car -1 -1 -10 159.26 203.10 348.25 339.56 -1 -1 -1 -1000 -1000 -1000 -10 0.0384 
Car -1 -1 -10 1097.00 218.22 1144.60 253.52 -1 -1 -1 -1000 -1000 -1000 -10 0.0283 
Car -1 -1 -10 1087.00 247.81 1133.92 282.94 -1 -1 -1 -1000 -1000 -1000 -10 0.0139 
Car -1 -1 -10 977.85 202.89 1033.63 240.67 -1 -1 -1 -1000 -1000 -1000 -10 0.0127 
Car -1 -1 -10 0.00 203.27 355.09 353.89 -1 -1 -1 -1000 -1000 -1000 -10 0.0127 
Car -1 -1 -10 1102.50 210.77 1170.57 256.88 -1 -1 -1 -1000 -1000 -1000 -10 0.0119 
Car -1 -1 -10 1081.20 222.85 1130.91 260.35 -1 -1 -1 -1000 -1000 -1000 -10 0.0093 
Car -1 -1 -10 1087.10 271.38 1142.70 306.52 -1 -1 -1 -1000 -1000 -1000 -10 0.0088 
Car -1 -1 -10 1138.90 184.24 1191.26 225.84 -1 -1 -1 -1000 -1000 -1000 -10 0.0085 
Car -1 -1 -10 142.79 203.79 455.50 302.07 -1 -1 -1 -1000 -1000 -1000 -10 0.0084 
Car -1 -1 -10 1084.40 236.62 1151.71 279.72 -1 -1 -1 -1000 -1000 -1000 -10 0.0076 
Car -1 -1 -10 1143.00 253.63 1207.94 291.61 -1 -1 -1 -1000 -1000 -1000 -10 0.0074 
Car -1 -1 -10 1086.20 260.49 1130.10 296.22 -1 -1 -1 -1000 -1000 -1000 -10 0.0070 
Car -1 -1 -10 987.37 220.78 1041.30 261.99 -1 -1 -1 -1000 -1000 -1000 -10 0.0064 
Car -1 -1 -10 1060.90 225.29 1103.23 260.85 -1 -1 -1 -1000 -1000 -1000 -10 0.0053 
Car -1 -1 -10 1057.40 177.66 1115.61 218.42 -1 -1 -1 -1000 -1000 -1000 -10 0.0048 
Car -1 -1 -10 1101.20 178.49 1149.94 214.33 -1 -1 -1 -1000 -1000 -1000 -10 0.0044 
Car -1 -1 -10 1145.70 222.61 1201.67 259.92 -1 -1 -1 -1000 -1000 -1000 -10 0.0044 
Car -1 -1 -10 984.13 199.85 1050.83 252.86 -1 -1 -1 -1000 -1000 -1000 -10 0.0043 
Car -1 -1 -10 985.57 242.41 1044.48 278.38 -1 -1 -1 -1000 -1000 -1000 -10 0.0039 
Car -1 -1 -10 350.23 193.13 480.94 247.65 -1 -1 -1 -1000 -1000 -1000 -10 0.0033 
Car -1 -1 -10 1105.00 255.78 1157.60 290.83 -1 -1 -1 -1000 -1000 -1000 -10 0.0031 
Car -1 -1 -10 1139.70 232.94 1203.78 285.68 -1 -1 -1 -1000 -1000 -1000 -10 0.0029 
Car -1 -1 -10 364.86 194.15 446.56 226.32 -1 -1 -1 -1000 -1000 -1000 -10 0.0023 
Car -1 -1 -10 1181.90 307.92 1242.98 352.04 -1 -1 -1 -1000 -1000 -1000 -10 0.0021 
Car -1 -1 -10 647.20 167.04 695.53 214.83 -1 -1 -1 -1000 -1000 -1000 -10 0.0020 
Car -1 -1 -10 1076.10 174.43 1147.23 220.06 -1 -1 -1 -1000 -1000 -1000 -10 0.0017 
Car -1 -1 -10 183.11 278.12 250.72 316.55 -1 -1 -1 -1000 -1000 -1000 -10 0.0013 
Car -1 -1 -10 12.62 174.59 72.06 203.53 -1 -1 -1 -1000 -1000 -1000 -10 0.0010 
Car -1 -1 -10 1097.60 260.62 1175.28 316.10 -1 -1 -1 -1000 -1000 -1000 -10 0.0009 
Car -1 -1 -10 479.69 49.48 523.93 74.84 -1 -1 -1 -1000 -1000 -1000 -10 0.0008 
Car -1 -1 -10 568.10 178.85 592.32 197.95 -1 -1 -1 -1000 -1000 -1000 -10 0.0005 
Car -1 -1 -10 29.06 120.53 119.76 169.35 -1 -1 -1 -1000 -1000 -1000 -10 0.0005 
Car -1 -1 -10 498.35 46.80 541.84 73.59 -1 -1 -1 -1000 -1000 -1000 -10 0.0002 
Car -1 -1 -10 453.46 249.92 562.96 296.00 -1 -1 -1 -1000 -1000 -1000 -10 0.0002 
Car -1 -1 -10 760.06 206.99 873.56 254.21 -1 -1 -1 -1000 -1000 -1000 -10 0.0001 
Car -1 -1 -10 333.92 211.97 425.70 286.83 -1 -1 -1 -1000 -1000 -1000 -10 0.0001 
Car -1 -1 -10 4.94 150.07 63.50 185.49 -1 -1 -1 -1000 -1000 -1000 -10 0.0001 
Car -1 -1 -10 753.61 202.84 864.51 297.10 -1 -1 -1 -1000 -1000 -1000 -10 0.0001 
Car -1 -1 -10 364.27 193.52 409.78 236.90 -1 -1 -1 -1000 -1000 -1000 -10 0.0001 
Car -1 -1 -10 756.75 206.82 804.92 248.46 -1 -1 -1 -1000 -1000 -1000 -10 0.0000 
Car -1 -1 -10 871.74 251.17 965.29 302.66 -1 -1 -1 -1000 -1000 -1000 -10 0.0000 
Car -1 -1 -10 781.05 208.42 939.99 284.22 -1 -1 -1 -1000 -1000 -1000 -10 0.0000 
Car -1 -1 -10 229.26 208.52 337.37 266.24 -1 -1 -1 -1000 -1000 -1000 -10 0.0000 
Car -1 -1 -10 337.11 209.13 392.04 248.54 -1 -1 -1 -1000 -1000 -1000 -10 0.0000 
Car -1 -1 -10 836.45 220.77 967.90 332.75 -1 -1 -1 -1000 -1000 -1000 -10 0.0000 
Car -1 -1 -10 154.39 195.23 291.92 239.93 -1 -1 -1 -1000 -1000 -1000 -10 0.0000 
Car -1 -1 -10 258.24 206.45 369.90 241.40 -1 -1 -1 -1000 -1000 -1000 -10 0.0000 
Car -1 -1 -10 307.66 197.28 381.55 256.72 -1 -1 -1 -1000 -1000 -1000 -10 0.0000 
