Car -1 -1 -10 544.85 169.95 584.37 201.10 -1 -1 -1 -1000 -1000 -1000 -10 0.9985 
Car -1 -1 -10 458.08 162.90 485.98 188.92 -1 -1 -1 -1000 -1000 -1000 -10 0.9933 
Car -1 -1 -10 0.00 169.85 113.49 252.20 -1 -1 -1 -1000 -1000 -1000 -10 0.8710 
Car -1 -1 -10 922.13 147.25 1243.00 376.00 -1 -1 -1 -1000 -1000 -1000 -10 0.2224 
Car -1 -1 -10 225.73 183.05 267.62 209.83 -1 -1 -1 -1000 -1000 -1000 -10 0.0231 
Car -1 -1 -10 175.15 187.85 233.04 212.01 -1 -1 -1 -1000 -1000 -1000 -10 0.0075 
Car -1 -1 -10 527.36 164.92 562.38 187.59 -1 -1 -1 -1000 -1000 -1000 -10 0.0039 
Car -1 -1 -10 983.39 46.00 1068.78 107.97 -1 -1 -1 -1000 -1000 -1000 -10 0.0025 
Car -1 -1 -10 148.74 188.86 235.43 219.69 -1 -1 -1 -1000 -1000 -1000 -10 0.0016 
Car -1 -1 -10 536.02 70.59 587.31 93.60 -1 -1 -1 -1000 -1000 -1000 -10 0.0015 
Car -1 -1 -10 134.31 308.73 207.66 336.03 -1 -1 -1 -1000 -1000 -1000 -10 0.0013 
Car -1 -1 -10 537.94 75.32 597.37 105.74 -1 -1 -1 -1000 -1000 -1000 -10 0.0010 
Car -1 -1 -10 138.91 304.62 195.45 328.15 -1 -1 -1 -1000 -1000 -1000 -10 0.0010 
Car -1 -1 -10 449.08 82.54 514.54 122.80 -1 -1 -1 -1000 -1000 -1000 -10 0.0009 
Car -1 -1 -10 549.28 72.07 610.03 98.04 -1 -1 -1 -1000 -1000 -1000 -10 0.0008 
Car -1 -1 -10 154.75 312.60 232.33 339.43 -1 -1 -1 -1000 -1000 -1000 -10 0.0007 
Car -1 -1 -10 274.29 324.88 348.82 351.32 -1 -1 -1 -1000 -1000 -1000 -10 0.0007 
Car -1 -1 -10 125.56 75.17 188.16 104.44 -1 -1 -1 -1000 -1000 -1000 -10 0.0005 
Car -1 -1 -10 14.18 113.76 66.72 149.81 -1 -1 -1 -1000 -1000 -1000 -10 0.0005 
Car -1 -1 -10 364.05 74.69 423.92 111.17 -1 -1 -1 -1000 -1000 -1000 -10 0.0005 
Car -1 -1 -10 143.30 293.28 220.95 326.72 -1 -1 -1 -1000 -1000 -1000 -10 0.0004 
Car -1 -1 -10 930.35 168.07 1056.30 366.30 -1 -1 -1 -1000 -1000 -1000 -10 0.0003 
Car -1 -1 -10 422.57 213.41 481.80 238.59 -1 -1 -1 -1000 -1000 -1000 -10 0.0003 
Car -1 -1 -10 428.17 91.19 504.25 135.61 -1 -1 -1 -1000 -1000 -1000 -10 0.0002 
Car -1 -1 -10 103.49 196.53 196.06 228.71 -1 -1 -1 -1000 -1000 -1000 -10 0.0002 
Car -1 -1 -10 46.19 170.05 132.62 222.32 -1 -1 -1 -1000 -1000 -1000 -10 0.0002 
Car -1 -1 -10 320.57 318.73 389.21 344.81 -1 -1 -1 -1000 -1000 -1000 -10 0.0002 
Car -1 -1 -10 284.08 112.71 336.95 151.72 -1 -1 -1 -1000 -1000 -1000 -10 0.0001 
Car -1 -1 -10 177.29 300.17 244.29 334.06 -1 -1 -1 -1000 -1000 -1000 -10 0.0001 
Car -1 -1 -10 132.95 186.07 245.74 241.74 -1 -1 -1 -1000 -1000 -1000 -10 0.0001 
Car -1 -1 -10 260.61 330.73 374.08 358.78 -1 -1 -1 -1000 -1000 -1000 -10 0.0001 
Car -1 -1 -10 130.33 310.15 223.71 352.12 -1 -1 -1 -1000 -1000 -1000 -10 0.0001 
Car -1 -1 -10 217.11 190.64 283.52 215.03 -1 -1 -1 -1000 -1000 -1000 -10 0.0001 
Car -1 -1 -10 957.73 226.84 1027.09 271.73 -1 -1 -1 -1000 -1000 -1000 -10 0.0001 
Car -1 -1 -10 153.24 72.27 219.30 112.66 -1 -1 -1 -1000 -1000 -1000 -10 0.0001 
Car -1 -1 -10 98.82 90.62 155.78 126.83 -1 -1 -1 -1000 -1000 -1000 -10 0.0001 
Car -1 -1 -10 337.39 313.42 410.37 336.09 -1 -1 -1 -1000 -1000 -1000 -10 0.0000 
Car -1 -1 -10 253.05 134.55 325.24 153.06 -1 -1 -1 -1000 -1000 -1000 -10 0.0000 
Car -1 -1 -10 333.14 76.43 410.14 110.35 -1 -1 -1 -1000 -1000 -1000 -10 0.0000 
Car -1 -1 -10 63.10 97.44 161.68 143.97 -1 -1 -1 -1000 -1000 -1000 -10 0.0000 
Car -1 -1 -10 239.29 123.00 317.81 147.24 -1 -1 -1 -1000 -1000 -1000 -10 0.0000 
Car -1 -1 -10 339.21 62.91 440.16 107.91 -1 -1 -1 -1000 -1000 -1000 -10 0.0000 
Car -1 -1 -10 375.04 36.38 423.56 65.61 -1 -1 -1 -1000 -1000 -1000 -10 0.0000 
Car -1 -1 -10 126.09 325.10 230.69 360.71 -1 -1 -1 -1000 -1000 -1000 -10 0.0000 
Car -1 -1 -10 299.29 300.63 386.57 335.10 -1 -1 -1 -1000 -1000 -1000 -10 0.0000 
Car -1 -1 -10 122.21 79.52 213.94 128.17 -1 -1 -1 -1000 -1000 -1000 -10 0.0000 
