Car -1 -1 -10 306.23 172.47 484.83 298.83 -1 -1 -1 -1000 -1000 -1000 -10 0.9999 
Car -1 -1 -10 561.12 178.63 607.45 221.74 -1 -1 -1 -1000 -1000 -1000 -10 0.9998 
Car -1 -1 -10 459.79 182.51 524.70 228.42 -1 -1 -1 -1000 -1000 -1000 -10 0.9993 
Car -1 -1 -10 510.45 182.69 548.72 211.33 -1 -1 -1 -1000 -1000 -1000 -10 0.9807 
Car -1 -1 -10 39.68 184.87 207.45 248.96 -1 -1 -1 -1000 -1000 -1000 -10 0.9800 
Car -1 -1 -10 233.33 181.29 370.04 249.49 -1 -1 -1 -1000 -1000 -1000 -10 0.8711 
Car -1 -1 -10 217.06 180.61 289.31 228.35 -1 -1 -1 -1000 -1000 -1000 -10 0.2731 
Car -1 -1 -10 3.56 174.44 165.63 288.88 -1 -1 -1 -1000 -1000 -1000 -10 0.2103 
Car -1 -1 -10 115.68 186.19 204.61 241.55 -1 -1 -1 -1000 -1000 -1000 -10 0.0565 
Car -1 -1 -10 0.00 186.23 91.00 234.35 -1 -1 -1 -1000 -1000 -1000 -10 0.0214 
Car -1 -1 -10 0.00 111.28 42.88 140.29 -1 -1 -1 -1000 -1000 -1000 -10 0.0074 
Car -1 -1 -10 115.74 185.90 189.54 213.27 -1 -1 -1 -1000 -1000 -1000 -10 0.0073 
Car -1 -1 -10 1063.00 227.00 1109.94 254.86 -1 -1 -1 -1000 -1000 -1000 -10 0.0069 
Car -1 -1 -10 36.94 91.11 84.22 115.83 -1 -1 -1 -1000 -1000 -1000 -10 0.0058 
Car -1 -1 -10 13.73 77.88 55.53 102.71 -1 -1 -1 -1000 -1000 -1000 -10 0.0053 
Car -1 -1 -10 25.94 85.66 77.71 110.92 -1 -1 -1 -1000 -1000 -1000 -10 0.0032 
Car -1 -1 -10 0.00 119.48 34.00 145.41 -1 -1 -1 -1000 -1000 -1000 -10 0.0030 
Car -1 -1 -10 1142.10 100.36 1235.86 147.22 -1 -1 -1 -1000 -1000 -1000 -10 0.0025 
Car -1 -1 -10 52.14 184.89 111.43 210.33 -1 -1 -1 -1000 -1000 -1000 -10 0.0024 
Car -1 -1 -10 156.29 138.54 214.45 162.38 -1 -1 -1 -1000 -1000 -1000 -10 0.0024 
Car -1 -1 -10 67.64 117.55 128.62 146.97 -1 -1 -1 -1000 -1000 -1000 -10 0.0023 
Car -1 -1 -10 1117.20 28.80 1171.02 68.22 -1 -1 -1 -1000 -1000 -1000 -10 0.0021 
Car -1 -1 -10 66.45 107.83 116.82 140.09 -1 -1 -1 -1000 -1000 -1000 -10 0.0018 
Car -1 -1 -10 60.50 100.74 105.23 128.33 -1 -1 -1 -1000 -1000 -1000 -10 0.0017 
Car -1 -1 -10 1174.20 179.51 1226.08 209.43 -1 -1 -1 -1000 -1000 -1000 -10 0.0016 
Car -1 -1 -10 44.76 115.25 101.72 151.30 -1 -1 -1 -1000 -1000 -1000 -10 0.0014 
Car -1 -1 -10 92.00 119.05 145.41 144.11 -1 -1 -1 -1000 -1000 -1000 -10 0.0011 
Car -1 -1 -10 20.06 116.73 75.01 151.85 -1 -1 -1 -1000 -1000 -1000 -10 0.0011 
Car -1 -1 -10 34.75 186.65 115.13 225.06 -1 -1 -1 -1000 -1000 -1000 -10 0.0007 
Car -1 -1 -10 0.00 139.51 36.43 166.65 -1 -1 -1 -1000 -1000 -1000 -10 0.0005 
Car -1 -1 -10 13.53 125.14 64.08 160.18 -1 -1 -1 -1000 -1000 -1000 -10 0.0004 
Car -1 -1 -10 46.31 92.36 98.28 132.56 -1 -1 -1 -1000 -1000 -1000 -10 0.0004 
Car -1 -1 -10 28.02 123.96 89.52 164.50 -1 -1 -1 -1000 -1000 -1000 -10 0.0003 
Car -1 -1 -10 80.17 103.81 152.41 135.88 -1 -1 -1 -1000 -1000 -1000 -10 0.0002 
Car -1 -1 -10 13.92 182.55 75.96 207.54 -1 -1 -1 -1000 -1000 -1000 -10 0.0000 
Car -1 -1 -10 533.49 165.94 556.90 203.81 -1 -1 -1 -1000 -1000 -1000 -10 0.0000 
Car -1 -1 -10 447.97 184.84 490.90 246.36 -1 -1 -1 -1000 -1000 -1000 -10 0.0000 
Car -1 -1 -10 832.18 28.64 1053.56 277.00 -1 -1 -1 -1000 -1000 -1000 -10 0.0000 
