Car -1 -1 -10 431.81 181.57 535.76 269.15 -1 -1 -1 -1000 -1000 -1000 -10 1.0000 
Car -1 -1 -10 629.01 172.80 681.03 203.56 -1 -1 -1 -1000 -1000 -1000 -10 0.9998 
Car -1 -1 -10 778.15 155.68 1177.39 376.00 -1 -1 -1 -1000 -1000 -1000 -10 0.9831 
Car -1 -1 -10 490.22 170.69 554.39 239.71 -1 -1 -1 -1000 -1000 -1000 -10 0.9829 
Car -1 -1 -10 32.67 144.35 436.11 376.00 -1 -1 -1 -1000 -1000 -1000 -10 0.6848 
Car -1 -1 -10 508.91 170.38 583.54 225.13 -1 -1 -1 -1000 -1000 -1000 -10 0.6302 
Car -1 -1 -10 835.03 232.90 901.77 284.23 -1 -1 -1 -1000 -1000 -1000 -10 0.5934 
Car -1 -1 -10 804.14 166.90 957.45 209.69 -1 -1 -1 -1000 -1000 -1000 -10 0.0584 
Car -1 -1 -10 885.07 163.43 1135.19 316.83 -1 -1 -1 -1000 -1000 -1000 -10 0.0478 
Car -1 -1 -10 668.15 167.68 698.32 187.10 -1 -1 -1 -1000 -1000 -1000 -10 0.0243 
Car -1 -1 -10 261.76 232.11 361.29 283.22 -1 -1 -1 -1000 -1000 -1000 -10 0.0149 
Car -1 -1 -10 819.61 169.02 870.92 199.37 -1 -1 -1 -1000 -1000 -1000 -10 0.0085 
Car -1 -1 -10 200.95 26.41 251.13 65.19 -1 -1 -1 -1000 -1000 -1000 -10 0.0019 
Car -1 -1 -10 1001.10 225.63 1057.77 264.15 -1 -1 -1 -1000 -1000 -1000 -10 0.0016 
Car -1 -1 -10 289.99 96.39 353.46 122.35 -1 -1 -1 -1000 -1000 -1000 -10 0.0014 
Car -1 -1 -10 828.00 234.62 878.83 262.31 -1 -1 -1 -1000 -1000 -1000 -10 0.0014 
Car -1 -1 -10 269.59 93.40 331.70 132.81 -1 -1 -1 -1000 -1000 -1000 -10 0.0011 
Car -1 -1 -10 309.86 93.12 380.42 118.44 -1 -1 -1 -1000 -1000 -1000 -10 0.0011 
Car -1 -1 -10 249.12 100.96 318.87 142.31 -1 -1 -1 -1000 -1000 -1000 -10 0.0011 
Car -1 -1 -10 1160.10 225.82 1242.97 260.37 -1 -1 -1 -1000 -1000 -1000 -10 0.0010 
Car -1 -1 -10 802.68 227.54 864.40 271.47 -1 -1 -1 -1000 -1000 -1000 -10 0.0008 
Car -1 -1 -10 165.78 18.85 245.38 44.84 -1 -1 -1 -1000 -1000 -1000 -10 0.0007 
Car -1 -1 -10 316.93 85.43 373.85 112.63 -1 -1 -1 -1000 -1000 -1000 -10 0.0007 
Car -1 -1 -10 756.90 227.80 807.24 280.73 -1 -1 -1 -1000 -1000 -1000 -10 0.0007 
Car -1 -1 -10 1151.30 134.72 1206.19 177.70 -1 -1 -1 -1000 -1000 -1000 -10 0.0006 
Car -1 -1 -10 0.00 222.94 43.60 254.45 -1 -1 -1 -1000 -1000 -1000 -10 0.0005 
Car -1 -1 -10 143.74 223.59 266.60 287.14 -1 -1 -1 -1000 -1000 -1000 -10 0.0005 
Car -1 -1 -10 1.92 131.26 53.88 154.02 -1 -1 -1 -1000 -1000 -1000 -10 0.0003 
Car -1 -1 -10 286.52 84.96 365.36 116.38 -1 -1 -1 -1000 -1000 -1000 -10 0.0003 
Car -1 -1 -10 144.85 235.83 223.82 283.10 -1 -1 -1 -1000 -1000 -1000 -10 0.0002 
Car -1 -1 -10 194.31 165.26 286.86 189.09 -1 -1 -1 -1000 -1000 -1000 -10 0.0002 
Car -1 -1 -10 139.86 165.33 416.53 311.07 -1 -1 -1 -1000 -1000 -1000 -10 0.0002 
Car -1 -1 -10 214.30 275.29 282.60 330.24 -1 -1 -1 -1000 -1000 -1000 -10 0.0001 
Car -1 -1 -10 1126.00 290.54 1190.65 322.45 -1 -1 -1 -1000 -1000 -1000 -10 0.0001 
Car -1 -1 -10 657.68 169.09 688.25 200.92 -1 -1 -1 -1000 -1000 -1000 -10 0.0001 
Car -1 -1 -10 994.62 158.30 1128.97 202.92 -1 -1 -1 -1000 -1000 -1000 -10 0.0001 
Car -1 -1 -10 943.80 174.78 1070.38 243.81 -1 -1 -1 -1000 -1000 -1000 -10 0.0001 
Car -1 -1 -10 88.67 125.92 153.52 153.39 -1 -1 -1 -1000 -1000 -1000 -10 0.0000 
Car -1 -1 -10 182.18 256.94 312.20 336.14 -1 -1 -1 -1000 -1000 -1000 -10 0.0000 
Car -1 -1 -10 914.92 167.21 1075.02 278.13 -1 -1 -1 -1000 -1000 -1000 -10 0.0000 
Car -1 -1 -10 67.09 260.69 146.94 332.02 -1 -1 -1 -1000 -1000 -1000 -10 0.0000 
Car -1 -1 -10 237.76 265.04 332.13 336.93 -1 -1 -1 -1000 -1000 -1000 -10 0.0000 
Car -1 -1 -10 962.06 206.80 1050.64 266.72 -1 -1 -1 -1000 -1000 -1000 -10 0.0000 
Car -1 -1 -10 97.41 139.26 176.04 167.57 -1 -1 -1 -1000 -1000 -1000 -10 0.0000 
Car -1 -1 -10 0.00 82.59 78.77 102.65 -1 -1 -1 -1000 -1000 -1000 -10 0.0000 
Car -1 -1 -10 94.06 112.31 157.04 148.11 -1 -1 -1 -1000 -1000 -1000 -10 0.0000 
Car -1 -1 -10 326.70 96.70 403.09 137.00 -1 -1 -1 -1000 -1000 -1000 -10 0.0000 
Car -1 -1 -10 780.44 227.94 842.17 270.05 -1 -1 -1 -1000 -1000 -1000 -10 0.0000 
Car -1 -1 -10 325.33 164.80 437.64 308.53 -1 -1 -1 -1000 -1000 -1000 -10 0.0000 
Car -1 -1 -10 230.44 158.88 440.85 357.20 -1 -1 -1 -1000 -1000 -1000 -10 0.0000 
Car -1 -1 -10 129.89 99.18 203.97 123.33 -1 -1 -1 -1000 -1000 -1000 -10 0.0000 
Car -1 -1 -10 1062.50 165.21 1144.51 236.07 -1 -1 -1 -1000 -1000 -1000 -10 0.0000 
Car -1 -1 -10 92.54 37.06 184.99 87.49 -1 -1 -1 -1000 -1000 -1000 -10 0.0000 
Car -1 -1 -10 0.20 77.35 67.93 95.94 -1 -1 -1 -1000 -1000 -1000 -10 0.0000 
Car -1 -1 -10 342.48 178.67 469.36 267.70 -1 -1 -1 -1000 -1000 -1000 -10 0.0000 
Car -1 -1 -10 330.89 212.31 444.65 282.32 -1 -1 -1 -1000 -1000 -1000 -10 0.0000 
Car -1 -1 -10 213.15 16.20 316.80 56.22 -1 -1 -1 -1000 -1000 -1000 -10 0.0000 
Car -1 -1 -10 437.66 195.63 482.33 241.87 -1 -1 -1 -1000 -1000 -1000 -10 0.0000 
Car -1 -1 -10 883.50 193.25 1006.94 283.58 -1 -1 -1 -1000 -1000 -1000 -10 0.0000 
