Car -1 -1 -10 124.02 200.40 399.59 357.15 -1 -1 -1 -1000 -1000 -1000 -10 1.0000 
Car -1 -1 -10 387.84 197.63 489.51 265.04 -1 -1 -1 -1000 -1000 -1000 -10 1.0000 
Car -1 -1 -10 795.27 148.41 1183.24 349.20 -1 -1 -1 -1000 -1000 -1000 -10 0.9999 
Car -1 -1 -10 448.72 181.25 514.78 241.70 -1 -1 -1 -1000 -1000 -1000 -10 0.9991 
Car -1 -1 -10 592.19 173.53 635.39 210.78 -1 -1 -1 -1000 -1000 -1000 -10 0.9990 
Car -1 -1 -10 535.48 162.87 574.82 205.17 -1 -1 -1 -1000 -1000 -1000 -10 0.0055 
Car -1 -1 -10 333.10 207.83 431.15 264.30 -1 -1 -1 -1000 -1000 -1000 -10 0.0017 
Car -1 -1 -10 796.81 153.76 1004.38 333.40 -1 -1 -1 -1000 -1000 -1000 -10 0.0012 
Car -1 -1 -10 729.21 179.20 869.87 251.13 -1 -1 -1 -1000 -1000 -1000 -10 0.0012 
Car -1 -1 -10 93.58 102.79 156.04 126.44 -1 -1 -1 -1000 -1000 -1000 -10 0.0003 
Car -1 -1 -10 401.37 142.32 472.38 177.71 -1 -1 -1 -1000 -1000 -1000 -10 0.0002 
Car -1 -1 -10 376.71 214.49 428.67 262.99 -1 -1 -1 -1000 -1000 -1000 -10 0.0002 
Car -1 -1 -10 264.14 82.44 360.56 115.71 -1 -1 -1 -1000 -1000 -1000 -10 0.0001 
Car -1 -1 -10 0.00 95.08 57.12 131.95 -1 -1 -1 -1000 -1000 -1000 -10 0.0001 
Car -1 -1 -10 0.00 61.83 61.29 105.34 -1 -1 -1 -1000 -1000 -1000 -10 0.0001 
Car -1 -1 -10 712.81 181.36 774.47 242.61 -1 -1 -1 -1000 -1000 -1000 -10 0.0001 
Car -1 -1 -10 910.88 231.19 1145.99 348.86 -1 -1 -1 -1000 -1000 -1000 -10 0.0000 
Car -1 -1 -10 205.07 214.46 320.71 258.26 -1 -1 -1 -1000 -1000 -1000 -10 0.0000 
Car -1 -1 -10 214.64 204.64 400.80 312.90 -1 -1 -1 -1000 -1000 -1000 -10 0.0000 
Car -1 -1 -10 389.00 122.88 454.58 163.44 -1 -1 -1 -1000 -1000 -1000 -10 0.0000 
Car -1 -1 -10 792.12 161.94 898.94 226.90 -1 -1 -1 -1000 -1000 -1000 -10 0.0000 
Car -1 -1 -10 0.00 57.08 109.81 101.27 -1 -1 -1 -1000 -1000 -1000 -10 0.0000 
Car -1 -1 -10 194.23 226.64 292.74 264.54 -1 -1 -1 -1000 -1000 -1000 -10 0.0000 
Car -1 -1 -10 775.11 176.25 838.84 218.23 -1 -1 -1 -1000 -1000 -1000 -10 0.0000 
Car -1 -1 -10 389.76 109.18 480.60 188.06 -1 -1 -1 -1000 -1000 -1000 -10 0.0000 
Car -1 -1 -10 948.03 250.72 1120.62 319.13 -1 -1 -1 -1000 -1000 -1000 -10 0.0000 
Car -1 -1 -10 569.52 177.65 602.84 199.06 -1 -1 -1 -1000 -1000 -1000 -10 0.0000 
