Car -1 -1 -10 390.24 184.24 470.62 241.30 -1 -1 -1 -1000 -1000 -1000 -10 0.9997 
Car -1 -1 -10 281.32 193.35 425.74 281.66 -1 -1 -1 -1000 -1000 -1000 -10 0.9996 
Car -1 -1 -10 0.00 164.95 280.44 376.00 -1 -1 -1 -1000 -1000 -1000 -10 0.8230 
Car -1 -1 -10 1082.30 126.11 1242.98 324.75 -1 -1 -1 -1000 -1000 -1000 -10 0.2420 
Car -1 -1 -10 968.52 181.61 1017.25 215.71 -1 -1 -1 -1000 -1000 -1000 -10 0.0492 
Car -1 -1 -10 894.60 52.91 1090.09 107.53 -1 -1 -1 -1000 -1000 -1000 -10 0.0184 
Car -1 -1 -10 997.21 53.07 1156.95 107.80 -1 -1 -1 -1000 -1000 -1000 -10 0.0148 
Car -1 -1 -10 554.26 58.99 607.55 90.39 -1 -1 -1 -1000 -1000 -1000 -10 0.0103 
Car -1 -1 -10 420.14 117.62 495.89 158.71 -1 -1 -1 -1000 -1000 -1000 -10 0.0094 
Car -1 -1 -10 1062.60 54.60 1144.97 94.32 -1 -1 -1 -1000 -1000 -1000 -10 0.0093 
Car -1 -1 -10 571.18 125.56 646.19 164.65 -1 -1 -1 -1000 -1000 -1000 -10 0.0091 
Car -1 -1 -10 0.00 153.57 57.18 181.02 -1 -1 -1 -1000 -1000 -1000 -10 0.0052 
Car -1 -1 -10 796.04 65.27 887.07 105.84 -1 -1 -1 -1000 -1000 -1000 -10 0.0036 
Car -1 -1 -10 404.18 116.31 469.51 147.98 -1 -1 -1 -1000 -1000 -1000 -10 0.0022 
Car -1 -1 -10 1057.80 208.32 1195.66 253.64 -1 -1 -1 -1000 -1000 -1000 -10 0.0018 
Car -1 -1 -10 856.95 54.85 1008.99 110.01 -1 -1 -1 -1000 -1000 -1000 -10 0.0015 
Car -1 -1 -10 1170.10 212.91 1243.01 247.55 -1 -1 -1 -1000 -1000 -1000 -10 0.0015 
Car -1 -1 -10 354.73 190.69 403.29 225.01 -1 -1 -1 -1000 -1000 -1000 -10 0.0012 
Car -1 -1 -10 306.38 199.78 375.52 229.75 -1 -1 -1 -1000 -1000 -1000 -10 0.0011 
Car -1 -1 -10 8.08 169.78 80.63 196.34 -1 -1 -1 -1000 -1000 -1000 -10 0.0011 
Car -1 -1 -10 687.57 58.58 847.04 113.41 -1 -1 -1 -1000 -1000 -1000 -10 0.0010 
Car -1 -1 -10 1006.30 55.17 1109.50 88.29 -1 -1 -1 -1000 -1000 -1000 -10 0.0010 
Car -1 -1 -10 930.84 57.05 1035.14 96.60 -1 -1 -1 -1000 -1000 -1000 -10 0.0009 
Car -1 -1 -10 320.44 197.57 403.20 225.86 -1 -1 -1 -1000 -1000 -1000 -10 0.0005 
Car -1 -1 -10 496.53 195.05 556.85 215.18 -1 -1 -1 -1000 -1000 -1000 -10 0.0005 
Car -1 -1 -10 487.47 201.85 544.35 215.77 -1 -1 -1 -1000 -1000 -1000 -10 0.0003 
Car -1 -1 -10 301.16 201.77 344.58 234.11 -1 -1 -1 -1000 -1000 -1000 -10 0.0003 
Car -1 -1 -10 300.12 197.66 412.56 242.78 -1 -1 -1 -1000 -1000 -1000 -10 0.0003 
Car -1 -1 -10 103.85 180.45 277.46 273.78 -1 -1 -1 -1000 -1000 -1000 -10 0.0002 
Car -1 -1 -10 979.12 44.91 1231.41 160.82 -1 -1 -1 -1000 -1000 -1000 -10 0.0002 
Car -1 -1 -10 478.77 112.75 530.34 130.98 -1 -1 -1 -1000 -1000 -1000 -10 0.0002 
Car -1 -1 -10 1131.40 65.35 1243.05 244.55 -1 -1 -1 -1000 -1000 -1000 -10 0.0002 
Car -1 -1 -10 1087.10 193.31 1207.23 226.60 -1 -1 -1 -1000 -1000 -1000 -10 0.0002 
Car -1 -1 -10 1013.60 53.53 1070.45 71.67 -1 -1 -1 -1000 -1000 -1000 -10 0.0001 
Car -1 -1 -10 450.05 197.62 486.18 214.79 -1 -1 -1 -1000 -1000 -1000 -10 0.0001 
Car -1 -1 -10 354.97 194.68 417.55 250.74 -1 -1 -1 -1000 -1000 -1000 -10 0.0001 
Car -1 -1 -10 70.78 180.20 190.51 288.86 -1 -1 -1 -1000 -1000 -1000 -10 0.0000 
Car -1 -1 -10 446.58 185.57 473.65 214.65 -1 -1 -1 -1000 -1000 -1000 -10 0.0000 
Car -1 -1 -10 449.46 112.84 522.48 147.29 -1 -1 -1 -1000 -1000 -1000 -10 0.0000 
Car -1 -1 -10 295.71 193.82 362.81 263.40 -1 -1 -1 -1000 -1000 -1000 -10 0.0000 
Car -1 -1 -10 145.64 178.23 275.11 211.76 -1 -1 -1 -1000 -1000 -1000 -10 0.0000 
Car -1 -1 -10 1062.10 208.49 1152.68 242.27 -1 -1 -1 -1000 -1000 -1000 -10 0.0000 
Car -1 -1 -10 937.66 58.65 1028.90 77.35 -1 -1 -1 -1000 -1000 -1000 -10 0.0000 
Car -1 -1 -10 453.18 186.00 488.45 210.30 -1 -1 -1 -1000 -1000 -1000 -10 0.0000 
Car -1 -1 -10 380.88 188.46 429.43 231.86 -1 -1 -1 -1000 -1000 -1000 -10 0.0000 
Car -1 -1 -10 1123.30 126.24 1227.22 178.64 -1 -1 -1 -1000 -1000 -1000 -10 0.0000 
Car -1 -1 -10 301.32 185.28 366.40 223.99 -1 -1 -1 -1000 -1000 -1000 -10 0.0000 
Car -1 -1 -10 158.60 174.87 253.96 200.89 -1 -1 -1 -1000 -1000 -1000 -10 0.0000 
Car -1 -1 -10 444.75 201.80 489.72 221.23 -1 -1 -1 -1000 -1000 -1000 -10 0.0000 
Car -1 -1 -10 1036.80 50.70 1108.81 66.39 -1 -1 -1 -1000 -1000 -1000 -10 0.0000 
Car -1 -1 -10 1049.90 152.50 1177.41 207.97 -1 -1 -1 -1000 -1000 -1000 -10 0.0000 
Car -1 -1 -10 790.80 26.49 930.79 72.17 -1 -1 -1 -1000 -1000 -1000 -10 0.0000 
Car -1 -1 -10 1010.60 59.75 1202.86 289.52 -1 -1 -1 -1000 -1000 -1000 -10 0.0000 
