Car -1 -1 -10 567.26 270.66 611.46 298.09 -1 -1 -1 -1000 -1000 -1000 -10 0.0297 
Car -1 -1 -10 1117.20 226.68 1225.05 263.92 -1 -1 -1 -1000 -1000 -1000 -10 0.0217 
Car -1 -1 -10 670.89 174.34 724.94 206.09 -1 -1 -1 -1000 -1000 -1000 -10 0.0200 
Car -1 -1 -10 1173.20 225.90 1225.00 252.76 -1 -1 -1 -1000 -1000 -1000 -10 0.0047 
Car -1 -1 -10 1137.40 280.63 1225.04 320.21 -1 -1 -1 -1000 -1000 -1000 -10 0.0036 
Car -1 -1 -10 1112.00 87.64 1225.03 127.58 -1 -1 -1 -1000 -1000 -1000 -10 0.0019 
Car -1 -1 -10 1018.50 153.85 1078.95 192.30 -1 -1 -1 -1000 -1000 -1000 -10 0.0018 
Car -1 -1 -10 997.31 125.21 1052.06 157.34 -1 -1 -1 -1000 -1000 -1000 -10 0.0010 
Car -1 -1 -10 958.44 101.33 1046.44 133.31 -1 -1 -1 -1000 -1000 -1000 -10 0.0009 
Car -1 -1 -10 1008.30 167.18 1088.65 206.47 -1 -1 -1 -1000 -1000 -1000 -10 0.0009 
Car -1 -1 -10 990.13 100.09 1140.77 134.28 -1 -1 -1 -1000 -1000 -1000 -10 0.0009 
Car -1 -1 -10 959.20 137.96 1029.41 174.27 -1 -1 -1 -1000 -1000 -1000 -10 0.0006 
Car -1 -1 -10 894.23 227.13 953.82 251.56 -1 -1 -1 -1000 -1000 -1000 -10 0.0003 
Car -1 -1 -10 1021.00 90.53 1139.00 126.19 -1 -1 -1 -1000 -1000 -1000 -10 0.0002 
Car -1 -1 -10 936.59 150.88 1034.70 191.92 -1 -1 -1 -1000 -1000 -1000 -10 0.0002 
Car -1 -1 -10 1016.20 121.72 1083.04 153.10 -1 -1 -1 -1000 -1000 -1000 -10 0.0002 
Car -1 -1 -10 1188.00 267.44 1225.00 310.88 -1 -1 -1 -1000 -1000 -1000 -10 0.0001 
Car -1 -1 -10 843.86 120.28 922.60 151.68 -1 -1 -1 -1000 -1000 -1000 -10 0.0001 
Car -1 -1 -10 1069.50 82.36 1152.00 122.97 -1 -1 -1 -1000 -1000 -1000 -10 0.0001 
Car -1 -1 -10 548.51 191.11 632.67 244.82 -1 -1 -1 -1000 -1000 -1000 -10 0.0001 
Car -1 -1 -10 877.18 120.86 960.95 176.22 -1 -1 -1 -1000 -1000 -1000 -10 0.0001 
Car -1 -1 -10 1002.10 103.46 1076.86 132.09 -1 -1 -1 -1000 -1000 -1000 -10 0.0000 
Car -1 -1 -10 968.93 104.51 1032.61 146.93 -1 -1 -1 -1000 -1000 -1000 -10 0.0000 
Car -1 -1 -10 473.01 28.39 635.10 78.93 -1 -1 -1 -1000 -1000 -1000 -10 0.0000 
Car -1 -1 -10 887.18 118.88 961.25 145.44 -1 -1 -1 -1000 -1000 -1000 -10 0.0000 
Car -1 -1 -10 1050.40 104.50 1126.27 134.30 -1 -1 -1 -1000 -1000 -1000 -10 0.0000 
Car -1 -1 -10 996.26 105.97 1106.00 149.73 -1 -1 -1 -1000 -1000 -1000 -10 0.0000 
Car -1 -1 -10 859.39 123.73 932.28 171.16 -1 -1 -1 -1000 -1000 -1000 -10 0.0000 
Car -1 -1 -10 909.73 121.54 986.16 150.75 -1 -1 -1 -1000 -1000 -1000 -10 0.0000 
Car -1 -1 -10 946.81 119.30 1018.51 170.24 -1 -1 -1 -1000 -1000 -1000 -10 0.0000 
Car -1 -1 -10 1008.30 114.14 1087.12 139.96 -1 -1 -1 -1000 -1000 -1000 -10 0.0000 
Car -1 -1 -10 859.81 117.95 918.37 141.21 -1 -1 -1 -1000 -1000 -1000 -10 0.0000 
Car -1 -1 -10 992.60 111.29 1047.04 151.42 -1 -1 -1 -1000 -1000 -1000 -10 0.0000 
Car -1 -1 -10 16.78 135.86 136.52 207.27 -1 -1 -1 -1000 -1000 -1000 -10 0.0000 
Car -1 -1 -10 235.73 206.55 474.00 259.76 -1 -1 -1 -1000 -1000 -1000 -10 0.0000 
Car -1 -1 -10 910.37 103.36 1026.91 135.92 -1 -1 -1 -1000 -1000 -1000 -10 0.0000 
Car -1 -1 -10 887.00 109.96 967.28 137.20 -1 -1 -1 -1000 -1000 -1000 -10 0.0000 
Car -1 -1 -10 1117.40 39.09 1222.51 141.54 -1 -1 -1 -1000 -1000 -1000 -10 0.0000 
Car -1 -1 -10 537.11 178.73 580.43 233.17 -1 -1 -1 -1000 -1000 -1000 -10 0.0000 
Car -1 -1 -10 838.68 108.22 884.76 139.55 -1 -1 -1 -1000 -1000 -1000 -10 0.0000 
Car -1 -1 -10 845.71 112.03 892.88 131.17 -1 -1 -1 -1000 -1000 -1000 -10 0.0000 
