Car -1 -1 -10 701.31 186.28 801.31 265.01 -1 -1 -1 -1000 -1000 -1000 -10 0.9999 
Car -1 -1 -10 637.78 178.12 665.02 205.34 -1 -1 -1 -1000 -1000 -1000 -10 0.9997 
Car -1 -1 -10 734.54 175.86 914.23 238.20 -1 -1 -1 -1000 -1000 -1000 -10 0.9902 
Car -1 -1 -10 46.97 186.95 375.49 300.39 -1 -1 -1 -1000 -1000 -1000 -10 0.9794 
Car -1 -1 -10 322.16 178.76 457.26 248.84 -1 -1 -1 -1000 -1000 -1000 -10 0.8798 
Car -1 -1 -10 227.41 178.41 428.38 279.98 -1 -1 -1 -1000 -1000 -1000 -10 0.7349 
Car -1 -1 -10 382.02 172.03 503.30 223.91 -1 -1 -1 -1000 -1000 -1000 -10 0.3623 
Car -1 -1 -10 0.00 190.22 200.83 341.08 -1 -1 -1 -1000 -1000 -1000 -10 0.3403 
Car -1 -1 -10 698.20 173.49 757.54 254.04 -1 -1 -1 -1000 -1000 -1000 -10 0.1800 
Car -1 -1 -10 485.96 179.41 546.70 214.42 -1 -1 -1 -1000 -1000 -1000 -10 0.1435 
Car -1 -1 -10 693.49 175.81 761.75 219.11 -1 -1 -1 -1000 -1000 -1000 -10 0.0294 
Car -1 -1 -10 1186.30 146.65 1242.97 185.87 -1 -1 -1 -1000 -1000 -1000 -10 0.0084 
Car -1 -1 -10 519.87 178.29 552.58 201.34 -1 -1 -1 -1000 -1000 -1000 -10 0.0068 
Car -1 -1 -10 1171.30 144.01 1242.95 224.41 -1 -1 -1 -1000 -1000 -1000 -10 0.0042 
Car -1 -1 -10 1127.20 31.65 1180.69 60.19 -1 -1 -1 -1000 -1000 -1000 -10 0.0034 
Car -1 -1 -10 902.41 170.37 960.69 199.35 -1 -1 -1 -1000 -1000 -1000 -10 0.0030 
Car -1 -1 -10 1190.20 142.31 1242.98 168.91 -1 -1 -1 -1000 -1000 -1000 -10 0.0028 
Car -1 -1 -10 245.67 179.21 406.77 221.33 -1 -1 -1 -1000 -1000 -1000 -10 0.0026 
Car -1 -1 -10 652.82 61.91 706.85 90.98 -1 -1 -1 -1000 -1000 -1000 -10 0.0024 
Car -1 -1 -10 645.22 72.61 697.02 106.10 -1 -1 -1 -1000 -1000 -1000 -10 0.0014 
Car -1 -1 -10 662.12 68.17 723.16 95.54 -1 -1 -1 -1000 -1000 -1000 -10 0.0013 
Car -1 -1 -10 1128.50 125.85 1206.26 163.21 -1 -1 -1 -1000 -1000 -1000 -10 0.0012 
Car -1 -1 -10 635.64 94.18 708.59 129.31 -1 -1 -1 -1000 -1000 -1000 -10 0.0011 
Car -1 -1 -10 17.30 139.80 99.17 185.53 -1 -1 -1 -1000 -1000 -1000 -10 0.0011 
Car -1 -1 -10 427.36 173.55 522.13 218.64 -1 -1 -1 -1000 -1000 -1000 -10 0.0009 
Car -1 -1 -10 828.97 181.57 900.20 216.18 -1 -1 -1 -1000 -1000 -1000 -10 0.0009 
Car -1 -1 -10 1116.50 294.39 1168.64 318.96 -1 -1 -1 -1000 -1000 -1000 -10 0.0009 
Car -1 -1 -10 927.31 325.90 967.29 352.71 -1 -1 -1 -1000 -1000 -1000 -10 0.0008 
Car -1 -1 -10 643.89 44.19 695.05 89.19 -1 -1 -1 -1000 -1000 -1000 -10 0.0008 
Car -1 -1 -10 805.88 178.50 880.51 206.85 -1 -1 -1 -1000 -1000 -1000 -10 0.0008 
Car -1 -1 -10 1136.00 39.56 1202.40 71.55 -1 -1 -1 -1000 -1000 -1000 -10 0.0005 
Car -1 -1 -10 1176.60 231.58 1243.00 266.93 -1 -1 -1 -1000 -1000 -1000 -10 0.0005 
Car -1 -1 -10 1148.60 31.40 1213.03 65.17 -1 -1 -1 -1000 -1000 -1000 -10 0.0005 
Car -1 -1 -10 618.16 105.70 686.92 155.82 -1 -1 -1 -1000 -1000 -1000 -10 0.0005 
Car -1 -1 -10 653.42 70.92 728.20 110.62 -1 -1 -1 -1000 -1000 -1000 -10 0.0004 
Car -1 -1 -10 1160.70 151.62 1223.39 181.45 -1 -1 -1 -1000 -1000 -1000 -10 0.0004 
Car -1 -1 -10 1189.60 250.55 1242.96 277.98 -1 -1 -1 -1000 -1000 -1000 -10 0.0004 
Car -1 -1 -10 923.62 182.29 1005.70 218.41 -1 -1 -1 -1000 -1000 -1000 -10 0.0004 
Car -1 -1 -10 1153.10 255.15 1225.88 301.09 -1 -1 -1 -1000 -1000 -1000 -10 0.0004 
Car -1 -1 -10 801.73 71.89 888.89 115.93 -1 -1 -1 -1000 -1000 -1000 -10 0.0004 
Car -1 -1 -10 74.37 134.15 148.69 183.12 -1 -1 -1 -1000 -1000 -1000 -10 0.0004 
Car -1 -1 -10 55.82 143.74 130.89 182.18 -1 -1 -1 -1000 -1000 -1000 -10 0.0004 
Car -1 -1 -10 912.62 196.44 986.62 228.25 -1 -1 -1 -1000 -1000 -1000 -10 0.0003 
Car -1 -1 -10 818.42 60.09 893.28 101.72 -1 -1 -1 -1000 -1000 -1000 -10 0.0002 
Car -1 -1 -10 1141.70 287.38 1198.65 318.09 -1 -1 -1 -1000 -1000 -1000 -10 0.0002 
Car -1 -1 -10 720.56 179.49 837.74 213.07 -1 -1 -1 -1000 -1000 -1000 -10 0.0002 
Car -1 -1 -10 1023.40 35.67 1084.90 76.44 -1 -1 -1 -1000 -1000 -1000 -10 0.0002 
Car -1 -1 -10 32.61 144.00 115.33 173.34 -1 -1 -1 -1000 -1000 -1000 -10 0.0002 
Car -1 -1 -10 986.50 155.98 1054.62 190.33 -1 -1 -1 -1000 -1000 -1000 -10 0.0001 
Car -1 -1 -10 1121.10 250.72 1205.29 286.73 -1 -1 -1 -1000 -1000 -1000 -10 0.0001 
Car -1 -1 -10 1154.30 25.82 1209.73 47.71 -1 -1 -1 -1000 -1000 -1000 -10 0.0001 
Car -1 -1 -10 115.44 66.75 198.68 90.29 -1 -1 -1 -1000 -1000 -1000 -10 0.0001 
Car -1 -1 -10 1131.80 142.64 1217.11 179.61 -1 -1 -1 -1000 -1000 -1000 -10 0.0001 
Car -1 -1 -10 1145.70 275.80 1226.19 308.00 -1 -1 -1 -1000 -1000 -1000 -10 0.0000 
Car -1 -1 -10 859.20 197.18 998.61 237.25 -1 -1 -1 -1000 -1000 -1000 -10 0.0000 
Car -1 -1 -10 792.36 278.66 885.46 321.70 -1 -1 -1 -1000 -1000 -1000 -10 0.0000 
Car -1 -1 -10 406.66 170.41 515.97 200.98 -1 -1 -1 -1000 -1000 -1000 -10 0.0000 
Car -1 -1 -10 906.18 207.88 983.57 238.89 -1 -1 -1 -1000 -1000 -1000 -10 0.0000 
Car -1 -1 -10 839.31 177.36 875.72 198.92 -1 -1 -1 -1000 -1000 -1000 -10 0.0000 
Car -1 -1 -10 799.34 27.28 898.10 65.59 -1 -1 -1 -1000 -1000 -1000 -10 0.0000 
Car -1 -1 -10 1009.20 24.04 1094.94 70.11 -1 -1 -1 -1000 -1000 -1000 -10 0.0000 
Car -1 -1 -10 805.62 241.54 881.53 315.87 -1 -1 -1 -1000 -1000 -1000 -10 0.0000 
