Car -1 -1 -10 849.47 175.68 894.17 203.31 -1 -1 -1 -1000 -1000 -1000 -10 0.9994 
Car -1 -1 -10 1119.80 189.93 1224.96 291.95 -1 -1 -1 -1000 -1000 -1000 -10 0.8629 
Car -1 -1 -10 1095.40 179.34 1151.86 230.47 -1 -1 -1 -1000 -1000 -1000 -10 0.2045 
Car -1 -1 -10 233.01 212.86 310.63 233.79 -1 -1 -1 -1000 -1000 -1000 -10 0.0259 
Car -1 -1 -10 730.72 185.11 764.66 208.65 -1 -1 -1 -1000 -1000 -1000 -10 0.0061 
Car -1 -1 -10 349.96 203.80 426.71 227.27 -1 -1 -1 -1000 -1000 -1000 -10 0.0023 
Car -1 -1 -10 1091.50 178.36 1135.13 215.40 -1 -1 -1 -1000 -1000 -1000 -10 0.0021 
Car -1 -1 -10 1102.70 183.10 1173.05 242.20 -1 -1 -1 -1000 -1000 -1000 -10 0.0016 
Car -1 -1 -10 237.68 218.44 324.76 244.40 -1 -1 -1 -1000 -1000 -1000 -10 0.0012 
Car -1 -1 -10 1103.20 186.52 1225.02 221.03 -1 -1 -1 -1000 -1000 -1000 -10 0.0010 
Car -1 -1 -10 411.78 160.80 584.11 242.75 -1 -1 -1 -1000 -1000 -1000 -10 0.0007 
Car -1 -1 -10 1112.60 188.32 1200.21 256.90 -1 -1 -1 -1000 -1000 -1000 -10 0.0005 
Car -1 -1 -10 734.38 184.36 831.04 205.10 -1 -1 -1 -1000 -1000 -1000 -10 0.0003 
Car -1 -1 -10 0.00 55.42 66.77 121.42 -1 -1 -1 -1000 -1000 -1000 -10 0.0003 
Car -1 -1 -10 1030.20 176.97 1084.99 193.69 -1 -1 -1 -1000 -1000 -1000 -10 0.0002 
Car -1 -1 -10 438.12 168.36 500.35 203.05 -1 -1 -1 -1000 -1000 -1000 -10 0.0001 
Car -1 -1 -10 427.03 165.28 557.80 210.69 -1 -1 -1 -1000 -1000 -1000 -10 0.0001 
Car -1 -1 -10 105.01 279.54 158.81 310.84 -1 -1 -1 -1000 -1000 -1000 -10 0.0001 
Car -1 -1 -10 500.65 160.35 581.36 214.56 -1 -1 -1 -1000 -1000 -1000 -10 0.0001 
Car -1 -1 -10 113.84 289.42 197.17 333.99 -1 -1 -1 -1000 -1000 -1000 -10 0.0001 
Car -1 -1 -10 96.38 276.83 137.23 300.74 -1 -1 -1 -1000 -1000 -1000 -10 0.0001 
Car -1 -1 -10 111.73 309.43 162.18 335.47 -1 -1 -1 -1000 -1000 -1000 -10 0.0001 
Car -1 -1 -10 82.51 273.92 120.85 299.30 -1 -1 -1 -1000 -1000 -1000 -10 0.0000 
Car -1 -1 -10 417.84 178.46 502.89 223.01 -1 -1 -1 -1000 -1000 -1000 -10 0.0000 
Car -1 -1 -10 319.49 212.30 371.73 225.41 -1 -1 -1 -1000 -1000 -1000 -10 0.0000 
Car -1 -1 -10 973.13 178.47 1001.22 196.38 -1 -1 -1 -1000 -1000 -1000 -10 0.0000 
Car -1 -1 -10 1003.30 180.47 1092.29 202.41 -1 -1 -1 -1000 -1000 -1000 -10 0.0000 
Car -1 -1 -10 100.46 295.68 175.76 324.77 -1 -1 -1 -1000 -1000 -1000 -10 0.0000 
Car -1 -1 -10 356.10 190.46 408.14 222.63 -1 -1 -1 -1000 -1000 -1000 -10 0.0000 
Car -1 -1 -10 2.93 27.06 106.51 81.08 -1 -1 -1 -1000 -1000 -1000 -10 0.0000 
Car -1 -1 -10 417.34 189.94 483.58 236.57 -1 -1 -1 -1000 -1000 -1000 -10 0.0000 
Car -1 -1 -10 944.69 188.24 1008.05 204.78 -1 -1 -1 -1000 -1000 -1000 -10 0.0000 
