Car -1 -1 -10 507.42 183.83 561.32 225.89 -1 -1 -1 -1000 -1000 -1000 -10 0.9999 
Car -1 -1 -10 570.71 164.60 592.84 186.92 -1 -1 -1 -1000 -1000 -1000 -10 0.0331 
Car -1 -1 -10 548.08 74.64 623.56 108.44 -1 -1 -1 -1000 -1000 -1000 -10 0.0078 
Car -1 -1 -10 606.97 82.03 658.38 120.63 -1 -1 -1 -1000 -1000 -1000 -10 0.0053 
Car -1 -1 -10 579.23 80.25 631.75 119.72 -1 -1 -1 -1000 -1000 -1000 -10 0.0048 
Car -1 -1 -10 541.87 76.98 591.42 113.95 -1 -1 -1 -1000 -1000 -1000 -10 0.0040 
Car -1 -1 -10 607.48 70.61 654.10 102.69 -1 -1 -1 -1000 -1000 -1000 -10 0.0040 
Car -1 -1 -10 550.88 86.61 622.37 123.54 -1 -1 -1 -1000 -1000 -1000 -10 0.0028 
Car -1 -1 -10 553.50 63.47 605.40 99.09 -1 -1 -1 -1000 -1000 -1000 -10 0.0024 
Car -1 -1 -10 550.80 98.42 630.05 134.94 -1 -1 -1 -1000 -1000 -1000 -10 0.0024 
Car -1 -1 -10 1031.20 186.33 1110.95 214.35 -1 -1 -1 -1000 -1000 -1000 -10 0.0019 
Car -1 -1 -10 935.03 228.72 1006.92 267.42 -1 -1 -1 -1000 -1000 -1000 -10 0.0017 
Car -1 -1 -10 382.60 108.10 498.93 151.03 -1 -1 -1 -1000 -1000 -1000 -10 0.0016 
Car -1 -1 -10 1180.20 89.54 1242.96 129.06 -1 -1 -1 -1000 -1000 -1000 -10 0.0010 
Car -1 -1 -10 5.45 77.20 62.24 106.79 -1 -1 -1 -1000 -1000 -1000 -10 0.0008 
Car -1 -1 -10 1098.30 253.34 1208.94 299.44 -1 -1 -1 -1000 -1000 -1000 -10 0.0007 
Car -1 -1 -10 912.43 227.59 976.33 266.22 -1 -1 -1 -1000 -1000 -1000 -10 0.0006 
Car -1 -1 -10 938.38 71.45 994.15 112.18 -1 -1 -1 -1000 -1000 -1000 -10 0.0006 
Car -1 -1 -10 648.53 90.84 712.67 127.92 -1 -1 -1 -1000 -1000 -1000 -10 0.0005 
Car -1 -1 -10 617.00 73.27 684.60 116.14 -1 -1 -1 -1000 -1000 -1000 -10 0.0005 
Car -1 -1 -10 1169.50 229.44 1242.97 286.90 -1 -1 -1 -1000 -1000 -1000 -10 0.0005 
Car -1 -1 -10 131.52 78.73 205.81 124.30 -1 -1 -1 -1000 -1000 -1000 -10 0.0004 
Car -1 -1 -10 605.28 95.82 670.94 140.01 -1 -1 -1 -1000 -1000 -1000 -10 0.0004 
Car -1 -1 -10 0.00 26.20 61.99 73.42 -1 -1 -1 -1000 -1000 -1000 -10 0.0004 
Car -1 -1 -10 949.08 221.97 1004.30 255.13 -1 -1 -1 -1000 -1000 -1000 -10 0.0004 
Car -1 -1 -10 76.47 87.74 184.72 130.00 -1 -1 -1 -1000 -1000 -1000 -10 0.0003 
Car -1 -1 -10 720.42 210.56 786.68 244.72 -1 -1 -1 -1000 -1000 -1000 -10 0.0002 
Car -1 -1 -10 628.06 69.80 693.89 102.91 -1 -1 -1 -1000 -1000 -1000 -10 0.0002 
Car -1 -1 -10 29.63 147.47 108.68 176.01 -1 -1 -1 -1000 -1000 -1000 -10 0.0002 
Car -1 -1 -10 130.55 47.23 207.49 81.06 -1 -1 -1 -1000 -1000 -1000 -10 0.0002 
Car -1 -1 -10 620.53 86.12 698.09 126.86 -1 -1 -1 -1000 -1000 -1000 -10 0.0002 
Car -1 -1 -10 607.74 172.67 666.64 195.15 -1 -1 -1 -1000 -1000 -1000 -10 0.0001 
Car -1 -1 -10 759.87 229.48 844.09 263.45 -1 -1 -1 -1000 -1000 -1000 -10 0.0001 
Car -1 -1 -10 968.90 230.06 1017.07 265.85 -1 -1 -1 -1000 -1000 -1000 -10 0.0001 
Car -1 -1 -10 644.67 65.67 713.41 106.66 -1 -1 -1 -1000 -1000 -1000 -10 0.0001 
Car -1 -1 -10 178.34 74.64 236.57 102.92 -1 -1 -1 -1000 -1000 -1000 -10 0.0001 
Car -1 -1 -10 175.77 180.70 239.67 216.15 -1 -1 -1 -1000 -1000 -1000 -10 0.0001 
Car -1 -1 -10 645.59 179.06 699.18 204.65 -1 -1 -1 -1000 -1000 -1000 -10 0.0001 
Car -1 -1 -10 1067.30 30.39 1196.60 89.35 -1 -1 -1 -1000 -1000 -1000 -10 0.0001 
Car -1 -1 -10 43.08 150.72 126.41 185.18 -1 -1 -1 -1000 -1000 -1000 -10 0.0000 
Car -1 -1 -10 704.41 223.88 803.05 252.48 -1 -1 -1 -1000 -1000 -1000 -10 0.0000 
Car -1 -1 -10 62.67 293.21 160.54 323.26 -1 -1 -1 -1000 -1000 -1000 -10 0.0000 
Car -1 -1 -10 73.48 234.03 137.98 270.88 -1 -1 -1 -1000 -1000 -1000 -10 0.0000 
Car -1 -1 -10 696.69 223.89 818.43 281.53 -1 -1 -1 -1000 -1000 -1000 -10 0.0000 
Car -1 -1 -10 317.94 145.03 392.04 181.64 -1 -1 -1 -1000 -1000 -1000 -10 0.0000 
Car -1 -1 -10 617.55 179.31 674.38 219.74 -1 -1 -1 -1000 -1000 -1000 -10 0.0000 
Car -1 -1 -10 325.29 129.03 384.12 165.26 -1 -1 -1 -1000 -1000 -1000 -10 0.0000 
Car -1 -1 -10 757.95 228.40 815.13 255.30 -1 -1 -1 -1000 -1000 -1000 -10 0.0000 
Car -1 -1 -10 1044.40 250.61 1119.02 300.33 -1 -1 -1 -1000 -1000 -1000 -10 0.0000 
Car -1 -1 -10 77.46 248.61 146.48 292.11 -1 -1 -1 -1000 -1000 -1000 -10 0.0000 
Car -1 -1 -10 289.69 160.47 366.61 191.51 -1 -1 -1 -1000 -1000 -1000 -10 0.0000 
Car -1 -1 -10 594.43 175.98 640.49 199.29 -1 -1 -1 -1000 -1000 -1000 -10 0.0000 
