Car -1 -1 -10 219.58 183.28 410.54 290.42 -1 -1 -1 -1000 -1000 -1000 -10 1.0000 
Car -1 -1 -10 861.11 173.25 1062.29 330.08 -1 -1 -1 -1000 -1000 -1000 -10 0.9999 
Car -1 -1 -10 399.37 169.49 570.35 294.67 -1 -1 -1 -1000 -1000 -1000 -10 0.9305 
Car -1 -1 -10 35.90 116.15 101.83 145.41 -1 -1 -1 -1000 -1000 -1000 -10 0.0102 
Car -1 -1 -10 116.38 199.05 165.62 231.44 -1 -1 -1 -1000 -1000 -1000 -10 0.0056 
Car -1 -1 -10 126.23 191.33 177.46 223.45 -1 -1 -1 -1000 -1000 -1000 -10 0.0019 
Car -1 -1 -10 97.08 309.59 172.63 335.03 -1 -1 -1 -1000 -1000 -1000 -10 0.0013 
Car -1 -1 -10 599.65 148.47 709.83 222.31 -1 -1 -1 -1000 -1000 -1000 -10 0.0012 
Car -1 -1 -10 58.84 309.27 156.01 332.41 -1 -1 -1 -1000 -1000 -1000 -10 0.0010 
Car -1 -1 -10 31.71 297.01 110.43 335.62 -1 -1 -1 -1000 -1000 -1000 -10 0.0010 
Car -1 -1 -10 404.86 170.77 529.66 242.69 -1 -1 -1 -1000 -1000 -1000 -10 0.0006 
Car -1 -1 -10 989.25 28.68 1050.03 53.44 -1 -1 -1 -1000 -1000 -1000 -10 0.0005 
Car -1 -1 -10 744.22 214.58 816.07 246.40 -1 -1 -1 -1000 -1000 -1000 -10 0.0004 
Car -1 -1 -10 1083.80 194.82 1225.71 250.76 -1 -1 -1 -1000 -1000 -1000 -10 0.0003 
Car -1 -1 -10 859.78 139.32 1243.00 273.19 -1 -1 -1 -1000 -1000 -1000 -10 0.0002 
Car -1 -1 -10 885.93 175.96 963.73 203.75 -1 -1 -1 -1000 -1000 -1000 -10 0.0002 
Car -1 -1 -10 281.61 28.65 354.12 51.86 -1 -1 -1 -1000 -1000 -1000 -10 0.0001 
Car -1 -1 -10 280.74 182.31 408.63 253.99 -1 -1 -1 -1000 -1000 -1000 -10 0.0000 
Car -1 -1 -10 870.15 177.15 1031.73 257.00 -1 -1 -1 -1000 -1000 -1000 -10 0.0000 
Car -1 -1 -10 440.27 202.40 571.47 255.38 -1 -1 -1 -1000 -1000 -1000 -10 0.0000 
Car -1 -1 -10 869.69 179.51 980.93 319.00 -1 -1 -1 -1000 -1000 -1000 -10 0.0000 
Car -1 -1 -10 334.22 182.13 463.69 243.91 -1 -1 -1 -1000 -1000 -1000 -10 0.0000 
Car -1 -1 -10 920.81 143.84 1069.58 273.16 -1 -1 -1 -1000 -1000 -1000 -10 0.0000 
Car -1 -1 -10 729.21 144.95 997.81 238.55 -1 -1 -1 -1000 -1000 -1000 -10 0.0000 
Car -1 -1 -10 975.75 159.34 1050.26 208.59 -1 -1 -1 -1000 -1000 -1000 -10 0.0000 
Car -1 -1 -10 860.60 198.85 918.44 281.28 -1 -1 -1 -1000 -1000 -1000 -10 0.0000 
Car -1 -1 -10 876.18 141.22 1146.41 224.89 -1 -1 -1 -1000 -1000 -1000 -10 0.0000 
Car -1 -1 -10 245.69 196.41 319.50 248.53 -1 -1 -1 -1000 -1000 -1000 -10 0.0000 
Car -1 -1 -10 838.63 203.13 900.63 266.32 -1 -1 -1 -1000 -1000 -1000 -10 0.0000 
Car -1 -1 -10 227.72 193.99 381.14 259.64 -1 -1 -1 -1000 -1000 -1000 -10 0.0000 
Car -1 -1 -10 816.10 198.10 908.24 247.25 -1 -1 -1 -1000 -1000 -1000 -10 0.0000 
Car -1 -1 -10 976.84 178.68 1059.86 270.14 -1 -1 -1 -1000 -1000 -1000 -10 0.0000 
Car -1 -1 -10 214.69 229.91 366.42 282.30 -1 -1 -1 -1000 -1000 -1000 -10 0.0000 
Car -1 -1 -10 196.47 238.17 269.89 266.60 -1 -1 -1 -1000 -1000 -1000 -10 0.0000 
Car -1 -1 -10 310.96 142.34 425.85 221.34 -1 -1 -1 -1000 -1000 -1000 -10 0.0000 
Car -1 -1 -10 264.25 135.40 416.15 241.50 -1 -1 -1 -1000 -1000 -1000 -10 0.0000 
