Car -1 -1 -10 58.26 210.60 458.81 370.23 -1 -1 -1 -1000 -1000 -1000 -10 0.1527 
Car -1 -1 -10 285.85 121.90 333.62 179.73 -1 -1 -1 -1000 -1000 -1000 -10 0.0265 
Car -1 -1 -10 553.44 270.61 609.21 322.38 -1 -1 -1 -1000 -1000 -1000 -10 0.0186 
Car -1 -1 -10 62.20 83.67 135.99 127.47 -1 -1 -1 -1000 -1000 -1000 -10 0.0090 
Car -1 -1 -10 63.58 229.98 119.04 252.90 -1 -1 -1 -1000 -1000 -1000 -10 0.0058 
Car -1 -1 -10 55.88 229.42 128.90 265.09 -1 -1 -1 -1000 -1000 -1000 -10 0.0058 
Car -1 -1 -10 138.06 22.04 182.68 49.75 -1 -1 -1 -1000 -1000 -1000 -10 0.0045 
Car -1 -1 -10 126.40 38.56 185.62 73.72 -1 -1 -1 -1000 -1000 -1000 -10 0.0042 
Car -1 -1 -10 33.86 235.84 92.14 263.72 -1 -1 -1 -1000 -1000 -1000 -10 0.0024 
Car -1 -1 -10 116.33 25.23 176.52 54.78 -1 -1 -1 -1000 -1000 -1000 -10 0.0023 
Car -1 -1 -10 40.68 88.64 126.94 139.82 -1 -1 -1 -1000 -1000 -1000 -10 0.0023 
Car -1 -1 -10 793.55 288.91 859.33 319.66 -1 -1 -1 -1000 -1000 -1000 -10 0.0022 
Car -1 -1 -10 18.72 128.47 71.72 154.15 -1 -1 -1 -1000 -1000 -1000 -10 0.0021 
Car -1 -1 -10 29.13 238.79 85.27 281.24 -1 -1 -1 -1000 -1000 -1000 -10 0.0021 
Car -1 -1 -10 666.28 220.84 728.43 253.57 -1 -1 -1 -1000 -1000 -1000 -10 0.0018 
Car -1 -1 -10 804.16 112.46 855.70 137.51 -1 -1 -1 -1000 -1000 -1000 -10 0.0016 
Car -1 -1 -10 1134.90 232.65 1236.58 282.18 -1 -1 -1 -1000 -1000 -1000 -10 0.0016 
Car -1 -1 -10 299.76 82.38 362.00 110.26 -1 -1 -1 -1000 -1000 -1000 -10 0.0016 
Car -1 -1 -10 68.31 227.99 112.57 244.23 -1 -1 -1 -1000 -1000 -1000 -10 0.0015 
Car -1 -1 -10 11.73 103.82 51.32 133.37 -1 -1 -1 -1000 -1000 -1000 -10 0.0013 
Car -1 -1 -10 408.33 128.49 459.45 145.77 -1 -1 -1 -1000 -1000 -1000 -10 0.0012 
Car -1 -1 -10 35.96 131.20 107.10 159.24 -1 -1 -1 -1000 -1000 -1000 -10 0.0012 
Car -1 -1 -10 74.70 24.05 138.01 53.59 -1 -1 -1 -1000 -1000 -1000 -10 0.0009 
Car -1 -1 -10 961.47 87.56 1014.89 116.52 -1 -1 -1 -1000 -1000 -1000 -10 0.0009 
Car -1 -1 -10 773.19 296.97 834.18 322.41 -1 -1 -1 -1000 -1000 -1000 -10 0.0008 
Car -1 -1 -10 9.84 124.91 58.38 147.07 -1 -1 -1 -1000 -1000 -1000 -10 0.0008 
Car -1 -1 -10 81.21 127.79 142.62 160.88 -1 -1 -1 -1000 -1000 -1000 -10 0.0007 
Car -1 -1 -10 212.60 64.71 266.37 96.54 -1 -1 -1 -1000 -1000 -1000 -10 0.0006 
Car -1 -1 -10 424.91 124.87 469.73 145.31 -1 -1 -1 -1000 -1000 -1000 -10 0.0006 
Car -1 -1 -10 283.36 153.49 344.71 191.88 -1 -1 -1 -1000 -1000 -1000 -10 0.0005 
Car -1 -1 -10 6.59 120.75 50.12 140.22 -1 -1 -1 -1000 -1000 -1000 -10 0.0005 
Car -1 -1 -10 303.78 269.82 402.76 329.04 -1 -1 -1 -1000 -1000 -1000 -10 0.0003 
Car -1 -1 -10 4.78 142.13 66.36 172.54 -1 -1 -1 -1000 -1000 -1000 -10 0.0003 
Car -1 -1 -10 353.68 142.23 405.79 174.98 -1 -1 -1 -1000 -1000 -1000 -10 0.0003 
Car -1 -1 -10 131.59 23.00 192.67 65.91 -1 -1 -1 -1000 -1000 -1000 -10 0.0003 
Car -1 -1 -10 5.60 125.84 82.44 170.23 -1 -1 -1 -1000 -1000 -1000 -10 0.0002 
Car -1 -1 -10 226.89 71.28 327.41 99.88 -1 -1 -1 -1000 -1000 -1000 -10 0.0002 
Car -1 -1 -10 419.98 132.30 472.81 157.01 -1 -1 -1 -1000 -1000 -1000 -10 0.0002 
Car -1 -1 -10 408.37 121.53 478.03 149.71 -1 -1 -1 -1000 -1000 -1000 -10 0.0002 
Car -1 -1 -10 26.66 112.94 105.75 146.40 -1 -1 -1 -1000 -1000 -1000 -10 0.0002 
Car -1 -1 -10 18.25 103.69 85.16 142.53 -1 -1 -1 -1000 -1000 -1000 -10 0.0002 
Car -1 -1 -10 950.77 112.78 1020.61 147.85 -1 -1 -1 -1000 -1000 -1000 -10 0.0001 
Car -1 -1 -10 282.19 185.02 330.33 211.44 -1 -1 -1 -1000 -1000 -1000 -10 0.0001 
Car -1 -1 -10 98.46 116.97 176.23 152.15 -1 -1 -1 -1000 -1000 -1000 -10 0.0001 
Car -1 -1 -10 202.60 49.30 253.63 71.05 -1 -1 -1 -1000 -1000 -1000 -10 0.0001 
Car -1 -1 -10 206.78 57.82 262.27 78.20 -1 -1 -1 -1000 -1000 -1000 -10 0.0001 
Car -1 -1 -10 432.35 117.34 504.52 143.41 -1 -1 -1 -1000 -1000 -1000 -10 0.0001 
Car -1 -1 -10 101.23 107.66 167.69 138.59 -1 -1 -1 -1000 -1000 -1000 -10 0.0001 
Car -1 -1 -10 228.38 199.97 286.68 216.76 -1 -1 -1 -1000 -1000 -1000 -10 0.0000 
Car -1 -1 -10 96.13 238.76 149.35 264.96 -1 -1 -1 -1000 -1000 -1000 -10 0.0000 
Car -1 -1 -10 203.96 201.22 358.78 244.15 -1 -1 -1 -1000 -1000 -1000 -10 0.0000 
Car -1 -1 -10 225.11 200.82 258.73 221.94 -1 -1 -1 -1000 -1000 -1000 -10 0.0000 
Car -1 -1 -10 46.60 112.39 141.14 155.05 -1 -1 -1 -1000 -1000 -1000 -10 0.0000 
Car -1 -1 -10 289.22 205.19 379.04 245.44 -1 -1 -1 -1000 -1000 -1000 -10 0.0000 
Car -1 -1 -10 911.85 187.29 975.98 247.36 -1 -1 -1 -1000 -1000 -1000 -10 0.0000 
Car -1 -1 -10 184.81 206.52 267.58 237.74 -1 -1 -1 -1000 -1000 -1000 -10 0.0000 
Car -1 -1 -10 279.59 210.53 420.60 256.92 -1 -1 -1 -1000 -1000 -1000 -10 0.0000 
Car -1 -1 -10 252.32 172.79 342.07 201.02 -1 -1 -1 -1000 -1000 -1000 -10 0.0000 
Car -1 -1 -10 211.82 204.08 264.30 229.46 -1 -1 -1 -1000 -1000 -1000 -10 0.0000 
Car -1 -1 -10 227.60 190.46 353.83 225.51 -1 -1 -1 -1000 -1000 -1000 -10 0.0000 
Car -1 -1 -10 258.66 179.48 362.46 245.70 -1 -1 -1 -1000 -1000 -1000 -10 0.0000 
Car -1 -1 -10 266.28 168.32 342.00 230.33 -1 -1 -1 -1000 -1000 -1000 -10 0.0000 
