Car -1 -1 -10 924.04 182.98 1113.42 317.11 -1 -1 -1 -1000 -1000 -1000 -10 0.9988 
Car -1 -1 -10 1036.50 164.40 1146.91 232.41 -1 -1 -1 -1000 -1000 -1000 -10 0.9783 
Car -1 -1 -10 876.40 172.19 966.27 221.01 -1 -1 -1 -1000 -1000 -1000 -10 0.9747 
Car -1 -1 -10 1196.70 16.69 1243.01 53.26 -1 -1 -1 -1000 -1000 -1000 -10 0.0355 
Car -1 -1 -10 1171.90 161.19 1219.43 206.28 -1 -1 -1 -1000 -1000 -1000 -10 0.0311 
Car -1 -1 -10 1032.90 157.76 1116.34 279.51 -1 -1 -1 -1000 -1000 -1000 -10 0.0242 
Car -1 -1 -10 1141.40 163.60 1200.13 200.56 -1 -1 -1 -1000 -1000 -1000 -10 0.0238 
Car -1 -1 -10 87.59 257.86 139.22 300.95 -1 -1 -1 -1000 -1000 -1000 -10 0.0092 
Car -1 -1 -10 90.04 194.05 139.40 241.55 -1 -1 -1 -1000 -1000 -1000 -10 0.0065 
Car -1 -1 -10 1166.00 161.31 1205.23 196.32 -1 -1 -1 -1000 -1000 -1000 -10 0.0057 
Car -1 -1 -10 1096.40 169.16 1168.18 221.96 -1 -1 -1 -1000 -1000 -1000 -10 0.0048 
Car -1 -1 -10 103.25 48.73 151.11 78.75 -1 -1 -1 -1000 -1000 -1000 -10 0.0045 
Car -1 -1 -10 105.84 42.18 164.59 72.03 -1 -1 -1 -1000 -1000 -1000 -10 0.0033 
Car -1 -1 -10 1016.80 182.15 1103.79 225.14 -1 -1 -1 -1000 -1000 -1000 -10 0.0028 
Car -1 -1 -10 83.90 174.21 135.16 225.41 -1 -1 -1 -1000 -1000 -1000 -10 0.0028 
Car -1 -1 -10 608.19 209.87 660.57 246.33 -1 -1 -1 -1000 -1000 -1000 -10 0.0022 
Car -1 -1 -10 479.18 205.33 526.15 240.08 -1 -1 -1 -1000 -1000 -1000 -10 0.0021 
Car -1 -1 -10 413.42 236.49 468.63 266.06 -1 -1 -1 -1000 -1000 -1000 -10 0.0020 
Car -1 -1 -10 127.77 34.84 192.77 71.33 -1 -1 -1 -1000 -1000 -1000 -10 0.0018 
Car -1 -1 -10 613.87 200.89 657.90 235.49 -1 -1 -1 -1000 -1000 -1000 -10 0.0016 
Car -1 -1 -10 930.67 172.03 1010.93 205.06 -1 -1 -1 -1000 -1000 -1000 -10 0.0016 
Car -1 -1 -10 953.98 24.25 1007.49 47.79 -1 -1 -1 -1000 -1000 -1000 -10 0.0016 
Car -1 -1 -10 360.98 102.66 411.13 146.59 -1 -1 -1 -1000 -1000 -1000 -10 0.0015 
Car -1 -1 -10 87.86 214.44 138.50 256.56 -1 -1 -1 -1000 -1000 -1000 -10 0.0015 
Car -1 -1 -10 629.57 189.87 685.09 225.63 -1 -1 -1 -1000 -1000 -1000 -10 0.0013 
Car -1 -1 -10 111.97 41.42 242.31 80.97 -1 -1 -1 -1000 -1000 -1000 -10 0.0013 
Car -1 -1 -10 1117.20 96.49 1241.11 156.74 -1 -1 -1 -1000 -1000 -1000 -10 0.0012 
Car -1 -1 -10 451.68 188.35 507.46 213.72 -1 -1 -1 -1000 -1000 -1000 -10 0.0011 
Car -1 -1 -10 647.64 192.53 697.38 229.03 -1 -1 -1 -1000 -1000 -1000 -10 0.0011 
Car -1 -1 -10 384.25 131.21 433.42 168.82 -1 -1 -1 -1000 -1000 -1000 -10 0.0010 
Car -1 -1 -10 414.15 245.58 470.02 280.56 -1 -1 -1 -1000 -1000 -1000 -10 0.0010 
Car -1 -1 -10 0.04 113.77 127.13 226.33 -1 -1 -1 -1000 -1000 -1000 -10 0.0010 
Car -1 -1 -10 1055.90 166.46 1149.42 198.50 -1 -1 -1 -1000 -1000 -1000 -10 0.0008 
Car -1 -1 -10 389.99 141.09 448.03 179.67 -1 -1 -1 -1000 -1000 -1000 -10 0.0007 
Car -1 -1 -10 628.21 201.93 682.71 240.44 -1 -1 -1 -1000 -1000 -1000 -10 0.0006 
Car -1 -1 -10 396.26 240.18 455.86 272.79 -1 -1 -1 -1000 -1000 -1000 -10 0.0006 
Car -1 -1 -10 458.95 148.06 525.47 189.81 -1 -1 -1 -1000 -1000 -1000 -10 0.0005 
Car -1 -1 -10 902.40 171.93 989.77 211.25 -1 -1 -1 -1000 -1000 -1000 -10 0.0005 
Car -1 -1 -10 936.32 182.63 1078.84 268.22 -1 -1 -1 -1000 -1000 -1000 -10 0.0004 
Car -1 -1 -10 378.91 204.83 433.85 231.25 -1 -1 -1 -1000 -1000 -1000 -10 0.0004 
Car -1 -1 -10 452.39 195.02 504.84 229.51 -1 -1 -1 -1000 -1000 -1000 -10 0.0004 
Car -1 -1 -10 407.65 218.52 465.40 250.89 -1 -1 -1 -1000 -1000 -1000 -10 0.0004 
Car -1 -1 -10 68.45 236.79 143.09 312.17 -1 -1 -1 -1000 -1000 -1000 -10 0.0004 
Car -1 -1 -10 943.16 180.78 1057.55 225.60 -1 -1 -1 -1000 -1000 -1000 -10 0.0004 
Car -1 -1 -10 471.67 45.90 528.16 87.76 -1 -1 -1 -1000 -1000 -1000 -10 0.0003 
Car -1 -1 -10 381.79 203.88 472.78 240.51 -1 -1 -1 -1000 -1000 -1000 -10 0.0002 
Car -1 -1 -10 395.20 206.92 448.02 237.39 -1 -1 -1 -1000 -1000 -1000 -10 0.0002 
Car -1 -1 -10 732.30 118.61 798.63 152.28 -1 -1 -1 -1000 -1000 -1000 -10 0.0002 
Car -1 -1 -10 477.01 88.69 524.93 118.22 -1 -1 -1 -1000 -1000 -1000 -10 0.0002 
Car -1 -1 -10 362.30 198.47 425.16 225.58 -1 -1 -1 -1000 -1000 -1000 -10 0.0002 
Car -1 -1 -10 931.02 170.36 1032.18 245.46 -1 -1 -1 -1000 -1000 -1000 -10 0.0002 
Car -1 -1 -10 442.91 50.15 520.91 106.95 -1 -1 -1 -1000 -1000 -1000 -10 0.0002 
Car -1 -1 -10 385.03 76.30 452.15 108.12 -1 -1 -1 -1000 -1000 -1000 -10 0.0002 
Car -1 -1 -10 959.29 29.89 1034.80 59.07 -1 -1 -1 -1000 -1000 -1000 -10 0.0002 
Car -1 -1 -10 74.61 186.50 147.98 256.24 -1 -1 -1 -1000 -1000 -1000 -10 0.0002 
Car -1 -1 -10 388.09 83.58 443.07 118.98 -1 -1 -1 -1000 -1000 -1000 -10 0.0001 
Car -1 -1 -10 396.82 129.10 476.89 179.03 -1 -1 -1 -1000 -1000 -1000 -10 0.0001 
Car -1 -1 -10 371.23 192.31 457.70 229.51 -1 -1 -1 -1000 -1000 -1000 -10 0.0001 
Car -1 -1 -10 462.27 160.22 522.76 203.72 -1 -1 -1 -1000 -1000 -1000 -10 0.0001 
Car -1 -1 -10 1102.60 24.71 1213.33 90.68 -1 -1 -1 -1000 -1000 -1000 -10 0.0000 
Car -1 -1 -10 354.99 163.33 421.38 186.07 -1 -1 -1 -1000 -1000 -1000 -10 0.0000 
Car -1 -1 -10 588.36 187.76 680.76 241.14 -1 -1 -1 -1000 -1000 -1000 -10 0.0000 
Car -1 -1 -10 929.20 28.06 1004.59 53.36 -1 -1 -1 -1000 -1000 -1000 -10 0.0000 
Car -1 -1 -10 839.11 171.57 914.65 213.43 -1 -1 -1 -1000 -1000 -1000 -10 0.0000 
Car -1 -1 -10 631.36 193.31 722.01 240.81 -1 -1 -1 -1000 -1000 -1000 -10 0.0000 
Car -1 -1 -10 632.27 167.31 701.43 229.19 -1 -1 -1 -1000 -1000 -1000 -10 0.0000 
Car -1 -1 -10 1147.10 90.00 1227.00 179.62 -1 -1 -1 -1000 -1000 -1000 -10 0.0000 
Car -1 -1 -10 644.93 123.50 701.10 161.34 -1 -1 -1 -1000 -1000 -1000 -10 0.0000 
Car -1 -1 -10 103.54 42.80 229.12 117.11 -1 -1 -1 -1000 -1000 -1000 -10 0.0000 
Car -1 -1 -10 959.36 170.31 1028.31 214.22 -1 -1 -1 -1000 -1000 -1000 -10 0.0000 
