Car -1 -1 -10 749.38 169.22 958.06 313.74 -1 -1 -1 -1000 -1000 -1000 -10 0.9995 
Car -1 -1 -10 371.92 175.87 512.57 268.37 -1 -1 -1 -1000 -1000 -1000 -10 0.9995 
Car -1 -1 -10 1071.00 149.46 1243.04 265.29 -1 -1 -1 -1000 -1000 -1000 -10 0.9968 
Car -1 -1 -10 985.21 155.50 1153.72 240.16 -1 -1 -1 -1000 -1000 -1000 -10 0.9557 
Car -1 -1 -10 716.42 181.75 813.82 255.08 -1 -1 -1 -1000 -1000 -1000 -10 0.7482 
Car -1 -1 -10 922.76 157.04 1094.64 232.32 -1 -1 -1 -1000 -1000 -1000 -10 0.2057 
Car -1 -1 -10 0.00 211.56 276.70 376.00 -1 -1 -1 -1000 -1000 -1000 -10 0.0838 
Car -1 -1 -10 886.99 161.29 1000.26 232.11 -1 -1 -1 -1000 -1000 -1000 -10 0.0836 
Car -1 -1 -10 513.65 178.17 575.20 217.28 -1 -1 -1 -1000 -1000 -1000 -10 0.0336 
Car -1 -1 -10 742.06 156.60 900.18 212.97 -1 -1 -1 -1000 -1000 -1000 -10 0.0166 
Car -1 -1 -10 140.27 198.22 191.98 220.74 -1 -1 -1 -1000 -1000 -1000 -10 0.0149 
Car -1 -1 -10 759.87 159.95 835.86 191.85 -1 -1 -1 -1000 -1000 -1000 -10 0.0133 
Car -1 -1 -10 865.85 161.28 975.85 205.05 -1 -1 -1 -1000 -1000 -1000 -10 0.0039 
Car -1 -1 -10 440.93 157.87 551.06 240.18 -1 -1 -1 -1000 -1000 -1000 -10 0.0023 
Car -1 -1 -10 798.87 173.34 943.04 251.96 -1 -1 -1 -1000 -1000 -1000 -10 0.0023 
Car -1 -1 -10 1076.50 154.48 1165.93 239.08 -1 -1 -1 -1000 -1000 -1000 -10 0.0016 
Car -1 -1 -10 1067.80 157.23 1151.74 207.98 -1 -1 -1 -1000 -1000 -1000 -10 0.0015 
Car -1 -1 -10 937.06 157.71 1064.94 192.65 -1 -1 -1 -1000 -1000 -1000 -10 0.0011 
Car -1 -1 -10 213.50 192.12 262.35 215.17 -1 -1 -1 -1000 -1000 -1000 -10 0.0008 
Car -1 -1 -10 137.40 257.71 251.49 314.54 -1 -1 -1 -1000 -1000 -1000 -10 0.0006 
Car -1 -1 -10 1142.20 149.64 1243.03 245.97 -1 -1 -1 -1000 -1000 -1000 -10 0.0004 
Car -1 -1 -10 160.21 200.80 216.81 218.26 -1 -1 -1 -1000 -1000 -1000 -10 0.0003 
Car -1 -1 -10 218.04 173.46 265.43 216.19 -1 -1 -1 -1000 -1000 -1000 -10 0.0003 
Car -1 -1 -10 91.51 31.76 185.38 84.69 -1 -1 -1 -1000 -1000 -1000 -10 0.0003 
Car -1 -1 -10 122.67 252.95 258.09 369.55 -1 -1 -1 -1000 -1000 -1000 -10 0.0002 
Car -1 -1 -10 385.98 185.64 464.16 237.47 -1 -1 -1 -1000 -1000 -1000 -10 0.0001 
Car -1 -1 -10 382.42 193.09 436.12 234.58 -1 -1 -1 -1000 -1000 -1000 -10 0.0001 
Car -1 -1 -10 188.85 263.15 252.27 312.68 -1 -1 -1 -1000 -1000 -1000 -10 0.0001 
Car -1 -1 -10 94.22 204.26 155.38 225.17 -1 -1 -1 -1000 -1000 -1000 -10 0.0001 
Car -1 -1 -10 1190.30 158.50 1243.02 218.94 -1 -1 -1 -1000 -1000 -1000 -10 0.0001 
Car -1 -1 -10 619.03 132.11 688.93 203.54 -1 -1 -1 -1000 -1000 -1000 -10 0.0001 
Car -1 -1 -10 833.46 164.90 896.49 203.91 -1 -1 -1 -1000 -1000 -1000 -10 0.0000 
Car -1 -1 -10 1189.70 194.50 1242.98 256.33 -1 -1 -1 -1000 -1000 -1000 -10 0.0000 
Car -1 -1 -10 999.11 159.44 1091.90 214.32 -1 -1 -1 -1000 -1000 -1000 -10 0.0000 
Car -1 -1 -10 944.71 211.44 1003.17 232.09 -1 -1 -1 -1000 -1000 -1000 -10 0.0000 
Car -1 -1 -10 0.00 220.22 100.25 286.75 -1 -1 -1 -1000 -1000 -1000 -10 0.0000 
Car -1 -1 -10 168.26 206.93 235.54 226.20 -1 -1 -1 -1000 -1000 -1000 -10 0.0000 
Car -1 -1 -10 628.95 176.87 686.65 203.66 -1 -1 -1 -1000 -1000 -1000 -10 0.0000 
