Car -1 -1 -10 403.35 171.23 482.22 237.34 -1 -1 -1 -1000 -1000 -1000 -10 1.0000 
Car -1 -1 -10 1123.80 106.21 1176.32 135.93 -1 -1 -1 -1000 -1000 -1000 -10 0.0328 
Car -1 -1 -10 1117.10 100.79 1179.98 159.51 -1 -1 -1 -1000 -1000 -1000 -10 0.0080 
Car -1 -1 -10 1136.50 170.45 1204.33 203.18 -1 -1 -1 -1000 -1000 -1000 -10 0.0058 
Car -1 -1 -10 709.88 177.62 799.50 206.07 -1 -1 -1 -1000 -1000 -1000 -10 0.0037 
Car -1 -1 -10 1185.90 166.01 1243.01 204.24 -1 -1 -1 -1000 -1000 -1000 -10 0.0026 
Car -1 -1 -10 1106.90 54.99 1177.82 115.24 -1 -1 -1 -1000 -1000 -1000 -10 0.0023 
Car -1 -1 -10 1112.00 55.58 1173.12 87.18 -1 -1 -1 -1000 -1000 -1000 -10 0.0019 
Car -1 -1 -10 767.31 55.48 829.58 90.58 -1 -1 -1 -1000 -1000 -1000 -10 0.0018 
Car -1 -1 -10 616.11 155.52 659.76 184.45 -1 -1 -1 -1000 -1000 -1000 -10 0.0011 
Car -1 -1 -10 1139.00 159.95 1179.62 201.16 -1 -1 -1 -1000 -1000 -1000 -10 0.0010 
Car -1 -1 -10 60.45 201.63 114.05 239.82 -1 -1 -1 -1000 -1000 -1000 -10 0.0010 
Car -1 -1 -10 844.94 178.13 919.70 214.93 -1 -1 -1 -1000 -1000 -1000 -10 0.0008 
Car -1 -1 -10 1110.70 145.88 1220.34 181.43 -1 -1 -1 -1000 -1000 -1000 -10 0.0007 
Car -1 -1 -10 693.23 56.88 739.90 87.20 -1 -1 -1 -1000 -1000 -1000 -10 0.0006 
Car -1 -1 -10 700.15 45.74 747.01 78.50 -1 -1 -1 -1000 -1000 -1000 -10 0.0005 
Car -1 -1 -10 1132.80 151.86 1217.18 200.42 -1 -1 -1 -1000 -1000 -1000 -10 0.0005 
Car -1 -1 -10 702.92 173.78 745.38 201.13 -1 -1 -1 -1000 -1000 -1000 -10 0.0004 
Car -1 -1 -10 750.58 45.39 839.76 94.63 -1 -1 -1 -1000 -1000 -1000 -10 0.0003 
Car -1 -1 -10 753.60 183.50 803.40 208.51 -1 -1 -1 -1000 -1000 -1000 -10 0.0003 
Car -1 -1 -10 136.24 215.91 203.90 267.37 -1 -1 -1 -1000 -1000 -1000 -10 0.0003 
Car -1 -1 -10 703.97 35.59 785.82 71.45 -1 -1 -1 -1000 -1000 -1000 -10 0.0003 
Car -1 -1 -10 1131.50 109.95 1235.99 166.17 -1 -1 -1 -1000 -1000 -1000 -10 0.0003 
Car -1 -1 -10 1091.00 146.90 1196.22 205.27 -1 -1 -1 -1000 -1000 -1000 -10 0.0002 
Car -1 -1 -10 406.07 82.98 477.44 121.55 -1 -1 -1 -1000 -1000 -1000 -10 0.0002 
Car -1 -1 -10 1168.40 153.61 1225.94 181.32 -1 -1 -1 -1000 -1000 -1000 -10 0.0002 
Car -1 -1 -10 632.06 122.79 677.80 145.65 -1 -1 -1 -1000 -1000 -1000 -10 0.0002 
Car -1 -1 -10 183.44 205.11 281.07 250.68 -1 -1 -1 -1000 -1000 -1000 -10 0.0002 
Car -1 -1 -10 1150.30 149.94 1212.12 185.16 -1 -1 -1 -1000 -1000 -1000 -10 0.0002 
Car -1 -1 -10 897.17 58.39 930.76 85.19 -1 -1 -1 -1000 -1000 -1000 -10 0.0002 
Car -1 -1 -10 952.97 73.36 995.22 99.02 -1 -1 -1 -1000 -1000 -1000 -10 0.0001 
Car -1 -1 -10 743.25 180.09 789.82 205.90 -1 -1 -1 -1000 -1000 -1000 -10 0.0001 
Car -1 -1 -10 686.35 51.69 733.05 79.32 -1 -1 -1 -1000 -1000 -1000 -10 0.0001 
Car -1 -1 -10 781.92 101.67 966.44 138.89 -1 -1 -1 -1000 -1000 -1000 -10 0.0001 
Car -1 -1 -10 659.58 52.60 705.58 79.54 -1 -1 -1 -1000 -1000 -1000 -10 0.0001 
Car -1 -1 -10 187.70 205.18 252.37 236.85 -1 -1 -1 -1000 -1000 -1000 -10 0.0001 
Car -1 -1 -10 653.92 101.22 737.18 136.44 -1 -1 -1 -1000 -1000 -1000 -10 0.0001 
Car -1 -1 -10 655.35 63.99 710.22 89.97 -1 -1 -1 -1000 -1000 -1000 -10 0.0001 
Car -1 -1 -10 1109.30 112.96 1208.83 195.07 -1 -1 -1 -1000 -1000 -1000 -10 0.0001 
Car -1 -1 -10 815.87 42.03 888.82 68.94 -1 -1 -1 -1000 -1000 -1000 -10 0.0001 
Car -1 -1 -10 141.69 209.14 257.28 264.04 -1 -1 -1 -1000 -1000 -1000 -10 0.0001 
Car -1 -1 -10 56.02 197.73 141.79 264.90 -1 -1 -1 -1000 -1000 -1000 -10 0.0000 
Car -1 -1 -10 991.50 169.26 1069.86 228.55 -1 -1 -1 -1000 -1000 -1000 -10 0.0000 
Car -1 -1 -10 706.85 93.89 773.85 141.93 -1 -1 -1 -1000 -1000 -1000 -10 0.0000 
Car -1 -1 -10 647.44 59.97 692.55 85.60 -1 -1 -1 -1000 -1000 -1000 -10 0.0000 
Car -1 -1 -10 1085.30 154.01 1157.55 249.02 -1 -1 -1 -1000 -1000 -1000 -10 0.0000 
Car -1 -1 -10 1078.30 80.71 1143.50 178.51 -1 -1 -1 -1000 -1000 -1000 -10 0.0000 
Car -1 -1 -10 1170.70 140.86 1243.02 177.18 -1 -1 -1 -1000 -1000 -1000 -10 0.0000 
Car -1 -1 -10 715.64 119.63 778.84 140.84 -1 -1 -1 -1000 -1000 -1000 -10 0.0000 
Car -1 -1 -10 801.32 33.65 899.79 77.16 -1 -1 -1 -1000 -1000 -1000 -10 0.0000 
Car -1 -1 -10 721.46 30.39 821.77 59.89 -1 -1 -1 -1000 -1000 -1000 -10 0.0000 
Car -1 -1 -10 714.21 120.08 860.85 143.90 -1 -1 -1 -1000 -1000 -1000 -10 0.0000 
Car -1 -1 -10 1044.50 151.24 1160.41 294.81 -1 -1 -1 -1000 -1000 -1000 -10 0.0000 
Car -1 -1 -10 222.12 196.07 302.79 244.39 -1 -1 -1 -1000 -1000 -1000 -10 0.0000 
Car -1 -1 -10 868.24 88.81 941.71 115.07 -1 -1 -1 -1000 -1000 -1000 -10 0.0000 
