Car -1 -1 -10 500.37 184.31 572.27 237.74 -1 -1 -1 -1000 -1000 -1000 -10 0.9999 
Car -1 -1 -10 628.77 181.54 666.86 206.08 -1 -1 -1 -1000 -1000 -1000 -10 0.9985 
Car -1 -1 -10 0.00 191.74 370.10 376.00 -1 -1 -1 -1000 -1000 -1000 -10 0.9557 
Car -1 -1 -10 647.22 176.77 680.83 204.15 -1 -1 -1 -1000 -1000 -1000 -10 0.6163 
Car -1 -1 -10 759.75 172.89 790.81 198.19 -1 -1 -1 -1000 -1000 -1000 -10 0.3806 
Car -1 -1 -10 760.48 214.78 804.91 246.67 -1 -1 -1 -1000 -1000 -1000 -10 0.1732 
Car -1 -1 -10 556.92 49.72 613.61 82.22 -1 -1 -1 -1000 -1000 -1000 -10 0.0373 
Car -1 -1 -10 706.73 178.54 742.01 210.39 -1 -1 -1 -1000 -1000 -1000 -10 0.0052 
Car -1 -1 -10 543.49 43.23 630.74 106.79 -1 -1 -1 -1000 -1000 -1000 -10 0.0044 
Car -1 -1 -10 0.00 144.06 55.85 178.78 -1 -1 -1 -1000 -1000 -1000 -10 0.0039 
Car -1 -1 -10 5.26 152.95 61.45 188.48 -1 -1 -1 -1000 -1000 -1000 -10 0.0027 
Car -1 -1 -10 1158.10 259.60 1242.96 305.64 -1 -1 -1 -1000 -1000 -1000 -10 0.0023 
Car -1 -1 -10 128.59 167.34 182.59 197.06 -1 -1 -1 -1000 -1000 -1000 -10 0.0022 
Car -1 -1 -10 740.06 218.16 789.93 251.78 -1 -1 -1 -1000 -1000 -1000 -10 0.0016 
Car -1 -1 -10 676.26 178.75 703.50 201.26 -1 -1 -1 -1000 -1000 -1000 -10 0.0016 
Car -1 -1 -10 901.08 193.93 980.42 239.11 -1 -1 -1 -1000 -1000 -1000 -10 0.0015 
Car -1 -1 -10 1111.80 242.62 1189.43 304.94 -1 -1 -1 -1000 -1000 -1000 -10 0.0014 
Car -1 -1 -10 30.65 82.28 88.69 124.43 -1 -1 -1 -1000 -1000 -1000 -10 0.0010 
Car -1 -1 -10 212.44 210.78 359.09 285.17 -1 -1 -1 -1000 -1000 -1000 -10 0.0009 
Car -1 -1 -10 31.73 213.29 121.59 269.17 -1 -1 -1 -1000 -1000 -1000 -10 0.0009 
Car -1 -1 -10 151.99 159.54 198.72 183.95 -1 -1 -1 -1000 -1000 -1000 -10 0.0009 
Car -1 -1 -10 140.89 164.05 214.03 198.29 -1 -1 -1 -1000 -1000 -1000 -10 0.0008 
Car -1 -1 -10 812.03 154.35 890.95 196.52 -1 -1 -1 -1000 -1000 -1000 -10 0.0006 
Car -1 -1 -10 817.34 210.33 879.77 234.37 -1 -1 -1 -1000 -1000 -1000 -10 0.0006 
Car -1 -1 -10 718.10 209.18 797.21 254.23 -1 -1 -1 -1000 -1000 -1000 -10 0.0006 
Car -1 -1 -10 807.65 128.04 929.85 198.66 -1 -1 -1 -1000 -1000 -1000 -10 0.0004 
Car -1 -1 -10 260.88 210.02 334.72 230.88 -1 -1 -1 -1000 -1000 -1000 -10 0.0003 
Car -1 -1 -10 0.95 196.68 93.20 257.05 -1 -1 -1 -1000 -1000 -1000 -10 0.0002 
Car -1 -1 -10 275.31 129.21 330.74 158.45 -1 -1 -1 -1000 -1000 -1000 -10 0.0002 
Car -1 -1 -10 63.89 233.59 126.45 268.44 -1 -1 -1 -1000 -1000 -1000 -10 0.0002 
Car -1 -1 -10 69.38 205.01 149.81 269.80 -1 -1 -1 -1000 -1000 -1000 -10 0.0002 
Car -1 -1 -10 250.77 158.33 333.87 202.41 -1 -1 -1 -1000 -1000 -1000 -10 0.0002 
Car -1 -1 -10 247.23 85.19 351.34 151.81 -1 -1 -1 -1000 -1000 -1000 -10 0.0001 
Car -1 -1 -10 828.58 205.42 871.97 227.79 -1 -1 -1 -1000 -1000 -1000 -10 0.0001 
Car -1 -1 -10 191.05 176.47 267.04 207.12 -1 -1 -1 -1000 -1000 -1000 -10 0.0001 
Car -1 -1 -10 436.51 130.03 498.99 171.95 -1 -1 -1 -1000 -1000 -1000 -10 0.0001 
Car -1 -1 -10 6.37 154.58 84.88 204.75 -1 -1 -1 -1000 -1000 -1000 -10 0.0001 
Car -1 -1 -10 86.86 205.51 148.99 244.10 -1 -1 -1 -1000 -1000 -1000 -10 0.0001 
Car -1 -1 -10 708.72 173.94 745.13 230.93 -1 -1 -1 -1000 -1000 -1000 -10 0.0001 
Car -1 -1 -10 763.27 267.39 866.94 313.14 -1 -1 -1 -1000 -1000 -1000 -10 0.0000 
Car -1 -1 -10 276.31 150.89 328.87 189.02 -1 -1 -1 -1000 -1000 -1000 -10 0.0000 
Car -1 -1 -10 28.48 158.06 117.17 196.60 -1 -1 -1 -1000 -1000 -1000 -10 0.0000 
Car -1 -1 -10 228.69 205.34 326.40 227.85 -1 -1 -1 -1000 -1000 -1000 -10 0.0000 
Car -1 -1 -10 54.75 236.20 149.62 281.83 -1 -1 -1 -1000 -1000 -1000 -10 0.0000 
Car -1 -1 -10 1.56 226.91 83.31 272.77 -1 -1 -1 -1000 -1000 -1000 -10 0.0000 
Car -1 -1 -10 68.60 191.68 161.64 247.73 -1 -1 -1 -1000 -1000 -1000 -10 0.0000 
Car -1 -1 -10 660.78 181.02 695.39 204.02 -1 -1 -1 -1000 -1000 -1000 -10 0.0000 
Car -1 -1 -10 98.41 213.33 262.08 304.72 -1 -1 -1 -1000 -1000 -1000 -10 0.0000 
Car -1 -1 -10 22.89 238.26 94.20 279.33 -1 -1 -1 -1000 -1000 -1000 -10 0.0000 
Car -1 -1 -10 14.63 145.75 146.63 191.91 -1 -1 -1 -1000 -1000 -1000 -10 0.0000 
Car -1 -1 -10 886.06 140.57 951.13 184.24 -1 -1 -1 -1000 -1000 -1000 -10 0.0000 
Car -1 -1 -10 592.44 173.24 654.90 200.12 -1 -1 -1 -1000 -1000 -1000 -10 0.0000 
Car -1 -1 -10 0.00 260.21 200.45 337.83 -1 -1 -1 -1000 -1000 -1000 -10 0.0000 
