Car -1 -1 -10 318.35 190.06 434.65 282.31 -1 -1 -1 -1000 -1000 -1000 -10 1.0000 
Car -1 -1 -10 816.85 212.32 856.25 246.12 -1 -1 -1 -1000 -1000 -1000 -10 0.0222 
Car -1 -1 -10 1095.70 26.44 1243.02 88.40 -1 -1 -1 -1000 -1000 -1000 -10 0.0117 
Car -1 -1 -10 867.06 212.85 905.89 247.88 -1 -1 -1 -1000 -1000 -1000 -10 0.0041 
Car -1 -1 -10 185.99 144.69 243.78 190.91 -1 -1 -1 -1000 -1000 -1000 -10 0.0032 
Car -1 -1 -10 940.95 54.80 986.70 91.98 -1 -1 -1 -1000 -1000 -1000 -10 0.0029 
Car -1 -1 -10 942.29 201.70 1032.68 249.85 -1 -1 -1 -1000 -1000 -1000 -10 0.0024 
Car -1 -1 -10 811.44 56.39 861.11 90.87 -1 -1 -1 -1000 -1000 -1000 -10 0.0021 
Car -1 -1 -10 117.71 206.93 162.20 243.13 -1 -1 -1 -1000 -1000 -1000 -10 0.0016 
Car -1 -1 -10 804.15 206.61 851.56 227.97 -1 -1 -1 -1000 -1000 -1000 -10 0.0015 
Car -1 -1 -10 1160.30 184.59 1243.03 219.57 -1 -1 -1 -1000 -1000 -1000 -10 0.0011 
Car -1 -1 -10 740.94 195.80 816.00 217.85 -1 -1 -1 -1000 -1000 -1000 -10 0.0010 
Car -1 -1 -10 1151.60 28.28 1219.69 58.80 -1 -1 -1 -1000 -1000 -1000 -10 0.0009 
Car -1 -1 -10 34.57 240.18 89.02 284.67 -1 -1 -1 -1000 -1000 -1000 -10 0.0006 
Car -1 -1 -10 400.61 114.01 457.70 149.84 -1 -1 -1 -1000 -1000 -1000 -10 0.0005 
Car -1 -1 -10 381.45 86.08 455.12 135.96 -1 -1 -1 -1000 -1000 -1000 -10 0.0005 
Car -1 -1 -10 47.05 227.22 128.55 274.68 -1 -1 -1 -1000 -1000 -1000 -10 0.0005 
Car -1 -1 -10 719.44 194.83 763.81 227.23 -1 -1 -1 -1000 -1000 -1000 -10 0.0004 
Car -1 -1 -10 32.77 228.22 184.08 293.55 -1 -1 -1 -1000 -1000 -1000 -10 0.0004 
Car -1 -1 -10 749.58 190.16 806.64 209.76 -1 -1 -1 -1000 -1000 -1000 -10 0.0004 
Car -1 -1 -10 607.44 109.24 692.94 150.54 -1 -1 -1 -1000 -1000 -1000 -10 0.0004 
Car -1 -1 -10 1038.20 49.58 1120.91 96.73 -1 -1 -1 -1000 -1000 -1000 -10 0.0004 
Car -1 -1 -10 815.36 69.74 873.35 104.00 -1 -1 -1 -1000 -1000 -1000 -10 0.0004 
Car -1 -1 -10 351.34 65.38 443.43 116.90 -1 -1 -1 -1000 -1000 -1000 -10 0.0003 
Car -1 -1 -10 796.57 40.16 863.32 93.01 -1 -1 -1 -1000 -1000 -1000 -10 0.0003 
Car -1 -1 -10 102.40 203.14 146.29 235.72 -1 -1 -1 -1000 -1000 -1000 -10 0.0002 
Car -1 -1 -10 1023.10 53.56 1059.70 70.19 -1 -1 -1 -1000 -1000 -1000 -10 0.0002 
Car -1 -1 -10 389.15 117.80 438.79 154.82 -1 -1 -1 -1000 -1000 -1000 -10 0.0002 
Car -1 -1 -10 1051.80 30.02 1094.56 69.30 -1 -1 -1 -1000 -1000 -1000 -10 0.0002 
Car -1 -1 -10 832.72 79.41 895.19 108.33 -1 -1 -1 -1000 -1000 -1000 -10 0.0002 
Car -1 -1 -10 1129.40 31.76 1202.52 64.82 -1 -1 -1 -1000 -1000 -1000 -10 0.0002 
Car -1 -1 -10 805.17 55.62 889.76 102.32 -1 -1 -1 -1000 -1000 -1000 -10 0.0002 
Car -1 -1 -10 6.08 239.38 113.43 300.49 -1 -1 -1 -1000 -1000 -1000 -10 0.0002 
Car -1 -1 -10 170.39 140.40 257.11 205.08 -1 -1 -1 -1000 -1000 -1000 -10 0.0002 
Car -1 -1 -10 764.70 200.70 811.14 225.76 -1 -1 -1 -1000 -1000 -1000 -10 0.0001 
Car -1 -1 -10 760.66 185.26 822.24 220.26 -1 -1 -1 -1000 -1000 -1000 -10 0.0001 
Car -1 -1 -10 0.00 202.91 156.04 308.57 -1 -1 -1 -1000 -1000 -1000 -10 0.0001 
Car -1 -1 -10 1106.40 39.53 1175.25 87.92 -1 -1 -1 -1000 -1000 -1000 -10 0.0001 
Car -1 -1 -10 729.37 202.46 817.50 229.04 -1 -1 -1 -1000 -1000 -1000 -10 0.0001 
Car -1 -1 -10 845.06 71.38 902.51 98.28 -1 -1 -1 -1000 -1000 -1000 -10 0.0000 
Car -1 -1 -10 834.10 59.42 925.79 97.78 -1 -1 -1 -1000 -1000 -1000 -10 0.0000 
Car -1 -1 -10 82.45 232.05 178.68 280.94 -1 -1 -1 -1000 -1000 -1000 -10 0.0000 
Car -1 -1 -10 682.52 60.28 730.42 87.48 -1 -1 -1 -1000 -1000 -1000 -10 0.0000 
Car -1 -1 -10 1200.70 192.28 1242.96 218.96 -1 -1 -1 -1000 -1000 -1000 -10 0.0000 
Car -1 -1 -10 751.78 180.72 788.67 201.12 -1 -1 -1 -1000 -1000 -1000 -10 0.0000 
Car -1 -1 -10 328.07 195.82 391.20 266.51 -1 -1 -1 -1000 -1000 -1000 -10 0.0000 
Car -1 -1 -10 686.99 55.06 758.82 95.48 -1 -1 -1 -1000 -1000 -1000 -10 0.0000 
Car -1 -1 -10 856.96 82.81 920.70 118.80 -1 -1 -1 -1000 -1000 -1000 -10 0.0000 
Car -1 -1 -10 330.78 193.66 438.54 244.87 -1 -1 -1 -1000 -1000 -1000 -10 0.0000 
Car -1 -1 -10 399.45 193.10 441.01 250.18 -1 -1 -1 -1000 -1000 -1000 -10 0.0000 
Car -1 -1 -10 331.08 193.37 404.12 229.58 -1 -1 -1 -1000 -1000 -1000 -10 0.0000 
Car -1 -1 -10 745.13 23.99 836.01 60.33 -1 -1 -1 -1000 -1000 -1000 -10 0.0000 
Car -1 -1 -10 873.61 69.95 923.07 109.93 -1 -1 -1 -1000 -1000 -1000 -10 0.0000 
Car -1 -1 -10 408.90 194.46 475.48 218.45 -1 -1 -1 -1000 -1000 -1000 -10 0.0000 
Car -1 -1 -10 1043.00 102.66 1134.64 173.85 -1 -1 -1 -1000 -1000 -1000 -10 0.0000 
Car -1 -1 -10 995.94 89.05 1108.81 105.38 -1 -1 -1 -1000 -1000 -1000 -10 0.0000 
Car -1 -1 -10 703.68 43.40 771.85 77.96 -1 -1 -1 -1000 -1000 -1000 -10 0.0000 
Car -1 -1 -10 423.00 198.48 461.99 224.03 -1 -1 -1 -1000 -1000 -1000 -10 0.0000 
