Car -1 -1 -10 491.96 181.92 533.44 212.85 -1 -1 -1 -1000 -1000 -1000 -10 0.9999 
Car -1 -1 -10 61.18 189.51 182.06 242.62 -1 -1 -1 -1000 -1000 -1000 -10 0.9998 
Car -1 -1 -10 546.51 181.30 599.33 228.67 -1 -1 -1 -1000 -1000 -1000 -10 0.9994 
Car -1 -1 -10 728.83 181.04 791.41 206.55 -1 -1 -1 -1000 -1000 -1000 -10 0.9833 
Car -1 -1 -10 840.55 186.15 894.57 212.00 -1 -1 -1 -1000 -1000 -1000 -10 0.3965 
Car -1 -1 -10 1078.60 189.14 1153.60 223.50 -1 -1 -1 -1000 -1000 -1000 -10 0.0081 
Car -1 -1 -10 1129.30 30.41 1187.56 64.60 -1 -1 -1 -1000 -1000 -1000 -10 0.0051 
Car -1 -1 -10 934.45 224.23 1003.90 242.75 -1 -1 -1 -1000 -1000 -1000 -10 0.0049 
Car -1 -1 -10 199.16 182.07 261.30 205.21 -1 -1 -1 -1000 -1000 -1000 -10 0.0012 
Car -1 -1 -10 214.04 176.02 267.26 197.07 -1 -1 -1 -1000 -1000 -1000 -10 0.0011 
Car -1 -1 -10 962.05 82.28 1029.09 129.64 -1 -1 -1 -1000 -1000 -1000 -10 0.0010 
Car -1 -1 -10 976.31 46.85 1035.67 88.17 -1 -1 -1 -1000 -1000 -1000 -10 0.0009 
Car -1 -1 -10 1136.60 24.69 1216.66 63.68 -1 -1 -1 -1000 -1000 -1000 -10 0.0008 
Car -1 -1 -10 0.00 75.98 70.91 115.02 -1 -1 -1 -1000 -1000 -1000 -10 0.0007 
Car -1 -1 -10 833.65 188.69 870.81 206.53 -1 -1 -1 -1000 -1000 -1000 -10 0.0002 
Car -1 -1 -10 573.38 180.21 601.02 227.23 -1 -1 -1 -1000 -1000 -1000 -10 0.0000 
Car -1 -1 -10 514.18 176.59 537.08 206.34 -1 -1 -1 -1000 -1000 -1000 -10 0.0000 
Car -1 -1 -10 816.02 192.73 863.38 206.49 -1 -1 -1 -1000 -1000 -1000 -10 0.0000 
Car -1 -1 -10 550.47 168.46 583.55 203.21 -1 -1 -1 -1000 -1000 -1000 -10 0.0000 
