Car -1 -1 -10 522.03 176.17 585.12 220.02 -1 -1 -1 -1000 -1000 -1000 -10 1.0000 
Car -1 -1 -10 583.14 172.93 612.89 198.55 -1 -1 -1 -1000 -1000 -1000 -10 0.9927 
Car -1 -1 -10 402.29 134.01 437.93 176.41 -1 -1 -1 -1000 -1000 -1000 -10 0.0787 
Car -1 -1 -10 1061.90 147.53 1107.83 191.35 -1 -1 -1 -1000 -1000 -1000 -10 0.0247 
Car -1 -1 -10 1052.70 109.07 1095.79 146.32 -1 -1 -1 -1000 -1000 -1000 -10 0.0208 
Car -1 -1 -10 1023.30 219.84 1077.65 252.01 -1 -1 -1 -1000 -1000 -1000 -10 0.0161 
Car -1 -1 -10 1055.40 121.16 1102.57 163.95 -1 -1 -1 -1000 -1000 -1000 -10 0.0156 
Car -1 -1 -10 1077.50 172.65 1122.03 215.84 -1 -1 -1 -1000 -1000 -1000 -10 0.0150 
Car -1 -1 -10 1059.00 178.14 1110.83 218.84 -1 -1 -1 -1000 -1000 -1000 -10 0.0145 
Car -1 -1 -10 1050.80 219.23 1096.81 257.31 -1 -1 -1 -1000 -1000 -1000 -10 0.0110 
Car -1 -1 -10 1056.20 161.59 1102.42 208.26 -1 -1 -1 -1000 -1000 -1000 -10 0.0095 
Car -1 -1 -10 1042.60 181.67 1093.84 214.22 -1 -1 -1 -1000 -1000 -1000 -10 0.0079 
Car -1 -1 -10 382.49 151.69 435.70 181.23 -1 -1 -1 -1000 -1000 -1000 -10 0.0079 
Car -1 -1 -10 1028.40 104.98 1088.12 153.85 -1 -1 -1 -1000 -1000 -1000 -10 0.0057 
Car -1 -1 -10 54.72 58.89 106.98 89.12 -1 -1 -1 -1000 -1000 -1000 -10 0.0057 
Car -1 -1 -10 445.14 122.42 482.51 149.20 -1 -1 -1 -1000 -1000 -1000 -10 0.0056 
Car -1 -1 -10 1014.30 128.12 1084.30 175.81 -1 -1 -1 -1000 -1000 -1000 -10 0.0047 
Car -1 -1 -10 1072.10 114.39 1125.67 153.59 -1 -1 -1 -1000 -1000 -1000 -10 0.0046 
Car -1 -1 -10 47.92 46.93 120.05 81.96 -1 -1 -1 -1000 -1000 -1000 -10 0.0035 
Car -1 -1 -10 945.26 259.53 1015.76 290.72 -1 -1 -1 -1000 -1000 -1000 -10 0.0030 
Car -1 -1 -10 4.91 125.85 73.80 161.33 -1 -1 -1 -1000 -1000 -1000 -10 0.0029 
Car -1 -1 -10 1032.90 258.22 1115.19 283.82 -1 -1 -1 -1000 -1000 -1000 -10 0.0029 
Car -1 -1 -10 90.78 106.84 149.93 135.91 -1 -1 -1 -1000 -1000 -1000 -10 0.0023 
Car -1 -1 -10 78.17 80.35 160.76 115.87 -1 -1 -1 -1000 -1000 -1000 -10 0.0022 
Car -1 -1 -10 80.04 76.75 145.05 103.61 -1 -1 -1 -1000 -1000 -1000 -10 0.0015 
Car -1 -1 -10 70.98 61.73 129.15 105.42 -1 -1 -1 -1000 -1000 -1000 -10 0.0014 
Car -1 -1 -10 107.88 113.45 163.64 136.00 -1 -1 -1 -1000 -1000 -1000 -10 0.0013 
Car -1 -1 -10 1056.10 246.07 1121.78 281.78 -1 -1 -1 -1000 -1000 -1000 -10 0.0012 
Car -1 -1 -10 30.79 249.83 91.12 279.93 -1 -1 -1 -1000 -1000 -1000 -10 0.0010 
Car -1 -1 -10 39.59 162.26 102.39 222.58 -1 -1 -1 -1000 -1000 -1000 -10 0.0008 
Car -1 -1 -10 620.95 248.26 687.72 290.93 -1 -1 -1 -1000 -1000 -1000 -10 0.0007 
Car -1 -1 -10 1064.90 179.89 1160.05 209.64 -1 -1 -1 -1000 -1000 -1000 -10 0.0007 
Car -1 -1 -10 449.83 115.41 492.01 141.48 -1 -1 -1 -1000 -1000 -1000 -10 0.0005 
Car -1 -1 -10 241.93 50.23 301.70 73.77 -1 -1 -1 -1000 -1000 -1000 -10 0.0005 
Car -1 -1 -10 425.86 124.38 473.84 147.08 -1 -1 -1 -1000 -1000 -1000 -10 0.0005 
Car -1 -1 -10 260.84 54.59 311.38 85.79 -1 -1 -1 -1000 -1000 -1000 -10 0.0005 
Car -1 -1 -10 298.44 86.47 368.25 116.52 -1 -1 -1 -1000 -1000 -1000 -10 0.0005 
Car -1 -1 -10 1005.70 306.21 1090.84 346.27 -1 -1 -1 -1000 -1000 -1000 -10 0.0004 
Car -1 -1 -10 27.56 133.65 137.70 173.27 -1 -1 -1 -1000 -1000 -1000 -10 0.0004 
Car -1 -1 -10 209.02 110.96 275.05 138.05 -1 -1 -1 -1000 -1000 -1000 -10 0.0003 
Car -1 -1 -10 122.51 121.73 182.23 147.64 -1 -1 -1 -1000 -1000 -1000 -10 0.0003 
Car -1 -1 -10 85.47 90.42 153.20 123.59 -1 -1 -1 -1000 -1000 -1000 -10 0.0003 
Car -1 -1 -10 942.31 326.20 1003.79 351.33 -1 -1 -1 -1000 -1000 -1000 -10 0.0003 
Car -1 -1 -10 131.31 115.38 182.34 136.32 -1 -1 -1 -1000 -1000 -1000 -10 0.0003 
Car -1 -1 -10 993.94 322.18 1054.09 352.70 -1 -1 -1 -1000 -1000 -1000 -10 0.0003 
Car -1 -1 -10 1105.00 24.23 1207.86 68.70 -1 -1 -1 -1000 -1000 -1000 -10 0.0002 
Car -1 -1 -10 136.08 109.56 188.55 130.48 -1 -1 -1 -1000 -1000 -1000 -10 0.0002 
Car -1 -1 -10 324.67 145.07 376.20 164.17 -1 -1 -1 -1000 -1000 -1000 -10 0.0002 
Car -1 -1 -10 409.63 130.63 472.20 152.32 -1 -1 -1 -1000 -1000 -1000 -10 0.0002 
Car -1 -1 -10 985.31 280.14 1053.45 315.72 -1 -1 -1 -1000 -1000 -1000 -10 0.0001 
Car -1 -1 -10 415.51 113.93 485.12 147.90 -1 -1 -1 -1000 -1000 -1000 -10 0.0001 
Car -1 -1 -10 195.50 115.77 269.43 146.88 -1 -1 -1 -1000 -1000 -1000 -10 0.0001 
Car -1 -1 -10 992.94 296.03 1050.28 325.12 -1 -1 -1 -1000 -1000 -1000 -10 0.0001 
Car -1 -1 -10 564.56 173.43 606.72 200.24 -1 -1 -1 -1000 -1000 -1000 -10 0.0001 
Car -1 -1 -10 296.45 73.32 361.66 90.92 -1 -1 -1 -1000 -1000 -1000 -10 0.0000 
Car -1 -1 -10 992.72 330.25 1111.39 355.44 -1 -1 -1 -1000 -1000 -1000 -10 0.0000 
Car -1 -1 -10 332.13 97.43 425.69 135.52 -1 -1 -1 -1000 -1000 -1000 -10 0.0000 
Car -1 -1 -10 616.23 194.94 666.64 219.13 -1 -1 -1 -1000 -1000 -1000 -10 0.0000 
Car -1 -1 -10 548.23 176.16 583.07 198.38 -1 -1 -1 -1000 -1000 -1000 -10 0.0000 
