Car -1 -1 -10 339.44 183.25 430.41 216.16 -1 -1 -1 -1000 -1000 -1000 -10 1.0000 
Car -1 -1 -10 424.72 182.38 482.43 230.59 -1 -1 -1 -1000 -1000 -1000 -10 1.0000 
Car -1 -1 -10 624.54 173.05 701.42 197.24 -1 -1 -1 -1000 -1000 -1000 -10 0.9990 
Car -1 -1 -10 514.07 173.75 586.96 201.74 -1 -1 -1 -1000 -1000 -1000 -10 0.9435 
Car -1 -1 -10 0.00 182.95 115.53 252.83 -1 -1 -1 -1000 -1000 -1000 -10 0.8715 
Car -1 -1 -10 414.91 175.37 478.86 210.59 -1 -1 -1 -1000 -1000 -1000 -10 0.0004 
Car -1 -1 -10 931.16 203.43 1007.70 218.80 -1 -1 -1 -1000 -1000 -1000 -10 0.0004 
Car -1 -1 -10 0.00 129.47 112.94 155.53 -1 -1 -1 -1000 -1000 -1000 -10 0.0003 
Car -1 -1 -10 436.71 153.65 513.63 202.49 -1 -1 -1 -1000 -1000 -1000 -10 0.0003 
Car -1 -1 -10 80.02 136.68 195.84 163.96 -1 -1 -1 -1000 -1000 -1000 -10 0.0001 
Car -1 -1 -10 12.27 55.55 85.31 97.97 -1 -1 -1 -1000 -1000 -1000 -10 0.0001 
Car -1 -1 -10 61.16 145.37 135.72 180.51 -1 -1 -1 -1000 -1000 -1000 -10 0.0000 
Car -1 -1 -10 417.88 185.60 448.11 215.48 -1 -1 -1 -1000 -1000 -1000 -10 0.0000 
Car -1 -1 -10 9.32 149.90 72.79 169.18 -1 -1 -1 -1000 -1000 -1000 -10 0.0000 
Car -1 -1 -10 46.51 143.21 124.84 164.56 -1 -1 -1 -1000 -1000 -1000 -10 0.0000 
Car -1 -1 -10 78.26 140.12 166.45 175.42 -1 -1 -1 -1000 -1000 -1000 -10 0.0000 
Car -1 -1 -10 63.80 133.90 149.42 157.19 -1 -1 -1 -1000 -1000 -1000 -10 0.0000 
Car -1 -1 -10 155.94 167.05 243.48 211.14 -1 -1 -1 -1000 -1000 -1000 -10 0.0000 
Car -1 -1 -10 79.86 123.49 182.31 156.64 -1 -1 -1 -1000 -1000 -1000 -10 0.0000 
