Car -1 -1 -10 788.60 179.69 1123.91 366.20 -1 -1 -1 -1000 -1000 -1000 -10 0.9999 
Car -1 -1 -10 467.91 176.42 524.20 205.54 -1 -1 -1 -1000 -1000 -1000 -10 0.9998 
Car -1 -1 -10 87.29 180.53 324.56 310.10 -1 -1 -1 -1000 -1000 -1000 -10 0.9992 
Car -1 -1 -10 359.88 176.97 413.44 202.99 -1 -1 -1 -1000 -1000 -1000 -10 0.9816 
Car -1 -1 -10 659.66 168.39 725.77 187.89 -1 -1 -1 -1000 -1000 -1000 -10 0.3652 
Car -1 -1 -10 574.30 167.38 635.22 193.49 -1 -1 -1 -1000 -1000 -1000 -10 0.0386 
Car -1 -1 -10 144.09 177.78 209.40 207.23 -1 -1 -1 -1000 -1000 -1000 -10 0.0302 
Car -1 -1 -10 185.26 174.41 268.06 211.85 -1 -1 -1 -1000 -1000 -1000 -10 0.0268 
Car -1 -1 -10 553.25 168.09 582.87 194.04 -1 -1 -1 -1000 -1000 -1000 -10 0.0169 
Car -1 -1 -10 562.37 168.32 607.42 194.27 -1 -1 -1 -1000 -1000 -1000 -10 0.0061 
Car -1 -1 -10 164.13 173.18 280.19 235.41 -1 -1 -1 -1000 -1000 -1000 -10 0.0036 
Car -1 -1 -10 1013.00 190.87 1071.89 212.61 -1 -1 -1 -1000 -1000 -1000 -10 0.0011 
Car -1 -1 -10 127.53 178.30 299.52 267.35 -1 -1 -1 -1000 -1000 -1000 -10 0.0007 
Car -1 -1 -10 788.44 233.72 869.21 268.74 -1 -1 -1 -1000 -1000 -1000 -10 0.0006 
Car -1 -1 -10 65.85 111.43 156.98 139.87 -1 -1 -1 -1000 -1000 -1000 -10 0.0002 
Car -1 -1 -10 1041.60 109.99 1093.96 138.54 -1 -1 -1 -1000 -1000 -1000 -10 0.0002 
Car -1 -1 -10 198.89 35.00 265.35 61.67 -1 -1 -1 -1000 -1000 -1000 -10 0.0002 
Car -1 -1 -10 208.98 182.94 326.35 292.88 -1 -1 -1 -1000 -1000 -1000 -10 0.0001 
Car -1 -1 -10 25.42 135.36 87.58 161.58 -1 -1 -1 -1000 -1000 -1000 -10 0.0001 
Car -1 -1 -10 586.93 150.41 652.54 192.01 -1 -1 -1 -1000 -1000 -1000 -10 0.0001 
Car -1 -1 -10 1024.00 187.36 1088.46 227.97 -1 -1 -1 -1000 -1000 -1000 -10 0.0001 
Car -1 -1 -10 99.59 139.40 171.17 165.98 -1 -1 -1 -1000 -1000 -1000 -10 0.0001 
Car -1 -1 -10 245.60 186.90 319.29 250.47 -1 -1 -1 -1000 -1000 -1000 -10 0.0001 
Car -1 -1 -10 253.93 176.61 308.08 204.49 -1 -1 -1 -1000 -1000 -1000 -10 0.0000 
Car -1 -1 -10 135.55 176.71 193.82 227.30 -1 -1 -1 -1000 -1000 -1000 -10 0.0000 
Car -1 -1 -10 140.95 21.03 218.31 47.91 -1 -1 -1 -1000 -1000 -1000 -10 0.0000 
Car -1 -1 -10 129.93 193.23 226.80 235.94 -1 -1 -1 -1000 -1000 -1000 -10 0.0000 
Car -1 -1 -10 119.88 204.18 223.24 254.62 -1 -1 -1 -1000 -1000 -1000 -10 0.0000 
Car -1 -1 -10 41.08 202.23 204.51 277.60 -1 -1 -1 -1000 -1000 -1000 -10 0.0000 
Car -1 -1 -10 196.80 45.57 295.86 86.66 -1 -1 -1 -1000 -1000 -1000 -10 0.0000 
Car -1 -1 -10 991.02 183.05 1134.79 233.55 -1 -1 -1 -1000 -1000 -1000 -10 0.0000 
Car -1 -1 -10 125.60 206.51 190.75 242.28 -1 -1 -1 -1000 -1000 -1000 -10 0.0000 
Car -1 -1 -10 1004.60 110.74 1153.79 153.78 -1 -1 -1 -1000 -1000 -1000 -10 0.0000 
Car -1 -1 -10 245.23 177.17 287.64 202.21 -1 -1 -1 -1000 -1000 -1000 -10 0.0000 
Car -1 -1 -10 814.95 201.80 866.83 240.98 -1 -1 -1 -1000 -1000 -1000 -10 0.0000 
Car -1 -1 -10 815.49 194.12 927.41 252.03 -1 -1 -1 -1000 -1000 -1000 -10 0.0000 
Car -1 -1 -10 792.82 206.86 900.50 304.94 -1 -1 -1 -1000 -1000 -1000 -10 0.0000 
Car -1 -1 -10 1024.50 240.96 1118.75 338.14 -1 -1 -1 -1000 -1000 -1000 -10 0.0000 
