Car -1 -1 -10 672.43 175.68 724.43 200.45 -1 -1 -1 -1000 -1000 -1000 -10 0.0223 
Car -1 -1 -10 1133.50 225.11 1225.00 257.26 -1 -1 -1 -1000 -1000 -1000 -10 0.0143 
Car -1 -1 -10 1135.40 279.13 1225.03 321.18 -1 -1 -1 -1000 -1000 -1000 -10 0.0087 
Car -1 -1 -10 1171.00 225.22 1224.96 246.01 -1 -1 -1 -1000 -1000 -1000 -10 0.0060 
Car -1 -1 -10 942.00 148.38 1030.07 188.88 -1 -1 -1 -1000 -1000 -1000 -10 0.0005 
Car -1 -1 -10 840.62 120.67 934.44 156.03 -1 -1 -1 -1000 -1000 -1000 -10 0.0003 
Car -1 -1 -10 1080.20 72.08 1164.82 124.09 -1 -1 -1 -1000 -1000 -1000 -10 0.0003 
Car -1 -1 -10 997.78 92.12 1112.53 131.28 -1 -1 -1 -1000 -1000 -1000 -10 0.0002 
Car -1 -1 -10 1188.10 268.26 1225.04 325.83 -1 -1 -1 -1000 -1000 -1000 -10 0.0002 
Car -1 -1 -10 965.91 100.99 1045.61 131.84 -1 -1 -1 -1000 -1000 -1000 -10 0.0002 
Car -1 -1 -10 537.45 207.05 599.16 242.51 -1 -1 -1 -1000 -1000 -1000 -10 0.0001 
Car -1 -1 -10 998.15 121.61 1082.62 153.66 -1 -1 -1 -1000 -1000 -1000 -10 0.0001 
Car -1 -1 -10 972.83 98.04 1084.46 139.44 -1 -1 -1 -1000 -1000 -1000 -10 0.0001 
Car -1 -1 -10 850.33 119.12 919.76 142.41 -1 -1 -1 -1000 -1000 -1000 -10 0.0001 
Car -1 -1 -10 985.53 121.27 1051.37 161.00 -1 -1 -1 -1000 -1000 -1000 -10 0.0001 
Car -1 -1 -10 974.01 151.23 1081.74 202.71 -1 -1 -1 -1000 -1000 -1000 -10 0.0000 
Car -1 -1 -10 139.30 157.72 208.40 192.60 -1 -1 -1 -1000 -1000 -1000 -10 0.0000 
Car -1 -1 -10 879.08 123.09 959.92 164.20 -1 -1 -1 -1000 -1000 -1000 -10 0.0000 
Car -1 -1 -10 917.21 121.53 998.55 156.27 -1 -1 -1 -1000 -1000 -1000 -10 0.0000 
Car -1 -1 -10 958.53 104.71 1037.78 153.04 -1 -1 -1 -1000 -1000 -1000 -10 0.0000 
Car -1 -1 -10 140.78 143.72 199.76 183.80 -1 -1 -1 -1000 -1000 -1000 -10 0.0000 
Car -1 -1 -10 515.87 27.98 604.55 74.97 -1 -1 -1 -1000 -1000 -1000 -10 0.0000 
Car -1 -1 -10 879.97 118.52 952.96 145.93 -1 -1 -1 -1000 -1000 -1000 -10 0.0000 
Car -1 -1 -10 936.24 116.98 1020.02 143.64 -1 -1 -1 -1000 -1000 -1000 -10 0.0000 
Car -1 -1 -10 897.62 110.76 978.95 156.59 -1 -1 -1 -1000 -1000 -1000 -10 0.0000 
Car -1 -1 -10 0.00 12.31 127.66 110.75 -1 -1 -1 -1000 -1000 -1000 -10 0.0000 
Car -1 -1 -10 907.03 102.73 986.45 135.58 -1 -1 -1 -1000 -1000 -1000 -10 0.0000 
Car -1 -1 -10 540.36 48.42 798.51 84.08 -1 -1 -1 -1000 -1000 -1000 -10 0.0000 
Car -1 -1 -10 870.88 106.25 951.13 136.23 -1 -1 -1 -1000 -1000 -1000 -10 0.0000 
