Car -1 -1 -10 344.10 184.53 452.99 264.36 -1 -1 -1 -1000 -1000 -1000 -10 0.9999 
Car -1 -1 -10 617.74 173.37 703.68 200.09 -1 -1 -1 -1000 -1000 -1000 -10 0.9998 
Car -1 -1 -10 500.39 175.58 579.14 205.62 -1 -1 -1 -1000 -1000 -1000 -10 0.9993 
Car -1 -1 -10 118.00 181.07 222.95 220.10 -1 -1 -1 -1000 -1000 -1000 -10 0.2434 
Car -1 -1 -10 329.66 170.37 383.55 206.36 -1 -1 -1 -1000 -1000 -1000 -10 0.0284 
Car -1 -1 -10 328.69 158.70 435.66 208.04 -1 -1 -1 -1000 -1000 -1000 -10 0.0024 
Car -1 -1 -10 350.45 186.74 431.17 217.59 -1 -1 -1 -1000 -1000 -1000 -10 0.0005 
Car -1 -1 -10 1030.50 209.62 1113.12 236.74 -1 -1 -1 -1000 -1000 -1000 -10 0.0004 
Car -1 -1 -10 726.52 101.76 789.86 136.05 -1 -1 -1 -1000 -1000 -1000 -10 0.0003 
Car -1 -1 -10 10.58 136.73 92.42 160.70 -1 -1 -1 -1000 -1000 -1000 -10 0.0002 
Car -1 -1 -10 29.99 161.21 118.00 190.33 -1 -1 -1 -1000 -1000 -1000 -10 0.0001 
Car -1 -1 -10 387.38 189.74 446.34 220.37 -1 -1 -1 -1000 -1000 -1000 -10 0.0001 
Car -1 -1 -10 0.00 101.09 75.43 157.63 -1 -1 -1 -1000 -1000 -1000 -10 0.0000 
Car -1 -1 -10 338.95 176.19 406.56 216.84 -1 -1 -1 -1000 -1000 -1000 -10 0.0000 
Car -1 -1 -10 22.22 145.27 92.36 180.77 -1 -1 -1 -1000 -1000 -1000 -10 0.0000 
Car -1 -1 -10 50.05 144.45 159.43 188.32 -1 -1 -1 -1000 -1000 -1000 -10 0.0000 
Car -1 -1 -10 39.20 139.54 117.61 165.35 -1 -1 -1 -1000 -1000 -1000 -10 0.0000 
