Car -1 -1 -10 490.67 173.63 580.31 255.62 -1 -1 -1 -1000 -1000 -1000 -10 1.0000 
Car -1 -1 -10 166.34 191.68 445.91 360.66 -1 -1 -1 -1000 -1000 -1000 -10 0.9999 
Car -1 -1 -10 404.62 180.45 475.87 220.81 -1 -1 -1 -1000 -1000 -1000 -10 0.9999 
Car -1 -1 -10 600.20 173.91 642.12 217.42 -1 -1 -1 -1000 -1000 -1000 -10 0.9995 
Car -1 -1 -10 574.00 174.79 614.69 207.50 -1 -1 -1 -1000 -1000 -1000 -10 0.0441 
Car -1 -1 -10 39.01 99.07 115.11 124.99 -1 -1 -1 -1000 -1000 -1000 -10 0.0144 
Car -1 -1 -10 455.58 93.76 498.53 118.42 -1 -1 -1 -1000 -1000 -1000 -10 0.0102 
Car -1 -1 -10 386.44 72.53 447.39 107.37 -1 -1 -1 -1000 -1000 -1000 -10 0.0020 
Car -1 -1 -10 363.01 41.63 413.66 66.28 -1 -1 -1 -1000 -1000 -1000 -10 0.0019 
Car -1 -1 -10 912.69 334.33 981.98 359.16 -1 -1 -1 -1000 -1000 -1000 -10 0.0014 
Car -1 -1 -10 335.40 70.42 418.33 107.07 -1 -1 -1 -1000 -1000 -1000 -10 0.0013 
Car -1 -1 -10 132.95 29.93 193.82 64.23 -1 -1 -1 -1000 -1000 -1000 -10 0.0012 
Car -1 -1 -10 345.42 40.08 393.00 72.39 -1 -1 -1 -1000 -1000 -1000 -10 0.0011 
Car -1 -1 -10 155.86 62.37 211.66 97.01 -1 -1 -1 -1000 -1000 -1000 -10 0.0011 
Car -1 -1 -10 1129.10 248.03 1200.04 274.12 -1 -1 -1 -1000 -1000 -1000 -10 0.0010 
Car -1 -1 -10 465.81 89.84 510.91 115.33 -1 -1 -1 -1000 -1000 -1000 -10 0.0009 
Car -1 -1 -10 368.48 81.89 432.04 114.87 -1 -1 -1 -1000 -1000 -1000 -10 0.0009 
Car -1 -1 -10 378.55 46.22 424.44 71.86 -1 -1 -1 -1000 -1000 -1000 -10 0.0008 
Car -1 -1 -10 892.04 325.55 942.33 355.79 -1 -1 -1 -1000 -1000 -1000 -10 0.0008 
Car -1 -1 -10 362.50 201.78 423.25 245.31 -1 -1 -1 -1000 -1000 -1000 -10 0.0007 
Car -1 -1 -10 698.74 264.50 746.99 289.93 -1 -1 -1 -1000 -1000 -1000 -10 0.0007 
Car -1 -1 -10 709.95 251.27 757.04 279.75 -1 -1 -1 -1000 -1000 -1000 -10 0.0007 
Car -1 -1 -10 333.65 47.11 383.22 78.80 -1 -1 -1 -1000 -1000 -1000 -10 0.0006 
Car -1 -1 -10 457.20 93.63 523.42 126.26 -1 -1 -1 -1000 -1000 -1000 -10 0.0006 
Car -1 -1 -10 1.21 48.10 48.85 72.39 -1 -1 -1 -1000 -1000 -1000 -10 0.0005 
Car -1 -1 -10 726.58 245.70 778.29 271.08 -1 -1 -1 -1000 -1000 -1000 -10 0.0005 
Car -1 -1 -10 350.95 47.98 408.80 79.16 -1 -1 -1 -1000 -1000 -1000 -10 0.0004 
Car -1 -1 -10 391.54 61.09 465.37 101.45 -1 -1 -1 -1000 -1000 -1000 -10 0.0003 
Car -1 -1 -10 678.17 249.96 747.12 273.03 -1 -1 -1 -1000 -1000 -1000 -10 0.0003 
Car -1 -1 -10 409.60 69.76 477.94 104.73 -1 -1 -1 -1000 -1000 -1000 -10 0.0002 
Car -1 -1 -10 137.24 31.99 217.31 83.30 -1 -1 -1 -1000 -1000 -1000 -10 0.0002 
Car -1 -1 -10 880.20 265.31 1003.47 317.62 -1 -1 -1 -1000 -1000 -1000 -10 0.0002 
Car -1 -1 -10 111.61 34.71 169.29 64.70 -1 -1 -1 -1000 -1000 -1000 -10 0.0001 
Car -1 -1 -10 347.59 197.87 408.51 225.27 -1 -1 -1 -1000 -1000 -1000 -10 0.0001 
Car -1 -1 -10 495.02 177.23 576.21 221.46 -1 -1 -1 -1000 -1000 -1000 -10 0.0001 
Car -1 -1 -10 164.70 67.96 240.23 108.32 -1 -1 -1 -1000 -1000 -1000 -10 0.0001 
Car -1 -1 -10 412.79 55.47 478.85 89.77 -1 -1 -1 -1000 -1000 -1000 -10 0.0001 
Car -1 -1 -10 654.13 183.75 706.51 205.49 -1 -1 -1 -1000 -1000 -1000 -10 0.0001 
Car -1 -1 -10 293.22 198.51 424.25 248.12 -1 -1 -1 -1000 -1000 -1000 -10 0.0000 
Car -1 -1 -10 233.14 179.98 273.57 201.72 -1 -1 -1 -1000 -1000 -1000 -10 0.0000 
Car -1 -1 -10 6.74 165.53 62.01 198.19 -1 -1 -1 -1000 -1000 -1000 -10 0.0000 
Car -1 -1 -10 653.61 183.92 734.21 214.63 -1 -1 -1 -1000 -1000 -1000 -10 0.0000 
Car -1 -1 -10 274.46 194.67 436.43 320.09 -1 -1 -1 -1000 -1000 -1000 -10 0.0000 
Car -1 -1 -10 878.99 314.41 959.84 361.59 -1 -1 -1 -1000 -1000 -1000 -10 0.0000 
Car -1 -1 -10 226.36 215.66 343.42 279.21 -1 -1 -1 -1000 -1000 -1000 -10 0.0000 
Car -1 -1 -10 399.57 191.48 425.36 222.60 -1 -1 -1 -1000 -1000 -1000 -10 0.0000 
Car -1 -1 -10 526.73 175.99 589.07 217.14 -1 -1 -1 -1000 -1000 -1000 -10 0.0000 
Car -1 -1 -10 204.21 179.95 282.35 205.13 -1 -1 -1 -1000 -1000 -1000 -10 0.0000 
Car -1 -1 -10 627.82 170.95 654.68 193.73 -1 -1 -1 -1000 -1000 -1000 -10 0.0000 
