Car -1 -1 -10 918.15 181.99 1214.16 295.54 -1 -1 -1 -1000 -1000 -1000 -10 0.9998 
Car -1 -1 -10 662.43 184.90 734.55 234.14 -1 -1 -1 -1000 -1000 -1000 -10 0.9997 
Car -1 -1 -10 635.25 182.21 688.22 216.78 -1 -1 -1 -1000 -1000 -1000 -10 0.9958 
Car -1 -1 -10 449.01 179.28 527.81 218.11 -1 -1 -1 -1000 -1000 -1000 -10 0.9750 
Car -1 -1 -10 274.58 189.32 455.41 250.27 -1 -1 -1 -1000 -1000 -1000 -10 0.9533 
Car -1 -1 -10 378.73 185.59 486.63 230.29 -1 -1 -1 -1000 -1000 -1000 -10 0.4244 
Car -1 -1 -10 507.95 178.17 556.89 205.30 -1 -1 -1 -1000 -1000 -1000 -10 0.1232 
Car -1 -1 -10 140.02 190.47 349.81 289.05 -1 -1 -1 -1000 -1000 -1000 -10 0.0303 
Car -1 -1 -10 0.00 144.27 286.65 376.00 -1 -1 -1 -1000 -1000 -1000 -10 0.0289 
Car -1 -1 -10 1207.00 49.60 1242.99 87.23 -1 -1 -1 -1000 -1000 -1000 -10 0.0269 
Car -1 -1 -10 357.91 185.79 456.07 245.87 -1 -1 -1 -1000 -1000 -1000 -10 0.0102 
Car -1 -1 -10 1209.60 104.70 1243.04 134.30 -1 -1 -1 -1000 -1000 -1000 -10 0.0081 
Car -1 -1 -10 419.11 184.21 497.20 219.82 -1 -1 -1 -1000 -1000 -1000 -10 0.0080 
Car -1 -1 -10 56.76 88.73 114.39 120.38 -1 -1 -1 -1000 -1000 -1000 -10 0.0017 
Car -1 -1 -10 697.19 40.24 752.08 73.21 -1 -1 -1 -1000 -1000 -1000 -10 0.0016 
Car -1 -1 -10 1143.80 114.09 1206.80 145.17 -1 -1 -1 -1000 -1000 -1000 -10 0.0015 
Car -1 -1 -10 447.39 180.06 498.39 208.29 -1 -1 -1 -1000 -1000 -1000 -10 0.0013 
Car -1 -1 -10 666.08 59.97 733.83 96.54 -1 -1 -1 -1000 -1000 -1000 -10 0.0013 
Car -1 -1 -10 931.03 312.00 987.97 335.03 -1 -1 -1 -1000 -1000 -1000 -10 0.0012 
Car -1 -1 -10 1169.10 104.50 1242.98 155.18 -1 -1 -1 -1000 -1000 -1000 -10 0.0010 
Car -1 -1 -10 1190.50 85.37 1242.95 135.24 -1 -1 -1 -1000 -1000 -1000 -10 0.0009 
Car -1 -1 -10 1166.90 61.83 1230.73 86.56 -1 -1 -1 -1000 -1000 -1000 -10 0.0009 
Car -1 -1 -10 679.16 52.83 741.00 87.55 -1 -1 -1 -1000 -1000 -1000 -10 0.0009 
Car -1 -1 -10 1052.10 90.40 1129.22 138.27 -1 -1 -1 -1000 -1000 -1000 -10 0.0008 
Car -1 -1 -10 650.95 62.03 711.93 101.16 -1 -1 -1 -1000 -1000 -1000 -10 0.0008 
Car -1 -1 -10 1189.40 30.28 1242.95 90.07 -1 -1 -1 -1000 -1000 -1000 -10 0.0007 
Car -1 -1 -10 1116.20 195.30 1213.30 275.19 -1 -1 -1 -1000 -1000 -1000 -10 0.0007 
Car -1 -1 -10 1061.00 184.55 1223.70 301.07 -1 -1 -1 -1000 -1000 -1000 -10 0.0007 
Car -1 -1 -10 304.01 190.11 408.61 225.86 -1 -1 -1 -1000 -1000 -1000 -10 0.0006 
Car -1 -1 -10 923.99 310.61 968.82 331.80 -1 -1 -1 -1000 -1000 -1000 -10 0.0006 
Car -1 -1 -10 746.09 67.36 811.47 93.48 -1 -1 -1 -1000 -1000 -1000 -10 0.0006 
Car -1 -1 -10 385.57 184.33 468.51 213.60 -1 -1 -1 -1000 -1000 -1000 -10 0.0005 
Car -1 -1 -10 42.90 61.74 136.66 117.89 -1 -1 -1 -1000 -1000 -1000 -10 0.0005 
Car -1 -1 -10 1148.90 121.36 1223.69 165.40 -1 -1 -1 -1000 -1000 -1000 -10 0.0005 
Car -1 -1 -10 48.12 75.85 109.20 109.29 -1 -1 -1 -1000 -1000 -1000 -10 0.0005 
Car -1 -1 -10 1190.10 114.19 1243.00 148.68 -1 -1 -1 -1000 -1000 -1000 -10 0.0005 
Car -1 -1 -10 218.05 191.80 377.38 264.92 -1 -1 -1 -1000 -1000 -1000 -10 0.0004 
Car -1 -1 -10 52.98 52.96 127.74 88.83 -1 -1 -1 -1000 -1000 -1000 -10 0.0004 
Car -1 -1 -10 629.27 180.11 651.17 201.56 -1 -1 -1 -1000 -1000 -1000 -10 0.0004 
Car -1 -1 -10 1185.10 128.42 1242.98 162.49 -1 -1 -1 -1000 -1000 -1000 -10 0.0004 
Car -1 -1 -10 1090.70 109.39 1189.01 146.03 -1 -1 -1 -1000 -1000 -1000 -10 0.0004 
Car -1 -1 -10 1134.20 101.19 1203.19 131.88 -1 -1 -1 -1000 -1000 -1000 -10 0.0004 
Car -1 -1 -10 949.25 313.84 995.90 343.90 -1 -1 -1 -1000 -1000 -1000 -10 0.0004 
Car -1 -1 -10 1180.90 144.34 1242.98 177.04 -1 -1 -1 -1000 -1000 -1000 -10 0.0003 
Car -1 -1 -10 946.13 185.85 1139.78 248.31 -1 -1 -1 -1000 -1000 -1000 -10 0.0003 
Car -1 -1 -10 1157.20 86.80 1232.09 126.17 -1 -1 -1 -1000 -1000 -1000 -10 0.0003 
Car -1 -1 -10 1147.70 70.27 1233.43 108.03 -1 -1 -1 -1000 -1000 -1000 -10 0.0003 
Car -1 -1 -10 196.57 20.90 283.95 56.09 -1 -1 -1 -1000 -1000 -1000 -10 0.0002 
Car -1 -1 -10 766.57 56.77 823.33 82.09 -1 -1 -1 -1000 -1000 -1000 -10 0.0002 
Car -1 -1 -10 55.76 85.07 157.78 136.16 -1 -1 -1 -1000 -1000 -1000 -10 0.0002 
Car -1 -1 -10 1150.60 95.79 1223.77 143.95 -1 -1 -1 -1000 -1000 -1000 -10 0.0002 
Car -1 -1 -10 913.62 309.54 953.92 328.92 -1 -1 -1 -1000 -1000 -1000 -10 0.0002 
Car -1 -1 -10 497.45 179.47 536.31 210.11 -1 -1 -1 -1000 -1000 -1000 -10 0.0002 
Car -1 -1 -10 1192.80 60.75 1242.97 101.01 -1 -1 -1 -1000 -1000 -1000 -10 0.0002 
Car -1 -1 -10 673.89 71.63 747.14 111.06 -1 -1 -1 -1000 -1000 -1000 -10 0.0002 
Car -1 -1 -10 972.10 186.67 1105.88 231.40 -1 -1 -1 -1000 -1000 -1000 -10 0.0001 
Car -1 -1 -10 661.06 32.17 730.41 78.20 -1 -1 -1 -1000 -1000 -1000 -10 0.0001 
Car -1 -1 -10 27.55 84.52 105.52 121.42 -1 -1 -1 -1000 -1000 -1000 -10 0.0001 
Car -1 -1 -10 1103.70 121.01 1207.39 159.71 -1 -1 -1 -1000 -1000 -1000 -10 0.0001 
Car -1 -1 -10 430.57 73.95 487.81 102.01 -1 -1 -1 -1000 -1000 -1000 -10 0.0001 
Car -1 -1 -10 644.44 43.71 724.36 92.94 -1 -1 -1 -1000 -1000 -1000 -10 0.0001 
Car -1 -1 -10 1020.40 34.71 1117.44 69.80 -1 -1 -1 -1000 -1000 -1000 -10 0.0000 
Car -1 -1 -10 915.10 201.21 990.50 259.23 -1 -1 -1 -1000 -1000 -1000 -10 0.0000 
Car -1 -1 -10 1170.40 182.59 1242.95 214.54 -1 -1 -1 -1000 -1000 -1000 -10 0.0000 
Car -1 -1 -10 1002.20 186.60 1164.82 273.77 -1 -1 -1 -1000 -1000 -1000 -10 0.0000 
Car -1 -1 -10 1015.10 33.97 1064.96 59.48 -1 -1 -1 -1000 -1000 -1000 -10 0.0000 
