Car -1 -1 -10 356.84 185.05 472.42 218.14 -1 -1 -1 -1000 -1000 -1000 -10 0.9999 
Car -1 -1 -10 285.28 182.71 339.47 208.68 -1 -1 -1 -1000 -1000 -1000 -10 0.9135 
Car -1 -1 -10 619.34 214.02 676.63 240.51 -1 -1 -1 -1000 -1000 -1000 -10 0.0354 
Car -1 -1 -10 321.27 184.92 373.28 205.82 -1 -1 -1 -1000 -1000 -1000 -10 0.0098 
Car -1 -1 -10 89.58 207.65 143.68 244.33 -1 -1 -1 -1000 -1000 -1000 -10 0.0063 
Car -1 -1 -10 89.88 188.52 141.94 229.03 -1 -1 -1 -1000 -1000 -1000 -10 0.0026 
Car -1 -1 -10 831.90 317.56 898.83 342.82 -1 -1 -1 -1000 -1000 -1000 -10 0.0010 
Car -1 -1 -10 605.63 217.26 684.75 250.16 -1 -1 -1 -1000 -1000 -1000 -10 0.0009 
Car -1 -1 -10 978.72 310.59 1039.99 333.92 -1 -1 -1 -1000 -1000 -1000 -10 0.0009 
Car -1 -1 -10 89.26 167.25 150.90 202.11 -1 -1 -1 -1000 -1000 -1000 -10 0.0009 
Car -1 -1 -10 3.17 181.05 68.13 227.71 -1 -1 -1 -1000 -1000 -1000 -10 0.0006 
Car -1 -1 -10 1068.60 290.69 1161.88 326.61 -1 -1 -1 -1000 -1000 -1000 -10 0.0004 
Car -1 -1 -10 637.28 207.82 697.19 239.13 -1 -1 -1 -1000 -1000 -1000 -10 0.0004 
Car -1 -1 -10 836.20 300.59 910.48 333.78 -1 -1 -1 -1000 -1000 -1000 -10 0.0004 
Car -1 -1 -10 240.46 183.27 320.79 207.40 -1 -1 -1 -1000 -1000 -1000 -10 0.0003 
Car -1 -1 -10 826.35 282.85 911.33 311.96 -1 -1 -1 -1000 -1000 -1000 -10 0.0001 
Car -1 -1 -10 207.17 193.81 250.78 220.91 -1 -1 -1 -1000 -1000 -1000 -10 0.0001 
Car -1 -1 -10 564.55 175.65 596.83 191.45 -1 -1 -1 -1000 -1000 -1000 -10 0.0000 
Car -1 -1 -10 226.46 175.53 295.45 213.68 -1 -1 -1 -1000 -1000 -1000 -10 0.0000 
Car -1 -1 -10 625.95 195.45 713.99 245.73 -1 -1 -1 -1000 -1000 -1000 -10 0.0000 
