Car -1 -1 -10 474.88 170.66 547.50 232.59 -1 -1 -1 -1000 -1000 -1000 -10 1.0000 
Car -1 -1 -10 733.49 174.20 1025.22 360.53 -1 -1 -1 -1000 -1000 -1000 -10 0.9997 
Car -1 -1 -10 658.18 167.99 752.16 231.50 -1 -1 -1 -1000 -1000 -1000 -10 0.9988 
Car -1 -1 -10 0.00 192.82 176.20 292.60 -1 -1 -1 -1000 -1000 -1000 -10 0.9465 
Car -1 -1 -10 637.31 165.55 694.01 204.98 -1 -1 -1 -1000 -1000 -1000 -10 0.3854 
Car -1 -1 -10 528.85 174.08 566.57 207.41 -1 -1 -1 -1000 -1000 -1000 -10 0.3596 
Car -1 -1 -10 627.93 165.55 672.92 194.50 -1 -1 -1 -1000 -1000 -1000 -10 0.0611 
Car -1 -1 -10 448.46 273.61 498.37 306.50 -1 -1 -1 -1000 -1000 -1000 -10 0.0187 
Car -1 -1 -10 507.23 274.52 560.86 304.64 -1 -1 -1 -1000 -1000 -1000 -10 0.0170 
Car -1 -1 -10 521.74 270.25 574.19 301.96 -1 -1 -1 -1000 -1000 -1000 -10 0.0164 
Car -1 -1 -10 647.00 168.46 706.93 219.74 -1 -1 -1 -1000 -1000 -1000 -10 0.0108 
Car -1 -1 -10 472.74 273.65 535.04 305.01 -1 -1 -1 -1000 -1000 -1000 -10 0.0103 
Car -1 -1 -10 1130.20 106.41 1183.87 146.93 -1 -1 -1 -1000 -1000 -1000 -10 0.0094 
Car -1 -1 -10 421.15 273.51 478.87 307.37 -1 -1 -1 -1000 -1000 -1000 -10 0.0084 
Car -1 -1 -10 307.50 282.93 364.03 316.78 -1 -1 -1 -1000 -1000 -1000 -10 0.0065 
Car -1 -1 -10 326.94 281.08 384.53 316.82 -1 -1 -1 -1000 -1000 -1000 -10 0.0059 
Car -1 -1 -10 378.31 282.06 431.02 311.67 -1 -1 -1 -1000 -1000 -1000 -10 0.0054 
Car -1 -1 -10 396.05 283.78 449.18 312.29 -1 -1 -1 -1000 -1000 -1000 -10 0.0036 
Car -1 -1 -10 457.36 264.11 515.82 302.47 -1 -1 -1 -1000 -1000 -1000 -10 0.0030 
Car -1 -1 -10 358.17 277.44 411.37 312.64 -1 -1 -1 -1000 -1000 -1000 -10 0.0021 
Car -1 -1 -10 536.75 265.59 593.89 299.82 -1 -1 -1 -1000 -1000 -1000 -10 0.0018 
Car -1 -1 -10 432.19 260.99 489.49 304.17 -1 -1 -1 -1000 -1000 -1000 -10 0.0012 
Car -1 -1 -10 855.55 121.46 969.86 174.33 -1 -1 -1 -1000 -1000 -1000 -10 0.0010 
Car -1 -1 -10 607.55 272.42 661.88 305.14 -1 -1 -1 -1000 -1000 -1000 -10 0.0010 
Car -1 -1 -10 510.43 258.88 565.32 300.04 -1 -1 -1 -1000 -1000 -1000 -10 0.0009 
Car -1 -1 -10 1174.30 109.22 1230.14 148.76 -1 -1 -1 -1000 -1000 -1000 -10 0.0006 
Car -1 -1 -10 777.43 177.91 831.46 203.54 -1 -1 -1 -1000 -1000 -1000 -10 0.0006 
Car -1 -1 -10 765.22 164.27 804.29 202.30 -1 -1 -1 -1000 -1000 -1000 -10 0.0005 
Car -1 -1 -10 400.49 265.96 462.05 306.48 -1 -1 -1 -1000 -1000 -1000 -10 0.0005 
Car -1 -1 -10 1174.70 105.37 1220.38 127.09 -1 -1 -1 -1000 -1000 -1000 -10 0.0004 
Car -1 -1 -10 227.99 290.98 287.20 323.99 -1 -1 -1 -1000 -1000 -1000 -10 0.0004 
Car -1 -1 -10 364.01 269.24 436.97 312.33 -1 -1 -1 -1000 -1000 -1000 -10 0.0004 
Car -1 -1 -10 1186.40 129.24 1242.96 162.27 -1 -1 -1 -1000 -1000 -1000 -10 0.0004 
Car -1 -1 -10 884.59 180.62 1016.71 323.75 -1 -1 -1 -1000 -1000 -1000 -10 0.0004 
Car -1 -1 -10 734.26 181.16 908.14 264.66 -1 -1 -1 -1000 -1000 -1000 -10 0.0002 
Car -1 -1 -10 549.89 172.01 573.30 197.33 -1 -1 -1 -1000 -1000 -1000 -10 0.0002 
Car -1 -1 -10 824.00 172.30 1010.56 278.72 -1 -1 -1 -1000 -1000 -1000 -10 0.0002 
Car -1 -1 -10 893.34 165.07 975.12 195.60 -1 -1 -1 -1000 -1000 -1000 -10 0.0001 
Car -1 -1 -10 878.62 166.83 980.37 217.75 -1 -1 -1 -1000 -1000 -1000 -10 0.0001 
Car -1 -1 -10 738.93 154.03 791.99 204.38 -1 -1 -1 -1000 -1000 -1000 -10 0.0001 
Car -1 -1 -10 82.55 196.45 172.56 261.28 -1 -1 -1 -1000 -1000 -1000 -10 0.0001 
Car -1 -1 -10 892.05 129.89 952.15 164.92 -1 -1 -1 -1000 -1000 -1000 -10 0.0001 
Car -1 -1 -10 1182.90 54.42 1242.90 116.88 -1 -1 -1 -1000 -1000 -1000 -10 0.0001 
Car -1 -1 -10 761.82 178.16 855.31 212.33 -1 -1 -1 -1000 -1000 -1000 -10 0.0001 
Car -1 -1 -10 734.26 171.26 772.58 201.49 -1 -1 -1 -1000 -1000 -1000 -10 0.0001 
Car -1 -1 -10 248.03 278.25 304.32 323.50 -1 -1 -1 -1000 -1000 -1000 -10 0.0001 
Car -1 -1 -10 197.78 237.54 241.18 257.26 -1 -1 -1 -1000 -1000 -1000 -10 0.0001 
Car -1 -1 -10 611.12 256.77 662.20 290.86 -1 -1 -1 -1000 -1000 -1000 -10 0.0001 
Car -1 -1 -10 336.79 267.41 404.63 312.03 -1 -1 -1 -1000 -1000 -1000 -10 0.0001 
Car -1 -1 -10 121.97 195.50 177.92 248.89 -1 -1 -1 -1000 -1000 -1000 -10 0.0001 
Car -1 -1 -10 264.37 272.67 327.43 319.48 -1 -1 -1 -1000 -1000 -1000 -10 0.0001 
Car -1 -1 -10 716.34 181.28 840.87 239.84 -1 -1 -1 -1000 -1000 -1000 -10 0.0000 
Car -1 -1 -10 877.85 168.19 954.81 189.65 -1 -1 -1 -1000 -1000 -1000 -10 0.0000 
Car -1 -1 -10 0.00 195.48 96.93 235.68 -1 -1 -1 -1000 -1000 -1000 -10 0.0000 
Car -1 -1 -10 145.02 186.99 229.49 227.25 -1 -1 -1 -1000 -1000 -1000 -10 0.0000 
Car -1 -1 -10 667.07 177.64 807.78 233.13 -1 -1 -1 -1000 -1000 -1000 -10 0.0000 
Car -1 -1 -10 864.80 141.74 925.08 177.38 -1 -1 -1 -1000 -1000 -1000 -10 0.0000 
Car -1 -1 -10 711.83 172.07 744.86 213.77 -1 -1 -1 -1000 -1000 -1000 -10 0.0000 
Car -1 -1 -10 716.90 185.58 792.45 231.99 -1 -1 -1 -1000 -1000 -1000 -10 0.0000 
Car -1 -1 -10 759.49 180.01 812.22 211.76 -1 -1 -1 -1000 -1000 -1000 -10 0.0000 
Car -1 -1 -10 748.77 173.96 817.68 228.97 -1 -1 -1 -1000 -1000 -1000 -10 0.0000 
Car -1 -1 -10 175.44 116.61 310.94 198.31 -1 -1 -1 -1000 -1000 -1000 -10 0.0000 
