Car -1 -1 -10 692.64 183.60 778.47 251.72 -1 -1 -1 -1000 -1000 -1000 -10 1.0000 
Car -1 -1 -10 636.32 175.75 663.13 201.91 -1 -1 -1 -1000 -1000 -1000 -10 0.9998 
Car -1 -1 -10 725.94 172.94 882.15 229.78 -1 -1 -1 -1000 -1000 -1000 -10 0.9965 
Car -1 -1 -10 129.49 183.26 422.09 278.02 -1 -1 -1 -1000 -1000 -1000 -10 0.9486 
Car -1 -1 -10 266.33 175.50 456.49 257.44 -1 -1 -1 -1000 -1000 -1000 -10 0.6535 
Car -1 -1 -10 349.47 175.24 472.99 240.80 -1 -1 -1 -1000 -1000 -1000 -10 0.4303 
Car -1 -1 -10 60.70 181.14 273.10 305.04 -1 -1 -1 -1000 -1000 -1000 -10 0.1547 
Car -1 -1 -10 406.01 167.94 518.76 214.47 -1 -1 -1 -1000 -1000 -1000 -10 0.0635 
Car -1 -1 -10 0.00 147.18 193.12 355.34 -1 -1 -1 -1000 -1000 -1000 -10 0.0617 
Car -1 -1 -10 975.21 183.84 1243.00 340.52 -1 -1 -1 -1000 -1000 -1000 -10 0.0493 
Car -1 -1 -10 493.99 177.34 548.86 207.67 -1 -1 -1 -1000 -1000 -1000 -10 0.0488 
Car -1 -1 -10 0.00 139.53 69.46 174.41 -1 -1 -1 -1000 -1000 -1000 -10 0.0398 
Car -1 -1 -10 519.01 175.47 551.41 197.49 -1 -1 -1 -1000 -1000 -1000 -10 0.0097 
Car -1 -1 -10 767.22 178.65 944.36 229.27 -1 -1 -1 -1000 -1000 -1000 -10 0.0095 
Car -1 -1 -10 1010.30 252.01 1100.51 299.76 -1 -1 -1 -1000 -1000 -1000 -10 0.0063 
Car -1 -1 -10 639.73 72.24 683.26 107.45 -1 -1 -1 -1000 -1000 -1000 -10 0.0061 
Car -1 -1 -10 688.90 172.23 751.55 212.08 -1 -1 -1 -1000 -1000 -1000 -10 0.0047 
Car -1 -1 -10 650.93 57.45 685.60 89.06 -1 -1 -1 -1000 -1000 -1000 -10 0.0026 
Car -1 -1 -10 456.49 174.12 533.18 211.90 -1 -1 -1 -1000 -1000 -1000 -10 0.0023 
Car -1 -1 -10 838.93 38.30 894.27 67.25 -1 -1 -1 -1000 -1000 -1000 -10 0.0023 
Car -1 -1 -10 656.84 69.16 723.00 97.76 -1 -1 -1 -1000 -1000 -1000 -10 0.0023 
Car -1 -1 -10 1204.90 24.02 1242.96 63.37 -1 -1 -1 -1000 -1000 -1000 -10 0.0017 
Car -1 -1 -10 1174.90 142.08 1243.00 187.55 -1 -1 -1 -1000 -1000 -1000 -10 0.0014 
Car -1 -1 -10 646.65 75.02 716.16 111.11 -1 -1 -1 -1000 -1000 -1000 -10 0.0013 
Car -1 -1 -10 999.67 31.17 1063.38 54.42 -1 -1 -1 -1000 -1000 -1000 -10 0.0012 
Car -1 -1 -10 630.09 96.14 695.00 132.38 -1 -1 -1 -1000 -1000 -1000 -10 0.0012 
Car -1 -1 -10 623.33 96.95 668.91 129.21 -1 -1 -1 -1000 -1000 -1000 -10 0.0011 
Car -1 -1 -10 0.00 180.58 75.85 216.25 -1 -1 -1 -1000 -1000 -1000 -10 0.0010 
Car -1 -1 -10 642.98 51.33 698.10 91.23 -1 -1 -1 -1000 -1000 -1000 -10 0.0010 
Car -1 -1 -10 1167.00 31.26 1243.05 69.03 -1 -1 -1 -1000 -1000 -1000 -10 0.0010 
Car -1 -1 -10 613.99 112.47 672.69 148.23 -1 -1 -1 -1000 -1000 -1000 -10 0.0008 
Car -1 -1 -10 776.35 177.77 885.64 211.31 -1 -1 -1 -1000 -1000 -1000 -10 0.0007 
Car -1 -1 -10 818.02 176.37 905.52 210.34 -1 -1 -1 -1000 -1000 -1000 -10 0.0006 
Car -1 -1 -10 609.38 73.38 674.65 123.24 -1 -1 -1 -1000 -1000 -1000 -10 0.0005 
Car -1 -1 -10 0.00 157.40 169.96 210.76 -1 -1 -1 -1000 -1000 -1000 -10 0.0005 
Car -1 -1 -10 0.00 145.01 89.28 189.29 -1 -1 -1 -1000 -1000 -1000 -10 0.0004 
Car -1 -1 -10 1156.00 22.53 1238.09 51.33 -1 -1 -1 -1000 -1000 -1000 -10 0.0003 
Car -1 -1 -10 0.00 271.95 92.64 373.49 -1 -1 -1 -1000 -1000 -1000 -10 0.0002 
Car -1 -1 -10 657.84 49.48 724.00 83.37 -1 -1 -1 -1000 -1000 -1000 -10 0.0002 
Car -1 -1 -10 1056.40 51.32 1141.91 77.20 -1 -1 -1 -1000 -1000 -1000 -10 0.0002 
Car -1 -1 -10 773.45 24.94 842.33 61.55 -1 -1 -1 -1000 -1000 -1000 -10 0.0002 
Car -1 -1 -10 531.49 173.38 556.24 196.37 -1 -1 -1 -1000 -1000 -1000 -10 0.0002 
Car -1 -1 -10 1102.50 145.41 1161.34 188.49 -1 -1 -1 -1000 -1000 -1000 -10 0.0002 
Car -1 -1 -10 734.60 173.19 836.30 216.03 -1 -1 -1 -1000 -1000 -1000 -10 0.0001 
Car -1 -1 -10 895.24 134.12 961.81 164.96 -1 -1 -1 -1000 -1000 -1000 -10 0.0001 
Car -1 -1 -10 1129.40 221.00 1224.40 276.35 -1 -1 -1 -1000 -1000 -1000 -10 0.0001 
Car -1 -1 -10 38.47 152.65 117.08 170.86 -1 -1 -1 -1000 -1000 -1000 -10 0.0001 
Car -1 -1 -10 200.83 181.43 373.25 257.85 -1 -1 -1 -1000 -1000 -1000 -10 0.0001 
Car -1 -1 -10 1172.60 130.94 1243.02 150.09 -1 -1 -1 -1000 -1000 -1000 -10 0.0000 
Car -1 -1 -10 256.28 182.96 362.39 229.78 -1 -1 -1 -1000 -1000 -1000 -10 0.0000 
Car -1 -1 -10 803.76 27.52 912.74 64.80 -1 -1 -1 -1000 -1000 -1000 -10 0.0000 
Car -1 -1 -10 818.81 186.00 920.76 223.12 -1 -1 -1 -1000 -1000 -1000 -10 0.0000 
Car -1 -1 -10 1100.80 30.19 1149.83 59.23 -1 -1 -1 -1000 -1000 -1000 -10 0.0000 
Car -1 -1 -10 12.82 253.95 147.97 337.98 -1 -1 -1 -1000 -1000 -1000 -10 0.0000 
Car -1 -1 -10 1154.50 138.87 1242.96 158.97 -1 -1 -1 -1000 -1000 -1000 -10 0.0000 
Car -1 -1 -10 830.50 173.49 875.42 197.97 -1 -1 -1 -1000 -1000 -1000 -10 0.0000 
Car -1 -1 -10 1104.60 23.89 1174.85 72.53 -1 -1 -1 -1000 -1000 -1000 -10 0.0000 
Car -1 -1 -10 874.38 171.99 956.77 216.95 -1 -1 -1 -1000 -1000 -1000 -10 0.0000 
Car -1 -1 -10 858.94 187.42 938.03 226.50 -1 -1 -1 -1000 -1000 -1000 -10 0.0000 
Car -1 -1 -10 967.88 233.54 1038.22 283.24 -1 -1 -1 -1000 -1000 -1000 -10 0.0000 
Car -1 -1 -10 6.39 85.90 92.15 155.76 -1 -1 -1 -1000 -1000 -1000 -10 0.0000 
