Car -1 -1 -10 1206.00 124.73 1242.96 154.68 -1 -1 -1 -1000 -1000 -1000 -10 0.1859 
Car -1 -1 -10 46.85 193.99 116.14 218.85 -1 -1 -1 -1000 -1000 -1000 -10 0.0058 
Car -1 -1 -10 0.00 192.65 67.00 218.57 -1 -1 -1 -1000 -1000 -1000 -10 0.0023 
Car -1 -1 -10 797.78 109.02 852.86 133.60 -1 -1 -1 -1000 -1000 -1000 -10 0.0014 
Car -1 -1 -10 311.77 138.50 354.32 170.32 -1 -1 -1 -1000 -1000 -1000 -10 0.0009 
Car -1 -1 -10 39.63 177.95 85.91 209.56 -1 -1 -1 -1000 -1000 -1000 -10 0.0007 
Car -1 -1 -10 684.08 177.60 709.16 196.28 -1 -1 -1 -1000 -1000 -1000 -10 0.0007 
Car -1 -1 -10 378.67 143.35 423.43 171.17 -1 -1 -1 -1000 -1000 -1000 -10 0.0006 
Car -1 -1 -10 743.22 119.88 791.37 148.15 -1 -1 -1 -1000 -1000 -1000 -10 0.0003 
Car -1 -1 -10 0.00 188.81 57.10 207.56 -1 -1 -1 -1000 -1000 -1000 -10 0.0003 
Car -1 -1 -10 29.77 188.70 72.09 216.71 -1 -1 -1 -1000 -1000 -1000 -10 0.0002 
Car -1 -1 -10 388.99 145.80 442.80 181.88 -1 -1 -1 -1000 -1000 -1000 -10 0.0002 
Car -1 -1 -10 74.29 192.47 158.15 214.09 -1 -1 -1 -1000 -1000 -1000 -10 0.0001 
Car -1 -1 -10 434.00 170.64 489.39 213.70 -1 -1 -1 -1000 -1000 -1000 -10 0.0000 
Car -1 -1 -10 165.91 211.02 214.30 228.48 -1 -1 -1 -1000 -1000 -1000 -10 0.0000 
