Car -1 -1 -10 405.57 178.69 520.06 262.33 -1 -1 -1 -1000 -1000 -1000 -10 0.9999 
Car -1 -1 -10 533.44 168.01 561.03 200.69 -1 -1 -1 -1000 -1000 -1000 -10 0.7792 
Car -1 -1 -10 535.01 155.11 566.70 195.38 -1 -1 -1 -1000 -1000 -1000 -10 0.0057 
Car -1 -1 -10 495.19 131.66 547.12 158.54 -1 -1 -1 -1000 -1000 -1000 -10 0.0049 
Car -1 -1 -10 497.05 123.17 544.46 150.35 -1 -1 -1 -1000 -1000 -1000 -10 0.0014 
Car -1 -1 -10 1078.30 157.39 1139.78 193.30 -1 -1 -1 -1000 -1000 -1000 -10 0.0007 
Car -1 -1 -10 950.21 274.12 1038.86 318.76 -1 -1 -1 -1000 -1000 -1000 -10 0.0007 
Car -1 -1 -10 498.56 126.42 558.26 169.00 -1 -1 -1 -1000 -1000 -1000 -10 0.0006 
Car -1 -1 -10 596.37 109.49 637.88 139.88 -1 -1 -1 -1000 -1000 -1000 -10 0.0005 
Car -1 -1 -10 533.70 143.86 590.41 165.67 -1 -1 -1 -1000 -1000 -1000 -10 0.0004 
Car -1 -1 -10 380.06 88.91 447.50 128.20 -1 -1 -1 -1000 -1000 -1000 -10 0.0003 
Car -1 -1 -10 533.52 167.90 599.89 199.96 -1 -1 -1 -1000 -1000 -1000 -10 0.0003 
Car -1 -1 -10 1039.60 84.62 1170.78 140.89 -1 -1 -1 -1000 -1000 -1000 -10 0.0002 
Car -1 -1 -10 1048.20 188.29 1119.10 224.42 -1 -1 -1 -1000 -1000 -1000 -10 0.0002 
Car -1 -1 -10 537.72 147.53 579.49 184.50 -1 -1 -1 -1000 -1000 -1000 -10 0.0001 
Car -1 -1 -10 943.18 169.17 1042.82 243.89 -1 -1 -1 -1000 -1000 -1000 -10 0.0001 
Car -1 -1 -10 810.00 89.74 886.48 120.05 -1 -1 -1 -1000 -1000 -1000 -10 0.0001 
Car -1 -1 -10 830.21 126.69 946.68 184.90 -1 -1 -1 -1000 -1000 -1000 -10 0.0001 
Car -1 -1 -10 60.14 194.63 156.23 238.26 -1 -1 -1 -1000 -1000 -1000 -10 0.0000 
Car -1 -1 -10 500.99 185.25 552.51 220.14 -1 -1 -1 -1000 -1000 -1000 -10 0.0000 
Car -1 -1 -10 126.55 182.88 211.83 227.58 -1 -1 -1 -1000 -1000 -1000 -10 0.0000 
Car -1 -1 -10 481.65 178.65 561.51 236.14 -1 -1 -1 -1000 -1000 -1000 -10 0.0000 
Car -1 -1 -10 468.38 171.30 530.21 236.85 -1 -1 -1 -1000 -1000 -1000 -10 0.0000 
Car -1 -1 -10 411.99 184.06 470.89 249.30 -1 -1 -1 -1000 -1000 -1000 -10 0.0000 
