Car -1 -1 -10 769.52 189.06 990.30 321.04 -1 -1 -1 -1000 -1000 -1000 -10 0.9996 
Car -1 -1 -10 133.88 179.54 451.45 357.62 -1 -1 -1 -1000 -1000 -1000 -10 0.9979 
Car -1 -1 -10 922.31 161.67 1080.11 236.63 -1 -1 -1 -1000 -1000 -1000 -10 0.9710 
Car -1 -1 -10 496.26 177.98 562.57 224.14 -1 -1 -1 -1000 -1000 -1000 -10 0.1949 
Car -1 -1 -10 772.91 157.52 1149.33 331.71 -1 -1 -1 -1000 -1000 -1000 -10 0.1449 
Car -1 -1 -10 790.81 156.98 886.44 205.00 -1 -1 -1 -1000 -1000 -1000 -10 0.1129 
Car -1 -1 -10 988.75 160.72 1200.59 246.36 -1 -1 -1 -1000 -1000 -1000 -10 0.1077 
Car -1 -1 -10 462.61 178.55 538.79 244.63 -1 -1 -1 -1000 -1000 -1000 -10 0.0525 
Car -1 -1 -10 910.39 163.82 1243.00 363.15 -1 -1 -1 -1000 -1000 -1000 -10 0.0427 
Car -1 -1 -10 916.83 165.38 1016.25 229.21 -1 -1 -1 -1000 -1000 -1000 -10 0.0303 
Car -1 -1 -10 115.94 204.05 171.94 222.90 -1 -1 -1 -1000 -1000 -1000 -10 0.0161 
Car -1 -1 -10 791.90 153.70 944.77 213.55 -1 -1 -1 -1000 -1000 -1000 -10 0.0145 
Car -1 -1 -10 55.93 201.28 128.30 226.03 -1 -1 -1 -1000 -1000 -1000 -10 0.0136 
Car -1 -1 -10 3.38 207.19 60.13 241.11 -1 -1 -1 -1000 -1000 -1000 -10 0.0041 
Car -1 -1 -10 75.49 201.88 160.87 225.26 -1 -1 -1 -1000 -1000 -1000 -10 0.0015 
Car -1 -1 -10 619.28 125.37 701.03 206.56 -1 -1 -1 -1000 -1000 -1000 -10 0.0013 
Car -1 -1 -10 167.66 200.61 213.23 219.15 -1 -1 -1 -1000 -1000 -1000 -10 0.0008 
Car -1 -1 -10 10.58 202.22 89.75 246.36 -1 -1 -1 -1000 -1000 -1000 -10 0.0008 
Car -1 -1 -10 22.47 198.05 104.67 233.40 -1 -1 -1 -1000 -1000 -1000 -10 0.0008 
Car -1 -1 -10 477.63 161.22 529.79 204.09 -1 -1 -1 -1000 -1000 -1000 -10 0.0007 
Car -1 -1 -10 249.19 182.03 410.11 213.32 -1 -1 -1 -1000 -1000 -1000 -10 0.0004 
Car -1 -1 -10 150.69 194.02 314.63 353.42 -1 -1 -1 -1000 -1000 -1000 -10 0.0003 
Car -1 -1 -10 284.82 184.88 480.17 295.53 -1 -1 -1 -1000 -1000 -1000 -10 0.0003 
Car -1 -1 -10 949.44 158.21 1094.85 197.87 -1 -1 -1 -1000 -1000 -1000 -10 0.0003 
Car -1 -1 -10 127.20 61.86 178.30 86.76 -1 -1 -1 -1000 -1000 -1000 -10 0.0003 
Car -1 -1 -10 241.51 188.51 304.24 212.46 -1 -1 -1 -1000 -1000 -1000 -10 0.0002 
Car -1 -1 -10 1087.70 139.17 1242.97 376.00 -1 -1 -1 -1000 -1000 -1000 -10 0.0002 
Car -1 -1 -10 786.36 152.18 943.91 278.40 -1 -1 -1 -1000 -1000 -1000 -10 0.0001 
Car -1 -1 -10 985.38 158.13 1096.56 227.12 -1 -1 -1 -1000 -1000 -1000 -10 0.0001 
Car -1 -1 -10 900.19 160.13 976.81 264.84 -1 -1 -1 -1000 -1000 -1000 -10 0.0001 
Car -1 -1 -10 341.46 184.83 428.76 211.19 -1 -1 -1 -1000 -1000 -1000 -10 0.0001 
Car -1 -1 -10 796.30 159.02 932.02 190.44 -1 -1 -1 -1000 -1000 -1000 -10 0.0001 
Car -1 -1 -10 305.12 183.05 402.49 208.71 -1 -1 -1 -1000 -1000 -1000 -10 0.0001 
Car -1 -1 -10 1051.90 161.22 1199.06 204.63 -1 -1 -1 -1000 -1000 -1000 -10 0.0000 
Car -1 -1 -10 356.55 151.94 513.98 276.56 -1 -1 -1 -1000 -1000 -1000 -10 0.0000 
Car -1 -1 -10 901.07 277.91 1043.29 328.36 -1 -1 -1 -1000 -1000 -1000 -10 0.0000 
Car -1 -1 -10 157.80 238.06 232.81 291.21 -1 -1 -1 -1000 -1000 -1000 -10 0.0000 
Car -1 -1 -10 1131.90 156.60 1222.98 200.85 -1 -1 -1 -1000 -1000 -1000 -10 0.0000 
Car -1 -1 -10 154.54 225.61 265.95 300.29 -1 -1 -1 -1000 -1000 -1000 -10 0.0000 
Car -1 -1 -10 128.99 58.60 206.88 103.88 -1 -1 -1 -1000 -1000 -1000 -10 0.0000 
Car -1 -1 -10 906.00 237.94 1004.67 339.22 -1 -1 -1 -1000 -1000 -1000 -10 0.0000 
Car -1 -1 -10 302.43 190.65 446.68 264.70 -1 -1 -1 -1000 -1000 -1000 -10 0.0000 
Car -1 -1 -10 775.32 199.63 849.30 239.20 -1 -1 -1 -1000 -1000 -1000 -10 0.0000 
Car -1 -1 -10 117.17 208.32 185.51 233.88 -1 -1 -1 -1000 -1000 -1000 -10 0.0000 
Car -1 -1 -10 864.88 180.51 969.18 248.43 -1 -1 -1 -1000 -1000 -1000 -10 0.0000 
Car -1 -1 -10 191.25 206.51 274.92 252.92 -1 -1 -1 -1000 -1000 -1000 -10 0.0000 
Car -1 -1 -10 863.39 156.15 966.58 205.99 -1 -1 -1 -1000 -1000 -1000 -10 0.0000 
Car -1 -1 -10 894.96 210.38 1023.20 262.78 -1 -1 -1 -1000 -1000 -1000 -10 0.0000 
Car -1 -1 -10 424.12 161.24 543.93 208.62 -1 -1 -1 -1000 -1000 -1000 -10 0.0000 
Car -1 -1 -10 921.49 190.81 1022.52 237.72 -1 -1 -1 -1000 -1000 -1000 -10 0.0000 
