Car -1 -1 -10 369.91 178.47 407.88 200.51 -1 -1 -1 -1000 -1000 -1000 -10 0.9359 
Car -1 -1 -10 1208.70 171.32 1243.02 208.94 -1 -1 -1 -1000 -1000 -1000 -10 0.0615 
Car -1 -1 -10 1210.70 228.52 1242.99 267.49 -1 -1 -1 -1000 -1000 -1000 -10 0.0500 
Car -1 -1 -10 1213.10 77.24 1242.98 116.63 -1 -1 -1 -1000 -1000 -1000 -10 0.0372 
Car -1 -1 -10 1200.40 179.06 1243.00 236.45 -1 -1 -1 -1000 -1000 -1000 -10 0.0262 
Car -1 -1 -10 1098.80 248.01 1162.72 281.38 -1 -1 -1 -1000 -1000 -1000 -10 0.0095 
Car -1 -1 -10 1073.80 271.22 1150.23 318.54 -1 -1 -1 -1000 -1000 -1000 -10 0.0077 
Car -1 -1 -10 1197.10 85.30 1242.96 123.25 -1 -1 -1 -1000 -1000 -1000 -10 0.0066 
Car -1 -1 -10 986.59 291.29 1052.67 321.90 -1 -1 -1 -1000 -1000 -1000 -10 0.0065 
Car -1 -1 -10 1036.30 266.15 1111.43 312.48 -1 -1 -1 -1000 -1000 -1000 -10 0.0060 
Car -1 -1 -10 1011.00 264.61 1071.86 301.24 -1 -1 -1 -1000 -1000 -1000 -10 0.0055 
Car -1 -1 -10 1112.60 254.71 1172.84 294.66 -1 -1 -1 -1000 -1000 -1000 -10 0.0053 
Car -1 -1 -10 1090.60 240.39 1149.38 275.27 -1 -1 -1 -1000 -1000 -1000 -10 0.0046 
Car -1 -1 -10 961.56 287.11 1019.10 315.54 -1 -1 -1 -1000 -1000 -1000 -10 0.0046 
Car -1 -1 -10 958.14 255.51 1021.04 289.05 -1 -1 -1 -1000 -1000 -1000 -10 0.0044 
Car -1 -1 -10 1016.30 294.26 1083.99 334.41 -1 -1 -1 -1000 -1000 -1000 -10 0.0042 
Car -1 -1 -10 1036.60 302.82 1109.44 342.87 -1 -1 -1 -1000 -1000 -1000 -10 0.0040 
Car -1 -1 -10 856.55 233.63 912.15 260.38 -1 -1 -1 -1000 -1000 -1000 -10 0.0040 
Car -1 -1 -10 850.62 241.74 903.46 268.04 -1 -1 -1 -1000 -1000 -1000 -10 0.0033 
Car -1 -1 -10 991.72 271.80 1058.06 310.07 -1 -1 -1 -1000 -1000 -1000 -10 0.0032 
Car -1 -1 -10 937.54 238.56 984.41 267.01 -1 -1 -1 -1000 -1000 -1000 -10 0.0032 
Car -1 -1 -10 1029.30 258.64 1094.77 296.94 -1 -1 -1 -1000 -1000 -1000 -10 0.0029 
Car -1 -1 -10 1111.60 280.52 1192.68 326.32 -1 -1 -1 -1000 -1000 -1000 -10 0.0028 
Car -1 -1 -10 941.19 238.59 1007.01 279.74 -1 -1 -1 -1000 -1000 -1000 -10 0.0024 
Car -1 -1 -10 1211.30 244.79 1242.97 290.41 -1 -1 -1 -1000 -1000 -1000 -10 0.0024 
Car -1 -1 -10 1139.80 273.41 1242.97 312.30 -1 -1 -1 -1000 -1000 -1000 -10 0.0023 
Car -1 -1 -10 938.66 275.53 998.17 305.18 -1 -1 -1 -1000 -1000 -1000 -10 0.0019 
Car -1 -1 -10 963.81 272.21 1035.53 310.56 -1 -1 -1 -1000 -1000 -1000 -10 0.0017 
Car -1 -1 -10 983.26 256.78 1044.88 287.89 -1 -1 -1 -1000 -1000 -1000 -10 0.0017 
Car -1 -1 -10 654.56 167.67 705.11 195.19 -1 -1 -1 -1000 -1000 -1000 -10 0.0017 
Car -1 -1 -10 1193.80 272.58 1243.02 298.28 -1 -1 -1 -1000 -1000 -1000 -10 0.0016 
Car -1 -1 -10 1024.10 312.50 1078.49 340.98 -1 -1 -1 -1000 -1000 -1000 -10 0.0012 
Car -1 -1 -10 1146.80 283.87 1212.27 323.96 -1 -1 -1 -1000 -1000 -1000 -10 0.0012 
Car -1 -1 -10 1016.40 252.94 1084.33 312.23 -1 -1 -1 -1000 -1000 -1000 -10 0.0011 
Car -1 -1 -10 919.00 257.42 997.70 293.20 -1 -1 -1 -1000 -1000 -1000 -10 0.0011 
Car -1 -1 -10 869.36 249.31 920.35 275.79 -1 -1 -1 -1000 -1000 -1000 -10 0.0010 
Car -1 -1 -10 941.99 264.12 1016.55 309.51 -1 -1 -1 -1000 -1000 -1000 -10 0.0010 
Car -1 -1 -10 1096.80 90.49 1152.43 119.47 -1 -1 -1 -1000 -1000 -1000 -10 0.0009 
Car -1 -1 -10 1158.90 301.85 1212.25 329.53 -1 -1 -1 -1000 -1000 -1000 -10 0.0007 
Car -1 -1 -10 1165.90 279.73 1229.73 319.03 -1 -1 -1 -1000 -1000 -1000 -10 0.0005 
Car -1 -1 -10 1124.50 259.09 1192.82 300.52 -1 -1 -1 -1000 -1000 -1000 -10 0.0005 
Car -1 -1 -10 1199.80 262.88 1242.96 291.45 -1 -1 -1 -1000 -1000 -1000 -10 0.0003 
Car -1 -1 -10 880.38 243.76 932.16 271.66 -1 -1 -1 -1000 -1000 -1000 -10 0.0003 
Car -1 -1 -10 934.28 227.82 998.77 250.38 -1 -1 -1 -1000 -1000 -1000 -10 0.0003 
Car -1 -1 -10 1090.70 24.00 1165.08 63.77 -1 -1 -1 -1000 -1000 -1000 -10 0.0002 
Car -1 -1 -10 829.43 217.54 909.06 260.19 -1 -1 -1 -1000 -1000 -1000 -10 0.0002 
Car -1 -1 -10 884.78 254.00 953.94 287.52 -1 -1 -1 -1000 -1000 -1000 -10 0.0002 
Car -1 -1 -10 412.50 175.56 448.86 194.16 -1 -1 -1 -1000 -1000 -1000 -10 0.0002 
Car -1 -1 -10 1136.00 318.44 1243.02 359.36 -1 -1 -1 -1000 -1000 -1000 -10 0.0001 
Car -1 -1 -10 880.71 233.74 930.30 256.40 -1 -1 -1 -1000 -1000 -1000 -10 0.0001 
Car -1 -1 -10 395.61 177.58 426.08 198.14 -1 -1 -1 -1000 -1000 -1000 -10 0.0001 
Car -1 -1 -10 597.61 136.16 654.91 200.19 -1 -1 -1 -1000 -1000 -1000 -10 0.0000 
