Car -1 -1 -10 0.00 222.64 295.94 374.08 -1 -1 -1 -1000 -1000 -1000 -10 0.1603 
Car -1 -1 -10 141.23 49.82 184.00 84.87 -1 -1 -1 -1000 -1000 -1000 -10 0.0130 
Car -1 -1 -10 39.52 25.98 84.87 58.03 -1 -1 -1 -1000 -1000 -1000 -10 0.0053 
Car -1 -1 -10 2.12 163.16 51.03 191.93 -1 -1 -1 -1000 -1000 -1000 -10 0.0039 
Car -1 -1 -10 129.66 224.87 219.49 250.28 -1 -1 -1 -1000 -1000 -1000 -10 0.0037 
Car -1 -1 -10 24.32 163.60 79.12 199.76 -1 -1 -1 -1000 -1000 -1000 -10 0.0031 
Car -1 -1 -10 3.89 141.76 49.98 164.57 -1 -1 -1 -1000 -1000 -1000 -10 0.0029 
Car -1 -1 -10 63.40 230.19 276.32 326.82 -1 -1 -1 -1000 -1000 -1000 -10 0.0020 
Car -1 -1 -10 629.66 98.93 684.14 127.92 -1 -1 -1 -1000 -1000 -1000 -10 0.0019 
Car -1 -1 -10 4.53 156.08 60.50 204.27 -1 -1 -1 -1000 -1000 -1000 -10 0.0016 
Car -1 -1 -10 1114.40 156.22 1175.41 187.60 -1 -1 -1 -1000 -1000 -1000 -10 0.0015 
Car -1 -1 -10 793.74 137.43 846.80 162.64 -1 -1 -1 -1000 -1000 -1000 -10 0.0011 
Car -1 -1 -10 763.55 70.42 815.07 99.93 -1 -1 -1 -1000 -1000 -1000 -10 0.0010 
Car -1 -1 -10 1177.70 142.64 1227.04 169.72 -1 -1 -1 -1000 -1000 -1000 -10 0.0009 
Car -1 -1 -10 506.69 81.12 559.11 104.01 -1 -1 -1 -1000 -1000 -1000 -10 0.0007 
Car -1 -1 -10 1080.80 208.74 1162.34 250.13 -1 -1 -1 -1000 -1000 -1000 -10 0.0007 
Car -1 -1 -10 1174.60 136.10 1217.33 161.47 -1 -1 -1 -1000 -1000 -1000 -10 0.0007 
Car -1 -1 -10 45.56 30.48 112.17 84.66 -1 -1 -1 -1000 -1000 -1000 -10 0.0005 
Car -1 -1 -10 5.12 228.28 84.35 253.12 -1 -1 -1 -1000 -1000 -1000 -10 0.0005 
Car -1 -1 -10 1137.70 297.23 1196.67 323.77 -1 -1 -1 -1000 -1000 -1000 -10 0.0005 
Car -1 -1 -10 39.78 122.94 105.50 185.46 -1 -1 -1 -1000 -1000 -1000 -10 0.0004 
Car -1 -1 -10 123.32 228.16 259.72 301.25 -1 -1 -1 -1000 -1000 -1000 -10 0.0004 
Car -1 -1 -10 1164.10 58.68 1229.74 100.62 -1 -1 -1 -1000 -1000 -1000 -10 0.0004 
Car -1 -1 -10 763.33 27.14 850.92 58.56 -1 -1 -1 -1000 -1000 -1000 -10 0.0004 
Car -1 -1 -10 561.95 178.19 584.52 198.95 -1 -1 -1 -1000 -1000 -1000 -10 0.0004 
Car -1 -1 -10 8.40 165.50 97.56 222.30 -1 -1 -1 -1000 -1000 -1000 -10 0.0003 
Car -1 -1 -10 876.85 194.24 990.68 232.94 -1 -1 -1 -1000 -1000 -1000 -10 0.0003 
Car -1 -1 -10 787.62 146.80 856.92 185.77 -1 -1 -1 -1000 -1000 -1000 -10 0.0003 
Car -1 -1 -10 773.90 45.05 835.86 76.22 -1 -1 -1 -1000 -1000 -1000 -10 0.0003 
Car -1 -1 -10 136.80 225.71 239.08 275.51 -1 -1 -1 -1000 -1000 -1000 -10 0.0001 
Car -1 -1 -10 80.14 111.43 136.84 152.29 -1 -1 -1 -1000 -1000 -1000 -10 0.0001 
Car -1 -1 -10 246.47 26.65 304.68 51.51 -1 -1 -1 -1000 -1000 -1000 -10 0.0001 
Car -1 -1 -10 622.43 41.76 696.81 65.57 -1 -1 -1 -1000 -1000 -1000 -10 0.0001 
Car -1 -1 -10 783.87 131.91 841.95 176.04 -1 -1 -1 -1000 -1000 -1000 -10 0.0001 
Car -1 -1 -10 76.60 146.48 142.22 173.73 -1 -1 -1 -1000 -1000 -1000 -10 0.0001 
Car -1 -1 -10 1181.90 210.60 1242.98 251.49 -1 -1 -1 -1000 -1000 -1000 -10 0.0001 
Car -1 -1 -10 184.70 232.98 239.37 259.59 -1 -1 -1 -1000 -1000 -1000 -10 0.0001 
Car -1 -1 -10 609.86 87.97 695.52 122.39 -1 -1 -1 -1000 -1000 -1000 -10 0.0001 
Car -1 -1 -10 863.02 201.53 935.34 234.98 -1 -1 -1 -1000 -1000 -1000 -10 0.0001 
Car -1 -1 -10 777.49 162.93 841.69 190.68 -1 -1 -1 -1000 -1000 -1000 -10 0.0000 
Car -1 -1 -10 795.16 164.65 868.20 200.44 -1 -1 -1 -1000 -1000 -1000 -10 0.0000 
Car -1 -1 -10 156.89 243.65 271.49 340.86 -1 -1 -1 -1000 -1000 -1000 -10 0.0000 
Car -1 -1 -10 753.25 170.87 801.91 195.91 -1 -1 -1 -1000 -1000 -1000 -10 0.0000 
Car -1 -1 -10 809.87 169.81 887.72 195.92 -1 -1 -1 -1000 -1000 -1000 -10 0.0000 
Car -1 -1 -10 955.55 309.35 1006.33 333.57 -1 -1 -1 -1000 -1000 -1000 -10 0.0000 
Car -1 -1 -10 972.77 307.44 1016.42 331.37 -1 -1 -1 -1000 -1000 -1000 -10 0.0000 
Car -1 -1 -10 557.69 180.65 635.26 207.45 -1 -1 -1 -1000 -1000 -1000 -10 0.0000 
Car -1 -1 -10 636.63 260.93 719.06 300.54 -1 -1 -1 -1000 -1000 -1000 -10 0.0000 
