Car -1 -1 -10 604.01 177.71 660.45 230.50 -1 -1 -1 -1000 -1000 -1000 -10 0.9999 
Car -1 -1 -10 561.04 177.69 588.92 197.72 -1 -1 -1 -1000 -1000 -1000 -10 0.0719 
Car -1 -1 -10 589.42 177.01 617.26 197.43 -1 -1 -1 -1000 -1000 -1000 -10 0.0040 
Car -1 -1 -10 850.92 176.22 907.63 194.35 -1 -1 -1 -1000 -1000 -1000 -10 0.0019 
Car -1 -1 -10 0.00 190.59 69.89 239.40 -1 -1 -1 -1000 -1000 -1000 -10 0.0017 
Car -1 -1 -10 840.49 166.95 877.79 190.61 -1 -1 -1 -1000 -1000 -1000 -10 0.0012 
Car -1 -1 -10 833.73 171.42 890.27 193.96 -1 -1 -1 -1000 -1000 -1000 -10 0.0007 
Car -1 -1 -10 808.39 42.66 968.67 97.89 -1 -1 -1 -1000 -1000 -1000 -10 0.0001 
Car -1 -1 -10 0.91 160.76 41.13 192.26 -1 -1 -1 -1000 -1000 -1000 -10 0.0001 
Car -1 -1 -10 1141.40 50.35 1243.00 101.66 -1 -1 -1 -1000 -1000 -1000 -10 0.0001 
Car -1 -1 -10 632.89 175.41 748.04 203.30 -1 -1 -1 -1000 -1000 -1000 -10 0.0000 
Car -1 -1 -10 11.51 158.15 85.42 190.55 -1 -1 -1 -1000 -1000 -1000 -10 0.0000 
Car -1 -1 -10 618.98 176.79 674.95 219.77 -1 -1 -1 -1000 -1000 -1000 -10 0.0000 
Car -1 -1 -10 983.04 117.71 1058.45 179.27 -1 -1 -1 -1000 -1000 -1000 -10 0.0000 
Car -1 -1 -10 1145.30 173.89 1225.94 195.34 -1 -1 -1 -1000 -1000 -1000 -10 0.0000 
Car -1 -1 -10 498.65 134.38 556.50 178.40 -1 -1 -1 -1000 -1000 -1000 -10 0.0000 
Car -1 -1 -10 670.65 171.89 747.22 197.85 -1 -1 -1 -1000 -1000 -1000 -10 0.0000 
Car -1 -1 -10 597.02 177.42 620.28 205.44 -1 -1 -1 -1000 -1000 -1000 -10 0.0000 
Car -1 -1 -10 793.96 128.57 845.08 180.55 -1 -1 -1 -1000 -1000 -1000 -10 0.0000 
