Car -1 -1 -10 472.91 178.39 551.87 237.12 -1 -1 -1 -1000 -1000 -1000 -10 1.0000 
Car -1 -1 -10 650.00 174.18 697.31 213.46 -1 -1 -1 -1000 -1000 -1000 -10 0.9999 
Car -1 -1 -10 292.64 191.72 495.82 327.57 -1 -1 -1 -1000 -1000 -1000 -10 0.9996 
Car -1 -1 -10 553.58 172.29 585.59 197.38 -1 -1 -1 -1000 -1000 -1000 -10 0.9968 
Car -1 -1 -10 743.89 189.94 1062.12 371.58 -1 -1 -1 -1000 -1000 -1000 -10 0.9966 
Car -1 -1 -10 707.35 159.89 879.85 299.08 -1 -1 -1 -1000 -1000 -1000 -10 0.8426 
Car -1 -1 -10 51.69 170.67 95.33 193.41 -1 -1 -1 -1000 -1000 -1000 -10 0.1210 
Car -1 -1 -10 1089.30 134.66 1160.03 175.44 -1 -1 -1 -1000 -1000 -1000 -10 0.0818 
Car -1 -1 -10 633.78 172.27 670.54 200.59 -1 -1 -1 -1000 -1000 -1000 -10 0.0502 
Car -1 -1 -10 746.43 160.71 904.87 360.44 -1 -1 -1 -1000 -1000 -1000 -10 0.0061 
Car -1 -1 -10 134.83 164.50 195.59 204.17 -1 -1 -1 -1000 -1000 -1000 -10 0.0058 
Car -1 -1 -10 36.35 169.29 98.55 203.92 -1 -1 -1 -1000 -1000 -1000 -10 0.0047 
Car -1 -1 -10 99.60 165.38 148.93 194.25 -1 -1 -1 -1000 -1000 -1000 -10 0.0023 
Car -1 -1 -10 233.17 189.50 282.23 207.19 -1 -1 -1 -1000 -1000 -1000 -10 0.0022 
Car -1 -1 -10 0.00 148.93 49.07 176.52 -1 -1 -1 -1000 -1000 -1000 -10 0.0018 
Car -1 -1 -10 125.91 159.15 212.33 226.71 -1 -1 -1 -1000 -1000 -1000 -10 0.0011 
Car -1 -1 -10 241.84 187.60 278.64 201.30 -1 -1 -1 -1000 -1000 -1000 -10 0.0007 
Car -1 -1 -10 143.28 159.40 199.74 191.13 -1 -1 -1 -1000 -1000 -1000 -10 0.0006 
Car -1 -1 -10 126.12 184.34 200.99 218.01 -1 -1 -1 -1000 -1000 -1000 -10 0.0004 
Car -1 -1 -10 282.65 83.36 358.59 124.63 -1 -1 -1 -1000 -1000 -1000 -10 0.0003 
Car -1 -1 -10 249.82 185.49 286.94 198.78 -1 -1 -1 -1000 -1000 -1000 -10 0.0003 
Car -1 -1 -10 744.54 243.38 810.49 286.41 -1 -1 -1 -1000 -1000 -1000 -10 0.0002 
Car -1 -1 -10 104.22 147.05 181.78 184.30 -1 -1 -1 -1000 -1000 -1000 -10 0.0002 
Car -1 -1 -10 402.63 194.61 473.60 218.72 -1 -1 -1 -1000 -1000 -1000 -10 0.0002 
Car -1 -1 -10 150.64 157.47 195.24 179.03 -1 -1 -1 -1000 -1000 -1000 -10 0.0002 
Car -1 -1 -10 103.43 162.07 177.65 209.95 -1 -1 -1 -1000 -1000 -1000 -10 0.0002 
Car -1 -1 -10 213.61 189.20 281.47 221.62 -1 -1 -1 -1000 -1000 -1000 -10 0.0002 
Car -1 -1 -10 210.73 206.23 261.36 233.53 -1 -1 -1 -1000 -1000 -1000 -10 0.0001 
Car -1 -1 -10 167.32 175.48 262.99 225.10 -1 -1 -1 -1000 -1000 -1000 -10 0.0001 
Car -1 -1 -10 24.21 185.85 110.85 233.96 -1 -1 -1 -1000 -1000 -1000 -10 0.0001 
Car -1 -1 -10 300.22 197.84 438.41 278.02 -1 -1 -1 -1000 -1000 -1000 -10 0.0000 
Car -1 -1 -10 731.31 163.52 882.84 242.32 -1 -1 -1 -1000 -1000 -1000 -10 0.0000 
Car -1 -1 -10 11.91 192.30 79.11 222.99 -1 -1 -1 -1000 -1000 -1000 -10 0.0000 
Car -1 -1 -10 1107.00 122.99 1151.04 161.33 -1 -1 -1 -1000 -1000 -1000 -10 0.0000 
Car -1 -1 -10 806.20 205.29 972.55 332.23 -1 -1 -1 -1000 -1000 -1000 -10 0.0000 
Car -1 -1 -10 25.38 175.20 100.14 218.85 -1 -1 -1 -1000 -1000 -1000 -10 0.0000 
Car -1 -1 -10 193.64 183.27 251.56 228.07 -1 -1 -1 -1000 -1000 -1000 -10 0.0000 
Car -1 -1 -10 225.35 208.31 276.10 242.66 -1 -1 -1 -1000 -1000 -1000 -10 0.0000 
Car -1 -1 -10 84.56 157.06 158.47 189.09 -1 -1 -1 -1000 -1000 -1000 -10 0.0000 
Car -1 -1 -10 380.65 189.58 428.82 210.58 -1 -1 -1 -1000 -1000 -1000 -10 0.0000 
Car -1 -1 -10 14.22 140.19 64.82 174.39 -1 -1 -1 -1000 -1000 -1000 -10 0.0000 
Car -1 -1 -10 346.10 192.62 491.70 284.50 -1 -1 -1 -1000 -1000 -1000 -10 0.0000 
Car -1 -1 -10 183.49 141.95 250.57 178.31 -1 -1 -1 -1000 -1000 -1000 -10 0.0000 
Car -1 -1 -10 459.18 187.71 517.10 237.65 -1 -1 -1 -1000 -1000 -1000 -10 0.0000 
Car -1 -1 -10 739.44 229.52 823.81 301.29 -1 -1 -1 -1000 -1000 -1000 -10 0.0000 
Car -1 -1 -10 687.50 48.47 789.72 113.53 -1 -1 -1 -1000 -1000 -1000 -10 0.0000 
Car -1 -1 -10 644.37 52.82 799.29 134.97 -1 -1 -1 -1000 -1000 -1000 -10 0.0000 
Car -1 -1 -10 430.83 194.11 496.80 251.14 -1 -1 -1 -1000 -1000 -1000 -10 0.0000 
