Car -1 -1 -10 341.20 190.51 484.84 280.69 -1 -1 -1 -1000 -1000 -1000 -10 0.9999 
Car -1 -1 -10 446.46 188.10 514.46 237.52 -1 -1 -1 -1000 -1000 -1000 -10 0.9996 
Car -1 -1 -10 166.89 204.39 337.63 287.89 -1 -1 -1 -1000 -1000 -1000 -10 0.9986 
Car -1 -1 -10 634.31 177.38 679.14 212.44 -1 -1 -1 -1000 -1000 -1000 -10 0.9967 
Car -1 -1 -10 744.31 160.02 874.78 206.74 -1 -1 -1 -1000 -1000 -1000 -10 0.9933 
Car -1 -1 -10 900.92 150.20 977.86 179.50 -1 -1 -1 -1000 -1000 -1000 -10 0.7235 
Car -1 -1 -10 703.70 161.52 816.69 202.60 -1 -1 -1 -1000 -1000 -1000 -10 0.0518 
Car -1 -1 -10 671.50 168.23 721.96 190.27 -1 -1 -1 -1000 -1000 -1000 -10 0.0334 
Car -1 -1 -10 708.39 165.39 769.30 202.50 -1 -1 -1 -1000 -1000 -1000 -10 0.0220 
Car -1 -1 -10 962.23 141.35 1030.32 177.70 -1 -1 -1 -1000 -1000 -1000 -10 0.0162 
Car -1 -1 -10 1045.30 108.91 1229.24 183.01 -1 -1 -1 -1000 -1000 -1000 -10 0.0136 
Car -1 -1 -10 489.11 183.86 522.36 215.38 -1 -1 -1 -1000 -1000 -1000 -10 0.0096 
Car -1 -1 -10 876.32 156.59 952.11 181.85 -1 -1 -1 -1000 -1000 -1000 -10 0.0091 
Car -1 -1 -10 815.37 157.94 874.40 193.73 -1 -1 -1 -1000 -1000 -1000 -10 0.0078 
Car -1 -1 -10 938.96 147.02 986.94 177.80 -1 -1 -1 -1000 -1000 -1000 -10 0.0068 
Car -1 -1 -10 927.89 145.99 1013.37 180.79 -1 -1 -1 -1000 -1000 -1000 -10 0.0050 
Car -1 -1 -10 1100.20 118.58 1194.36 181.48 -1 -1 -1 -1000 -1000 -1000 -10 0.0019 
Car -1 -1 -10 1050.20 128.97 1120.84 186.20 -1 -1 -1 -1000 -1000 -1000 -10 0.0015 
Car -1 -1 -10 381.28 189.26 491.99 247.19 -1 -1 -1 -1000 -1000 -1000 -10 0.0015 
Car -1 -1 -10 182.39 208.64 261.22 267.59 -1 -1 -1 -1000 -1000 -1000 -10 0.0013 
Car -1 -1 -10 1179.60 157.29 1243.05 185.50 -1 -1 -1 -1000 -1000 -1000 -10 0.0008 
Car -1 -1 -10 657.62 170.92 685.61 201.67 -1 -1 -1 -1000 -1000 -1000 -10 0.0006 
Car -1 -1 -10 5.24 52.78 43.65 86.93 -1 -1 -1 -1000 -1000 -1000 -10 0.0006 
Car -1 -1 -10 661.68 169.55 700.58 194.74 -1 -1 -1 -1000 -1000 -1000 -10 0.0005 
Car -1 -1 -10 874.26 159.41 909.52 183.27 -1 -1 -1 -1000 -1000 -1000 -10 0.0004 
Car -1 -1 -10 360.82 195.38 430.36 249.07 -1 -1 -1 -1000 -1000 -1000 -10 0.0003 
Car -1 -1 -10 504.81 183.74 523.42 205.45 -1 -1 -1 -1000 -1000 -1000 -10 0.0002 
Car -1 -1 -10 685.84 119.95 753.07 196.96 -1 -1 -1 -1000 -1000 -1000 -10 0.0001 
Car -1 -1 -10 393.70 191.38 476.08 222.99 -1 -1 -1 -1000 -1000 -1000 -10 0.0001 
Car -1 -1 -10 629.30 178.93 652.60 203.24 -1 -1 -1 -1000 -1000 -1000 -10 0.0001 
Car -1 -1 -10 696.95 126.31 753.40 167.26 -1 -1 -1 -1000 -1000 -1000 -10 0.0001 
Car -1 -1 -10 861.96 151.90 919.70 176.96 -1 -1 -1 -1000 -1000 -1000 -10 0.0001 
Car -1 -1 -10 365.11 198.76 418.29 233.72 -1 -1 -1 -1000 -1000 -1000 -10 0.0000 
Car -1 -1 -10 350.29 205.91 406.22 244.99 -1 -1 -1 -1000 -1000 -1000 -10 0.0000 
Car -1 -1 -10 4.08 60.82 62.08 99.84 -1 -1 -1 -1000 -1000 -1000 -10 0.0000 
Car -1 -1 -10 133.82 226.66 279.03 265.71 -1 -1 -1 -1000 -1000 -1000 -10 0.0000 
Car -1 -1 -10 517.45 181.59 535.41 203.18 -1 -1 -1 -1000 -1000 -1000 -10 0.0000 
Car -1 -1 -10 606.13 181.42 645.08 205.12 -1 -1 -1 -1000 -1000 -1000 -10 0.0000 
