Car -1 -1 -10 1156.20 232.60 1242.98 316.27 -1 -1 -1 -1000 -1000 -1000 -10 0.0045 
Car -1 -1 -10 750.29 142.80 794.49 162.46 -1 -1 -1 -1000 -1000 -1000 -10 0.0007 
Car -1 -1 -10 34.04 42.81 97.63 92.91 -1 -1 -1 -1000 -1000 -1000 -10 0.0004 
Car -1 -1 -10 673.56 181.21 716.07 203.15 -1 -1 -1 -1000 -1000 -1000 -10 0.0003 
Car -1 -1 -10 745.96 135.43 815.54 174.60 -1 -1 -1 -1000 -1000 -1000 -10 0.0001 
Car -1 -1 -10 0.00 2.68 90.05 51.94 -1 -1 -1 -1000 -1000 -1000 -10 0.0001 
Car -1 -1 -10 182.62 246.66 216.20 268.79 -1 -1 -1 -1000 -1000 -1000 -10 0.0000 
Car -1 -1 -10 759.17 130.50 835.43 190.78 -1 -1 -1 -1000 -1000 -1000 -10 0.0000 
Car -1 -1 -10 179.28 115.70 249.67 141.37 -1 -1 -1 -1000 -1000 -1000 -10 0.0000 
Car -1 -1 -10 637.31 154.78 702.54 207.38 -1 -1 -1 -1000 -1000 -1000 -10 0.0000 
Car -1 -1 -10 180.59 253.89 223.82 272.33 -1 -1 -1 -1000 -1000 -1000 -10 0.0000 
