Car -1 -1 -10 332.61 189.34 389.24 219.21 -1 -1 -1 -1000 -1000 -1000 -10 0.9999 
Car -1 -1 -10 0.00 202.85 117.85 270.48 -1 -1 -1 -1000 -1000 -1000 -10 0.7343 
Car -1 -1 -10 630.69 150.08 688.19 213.08 -1 -1 -1 -1000 -1000 -1000 -10 0.1266 
Car -1 -1 -10 848.74 95.64 903.80 130.40 -1 -1 -1 -1000 -1000 -1000 -10 0.0171 
Car -1 -1 -10 834.48 88.76 885.33 124.96 -1 -1 -1 -1000 -1000 -1000 -10 0.0055 
Car -1 -1 -10 684.89 95.59 739.30 123.10 -1 -1 -1 -1000 -1000 -1000 -10 0.0025 
Car -1 -1 -10 820.09 92.29 896.26 138.69 -1 -1 -1 -1000 -1000 -1000 -10 0.0020 
Car -1 -1 -10 861.33 86.64 913.62 120.63 -1 -1 -1 -1000 -1000 -1000 -10 0.0017 
Car -1 -1 -10 822.04 50.74 880.04 90.53 -1 -1 -1 -1000 -1000 -1000 -10 0.0016 
Car -1 -1 -10 676.39 103.59 731.33 127.82 -1 -1 -1 -1000 -1000 -1000 -10 0.0014 
Car -1 -1 -10 715.91 73.89 775.85 98.04 -1 -1 -1 -1000 -1000 -1000 -10 0.0013 
Car -1 -1 -10 1002.30 186.23 1073.71 234.00 -1 -1 -1 -1000 -1000 -1000 -10 0.0012 
Car -1 -1 -10 1067.10 116.49 1129.01 144.58 -1 -1 -1 -1000 -1000 -1000 -10 0.0011 
Car -1 -1 -10 720.07 64.17 777.56 89.55 -1 -1 -1 -1000 -1000 -1000 -10 0.0010 
Car -1 -1 -10 1023.80 139.95 1103.63 176.19 -1 -1 -1 -1000 -1000 -1000 -10 0.0007 
Car -1 -1 -10 1028.30 170.73 1089.54 208.89 -1 -1 -1 -1000 -1000 -1000 -10 0.0007 
Car -1 -1 -10 1004.00 141.74 1064.59 174.57 -1 -1 -1 -1000 -1000 -1000 -10 0.0007 
Car -1 -1 -10 849.87 54.11 920.61 81.96 -1 -1 -1 -1000 -1000 -1000 -10 0.0007 
Car -1 -1 -10 1024.80 154.95 1092.29 196.21 -1 -1 -1 -1000 -1000 -1000 -10 0.0006 
Car -1 -1 -10 1014.30 207.01 1086.09 242.61 -1 -1 -1 -1000 -1000 -1000 -10 0.0005 
Car -1 -1 -10 805.80 52.56 863.75 85.32 -1 -1 -1 -1000 -1000 -1000 -10 0.0005 
Car -1 -1 -10 69.24 148.65 162.72 189.74 -1 -1 -1 -1000 -1000 -1000 -10 0.0005 
Car -1 -1 -10 91.00 206.25 181.01 237.11 -1 -1 -1 -1000 -1000 -1000 -10 0.0004 
Car -1 -1 -10 834.83 48.41 909.92 94.38 -1 -1 -1 -1000 -1000 -1000 -10 0.0004 
Car -1 -1 -10 1124.90 228.06 1224.68 263.88 -1 -1 -1 -1000 -1000 -1000 -10 0.0004 
Car -1 -1 -10 999.68 119.29 1070.22 163.28 -1 -1 -1 -1000 -1000 -1000 -10 0.0003 
Car -1 -1 -10 862.58 66.37 920.02 91.94 -1 -1 -1 -1000 -1000 -1000 -10 0.0003 
Car -1 -1 -10 843.65 35.97 928.11 73.47 -1 -1 -1 -1000 -1000 -1000 -10 0.0003 
Car -1 -1 -10 817.69 41.97 901.50 79.42 -1 -1 -1 -1000 -1000 -1000 -10 0.0003 
Car -1 -1 -10 698.87 64.19 753.90 88.12 -1 -1 -1 -1000 -1000 -1000 -10 0.0003 
Car -1 -1 -10 1084.70 226.61 1159.82 253.39 -1 -1 -1 -1000 -1000 -1000 -10 0.0003 
Car -1 -1 -10 842.39 72.62 913.90 117.38 -1 -1 -1 -1000 -1000 -1000 -10 0.0002 
Car -1 -1 -10 1036.80 204.89 1114.70 250.58 -1 -1 -1 -1000 -1000 -1000 -10 0.0002 
Car -1 -1 -10 0.00 192.26 215.08 322.02 -1 -1 -1 -1000 -1000 -1000 -10 0.0002 
Car -1 -1 -10 916.60 192.93 993.94 224.54 -1 -1 -1 -1000 -1000 -1000 -10 0.0002 
Car -1 -1 -10 860.83 122.13 939.98 162.45 -1 -1 -1 -1000 -1000 -1000 -10 0.0002 
Car -1 -1 -10 1148.30 196.15 1221.97 229.07 -1 -1 -1 -1000 -1000 -1000 -10 0.0001 
Car -1 -1 -10 1044.00 214.51 1146.64 256.83 -1 -1 -1 -1000 -1000 -1000 -10 0.0001 
Car -1 -1 -10 1102.90 219.30 1180.49 254.43 -1 -1 -1 -1000 -1000 -1000 -10 0.0001 
Car -1 -1 -10 55.17 201.63 113.44 246.18 -1 -1 -1 -1000 -1000 -1000 -10 0.0001 
Car -1 -1 -10 898.63 184.79 964.29 225.95 -1 -1 -1 -1000 -1000 -1000 -10 0.0001 
Car -1 -1 -10 1058.70 230.41 1134.80 259.90 -1 -1 -1 -1000 -1000 -1000 -10 0.0001 
Car -1 -1 -10 941.75 201.93 1014.18 230.42 -1 -1 -1 -1000 -1000 -1000 -10 0.0001 
Car -1 -1 -10 815.72 143.74 918.31 180.93 -1 -1 -1 -1000 -1000 -1000 -10 0.0001 
Car -1 -1 -10 732.34 126.21 800.27 147.88 -1 -1 -1 -1000 -1000 -1000 -10 0.0000 
Car -1 -1 -10 954.31 186.12 1061.22 226.67 -1 -1 -1 -1000 -1000 -1000 -10 0.0000 
Car -1 -1 -10 18.49 200.56 351.01 309.01 -1 -1 -1 -1000 -1000 -1000 -10 0.0000 
Car -1 -1 -10 945.68 105.93 1219.65 195.48 -1 -1 -1 -1000 -1000 -1000 -10 0.0000 
