Car -1 -1 -10 745.16 178.79 871.36 254.64 -1 -1 -1 -1000 -1000 -1000 -10 0.9999 
Car -1 -1 -10 826.96 182.16 923.77 236.15 -1 -1 -1 -1000 -1000 -1000 -10 0.9999 
Car -1 -1 -10 906.64 181.42 966.54 220.71 -1 -1 -1 -1000 -1000 -1000 -10 0.9998 
Car -1 -1 -10 974.68 178.02 1014.53 206.86 -1 -1 -1 -1000 -1000 -1000 -10 0.9969 
Car -1 -1 -10 1029.40 175.92 1076.81 207.70 -1 -1 -1 -1000 -1000 -1000 -10 0.9951 
Car -1 -1 -10 1049.10 173.21 1084.17 203.49 -1 -1 -1 -1000 -1000 -1000 -10 0.0184 
Car -1 -1 -10 574.37 115.87 612.16 143.89 -1 -1 -1 -1000 -1000 -1000 -10 0.0179 
Car -1 -1 -10 421.14 179.80 492.40 207.00 -1 -1 -1 -1000 -1000 -1000 -10 0.0026 
Car -1 -1 -10 974.35 294.16 1011.82 325.70 -1 -1 -1 -1000 -1000 -1000 -10 0.0024 
Car -1 -1 -10 462.43 169.88 528.82 212.14 -1 -1 -1 -1000 -1000 -1000 -10 0.0012 
Car -1 -1 -10 579.73 142.89 647.31 184.86 -1 -1 -1 -1000 -1000 -1000 -10 0.0012 
Car -1 -1 -10 520.90 185.26 589.91 233.95 -1 -1 -1 -1000 -1000 -1000 -10 0.0011 
Car -1 -1 -10 575.25 152.09 630.96 177.28 -1 -1 -1 -1000 -1000 -1000 -10 0.0011 
Car -1 -1 -10 1022.20 87.68 1096.33 124.12 -1 -1 -1 -1000 -1000 -1000 -10 0.0006 
Car -1 -1 -10 1159.10 308.14 1211.09 333.46 -1 -1 -1 -1000 -1000 -1000 -10 0.0005 
Car -1 -1 -10 1115.20 324.16 1168.02 349.94 -1 -1 -1 -1000 -1000 -1000 -10 0.0005 
Car -1 -1 -10 1065.20 102.39 1116.92 123.84 -1 -1 -1 -1000 -1000 -1000 -10 0.0005 
Car -1 -1 -10 472.77 186.30 550.08 230.83 -1 -1 -1 -1000 -1000 -1000 -10 0.0004 
Car -1 -1 -10 1043.30 63.89 1104.59 89.53 -1 -1 -1 -1000 -1000 -1000 -10 0.0002 
Car -1 -1 -10 752.75 180.39 813.04 240.46 -1 -1 -1 -1000 -1000 -1000 -10 0.0002 
Car -1 -1 -10 477.69 68.24 543.26 93.17 -1 -1 -1 -1000 -1000 -1000 -10 0.0002 
Car -1 -1 -10 995.42 157.70 1039.68 200.59 -1 -1 -1 -1000 -1000 -1000 -10 0.0001 
Car -1 -1 -10 1061.00 107.11 1110.56 133.12 -1 -1 -1 -1000 -1000 -1000 -10 0.0001 
Car -1 -1 -10 1110.50 319.07 1199.12 349.10 -1 -1 -1 -1000 -1000 -1000 -10 0.0001 
Car -1 -1 -10 1039.80 279.78 1084.85 300.14 -1 -1 -1 -1000 -1000 -1000 -10 0.0001 
Car -1 -1 -10 1067.50 49.34 1120.80 79.02 -1 -1 -1 -1000 -1000 -1000 -10 0.0000 
Car -1 -1 -10 1078.70 172.40 1115.54 200.37 -1 -1 -1 -1000 -1000 -1000 -10 0.0000 
Car -1 -1 -10 1031.10 63.95 1120.24 101.34 -1 -1 -1 -1000 -1000 -1000 -10 0.0000 
