Car -1 -1 -10 961.99 159.55 1100.40 209.93 -1 -1 -1 -1000 -1000 -1000 -10 0.9994 
Car -1 -1 -10 99.33 132.27 245.73 205.94 -1 -1 -1 -1000 -1000 -1000 -10 0.0935 
Car -1 -1 -10 906.76 313.90 970.34 346.35 -1 -1 -1 -1000 -1000 -1000 -10 0.0461 
Car -1 -1 -10 134.29 135.39 228.37 187.97 -1 -1 -1 -1000 -1000 -1000 -10 0.0210 
Car -1 -1 -10 105.87 111.07 174.41 168.09 -1 -1 -1 -1000 -1000 -1000 -10 0.0207 
Car -1 -1 -10 993.34 160.96 1094.34 193.36 -1 -1 -1 -1000 -1000 -1000 -10 0.0103 
Car -1 -1 -10 116.47 134.96 193.66 180.11 -1 -1 -1 -1000 -1000 -1000 -10 0.0086 
Car -1 -1 -10 589.72 106.28 639.73 137.28 -1 -1 -1 -1000 -1000 -1000 -10 0.0050 
Car -1 -1 -10 962.87 163.02 1025.07 205.40 -1 -1 -1 -1000 -1000 -1000 -10 0.0038 
Car -1 -1 -10 13.64 210.95 447.42 362.19 -1 -1 -1 -1000 -1000 -1000 -10 0.0033 
Car -1 -1 -10 151.79 189.46 203.16 225.47 -1 -1 -1 -1000 -1000 -1000 -10 0.0033 
Car -1 -1 -10 882.69 316.40 937.41 346.00 -1 -1 -1 -1000 -1000 -1000 -10 0.0022 
Car -1 -1 -10 127.00 150.06 188.61 193.97 -1 -1 -1 -1000 -1000 -1000 -10 0.0019 
Car -1 -1 -10 937.07 314.36 996.11 340.17 -1 -1 -1 -1000 -1000 -1000 -10 0.0017 
Car -1 -1 -10 857.15 314.74 912.52 347.52 -1 -1 -1 -1000 -1000 -1000 -10 0.0015 
Car -1 -1 -10 999.08 166.15 1065.49 210.83 -1 -1 -1 -1000 -1000 -1000 -10 0.0011 
Car -1 -1 -10 983.10 87.38 1044.10 115.86 -1 -1 -1 -1000 -1000 -1000 -10 0.0006 
Car -1 -1 -10 123.07 170.15 197.58 221.43 -1 -1 -1 -1000 -1000 -1000 -10 0.0004 
Car -1 -1 -10 868.08 78.58 931.52 171.69 -1 -1 -1 -1000 -1000 -1000 -10 0.0004 
Car -1 -1 -10 493.02 170.94 529.64 195.82 -1 -1 -1 -1000 -1000 -1000 -10 0.0003 
Car -1 -1 -10 157.92 202.09 220.27 232.61 -1 -1 -1 -1000 -1000 -1000 -10 0.0000 
Car -1 -1 -10 761.52 172.74 802.52 188.55 -1 -1 -1 -1000 -1000 -1000 -10 0.0000 
Car -1 -1 -10 736.01 176.01 791.41 193.10 -1 -1 -1 -1000 -1000 -1000 -10 0.0000 
Car -1 -1 -10 599.59 163.46 641.92 178.02 -1 -1 -1 -1000 -1000 -1000 -10 0.0000 
