Car -1 -1 -10 615.76 165.89 659.94 199.91 -1 -1 -1 -1000 -1000 -1000 -10 1.0000 
Car -1 -1 -10 545.64 168.68 584.68 203.49 -1 -1 -1 -1000 -1000 -1000 -10 0.9998 
Car -1 -1 -10 129.75 216.25 217.65 247.00 -1 -1 -1 -1000 -1000 -1000 -10 0.0393 
Car -1 -1 -10 580.34 162.50 600.00 181.50 -1 -1 -1 -1000 -1000 -1000 -10 0.0120 
Car -1 -1 -10 1075.90 229.42 1151.45 273.07 -1 -1 -1 -1000 -1000 -1000 -10 0.0106 
Car -1 -1 -10 97.03 215.19 168.49 245.15 -1 -1 -1 -1000 -1000 -1000 -10 0.0067 
Car -1 -1 -10 190.44 120.14 236.66 146.51 -1 -1 -1 -1000 -1000 -1000 -10 0.0017 
Car -1 -1 -10 78.83 112.26 139.59 143.01 -1 -1 -1 -1000 -1000 -1000 -10 0.0013 
Car -1 -1 -10 82.12 97.29 134.06 131.00 -1 -1 -1 -1000 -1000 -1000 -10 0.0011 
Car -1 -1 -10 171.97 119.50 223.47 140.23 -1 -1 -1 -1000 -1000 -1000 -10 0.0011 
Car -1 -1 -10 467.08 220.48 543.31 254.37 -1 -1 -1 -1000 -1000 -1000 -10 0.0006 
Car -1 -1 -10 96.20 113.72 169.91 157.75 -1 -1 -1 -1000 -1000 -1000 -10 0.0003 
Car -1 -1 -10 355.47 157.40 387.05 173.27 -1 -1 -1 -1000 -1000 -1000 -10 0.0003 
Car -1 -1 -10 15.21 149.69 105.21 179.80 -1 -1 -1 -1000 -1000 -1000 -10 0.0001 
Car -1 -1 -10 186.79 179.96 286.20 240.88 -1 -1 -1 -1000 -1000 -1000 -10 0.0000 
Car -1 -1 -10 89.90 194.69 164.16 248.26 -1 -1 -1 -1000 -1000 -1000 -10 0.0000 
Car -1 -1 -10 236.16 328.80 339.19 364.15 -1 -1 -1 -1000 -1000 -1000 -10 0.0000 
Car -1 -1 -10 567.59 161.95 589.88 180.19 -1 -1 -1 -1000 -1000 -1000 -10 0.0000 
Car -1 -1 -10 571.37 166.66 588.73 184.70 -1 -1 -1 -1000 -1000 -1000 -10 0.0000 
Car -1 -1 -10 433.46 121.17 511.16 148.02 -1 -1 -1 -1000 -1000 -1000 -10 0.0000 
Car -1 -1 -10 342.93 162.23 391.14 176.10 -1 -1 -1 -1000 -1000 -1000 -10 0.0000 
Car -1 -1 -10 479.63 120.01 545.42 161.91 -1 -1 -1 -1000 -1000 -1000 -10 0.0000 
