Car -1 -1 -10 421.87 185.23 494.58 233.84 -1 -1 -1 -1000 -1000 -1000 -10 1.0000 
Car -1 -1 -10 576.41 173.68 656.74 250.59 -1 -1 -1 -1000 -1000 -1000 -10 0.9999 
Car -1 -1 -10 6.03 187.46 253.67 288.99 -1 -1 -1 -1000 -1000 -1000 -10 0.9985 
Car -1 -1 -10 476.36 179.75 529.00 217.91 -1 -1 -1 -1000 -1000 -1000 -10 0.9979 
Car -1 -1 -10 202.41 179.94 421.75 316.66 -1 -1 -1 -1000 -1000 -1000 -10 0.9917 
Car -1 -1 -10 343.98 181.70 421.07 225.15 -1 -1 -1 -1000 -1000 -1000 -10 0.9657 
Car -1 -1 -10 374.90 187.00 418.82 225.88 -1 -1 -1 -1000 -1000 -1000 -10 0.2825 
Car -1 -1 -10 493.16 138.55 569.44 210.79 -1 -1 -1 -1000 -1000 -1000 -10 0.0412 
Car -1 -1 -10 1048.20 146.71 1092.70 180.37 -1 -1 -1 -1000 -1000 -1000 -10 0.0116 
Car -1 -1 -10 1062.00 41.82 1113.56 70.04 -1 -1 -1 -1000 -1000 -1000 -10 0.0090 
Car -1 -1 -10 1093.00 48.18 1136.52 82.42 -1 -1 -1 -1000 -1000 -1000 -10 0.0061 
Car -1 -1 -10 873.44 233.21 947.71 275.91 -1 -1 -1 -1000 -1000 -1000 -10 0.0056 
Car -1 -1 -10 913.14 240.05 969.44 280.34 -1 -1 -1 -1000 -1000 -1000 -10 0.0048 
Car -1 -1 -10 95.76 187.18 365.96 287.51 -1 -1 -1 -1000 -1000 -1000 -10 0.0035 
Car -1 -1 -10 395.96 169.82 444.67 208.53 -1 -1 -1 -1000 -1000 -1000 -10 0.0033 
Car -1 -1 -10 496.16 162.56 545.92 212.73 -1 -1 -1 -1000 -1000 -1000 -10 0.0012 
Car -1 -1 -10 204.07 184.32 331.57 295.68 -1 -1 -1 -1000 -1000 -1000 -10 0.0010 
Car -1 -1 -10 7.26 197.16 94.85 244.33 -1 -1 -1 -1000 -1000 -1000 -10 0.0007 
Car -1 -1 -10 461.30 182.44 503.98 223.56 -1 -1 -1 -1000 -1000 -1000 -10 0.0005 
Car -1 -1 -10 91.77 186.50 225.62 256.45 -1 -1 -1 -1000 -1000 -1000 -10 0.0004 
Car -1 -1 -10 5.96 195.11 116.13 270.75 -1 -1 -1 -1000 -1000 -1000 -10 0.0004 
Car -1 -1 -10 116.78 185.77 220.99 219.81 -1 -1 -1 -1000 -1000 -1000 -10 0.0002 
Car -1 -1 -10 386.16 190.10 422.50 217.66 -1 -1 -1 -1000 -1000 -1000 -10 0.0001 
Car -1 -1 -10 300.06 181.05 422.68 266.97 -1 -1 -1 -1000 -1000 -1000 -10 0.0000 
Car -1 -1 -10 2.52 106.12 342.64 288.55 -1 -1 -1 -1000 -1000 -1000 -10 0.0000 
Car -1 -1 -10 371.68 175.51 435.99 209.89 -1 -1 -1 -1000 -1000 -1000 -10 0.0000 
Car -1 -1 -10 569.10 168.34 612.69 216.34 -1 -1 -1 -1000 -1000 -1000 -10 0.0000 
Car -1 -1 -10 423.96 189.57 463.12 227.87 -1 -1 -1 -1000 -1000 -1000 -10 0.0000 
