Car -1 -1 -10 490.40 175.15 555.86 228.93 -1 -1 -1 -1000 -1000 -1000 -10 0.9998 
Car -1 -1 -10 545.08 163.49 577.04 195.41 -1 -1 -1 -1000 -1000 -1000 -10 0.5455 
Car -1 -1 -10 1135.20 248.67 1206.82 291.94 -1 -1 -1 -1000 -1000 -1000 -10 0.0089 
Car -1 -1 -10 927.70 206.05 1237.90 366.22 -1 -1 -1 -1000 -1000 -1000 -10 0.0037 
Car -1 -1 -10 137.69 64.90 219.83 109.91 -1 -1 -1 -1000 -1000 -1000 -10 0.0033 
Car -1 -1 -10 556.57 148.17 581.23 193.08 -1 -1 -1 -1000 -1000 -1000 -10 0.0031 
Car -1 -1 -10 195.46 231.50 290.34 291.64 -1 -1 -1 -1000 -1000 -1000 -10 0.0021 
Car -1 -1 -10 511.49 121.61 561.91 158.14 -1 -1 -1 -1000 -1000 -1000 -10 0.0021 
Car -1 -1 -10 24.36 136.65 85.85 161.27 -1 -1 -1 -1000 -1000 -1000 -10 0.0019 
Car -1 -1 -10 790.42 197.39 860.98 234.52 -1 -1 -1 -1000 -1000 -1000 -10 0.0018 
Car -1 -1 -10 91.10 111.58 136.23 130.84 -1 -1 -1 -1000 -1000 -1000 -10 0.0015 
Car -1 -1 -10 94.82 112.79 150.65 143.43 -1 -1 -1 -1000 -1000 -1000 -10 0.0014 
Car -1 -1 -10 1094.70 186.77 1220.54 254.59 -1 -1 -1 -1000 -1000 -1000 -10 0.0008 
Car -1 -1 -10 236.92 234.16 320.35 281.89 -1 -1 -1 -1000 -1000 -1000 -10 0.0008 
Car -1 -1 -10 99.97 100.20 149.22 129.16 -1 -1 -1 -1000 -1000 -1000 -10 0.0007 
Car -1 -1 -10 1162.00 246.55 1243.05 315.40 -1 -1 -1 -1000 -1000 -1000 -10 0.0007 
Car -1 -1 -10 1056.90 274.00 1165.02 334.15 -1 -1 -1 -1000 -1000 -1000 -10 0.0007 
Car -1 -1 -10 87.69 123.99 152.12 148.19 -1 -1 -1 -1000 -1000 -1000 -10 0.0005 
Car -1 -1 -10 139.28 301.88 206.36 334.46 -1 -1 -1 -1000 -1000 -1000 -10 0.0004 
Car -1 -1 -10 523.34 172.89 557.81 212.34 -1 -1 -1 -1000 -1000 -1000 -10 0.0003 
Car -1 -1 -10 1143.00 236.54 1242.96 289.69 -1 -1 -1 -1000 -1000 -1000 -10 0.0003 
Car -1 -1 -10 132.93 301.46 193.76 323.25 -1 -1 -1 -1000 -1000 -1000 -10 0.0003 
Car -1 -1 -10 112.79 150.73 186.95 196.54 -1 -1 -1 -1000 -1000 -1000 -10 0.0003 
Car -1 -1 -10 52.53 101.19 145.74 130.09 -1 -1 -1 -1000 -1000 -1000 -10 0.0003 
Car -1 -1 -10 116.92 167.50 178.96 204.22 -1 -1 -1 -1000 -1000 -1000 -10 0.0003 
Car -1 -1 -10 81.93 129.38 153.77 168.01 -1 -1 -1 -1000 -1000 -1000 -10 0.0002 
Car -1 -1 -10 105.49 109.45 186.84 148.62 -1 -1 -1 -1000 -1000 -1000 -10 0.0002 
Car -1 -1 -10 20.47 301.89 106.08 325.70 -1 -1 -1 -1000 -1000 -1000 -10 0.0002 
Car -1 -1 -10 35.77 297.26 127.74 319.87 -1 -1 -1 -1000 -1000 -1000 -10 0.0002 
Car -1 -1 -10 140.64 85.62 225.39 128.81 -1 -1 -1 -1000 -1000 -1000 -10 0.0002 
Car -1 -1 -10 917.21 217.53 1003.34 284.74 -1 -1 -1 -1000 -1000 -1000 -10 0.0002 
Car -1 -1 -10 74.07 115.66 139.85 140.17 -1 -1 -1 -1000 -1000 -1000 -10 0.0002 
Car -1 -1 -10 187.48 73.18 267.28 107.72 -1 -1 -1 -1000 -1000 -1000 -10 0.0001 
Car -1 -1 -10 1163.00 195.03 1243.04 242.13 -1 -1 -1 -1000 -1000 -1000 -10 0.0001 
Car -1 -1 -10 9.46 162.03 70.88 202.15 -1 -1 -1 -1000 -1000 -1000 -10 0.0001 
Car -1 -1 -10 92.50 125.41 197.44 158.32 -1 -1 -1 -1000 -1000 -1000 -10 0.0001 
Car -1 -1 -10 1061.40 201.94 1187.78 258.61 -1 -1 -1 -1000 -1000 -1000 -10 0.0001 
Car -1 -1 -10 33.62 174.33 115.58 206.66 -1 -1 -1 -1000 -1000 -1000 -10 0.0000 
Car -1 -1 -10 912.24 198.25 970.28 231.35 -1 -1 -1 -1000 -1000 -1000 -10 0.0000 
Car -1 -1 -10 13.97 115.14 69.23 137.72 -1 -1 -1 -1000 -1000 -1000 -10 0.0000 
Car -1 -1 -10 0.00 159.70 103.53 193.98 -1 -1 -1 -1000 -1000 -1000 -10 0.0000 
Car -1 -1 -10 120.87 122.12 206.62 170.48 -1 -1 -1 -1000 -1000 -1000 -10 0.0000 
Car -1 -1 -10 144.14 143.43 250.49 175.10 -1 -1 -1 -1000 -1000 -1000 -10 0.0000 
Car -1 -1 -10 130.41 100.83 218.96 141.93 -1 -1 -1 -1000 -1000 -1000 -10 0.0000 
Car -1 -1 -10 31.32 185.46 98.30 211.15 -1 -1 -1 -1000 -1000 -1000 -10 0.0000 
Car -1 -1 -10 906.18 242.70 997.80 294.22 -1 -1 -1 -1000 -1000 -1000 -10 0.0000 
Car -1 -1 -10 154.38 153.34 249.40 183.91 -1 -1 -1 -1000 -1000 -1000 -10 0.0000 
Car -1 -1 -10 43.39 286.05 102.15 301.62 -1 -1 -1 -1000 -1000 -1000 -10 0.0000 
Car -1 -1 -10 188.43 218.62 224.84 256.86 -1 -1 -1 -1000 -1000 -1000 -10 0.0000 
Car -1 -1 -10 997.83 202.63 1076.92 255.14 -1 -1 -1 -1000 -1000 -1000 -10 0.0000 
Car -1 -1 -10 273.13 231.19 339.18 272.35 -1 -1 -1 -1000 -1000 -1000 -10 0.0000 
Car -1 -1 -10 45.08 288.47 127.45 308.60 -1 -1 -1 -1000 -1000 -1000 -10 0.0000 
Car -1 -1 -10 55.65 282.23 121.62 297.52 -1 -1 -1 -1000 -1000 -1000 -10 0.0000 
Car -1 -1 -10 45.13 278.22 148.61 298.27 -1 -1 -1 -1000 -1000 -1000 -10 0.0000 
Car -1 -1 -10 20.90 282.08 82.27 296.70 -1 -1 -1 -1000 -1000 -1000 -10 0.0000 
Car -1 -1 -10 24.49 289.51 81.52 306.45 -1 -1 -1 -1000 -1000 -1000 -10 0.0000 
Car -1 -1 -10 48.32 268.28 141.38 293.18 -1 -1 -1 -1000 -1000 -1000 -10 0.0000 
Car -1 -1 -10 25.28 271.47 99.98 295.16 -1 -1 -1 -1000 -1000 -1000 -10 0.0000 
Car -1 -1 -10 16.73 263.60 126.45 290.72 -1 -1 -1 -1000 -1000 -1000 -10 0.0000 
