Car -1 -1 -10 1016.60 181.22 1086.60 215.71 -1 -1 -1 -1000 -1000 -1000 -10 0.0529 
Car -1 -1 -10 1051.20 216.60 1133.54 261.65 -1 -1 -1 -1000 -1000 -1000 -10 0.0195 
Car -1 -1 -10 1120.40 171.39 1207.62 203.09 -1 -1 -1 -1000 -1000 -1000 -10 0.0096 
Car -1 -1 -10 970.45 91.15 1110.57 123.53 -1 -1 -1 -1000 -1000 -1000 -10 0.0082 
Car -1 -1 -10 607.60 159.15 628.08 179.58 -1 -1 -1 -1000 -1000 -1000 -10 0.0053 
Car -1 -1 -10 886.65 154.96 946.61 197.13 -1 -1 -1 -1000 -1000 -1000 -10 0.0030 
Car -1 -1 -10 1092.50 175.89 1224.95 221.91 -1 -1 -1 -1000 -1000 -1000 -10 0.0029 
Car -1 -1 -10 893.01 173.77 1031.69 261.40 -1 -1 -1 -1000 -1000 -1000 -10 0.0026 
Car -1 -1 -10 967.78 176.90 1022.29 206.53 -1 -1 -1 -1000 -1000 -1000 -10 0.0025 
Car -1 -1 -10 1104.60 134.98 1147.80 185.06 -1 -1 -1 -1000 -1000 -1000 -10 0.0022 
Car -1 -1 -10 1011.00 187.67 1214.01 265.68 -1 -1 -1 -1000 -1000 -1000 -10 0.0020 
Car -1 -1 -10 1002.50 177.40 1109.12 254.40 -1 -1 -1 -1000 -1000 -1000 -10 0.0020 
Car -1 -1 -10 655.15 167.75 709.19 203.11 -1 -1 -1 -1000 -1000 -1000 -10 0.0018 
Car -1 -1 -10 712.60 162.36 818.55 219.22 -1 -1 -1 -1000 -1000 -1000 -10 0.0018 
Car -1 -1 -10 967.84 177.76 1041.83 230.91 -1 -1 -1 -1000 -1000 -1000 -10 0.0015 
Car -1 -1 -10 677.33 177.66 746.18 235.92 -1 -1 -1 -1000 -1000 -1000 -10 0.0011 
Car -1 -1 -10 477.19 105.91 522.15 134.23 -1 -1 -1 -1000 -1000 -1000 -10 0.0011 
Car -1 -1 -10 1120.50 207.55 1224.99 267.78 -1 -1 -1 -1000 -1000 -1000 -10 0.0006 
Car -1 -1 -10 483.06 103.87 534.02 124.53 -1 -1 -1 -1000 -1000 -1000 -10 0.0005 
Car -1 -1 -10 1054.10 181.76 1176.50 233.78 -1 -1 -1 -1000 -1000 -1000 -10 0.0005 
Car -1 -1 -10 411.19 147.98 466.64 181.33 -1 -1 -1 -1000 -1000 -1000 -10 0.0004 
Car -1 -1 -10 658.15 168.43 747.05 212.62 -1 -1 -1 -1000 -1000 -1000 -10 0.0004 
Car -1 -1 -10 467.55 102.25 543.24 136.72 -1 -1 -1 -1000 -1000 -1000 -10 0.0003 
Car -1 -1 -10 629.76 50.68 746.93 105.39 -1 -1 -1 -1000 -1000 -1000 -10 0.0002 
Car -1 -1 -10 644.77 111.50 712.36 157.60 -1 -1 -1 -1000 -1000 -1000 -10 0.0001 
Car -1 -1 -10 47.25 226.89 133.08 260.74 -1 -1 -1 -1000 -1000 -1000 -10 0.0001 
Car -1 -1 -10 392.28 145.40 449.78 177.40 -1 -1 -1 -1000 -1000 -1000 -10 0.0001 
Car -1 -1 -10 1006.00 208.23 1122.57 261.09 -1 -1 -1 -1000 -1000 -1000 -10 0.0001 
Car -1 -1 -10 394.45 183.01 443.10 213.61 -1 -1 -1 -1000 -1000 -1000 -10 0.0001 
Car -1 -1 -10 41.08 182.76 108.94 202.95 -1 -1 -1 -1000 -1000 -1000 -10 0.0001 
Car -1 -1 -10 1079.40 158.68 1145.23 212.49 -1 -1 -1 -1000 -1000 -1000 -10 0.0000 
Car -1 -1 -10 540.34 80.46 621.73 107.60 -1 -1 -1 -1000 -1000 -1000 -10 0.0000 
Car -1 -1 -10 341.96 147.37 387.52 172.52 -1 -1 -1 -1000 -1000 -1000 -10 0.0000 
Car -1 -1 -10 1082.40 147.94 1173.09 198.31 -1 -1 -1 -1000 -1000 -1000 -10 0.0000 
Car -1 -1 -10 513.85 69.27 579.08 89.99 -1 -1 -1 -1000 -1000 -1000 -10 0.0000 
Car -1 -1 -10 213.20 199.02 264.15 232.98 -1 -1 -1 -1000 -1000 -1000 -10 0.0000 
