Car -1 -1 -10 454.46 179.64 530.94 223.61 -1 -1 -1 -1000 -1000 -1000 -10 0.9998 
Car -1 -1 -10 680.09 174.29 727.10 214.06 -1 -1 -1 -1000 -1000 -1000 -10 0.9973 
Car -1 -1 -10 0.00 179.95 306.50 373.90 -1 -1 -1 -1000 -1000 -1000 -10 0.9451 
Car -1 -1 -10 640.72 167.52 672.14 189.23 -1 -1 -1 -1000 -1000 -1000 -10 0.4548 
Car -1 -1 -10 161.80 183.03 322.42 322.59 -1 -1 -1 -1000 -1000 -1000 -10 0.0182 
Car -1 -1 -10 1032.10 157.21 1106.90 190.19 -1 -1 -1 -1000 -1000 -1000 -10 0.0142 
Car -1 -1 -10 171.22 196.07 314.70 240.60 -1 -1 -1 -1000 -1000 -1000 -10 0.0132 
Car -1 -1 -10 1175.40 190.54 1242.97 234.07 -1 -1 -1 -1000 -1000 -1000 -10 0.0062 
Car -1 -1 -10 842.50 34.42 904.02 84.78 -1 -1 -1 -1000 -1000 -1000 -10 0.0022 
Car -1 -1 -10 32.47 195.35 256.65 318.25 -1 -1 -1 -1000 -1000 -1000 -10 0.0012 
Car -1 -1 -10 538.64 170.63 595.46 192.23 -1 -1 -1 -1000 -1000 -1000 -10 0.0008 
Car -1 -1 -10 850.79 42.70 923.92 99.40 -1 -1 -1 -1000 -1000 -1000 -10 0.0007 
Car -1 -1 -10 833.63 177.37 914.22 237.96 -1 -1 -1 -1000 -1000 -1000 -10 0.0005 
Car -1 -1 -10 89.20 193.75 218.69 234.19 -1 -1 -1 -1000 -1000 -1000 -10 0.0004 
Car -1 -1 -10 831.36 324.93 1034.00 350.58 -1 -1 -1 -1000 -1000 -1000 -10 0.0004 
Car -1 -1 -10 1046.30 213.09 1178.60 271.90 -1 -1 -1 -1000 -1000 -1000 -10 0.0004 
Car -1 -1 -10 534.21 152.61 606.27 190.43 -1 -1 -1 -1000 -1000 -1000 -10 0.0003 
Car -1 -1 -10 2.56 268.62 263.96 369.29 -1 -1 -1 -1000 -1000 -1000 -10 0.0003 
Car -1 -1 -10 876.51 298.50 952.13 320.77 -1 -1 -1 -1000 -1000 -1000 -10 0.0002 
Car -1 -1 -10 59.19 196.02 240.90 252.74 -1 -1 -1 -1000 -1000 -1000 -10 0.0002 
Car -1 -1 -10 8.18 141.36 78.65 198.15 -1 -1 -1 -1000 -1000 -1000 -10 0.0001 
Car -1 -1 -10 106.99 192.35 190.55 224.22 -1 -1 -1 -1000 -1000 -1000 -10 0.0001 
Car -1 -1 -10 101.23 221.76 279.15 320.55 -1 -1 -1 -1000 -1000 -1000 -10 0.0001 
Car -1 -1 -10 1117.80 99.55 1171.79 133.14 -1 -1 -1 -1000 -1000 -1000 -10 0.0000 
Car -1 -1 -10 598.79 133.85 643.01 155.04 -1 -1 -1 -1000 -1000 -1000 -10 0.0000 
Car -1 -1 -10 755.64 67.18 856.66 124.73 -1 -1 -1 -1000 -1000 -1000 -10 0.0000 
Car -1 -1 -10 223.66 198.31 322.10 293.52 -1 -1 -1 -1000 -1000 -1000 -10 0.0000 
Car -1 -1 -10 61.60 200.91 185.02 236.73 -1 -1 -1 -1000 -1000 -1000 -10 0.0000 
Car -1 -1 -10 202.73 154.74 314.54 178.89 -1 -1 -1 -1000 -1000 -1000 -10 0.0000 
Car -1 -1 -10 186.57 155.03 325.94 201.97 -1 -1 -1 -1000 -1000 -1000 -10 0.0000 
Car -1 -1 -10 136.69 198.33 272.93 256.58 -1 -1 -1 -1000 -1000 -1000 -10 0.0000 
Car -1 -1 -10 653.17 168.81 682.59 189.28 -1 -1 -1 -1000 -1000 -1000 -10 0.0000 
Car -1 -1 -10 252.06 194.41 323.27 254.25 -1 -1 -1 -1000 -1000 -1000 -10 0.0000 
Car -1 -1 -10 110.01 266.70 266.33 339.29 -1 -1 -1 -1000 -1000 -1000 -10 0.0000 
Car -1 -1 -10 669.95 170.16 693.72 190.10 -1 -1 -1 -1000 -1000 -1000 -10 0.0000 
Car -1 -1 -10 13.35 154.17 115.84 251.83 -1 -1 -1 -1000 -1000 -1000 -10 0.0000 
Car -1 -1 -10 264.38 180.32 345.06 238.79 -1 -1 -1 -1000 -1000 -1000 -10 0.0000 
