Car -1 -1 -10 405.98 175.84 550.88 280.82 -1 -1 -1 -1000 -1000 -1000 -10 0.9999 
Car -1 -1 -10 690.28 173.93 738.02 212.31 -1 -1 -1 -1000 -1000 -1000 -10 0.9994 
Car -1 -1 -10 591.88 172.71 625.50 200.67 -1 -1 -1 -1000 -1000 -1000 -10 0.9986 
Car -1 -1 -10 739.16 168.03 955.65 325.62 -1 -1 -1 -1000 -1000 -1000 -10 0.9983 
Car -1 -1 -10 470.32 176.52 589.08 253.05 -1 -1 -1 -1000 -1000 -1000 -10 0.2431 
Car -1 -1 -10 674.83 173.98 722.02 201.59 -1 -1 -1 -1000 -1000 -1000 -10 0.1703 
Car -1 -1 -10 264.09 276.63 339.81 326.01 -1 -1 -1 -1000 -1000 -1000 -10 0.0106 
Car -1 -1 -10 722.08 178.26 820.06 262.06 -1 -1 -1 -1000 -1000 -1000 -10 0.0065 
Car -1 -1 -10 281.38 255.73 368.06 314.08 -1 -1 -1 -1000 -1000 -1000 -10 0.0043 
Car -1 -1 -10 305.48 250.53 406.58 301.28 -1 -1 -1 -1000 -1000 -1000 -10 0.0020 
Car -1 -1 -10 1037.60 125.20 1100.56 155.83 -1 -1 -1 -1000 -1000 -1000 -10 0.0018 
Car -1 -1 -10 1010.60 102.21 1110.27 176.55 -1 -1 -1 -1000 -1000 -1000 -10 0.0015 
Car -1 -1 -10 1069.40 116.57 1111.51 157.64 -1 -1 -1 -1000 -1000 -1000 -10 0.0012 
Car -1 -1 -10 468.46 178.92 541.64 221.98 -1 -1 -1 -1000 -1000 -1000 -10 0.0005 
Car -1 -1 -10 720.63 182.54 794.13 222.63 -1 -1 -1 -1000 -1000 -1000 -10 0.0003 
Car -1 -1 -10 769.05 173.99 832.28 199.26 -1 -1 -1 -1000 -1000 -1000 -10 0.0003 
Car -1 -1 -10 765.16 173.24 802.44 192.17 -1 -1 -1 -1000 -1000 -1000 -10 0.0002 
Car -1 -1 -10 495.09 178.35 580.33 223.77 -1 -1 -1 -1000 -1000 -1000 -10 0.0001 
Car -1 -1 -10 496.84 177.68 576.63 200.20 -1 -1 -1 -1000 -1000 -1000 -10 0.0001 
Car -1 -1 -10 992.08 315.63 1051.16 361.54 -1 -1 -1 -1000 -1000 -1000 -10 0.0001 
Car -1 -1 -10 130.88 307.55 261.66 361.51 -1 -1 -1 -1000 -1000 -1000 -10 0.0001 
Car -1 -1 -10 1019.10 129.07 1107.97 167.61 -1 -1 -1 -1000 -1000 -1000 -10 0.0001 
Car -1 -1 -10 754.86 175.50 859.48 223.59 -1 -1 -1 -1000 -1000 -1000 -10 0.0001 
Car -1 -1 -10 375.59 178.32 524.65 244.10 -1 -1 -1 -1000 -1000 -1000 -10 0.0000 
Car -1 -1 -10 737.42 178.19 820.20 215.82 -1 -1 -1 -1000 -1000 -1000 -10 0.0000 
Car -1 -1 -10 783.58 165.64 819.67 180.60 -1 -1 -1 -1000 -1000 -1000 -10 0.0000 
Car -1 -1 -10 710.87 178.75 764.96 218.85 -1 -1 -1 -1000 -1000 -1000 -10 0.0000 
Car -1 -1 -10 922.47 109.98 1033.12 179.01 -1 -1 -1 -1000 -1000 -1000 -10 0.0000 
Car -1 -1 -10 840.92 207.18 941.50 271.15 -1 -1 -1 -1000 -1000 -1000 -10 0.0000 
Car -1 -1 -10 953.74 170.98 1052.48 235.38 -1 -1 -1 -1000 -1000 -1000 -10 0.0000 
Car -1 -1 -10 867.20 107.22 947.08 158.59 -1 -1 -1 -1000 -1000 -1000 -10 0.0000 
Car -1 -1 -10 535.46 180.82 593.97 220.68 -1 -1 -1 -1000 -1000 -1000 -10 0.0000 
