Car -1 -1 -10 572.55 175.69 617.11 218.23 -1 -1 -1 -1000 -1000 -1000 -10 0.9999 
Car -1 -1 -10 16.98 164.69 251.70 285.63 -1 -1 -1 -1000 -1000 -1000 -10 0.9843 
Car -1 -1 -10 465.08 174.77 522.32 215.68 -1 -1 -1 -1000 -1000 -1000 -10 0.8015 
Car -1 -1 -10 97.98 182.33 254.86 275.06 -1 -1 -1 -1000 -1000 -1000 -10 0.3528 
Car -1 -1 -10 510.86 180.97 536.38 206.33 -1 -1 -1 -1000 -1000 -1000 -10 0.1841 
Car -1 -1 -10 231.50 190.49 303.52 242.55 -1 -1 -1 -1000 -1000 -1000 -10 0.1333 
Car -1 -1 -10 135.96 172.15 221.64 216.78 -1 -1 -1 -1000 -1000 -1000 -10 0.1004 
Car -1 -1 -10 355.40 131.04 489.07 264.79 -1 -1 -1 -1000 -1000 -1000 -10 0.0647 
Car -1 -1 -10 926.73 130.82 972.23 166.72 -1 -1 -1 -1000 -1000 -1000 -10 0.0355 
Car -1 -1 -10 522.77 159.46 552.61 201.20 -1 -1 -1 -1000 -1000 -1000 -10 0.0352 
Car -1 -1 -10 907.38 135.49 951.88 167.13 -1 -1 -1 -1000 -1000 -1000 -10 0.0277 
Car -1 -1 -10 914.86 145.91 964.02 182.12 -1 -1 -1 -1000 -1000 -1000 -10 0.0242 
Car -1 -1 -10 1164.30 83.59 1236.57 123.28 -1 -1 -1 -1000 -1000 -1000 -10 0.0234 
Car -1 -1 -10 896.02 143.52 939.96 173.13 -1 -1 -1 -1000 -1000 -1000 -10 0.0194 
Car -1 -1 -10 178.58 197.24 226.34 227.90 -1 -1 -1 -1000 -1000 -1000 -10 0.0165 
Car -1 -1 -10 875.00 144.49 917.33 174.75 -1 -1 -1 -1000 -1000 -1000 -10 0.0158 
Car -1 -1 -10 935.55 122.36 977.67 154.72 -1 -1 -1 -1000 -1000 -1000 -10 0.0157 
Car -1 -1 -10 776.54 245.71 825.82 280.50 -1 -1 -1 -1000 -1000 -1000 -10 0.0141 
Car -1 -1 -10 499.67 175.35 541.31 204.75 -1 -1 -1 -1000 -1000 -1000 -10 0.0131 
Car -1 -1 -10 225.66 187.84 336.46 256.65 -1 -1 -1 -1000 -1000 -1000 -10 0.0115 
Car -1 -1 -10 913.05 126.86 979.53 176.63 -1 -1 -1 -1000 -1000 -1000 -10 0.0109 
Car -1 -1 -10 932.83 146.77 982.38 181.70 -1 -1 -1 -1000 -1000 -1000 -10 0.0092 
Car -1 -1 -10 885.68 171.82 927.01 200.10 -1 -1 -1 -1000 -1000 -1000 -10 0.0074 
Car -1 -1 -10 746.41 253.94 824.54 283.68 -1 -1 -1 -1000 -1000 -1000 -10 0.0061 
Car -1 -1 -10 475.91 170.82 537.34 207.14 -1 -1 -1 -1000 -1000 -1000 -10 0.0060 
Car -1 -1 -10 21.55 176.00 131.32 253.02 -1 -1 -1 -1000 -1000 -1000 -10 0.0053 
Car -1 -1 -10 166.77 178.51 219.94 223.27 -1 -1 -1 -1000 -1000 -1000 -10 0.0038 
Car -1 -1 -10 865.08 176.81 911.49 206.55 -1 -1 -1 -1000 -1000 -1000 -10 0.0034 
Car -1 -1 -10 162.87 196.09 233.01 244.32 -1 -1 -1 -1000 -1000 -1000 -10 0.0019 
Car -1 -1 -10 363.25 131.31 433.99 159.18 -1 -1 -1 -1000 -1000 -1000 -10 0.0014 
Car -1 -1 -10 71.05 169.61 196.75 219.93 -1 -1 -1 -1000 -1000 -1000 -10 0.0008 
Car -1 -1 -10 819.91 200.98 870.70 229.34 -1 -1 -1 -1000 -1000 -1000 -10 0.0008 
Car -1 -1 -10 267.33 134.07 478.92 284.27 -1 -1 -1 -1000 -1000 -1000 -10 0.0006 
Car -1 -1 -10 735.78 197.95 785.39 230.40 -1 -1 -1 -1000 -1000 -1000 -10 0.0006 
Car -1 -1 -10 380.83 177.95 485.12 255.06 -1 -1 -1 -1000 -1000 -1000 -10 0.0006 
Car -1 -1 -10 131.97 178.48 209.60 247.85 -1 -1 -1 -1000 -1000 -1000 -10 0.0004 
Car -1 -1 -10 442.00 157.56 528.10 215.82 -1 -1 -1 -1000 -1000 -1000 -10 0.0001 
Car -1 -1 -10 235.45 175.02 424.95 283.88 -1 -1 -1 -1000 -1000 -1000 -10 0.0001 
Car -1 -1 -10 221.31 192.45 261.66 221.93 -1 -1 -1 -1000 -1000 -1000 -10 0.0000 
Car -1 -1 -10 135.99 185.19 402.66 265.67 -1 -1 -1 -1000 -1000 -1000 -10 0.0000 
Car -1 -1 -10 15.16 223.33 126.05 258.29 -1 -1 -1 -1000 -1000 -1000 -10 0.0000 
Car -1 -1 -10 347.15 134.56 496.81 190.48 -1 -1 -1 -1000 -1000 -1000 -10 0.0000 
Car -1 -1 -10 309.58 75.14 621.85 232.27 -1 -1 -1 -1000 -1000 -1000 -10 0.0000 
Car -1 -1 -10 203.43 196.01 255.84 226.09 -1 -1 -1 -1000 -1000 -1000 -10 0.0000 
Car -1 -1 -10 0.09 216.30 166.88 271.13 -1 -1 -1 -1000 -1000 -1000 -10 0.0000 
Car -1 -1 -10 444.32 196.66 485.82 239.38 -1 -1 -1 -1000 -1000 -1000 -10 0.0000 
Car -1 -1 -10 602.45 192.52 636.27 215.20 -1 -1 -1 -1000 -1000 -1000 -10 0.0000 
Car -1 -1 -10 81.58 224.63 177.71 283.10 -1 -1 -1 -1000 -1000 -1000 -10 0.0000 
