Car -1 -1 -10 1051.30 171.84 1101.63 202.10 -1 -1 -1 -1000 -1000 -1000 -10 0.9991 
Car -1 -1 -10 1198.10 175.70 1225.02 199.10 -1 -1 -1 -1000 -1000 -1000 -10 0.0421 
Car -1 -1 -10 183.69 168.93 271.51 221.39 -1 -1 -1 -1000 -1000 -1000 -10 0.0047 
Car -1 -1 -10 531.56 203.40 585.40 218.19 -1 -1 -1 -1000 -1000 -1000 -10 0.0039 
Car -1 -1 -10 586.05 160.13 748.08 231.71 -1 -1 -1 -1000 -1000 -1000 -10 0.0030 
Car -1 -1 -10 607.55 166.79 665.70 199.49 -1 -1 -1 -1000 -1000 -1000 -10 0.0002 
Car -1 -1 -10 680.53 159.95 741.64 216.59 -1 -1 -1 -1000 -1000 -1000 -10 0.0001 
Car -1 -1 -10 1174.40 178.45 1225.00 201.09 -1 -1 -1 -1000 -1000 -1000 -10 0.0001 
Car -1 -1 -10 579.71 189.81 622.14 224.79 -1 -1 -1 -1000 -1000 -1000 -10 0.0000 
Car -1 -1 -10 434.59 201.31 506.06 223.90 -1 -1 -1 -1000 -1000 -1000 -10 0.0000 
Car -1 -1 -10 569.87 172.56 646.94 215.60 -1 -1 -1 -1000 -1000 -1000 -10 0.0000 
Car -1 -1 -10 536.51 180.12 597.01 218.44 -1 -1 -1 -1000 -1000 -1000 -10 0.0000 
Car -1 -1 -10 204.48 218.29 253.77 249.92 -1 -1 -1 -1000 -1000 -1000 -10 0.0000 
Car -1 -1 -10 585.33 183.55 647.39 228.39 -1 -1 -1 -1000 -1000 -1000 -10 0.0000 
Car -1 -1 -10 426.04 269.54 484.75 307.22 -1 -1 -1 -1000 -1000 -1000 -10 0.0000 
