Car -1 -1 -10 288.22 172.26 455.63 250.37 -1 -1 -1 -1000 -1000 -1000 -10 0.9993 
Car -1 -1 -10 797.06 159.06 862.18 202.94 -1 -1 -1 -1000 -1000 -1000 -10 0.9892 
Car -1 -1 -10 511.03 173.53 576.65 195.14 -1 -1 -1 -1000 -1000 -1000 -10 0.3526 
Car -1 -1 -10 841.67 163.40 895.90 201.66 -1 -1 -1 -1000 -1000 -1000 -10 0.3030 
Car -1 -1 -10 423.78 175.58 520.32 212.07 -1 -1 -1 -1000 -1000 -1000 -10 0.1948 
Car -1 -1 -10 879.17 161.06 970.69 220.78 -1 -1 -1 -1000 -1000 -1000 -10 0.1482 
Car -1 -1 -10 9.62 188.84 362.01 287.88 -1 -1 -1 -1000 -1000 -1000 -10 0.1044 
Car -1 -1 -10 891.94 164.66 950.74 195.22 -1 -1 -1 -1000 -1000 -1000 -10 0.0959 
Car -1 -1 -10 67.05 184.82 148.76 222.53 -1 -1 -1 -1000 -1000 -1000 -10 0.0624 
Car -1 -1 -10 749.82 167.64 775.83 188.67 -1 -1 -1 -1000 -1000 -1000 -10 0.0315 
Car -1 -1 -10 190.21 53.56 261.17 105.49 -1 -1 -1 -1000 -1000 -1000 -10 0.0236 
Car -1 -1 -10 104.08 192.22 163.57 220.93 -1 -1 -1 -1000 -1000 -1000 -10 0.0195 
Car -1 -1 -10 1123.20 150.18 1165.85 190.27 -1 -1 -1 -1000 -1000 -1000 -10 0.0043 
Car -1 -1 -10 594.75 104.56 635.94 137.40 -1 -1 -1 -1000 -1000 -1000 -10 0.0033 
Car -1 -1 -10 113.23 187.37 188.09 218.48 -1 -1 -1 -1000 -1000 -1000 -10 0.0026 
Car -1 -1 -10 61.91 190.39 203.78 234.66 -1 -1 -1 -1000 -1000 -1000 -10 0.0025 
Car -1 -1 -10 622.80 104.83 686.22 132.81 -1 -1 -1 -1000 -1000 -1000 -10 0.0021 
Car -1 -1 -10 604.01 105.05 672.57 140.94 -1 -1 -1 -1000 -1000 -1000 -10 0.0018 
Car -1 -1 -10 758.21 68.17 810.53 102.20 -1 -1 -1 -1000 -1000 -1000 -10 0.0013 
Car -1 -1 -10 326.96 183.12 401.97 212.74 -1 -1 -1 -1000 -1000 -1000 -10 0.0011 
Car -1 -1 -10 931.87 31.70 984.04 66.22 -1 -1 -1 -1000 -1000 -1000 -10 0.0010 
Car -1 -1 -10 205.61 169.91 275.08 226.85 -1 -1 -1 -1000 -1000 -1000 -10 0.0010 
Car -1 -1 -10 662.66 61.90 715.29 97.97 -1 -1 -1 -1000 -1000 -1000 -10 0.0009 
Car -1 -1 -10 795.76 92.47 861.60 125.06 -1 -1 -1 -1000 -1000 -1000 -10 0.0008 
Car -1 -1 -10 1130.20 184.49 1217.53 240.17 -1 -1 -1 -1000 -1000 -1000 -10 0.0008 
Car -1 -1 -10 646.57 113.91 710.41 147.89 -1 -1 -1 -1000 -1000 -1000 -10 0.0008 
Car -1 -1 -10 353.68 173.67 474.56 241.83 -1 -1 -1 -1000 -1000 -1000 -10 0.0007 
Car -1 -1 -10 603.75 92.34 657.20 123.45 -1 -1 -1 -1000 -1000 -1000 -10 0.0007 
Car -1 -1 -10 834.57 78.02 889.27 104.32 -1 -1 -1 -1000 -1000 -1000 -10 0.0007 
Car -1 -1 -10 1127.90 123.69 1171.23 149.12 -1 -1 -1 -1000 -1000 -1000 -10 0.0006 
Car -1 -1 -10 819.31 97.84 891.26 132.25 -1 -1 -1 -1000 -1000 -1000 -10 0.0006 
Car -1 -1 -10 409.04 179.11 484.50 223.18 -1 -1 -1 -1000 -1000 -1000 -10 0.0006 
Car -1 -1 -10 773.92 87.73 847.19 119.90 -1 -1 -1 -1000 -1000 -1000 -10 0.0005 
Car -1 -1 -10 320.70 179.86 420.19 238.64 -1 -1 -1 -1000 -1000 -1000 -10 0.0005 
Car -1 -1 -10 735.04 95.40 788.35 118.81 -1 -1 -1 -1000 -1000 -1000 -10 0.0005 
Car -1 -1 -10 657.29 26.82 720.01 62.26 -1 -1 -1 -1000 -1000 -1000 -10 0.0005 
Car -1 -1 -10 354.27 105.13 420.55 126.88 -1 -1 -1 -1000 -1000 -1000 -10 0.0005 
Car -1 -1 -10 693.93 44.06 745.17 67.04 -1 -1 -1 -1000 -1000 -1000 -10 0.0004 
Car -1 -1 -10 758.27 32.28 837.30 61.72 -1 -1 -1 -1000 -1000 -1000 -10 0.0003 
Car -1 -1 -10 18.31 153.29 102.55 218.24 -1 -1 -1 -1000 -1000 -1000 -10 0.0003 
Car -1 -1 -10 810.51 36.74 872.62 70.64 -1 -1 -1 -1000 -1000 -1000 -10 0.0003 
Car -1 -1 -10 759.28 79.94 823.04 116.55 -1 -1 -1 -1000 -1000 -1000 -10 0.0003 
Car -1 -1 -10 744.88 30.30 805.02 56.02 -1 -1 -1 -1000 -1000 -1000 -10 0.0002 
Car -1 -1 -10 906.00 33.84 972.36 65.25 -1 -1 -1 -1000 -1000 -1000 -10 0.0002 
Car -1 -1 -10 234.46 195.30 425.33 251.02 -1 -1 -1 -1000 -1000 -1000 -10 0.0002 
Car -1 -1 -10 816.40 171.91 857.47 203.31 -1 -1 -1 -1000 -1000 -1000 -10 0.0002 
Car -1 -1 -10 831.55 34.27 894.70 71.76 -1 -1 -1 -1000 -1000 -1000 -10 0.0002 
Car -1 -1 -10 923.41 33.17 999.73 77.95 -1 -1 -1 -1000 -1000 -1000 -10 0.0002 
Car -1 -1 -10 801.57 28.48 898.23 63.05 -1 -1 -1 -1000 -1000 -1000 -10 0.0002 
Car -1 -1 -10 663.55 71.76 724.21 110.18 -1 -1 -1 -1000 -1000 -1000 -10 0.0002 
Car -1 -1 -10 644.29 101.80 711.49 136.16 -1 -1 -1 -1000 -1000 -1000 -10 0.0002 
Car -1 -1 -10 592.23 68.03 626.24 91.45 -1 -1 -1 -1000 -1000 -1000 -10 0.0001 
Car -1 -1 -10 835.21 63.87 884.47 95.67 -1 -1 -1 -1000 -1000 -1000 -10 0.0001 
Car -1 -1 -10 747.23 37.30 820.93 69.15 -1 -1 -1 -1000 -1000 -1000 -10 0.0001 
Car -1 -1 -10 21.75 195.02 116.45 272.47 -1 -1 -1 -1000 -1000 -1000 -10 0.0001 
Car -1 -1 -10 820.88 85.97 883.43 117.99 -1 -1 -1 -1000 -1000 -1000 -10 0.0001 
Car -1 -1 -10 397.66 174.86 456.62 207.93 -1 -1 -1 -1000 -1000 -1000 -10 0.0001 
Car -1 -1 -10 617.71 22.87 711.28 58.37 -1 -1 -1 -1000 -1000 -1000 -10 0.0001 
Car -1 -1 -10 675.00 39.42 747.40 78.17 -1 -1 -1 -1000 -1000 -1000 -10 0.0001 
Car -1 -1 -10 199.08 189.11 302.64 234.88 -1 -1 -1 -1000 -1000 -1000 -10 0.0001 
Car -1 -1 -10 798.29 62.76 878.67 80.61 -1 -1 -1 -1000 -1000 -1000 -10 0.0001 
Car -1 -1 -10 793.62 160.50 821.93 191.45 -1 -1 -1 -1000 -1000 -1000 -10 0.0001 
Car -1 -1 -10 862.98 25.91 963.24 53.88 -1 -1 -1 -1000 -1000 -1000 -10 0.0001 
Car -1 -1 -10 779.96 44.09 845.96 71.78 -1 -1 -1 -1000 -1000 -1000 -10 0.0001 
Car -1 -1 -10 836.65 88.27 918.13 123.90 -1 -1 -1 -1000 -1000 -1000 -10 0.0001 
Car -1 -1 -10 876.02 163.24 915.59 192.65 -1 -1 -1 -1000 -1000 -1000 -10 0.0001 
Car -1 -1 -10 685.49 52.87 748.89 84.34 -1 -1 -1 -1000 -1000 -1000 -10 0.0001 
Car -1 -1 -10 592.90 66.07 658.03 99.52 -1 -1 -1 -1000 -1000 -1000 -10 0.0001 
Car -1 -1 -10 648.84 122.93 722.17 158.78 -1 -1 -1 -1000 -1000 -1000 -10 0.0001 
Car -1 -1 -10 848.91 42.04 926.21 71.05 -1 -1 -1 -1000 -1000 -1000 -10 0.0001 
Car -1 -1 -10 791.49 22.90 887.80 50.14 -1 -1 -1 -1000 -1000 -1000 -10 0.0001 
Car -1 -1 -10 855.82 64.83 924.97 92.60 -1 -1 -1 -1000 -1000 -1000 -10 0.0001 
Car -1 -1 -10 863.09 73.80 926.91 112.85 -1 -1 -1 -1000 -1000 -1000 -10 0.0001 
Car -1 -1 -10 890.20 192.47 978.17 218.86 -1 -1 -1 -1000 -1000 -1000 -10 0.0000 
Car -1 -1 -10 791.05 158.19 811.94 186.61 -1 -1 -1 -1000 -1000 -1000 -10 0.0000 
Car -1 -1 -10 676.67 62.12 759.52 95.00 -1 -1 -1 -1000 -1000 -1000 -10 0.0000 
Car -1 -1 -10 887.77 43.17 983.72 75.67 -1 -1 -1 -1000 -1000 -1000 -10 0.0000 
Car -1 -1 -10 639.91 26.74 763.19 65.33 -1 -1 -1 -1000 -1000 -1000 -10 0.0000 
Car -1 -1 -10 0.00 191.33 93.53 249.54 -1 -1 -1 -1000 -1000 -1000 -10 0.0000 
Car -1 -1 -10 752.17 23.08 854.92 54.78 -1 -1 -1 -1000 -1000 -1000 -10 0.0000 
Car -1 -1 -10 853.52 45.37 935.02 91.51 -1 -1 -1 -1000 -1000 -1000 -10 0.0000 
Car -1 -1 -10 483.95 174.95 543.64 203.89 -1 -1 -1 -1000 -1000 -1000 -10 0.0000 
Car -1 -1 -10 212.18 199.19 343.76 271.60 -1 -1 -1 -1000 -1000 -1000 -10 0.0000 
Car -1 -1 -10 816.49 186.64 858.81 210.72 -1 -1 -1 -1000 -1000 -1000 -10 0.0000 
Car -1 -1 -10 741.20 188.05 827.93 205.55 -1 -1 -1 -1000 -1000 -1000 -10 0.0000 
