Car -1 -1 -10 708.49 177.14 883.37 307.80 -1 -1 -1 -1000 -1000 -1000 -10 1.0000 
Car -1 -1 -10 562.31 169.77 713.59 235.62 -1 -1 -1 -1000 -1000 -1000 -10 0.9885 
Car -1 -1 -10 802.11 200.58 1243.00 373.82 -1 -1 -1 -1000 -1000 -1000 -10 0.8872 
Car -1 -1 -10 38.81 57.66 117.00 84.81 -1 -1 -1 -1000 -1000 -1000 -10 0.0043 
Car -1 -1 -10 731.74 201.54 1077.08 319.48 -1 -1 -1 -1000 -1000 -1000 -10 0.0042 
Car -1 -1 -10 637.22 168.51 710.61 210.07 -1 -1 -1 -1000 -1000 -1000 -10 0.0033 
Car -1 -1 -10 957.27 72.80 1008.35 97.68 -1 -1 -1 -1000 -1000 -1000 -10 0.0023 
Car -1 -1 -10 1078.90 68.34 1181.94 103.65 -1 -1 -1 -1000 -1000 -1000 -10 0.0022 
Car -1 -1 -10 602.12 172.76 664.08 205.46 -1 -1 -1 -1000 -1000 -1000 -10 0.0017 
Car -1 -1 -10 1175.10 63.91 1243.00 102.73 -1 -1 -1 -1000 -1000 -1000 -10 0.0010 
Car -1 -1 -10 302.47 322.18 373.59 355.67 -1 -1 -1 -1000 -1000 -1000 -10 0.0006 
Car -1 -1 -10 17.93 245.11 95.91 289.57 -1 -1 -1 -1000 -1000 -1000 -10 0.0005 
Car -1 -1 -10 1076.00 63.62 1146.72 96.90 -1 -1 -1 -1000 -1000 -1000 -10 0.0005 
Car -1 -1 -10 1161.00 48.04 1229.61 81.89 -1 -1 -1 -1000 -1000 -1000 -10 0.0003 
Car -1 -1 -10 705.64 177.15 762.24 219.41 -1 -1 -1 -1000 -1000 -1000 -10 0.0003 
Car -1 -1 -10 4.75 177.09 70.49 207.62 -1 -1 -1 -1000 -1000 -1000 -10 0.0003 
Car -1 -1 -10 102.11 29.08 225.45 65.11 -1 -1 -1 -1000 -1000 -1000 -10 0.0003 
Car -1 -1 -10 143.46 322.64 238.63 360.22 -1 -1 -1 -1000 -1000 -1000 -10 0.0002 
Car -1 -1 -10 189.53 325.30 264.57 359.71 -1 -1 -1 -1000 -1000 -1000 -10 0.0001 
Car -1 -1 -10 1068.00 192.53 1162.84 228.58 -1 -1 -1 -1000 -1000 -1000 -10 0.0001 
Car -1 -1 -10 937.64 65.62 1015.00 99.51 -1 -1 -1 -1000 -1000 -1000 -10 0.0001 
Car -1 -1 -10 996.74 197.02 1086.88 230.34 -1 -1 -1 -1000 -1000 -1000 -10 0.0001 
Car -1 -1 -10 118.32 329.77 207.95 359.56 -1 -1 -1 -1000 -1000 -1000 -10 0.0001 
Car -1 -1 -10 733.62 220.74 858.97 308.54 -1 -1 -1 -1000 -1000 -1000 -10 0.0000 
Car -1 -1 -10 903.74 60.32 965.32 88.94 -1 -1 -1 -1000 -1000 -1000 -10 0.0000 
Car -1 -1 -10 711.74 180.37 792.58 235.02 -1 -1 -1 -1000 -1000 -1000 -10 0.0000 
Car -1 -1 -10 1036.20 217.62 1189.15 333.33 -1 -1 -1 -1000 -1000 -1000 -10 0.0000 
Car -1 -1 -10 62.95 315.16 157.31 359.72 -1 -1 -1 -1000 -1000 -1000 -10 0.0000 
Car -1 -1 -10 772.47 180.42 874.97 260.22 -1 -1 -1 -1000 -1000 -1000 -10 0.0000 
Car -1 -1 -10 792.01 202.04 890.38 281.19 -1 -1 -1 -1000 -1000 -1000 -10 0.0000 
