Car -1 -1 -10 422.75 188.79 483.65 229.20 -1 -1 -1 -1000 -1000 -1000 -10 0.9999 
Car -1 -1 -10 145.40 198.37 230.62 232.15 -1 -1 -1 -1000 -1000 -1000 -10 0.9972 
Car -1 -1 -10 486.31 178.67 523.70 210.96 -1 -1 -1 -1000 -1000 -1000 -10 0.9945 
Car -1 -1 -10 49.65 204.43 135.19 236.15 -1 -1 -1 -1000 -1000 -1000 -10 0.9866 
Car -1 -1 -10 651.38 174.62 698.44 213.38 -1 -1 -1 -1000 -1000 -1000 -10 0.9575 
Car -1 -1 -10 204.32 197.35 271.75 231.84 -1 -1 -1 -1000 -1000 -1000 -10 0.9046 
Car -1 -1 -10 104.41 202.00 172.76 233.25 -1 -1 -1 -1000 -1000 -1000 -10 0.8570 
Car -1 -1 -10 454.06 186.31 506.73 219.94 -1 -1 -1 -1000 -1000 -1000 -10 0.8123 
Car -1 -1 -10 624.55 173.62 673.47 196.59 -1 -1 -1 -1000 -1000 -1000 -10 0.2672 
Car -1 -1 -10 0.00 208.74 41.75 242.97 -1 -1 -1 -1000 -1000 -1000 -10 0.0441 
Car -1 -1 -10 990.58 141.71 1035.76 181.24 -1 -1 -1 -1000 -1000 -1000 -10 0.0216 
Car -1 -1 -10 962.12 140.94 1029.53 178.85 -1 -1 -1 -1000 -1000 -1000 -10 0.0142 
Car -1 -1 -10 1010.80 81.50 1092.93 123.89 -1 -1 -1 -1000 -1000 -1000 -10 0.0102 
Car -1 -1 -10 1.85 197.90 118.90 237.22 -1 -1 -1 -1000 -1000 -1000 -10 0.0084 
Car -1 -1 -10 669.22 167.69 703.14 197.39 -1 -1 -1 -1000 -1000 -1000 -10 0.0041 
Car -1 -1 -10 1046.60 95.71 1095.01 126.13 -1 -1 -1 -1000 -1000 -1000 -10 0.0039 
Car -1 -1 -10 1028.70 188.55 1095.77 226.21 -1 -1 -1 -1000 -1000 -1000 -10 0.0036 
Car -1 -1 -10 968.60 155.07 1006.35 179.98 -1 -1 -1 -1000 -1000 -1000 -10 0.0035 
Car -1 -1 -10 356.13 128.57 401.86 161.73 -1 -1 -1 -1000 -1000 -1000 -10 0.0032 
Car -1 -1 -10 1088.10 89.16 1144.16 123.88 -1 -1 -1 -1000 -1000 -1000 -10 0.0028 
Car -1 -1 -10 702.25 120.72 770.54 177.35 -1 -1 -1 -1000 -1000 -1000 -10 0.0028 
Car -1 -1 -10 779.37 254.05 835.67 290.90 -1 -1 -1 -1000 -1000 -1000 -10 0.0022 
Car -1 -1 -10 943.32 229.21 995.29 271.11 -1 -1 -1 -1000 -1000 -1000 -10 0.0017 
Car -1 -1 -10 475.49 185.51 502.21 218.67 -1 -1 -1 -1000 -1000 -1000 -10 0.0017 
Car -1 -1 -10 643.86 173.28 670.75 213.65 -1 -1 -1 -1000 -1000 -1000 -10 0.0015 
Car -1 -1 -10 812.51 270.27 863.74 303.04 -1 -1 -1 -1000 -1000 -1000 -10 0.0015 
Car -1 -1 -10 968.94 86.13 1032.50 123.20 -1 -1 -1 -1000 -1000 -1000 -10 0.0012 
Car -1 -1 -10 967.82 309.09 1028.70 330.14 -1 -1 -1 -1000 -1000 -1000 -10 0.0010 
Car -1 -1 -10 1062.90 217.64 1148.70 239.75 -1 -1 -1 -1000 -1000 -1000 -10 0.0009 
Car -1 -1 -10 1117.20 114.91 1199.93 171.46 -1 -1 -1 -1000 -1000 -1000 -10 0.0009 
Car -1 -1 -10 829.47 280.69 893.26 307.90 -1 -1 -1 -1000 -1000 -1000 -10 0.0008 
Car -1 -1 -10 822.99 263.07 886.76 297.37 -1 -1 -1 -1000 -1000 -1000 -10 0.0007 
Car -1 -1 -10 819.16 161.30 858.80 184.60 -1 -1 -1 -1000 -1000 -1000 -10 0.0006 
Car -1 -1 -10 961.05 312.58 1029.51 346.65 -1 -1 -1 -1000 -1000 -1000 -10 0.0006 
Car -1 -1 -10 798.88 261.58 866.95 296.44 -1 -1 -1 -1000 -1000 -1000 -10 0.0006 
Car -1 -1 -10 8.03 186.57 186.50 341.45 -1 -1 -1 -1000 -1000 -1000 -10 0.0005 
Car -1 -1 -10 858.36 281.28 920.44 304.39 -1 -1 -1 -1000 -1000 -1000 -10 0.0005 
Car -1 -1 -10 770.78 124.57 845.58 152.62 -1 -1 -1 -1000 -1000 -1000 -10 0.0005 
Car -1 -1 -10 1057.60 83.89 1151.73 125.78 -1 -1 -1 -1000 -1000 -1000 -10 0.0005 
Car -1 -1 -10 849.00 271.88 910.07 302.42 -1 -1 -1 -1000 -1000 -1000 -10 0.0003 
Car -1 -1 -10 1115.00 146.14 1174.71 170.93 -1 -1 -1 -1000 -1000 -1000 -10 0.0003 
Car -1 -1 -10 508.23 179.72 536.48 207.08 -1 -1 -1 -1000 -1000 -1000 -10 0.0003 
Car -1 -1 -10 871.98 273.35 933.37 300.28 -1 -1 -1 -1000 -1000 -1000 -10 0.0003 
Car -1 -1 -10 662.29 160.79 706.96 190.11 -1 -1 -1 -1000 -1000 -1000 -10 0.0002 
Car -1 -1 -10 1033.80 207.76 1094.42 234.96 -1 -1 -1 -1000 -1000 -1000 -10 0.0002 
Car -1 -1 -10 880.10 88.75 948.59 131.07 -1 -1 -1 -1000 -1000 -1000 -10 0.0002 
Car -1 -1 -10 980.68 303.69 1053.76 328.66 -1 -1 -1 -1000 -1000 -1000 -10 0.0002 
Car -1 -1 -10 2.83 122.93 75.43 162.05 -1 -1 -1 -1000 -1000 -1000 -10 0.0001 
Car -1 -1 -10 859.40 70.20 949.05 138.68 -1 -1 -1 -1000 -1000 -1000 -10 0.0001 
Car -1 -1 -10 344.83 209.53 387.88 236.71 -1 -1 -1 -1000 -1000 -1000 -10 0.0001 
Car -1 -1 -10 766.94 129.72 844.56 169.06 -1 -1 -1 -1000 -1000 -1000 -10 0.0001 
Car -1 -1 -10 868.20 281.76 942.35 315.46 -1 -1 -1 -1000 -1000 -1000 -10 0.0000 
Car -1 -1 -10 421.64 188.50 458.89 220.87 -1 -1 -1 -1000 -1000 -1000 -10 0.0000 
Car -1 -1 -10 833.88 289.68 898.99 320.37 -1 -1 -1 -1000 -1000 -1000 -10 0.0000 
Car -1 -1 -10 1011.40 213.91 1081.60 235.82 -1 -1 -1 -1000 -1000 -1000 -10 0.0000 
Car -1 -1 -10 537.08 179.75 558.01 198.17 -1 -1 -1 -1000 -1000 -1000 -10 0.0000 
Car -1 -1 -10 846.04 278.45 915.82 318.30 -1 -1 -1 -1000 -1000 -1000 -10 0.0000 
Car -1 -1 -10 862.04 168.43 919.38 190.56 -1 -1 -1 -1000 -1000 -1000 -10 0.0000 
Car -1 -1 -10 842.75 291.64 940.21 330.72 -1 -1 -1 -1000 -1000 -1000 -10 0.0000 
Car -1 -1 -10 32.25 176.46 296.75 352.65 -1 -1 -1 -1000 -1000 -1000 -10 0.0000 
Car -1 -1 -10 998.01 222.70 1050.62 239.39 -1 -1 -1 -1000 -1000 -1000 -10 0.0000 
Car -1 -1 -10 841.02 170.25 900.14 198.82 -1 -1 -1 -1000 -1000 -1000 -10 0.0000 
Car -1 -1 -10 844.36 263.92 940.71 304.03 -1 -1 -1 -1000 -1000 -1000 -10 0.0000 
Car -1 -1 -10 986.46 160.08 1029.10 187.77 -1 -1 -1 -1000 -1000 -1000 -10 0.0000 
Car -1 -1 -10 24.70 192.91 163.88 262.69 -1 -1 -1 -1000 -1000 -1000 -10 0.0000 
Car -1 -1 -10 116.90 227.37 189.70 241.30 -1 -1 -1 -1000 -1000 -1000 -10 0.0000 
Car -1 -1 -10 140.51 171.92 235.60 230.78 -1 -1 -1 -1000 -1000 -1000 -10 0.0000 
