Car -1 -1 -10 808.04 181.64 936.60 231.23 -1 -1 -1 -1000 -1000 -1000 -10 1.0000 
Car -1 -1 -10 370.82 181.68 406.02 205.37 -1 -1 -1 -1000 -1000 -1000 -10 0.9684 
Car -1 -1 -10 408.71 177.42 445.50 204.90 -1 -1 -1 -1000 -1000 -1000 -10 0.9664 
Car -1 -1 -10 1036.00 281.09 1098.56 311.37 -1 -1 -1 -1000 -1000 -1000 -10 0.0059 
Car -1 -1 -10 1041.10 276.46 1116.36 304.13 -1 -1 -1 -1000 -1000 -1000 -10 0.0057 
Car -1 -1 -10 970.47 273.71 1022.11 297.74 -1 -1 -1 -1000 -1000 -1000 -10 0.0054 
Car -1 -1 -10 242.43 179.63 282.63 197.77 -1 -1 -1 -1000 -1000 -1000 -10 0.0050 
Car -1 -1 -10 938.04 260.58 998.42 283.79 -1 -1 -1 -1000 -1000 -1000 -10 0.0043 
Car -1 -1 -10 1010.80 272.77 1070.00 299.74 -1 -1 -1 -1000 -1000 -1000 -10 0.0042 
Car -1 -1 -10 982.93 275.84 1043.71 299.55 -1 -1 -1 -1000 -1000 -1000 -10 0.0039 
Car -1 -1 -10 1013.50 269.32 1095.73 306.53 -1 -1 -1 -1000 -1000 -1000 -10 0.0039 
Car -1 -1 -10 957.53 261.94 1012.75 292.41 -1 -1 -1 -1000 -1000 -1000 -10 0.0027 
Car -1 -1 -10 1048.00 271.73 1130.32 318.26 -1 -1 -1 -1000 -1000 -1000 -10 0.0008 
Car -1 -1 -10 589.14 164.85 616.37 192.41 -1 -1 -1 -1000 -1000 -1000 -10 0.0008 
Car -1 -1 -10 975.92 262.96 1039.57 291.13 -1 -1 -1 -1000 -1000 -1000 -10 0.0005 
Car -1 -1 -10 190.50 184.42 231.16 211.56 -1 -1 -1 -1000 -1000 -1000 -10 0.0002 
Car -1 -1 -10 1053.70 241.40 1151.48 298.18 -1 -1 -1 -1000 -1000 -1000 -10 0.0002 
Car -1 -1 -10 1079.80 129.59 1170.12 172.56 -1 -1 -1 -1000 -1000 -1000 -10 0.0001 
Car -1 -1 -10 113.25 196.69 173.54 221.34 -1 -1 -1 -1000 -1000 -1000 -10 0.0000 
Car -1 -1 -10 5.11 313.41 70.59 342.56 -1 -1 -1 -1000 -1000 -1000 -10 0.0000 
Car -1 -1 -10 569.34 173.52 595.30 189.28 -1 -1 -1 -1000 -1000 -1000 -10 0.0000 
Car -1 -1 -10 110.45 188.84 154.01 215.76 -1 -1 -1 -1000 -1000 -1000 -10 0.0000 
Car -1 -1 -10 116.00 202.83 204.20 222.43 -1 -1 -1 -1000 -1000 -1000 -10 0.0000 
