Car -1 -1 -10 747.53 181.16 981.71 334.77 -1 -1 -1 -1000 -1000 -1000 -10 1.0000 
Car -1 -1 -10 663.39 175.47 719.17 219.14 -1 -1 -1 -1000 -1000 -1000 -10 0.9998 
Car -1 -1 -10 596.53 175.77 625.67 202.88 -1 -1 -1 -1000 -1000 -1000 -10 0.9998 
Car -1 -1 -10 461.75 180.11 502.49 208.57 -1 -1 -1 -1000 -1000 -1000 -10 0.9888 
Car -1 -1 -10 424.35 182.92 478.21 218.10 -1 -1 -1 -1000 -1000 -1000 -10 0.9826 
Car -1 -1 -10 396.26 187.64 455.72 225.97 -1 -1 -1 -1000 -1000 -1000 -10 0.9817 
Car -1 -1 -10 642.42 171.54 673.73 198.12 -1 -1 -1 -1000 -1000 -1000 -10 0.9681 
Car -1 -1 -10 712.02 177.07 843.98 270.77 -1 -1 -1 -1000 -1000 -1000 -10 0.9678 
Car -1 -1 -10 653.47 175.76 686.34 209.98 -1 -1 -1 -1000 -1000 -1000 -10 0.0577 
Car -1 -1 -10 0.00 203.88 121.25 286.47 -1 -1 -1 -1000 -1000 -1000 -10 0.0197 
Car -1 -1 -10 1016.60 165.44 1117.01 209.25 -1 -1 -1 -1000 -1000 -1000 -10 0.0110 
Car -1 -1 -10 1159.40 122.39 1241.61 172.87 -1 -1 -1 -1000 -1000 -1000 -10 0.0068 
Car -1 -1 -10 878.73 180.19 933.12 203.08 -1 -1 -1 -1000 -1000 -1000 -10 0.0032 
Car -1 -1 -10 454.80 86.38 517.91 121.69 -1 -1 -1 -1000 -1000 -1000 -10 0.0024 
Car -1 -1 -10 410.44 71.22 474.04 98.20 -1 -1 -1 -1000 -1000 -1000 -10 0.0022 
Car -1 -1 -10 425.60 97.59 485.30 126.66 -1 -1 -1 -1000 -1000 -1000 -10 0.0014 
Car -1 -1 -10 445.83 62.70 518.20 102.48 -1 -1 -1 -1000 -1000 -1000 -10 0.0012 
Car -1 -1 -10 419.79 76.72 491.14 113.59 -1 -1 -1 -1000 -1000 -1000 -10 0.0011 
Car -1 -1 -10 482.52 82.36 543.81 118.89 -1 -1 -1 -1000 -1000 -1000 -10 0.0009 
Car -1 -1 -10 450.00 180.27 484.36 210.63 -1 -1 -1 -1000 -1000 -1000 -10 0.0007 
Car -1 -1 -10 451.92 44.30 514.96 89.33 -1 -1 -1 -1000 -1000 -1000 -10 0.0004 
Car -1 -1 -10 83.42 153.36 133.38 221.30 -1 -1 -1 -1000 -1000 -1000 -10 0.0003 
Car -1 -1 -10 505.13 102.52 574.81 137.50 -1 -1 -1 -1000 -1000 -1000 -10 0.0003 
Car -1 -1 -10 397.74 75.23 451.40 102.62 -1 -1 -1 -1000 -1000 -1000 -10 0.0003 
Car -1 -1 -10 487.73 93.50 565.76 132.42 -1 -1 -1 -1000 -1000 -1000 -10 0.0002 
Car -1 -1 -10 1041.40 44.29 1150.82 77.44 -1 -1 -1 -1000 -1000 -1000 -10 0.0002 
Car -1 -1 -10 480.41 76.75 540.76 104.69 -1 -1 -1 -1000 -1000 -1000 -10 0.0002 
Car -1 -1 -10 880.97 173.53 975.13 225.88 -1 -1 -1 -1000 -1000 -1000 -10 0.0001 
Car -1 -1 -10 687.62 178.36 717.13 218.01 -1 -1 -1 -1000 -1000 -1000 -10 0.0001 
Car -1 -1 -10 723.44 180.46 846.13 223.39 -1 -1 -1 -1000 -1000 -1000 -10 0.0001 
Car -1 -1 -10 229.76 28.36 324.75 72.56 -1 -1 -1 -1000 -1000 -1000 -10 0.0000 
Car -1 -1 -10 53.66 55.23 146.02 95.61 -1 -1 -1 -1000 -1000 -1000 -10 0.0000 
Car -1 -1 -10 749.32 179.56 839.82 207.01 -1 -1 -1 -1000 -1000 -1000 -10 0.0000 
Car -1 -1 -10 715.69 182.62 781.39 235.21 -1 -1 -1 -1000 -1000 -1000 -10 0.0000 
