Car -1 -1 -10 424.85 184.28 489.89 223.26 -1 -1 -1 -1000 -1000 -1000 -10 0.9999 
Car -1 -1 -10 621.70 179.00 670.85 227.47 -1 -1 -1 -1000 -1000 -1000 -10 0.9999 
Car -1 -1 -10 279.50 184.44 409.61 248.75 -1 -1 -1 -1000 -1000 -1000 -10 0.9996 
Car -1 -1 -10 471.64 180.30 517.97 214.17 -1 -1 -1 -1000 -1000 -1000 -10 0.7376 
Car -1 -1 -10 503.40 181.03 546.92 206.85 -1 -1 -1 -1000 -1000 -1000 -10 0.3055 
Car -1 -1 -10 947.97 228.08 992.86 254.34 -1 -1 -1 -1000 -1000 -1000 -10 0.0695 
Car -1 -1 -10 862.35 53.23 913.37 84.07 -1 -1 -1 -1000 -1000 -1000 -10 0.0091 
Car -1 -1 -10 1126.80 169.24 1193.60 203.40 -1 -1 -1 -1000 -1000 -1000 -10 0.0091 
Car -1 -1 -10 955.16 64.32 1015.87 97.15 -1 -1 -1 -1000 -1000 -1000 -10 0.0071 
Car -1 -1 -10 1118.30 170.19 1211.60 221.13 -1 -1 -1 -1000 -1000 -1000 -10 0.0063 
Car -1 -1 -10 1009.60 187.31 1055.13 222.41 -1 -1 -1 -1000 -1000 -1000 -10 0.0041 
Car -1 -1 -10 783.39 67.34 846.52 107.85 -1 -1 -1 -1000 -1000 -1000 -10 0.0038 
Car -1 -1 -10 289.70 189.39 405.99 220.26 -1 -1 -1 -1000 -1000 -1000 -10 0.0038 
Car -1 -1 -10 64.10 54.06 113.41 85.16 -1 -1 -1 -1000 -1000 -1000 -10 0.0035 
Car -1 -1 -10 943.16 32.49 1032.27 67.33 -1 -1 -1 -1000 -1000 -1000 -10 0.0025 
Car -1 -1 -10 280.88 67.63 331.88 93.82 -1 -1 -1 -1000 -1000 -1000 -10 0.0022 
Car -1 -1 -10 834.18 184.34 883.80 215.14 -1 -1 -1 -1000 -1000 -1000 -10 0.0022 
Car -1 -1 -10 345.30 102.12 404.84 128.15 -1 -1 -1 -1000 -1000 -1000 -10 0.0020 
Car -1 -1 -10 798.92 71.57 860.88 101.83 -1 -1 -1 -1000 -1000 -1000 -10 0.0020 
Car -1 -1 -10 126.93 294.85 187.36 318.92 -1 -1 -1 -1000 -1000 -1000 -10 0.0017 
Car -1 -1 -10 664.13 178.82 705.43 200.35 -1 -1 -1 -1000 -1000 -1000 -10 0.0016 
Car -1 -1 -10 79.95 75.48 140.32 109.38 -1 -1 -1 -1000 -1000 -1000 -10 0.0014 
Car -1 -1 -10 208.40 105.41 261.66 136.42 -1 -1 -1 -1000 -1000 -1000 -10 0.0014 
Car -1 -1 -10 979.79 116.45 1046.60 146.14 -1 -1 -1 -1000 -1000 -1000 -10 0.0013 
Car -1 -1 -10 118.81 79.14 172.08 108.51 -1 -1 -1 -1000 -1000 -1000 -10 0.0011 
Car -1 -1 -10 109.34 296.89 165.02 327.05 -1 -1 -1 -1000 -1000 -1000 -10 0.0011 
Car -1 -1 -10 142.47 81.87 198.59 109.25 -1 -1 -1 -1000 -1000 -1000 -10 0.0011 
Car -1 -1 -10 0.00 331.82 53.14 358.75 -1 -1 -1 -1000 -1000 -1000 -10 0.0011 
Car -1 -1 -10 97.57 70.85 152.82 105.46 -1 -1 -1 -1000 -1000 -1000 -10 0.0010 
Car -1 -1 -10 101.15 59.00 152.50 91.13 -1 -1 -1 -1000 -1000 -1000 -10 0.0009 
Car -1 -1 -10 989.22 38.19 1059.09 87.36 -1 -1 -1 -1000 -1000 -1000 -10 0.0009 
Car -1 -1 -10 325.84 103.02 371.39 131.41 -1 -1 -1 -1000 -1000 -1000 -10 0.0008 
Car -1 -1 -10 337.01 107.58 394.27 135.50 -1 -1 -1 -1000 -1000 -1000 -10 0.0008 
Car -1 -1 -10 227.85 126.44 337.33 162.26 -1 -1 -1 -1000 -1000 -1000 -10 0.0008 
Car -1 -1 -10 971.53 57.79 1043.75 98.36 -1 -1 -1 -1000 -1000 -1000 -10 0.0007 
Car -1 -1 -10 164.69 73.83 218.22 114.31 -1 -1 -1 -1000 -1000 -1000 -10 0.0007 
Car -1 -1 -10 1024.90 180.86 1098.48 270.49 -1 -1 -1 -1000 -1000 -1000 -10 0.0007 
Car -1 -1 -10 1003.20 175.69 1081.83 226.61 -1 -1 -1 -1000 -1000 -1000 -10 0.0006 
Car -1 -1 -10 841.01 87.20 909.62 131.67 -1 -1 -1 -1000 -1000 -1000 -10 0.0006 
Car -1 -1 -10 91.36 301.08 140.32 328.88 -1 -1 -1 -1000 -1000 -1000 -10 0.0006 
Car -1 -1 -10 233.85 270.16 288.69 295.78 -1 -1 -1 -1000 -1000 -1000 -10 0.0005 
Car -1 -1 -10 187.46 102.55 244.18 132.59 -1 -1 -1 -1000 -1000 -1000 -10 0.0005 
Car -1 -1 -10 78.28 98.05 149.75 126.07 -1 -1 -1 -1000 -1000 -1000 -10 0.0005 
Car -1 -1 -10 310.62 187.03 354.28 212.34 -1 -1 -1 -1000 -1000 -1000 -10 0.0005 
Car -1 -1 -10 252.62 129.77 303.73 158.94 -1 -1 -1 -1000 -1000 -1000 -10 0.0004 
Car -1 -1 -10 42.43 112.48 101.72 138.39 -1 -1 -1 -1000 -1000 -1000 -10 0.0004 
Car -1 -1 -10 299.51 59.77 342.47 82.18 -1 -1 -1 -1000 -1000 -1000 -10 0.0004 
Car -1 -1 -10 1019.70 158.92 1139.41 280.16 -1 -1 -1 -1000 -1000 -1000 -10 0.0004 
Car -1 -1 -10 84.74 307.99 133.57 334.56 -1 -1 -1 -1000 -1000 -1000 -10 0.0004 
Car -1 -1 -10 23.98 318.64 72.44 343.96 -1 -1 -1 -1000 -1000 -1000 -10 0.0004 
Car -1 -1 -10 18.39 324.29 66.75 354.48 -1 -1 -1 -1000 -1000 -1000 -10 0.0004 
Car -1 -1 -10 147.00 289.41 201.38 313.82 -1 -1 -1 -1000 -1000 -1000 -10 0.0003 
Car -1 -1 -10 159.02 93.79 224.03 123.41 -1 -1 -1 -1000 -1000 -1000 -10 0.0003 
Car -1 -1 -10 80.63 115.77 152.99 151.51 -1 -1 -1 -1000 -1000 -1000 -10 0.0003 
Car -1 -1 -10 839.18 168.89 909.47 220.03 -1 -1 -1 -1000 -1000 -1000 -10 0.0003 
Car -1 -1 -10 48.91 29.26 113.76 61.40 -1 -1 -1 -1000 -1000 -1000 -10 0.0002 
Car -1 -1 -10 954.33 47.64 1027.87 92.48 -1 -1 -1 -1000 -1000 -1000 -10 0.0002 
Car -1 -1 -10 269.65 125.13 330.89 158.73 -1 -1 -1 -1000 -1000 -1000 -10 0.0002 
Car -1 -1 -10 314.88 53.15 360.40 76.40 -1 -1 -1 -1000 -1000 -1000 -10 0.0001 
Car -1 -1 -10 984.57 57.76 1072.43 108.19 -1 -1 -1 -1000 -1000 -1000 -10 0.0001 
Car -1 -1 -10 967.45 44.22 1032.68 77.51 -1 -1 -1 -1000 -1000 -1000 -10 0.0001 
Car -1 -1 -10 172.86 78.57 249.28 117.45 -1 -1 -1 -1000 -1000 -1000 -10 0.0001 
Car -1 -1 -10 310.88 49.14 349.02 69.68 -1 -1 -1 -1000 -1000 -1000 -10 0.0001 
Car -1 -1 -10 994.76 88.34 1069.42 125.25 -1 -1 -1 -1000 -1000 -1000 -10 0.0001 
Car -1 -1 -10 0.00 147.41 72.55 181.59 -1 -1 -1 -1000 -1000 -1000 -10 0.0001 
Car -1 -1 -10 1007.10 199.83 1084.87 242.65 -1 -1 -1 -1000 -1000 -1000 -10 0.0001 
Car -1 -1 -10 860.31 80.55 914.84 119.68 -1 -1 -1 -1000 -1000 -1000 -10 0.0000 
Car -1 -1 -10 769.09 186.59 812.46 201.24 -1 -1 -1 -1000 -1000 -1000 -10 0.0000 
Car -1 -1 -10 854.59 56.97 910.18 110.25 -1 -1 -1 -1000 -1000 -1000 -10 0.0000 
Car -1 -1 -10 640.69 178.66 670.87 215.36 -1 -1 -1 -1000 -1000 -1000 -10 0.0000 
Car -1 -1 -10 421.49 205.07 479.95 223.88 -1 -1 -1 -1000 -1000 -1000 -10 0.0000 
