Car -1 -1 -10 0.25 205.25 102.71 266.25 -1 -1 -1 -1000 -1000 -1000 -10 0.8741 
Car -1 -1 -10 443.19 183.67 474.20 205.77 -1 -1 -1 -1000 -1000 -1000 -10 0.3395 
Car -1 -1 -10 100.83 182.39 160.36 217.00 -1 -1 -1 -1000 -1000 -1000 -10 0.0514 
Car -1 -1 -10 595.78 168.02 625.95 197.21 -1 -1 -1 -1000 -1000 -1000 -10 0.0325 
Car -1 -1 -10 99.88 175.07 167.90 236.34 -1 -1 -1 -1000 -1000 -1000 -10 0.0091 
Car -1 -1 -10 65.74 192.09 147.01 248.81 -1 -1 -1 -1000 -1000 -1000 -10 0.0004 
Car -1 -1 -10 1116.20 83.22 1194.55 117.57 -1 -1 -1 -1000 -1000 -1000 -10 0.0003 
Car -1 -1 -10 15.26 205.35 99.97 231.22 -1 -1 -1 -1000 -1000 -1000 -10 0.0001 
Car -1 -1 -10 1148.60 35.86 1226.13 72.15 -1 -1 -1 -1000 -1000 -1000 -10 0.0001 
Car -1 -1 -10 1069.00 98.94 1153.64 130.37 -1 -1 -1 -1000 -1000 -1000 -10 0.0001 
Car -1 -1 -10 835.71 316.73 887.39 351.78 -1 -1 -1 -1000 -1000 -1000 -10 0.0000 
Car -1 -1 -10 1192.50 24.81 1242.96 54.66 -1 -1 -1 -1000 -1000 -1000 -10 0.0000 
Car -1 -1 -10 1167.90 16.95 1243.00 45.43 -1 -1 -1 -1000 -1000 -1000 -10 0.0000 
Car -1 -1 -10 1134.50 13.21 1243.04 60.32 -1 -1 -1 -1000 -1000 -1000 -10 0.0000 
