Car -1 -1 -10 517.60 163.00 740.97 372.67 -1 -1 -1 -1000 -1000 -1000 -10 1.0000 
Car -1 -1 -10 1081.90 173.04 1217.65 216.03 -1 -1 -1 -1000 -1000 -1000 -10 0.9987 
Car -1 -1 -10 948.60 174.79 1091.03 220.35 -1 -1 -1 -1000 -1000 -1000 -10 0.9987 
Car -1 -1 -10 423.31 181.53 464.99 204.47 -1 -1 -1 -1000 -1000 -1000 -10 0.9884 
Car -1 -1 -10 377.94 184.10 419.33 206.34 -1 -1 -1 -1000 -1000 -1000 -10 0.9710 
Car -1 -1 -10 333.93 188.35 370.65 209.71 -1 -1 -1 -1000 -1000 -1000 -10 0.9458 
Car -1 -1 -10 915.46 82.69 972.03 124.59 -1 -1 -1 -1000 -1000 -1000 -10 0.0183 
Car -1 -1 -10 731.50 139.37 765.94 175.31 -1 -1 -1 -1000 -1000 -1000 -10 0.0129 
Car -1 -1 -10 459.45 67.81 520.93 113.34 -1 -1 -1 -1000 -1000 -1000 -10 0.0119 
Car -1 -1 -10 554.38 171.54 689.27 200.73 -1 -1 -1 -1000 -1000 -1000 -10 0.0077 
Car -1 -1 -10 768.35 200.38 823.66 227.56 -1 -1 -1 -1000 -1000 -1000 -10 0.0055 
Car -1 -1 -10 894.97 81.55 982.26 139.92 -1 -1 -1 -1000 -1000 -1000 -10 0.0027 
Car -1 -1 -10 1010.90 174.76 1081.59 203.32 -1 -1 -1 -1000 -1000 -1000 -10 0.0025 
Car -1 -1 -10 960.06 176.69 1047.00 212.44 -1 -1 -1 -1000 -1000 -1000 -10 0.0023 
Car -1 -1 -10 487.07 176.99 510.91 203.91 -1 -1 -1 -1000 -1000 -1000 -10 0.0010 
Car -1 -1 -10 165.09 194.27 205.58 216.39 -1 -1 -1 -1000 -1000 -1000 -10 0.0010 
Car -1 -1 -10 536.21 178.38 716.39 298.37 -1 -1 -1 -1000 -1000 -1000 -10 0.0003 
Car -1 -1 -10 253.75 187.55 293.53 216.45 -1 -1 -1 -1000 -1000 -1000 -10 0.0003 
Car -1 -1 -10 1104.70 170.73 1183.60 209.08 -1 -1 -1 -1000 -1000 -1000 -10 0.0003 
Car -1 -1 -10 173.52 210.65 228.41 236.58 -1 -1 -1 -1000 -1000 -1000 -10 0.0001 
Car -1 -1 -10 948.07 187.96 1005.62 220.77 -1 -1 -1 -1000 -1000 -1000 -10 0.0001 
Car -1 -1 -10 1058.80 126.41 1121.32 166.64 -1 -1 -1 -1000 -1000 -1000 -10 0.0000 
Car -1 -1 -10 169.08 199.11 204.86 228.23 -1 -1 -1 -1000 -1000 -1000 -10 0.0000 
Car -1 -1 -10 995.78 209.77 1063.78 245.53 -1 -1 -1 -1000 -1000 -1000 -10 0.0000 
Car -1 -1 -10 1067.70 184.90 1116.95 216.61 -1 -1 -1 -1000 -1000 -1000 -10 0.0000 
Car -1 -1 -10 401.54 183.69 419.64 204.98 -1 -1 -1 -1000 -1000 -1000 -10 0.0000 
Car -1 -1 -10 1045.70 202.05 1124.25 220.25 -1 -1 -1 -1000 -1000 -1000 -10 0.0000 
Car -1 -1 -10 630.65 175.38 704.64 204.94 -1 -1 -1 -1000 -1000 -1000 -10 0.0000 
Car -1 -1 -10 704.51 116.45 769.45 173.20 -1 -1 -1 -1000 -1000 -1000 -10 0.0000 
Car -1 -1 -10 149.15 201.95 198.24 218.79 -1 -1 -1 -1000 -1000 -1000 -10 0.0000 
Car -1 -1 -10 943.71 131.17 1013.75 219.52 -1 -1 -1 -1000 -1000 -1000 -10 0.0000 
Car -1 -1 -10 406.92 181.40 435.11 204.87 -1 -1 -1 -1000 -1000 -1000 -10 0.0000 
Car -1 -1 -10 992.10 197.29 1069.13 222.68 -1 -1 -1 -1000 -1000 -1000 -10 0.0000 
