Car -1 -1 -10 596.35 181.17 620.35 206.48 -1 -1 -1 -1000 -1000 -1000 -10 0.9657 
Car -1 -1 -10 552.29 186.61 579.63 207.49 -1 -1 -1 -1000 -1000 -1000 -10 0.8324 
Car -1 -1 -10 993.45 302.73 1042.04 337.50 -1 -1 -1 -1000 -1000 -1000 -10 0.0588 
Car -1 -1 -10 1147.30 213.47 1200.29 249.54 -1 -1 -1 -1000 -1000 -1000 -10 0.0539 
Car -1 -1 -10 1012.00 303.86 1061.59 337.42 -1 -1 -1 -1000 -1000 -1000 -10 0.0449 
Car -1 -1 -10 1074.40 216.21 1124.89 246.97 -1 -1 -1 -1000 -1000 -1000 -10 0.0420 
Car -1 -1 -10 1030.70 308.34 1077.81 341.60 -1 -1 -1 -1000 -1000 -1000 -10 0.0394 
Car -1 -1 -10 999.89 293.70 1054.76 328.75 -1 -1 -1 -1000 -1000 -1000 -10 0.0385 
Car -1 -1 -10 1174.10 230.48 1223.66 262.23 -1 -1 -1 -1000 -1000 -1000 -10 0.0344 
Car -1 -1 -10 1059.90 248.63 1112.52 279.96 -1 -1 -1 -1000 -1000 -1000 -10 0.0306 
Car -1 -1 -10 1059.20 219.20 1110.29 254.04 -1 -1 -1 -1000 -1000 -1000 -10 0.0294 
Car -1 -1 -10 975.21 294.27 1027.33 329.39 -1 -1 -1 -1000 -1000 -1000 -10 0.0285 
Car -1 -1 -10 1085.70 224.80 1135.37 257.36 -1 -1 -1 -1000 -1000 -1000 -10 0.0254 
Car -1 -1 -10 1085.40 215.77 1161.06 255.73 -1 -1 -1 -1000 -1000 -1000 -10 0.0241 
Car -1 -1 -10 1028.20 292.64 1089.82 339.14 -1 -1 -1 -1000 -1000 -1000 -10 0.0237 
Car -1 -1 -10 1000.90 315.70 1053.57 346.95 -1 -1 -1 -1000 -1000 -1000 -10 0.0233 
Car -1 -1 -10 941.77 251.74 986.49 279.72 -1 -1 -1 -1000 -1000 -1000 -10 0.0230 
Car -1 -1 -10 1015.60 320.22 1068.49 351.88 -1 -1 -1 -1000 -1000 -1000 -10 0.0226 
Car -1 -1 -10 1146.00 224.16 1221.66 268.73 -1 -1 -1 -1000 -1000 -1000 -10 0.0222 
Car -1 -1 -10 1070.30 243.73 1132.08 287.62 -1 -1 -1 -1000 -1000 -1000 -10 0.0202 
Car -1 -1 -10 1047.80 259.27 1101.14 288.66 -1 -1 -1 -1000 -1000 -1000 -10 0.0176 
Car -1 -1 -10 1075.00 229.09 1138.88 275.74 -1 -1 -1 -1000 -1000 -1000 -10 0.0172 
Car -1 -1 -10 940.89 243.63 991.19 270.84 -1 -1 -1 -1000 -1000 -1000 -10 0.0167 
Car -1 -1 -10 900.56 254.46 954.45 282.03 -1 -1 -1 -1000 -1000 -1000 -10 0.0166 
Car -1 -1 -10 1065.40 303.38 1114.99 333.79 -1 -1 -1 -1000 -1000 -1000 -10 0.0161 
Car -1 -1 -10 954.09 289.02 1005.36 323.35 -1 -1 -1 -1000 -1000 -1000 -10 0.0148 
Car -1 -1 -10 1037.10 267.99 1087.96 296.28 -1 -1 -1 -1000 -1000 -1000 -10 0.0147 
Car -1 -1 -10 1016.80 259.15 1068.53 287.07 -1 -1 -1 -1000 -1000 -1000 -10 0.0146 
Car -1 -1 -10 1112.80 246.18 1177.68 292.53 -1 -1 -1 -1000 -1000 -1000 -10 0.0144 
Car -1 -1 -10 1059.40 267.94 1114.84 296.24 -1 -1 -1 -1000 -1000 -1000 -10 0.0123 
Car -1 -1 -10 939.58 223.80 1013.21 262.16 -1 -1 -1 -1000 -1000 -1000 -10 0.0119 
Car -1 -1 -10 1050.30 294.44 1105.68 325.02 -1 -1 -1 -1000 -1000 -1000 -10 0.0113 
Car -1 -1 -10 1088.50 288.18 1143.77 320.83 -1 -1 -1 -1000 -1000 -1000 -10 0.0105 
Car -1 -1 -10 1096.40 317.38 1148.29 354.37 -1 -1 -1 -1000 -1000 -1000 -10 0.0105 
Car -1 -1 -10 1020.40 268.28 1073.45 300.20 -1 -1 -1 -1000 -1000 -1000 -10 0.0103 
Car -1 -1 -10 876.18 289.16 933.40 317.10 -1 -1 -1 -1000 -1000 -1000 -10 0.0103 
Car -1 -1 -10 999.31 258.28 1043.16 283.34 -1 -1 -1 -1000 -1000 -1000 -10 0.0101 
Car -1 -1 -10 1056.70 284.00 1126.76 324.59 -1 -1 -1 -1000 -1000 -1000 -10 0.0099 
Car -1 -1 -10 918.05 233.72 991.57 272.84 -1 -1 -1 -1000 -1000 -1000 -10 0.0096 
Car -1 -1 -10 1082.40 299.22 1136.75 330.85 -1 -1 -1 -1000 -1000 -1000 -10 0.0093 
Car -1 -1 -10 1167.90 253.29 1222.51 281.88 -1 -1 -1 -1000 -1000 -1000 -10 0.0087 
Car -1 -1 -10 1070.50 277.82 1126.23 311.04 -1 -1 -1 -1000 -1000 -1000 -10 0.0081 
Car -1 -1 -10 20.81 232.75 94.64 269.67 -1 -1 -1 -1000 -1000 -1000 -10 0.0079 
Car -1 -1 -10 898.58 284.78 973.78 321.60 -1 -1 -1 -1000 -1000 -1000 -10 0.0079 
Car -1 -1 -10 1170.80 243.69 1241.89 297.71 -1 -1 -1 -1000 -1000 -1000 -10 0.0072 
Car -1 -1 -10 1085.10 318.90 1131.41 351.32 -1 -1 -1 -1000 -1000 -1000 -10 0.0070 
Car -1 -1 -10 1069.80 316.07 1115.06 342.55 -1 -1 -1 -1000 -1000 -1000 -10 0.0069 
Car -1 -1 -10 959.61 238.36 1030.14 275.88 -1 -1 -1 -1000 -1000 -1000 -10 0.0066 
Car -1 -1 -10 883.63 234.39 961.64 272.73 -1 -1 -1 -1000 -1000 -1000 -10 0.0060 
Car -1 -1 -10 927.20 286.51 1001.12 329.18 -1 -1 -1 -1000 -1000 -1000 -10 0.0059 
Car -1 -1 -10 997.78 248.31 1056.03 286.86 -1 -1 -1 -1000 -1000 -1000 -10 0.0057 
Car -1 -1 -10 1121.50 296.36 1166.76 325.51 -1 -1 -1 -1000 -1000 -1000 -10 0.0057 
Car -1 -1 -10 1164.00 209.22 1232.86 261.26 -1 -1 -1 -1000 -1000 -1000 -10 0.0049 
Car -1 -1 -10 1128.30 328.73 1195.06 361.01 -1 -1 -1 -1000 -1000 -1000 -10 0.0048 
Car -1 -1 -10 1108.80 319.55 1180.59 358.04 -1 -1 -1 -1000 -1000 -1000 -10 0.0048 
Car -1 -1 -10 1139.50 321.63 1195.67 351.50 -1 -1 -1 -1000 -1000 -1000 -10 0.0043 
Car -1 -1 -10 874.53 243.51 947.50 280.09 -1 -1 -1 -1000 -1000 -1000 -10 0.0040 
Car -1 -1 -10 1136.00 305.99 1191.12 335.15 -1 -1 -1 -1000 -1000 -1000 -10 0.0038 
Car -1 -1 -10 1036.00 325.17 1092.61 357.34 -1 -1 -1 -1000 -1000 -1000 -10 0.0037 
Car -1 -1 -10 1058.20 312.81 1133.57 354.32 -1 -1 -1 -1000 -1000 -1000 -10 0.0035 
Car -1 -1 -10 961.76 329.80 1036.40 359.83 -1 -1 -1 -1000 -1000 -1000 -10 0.0035 
Car -1 -1 -10 859.50 320.00 909.33 345.90 -1 -1 -1 -1000 -1000 -1000 -10 0.0027 
Car -1 -1 -10 1191.00 321.49 1242.96 352.08 -1 -1 -1 -1000 -1000 -1000 -10 0.0027 
Car -1 -1 -10 1185.70 269.81 1242.97 304.88 -1 -1 -1 -1000 -1000 -1000 -10 0.0022 
Car -1 -1 -10 1189.40 283.19 1243.03 312.33 -1 -1 -1 -1000 -1000 -1000 -10 0.0017 
Car -1 -1 -10 841.51 318.96 894.20 343.61 -1 -1 -1 -1000 -1000 -1000 -10 0.0010 
Car -1 -1 -10 1174.80 305.96 1230.17 335.61 -1 -1 -1 -1000 -1000 -1000 -10 0.0008 
Car -1 -1 -10 823.64 312.02 874.75 334.32 -1 -1 -1 -1000 -1000 -1000 -10 0.0008 
Car -1 -1 -10 858.89 312.41 939.46 345.23 -1 -1 -1 -1000 -1000 -1000 -10 0.0007 
Car -1 -1 -10 1156.50 90.45 1226.58 128.97 -1 -1 -1 -1000 -1000 -1000 -10 0.0005 
Car -1 -1 -10 190.59 94.71 258.17 115.50 -1 -1 -1 -1000 -1000 -1000 -10 0.0003 
Car -1 -1 -10 821.85 212.35 880.11 241.78 -1 -1 -1 -1000 -1000 -1000 -10 0.0002 
Car -1 -1 -10 811.16 314.56 888.06 340.89 -1 -1 -1 -1000 -1000 -1000 -10 0.0001 
Car -1 -1 -10 47.52 254.04 101.56 271.50 -1 -1 -1 -1000 -1000 -1000 -10 0.0000 
Car -1 -1 -10 18.21 254.45 70.72 272.23 -1 -1 -1 -1000 -1000 -1000 -10 0.0000 
Car -1 -1 -10 38.23 257.68 119.17 280.05 -1 -1 -1 -1000 -1000 -1000 -10 0.0000 
