Car -1 -1 -10 1033.70 154.21 1238.96 243.16 -1 -1 -1 -1000 -1000 -1000 -10 0.9472 
Car -1 -1 -10 511.35 160.68 540.40 184.27 -1 -1 -1 -1000 -1000 -1000 -10 0.5364 
Car -1 -1 -10 1156.30 158.38 1235.67 252.18 -1 -1 -1 -1000 -1000 -1000 -10 0.1661 
Car -1 -1 -10 908.24 164.74 1009.95 215.27 -1 -1 -1 -1000 -1000 -1000 -10 0.1390 
Car -1 -1 -10 965.62 286.37 1017.00 308.38 -1 -1 -1 -1000 -1000 -1000 -10 0.0076 
Car -1 -1 -10 923.07 77.15 996.09 103.65 -1 -1 -1 -1000 -1000 -1000 -10 0.0056 
Car -1 -1 -10 813.24 190.38 856.59 223.50 -1 -1 -1 -1000 -1000 -1000 -10 0.0048 
Car -1 -1 -10 549.07 136.40 600.72 200.15 -1 -1 -1 -1000 -1000 -1000 -10 0.0040 
Car -1 -1 -10 751.17 184.41 804.34 270.87 -1 -1 -1 -1000 -1000 -1000 -10 0.0029 
Car -1 -1 -10 1072.20 152.51 1184.96 182.24 -1 -1 -1 -1000 -1000 -1000 -10 0.0021 
Car -1 -1 -10 571.64 27.81 625.70 55.31 -1 -1 -1 -1000 -1000 -1000 -10 0.0021 
Car -1 -1 -10 274.14 165.73 355.51 211.95 -1 -1 -1 -1000 -1000 -1000 -10 0.0020 
Car -1 -1 -10 751.70 184.49 803.57 220.21 -1 -1 -1 -1000 -1000 -1000 -10 0.0019 
Car -1 -1 -10 882.01 80.98 961.62 114.89 -1 -1 -1 -1000 -1000 -1000 -10 0.0017 
Car -1 -1 -10 975.43 165.56 1061.68 214.35 -1 -1 -1 -1000 -1000 -1000 -10 0.0015 
Car -1 -1 -10 1040.80 161.94 1126.64 207.94 -1 -1 -1 -1000 -1000 -1000 -10 0.0015 
Car -1 -1 -10 665.76 154.35 738.12 198.35 -1 -1 -1 -1000 -1000 -1000 -10 0.0014 
Car -1 -1 -10 838.31 86.86 915.60 117.53 -1 -1 -1 -1000 -1000 -1000 -10 0.0013 
Car -1 -1 -10 1112.40 146.24 1239.03 281.16 -1 -1 -1 -1000 -1000 -1000 -10 0.0009 
Car -1 -1 -10 1158.00 157.67 1239.00 345.80 -1 -1 -1 -1000 -1000 -1000 -10 0.0006 
Car -1 -1 -10 1084.60 195.31 1171.63 240.91 -1 -1 -1 -1000 -1000 -1000 -10 0.0004 
Car -1 -1 -10 1037.30 160.68 1167.91 223.13 -1 -1 -1 -1000 -1000 -1000 -10 0.0003 
Car -1 -1 -10 1178.40 161.03 1228.07 206.82 -1 -1 -1 -1000 -1000 -1000 -10 0.0003 
Car -1 -1 -10 679.83 155.41 762.74 216.34 -1 -1 -1 -1000 -1000 -1000 -10 0.0002 
Car -1 -1 -10 75.56 210.24 171.68 243.78 -1 -1 -1 -1000 -1000 -1000 -10 0.0002 
Car -1 -1 -10 767.37 233.99 878.58 280.24 -1 -1 -1 -1000 -1000 -1000 -10 0.0002 
Car -1 -1 -10 129.79 198.27 269.38 244.84 -1 -1 -1 -1000 -1000 -1000 -10 0.0001 
Car -1 -1 -10 563.07 55.40 597.01 81.80 -1 -1 -1 -1000 -1000 -1000 -10 0.0001 
Car -1 -1 -10 8.10 208.57 197.83 264.49 -1 -1 -1 -1000 -1000 -1000 -10 0.0001 
Car -1 -1 -10 931.56 262.54 979.14 303.88 -1 -1 -1 -1000 -1000 -1000 -10 0.0000 
Car -1 -1 -10 333.08 163.24 394.57 198.64 -1 -1 -1 -1000 -1000 -1000 -10 0.0000 
Car -1 -1 -10 946.20 224.42 1051.20 303.85 -1 -1 -1 -1000 -1000 -1000 -10 0.0000 
Car -1 -1 -10 179.18 195.76 269.72 214.00 -1 -1 -1 -1000 -1000 -1000 -10 0.0000 
Car -1 -1 -10 1016.80 0.00 1238.98 258.34 -1 -1 -1 -1000 -1000 -1000 -10 0.0000 
