Car -1 -1 -10 307.10 179.12 441.92 264.08 -1 -1 -1 -1000 -1000 -1000 -10 0.9999 
Car -1 -1 -10 417.77 181.30 493.28 231.86 -1 -1 -1 -1000 -1000 -1000 -10 0.9997 
Car -1 -1 -10 741.78 158.61 993.81 341.40 -1 -1 -1 -1000 -1000 -1000 -10 0.9994 
Car -1 -1 -10 132.49 189.26 372.04 326.39 -1 -1 -1 -1000 -1000 -1000 -10 0.9992 
Car -1 -1 -10 529.18 170.48 560.68 200.53 -1 -1 -1 -1000 -1000 -1000 -10 0.9991 
Car -1 -1 -10 699.55 159.23 824.42 263.65 -1 -1 -1 -1000 -1000 -1000 -10 0.9378 
Car -1 -1 -10 0.00 203.15 222.55 376.00 -1 -1 -1 -1000 -1000 -1000 -10 0.0220 
Car -1 -1 -10 902.44 197.32 1243.00 374.59 -1 -1 -1 -1000 -1000 -1000 -10 0.0079 
Car -1 -1 -10 640.83 96.25 685.97 121.11 -1 -1 -1 -1000 -1000 -1000 -10 0.0047 
Car -1 -1 -10 790.33 166.03 880.75 195.99 -1 -1 -1 -1000 -1000 -1000 -10 0.0018 
Car -1 -1 -10 746.30 161.16 813.22 191.77 -1 -1 -1 -1000 -1000 -1000 -10 0.0010 
Car -1 -1 -10 829.21 204.55 1236.09 295.86 -1 -1 -1 -1000 -1000 -1000 -10 0.0009 
Car -1 -1 -10 1152.10 130.32 1221.85 166.89 -1 -1 -1 -1000 -1000 -1000 -10 0.0008 
Car -1 -1 -10 690.35 170.48 739.57 231.92 -1 -1 -1 -1000 -1000 -1000 -10 0.0006 
Car -1 -1 -10 714.73 98.97 766.03 123.19 -1 -1 -1 -1000 -1000 -1000 -10 0.0003 
Car -1 -1 -10 100.88 107.90 163.99 139.11 -1 -1 -1 -1000 -1000 -1000 -10 0.0002 
Car -1 -1 -10 689.50 162.44 774.29 250.34 -1 -1 -1 -1000 -1000 -1000 -10 0.0001 
Car -1 -1 -10 712.07 162.65 831.15 201.73 -1 -1 -1 -1000 -1000 -1000 -10 0.0001 
Car -1 -1 -10 715.02 211.79 784.73 266.53 -1 -1 -1 -1000 -1000 -1000 -10 0.0001 
Car -1 -1 -10 696.11 138.77 773.06 185.65 -1 -1 -1 -1000 -1000 -1000 -10 0.0001 
Car -1 -1 -10 450.85 179.88 494.25 220.75 -1 -1 -1 -1000 -1000 -1000 -10 0.0001 
Car -1 -1 -10 492.40 100.20 554.80 136.21 -1 -1 -1 -1000 -1000 -1000 -10 0.0001 
Car -1 -1 -10 700.69 87.45 803.78 123.42 -1 -1 -1 -1000 -1000 -1000 -10 0.0000 
Car -1 -1 -10 775.33 165.00 825.37 187.27 -1 -1 -1 -1000 -1000 -1000 -10 0.0000 
Car -1 -1 -10 950.61 199.07 1085.14 260.34 -1 -1 -1 -1000 -1000 -1000 -10 0.0000 
Car -1 -1 -10 979.77 178.30 1033.60 203.36 -1 -1 -1 -1000 -1000 -1000 -10 0.0000 
Car -1 -1 -10 481.72 99.20 582.09 155.63 -1 -1 -1 -1000 -1000 -1000 -10 0.0000 
Car -1 -1 -10 353.11 183.71 437.68 209.60 -1 -1 -1 -1000 -1000 -1000 -10 0.0000 
Car -1 -1 -10 938.80 91.16 1024.83 133.04 -1 -1 -1 -1000 -1000 -1000 -10 0.0000 
Car -1 -1 -10 991.23 171.84 1044.96 197.01 -1 -1 -1 -1000 -1000 -1000 -10 0.0000 
Car -1 -1 -10 685.65 84.72 757.68 124.56 -1 -1 -1 -1000 -1000 -1000 -10 0.0000 
Car -1 -1 -10 1055.00 181.61 1132.42 215.31 -1 -1 -1 -1000 -1000 -1000 -10 0.0000 
Car -1 -1 -10 884.75 149.44 956.35 167.12 -1 -1 -1 -1000 -1000 -1000 -10 0.0000 
Car -1 -1 -10 1122.60 123.81 1233.56 178.43 -1 -1 -1 -1000 -1000 -1000 -10 0.0000 
Car -1 -1 -10 382.52 181.41 443.74 230.82 -1 -1 -1 -1000 -1000 -1000 -10 0.0000 
Car -1 -1 -10 328.83 183.35 400.17 220.40 -1 -1 -1 -1000 -1000 -1000 -10 0.0000 
Car -1 -1 -10 1024.50 199.36 1111.38 238.38 -1 -1 -1 -1000 -1000 -1000 -10 0.0000 
Car -1 -1 -10 902.70 175.66 963.12 209.12 -1 -1 -1 -1000 -1000 -1000 -10 0.0000 
Car -1 -1 -10 858.73 224.62 1026.71 278.00 -1 -1 -1 -1000 -1000 -1000 -10 0.0000 
