Car -1 -1 -10 530.01 166.08 582.75 210.44 -1 -1 -1 -1000 -1000 -1000 -10 0.9958 
Car -1 -1 -10 600.14 168.56 622.95 191.90 -1 -1 -1 -1000 -1000 -1000 -10 0.1225 
Car -1 -1 -10 841.40 45.00 879.08 69.11 -1 -1 -1 -1000 -1000 -1000 -10 0.0814 
Car -1 -1 -10 743.88 185.42 824.53 261.84 -1 -1 -1 -1000 -1000 -1000 -10 0.0767 
Car -1 -1 -10 205.76 188.58 287.19 240.97 -1 -1 -1 -1000 -1000 -1000 -10 0.0173 
Car -1 -1 -10 1020.90 163.28 1103.79 213.41 -1 -1 -1 -1000 -1000 -1000 -10 0.0153 
Car -1 -1 -10 985.84 233.51 1030.73 265.92 -1 -1 -1 -1000 -1000 -1000 -10 0.0093 
Car -1 -1 -10 140.60 239.01 194.16 275.81 -1 -1 -1 -1000 -1000 -1000 -10 0.0081 
Car -1 -1 -10 796.05 181.37 853.35 217.54 -1 -1 -1 -1000 -1000 -1000 -10 0.0065 
Car -1 -1 -10 0.00 119.37 100.54 160.76 -1 -1 -1 -1000 -1000 -1000 -10 0.0061 
Car -1 -1 -10 0.00 188.81 188.77 370.57 -1 -1 -1 -1000 -1000 -1000 -10 0.0059 
Car -1 -1 -10 203.12 187.97 338.21 290.99 -1 -1 -1 -1000 -1000 -1000 -10 0.0050 
Car -1 -1 -10 366.97 136.06 408.66 181.12 -1 -1 -1 -1000 -1000 -1000 -10 0.0040 
Car -1 -1 -10 1139.70 219.04 1239.01 311.62 -1 -1 -1 -1000 -1000 -1000 -10 0.0026 
Car -1 -1 -10 689.74 173.03 749.93 217.48 -1 -1 -1 -1000 -1000 -1000 -10 0.0023 
Car -1 -1 -10 825.53 174.42 909.53 217.63 -1 -1 -1 -1000 -1000 -1000 -10 0.0021 
Car -1 -1 -10 226.68 136.66 297.47 181.67 -1 -1 -1 -1000 -1000 -1000 -10 0.0019 
Car -1 -1 -10 183.57 251.84 267.40 291.22 -1 -1 -1 -1000 -1000 -1000 -10 0.0019 
Car -1 -1 -10 756.09 176.97 840.47 222.51 -1 -1 -1 -1000 -1000 -1000 -10 0.0018 
Car -1 -1 -10 695.95 112.44 756.08 138.90 -1 -1 -1 -1000 -1000 -1000 -10 0.0015 
Car -1 -1 -10 1031.40 152.01 1079.40 194.94 -1 -1 -1 -1000 -1000 -1000 -10 0.0015 
Car -1 -1 -10 371.35 217.51 409.81 244.70 -1 -1 -1 -1000 -1000 -1000 -10 0.0013 
Car -1 -1 -10 51.23 305.91 107.97 342.17 -1 -1 -1 -1000 -1000 -1000 -10 0.0009 
Car -1 -1 -10 854.76 52.13 975.34 111.82 -1 -1 -1 -1000 -1000 -1000 -10 0.0007 
Car -1 -1 -10 321.61 196.91 358.71 219.51 -1 -1 -1 -1000 -1000 -1000 -10 0.0006 
Car -1 -1 -10 948.04 184.73 1024.86 210.63 -1 -1 -1 -1000 -1000 -1000 -10 0.0006 
Car -1 -1 -10 282.51 132.35 369.72 161.20 -1 -1 -1 -1000 -1000 -1000 -10 0.0005 
Car -1 -1 -10 186.02 258.22 227.28 290.32 -1 -1 -1 -1000 -1000 -1000 -10 0.0005 
Car -1 -1 -10 795.30 88.83 870.24 119.13 -1 -1 -1 -1000 -1000 -1000 -10 0.0005 
Car -1 -1 -10 828.84 89.02 920.80 115.07 -1 -1 -1 -1000 -1000 -1000 -10 0.0004 
Car -1 -1 -10 559.67 152.62 606.08 203.38 -1 -1 -1 -1000 -1000 -1000 -10 0.0003 
Car -1 -1 -10 1021.60 277.40 1087.99 295.49 -1 -1 -1 -1000 -1000 -1000 -10 0.0003 
Car -1 -1 -10 957.04 259.86 995.76 285.47 -1 -1 -1 -1000 -1000 -1000 -10 0.0003 
Car -1 -1 -10 380.36 191.84 457.18 241.51 -1 -1 -1 -1000 -1000 -1000 -10 0.0003 
Car -1 -1 -10 0.00 79.11 52.49 112.00 -1 -1 -1 -1000 -1000 -1000 -10 0.0002 
Car -1 -1 -10 782.90 181.63 830.34 227.20 -1 -1 -1 -1000 -1000 -1000 -10 0.0002 
Car -1 -1 -10 0.00 301.41 186.89 358.70 -1 -1 -1 -1000 -1000 -1000 -10 0.0002 
Car -1 -1 -10 338.65 135.35 425.23 195.86 -1 -1 -1 -1000 -1000 -1000 -10 0.0002 
Car -1 -1 -10 990.60 238.88 1020.42 272.56 -1 -1 -1 -1000 -1000 -1000 -10 0.0002 
Car -1 -1 -10 321.03 44.58 378.80 79.72 -1 -1 -1 -1000 -1000 -1000 -10 0.0002 
Car -1 -1 -10 1154.20 244.80 1238.96 272.45 -1 -1 -1 -1000 -1000 -1000 -10 0.0002 
Car -1 -1 -10 134.81 171.76 195.87 229.54 -1 -1 -1 -1000 -1000 -1000 -10 0.0001 
Car -1 -1 -10 1034.10 132.85 1080.55 181.12 -1 -1 -1 -1000 -1000 -1000 -10 0.0001 
Car -1 -1 -10 273.68 192.82 317.39 216.52 -1 -1 -1 -1000 -1000 -1000 -10 0.0001 
Car -1 -1 -10 383.07 197.90 416.68 244.55 -1 -1 -1 -1000 -1000 -1000 -10 0.0001 
Car -1 -1 -10 776.27 65.75 933.57 127.19 -1 -1 -1 -1000 -1000 -1000 -10 0.0001 
Car -1 -1 -10 899.80 28.19 941.98 61.13 -1 -1 -1 -1000 -1000 -1000 -10 0.0001 
Car -1 -1 -10 5.49 93.56 77.65 120.75 -1 -1 -1 -1000 -1000 -1000 -10 0.0001 
Car -1 -1 -10 986.86 252.67 1021.99 293.61 -1 -1 -1 -1000 -1000 -1000 -10 0.0001 
Car -1 -1 -10 686.16 166.10 805.23 255.64 -1 -1 -1 -1000 -1000 -1000 -10 0.0001 
Car -1 -1 -10 256.99 211.05 330.35 290.13 -1 -1 -1 -1000 -1000 -1000 -10 0.0000 
Car -1 -1 -10 1139.20 269.61 1221.35 347.47 -1 -1 -1 -1000 -1000 -1000 -10 0.0000 
Car -1 -1 -10 1122.30 298.12 1231.86 353.29 -1 -1 -1 -1000 -1000 -1000 -10 0.0000 
Car -1 -1 -10 975.46 250.05 1010.26 280.56 -1 -1 -1 -1000 -1000 -1000 -10 0.0000 
Car -1 -1 -10 133.97 279.44 255.91 322.91 -1 -1 -1 -1000 -1000 -1000 -10 0.0000 
Car -1 -1 -10 1027.80 285.23 1218.00 363.13 -1 -1 -1 -1000 -1000 -1000 -10 0.0000 
Car -1 -1 -10 216.28 132.49 350.05 179.56 -1 -1 -1 -1000 -1000 -1000 -10 0.0000 
Car -1 -1 -10 748.01 168.58 796.43 235.94 -1 -1 -1 -1000 -1000 -1000 -10 0.0000 
Car -1 -1 -10 178.43 170.91 278.65 226.45 -1 -1 -1 -1000 -1000 -1000 -10 0.0000 
Car -1 -1 -10 125.86 157.98 226.92 236.15 -1 -1 -1 -1000 -1000 -1000 -10 0.0000 
Car -1 -1 -10 52.02 217.05 320.79 346.22 -1 -1 -1 -1000 -1000 -1000 -10 0.0000 
Car -1 -1 -10 1037.50 277.50 1103.20 318.19 -1 -1 -1 -1000 -1000 -1000 -10 0.0000 
Car -1 -1 -10 215.61 158.87 288.10 223.00 -1 -1 -1 -1000 -1000 -1000 -10 0.0000 
Car -1 -1 -10 565.62 138.28 623.54 196.10 -1 -1 -1 -1000 -1000 -1000 -10 0.0000 
Car -1 -1 -10 48.00 151.65 345.44 319.11 -1 -1 -1 -1000 -1000 -1000 -10 0.0000 
Car -1 -1 -10 859.90 170.62 918.22 214.03 -1 -1 -1 -1000 -1000 -1000 -10 0.0000 
Car -1 -1 -10 355.39 223.00 414.59 247.97 -1 -1 -1 -1000 -1000 -1000 -10 0.0000 
Car -1 -1 -10 601.03 135.36 653.15 194.03 -1 -1 -1 -1000 -1000 -1000 -10 0.0000 
Car -1 -1 -10 577.62 157.32 616.03 195.88 -1 -1 -1 -1000 -1000 -1000 -10 0.0000 
Car -1 -1 -10 790.14 163.72 858.05 189.83 -1 -1 -1 -1000 -1000 -1000 -10 0.0000 
Car -1 -1 -10 185.48 272.20 257.46 292.92 -1 -1 -1 -1000 -1000 -1000 -10 0.0000 
Car -1 -1 -10 991.44 259.18 1059.56 285.94 -1 -1 -1 -1000 -1000 -1000 -10 0.0000 
Car -1 -1 -10 681.93 211.07 791.18 306.13 -1 -1 -1 -1000 -1000 -1000 -10 0.0000 
