Car -1 -1 -10 740.27 167.78 916.93 234.34 -1 -1 -1 -1000 -1000 -1000 -10 0.9999 
Car -1 -1 -10 277.78 183.07 440.14 308.33 -1 -1 -1 -1000 -1000 -1000 -10 0.9998 
Car -1 -1 -10 1053.00 172.13 1175.68 213.93 -1 -1 -1 -1000 -1000 -1000 -10 0.8258 
Car -1 -1 -10 373.49 189.66 482.48 267.00 -1 -1 -1 -1000 -1000 -1000 -10 0.3367 
Car -1 -1 -10 976.81 175.54 1219.59 314.01 -1 -1 -1 -1000 -1000 -1000 -10 0.2700 
Car -1 -1 -10 77.77 209.43 189.94 273.21 -1 -1 -1 -1000 -1000 -1000 -10 0.0444 
Car -1 -1 -10 1175.80 255.59 1243.03 305.87 -1 -1 -1 -1000 -1000 -1000 -10 0.0398 
Car -1 -1 -10 211.89 103.66 267.67 132.57 -1 -1 -1 -1000 -1000 -1000 -10 0.0370 
Car -1 -1 -10 1161.20 226.40 1242.96 316.48 -1 -1 -1 -1000 -1000 -1000 -10 0.0129 
Car -1 -1 -10 185.60 305.81 246.37 328.67 -1 -1 -1 -1000 -1000 -1000 -10 0.0067 
Car -1 -1 -10 984.09 186.84 1150.27 261.01 -1 -1 -1 -1000 -1000 -1000 -10 0.0040 
Car -1 -1 -10 25.23 199.81 111.90 249.47 -1 -1 -1 -1000 -1000 -1000 -10 0.0028 
Car -1 -1 -10 167.81 309.33 226.53 329.99 -1 -1 -1 -1000 -1000 -1000 -10 0.0024 
Car -1 -1 -10 1108.80 172.52 1174.03 211.68 -1 -1 -1 -1000 -1000 -1000 -10 0.0023 
Car -1 -1 -10 973.71 182.04 1113.50 299.93 -1 -1 -1 -1000 -1000 -1000 -10 0.0016 
Car -1 -1 -10 75.14 214.14 134.76 286.37 -1 -1 -1 -1000 -1000 -1000 -10 0.0007 
Car -1 -1 -10 37.27 271.13 106.77 299.11 -1 -1 -1 -1000 -1000 -1000 -10 0.0006 
Car -1 -1 -10 251.90 95.61 287.95 128.29 -1 -1 -1 -1000 -1000 -1000 -10 0.0005 
Car -1 -1 -10 853.18 172.11 917.31 207.83 -1 -1 -1 -1000 -1000 -1000 -10 0.0005 
Car -1 -1 -10 782.88 171.61 860.82 199.26 -1 -1 -1 -1000 -1000 -1000 -10 0.0004 
Car -1 -1 -10 1096.40 228.52 1212.51 299.52 -1 -1 -1 -1000 -1000 -1000 -10 0.0002 
Car -1 -1 -10 149.53 201.32 202.93 239.96 -1 -1 -1 -1000 -1000 -1000 -10 0.0001 
Car -1 -1 -10 927.19 168.50 978.63 181.21 -1 -1 -1 -1000 -1000 -1000 -10 0.0001 
Car -1 -1 -10 772.76 172.42 841.18 188.35 -1 -1 -1 -1000 -1000 -1000 -10 0.0001 
Car -1 -1 -10 743.22 173.92 868.93 212.10 -1 -1 -1 -1000 -1000 -1000 -10 0.0001 
Car -1 -1 -10 129.70 201.85 201.69 263.64 -1 -1 -1 -1000 -1000 -1000 -10 0.0000 
Car -1 -1 -10 966.52 202.35 1069.99 320.89 -1 -1 -1 -1000 -1000 -1000 -10 0.0000 
Car -1 -1 -10 1137.00 168.64 1190.04 193.73 -1 -1 -1 -1000 -1000 -1000 -10 0.0000 
Car -1 -1 -10 90.82 300.29 161.80 359.92 -1 -1 -1 -1000 -1000 -1000 -10 0.0000 
Car -1 -1 -10 293.20 192.42 360.67 230.42 -1 -1 -1 -1000 -1000 -1000 -10 0.0000 
Car -1 -1 -10 181.68 135.83 252.88 167.35 -1 -1 -1 -1000 -1000 -1000 -10 0.0000 
Car -1 -1 -10 988.83 196.34 1086.18 244.36 -1 -1 -1 -1000 -1000 -1000 -10 0.0000 
Car -1 -1 -10 394.14 191.31 469.34 231.18 -1 -1 -1 -1000 -1000 -1000 -10 0.0000 
Car -1 -1 -10 1039.30 181.25 1129.50 239.07 -1 -1 -1 -1000 -1000 -1000 -10 0.0000 
