Car -1 -1 -10 0.00 176.35 84.12 229.86 -1 -1 -1 -1000 -1000 -1000 -10 0.1338 
Car -1 -1 -10 715.91 170.69 737.58 189.59 -1 -1 -1 -1000 -1000 -1000 -10 0.0398 
Car -1 -1 -10 1.69 176.08 75.19 204.55 -1 -1 -1 -1000 -1000 -1000 -10 0.0223 
Car -1 -1 -10 1156.60 274.10 1214.92 303.41 -1 -1 -1 -1000 -1000 -1000 -10 0.0202 
Car -1 -1 -10 53.33 176.84 178.25 211.34 -1 -1 -1 -1000 -1000 -1000 -10 0.0098 
Car -1 -1 -10 1104.90 286.96 1160.27 319.88 -1 -1 -1 -1000 -1000 -1000 -10 0.0079 
Car -1 -1 -10 1055.60 289.49 1137.87 327.66 -1 -1 -1 -1000 -1000 -1000 -10 0.0052 
Car -1 -1 -10 1114.20 281.91 1205.63 323.76 -1 -1 -1 -1000 -1000 -1000 -10 0.0032 
Car -1 -1 -10 1087.30 283.73 1142.05 314.00 -1 -1 -1 -1000 -1000 -1000 -10 0.0023 
Car -1 -1 -10 1102.50 257.81 1187.26 309.75 -1 -1 -1 -1000 -1000 -1000 -10 0.0022 
Car -1 -1 -10 21.09 303.46 98.37 331.78 -1 -1 -1 -1000 -1000 -1000 -10 0.0019 
Car -1 -1 -10 1133.60 263.75 1223.16 311.65 -1 -1 -1 -1000 -1000 -1000 -10 0.0016 
Car -1 -1 -10 110.96 274.98 176.94 305.79 -1 -1 -1 -1000 -1000 -1000 -10 0.0012 
Car -1 -1 -10 1085.00 276.81 1171.02 317.73 -1 -1 -1 -1000 -1000 -1000 -10 0.0010 
Car -1 -1 -10 164.29 25.34 215.11 61.04 -1 -1 -1 -1000 -1000 -1000 -10 0.0009 
Car -1 -1 -10 1087.70 59.05 1155.60 96.70 -1 -1 -1 -1000 -1000 -1000 -10 0.0009 
Car -1 -1 -10 3.34 306.51 62.26 341.77 -1 -1 -1 -1000 -1000 -1000 -10 0.0004 
Car -1 -1 -10 11.32 294.53 69.03 335.40 -1 -1 -1 -1000 -1000 -1000 -10 0.0004 
Car -1 -1 -10 53.76 291.88 121.27 325.29 -1 -1 -1 -1000 -1000 -1000 -10 0.0003 
Car -1 -1 -10 1094.40 54.42 1173.62 86.71 -1 -1 -1 -1000 -1000 -1000 -10 0.0002 
Car -1 -1 -10 163.29 185.31 244.70 211.71 -1 -1 -1 -1000 -1000 -1000 -10 0.0001 
Car -1 -1 -10 499.48 177.68 547.70 193.57 -1 -1 -1 -1000 -1000 -1000 -10 0.0001 
Car -1 -1 -10 150.55 147.75 242.33 208.77 -1 -1 -1 -1000 -1000 -1000 -10 0.0001 
Car -1 -1 -10 42.72 182.42 135.49 221.83 -1 -1 -1 -1000 -1000 -1000 -10 0.0000 
Car -1 -1 -10 502.01 173.74 538.35 189.78 -1 -1 -1 -1000 -1000 -1000 -10 0.0000 
Car -1 -1 -10 947.86 111.78 1025.98 142.19 -1 -1 -1 -1000 -1000 -1000 -10 0.0000 
Car -1 -1 -10 571.09 172.83 602.60 188.89 -1 -1 -1 -1000 -1000 -1000 -10 0.0000 
Car -1 -1 -10 967.68 68.00 1041.17 92.28 -1 -1 -1 -1000 -1000 -1000 -10 0.0000 
Car -1 -1 -10 175.58 144.60 304.32 210.56 -1 -1 -1 -1000 -1000 -1000 -10 0.0000 
Car -1 -1 -10 142.05 26.41 243.95 56.66 -1 -1 -1 -1000 -1000 -1000 -10 0.0000 
Car -1 -1 -10 489.74 182.30 546.25 201.32 -1 -1 -1 -1000 -1000 -1000 -10 0.0000 
Car -1 -1 -10 870.86 159.54 941.49 178.44 -1 -1 -1 -1000 -1000 -1000 -10 0.0000 
Car -1 -1 -10 923.67 106.43 1055.07 139.23 -1 -1 -1 -1000 -1000 -1000 -10 0.0000 
Car -1 -1 -10 916.14 118.48 1036.89 147.97 -1 -1 -1 -1000 -1000 -1000 -10 0.0000 
