Car -1 -1 -10 606.97 178.56 717.96 251.33 -1 -1 -1 -1000 -1000 -1000 -10 1.0000 
Car -1 -1 -10 907.75 180.31 1235.22 307.12 -1 -1 -1 -1000 -1000 -1000 -10 0.9998 
Car -1 -1 -10 524.05 180.46 577.13 217.05 -1 -1 -1 -1000 -1000 -1000 -10 0.9979 
Car -1 -1 -10 472.48 177.09 535.70 202.71 -1 -1 -1 -1000 -1000 -1000 -10 0.9711 
Car -1 -1 -10 558.27 175.07 634.56 202.67 -1 -1 -1 -1000 -1000 -1000 -10 0.0798 
Car -1 -1 -10 756.95 168.26 813.99 189.82 -1 -1 -1 -1000 -1000 -1000 -10 0.0395 
Car -1 -1 -10 203.98 111.09 254.64 143.95 -1 -1 -1 -1000 -1000 -1000 -10 0.0216 
Car -1 -1 -10 227.00 167.94 296.93 208.52 -1 -1 -1 -1000 -1000 -1000 -10 0.0158 
Car -1 -1 -10 334.01 120.06 399.44 181.27 -1 -1 -1 -1000 -1000 -1000 -10 0.0144 
Car -1 -1 -10 562.26 174.02 602.18 201.49 -1 -1 -1 -1000 -1000 -1000 -10 0.0138 
Car -1 -1 -10 417.67 333.49 492.55 355.06 -1 -1 -1 -1000 -1000 -1000 -10 0.0102 
Car -1 -1 -10 399.05 140.62 457.00 200.96 -1 -1 -1 -1000 -1000 -1000 -10 0.0101 
Car -1 -1 -10 325.02 117.20 434.01 193.56 -1 -1 -1 -1000 -1000 -1000 -10 0.0096 
Car -1 -1 -10 372.91 117.55 460.79 201.19 -1 -1 -1 -1000 -1000 -1000 -10 0.0082 
Car -1 -1 -10 348.87 118.62 448.22 159.07 -1 -1 -1 -1000 -1000 -1000 -10 0.0043 
Car -1 -1 -10 773.24 170.31 835.47 194.16 -1 -1 -1 -1000 -1000 -1000 -10 0.0037 
Car -1 -1 -10 198.28 166.58 338.01 232.97 -1 -1 -1 -1000 -1000 -1000 -10 0.0026 
Car -1 -1 -10 6.13 199.63 97.76 261.35 -1 -1 -1 -1000 -1000 -1000 -10 0.0024 
Car -1 -1 -10 29.81 203.60 141.78 261.13 -1 -1 -1 -1000 -1000 -1000 -10 0.0019 
Car -1 -1 -10 89.87 225.99 210.93 265.10 -1 -1 -1 -1000 -1000 -1000 -10 0.0018 
Car -1 -1 -10 755.48 23.30 809.43 63.19 -1 -1 -1 -1000 -1000 -1000 -10 0.0009 
Car -1 -1 -10 988.36 20.59 1046.61 51.94 -1 -1 -1 -1000 -1000 -1000 -10 0.0008 
Car -1 -1 -10 689.82 169.55 724.92 196.41 -1 -1 -1 -1000 -1000 -1000 -10 0.0006 
Car -1 -1 -10 326.99 164.74 377.46 195.83 -1 -1 -1 -1000 -1000 -1000 -10 0.0006 
Car -1 -1 -10 405.16 171.48 452.64 199.62 -1 -1 -1 -1000 -1000 -1000 -10 0.0006 
Car -1 -1 -10 325.83 178.68 382.69 197.46 -1 -1 -1 -1000 -1000 -1000 -10 0.0005 
Car -1 -1 -10 398.39 174.70 435.86 203.09 -1 -1 -1 -1000 -1000 -1000 -10 0.0003 
Car -1 -1 -10 613.79 172.19 682.16 204.91 -1 -1 -1 -1000 -1000 -1000 -10 0.0003 
Car -1 -1 -10 137.13 162.29 247.61 208.67 -1 -1 -1 -1000 -1000 -1000 -10 0.0003 
Car -1 -1 -10 555.37 178.16 587.33 204.35 -1 -1 -1 -1000 -1000 -1000 -10 0.0002 
Car -1 -1 -10 500.45 175.74 537.37 200.41 -1 -1 -1 -1000 -1000 -1000 -10 0.0002 
Car -1 -1 -10 659.65 168.94 711.67 198.79 -1 -1 -1 -1000 -1000 -1000 -10 0.0001 
Car -1 -1 -10 616.74 178.26 703.47 213.55 -1 -1 -1 -1000 -1000 -1000 -10 0.0001 
Car -1 -1 -10 431.68 118.24 544.44 158.01 -1 -1 -1 -1000 -1000 -1000 -10 0.0000 
Car -1 -1 -10 792.74 136.81 842.53 175.19 -1 -1 -1 -1000 -1000 -1000 -10 0.0000 
Car -1 -1 -10 594.29 175.43 637.19 208.14 -1 -1 -1 -1000 -1000 -1000 -10 0.0000 
Car -1 -1 -10 147.76 123.17 213.64 175.33 -1 -1 -1 -1000 -1000 -1000 -10 0.0000 
Car -1 -1 -10 517.57 182.42 553.78 213.78 -1 -1 -1 -1000 -1000 -1000 -10 0.0000 
Car -1 -1 -10 195.33 105.69 255.90 171.31 -1 -1 -1 -1000 -1000 -1000 -10 0.0000 
Car -1 -1 -10 578.79 132.67 650.79 158.77 -1 -1 -1 -1000 -1000 -1000 -10 0.0000 
Car -1 -1 -10 909.19 200.26 1101.43 244.41 -1 -1 -1 -1000 -1000 -1000 -10 0.0000 
Car -1 -1 -10 162.25 82.43 274.07 159.30 -1 -1 -1 -1000 -1000 -1000 -10 0.0000 
Car -1 -1 -10 573.77 126.66 639.94 151.72 -1 -1 -1 -1000 -1000 -1000 -10 0.0000 
Car -1 -1 -10 627.03 120.89 690.80 144.35 -1 -1 -1 -1000 -1000 -1000 -10 0.0000 
Car -1 -1 -10 674.82 181.42 721.41 211.19 -1 -1 -1 -1000 -1000 -1000 -10 0.0000 
Car -1 -1 -10 506.58 180.26 545.81 206.90 -1 -1 -1 -1000 -1000 -1000 -10 0.0000 
Car -1 -1 -10 402.83 111.71 526.41 198.35 -1 -1 -1 -1000 -1000 -1000 -10 0.0000 
Car -1 -1 -10 962.69 184.08 1091.22 238.34 -1 -1 -1 -1000 -1000 -1000 -10 0.0000 
Car -1 -1 -10 468.18 179.43 511.37 200.07 -1 -1 -1 -1000 -1000 -1000 -10 0.0000 
Car -1 -1 -10 1128.70 184.07 1210.80 223.42 -1 -1 -1 -1000 -1000 -1000 -10 0.0000 
Car -1 -1 -10 1026.00 200.24 1123.33 242.66 -1 -1 -1 -1000 -1000 -1000 -10 0.0000 
Car -1 -1 -10 183.52 114.84 265.94 194.62 -1 -1 -1 -1000 -1000 -1000 -10 0.0000 
Car -1 -1 -10 697.00 194.07 768.41 212.52 -1 -1 -1 -1000 -1000 -1000 -10 0.0000 
Car -1 -1 -10 337.32 158.99 409.36 199.56 -1 -1 -1 -1000 -1000 -1000 -10 0.0000 
Car -1 -1 -10 914.17 15.97 1039.84 63.44 -1 -1 -1 -1000 -1000 -1000 -10 0.0000 
Car -1 -1 -10 890.60 14.18 977.39 69.42 -1 -1 -1 -1000 -1000 -1000 -10 0.0000 
