Car -1 -1 -10 47.57 189.12 95.18 220.92 -1 -1 -1 -1000 -1000 -1000 -10 0.9971 
Car -1 -1 -10 956.90 315.07 1015.14 339.23 -1 -1 -1 -1000 -1000 -1000 -10 0.0028 
Car -1 -1 -10 881.40 333.51 938.44 357.05 -1 -1 -1 -1000 -1000 -1000 -10 0.0028 
Car -1 -1 -10 611.94 328.75 673.33 354.18 -1 -1 -1 -1000 -1000 -1000 -10 0.0024 
Car -1 -1 -10 1149.70 299.00 1203.06 330.89 -1 -1 -1 -1000 -1000 -1000 -10 0.0016 
Car -1 -1 -10 3.87 95.28 53.34 119.20 -1 -1 -1 -1000 -1000 -1000 -10 0.0016 
Car -1 -1 -10 664.28 192.31 723.10 240.26 -1 -1 -1 -1000 -1000 -1000 -10 0.0010 
Car -1 -1 -10 897.22 328.55 949.67 355.68 -1 -1 -1 -1000 -1000 -1000 -10 0.0008 
Car -1 -1 -10 9.84 212.76 66.79 246.30 -1 -1 -1 -1000 -1000 -1000 -10 0.0005 
Car -1 -1 -10 892.29 322.10 939.84 348.57 -1 -1 -1 -1000 -1000 -1000 -10 0.0005 
Car -1 -1 -10 1041.90 300.86 1098.00 329.40 -1 -1 -1 -1000 -1000 -1000 -10 0.0005 
Car -1 -1 -10 1126.00 295.28 1206.52 343.87 -1 -1 -1 -1000 -1000 -1000 -10 0.0003 
Car -1 -1 -10 0.00 98.30 81.09 128.73 -1 -1 -1 -1000 -1000 -1000 -10 0.0003 
Car -1 -1 -10 402.22 100.30 463.43 152.93 -1 -1 -1 -1000 -1000 -1000 -10 0.0002 
Car -1 -1 -10 172.38 129.98 243.40 158.79 -1 -1 -1 -1000 -1000 -1000 -10 0.0002 
Car -1 -1 -10 881.57 313.00 955.36 347.70 -1 -1 -1 -1000 -1000 -1000 -10 0.0002 
Car -1 -1 -10 815.82 328.51 913.28 357.91 -1 -1 -1 -1000 -1000 -1000 -10 0.0001 
Car -1 -1 -10 862.55 328.98 962.66 357.23 -1 -1 -1 -1000 -1000 -1000 -10 0.0001 
Car -1 -1 -10 604.80 326.89 717.90 357.84 -1 -1 -1 -1000 -1000 -1000 -10 0.0001 
Car -1 -1 -10 540.33 331.34 582.59 352.02 -1 -1 -1 -1000 -1000 -1000 -10 0.0001 
Car -1 -1 -10 618.82 313.64 712.88 349.79 -1 -1 -1 -1000 -1000 -1000 -10 0.0001 
Car -1 -1 -10 277.16 188.89 359.90 231.67 -1 -1 -1 -1000 -1000 -1000 -10 0.0001 
Car -1 -1 -10 76.59 168.89 149.65 202.56 -1 -1 -1 -1000 -1000 -1000 -10 0.0001 
Car -1 -1 -10 67.42 184.30 100.22 210.62 -1 -1 -1 -1000 -1000 -1000 -10 0.0000 
Car -1 -1 -10 715.52 326.64 845.53 358.11 -1 -1 -1 -1000 -1000 -1000 -10 0.0000 
Car -1 -1 -10 116.87 118.34 229.60 156.63 -1 -1 -1 -1000 -1000 -1000 -10 0.0000 
Car -1 -1 -10 22.66 200.46 71.03 240.93 -1 -1 -1 -1000 -1000 -1000 -10 0.0000 
