Car -1 -1 -10 326.78 177.89 488.17 258.85 -1 -1 -1 -1000 -1000 -1000 -10 0.9998 
Car -1 -1 -10 1115.60 160.60 1242.98 202.58 -1 -1 -1 -1000 -1000 -1000 -10 0.4255 
Car -1 -1 -10 1130.70 161.36 1218.05 189.48 -1 -1 -1 -1000 -1000 -1000 -10 0.0300 
Car -1 -1 -10 1158.90 295.79 1218.44 327.41 -1 -1 -1 -1000 -1000 -1000 -10 0.0256 
Car -1 -1 -10 0.00 50.00 361.25 376.00 -1 -1 -1 -1000 -1000 -1000 -10 0.0220 
Car -1 -1 -10 1113.60 295.09 1163.00 325.80 -1 -1 -1 -1000 -1000 -1000 -10 0.0079 
Car -1 -1 -10 399.45 175.19 518.67 244.62 -1 -1 -1 -1000 -1000 -1000 -10 0.0068 
Car -1 -1 -10 436.85 179.53 516.11 209.45 -1 -1 -1 -1000 -1000 -1000 -10 0.0056 
Car -1 -1 -10 980.88 123.85 1042.45 157.63 -1 -1 -1 -1000 -1000 -1000 -10 0.0053 
Car -1 -1 -10 1116.40 293.35 1199.87 332.86 -1 -1 -1 -1000 -1000 -1000 -10 0.0047 
Car -1 -1 -10 1161.20 160.64 1243.02 190.29 -1 -1 -1 -1000 -1000 -1000 -10 0.0043 
Car -1 -1 -10 1023.20 114.39 1131.35 148.26 -1 -1 -1 -1000 -1000 -1000 -10 0.0040 
Car -1 -1 -10 971.92 308.65 1037.45 344.79 -1 -1 -1 -1000 -1000 -1000 -10 0.0028 
Car -1 -1 -10 939.24 274.80 997.37 307.09 -1 -1 -1 -1000 -1000 -1000 -10 0.0027 
Car -1 -1 -10 930.97 281.47 989.87 315.75 -1 -1 -1 -1000 -1000 -1000 -10 0.0022 
Car -1 -1 -10 977.68 122.24 1080.89 164.99 -1 -1 -1 -1000 -1000 -1000 -10 0.0020 
Car -1 -1 -10 953.66 304.57 1018.16 339.14 -1 -1 -1 -1000 -1000 -1000 -10 0.0019 
Car -1 -1 -10 1007.70 280.27 1083.90 314.53 -1 -1 -1 -1000 -1000 -1000 -10 0.0015 
Car -1 -1 -10 960.32 44.93 1043.49 74.12 -1 -1 -1 -1000 -1000 -1000 -10 0.0014 
Car -1 -1 -10 990.58 317.07 1052.63 356.96 -1 -1 -1 -1000 -1000 -1000 -10 0.0012 
Car -1 -1 -10 435.08 177.26 475.56 203.96 -1 -1 -1 -1000 -1000 -1000 -10 0.0008 
Car -1 -1 -10 914.53 292.74 984.86 338.31 -1 -1 -1 -1000 -1000 -1000 -10 0.0007 
Car -1 -1 -10 429.64 176.72 474.08 223.86 -1 -1 -1 -1000 -1000 -1000 -10 0.0004 
Car -1 -1 -10 845.12 272.18 906.57 324.91 -1 -1 -1 -1000 -1000 -1000 -10 0.0003 
Car -1 -1 -10 916.49 255.94 994.80 311.82 -1 -1 -1 -1000 -1000 -1000 -10 0.0002 
Car -1 -1 -10 934.38 149.15 1008.94 177.20 -1 -1 -1 -1000 -1000 -1000 -10 0.0001 
Car -1 -1 -10 963.60 132.23 1048.66 178.00 -1 -1 -1 -1000 -1000 -1000 -10 0.0001 
Car -1 -1 -10 450.88 187.45 529.91 226.89 -1 -1 -1 -1000 -1000 -1000 -10 0.0000 
Car -1 -1 -10 1152.00 28.74 1238.63 75.54 -1 -1 -1 -1000 -1000 -1000 -10 0.0000 
Car -1 -1 -10 329.91 197.99 444.86 252.40 -1 -1 -1 -1000 -1000 -1000 -10 0.0000 
