Car -1 -1 -10 584.56 177.86 609.49 199.64 -1 -1 -1 -1000 -1000 -1000 -10 0.9642 
Car -1 -1 -10 1044.10 74.56 1100.20 106.84 -1 -1 -1 -1000 -1000 -1000 -10 0.0543 
Car -1 -1 -10 1026.70 77.04 1114.59 120.26 -1 -1 -1 -1000 -1000 -1000 -10 0.0524 
Car -1 -1 -10 250.62 129.15 286.33 162.12 -1 -1 -1 -1000 -1000 -1000 -10 0.0206 
Car -1 -1 -10 100.86 289.23 179.63 335.71 -1 -1 -1 -1000 -1000 -1000 -10 0.0148 
Car -1 -1 -10 797.25 88.23 847.08 116.16 -1 -1 -1 -1000 -1000 -1000 -10 0.0113 
Car -1 -1 -10 878.75 90.15 931.80 124.63 -1 -1 -1 -1000 -1000 -1000 -10 0.0110 
Car -1 -1 -10 957.55 47.95 1009.11 75.52 -1 -1 -1 -1000 -1000 -1000 -10 0.0100 
Car -1 -1 -10 50.23 294.24 132.72 338.10 -1 -1 -1 -1000 -1000 -1000 -10 0.0071 
Car -1 -1 -10 228.58 122.17 276.92 152.28 -1 -1 -1 -1000 -1000 -1000 -10 0.0054 
Car -1 -1 -10 253.41 133.56 317.06 163.68 -1 -1 -1 -1000 -1000 -1000 -10 0.0044 
Car -1 -1 -10 1087.20 299.65 1163.15 342.96 -1 -1 -1 -1000 -1000 -1000 -10 0.0031 
Car -1 -1 -10 137.95 301.76 215.53 333.81 -1 -1 -1 -1000 -1000 -1000 -10 0.0026 
Car -1 -1 -10 248.34 119.88 299.05 158.31 -1 -1 -1 -1000 -1000 -1000 -10 0.0017 
Car -1 -1 -10 83.51 309.24 167.12 340.80 -1 -1 -1 -1000 -1000 -1000 -10 0.0016 
Car -1 -1 -10 0.00 215.68 47.06 249.63 -1 -1 -1 -1000 -1000 -1000 -10 0.0015 
Car -1 -1 -10 327.79 256.92 386.20 280.24 -1 -1 -1 -1000 -1000 -1000 -10 0.0014 
Car -1 -1 -10 1125.10 260.28 1192.02 292.80 -1 -1 -1 -1000 -1000 -1000 -10 0.0012 
Car -1 -1 -10 150.11 277.67 210.30 300.76 -1 -1 -1 -1000 -1000 -1000 -10 0.0012 
Car -1 -1 -10 0.00 257.81 77.26 298.43 -1 -1 -1 -1000 -1000 -1000 -10 0.0011 
Car -1 -1 -10 263.38 112.62 313.43 140.73 -1 -1 -1 -1000 -1000 -1000 -10 0.0010 
Car -1 -1 -10 245.52 283.59 321.41 322.04 -1 -1 -1 -1000 -1000 -1000 -10 0.0009 
Car -1 -1 -10 166.21 298.38 237.34 335.65 -1 -1 -1 -1000 -1000 -1000 -10 0.0007 
Car -1 -1 -10 1120.30 97.53 1189.31 122.55 -1 -1 -1 -1000 -1000 -1000 -10 0.0007 
Car -1 -1 -10 787.06 78.33 858.95 123.47 -1 -1 -1 -1000 -1000 -1000 -10 0.0007 
Car -1 -1 -10 1151.50 256.33 1243.05 291.36 -1 -1 -1 -1000 -1000 -1000 -10 0.0007 
Car -1 -1 -10 175.39 114.58 235.53 144.91 -1 -1 -1 -1000 -1000 -1000 -10 0.0007 
Car -1 -1 -10 284.89 263.90 347.20 293.38 -1 -1 -1 -1000 -1000 -1000 -10 0.0007 
Car -1 -1 -10 200.54 283.84 271.50 328.68 -1 -1 -1 -1000 -1000 -1000 -10 0.0007 
Car -1 -1 -10 258.28 123.54 310.75 148.55 -1 -1 -1 -1000 -1000 -1000 -10 0.0006 
Car -1 -1 -10 282.60 276.32 367.71 320.15 -1 -1 -1 -1000 -1000 -1000 -10 0.0005 
Car -1 -1 -10 144.47 285.67 214.73 323.23 -1 -1 -1 -1000 -1000 -1000 -10 0.0005 
Car -1 -1 -10 154.51 156.32 253.16 190.27 -1 -1 -1 -1000 -1000 -1000 -10 0.0005 
Car -1 -1 -10 277.12 247.81 356.74 291.24 -1 -1 -1 -1000 -1000 -1000 -10 0.0004 
Car -1 -1 -10 184.66 291.33 249.55 327.80 -1 -1 -1 -1000 -1000 -1000 -10 0.0004 
Car -1 -1 -10 1068.60 311.74 1151.65 358.50 -1 -1 -1 -1000 -1000 -1000 -10 0.0004 
Car -1 -1 -10 257.15 300.88 335.27 332.56 -1 -1 -1 -1000 -1000 -1000 -10 0.0003 
Car -1 -1 -10 365.45 245.01 426.62 268.42 -1 -1 -1 -1000 -1000 -1000 -10 0.0003 
Car -1 -1 -10 157.28 267.92 225.65 297.81 -1 -1 -1 -1000 -1000 -1000 -10 0.0003 
Car -1 -1 -10 1101.90 186.05 1158.64 213.40 -1 -1 -1 -1000 -1000 -1000 -10 0.0003 
Car -1 -1 -10 43.96 313.67 128.78 339.20 -1 -1 -1 -1000 -1000 -1000 -10 0.0003 
Car -1 -1 -10 520.99 220.21 610.09 264.79 -1 -1 -1 -1000 -1000 -1000 -10 0.0002 
Car -1 -1 -10 164.30 276.24 258.79 299.95 -1 -1 -1 -1000 -1000 -1000 -10 0.0002 
Car -1 -1 -10 223.08 265.41 307.22 308.31 -1 -1 -1 -1000 -1000 -1000 -10 0.0002 
Car -1 -1 -10 323.59 249.00 408.96 281.39 -1 -1 -1 -1000 -1000 -1000 -10 0.0002 
Car -1 -1 -10 489.64 90.95 550.09 117.87 -1 -1 -1 -1000 -1000 -1000 -10 0.0002 
Car -1 -1 -10 220.22 283.56 300.02 330.58 -1 -1 -1 -1000 -1000 -1000 -10 0.0002 
Car -1 -1 -10 600.77 116.30 675.25 160.86 -1 -1 -1 -1000 -1000 -1000 -10 0.0001 
Car -1 -1 -10 170.58 284.32 232.50 320.27 -1 -1 -1 -1000 -1000 -1000 -10 0.0001 
Car -1 -1 -10 695.17 113.53 779.09 143.16 -1 -1 -1 -1000 -1000 -1000 -10 0.0001 
Car -1 -1 -10 625.80 116.42 704.42 149.49 -1 -1 -1 -1000 -1000 -1000 -10 0.0001 
Car -1 -1 -10 358.60 242.42 436.49 282.43 -1 -1 -1 -1000 -1000 -1000 -10 0.0001 
Car -1 -1 -10 215.42 317.20 282.41 339.67 -1 -1 -1 -1000 -1000 -1000 -10 0.0001 
Car -1 -1 -10 147.19 275.37 230.07 314.43 -1 -1 -1 -1000 -1000 -1000 -10 0.0001 
Car -1 -1 -10 74.86 179.06 155.81 229.06 -1 -1 -1 -1000 -1000 -1000 -10 0.0001 
Car -1 -1 -10 511.24 175.97 569.30 220.89 -1 -1 -1 -1000 -1000 -1000 -10 0.0000 
Car -1 -1 -10 643.55 107.69 709.33 140.43 -1 -1 -1 -1000 -1000 -1000 -10 0.0000 
Car -1 -1 -10 536.67 196.18 678.34 264.80 -1 -1 -1 -1000 -1000 -1000 -10 0.0000 
Car -1 -1 -10 1112.50 102.73 1194.96 141.63 -1 -1 -1 -1000 -1000 -1000 -10 0.0000 
Car -1 -1 -10 229.42 138.12 285.72 171.68 -1 -1 -1 -1000 -1000 -1000 -10 0.0000 
Car -1 -1 -10 170.46 274.70 260.59 325.99 -1 -1 -1 -1000 -1000 -1000 -10 0.0000 
Car -1 -1 -10 128.22 169.12 205.84 211.53 -1 -1 -1 -1000 -1000 -1000 -10 0.0000 
Car -1 -1 -10 55.73 181.01 128.56 225.82 -1 -1 -1 -1000 -1000 -1000 -10 0.0000 
Car -1 -1 -10 602.00 105.08 742.56 149.29 -1 -1 -1 -1000 -1000 -1000 -10 0.0000 
Car -1 -1 -10 536.53 197.06 616.71 251.96 -1 -1 -1 -1000 -1000 -1000 -10 0.0000 
Car -1 -1 -10 467.46 94.55 575.91 136.59 -1 -1 -1 -1000 -1000 -1000 -10 0.0000 
Car -1 -1 -10 457.64 98.43 584.69 163.57 -1 -1 -1 -1000 -1000 -1000 -10 0.0000 
