Car -1 -1 -10 92.98 194.09 345.83 278.39 -1 -1 -1 -1000 -1000 -1000 -10 0.9999 
Car -1 -1 -10 475.35 181.46 525.94 204.82 -1 -1 -1 -1000 -1000 -1000 -10 0.6152 
Car -1 -1 -10 180.92 195.14 289.75 237.92 -1 -1 -1 -1000 -1000 -1000 -10 0.0302 
Car -1 -1 -10 886.93 157.86 974.98 181.43 -1 -1 -1 -1000 -1000 -1000 -10 0.0174 
Car -1 -1 -10 1090.50 61.77 1209.50 109.31 -1 -1 -1 -1000 -1000 -1000 -10 0.0027 
Car -1 -1 -10 891.37 159.29 942.30 187.65 -1 -1 -1 -1000 -1000 -1000 -10 0.0022 
Car -1 -1 -10 200.49 208.76 351.61 269.83 -1 -1 -1 -1000 -1000 -1000 -10 0.0010 
Car -1 -1 -10 982.53 136.40 1050.86 189.06 -1 -1 -1 -1000 -1000 -1000 -10 0.0007 
Car -1 -1 -10 857.53 299.12 915.27 323.22 -1 -1 -1 -1000 -1000 -1000 -10 0.0006 
Car -1 -1 -10 89.87 196.94 175.42 269.63 -1 -1 -1 -1000 -1000 -1000 -10 0.0005 
Car -1 -1 -10 1210.60 133.63 1243.02 167.27 -1 -1 -1 -1000 -1000 -1000 -10 0.0005 
Car -1 -1 -10 486.58 266.56 582.55 309.51 -1 -1 -1 -1000 -1000 -1000 -10 0.0004 
Car -1 -1 -10 1177.70 144.26 1243.03 191.83 -1 -1 -1 -1000 -1000 -1000 -10 0.0004 
Car -1 -1 -10 931.31 159.83 975.12 181.35 -1 -1 -1 -1000 -1000 -1000 -10 0.0002 
Car -1 -1 -10 1189.30 124.39 1242.96 178.89 -1 -1 -1 -1000 -1000 -1000 -10 0.0001 
Car -1 -1 -10 779.15 127.30 825.13 148.31 -1 -1 -1 -1000 -1000 -1000 -10 0.0000 
Car -1 -1 -10 110.02 194.83 253.29 265.57 -1 -1 -1 -1000 -1000 -1000 -10 0.0000 
Car -1 -1 -10 744.73 183.82 821.58 199.14 -1 -1 -1 -1000 -1000 -1000 -10 0.0000 
