Car -1 -1 -10 224.14 195.76 438.86 326.92 -1 -1 -1 -1000 -1000 -1000 -10 1.0000 
Car -1 -1 -10 466.16 177.44 537.07 226.45 -1 -1 -1 -1000 -1000 -1000 -10 1.0000 
Car -1 -1 -10 636.31 172.65 695.19 228.60 -1 -1 -1 -1000 -1000 -1000 -10 0.9993 
Car -1 -1 -10 592.77 163.23 615.13 183.54 -1 -1 -1 -1000 -1000 -1000 -10 0.0155 
Car -1 -1 -10 721.87 41.66 785.69 81.32 -1 -1 -1 -1000 -1000 -1000 -10 0.0097 
Car -1 -1 -10 716.36 25.25 772.31 54.16 -1 -1 -1 -1000 -1000 -1000 -10 0.0092 
Car -1 -1 -10 698.91 27.52 752.22 56.05 -1 -1 -1 -1000 -1000 -1000 -10 0.0035 
Car -1 -1 -10 79.41 248.61 150.73 284.85 -1 -1 -1 -1000 -1000 -1000 -10 0.0033 
Car -1 -1 -10 287.46 198.35 327.85 217.59 -1 -1 -1 -1000 -1000 -1000 -10 0.0032 
Car -1 -1 -10 124.35 190.61 181.50 216.41 -1 -1 -1 -1000 -1000 -1000 -10 0.0027 
Car -1 -1 -10 29.80 249.82 98.99 285.55 -1 -1 -1 -1000 -1000 -1000 -10 0.0019 
Car -1 -1 -10 16.21 254.70 62.67 286.18 -1 -1 -1 -1000 -1000 -1000 -10 0.0016 
Car -1 -1 -10 94.81 231.49 180.75 287.81 -1 -1 -1 -1000 -1000 -1000 -10 0.0014 
Car -1 -1 -10 164.13 224.76 226.99 256.07 -1 -1 -1 -1000 -1000 -1000 -10 0.0011 
Car -1 -1 -10 730.24 58.33 783.39 96.15 -1 -1 -1 -1000 -1000 -1000 -10 0.0008 
Car -1 -1 -10 50.67 248.35 125.96 295.41 -1 -1 -1 -1000 -1000 -1000 -10 0.0008 
Car -1 -1 -10 55.71 244.04 128.64 269.03 -1 -1 -1 -1000 -1000 -1000 -10 0.0007 
Car -1 -1 -10 258.01 193.46 361.78 319.36 -1 -1 -1 -1000 -1000 -1000 -10 0.0007 
Car -1 -1 -10 41.51 244.93 92.72 271.42 -1 -1 -1 -1000 -1000 -1000 -10 0.0006 
Car -1 -1 -10 270.63 198.39 323.47 224.27 -1 -1 -1 -1000 -1000 -1000 -10 0.0006 
Car -1 -1 -10 11.68 269.69 62.28 305.25 -1 -1 -1 -1000 -1000 -1000 -10 0.0005 
Car -1 -1 -10 118.79 252.57 184.60 289.32 -1 -1 -1 -1000 -1000 -1000 -10 0.0005 
Car -1 -1 -10 369.50 196.52 429.81 227.82 -1 -1 -1 -1000 -1000 -1000 -10 0.0004 
Car -1 -1 -10 92.81 225.05 160.83 250.20 -1 -1 -1 -1000 -1000 -1000 -10 0.0003 
Car -1 -1 -10 210.60 113.17 256.53 138.26 -1 -1 -1 -1000 -1000 -1000 -10 0.0002 
Car -1 -1 -10 268.61 196.63 340.98 285.04 -1 -1 -1 -1000 -1000 -1000 -10 0.0002 
Car -1 -1 -10 637.09 174.77 677.84 208.49 -1 -1 -1 -1000 -1000 -1000 -10 0.0002 
Car -1 -1 -10 877.20 292.60 955.22 316.94 -1 -1 -1 -1000 -1000 -1000 -10 0.0001 
Car -1 -1 -10 349.58 196.88 436.36 243.92 -1 -1 -1 -1000 -1000 -1000 -10 0.0001 
Car -1 -1 -10 505.81 174.01 538.29 211.17 -1 -1 -1 -1000 -1000 -1000 -10 0.0001 
Car -1 -1 -10 79.76 188.01 158.75 209.91 -1 -1 -1 -1000 -1000 -1000 -10 0.0001 
Car -1 -1 -10 267.27 198.48 343.95 238.53 -1 -1 -1 -1000 -1000 -1000 -10 0.0001 
Car -1 -1 -10 886.21 292.98 975.22 328.51 -1 -1 -1 -1000 -1000 -1000 -10 0.0001 
Car -1 -1 -10 83.92 192.49 171.65 225.75 -1 -1 -1 -1000 -1000 -1000 -10 0.0001 
Car -1 -1 -10 311.93 170.50 361.74 190.31 -1 -1 -1 -1000 -1000 -1000 -10 0.0001 
Car -1 -1 -10 229.96 233.99 346.95 301.02 -1 -1 -1 -1000 -1000 -1000 -10 0.0000 
Car -1 -1 -10 744.76 143.69 782.97 172.82 -1 -1 -1 -1000 -1000 -1000 -10 0.0000 
Car -1 -1 -10 296.51 196.11 438.24 286.68 -1 -1 -1 -1000 -1000 -1000 -10 0.0000 
Car -1 -1 -10 889.23 290.55 935.40 306.51 -1 -1 -1 -1000 -1000 -1000 -10 0.0000 
Car -1 -1 -10 579.97 162.71 611.13 182.38 -1 -1 -1 -1000 -1000 -1000 -10 0.0000 
Car -1 -1 -10 556.56 164.66 593.33 181.36 -1 -1 -1 -1000 -1000 -1000 -10 0.0000 
