Car -1 -1 -10 698.82 206.05 763.36 234.75 -1 -1 -1 -1000 -1000 -1000 -10 0.9988 
Car -1 -1 -10 625.32 189.99 668.71 234.23 -1 -1 -1 -1000 -1000 -1000 -10 0.8842 
Car -1 -1 -10 548.85 187.14 577.23 217.49 -1 -1 -1 -1000 -1000 -1000 -10 0.2952 
Car -1 -1 -10 16.09 233.54 133.97 260.20 -1 -1 -1 -1000 -1000 -1000 -10 0.0074 
Car -1 -1 -10 989.02 192.62 1064.10 219.92 -1 -1 -1 -1000 -1000 -1000 -10 0.0043 
Car -1 -1 -10 876.20 247.81 971.83 284.73 -1 -1 -1 -1000 -1000 -1000 -10 0.0042 
Car -1 -1 -10 1049.60 127.54 1243.05 184.14 -1 -1 -1 -1000 -1000 -1000 -10 0.0032 
Car -1 -1 -10 668.93 121.24 752.16 156.67 -1 -1 -1 -1000 -1000 -1000 -10 0.0025 
Car -1 -1 -10 228.84 227.15 303.68 256.40 -1 -1 -1 -1000 -1000 -1000 -10 0.0023 
Car -1 -1 -10 1073.00 69.61 1243.02 242.81 -1 -1 -1 -1000 -1000 -1000 -10 0.0021 
Car -1 -1 -10 247.48 219.00 311.31 245.43 -1 -1 -1 -1000 -1000 -1000 -10 0.0017 
Car -1 -1 -10 873.34 241.39 947.28 274.77 -1 -1 -1 -1000 -1000 -1000 -10 0.0013 
Car -1 -1 -10 1066.00 132.12 1160.40 160.88 -1 -1 -1 -1000 -1000 -1000 -10 0.0013 
Car -1 -1 -10 18.95 273.95 101.79 299.24 -1 -1 -1 -1000 -1000 -1000 -10 0.0012 
Car -1 -1 -10 980.19 106.49 1036.30 133.53 -1 -1 -1 -1000 -1000 -1000 -10 0.0009 
Car -1 -1 -10 7.92 236.85 90.85 265.29 -1 -1 -1 -1000 -1000 -1000 -10 0.0008 
Car -1 -1 -10 273.80 216.87 330.35 249.22 -1 -1 -1 -1000 -1000 -1000 -10 0.0007 
Car -1 -1 -10 968.32 109.09 1029.62 146.57 -1 -1 -1 -1000 -1000 -1000 -10 0.0007 
Car -1 -1 -10 1079.90 33.02 1171.88 75.54 -1 -1 -1 -1000 -1000 -1000 -10 0.0005 
Car -1 -1 -10 795.24 76.71 864.83 132.61 -1 -1 -1 -1000 -1000 -1000 -10 0.0003 
Car -1 -1 -10 590.75 158.30 633.58 201.48 -1 -1 -1 -1000 -1000 -1000 -10 0.0003 
Car -1 -1 -10 968.06 119.02 1039.00 165.07 -1 -1 -1 -1000 -1000 -1000 -10 0.0003 
Car -1 -1 -10 1182.50 115.01 1242.96 167.74 -1 -1 -1 -1000 -1000 -1000 -10 0.0002 
Car -1 -1 -10 241.21 215.71 337.78 259.02 -1 -1 -1 -1000 -1000 -1000 -10 0.0002 
Car -1 -1 -10 1164.10 107.36 1242.99 209.41 -1 -1 -1 -1000 -1000 -1000 -10 0.0002 
Car -1 -1 -10 1125.90 309.88 1239.62 347.30 -1 -1 -1 -1000 -1000 -1000 -10 0.0001 
Car -1 -1 -10 425.56 175.77 486.84 202.39 -1 -1 -1 -1000 -1000 -1000 -10 0.0001 
Car -1 -1 -10 1095.70 193.56 1215.27 220.05 -1 -1 -1 -1000 -1000 -1000 -10 0.0001 
Car -1 -1 -10 1134.70 81.21 1243.03 147.15 -1 -1 -1 -1000 -1000 -1000 -10 0.0001 
Car -1 -1 -10 969.10 92.58 1032.83 130.21 -1 -1 -1 -1000 -1000 -1000 -10 0.0001 
Car -1 -1 -10 427.93 162.73 501.95 196.59 -1 -1 -1 -1000 -1000 -1000 -10 0.0001 
Car -1 -1 -10 881.91 261.29 1048.44 302.35 -1 -1 -1 -1000 -1000 -1000 -10 0.0001 
Car -1 -1 -10 37.97 25.54 140.30 69.72 -1 -1 -1 -1000 -1000 -1000 -10 0.0001 
Car -1 -1 -10 925.92 273.73 1095.28 321.65 -1 -1 -1 -1000 -1000 -1000 -10 0.0001 
Car -1 -1 -10 486.56 166.35 530.36 193.02 -1 -1 -1 -1000 -1000 -1000 -10 0.0000 
Car -1 -1 -10 920.08 249.91 1004.96 280.94 -1 -1 -1 -1000 -1000 -1000 -10 0.0000 
Car -1 -1 -10 351.36 130.13 454.23 152.50 -1 -1 -1 -1000 -1000 -1000 -10 0.0000 
Car -1 -1 -10 1102.00 62.44 1242.97 118.97 -1 -1 -1 -1000 -1000 -1000 -10 0.0000 
Car -1 -1 -10 1015.70 183.20 1103.18 220.47 -1 -1 -1 -1000 -1000 -1000 -10 0.0000 
Car -1 -1 -10 916.63 246.37 987.19 269.27 -1 -1 -1 -1000 -1000 -1000 -10 0.0000 
Car -1 -1 -10 835.87 238.11 940.12 283.67 -1 -1 -1 -1000 -1000 -1000 -10 0.0000 
Car -1 -1 -10 134.67 251.50 252.77 291.78 -1 -1 -1 -1000 -1000 -1000 -10 0.0000 
Car -1 -1 -10 166.35 244.02 292.90 279.00 -1 -1 -1 -1000 -1000 -1000 -10 0.0000 
Car -1 -1 -10 952.93 258.10 1013.12 282.85 -1 -1 -1 -1000 -1000 -1000 -10 0.0000 
Car -1 -1 -10 954.45 250.61 1004.40 274.61 -1 -1 -1 -1000 -1000 -1000 -10 0.0000 
Car -1 -1 -10 0.00 177.06 78.40 227.79 -1 -1 -1 -1000 -1000 -1000 -10 0.0000 
Car -1 -1 -10 1130.60 147.15 1243.00 229.69 -1 -1 -1 -1000 -1000 -1000 -10 0.0000 
Car -1 -1 -10 656.50 152.61 740.13 174.04 -1 -1 -1 -1000 -1000 -1000 -10 0.0000 
Car -1 -1 -10 961.93 58.19 1060.03 138.06 -1 -1 -1 -1000 -1000 -1000 -10 0.0000 
