Car -1 -1 -10 666.86 182.02 736.48 232.66 -1 -1 -1 -1000 -1000 -1000 -10 1.0000 
Car -1 -1 -10 483.77 181.95 528.62 215.05 -1 -1 -1 -1000 -1000 -1000 -10 1.0000 
Car -1 -1 -10 581.70 176.11 618.31 206.92 -1 -1 -1 -1000 -1000 -1000 -10 0.9998 
Car -1 -1 -10 401.92 178.74 489.20 241.97 -1 -1 -1 -1000 -1000 -1000 -10 0.9997 
Car -1 -1 -10 623.45 178.65 652.19 201.77 -1 -1 -1 -1000 -1000 -1000 -10 0.9906 
Car -1 -1 -10 240.04 182.63 362.93 240.25 -1 -1 -1 -1000 -1000 -1000 -10 0.9821 
Car -1 -1 -10 0.00 185.34 372.25 375.24 -1 -1 -1 -1000 -1000 -1000 -10 0.9609 
Car -1 -1 -10 520.05 178.73 548.47 203.79 -1 -1 -1 -1000 -1000 -1000 -10 0.9401 
Car -1 -1 -10 357.83 170.39 426.33 218.62 -1 -1 -1 -1000 -1000 -1000 -10 0.2075 
Car -1 -1 -10 161.01 120.54 222.89 147.03 -1 -1 -1 -1000 -1000 -1000 -10 0.0171 
Car -1 -1 -10 98.13 77.82 154.81 114.53 -1 -1 -1 -1000 -1000 -1000 -10 0.0150 
Car -1 -1 -10 118.20 69.40 159.28 98.23 -1 -1 -1 -1000 -1000 -1000 -10 0.0065 
Car -1 -1 -10 457.68 170.60 504.77 210.90 -1 -1 -1 -1000 -1000 -1000 -10 0.0063 
Car -1 -1 -10 114.67 111.26 166.08 144.17 -1 -1 -1 -1000 -1000 -1000 -10 0.0059 
Car -1 -1 -10 78.24 83.48 147.61 127.20 -1 -1 -1 -1000 -1000 -1000 -10 0.0056 
Car -1 -1 -10 86.40 101.09 150.00 130.18 -1 -1 -1 -1000 -1000 -1000 -10 0.0055 
Car -1 -1 -10 128.62 66.94 188.58 98.31 -1 -1 -1 -1000 -1000 -1000 -10 0.0053 
Car -1 -1 -10 100.10 86.51 167.46 129.81 -1 -1 -1 -1000 -1000 -1000 -10 0.0043 
Car -1 -1 -10 161.40 107.83 209.31 139.41 -1 -1 -1 -1000 -1000 -1000 -10 0.0043 
Car -1 -1 -10 125.25 112.30 193.46 145.99 -1 -1 -1 -1000 -1000 -1000 -10 0.0036 
Car -1 -1 -10 86.52 66.88 146.09 101.41 -1 -1 -1 -1000 -1000 -1000 -10 0.0031 
Car -1 -1 -10 250.83 185.50 315.37 216.52 -1 -1 -1 -1000 -1000 -1000 -10 0.0029 
Car -1 -1 -10 2.69 27.32 66.01 53.69 -1 -1 -1 -1000 -1000 -1000 -10 0.0029 
Car -1 -1 -10 132.97 62.69 176.22 89.95 -1 -1 -1 -1000 -1000 -1000 -10 0.0023 
Car -1 -1 -10 414.12 171.92 475.42 208.11 -1 -1 -1 -1000 -1000 -1000 -10 0.0021 
Car -1 -1 -10 23.69 114.25 106.38 141.16 -1 -1 -1 -1000 -1000 -1000 -10 0.0019 
Car -1 -1 -10 505.00 180.66 531.53 209.55 -1 -1 -1 -1000 -1000 -1000 -10 0.0015 
Car -1 -1 -10 3.64 79.86 51.71 108.98 -1 -1 -1 -1000 -1000 -1000 -10 0.0014 
Car -1 -1 -10 186.47 124.44 246.40 157.10 -1 -1 -1 -1000 -1000 -1000 -10 0.0013 
Car -1 -1 -10 948.94 269.33 1024.29 298.46 -1 -1 -1 -1000 -1000 -1000 -10 0.0011 
Car -1 -1 -10 52.02 41.36 117.04 65.69 -1 -1 -1 -1000 -1000 -1000 -10 0.0011 
Car -1 -1 -10 45.05 120.53 115.70 147.67 -1 -1 -1 -1000 -1000 -1000 -10 0.0011 
Car -1 -1 -10 58.88 95.60 110.62 121.91 -1 -1 -1 -1000 -1000 -1000 -10 0.0011 
Car -1 -1 -10 1122.90 171.73 1209.96 203.62 -1 -1 -1 -1000 -1000 -1000 -10 0.0011 
Car -1 -1 -10 872.02 239.79 958.63 278.67 -1 -1 -1 -1000 -1000 -1000 -10 0.0010 
Car -1 -1 -10 47.79 74.62 119.81 113.66 -1 -1 -1 -1000 -1000 -1000 -10 0.0010 
Car -1 -1 -10 298.87 183.00 359.07 236.77 -1 -1 -1 -1000 -1000 -1000 -10 0.0005 
Car -1 -1 -10 931.49 262.04 1004.92 289.76 -1 -1 -1 -1000 -1000 -1000 -10 0.0005 
Car -1 -1 -10 181.22 111.11 249.61 149.95 -1 -1 -1 -1000 -1000 -1000 -10 0.0005 
Car -1 -1 -10 528.61 174.60 555.24 197.33 -1 -1 -1 -1000 -1000 -1000 -10 0.0004 
Car -1 -1 -10 1.60 156.43 40.45 195.36 -1 -1 -1 -1000 -1000 -1000 -10 0.0004 
Car -1 -1 -10 220.65 190.53 278.41 211.70 -1 -1 -1 -1000 -1000 -1000 -10 0.0004 
Car -1 -1 -10 451.29 175.39 488.36 230.48 -1 -1 -1 -1000 -1000 -1000 -10 0.0003 
Car -1 -1 -10 960.78 277.09 1050.68 306.91 -1 -1 -1 -1000 -1000 -1000 -10 0.0002 
Car -1 -1 -10 192.73 188.85 359.18 328.60 -1 -1 -1 -1000 -1000 -1000 -10 0.0002 
Car -1 -1 -10 307.79 180.47 376.23 220.59 -1 -1 -1 -1000 -1000 -1000 -10 0.0001 
Car -1 -1 -10 8.54 150.01 58.47 187.54 -1 -1 -1 -1000 -1000 -1000 -10 0.0001 
Car -1 -1 -10 325.43 185.25 363.29 225.25 -1 -1 -1 -1000 -1000 -1000 -10 0.0000 
Car -1 -1 -10 643.45 183.97 687.00 213.76 -1 -1 -1 -1000 -1000 -1000 -10 0.0000 
Car -1 -1 -10 621.82 181.65 679.91 206.17 -1 -1 -1 -1000 -1000 -1000 -10 0.0000 
Car -1 -1 -10 29.35 153.10 80.42 193.04 -1 -1 -1 -1000 -1000 -1000 -10 0.0000 
Car -1 -1 -10 476.68 186.79 500.60 216.91 -1 -1 -1 -1000 -1000 -1000 -10 0.0000 
Car -1 -1 -10 624.26 185.98 693.38 229.28 -1 -1 -1 -1000 -1000 -1000 -10 0.0000 
Car -1 -1 -10 359.96 191.18 396.85 218.55 -1 -1 -1 -1000 -1000 -1000 -10 0.0000 
Car -1 -1 -10 336.80 199.70 364.46 223.95 -1 -1 -1 -1000 -1000 -1000 -10 0.0000 
Car -1 -1 -10 252.31 223.08 350.26 283.40 -1 -1 -1 -1000 -1000 -1000 -10 0.0000 
