Car -1 -1 -10 761.54 190.17 927.07 265.41 -1 -1 -1 -1000 -1000 -1000 -10 0.9997 
Car -1 -1 -10 265.49 183.01 340.39 221.88 -1 -1 -1 -1000 -1000 -1000 -10 0.9942 
Car -1 -1 -10 135.82 195.04 227.38 234.84 -1 -1 -1 -1000 -1000 -1000 -10 0.9874 
Car -1 -1 -10 460.52 53.59 510.27 84.17 -1 -1 -1 -1000 -1000 -1000 -10 0.0123 
Car -1 -1 -10 1149.60 182.23 1239.13 214.36 -1 -1 -1 -1000 -1000 -1000 -10 0.0086 
Car -1 -1 -10 592.20 167.27 621.48 195.35 -1 -1 -1 -1000 -1000 -1000 -10 0.0026 
Car -1 -1 -10 664.37 73.25 717.33 97.36 -1 -1 -1 -1000 -1000 -1000 -10 0.0011 
Car -1 -1 -10 670.56 109.08 728.23 142.53 -1 -1 -1 -1000 -1000 -1000 -10 0.0009 
Car -1 -1 -10 220.09 188.84 276.72 223.50 -1 -1 -1 -1000 -1000 -1000 -10 0.0003 
Car -1 -1 -10 666.84 60.44 736.40 98.53 -1 -1 -1 -1000 -1000 -1000 -10 0.0003 
Car -1 -1 -10 12.49 203.60 53.20 240.68 -1 -1 -1 -1000 -1000 -1000 -10 0.0003 
Car -1 -1 -10 661.79 137.33 727.05 167.74 -1 -1 -1 -1000 -1000 -1000 -10 0.0002 
Car -1 -1 -10 676.93 83.21 756.49 118.02 -1 -1 -1 -1000 -1000 -1000 -10 0.0001 
Car -1 -1 -10 854.39 193.89 923.37 244.97 -1 -1 -1 -1000 -1000 -1000 -10 0.0001 
Car -1 -1 -10 75.02 181.84 132.70 227.95 -1 -1 -1 -1000 -1000 -1000 -10 0.0000 
Car -1 -1 -10 690.32 143.32 764.17 187.75 -1 -1 -1 -1000 -1000 -1000 -10 0.0000 
Car -1 -1 -10 190.98 186.86 232.78 222.77 -1 -1 -1 -1000 -1000 -1000 -10 0.0000 
