Car -1 -1 -10 319.99 188.56 498.80 298.50 -1 -1 -1 -1000 -1000 -1000 -10 1.0000 
Car -1 -1 -10 25.52 186.26 73.51 228.06 -1 -1 -1 -1000 -1000 -1000 -10 0.0269 
Car -1 -1 -10 45.56 162.99 95.44 194.75 -1 -1 -1 -1000 -1000 -1000 -10 0.0219 
Car -1 -1 -10 36.53 162.94 107.98 209.64 -1 -1 -1 -1000 -1000 -1000 -10 0.0174 
Car -1 -1 -10 71.81 173.91 127.96 209.72 -1 -1 -1 -1000 -1000 -1000 -10 0.0156 
Car -1 -1 -10 20.07 170.79 68.21 210.04 -1 -1 -1 -1000 -1000 -1000 -10 0.0153 
Car -1 -1 -10 125.92 167.35 179.57 203.53 -1 -1 -1 -1000 -1000 -1000 -10 0.0124 
Car -1 -1 -10 116.06 167.99 160.68 199.41 -1 -1 -1 -1000 -1000 -1000 -10 0.0106 
Car -1 -1 -10 136.75 174.01 186.12 212.96 -1 -1 -1 -1000 -1000 -1000 -10 0.0085 
Car -1 -1 -10 39.05 169.79 81.57 207.41 -1 -1 -1 -1000 -1000 -1000 -10 0.0068 
Car -1 -1 -10 86.83 174.43 145.14 203.11 -1 -1 -1 -1000 -1000 -1000 -10 0.0058 
Car -1 -1 -10 22.74 161.69 71.43 193.08 -1 -1 -1 -1000 -1000 -1000 -10 0.0048 
Car -1 -1 -10 121.88 180.75 171.15 215.77 -1 -1 -1 -1000 -1000 -1000 -10 0.0046 
Car -1 -1 -10 22.02 153.64 90.92 200.44 -1 -1 -1 -1000 -1000 -1000 -10 0.0036 
Car -1 -1 -10 13.88 195.75 59.24 238.50 -1 -1 -1 -1000 -1000 -1000 -10 0.0032 
Car -1 -1 -10 201.04 137.63 273.25 172.72 -1 -1 -1 -1000 -1000 -1000 -10 0.0032 
Car -1 -1 -10 113.28 161.72 189.10 213.03 -1 -1 -1 -1000 -1000 -1000 -10 0.0026 
Car -1 -1 -10 12.65 280.83 62.30 310.76 -1 -1 -1 -1000 -1000 -1000 -10 0.0025 
Car -1 -1 -10 1182.10 297.78 1239.46 322.46 -1 -1 -1 -1000 -1000 -1000 -10 0.0024 
Car -1 -1 -10 1056.30 143.74 1128.75 171.11 -1 -1 -1 -1000 -1000 -1000 -10 0.0014 
Car -1 -1 -10 1161.00 299.41 1215.49 328.94 -1 -1 -1 -1000 -1000 -1000 -10 0.0010 
Car -1 -1 -10 675.57 43.82 748.40 68.02 -1 -1 -1 -1000 -1000 -1000 -10 0.0010 
Car -1 -1 -10 1047.60 162.69 1110.65 189.57 -1 -1 -1 -1000 -1000 -1000 -10 0.0007 
Car -1 -1 -10 991.58 112.84 1060.69 153.38 -1 -1 -1 -1000 -1000 -1000 -10 0.0007 
Car -1 -1 -10 800.43 228.52 854.54 258.02 -1 -1 -1 -1000 -1000 -1000 -10 0.0006 
Car -1 -1 -10 1038.70 139.75 1091.56 172.53 -1 -1 -1 -1000 -1000 -1000 -10 0.0006 
Car -1 -1 -10 209.50 149.81 285.10 184.24 -1 -1 -1 -1000 -1000 -1000 -10 0.0005 
Car -1 -1 -10 952.67 200.11 1018.28 237.96 -1 -1 -1 -1000 -1000 -1000 -10 0.0005 
Car -1 -1 -10 1031.10 181.88 1092.74 218.88 -1 -1 -1 -1000 -1000 -1000 -10 0.0005 
Car -1 -1 -10 689.72 31.75 749.23 64.25 -1 -1 -1 -1000 -1000 -1000 -10 0.0004 
Car -1 -1 -10 984.18 170.57 1075.96 212.97 -1 -1 -1 -1000 -1000 -1000 -10 0.0004 
Car -1 -1 -10 822.00 129.50 871.88 162.59 -1 -1 -1 -1000 -1000 -1000 -10 0.0004 
Car -1 -1 -10 992.33 133.35 1066.53 170.66 -1 -1 -1 -1000 -1000 -1000 -10 0.0003 
Car -1 -1 -10 696.95 24.03 766.85 49.80 -1 -1 -1 -1000 -1000 -1000 -10 0.0003 
Car -1 -1 -10 966.85 180.07 1019.20 211.74 -1 -1 -1 -1000 -1000 -1000 -10 0.0003 
Car -1 -1 -10 1005.50 187.75 1080.32 228.42 -1 -1 -1 -1000 -1000 -1000 -10 0.0003 
Car -1 -1 -10 1039.80 187.63 1118.90 225.13 -1 -1 -1 -1000 -1000 -1000 -10 0.0003 
Car -1 -1 -10 1176.90 324.78 1243.01 347.63 -1 -1 -1 -1000 -1000 -1000 -10 0.0003 
Car -1 -1 -10 0.00 281.50 82.36 334.34 -1 -1 -1 -1000 -1000 -1000 -10 0.0002 
Car -1 -1 -10 661.42 124.37 720.64 165.38 -1 -1 -1 -1000 -1000 -1000 -10 0.0002 
Car -1 -1 -10 815.41 156.45 888.00 194.32 -1 -1 -1 -1000 -1000 -1000 -10 0.0002 
Car -1 -1 -10 959.73 191.74 1010.18 219.36 -1 -1 -1 -1000 -1000 -1000 -10 0.0002 
Car -1 -1 -10 953.70 146.89 1025.79 179.38 -1 -1 -1 -1000 -1000 -1000 -10 0.0002 
Car -1 -1 -10 676.60 27.74 740.32 52.63 -1 -1 -1 -1000 -1000 -1000 -10 0.0002 
Car -1 -1 -10 1041.10 127.28 1112.64 173.05 -1 -1 -1 -1000 -1000 -1000 -10 0.0002 
Car -1 -1 -10 971.68 175.50 1033.30 224.11 -1 -1 -1 -1000 -1000 -1000 -10 0.0002 
Car -1 -1 -10 957.49 85.74 1041.27 113.83 -1 -1 -1 -1000 -1000 -1000 -10 0.0001 
Car -1 -1 -10 1084.10 142.92 1142.41 174.50 -1 -1 -1 -1000 -1000 -1000 -10 0.0001 
Car -1 -1 -10 932.86 203.87 991.03 231.37 -1 -1 -1 -1000 -1000 -1000 -10 0.0001 
Car -1 -1 -10 1058.40 103.59 1152.44 135.76 -1 -1 -1 -1000 -1000 -1000 -10 0.0001 
Car -1 -1 -10 935.40 198.02 986.18 221.75 -1 -1 -1 -1000 -1000 -1000 -10 0.0001 
Car -1 -1 -10 826.14 113.52 920.57 157.48 -1 -1 -1 -1000 -1000 -1000 -10 0.0001 
Car -1 -1 -10 670.29 144.31 722.41 172.92 -1 -1 -1 -1000 -1000 -1000 -10 0.0001 
Car -1 -1 -10 779.77 76.80 841.43 108.55 -1 -1 -1 -1000 -1000 -1000 -10 0.0000 
Car -1 -1 -10 1043.90 99.97 1111.61 130.36 -1 -1 -1 -1000 -1000 -1000 -10 0.0000 
Car -1 -1 -10 725.39 160.87 795.75 190.72 -1 -1 -1 -1000 -1000 -1000 -10 0.0000 
Car -1 -1 -10 947.50 192.77 997.06 213.20 -1 -1 -1 -1000 -1000 -1000 -10 0.0000 
Car -1 -1 -10 1096.70 122.44 1172.44 170.44 -1 -1 -1 -1000 -1000 -1000 -10 0.0000 
Car -1 -1 -10 967.12 58.85 1026.35 77.67 -1 -1 -1 -1000 -1000 -1000 -10 0.0000 
Car -1 -1 -10 691.39 26.70 780.24 74.50 -1 -1 -1 -1000 -1000 -1000 -10 0.0000 
Car -1 -1 -10 356.58 193.57 458.90 243.94 -1 -1 -1 -1000 -1000 -1000 -10 0.0000 
Car -1 -1 -10 422.33 187.50 494.60 250.89 -1 -1 -1 -1000 -1000 -1000 -10 0.0000 
