Car -1 -1 -10 117.15 197.79 218.48 237.52 -1 -1 -1 -1000 -1000 -1000 -10 0.9994 
Car -1 -1 -10 591.24 174.81 617.80 198.44 -1 -1 -1 -1000 -1000 -1000 -10 0.9929 
Car -1 -1 -10 408.07 173.31 441.47 200.63 -1 -1 -1 -1000 -1000 -1000 -10 0.9199 
Car -1 -1 -10 620.82 163.36 655.52 192.70 -1 -1 -1 -1000 -1000 -1000 -10 0.0474 
Car -1 -1 -10 340.83 305.98 406.18 343.22 -1 -1 -1 -1000 -1000 -1000 -10 0.0037 
Car -1 -1 -10 379.48 170.34 415.87 202.54 -1 -1 -1 -1000 -1000 -1000 -10 0.0036 
Car -1 -1 -10 387.30 270.90 449.12 305.23 -1 -1 -1 -1000 -1000 -1000 -10 0.0026 
Car -1 -1 -10 548.41 161.82 576.43 190.10 -1 -1 -1 -1000 -1000 -1000 -10 0.0018 
Car -1 -1 -10 368.61 276.56 436.05 309.59 -1 -1 -1 -1000 -1000 -1000 -10 0.0017 
Car -1 -1 -10 328.01 314.85 393.14 354.11 -1 -1 -1 -1000 -1000 -1000 -10 0.0009 
Car -1 -1 -10 366.18 303.85 431.47 336.23 -1 -1 -1 -1000 -1000 -1000 -10 0.0009 
Car -1 -1 -10 298.29 305.02 369.73 335.12 -1 -1 -1 -1000 -1000 -1000 -10 0.0009 
Car -1 -1 -10 260.53 331.79 394.13 361.34 -1 -1 -1 -1000 -1000 -1000 -10 0.0007 
Car -1 -1 -10 425.62 250.02 493.88 288.55 -1 -1 -1 -1000 -1000 -1000 -10 0.0007 
Car -1 -1 -10 361.37 294.04 430.55 324.08 -1 -1 -1 -1000 -1000 -1000 -10 0.0007 
Car -1 -1 -10 409.31 258.72 479.40 298.03 -1 -1 -1 -1000 -1000 -1000 -10 0.0005 
Car -1 -1 -10 314.99 298.09 390.03 342.35 -1 -1 -1 -1000 -1000 -1000 -10 0.0004 
Car -1 -1 -10 267.87 307.10 348.39 355.38 -1 -1 -1 -1000 -1000 -1000 -10 0.0001 
Car -1 -1 -10 345.77 279.83 416.73 325.40 -1 -1 -1 -1000 -1000 -1000 -10 0.0001 
Car -1 -1 -10 375.65 279.20 448.30 326.55 -1 -1 -1 -1000 -1000 -1000 -10 0.0001 
Car -1 -1 -10 223.02 324.12 322.22 360.27 -1 -1 -1 -1000 -1000 -1000 -10 0.0000 
Car -1 -1 -10 607.41 171.05 622.01 192.63 -1 -1 -1 -1000 -1000 -1000 -10 0.0000 
Car -1 -1 -10 596.95 169.78 616.71 186.89 -1 -1 -1 -1000 -1000 -1000 -10 0.0000 
