Car -1 -1 -10 399.28 175.54 519.10 223.18 -1 -1 -1 -1000 -1000 -1000 -10 1.0000 
Car -1 -1 -10 570.18 182.04 628.83 228.99 -1 -1 -1 -1000 -1000 -1000 -10 0.9999 
Car -1 -1 -10 152.95 182.28 390.56 307.00 -1 -1 -1 -1000 -1000 -1000 -10 0.9999 
Car -1 -1 -10 728.69 188.30 870.17 275.91 -1 -1 -1 -1000 -1000 -1000 -10 0.9997 
Car -1 -1 -10 0.00 185.42 124.07 300.17 -1 -1 -1 -1000 -1000 -1000 -10 0.4395 
Car -1 -1 -10 365.64 179.51 398.28 204.78 -1 -1 -1 -1000 -1000 -1000 -10 0.0256 
Car -1 -1 -10 485.06 178.40 537.15 205.42 -1 -1 -1 -1000 -1000 -1000 -10 0.0126 
Car -1 -1 -10 345.18 179.75 392.40 204.49 -1 -1 -1 -1000 -1000 -1000 -10 0.0046 
Car -1 -1 -10 563.07 179.85 601.12 205.54 -1 -1 -1 -1000 -1000 -1000 -10 0.0043 
Car -1 -1 -10 403.04 177.80 452.58 214.21 -1 -1 -1 -1000 -1000 -1000 -10 0.0040 
Car -1 -1 -10 164.05 158.59 217.06 202.80 -1 -1 -1 -1000 -1000 -1000 -10 0.0035 
Car -1 -1 -10 372.76 200.18 431.46 229.30 -1 -1 -1 -1000 -1000 -1000 -10 0.0027 
Car -1 -1 -10 843.42 165.87 890.90 192.40 -1 -1 -1 -1000 -1000 -1000 -10 0.0015 
Car -1 -1 -10 0.00 189.98 292.50 286.26 -1 -1 -1 -1000 -1000 -1000 -10 0.0015 
Car -1 -1 -10 21.76 180.37 105.04 211.19 -1 -1 -1 -1000 -1000 -1000 -10 0.0014 
Car -1 -1 -10 1022.60 135.56 1077.80 163.52 -1 -1 -1 -1000 -1000 -1000 -10 0.0013 
Car -1 -1 -10 647.90 158.57 707.13 216.53 -1 -1 -1 -1000 -1000 -1000 -10 0.0013 
Car -1 -1 -10 336.01 178.65 392.33 233.11 -1 -1 -1 -1000 -1000 -1000 -10 0.0009 
Car -1 -1 -10 826.27 171.97 887.05 195.40 -1 -1 -1 -1000 -1000 -1000 -10 0.0008 
Car -1 -1 -10 992.24 114.84 1064.01 163.01 -1 -1 -1 -1000 -1000 -1000 -10 0.0008 
Car -1 -1 -10 828.48 155.70 895.23 208.38 -1 -1 -1 -1000 -1000 -1000 -10 0.0007 
Car -1 -1 -10 381.81 185.65 430.39 220.46 -1 -1 -1 -1000 -1000 -1000 -10 0.0006 
Car -1 -1 -10 495.86 177.50 566.37 207.58 -1 -1 -1 -1000 -1000 -1000 -10 0.0005 
Car -1 -1 -10 762.35 195.68 857.09 244.42 -1 -1 -1 -1000 -1000 -1000 -10 0.0004 
Car -1 -1 -10 1029.30 220.66 1082.95 260.29 -1 -1 -1 -1000 -1000 -1000 -10 0.0004 
Car -1 -1 -10 7.47 189.67 119.40 247.92 -1 -1 -1 -1000 -1000 -1000 -10 0.0003 
Car -1 -1 -10 419.45 169.73 494.98 213.07 -1 -1 -1 -1000 -1000 -1000 -10 0.0002 
Car -1 -1 -10 824.73 175.22 879.46 219.71 -1 -1 -1 -1000 -1000 -1000 -10 0.0002 
Car -1 -1 -10 733.27 189.74 813.57 266.88 -1 -1 -1 -1000 -1000 -1000 -10 0.0001 
Car -1 -1 -10 361.01 177.03 396.97 220.57 -1 -1 -1 -1000 -1000 -1000 -10 0.0001 
Car -1 -1 -10 410.73 175.03 450.72 196.56 -1 -1 -1 -1000 -1000 -1000 -10 0.0001 
Car -1 -1 -10 874.19 192.64 972.46 249.54 -1 -1 -1 -1000 -1000 -1000 -10 0.0001 
Car -1 -1 -10 928.64 214.07 973.28 255.47 -1 -1 -1 -1000 -1000 -1000 -10 0.0001 
Car -1 -1 -10 176.09 188.89 298.39 230.44 -1 -1 -1 -1000 -1000 -1000 -10 0.0001 
Car -1 -1 -10 261.27 189.46 386.20 245.99 -1 -1 -1 -1000 -1000 -1000 -10 0.0001 
Car -1 -1 -10 368.59 209.52 437.32 243.16 -1 -1 -1 -1000 -1000 -1000 -10 0.0000 
Car -1 -1 -10 793.18 208.74 863.21 258.74 -1 -1 -1 -1000 -1000 -1000 -10 0.0000 
Car -1 -1 -10 978.68 201.10 1040.68 238.85 -1 -1 -1 -1000 -1000 -1000 -10 0.0000 
Car -1 -1 -10 395.17 183.95 464.07 223.09 -1 -1 -1 -1000 -1000 -1000 -10 0.0000 
Car -1 -1 -10 188.10 184.56 235.68 207.63 -1 -1 -1 -1000 -1000 -1000 -10 0.0000 
Car -1 -1 -10 101.30 193.16 161.19 210.35 -1 -1 -1 -1000 -1000 -1000 -10 0.0000 
Car -1 -1 -10 450.90 176.51 521.77 214.23 -1 -1 -1 -1000 -1000 -1000 -10 0.0000 
Car -1 -1 -10 172.61 186.01 249.11 218.85 -1 -1 -1 -1000 -1000 -1000 -10 0.0000 
Car -1 -1 -10 152.53 188.32 234.43 234.39 -1 -1 -1 -1000 -1000 -1000 -10 0.0000 
Car -1 -1 -10 368.01 198.00 470.44 248.95 -1 -1 -1 -1000 -1000 -1000 -10 0.0000 
Car -1 -1 -10 8.16 65.68 67.02 112.79 -1 -1 -1 -1000 -1000 -1000 -10 0.0000 
