Car -1 -1 -10 662.15 179.77 735.72 235.41 -1 -1 -1 -1000 -1000 -1000 -10 0.9999 
Car -1 -1 -10 529.12 179.09 568.64 215.02 -1 -1 -1 -1000 -1000 -1000 -10 0.9999 
Car -1 -1 -10 116.83 196.83 476.43 376.00 -1 -1 -1 -1000 -1000 -1000 -10 0.9997 
Car -1 -1 -10 769.31 195.85 1243.00 376.00 -1 -1 -1 -1000 -1000 -1000 -10 0.9894 
Car -1 -1 -10 642.21 177.93 691.95 216.16 -1 -1 -1 -1000 -1000 -1000 -10 0.8743 
Car -1 -1 -10 307.56 194.37 476.36 253.38 -1 -1 -1 -1000 -1000 -1000 -10 0.1039 
Car -1 -1 -10 260.07 189.68 352.84 215.51 -1 -1 -1 -1000 -1000 -1000 -10 0.0243 
Car -1 -1 -10 761.12 149.03 816.67 178.77 -1 -1 -1 -1000 -1000 -1000 -10 0.0191 
Car -1 -1 -10 322.81 193.52 464.54 229.68 -1 -1 -1 -1000 -1000 -1000 -10 0.0045 
Car -1 -1 -10 763.41 198.36 809.00 232.87 -1 -1 -1 -1000 -1000 -1000 -10 0.0043 
Car -1 -1 -10 218.03 186.11 389.99 229.93 -1 -1 -1 -1000 -1000 -1000 -10 0.0016 
Car -1 -1 -10 1014.10 214.64 1165.31 285.54 -1 -1 -1 -1000 -1000 -1000 -10 0.0014 
Car -1 -1 -10 1105.30 110.88 1243.02 367.81 -1 -1 -1 -1000 -1000 -1000 -10 0.0008 
Car -1 -1 -10 548.96 179.43 575.92 204.50 -1 -1 -1 -1000 -1000 -1000 -10 0.0008 
Car -1 -1 -10 1044.10 72.12 1113.03 113.73 -1 -1 -1 -1000 -1000 -1000 -10 0.0007 
Car -1 -1 -10 902.05 87.81 1243.00 360.00 -1 -1 -1 -1000 -1000 -1000 -10 0.0006 
Car -1 -1 -10 384.60 192.93 459.38 225.47 -1 -1 -1 -1000 -1000 -1000 -10 0.0004 
Car -1 -1 -10 977.26 33.96 1101.08 110.75 -1 -1 -1 -1000 -1000 -1000 -10 0.0004 
Car -1 -1 -10 1075.20 162.96 1135.80 218.26 -1 -1 -1 -1000 -1000 -1000 -10 0.0003 
Car -1 -1 -10 303.08 185.93 473.86 337.76 -1 -1 -1 -1000 -1000 -1000 -10 0.0002 
Car -1 -1 -10 1054.70 211.48 1189.64 258.91 -1 -1 -1 -1000 -1000 -1000 -10 0.0002 
Car -1 -1 -10 1015.80 109.50 1217.01 169.80 -1 -1 -1 -1000 -1000 -1000 -10 0.0001 
Car -1 -1 -10 830.84 203.25 900.09 230.40 -1 -1 -1 -1000 -1000 -1000 -10 0.0001 
Car -1 -1 -10 1133.40 116.61 1210.20 144.48 -1 -1 -1 -1000 -1000 -1000 -10 0.0001 
Car -1 -1 -10 532.78 53.74 654.71 132.61 -1 -1 -1 -1000 -1000 -1000 -10 0.0001 
Car -1 -1 -10 980.98 131.12 1088.59 185.23 -1 -1 -1 -1000 -1000 -1000 -10 0.0001 
Car -1 -1 -10 1138.80 181.41 1243.00 247.25 -1 -1 -1 -1000 -1000 -1000 -10 0.0001 
Car -1 -1 -10 336.31 184.50 394.21 210.09 -1 -1 -1 -1000 -1000 -1000 -10 0.0001 
Car -1 -1 -10 326.77 183.07 405.75 226.73 -1 -1 -1 -1000 -1000 -1000 -10 0.0000 
Car -1 -1 -10 315.00 186.61 385.93 215.93 -1 -1 -1 -1000 -1000 -1000 -10 0.0000 
Car -1 -1 -10 1135.70 92.50 1231.65 152.16 -1 -1 -1 -1000 -1000 -1000 -10 0.0000 
Car -1 -1 -10 1166.60 32.74 1243.00 132.45 -1 -1 -1 -1000 -1000 -1000 -10 0.0000 
Car -1 -1 -10 1069.40 24.45 1199.79 65.75 -1 -1 -1 -1000 -1000 -1000 -10 0.0000 
Car -1 -1 -10 385.58 188.13 469.44 269.89 -1 -1 -1 -1000 -1000 -1000 -10 0.0000 
Car -1 -1 -10 760.17 230.07 860.11 305.01 -1 -1 -1 -1000 -1000 -1000 -10 0.0000 
Car -1 -1 -10 1008.60 190.12 1095.48 203.24 -1 -1 -1 -1000 -1000 -1000 -10 0.0000 
Car -1 -1 -10 778.79 187.44 890.51 239.28 -1 -1 -1 -1000 -1000 -1000 -10 0.0000 
Car -1 -1 -10 1124.00 9.27 1228.01 84.61 -1 -1 -1 -1000 -1000 -1000 -10 0.0000 
Car -1 -1 -10 1138.50 42.27 1232.97 101.42 -1 -1 -1 -1000 -1000 -1000 -10 0.0000 
Car -1 -1 -10 810.21 207.08 899.59 250.93 -1 -1 -1 -1000 -1000 -1000 -10 0.0000 
Car -1 -1 -10 529.28 70.08 603.27 136.95 -1 -1 -1 -1000 -1000 -1000 -10 0.0000 
Car -1 -1 -10 1068.20 136.92 1141.42 229.47 -1 -1 -1 -1000 -1000 -1000 -10 0.0000 
Car -1 -1 -10 412.62 176.48 479.34 320.13 -1 -1 -1 -1000 -1000 -1000 -10 0.0000 
