Car -1 -1 -10 596.29 175.62 628.38 202.71 -1 -1 -1 -1000 -1000 -1000 -10 0.9992 
Car -1 -1 -10 428.75 176.41 470.56 202.38 -1 -1 -1 -1000 -1000 -1000 -10 0.9913 
Car -1 -1 -10 630.70 164.43 672.63 194.65 -1 -1 -1 -1000 -1000 -1000 -10 0.0735 
Car -1 -1 -10 1107.00 137.03 1165.21 169.36 -1 -1 -1 -1000 -1000 -1000 -10 0.0093 
Car -1 -1 -10 1096.10 277.02 1151.78 305.82 -1 -1 -1 -1000 -1000 -1000 -10 0.0068 
Car -1 -1 -10 1110.00 280.79 1182.58 317.83 -1 -1 -1 -1000 -1000 -1000 -10 0.0044 
Car -1 -1 -10 1085.60 284.30 1147.03 312.80 -1 -1 -1 -1000 -1000 -1000 -10 0.0043 
Car -1 -1 -10 1163.20 283.67 1233.96 313.46 -1 -1 -1 -1000 -1000 -1000 -10 0.0034 
Car -1 -1 -10 1072.20 261.34 1136.06 288.48 -1 -1 -1 -1000 -1000 -1000 -10 0.0028 
Car -1 -1 -10 1074.70 268.54 1131.20 298.72 -1 -1 -1 -1000 -1000 -1000 -10 0.0023 
Car -1 -1 -10 1075.80 120.48 1146.93 160.00 -1 -1 -1 -1000 -1000 -1000 -10 0.0019 
Car -1 -1 -10 1122.60 294.33 1187.40 329.78 -1 -1 -1 -1000 -1000 -1000 -10 0.0016 
Car -1 -1 -10 1102.40 291.90 1168.26 325.89 -1 -1 -1 -1000 -1000 -1000 -10 0.0012 
Car -1 -1 -10 1075.30 289.57 1128.64 316.92 -1 -1 -1 -1000 -1000 -1000 -10 0.0012 
Car -1 -1 -10 1068.80 280.00 1129.15 307.68 -1 -1 -1 -1000 -1000 -1000 -10 0.0011 
Car -1 -1 -10 1112.10 138.03 1201.69 177.51 -1 -1 -1 -1000 -1000 -1000 -10 0.0011 
Car -1 -1 -10 882.10 175.86 956.27 198.42 -1 -1 -1 -1000 -1000 -1000 -10 0.0010 
Car -1 -1 -10 1136.60 310.77 1192.50 335.51 -1 -1 -1 -1000 -1000 -1000 -10 0.0009 
Car -1 -1 -10 1086.00 130.88 1153.60 175.45 -1 -1 -1 -1000 -1000 -1000 -10 0.0009 
Car -1 -1 -10 863.09 168.67 946.26 195.70 -1 -1 -1 -1000 -1000 -1000 -10 0.0008 
Car -1 -1 -10 327.01 313.58 403.55 347.19 -1 -1 -1 -1000 -1000 -1000 -10 0.0007 
Car -1 -1 -10 839.49 132.70 894.86 171.84 -1 -1 -1 -1000 -1000 -1000 -10 0.0006 
Car -1 -1 -10 1207.50 119.83 1243.00 146.95 -1 -1 -1 -1000 -1000 -1000 -10 0.0006 
Car -1 -1 -10 1021.10 264.28 1097.20 298.32 -1 -1 -1 -1000 -1000 -1000 -10 0.0004 
Car -1 -1 -10 1167.10 200.45 1229.19 227.96 -1 -1 -1 -1000 -1000 -1000 -10 0.0003 
Car -1 -1 -10 975.30 257.48 1053.41 285.94 -1 -1 -1 -1000 -1000 -1000 -10 0.0001 
Car -1 -1 -10 842.19 124.15 931.79 160.09 -1 -1 -1 -1000 -1000 -1000 -10 0.0000 
Car -1 -1 -10 549.82 161.22 581.49 190.65 -1 -1 -1 -1000 -1000 -1000 -10 0.0000 
Car -1 -1 -10 175.20 157.84 268.14 232.62 -1 -1 -1 -1000 -1000 -1000 -10 0.0000 
Car -1 -1 -10 995.91 94.90 1076.08 146.15 -1 -1 -1 -1000 -1000 -1000 -10 0.0000 
Car -1 -1 -10 614.65 173.46 632.28 194.65 -1 -1 -1 -1000 -1000 -1000 -10 0.0000 
