Car -1 -1 -10 498.63 147.94 681.87 215.82 -1 -1 -1 -1000 -1000 -1000 -10 0.0586 
Car -1 -1 -10 550.35 149.27 618.29 216.42 -1 -1 -1 -1000 -1000 -1000 -10 0.0356 
Car -1 -1 -10 1173.90 58.69 1225.03 85.62 -1 -1 -1 -1000 -1000 -1000 -10 0.0329 
Car -1 -1 -10 0.00 96.58 269.84 225.44 -1 -1 -1 -1000 -1000 -1000 -10 0.0246 
Car -1 -1 -10 456.76 158.32 543.91 208.67 -1 -1 -1 -1000 -1000 -1000 -10 0.0145 
Car -1 -1 -10 739.44 54.09 797.35 97.64 -1 -1 -1 -1000 -1000 -1000 -10 0.0100 
Car -1 -1 -10 1182.70 171.04 1224.96 210.73 -1 -1 -1 -1000 -1000 -1000 -10 0.0032 
Car -1 -1 -10 187.74 217.45 263.85 251.28 -1 -1 -1 -1000 -1000 -1000 -10 0.0017 
Car -1 -1 -10 454.77 155.89 518.01 189.64 -1 -1 -1 -1000 -1000 -1000 -10 0.0017 
Car -1 -1 -10 87.44 102.97 254.72 154.39 -1 -1 -1 -1000 -1000 -1000 -10 0.0013 
Car -1 -1 -10 591.52 139.12 753.69 206.25 -1 -1 -1 -1000 -1000 -1000 -10 0.0013 
Car -1 -1 -10 1115.30 179.32 1190.52 216.14 -1 -1 -1 -1000 -1000 -1000 -10 0.0011 
Car -1 -1 -10 0.00 87.68 174.34 135.34 -1 -1 -1 -1000 -1000 -1000 -10 0.0011 
Car -1 -1 -10 494.25 151.08 569.57 199.15 -1 -1 -1 -1000 -1000 -1000 -10 0.0008 
Car -1 -1 -10 256.55 158.41 386.02 215.24 -1 -1 -1 -1000 -1000 -1000 -10 0.0008 
Car -1 -1 -10 619.27 138.75 706.15 194.69 -1 -1 -1 -1000 -1000 -1000 -10 0.0005 
Car -1 -1 -10 264.41 154.34 339.69 203.31 -1 -1 -1 -1000 -1000 -1000 -10 0.0005 
Car -1 -1 -10 683.56 154.45 756.73 206.39 -1 -1 -1 -1000 -1000 -1000 -10 0.0004 
Car -1 -1 -10 156.42 101.72 242.52 126.71 -1 -1 -1 -1000 -1000 -1000 -10 0.0004 
Car -1 -1 -10 608.73 139.20 678.19 182.85 -1 -1 -1 -1000 -1000 -1000 -10 0.0004 
Car -1 -1 -10 392.30 144.53 433.94 168.69 -1 -1 -1 -1000 -1000 -1000 -10 0.0002 
Car -1 -1 -10 598.46 145.30 688.52 214.89 -1 -1 -1 -1000 -1000 -1000 -10 0.0002 
Car -1 -1 -10 1086.30 191.99 1209.64 257.73 -1 -1 -1 -1000 -1000 -1000 -10 0.0001 
Car -1 -1 -10 1099.60 214.56 1149.50 245.10 -1 -1 -1 -1000 -1000 -1000 -10 0.0001 
Car -1 -1 -10 1092.70 230.09 1152.67 280.53 -1 -1 -1 -1000 -1000 -1000 -10 0.0000 
Car -1 -1 -10 137.52 102.93 266.67 139.17 -1 -1 -1 -1000 -1000 -1000 -10 0.0000 
Car -1 -1 -10 196.79 174.43 281.84 217.18 -1 -1 -1 -1000 -1000 -1000 -10 0.0000 
Car -1 -1 -10 1009.10 119.72 1060.10 142.99 -1 -1 -1 -1000 -1000 -1000 -10 0.0000 
Car -1 -1 -10 472.46 149.11 592.93 216.40 -1 -1 -1 -1000 -1000 -1000 -10 0.0000 
Car -1 -1 -10 342.78 179.56 397.21 239.72 -1 -1 -1 -1000 -1000 -1000 -10 0.0000 
Car -1 -1 -10 574.41 66.67 643.15 103.78 -1 -1 -1 -1000 -1000 -1000 -10 0.0000 
Car -1 -1 -10 728.80 272.46 805.95 329.77 -1 -1 -1 -1000 -1000 -1000 -10 0.0000 
Car -1 -1 -10 319.67 167.27 388.44 234.66 -1 -1 -1 -1000 -1000 -1000 -10 0.0000 
