Car -1 -1 -10 800.37 163.07 943.97 211.14 -1 -1 -1 -1000 -1000 -1000 -10 0.9999 
Car -1 -1 -10 439.44 174.41 472.01 200.62 -1 -1 -1 -1000 -1000 -1000 -10 0.9993 
Car -1 -1 -10 285.35 175.79 350.56 215.68 -1 -1 -1 -1000 -1000 -1000 -10 0.9959 
Car -1 -1 -10 1001.90 171.11 1044.14 201.42 -1 -1 -1 -1000 -1000 -1000 -10 0.0464 
Car -1 -1 -10 905.49 313.77 972.16 346.64 -1 -1 -1 -1000 -1000 -1000 -10 0.0415 
Car -1 -1 -10 109.35 133.55 242.23 192.63 -1 -1 -1 -1000 -1000 -1000 -10 0.0368 
Car -1 -1 -10 118.22 134.86 178.38 179.54 -1 -1 -1 -1000 -1000 -1000 -10 0.0162 
Car -1 -1 -10 99.82 112.27 177.21 172.81 -1 -1 -1 -1000 -1000 -1000 -10 0.0129 
Car -1 -1 -10 131.38 134.17 209.65 178.03 -1 -1 -1 -1000 -1000 -1000 -10 0.0064 
Car -1 -1 -10 589.91 106.39 639.77 137.38 -1 -1 -1 -1000 -1000 -1000 -10 0.0047 
Car -1 -1 -10 152.16 189.99 204.34 225.96 -1 -1 -1 -1000 -1000 -1000 -10 0.0038 
Car -1 -1 -10 883.52 316.04 938.78 345.74 -1 -1 -1 -1000 -1000 -1000 -10 0.0029 
Car -1 -1 -10 928.34 315.02 998.55 342.08 -1 -1 -1 -1000 -1000 -1000 -10 0.0017 
Car -1 -1 -10 952.45 311.95 1010.34 339.05 -1 -1 -1 -1000 -1000 -1000 -10 0.0015 
Car -1 -1 -10 856.52 314.51 913.21 345.45 -1 -1 -1 -1000 -1000 -1000 -10 0.0014 
Car -1 -1 -10 152.89 133.09 210.77 164.08 -1 -1 -1 -1000 -1000 -1000 -10 0.0014 
Car -1 -1 -10 1001.40 170.00 1076.18 192.58 -1 -1 -1 -1000 -1000 -1000 -10 0.0012 
Car -1 -1 -10 983.97 86.08 1043.40 111.91 -1 -1 -1 -1000 -1000 -1000 -10 0.0011 
Car -1 -1 -10 8.22 121.06 66.60 160.68 -1 -1 -1 -1000 -1000 -1000 -10 0.0011 
Car -1 -1 -10 100.40 151.91 188.35 219.06 -1 -1 -1 -1000 -1000 -1000 -10 0.0009 
Car -1 -1 -10 875.79 311.01 924.13 341.14 -1 -1 -1 -1000 -1000 -1000 -10 0.0009 
Car -1 -1 -10 847.64 164.35 908.96 190.16 -1 -1 -1 -1000 -1000 -1000 -10 0.0007 
Car -1 -1 -10 17.74 213.21 342.18 368.40 -1 -1 -1 -1000 -1000 -1000 -10 0.0006 
Car -1 -1 -10 868.00 79.32 932.25 163.23 -1 -1 -1 -1000 -1000 -1000 -10 0.0002 
Car -1 -1 -10 6.15 121.71 89.02 179.39 -1 -1 -1 -1000 -1000 -1000 -10 0.0002 
Car -1 -1 -10 491.86 173.13 529.41 195.55 -1 -1 -1 -1000 -1000 -1000 -10 0.0001 
Car -1 -1 -10 799.30 163.56 873.33 207.76 -1 -1 -1 -1000 -1000 -1000 -10 0.0001 
Car -1 -1 -10 398.43 166.77 432.09 195.74 -1 -1 -1 -1000 -1000 -1000 -10 0.0001 
Car -1 -1 -10 265.39 231.35 360.29 262.66 -1 -1 -1 -1000 -1000 -1000 -10 0.0000 
Car -1 -1 -10 872.67 58.70 931.66 105.13 -1 -1 -1 -1000 -1000 -1000 -10 0.0000 
Car -1 -1 -10 601.87 163.55 654.81 178.99 -1 -1 -1 -1000 -1000 -1000 -10 0.0000 
Car -1 -1 -10 743.37 178.22 792.25 202.47 -1 -1 -1 -1000 -1000 -1000 -10 0.0000 
