Car -1 -1 -10 366.42 180.01 521.67 246.33 -1 -1 -1 -1000 -1000 -1000 -10 1.0000 
Car -1 -1 -10 597.15 178.64 661.51 230.49 -1 -1 -1 -1000 -1000 -1000 -10 1.0000 
Car -1 -1 -10 16.74 178.09 327.50 363.36 -1 -1 -1 -1000 -1000 -1000 -10 0.9992 
Car -1 -1 -10 897.38 161.05 1243.00 376.00 -1 -1 -1 -1000 -1000 -1000 -10 0.9966 
Car -1 -1 -10 779.68 187.50 962.60 286.88 -1 -1 -1 -1000 -1000 -1000 -10 0.9944 
Car -1 -1 -10 734.33 175.61 845.67 248.24 -1 -1 -1 -1000 -1000 -1000 -10 0.9874 
Car -1 -1 -10 709.37 165.39 792.62 228.91 -1 -1 -1 -1000 -1000 -1000 -10 0.9827 
Car -1 -1 -10 325.50 171.51 422.68 225.71 -1 -1 -1 -1000 -1000 -1000 -10 0.1291 
Car -1 -1 -10 266.44 172.71 410.78 232.23 -1 -1 -1 -1000 -1000 -1000 -10 0.1011 
Car -1 -1 -10 73.12 173.48 156.05 206.05 -1 -1 -1 -1000 -1000 -1000 -10 0.0934 
Car -1 -1 -10 469.12 176.69 536.41 217.69 -1 -1 -1 -1000 -1000 -1000 -10 0.0581 
Car -1 -1 -10 1040.10 121.94 1085.63 145.07 -1 -1 -1 -1000 -1000 -1000 -10 0.0267 
Car -1 -1 -10 500.86 171.19 564.26 199.22 -1 -1 -1 -1000 -1000 -1000 -10 0.0263 
Car -1 -1 -10 94.96 175.42 213.25 214.21 -1 -1 -1 -1000 -1000 -1000 -10 0.0262 
Car -1 -1 -10 538.56 157.00 589.78 194.07 -1 -1 -1 -1000 -1000 -1000 -10 0.0245 
Car -1 -1 -10 760.76 169.70 862.64 208.47 -1 -1 -1 -1000 -1000 -1000 -10 0.0217 
Car -1 -1 -10 488.18 170.69 546.32 212.31 -1 -1 -1 -1000 -1000 -1000 -10 0.0115 
Car -1 -1 -10 1108.40 185.27 1223.20 255.02 -1 -1 -1 -1000 -1000 -1000 -10 0.0021 
Car -1 -1 -10 48.13 172.07 220.72 230.74 -1 -1 -1 -1000 -1000 -1000 -10 0.0019 
Car -1 -1 -10 317.11 172.77 384.02 214.97 -1 -1 -1 -1000 -1000 -1000 -10 0.0018 
Car -1 -1 -10 374.16 179.81 473.22 223.58 -1 -1 -1 -1000 -1000 -1000 -10 0.0010 
Car -1 -1 -10 475.17 174.80 525.18 198.66 -1 -1 -1 -1000 -1000 -1000 -10 0.0008 
Car -1 -1 -10 163.08 174.41 293.10 217.76 -1 -1 -1 -1000 -1000 -1000 -10 0.0006 
Car -1 -1 -10 417.81 178.58 502.17 211.21 -1 -1 -1 -1000 -1000 -1000 -10 0.0004 
Car -1 -1 -10 194.49 177.59 346.55 233.58 -1 -1 -1 -1000 -1000 -1000 -10 0.0004 
Car -1 -1 -10 964.60 180.13 1085.04 208.69 -1 -1 -1 -1000 -1000 -1000 -10 0.0004 
Car -1 -1 -10 214.67 178.42 310.87 220.58 -1 -1 -1 -1000 -1000 -1000 -10 0.0003 
Car -1 -1 -10 945.11 181.13 1022.33 238.63 -1 -1 -1 -1000 -1000 -1000 -10 0.0003 
Car -1 -1 -10 889.09 174.67 1145.73 314.90 -1 -1 -1 -1000 -1000 -1000 -10 0.0002 
Car -1 -1 -10 960.35 125.77 1027.40 153.13 -1 -1 -1 -1000 -1000 -1000 -10 0.0002 
Car -1 -1 -10 327.30 172.55 425.54 195.93 -1 -1 -1 -1000 -1000 -1000 -10 0.0001 
Car -1 -1 -10 791.89 187.23 908.29 244.12 -1 -1 -1 -1000 -1000 -1000 -10 0.0001 
Car -1 -1 -10 781.03 182.69 864.99 254.05 -1 -1 -1 -1000 -1000 -1000 -10 0.0000 
Car -1 -1 -10 804.42 188.30 884.08 229.61 -1 -1 -1 -1000 -1000 -1000 -10 0.0000 
Car -1 -1 -10 445.80 179.99 519.45 240.94 -1 -1 -1 -1000 -1000 -1000 -10 0.0000 
Car -1 -1 -10 808.47 163.27 865.50 214.24 -1 -1 -1 -1000 -1000 -1000 -10 0.0000 
Car -1 -1 -10 7.50 181.77 126.19 233.04 -1 -1 -1 -1000 -1000 -1000 -10 0.0000 
Car -1 -1 -10 346.32 245.17 419.89 297.83 -1 -1 -1 -1000 -1000 -1000 -10 0.0000 
Car -1 -1 -10 300.06 257.56 370.78 288.06 -1 -1 -1 -1000 -1000 -1000 -10 0.0000 
