Car -1 -1 -10 399.08 175.96 532.96 281.67 -1 -1 -1 -1000 -1000 -1000 -10 0.9999 
Car -1 -1 -10 709.35 181.55 864.58 302.76 -1 -1 -1 -1000 -1000 -1000 -10 0.9998 
Car -1 -1 -10 666.51 180.85 761.71 255.93 -1 -1 -1 -1000 -1000 -1000 -10 0.9946 
Car -1 -1 -10 798.22 216.46 1243.00 376.00 -1 -1 -1 -1000 -1000 -1000 -10 0.9799 
Car -1 -1 -10 551.09 168.83 584.18 202.90 -1 -1 -1 -1000 -1000 -1000 -10 0.9758 
Car -1 -1 -10 535.34 176.36 569.44 207.87 -1 -1 -1 -1000 -1000 -1000 -10 0.9684 
Car -1 -1 -10 561.96 171.24 595.09 200.26 -1 -1 -1 -1000 -1000 -1000 -10 0.7070 
Car -1 -1 -10 369.26 165.01 400.48 192.53 -1 -1 -1 -1000 -1000 -1000 -10 0.1093 
Car -1 -1 -10 654.95 177.64 734.33 237.10 -1 -1 -1 -1000 -1000 -1000 -10 0.0189 
Car -1 -1 -10 1035.90 302.07 1127.36 349.29 -1 -1 -1 -1000 -1000 -1000 -10 0.0188 
Car -1 -1 -10 983.42 101.38 1085.33 165.64 -1 -1 -1 -1000 -1000 -1000 -10 0.0081 
Car -1 -1 -10 30.74 154.74 115.64 190.03 -1 -1 -1 -1000 -1000 -1000 -10 0.0053 
Car -1 -1 -10 638.55 177.57 694.59 217.99 -1 -1 -1 -1000 -1000 -1000 -10 0.0049 
Car -1 -1 -10 115.58 37.05 164.68 95.72 -1 -1 -1 -1000 -1000 -1000 -10 0.0048 
Car -1 -1 -10 222.65 214.98 292.01 244.64 -1 -1 -1 -1000 -1000 -1000 -10 0.0038 
Car -1 -1 -10 833.25 156.83 888.75 186.35 -1 -1 -1 -1000 -1000 -1000 -10 0.0029 
Car -1 -1 -10 7.48 47.85 65.63 87.04 -1 -1 -1 -1000 -1000 -1000 -10 0.0024 
Car -1 -1 -10 277.97 309.52 345.01 338.24 -1 -1 -1 -1000 -1000 -1000 -10 0.0024 
Car -1 -1 -10 298.40 276.37 363.84 300.51 -1 -1 -1 -1000 -1000 -1000 -10 0.0022 
Car -1 -1 -10 1016.70 282.31 1086.74 320.63 -1 -1 -1 -1000 -1000 -1000 -10 0.0020 
Car -1 -1 -10 342.75 57.99 380.03 82.62 -1 -1 -1 -1000 -1000 -1000 -10 0.0012 
Car -1 -1 -10 276.95 262.26 319.69 304.60 -1 -1 -1 -1000 -1000 -1000 -10 0.0009 
Car -1 -1 -10 285.33 263.37 336.89 298.38 -1 -1 -1 -1000 -1000 -1000 -10 0.0009 
Car -1 -1 -10 483.98 178.36 551.09 229.55 -1 -1 -1 -1000 -1000 -1000 -10 0.0008 
Car -1 -1 -10 303.54 297.43 367.23 330.79 -1 -1 -1 -1000 -1000 -1000 -10 0.0007 
Car -1 -1 -10 318.43 285.32 369.43 313.00 -1 -1 -1 -1000 -1000 -1000 -10 0.0005 
Car -1 -1 -10 621.96 102.00 684.41 123.51 -1 -1 -1 -1000 -1000 -1000 -10 0.0004 
Car -1 -1 -10 346.28 35.99 460.68 88.93 -1 -1 -1 -1000 -1000 -1000 -10 0.0004 
Car -1 -1 -10 1025.90 300.22 1242.97 367.97 -1 -1 -1 -1000 -1000 -1000 -10 0.0004 
Car -1 -1 -10 983.29 274.11 1124.38 354.74 -1 -1 -1 -1000 -1000 -1000 -10 0.0004 
Car -1 -1 -10 288.06 282.63 348.61 304.42 -1 -1 -1 -1000 -1000 -1000 -10 0.0003 
Car -1 -1 -10 1059.70 246.20 1168.65 298.33 -1 -1 -1 -1000 -1000 -1000 -10 0.0003 
Car -1 -1 -10 190.68 215.28 287.40 269.82 -1 -1 -1 -1000 -1000 -1000 -10 0.0002 
Car -1 -1 -10 133.54 290.44 209.69 325.76 -1 -1 -1 -1000 -1000 -1000 -10 0.0001 
Car -1 -1 -10 1147.90 197.31 1242.98 265.35 -1 -1 -1 -1000 -1000 -1000 -10 0.0001 
Car -1 -1 -10 405.94 187.48 460.70 243.28 -1 -1 -1 -1000 -1000 -1000 -10 0.0001 
Car -1 -1 -10 724.63 187.22 849.50 235.12 -1 -1 -1 -1000 -1000 -1000 -10 0.0001 
Car -1 -1 -10 307.25 286.38 382.55 321.91 -1 -1 -1 -1000 -1000 -1000 -10 0.0001 
Car -1 -1 -10 944.37 282.86 1207.32 368.74 -1 -1 -1 -1000 -1000 -1000 -10 0.0001 
Car -1 -1 -10 293.93 293.54 356.25 320.61 -1 -1 -1 -1000 -1000 -1000 -10 0.0000 
Car -1 -1 -10 792.77 191.57 867.48 242.56 -1 -1 -1 -1000 -1000 -1000 -10 0.0000 
Car -1 -1 -10 496.19 74.36 599.65 124.15 -1 -1 -1 -1000 -1000 -1000 -10 0.0000 
Car -1 -1 -10 0.00 142.59 89.22 201.92 -1 -1 -1 -1000 -1000 -1000 -10 0.0000 
Car -1 -1 -10 346.19 46.25 418.39 79.09 -1 -1 -1 -1000 -1000 -1000 -10 0.0000 
Car -1 -1 -10 819.60 217.39 1091.87 338.20 -1 -1 -1 -1000 -1000 -1000 -10 0.0000 
Car -1 -1 -10 777.60 218.23 980.15 305.24 -1 -1 -1 -1000 -1000 -1000 -10 0.0000 
Car -1 -1 -10 720.92 184.30 829.69 270.19 -1 -1 -1 -1000 -1000 -1000 -10 0.0000 
Car -1 -1 -10 360.47 166.90 408.99 210.09 -1 -1 -1 -1000 -1000 -1000 -10 0.0000 
Car -1 -1 -10 512.67 126.80 568.42 171.80 -1 -1 -1 -1000 -1000 -1000 -10 0.0000 
