Car -1 -1 -10 428.16 183.36 523.11 238.71 -1 -1 -1 -1000 -1000 -1000 -10 0.9999 
Car -1 -1 -10 651.39 170.43 684.38 192.57 -1 -1 -1 -1000 -1000 -1000 -10 0.9978 
Car -1 -1 -10 702.63 176.79 764.09 227.33 -1 -1 -1 -1000 -1000 -1000 -10 0.9943 
Car -1 -1 -10 954.34 182.05 1018.38 216.85 -1 -1 -1 -1000 -1000 -1000 -10 0.0375 
Car -1 -1 -10 989.37 173.18 1069.72 216.62 -1 -1 -1 -1000 -1000 -1000 -10 0.0153 
Car -1 -1 -10 957.84 183.80 1047.83 233.86 -1 -1 -1 -1000 -1000 -1000 -10 0.0034 
Car -1 -1 -10 165.14 98.79 256.83 131.94 -1 -1 -1 -1000 -1000 -1000 -10 0.0017 
Car -1 -1 -10 537.17 154.21 594.53 194.33 -1 -1 -1 -1000 -1000 -1000 -10 0.0010 
Car -1 -1 -10 0.00 124.88 47.12 160.59 -1 -1 -1 -1000 -1000 -1000 -10 0.0009 
Car -1 -1 -10 806.33 322.61 879.14 347.28 -1 -1 -1 -1000 -1000 -1000 -10 0.0007 
Car -1 -1 -10 196.90 48.98 335.11 93.95 -1 -1 -1 -1000 -1000 -1000 -10 0.0006 
Car -1 -1 -10 899.97 182.45 1007.01 236.06 -1 -1 -1 -1000 -1000 -1000 -10 0.0006 
Car -1 -1 -10 676.94 170.91 708.28 189.95 -1 -1 -1 -1000 -1000 -1000 -10 0.0005 
Car -1 -1 -10 500.60 188.74 528.03 212.52 -1 -1 -1 -1000 -1000 -1000 -10 0.0005 
Car -1 -1 -10 853.06 154.85 904.90 219.08 -1 -1 -1 -1000 -1000 -1000 -10 0.0004 
Car -1 -1 -10 486.16 186.70 523.35 215.81 -1 -1 -1 -1000 -1000 -1000 -10 0.0004 
Car -1 -1 -10 609.82 132.07 656.39 154.12 -1 -1 -1 -1000 -1000 -1000 -10 0.0003 
Car -1 -1 -10 843.92 319.62 886.60 345.46 -1 -1 -1 -1000 -1000 -1000 -10 0.0003 
Car -1 -1 -10 191.22 96.72 270.18 142.81 -1 -1 -1 -1000 -1000 -1000 -10 0.0003 
Car -1 -1 -10 23.54 113.14 84.57 169.15 -1 -1 -1 -1000 -1000 -1000 -10 0.0002 
Car -1 -1 -10 848.85 310.37 891.61 332.56 -1 -1 -1 -1000 -1000 -1000 -10 0.0001 
Car -1 -1 -10 896.27 332.40 955.60 361.23 -1 -1 -1 -1000 -1000 -1000 -10 0.0001 
Car -1 -1 -10 689.53 173.36 710.42 192.13 -1 -1 -1 -1000 -1000 -1000 -10 0.0000 
Car -1 -1 -10 429.86 189.66 474.87 210.71 -1 -1 -1 -1000 -1000 -1000 -10 0.0000 
Car -1 -1 -10 804.41 305.43 852.12 322.70 -1 -1 -1 -1000 -1000 -1000 -10 0.0000 
Car -1 -1 -10 806.40 299.12 857.53 315.90 -1 -1 -1 -1000 -1000 -1000 -10 0.0000 
Car -1 -1 -10 604.06 158.67 637.37 190.18 -1 -1 -1 -1000 -1000 -1000 -10 0.0000 
Car -1 -1 -10 802.76 291.14 862.03 310.65 -1 -1 -1 -1000 -1000 -1000 -10 0.0000 
Car -1 -1 -10 700.01 175.88 733.24 209.65 -1 -1 -1 -1000 -1000 -1000 -10 0.0000 
Car -1 -1 -10 897.62 327.88 987.13 365.75 -1 -1 -1 -1000 -1000 -1000 -10 0.0000 
Car -1 -1 -10 510.60 60.51 571.88 88.56 -1 -1 -1 -1000 -1000 -1000 -10 0.0000 
