Car -1 -1 -10 320.51 184.06 504.43 315.55 -1 -1 -1 -1000 -1000 -1000 -10 0.9999 
Car -1 -1 -10 1038.90 152.82 1086.74 190.21 -1 -1 -1 -1000 -1000 -1000 -10 0.0405 
Car -1 -1 -10 0.00 213.26 285.13 367.78 -1 -1 -1 -1000 -1000 -1000 -10 0.0211 
Car -1 -1 -10 1024.90 147.51 1096.87 206.29 -1 -1 -1 -1000 -1000 -1000 -10 0.0082 
Car -1 -1 -10 1054.50 160.11 1130.97 209.06 -1 -1 -1 -1000 -1000 -1000 -10 0.0047 
Car -1 -1 -10 256.36 224.47 296.86 246.72 -1 -1 -1 -1000 -1000 -1000 -10 0.0023 
Car -1 -1 -10 187.86 50.28 252.39 87.01 -1 -1 -1 -1000 -1000 -1000 -10 0.0019 
Car -1 -1 -10 1095.80 24.52 1171.59 57.71 -1 -1 -1 -1000 -1000 -1000 -10 0.0014 
Car -1 -1 -10 262.56 219.42 299.23 240.56 -1 -1 -1 -1000 -1000 -1000 -10 0.0013 
Car -1 -1 -10 367.88 184.82 477.27 239.77 -1 -1 -1 -1000 -1000 -1000 -10 0.0007 
Car -1 -1 -10 189.29 137.75 248.58 162.08 -1 -1 -1 -1000 -1000 -1000 -10 0.0006 
Car -1 -1 -10 349.08 193.50 433.38 293.08 -1 -1 -1 -1000 -1000 -1000 -10 0.0005 
Car -1 -1 -10 362.77 195.12 424.60 248.97 -1 -1 -1 -1000 -1000 -1000 -10 0.0004 
Car -1 -1 -10 188.29 129.17 249.67 147.19 -1 -1 -1 -1000 -1000 -1000 -10 0.0003 
Car -1 -1 -10 95.34 208.06 226.22 262.65 -1 -1 -1 -1000 -1000 -1000 -10 0.0003 
Car -1 -1 -10 80.06 220.23 236.62 288.94 -1 -1 -1 -1000 -1000 -1000 -10 0.0002 
Car -1 -1 -10 568.05 72.98 625.22 93.02 -1 -1 -1 -1000 -1000 -1000 -10 0.0001 
Car -1 -1 -10 24.30 111.07 95.75 145.16 -1 -1 -1 -1000 -1000 -1000 -10 0.0001 
Car -1 -1 -10 0.00 205.98 196.51 289.35 -1 -1 -1 -1000 -1000 -1000 -10 0.0001 
Car -1 -1 -10 348.26 203.07 396.28 242.47 -1 -1 -1 -1000 -1000 -1000 -10 0.0001 
Car -1 -1 -10 716.28 164.52 800.42 229.39 -1 -1 -1 -1000 -1000 -1000 -10 0.0001 
Car -1 -1 -10 467.12 175.91 506.42 194.02 -1 -1 -1 -1000 -1000 -1000 -10 0.0000 
Car -1 -1 -10 378.41 183.31 415.45 211.81 -1 -1 -1 -1000 -1000 -1000 -10 0.0000 
Car -1 -1 -10 173.10 225.97 235.30 262.29 -1 -1 -1 -1000 -1000 -1000 -10 0.0000 
Car -1 -1 -10 127.69 227.19 231.96 274.02 -1 -1 -1 -1000 -1000 -1000 -10 0.0000 
Car -1 -1 -10 436.42 186.47 520.55 245.30 -1 -1 -1 -1000 -1000 -1000 -10 0.0000 
