Car -1 -1 -10 279.50 187.55 320.50 208.26 -1 -1 -1 -1000 -1000 -1000 -10 0.9190 
Car -1 -1 -10 569.12 172.48 594.27 194.60 -1 -1 -1 -1000 -1000 -1000 -10 0.8982 
Car -1 -1 -10 0.00 175.74 138.16 244.56 -1 -1 -1 -1000 -1000 -1000 -10 0.7135 
Car -1 -1 -10 401.43 181.40 430.28 198.91 -1 -1 -1 -1000 -1000 -1000 -10 0.5254 
Car -1 -1 -10 602.12 161.28 635.03 190.56 -1 -1 -1 -1000 -1000 -1000 -10 0.4775 
Car -1 -1 -10 344.94 184.03 383.40 204.21 -1 -1 -1 -1000 -1000 -1000 -10 0.0954 
Car -1 -1 -10 522.54 162.42 555.89 190.29 -1 -1 -1 -1000 -1000 -1000 -10 0.0058 
Car -1 -1 -10 244.57 307.82 304.95 343.50 -1 -1 -1 -1000 -1000 -1000 -10 0.0041 
Car -1 -1 -10 196.29 312.59 256.06 352.72 -1 -1 -1 -1000 -1000 -1000 -10 0.0026 
Car -1 -1 -10 163.37 320.26 293.57 349.87 -1 -1 -1 -1000 -1000 -1000 -10 0.0013 
Car -1 -1 -10 257.91 299.10 315.88 332.59 -1 -1 -1 -1000 -1000 -1000 -10 0.0011 
Car -1 -1 -10 176.15 322.91 267.04 363.48 -1 -1 -1 -1000 -1000 -1000 -10 0.0007 
Car -1 -1 -10 203.00 310.16 289.75 357.75 -1 -1 -1 -1000 -1000 -1000 -10 0.0005 
Car -1 -1 -10 1182.70 30.33 1242.99 95.14 -1 -1 -1 -1000 -1000 -1000 -10 0.0004 
Car -1 -1 -10 247.54 299.59 332.47 348.55 -1 -1 -1 -1000 -1000 -1000 -10 0.0003 
Car -1 -1 -10 274.17 292.16 342.89 325.38 -1 -1 -1 -1000 -1000 -1000 -10 0.0003 
Car -1 -1 -10 288.45 286.75 377.60 315.13 -1 -1 -1 -1000 -1000 -1000 -10 0.0002 
Car -1 -1 -10 773.36 120.96 815.24 164.65 -1 -1 -1 -1000 -1000 -1000 -10 0.0001 
Car -1 -1 -10 7.45 21.01 76.97 50.85 -1 -1 -1 -1000 -1000 -1000 -10 0.0000 
Car -1 -1 -10 1108.50 58.73 1223.33 105.76 -1 -1 -1 -1000 -1000 -1000 -10 0.0000 
Car -1 -1 -10 573.65 170.71 621.24 194.52 -1 -1 -1 -1000 -1000 -1000 -10 0.0000 
Car -1 -1 -10 23.70 146.37 92.57 209.22 -1 -1 -1 -1000 -1000 -1000 -10 0.0000 
Car -1 -1 -10 584.11 167.80 610.57 189.14 -1 -1 -1 -1000 -1000 -1000 -10 0.0000 
Car -1 -1 -10 578.38 166.58 596.62 185.88 -1 -1 -1 -1000 -1000 -1000 -10 0.0000 
