Car -1 -1 -10 295.88 179.90 432.10 257.59 -1 -1 -1 -1000 -1000 -1000 -10 0.9999 
Car -1 -1 -10 739.45 179.03 888.82 277.16 -1 -1 -1 -1000 -1000 -1000 -10 0.9998 
Car -1 -1 -10 477.08 175.84 532.76 201.51 -1 -1 -1 -1000 -1000 -1000 -10 0.9997 
Car -1 -1 -10 794.87 185.42 1159.14 372.23 -1 -1 -1 -1000 -1000 -1000 -10 0.9994 
Car -1 -1 -10 175.60 187.47 365.88 294.89 -1 -1 -1 -1000 -1000 -1000 -10 0.9964 
Car -1 -1 -10 591.11 173.17 647.08 195.22 -1 -1 -1 -1000 -1000 -1000 -10 0.7014 
Car -1 -1 -10 648.19 163.48 692.81 189.01 -1 -1 -1 -1000 -1000 -1000 -10 0.1189 
Car -1 -1 -10 1015.00 160.02 1084.99 201.71 -1 -1 -1 -1000 -1000 -1000 -10 0.0864 
Car -1 -1 -10 650.65 156.88 721.21 189.16 -1 -1 -1 -1000 -1000 -1000 -10 0.0089 
Car -1 -1 -10 288.22 174.70 342.19 207.26 -1 -1 -1 -1000 -1000 -1000 -10 0.0089 
Car -1 -1 -10 1033.60 162.82 1089.08 190.67 -1 -1 -1 -1000 -1000 -1000 -10 0.0037 
Car -1 -1 -10 1014.10 160.30 1052.48 193.06 -1 -1 -1 -1000 -1000 -1000 -10 0.0025 
Car -1 -1 -10 230.29 34.46 286.68 64.52 -1 -1 -1 -1000 -1000 -1000 -10 0.0014 
Car -1 -1 -10 182.15 39.69 228.77 65.00 -1 -1 -1 -1000 -1000 -1000 -10 0.0006 
Car -1 -1 -10 188.84 51.21 248.62 80.40 -1 -1 -1 -1000 -1000 -1000 -10 0.0003 
Car -1 -1 -10 857.75 186.05 936.99 214.59 -1 -1 -1 -1000 -1000 -1000 -10 0.0001 
Car -1 -1 -10 53.88 207.81 239.30 250.14 -1 -1 -1 -1000 -1000 -1000 -10 0.0001 
Car -1 -1 -10 431.25 179.03 458.50 197.28 -1 -1 -1 -1000 -1000 -1000 -10 0.0000 
Car -1 -1 -10 1079.20 150.41 1135.60 186.17 -1 -1 -1 -1000 -1000 -1000 -10 0.0000 
Car -1 -1 -10 1091.90 275.47 1181.92 314.67 -1 -1 -1 -1000 -1000 -1000 -10 0.0000 
Car -1 -1 -10 818.46 189.32 990.19 251.85 -1 -1 -1 -1000 -1000 -1000 -10 0.0000 
Car -1 -1 -10 288.15 185.43 367.04 242.58 -1 -1 -1 -1000 -1000 -1000 -10 0.0000 
Car -1 -1 -10 797.18 181.45 880.86 226.75 -1 -1 -1 -1000 -1000 -1000 -10 0.0000 
Car -1 -1 -10 858.41 188.39 895.35 218.50 -1 -1 -1 -1000 -1000 -1000 -10 0.0000 
Car -1 -1 -10 830.76 193.19 908.86 269.80 -1 -1 -1 -1000 -1000 -1000 -10 0.0000 
Car -1 -1 -10 973.36 278.36 1153.61 353.56 -1 -1 -1 -1000 -1000 -1000 -10 0.0000 
Car -1 -1 -10 965.47 162.41 1066.72 202.99 -1 -1 -1 -1000 -1000 -1000 -10 0.0000 
Car -1 -1 -10 98.58 202.72 271.95 241.82 -1 -1 -1 -1000 -1000 -1000 -10 0.0000 
Car -1 -1 -10 186.33 193.34 315.30 226.81 -1 -1 -1 -1000 -1000 -1000 -10 0.0000 
Car -1 -1 -10 750.21 180.02 833.12 244.58 -1 -1 -1 -1000 -1000 -1000 -10 0.0000 
Car -1 -1 -10 813.71 191.25 963.24 300.93 -1 -1 -1 -1000 -1000 -1000 -10 0.0000 
Car -1 -1 -10 268.19 177.95 354.45 216.81 -1 -1 -1 -1000 -1000 -1000 -10 0.0000 
Car -1 -1 -10 1071.20 252.84 1158.20 323.31 -1 -1 -1 -1000 -1000 -1000 -10 0.0000 
Car -1 -1 -10 856.75 223.99 1063.57 340.95 -1 -1 -1 -1000 -1000 -1000 -10 0.0000 
