Car -1 -1 -10 395.78 183.44 520.49 271.27 -1 -1 -1 -1000 -1000 -1000 -10 0.9999 
Car -1 -1 -10 587.98 174.19 650.11 229.82 -1 -1 -1 -1000 -1000 -1000 -10 0.9999 
Car -1 -1 -10 527.74 172.15 580.20 218.85 -1 -1 -1 -1000 -1000 -1000 -10 0.9992 
Car -1 -1 -10 318.60 182.81 433.02 242.71 -1 -1 -1 -1000 -1000 -1000 -10 0.9942 
Car -1 -1 -10 494.77 169.73 536.92 201.91 -1 -1 -1 -1000 -1000 -1000 -10 0.0801 
Car -1 -1 -10 801.91 308.13 854.78 340.77 -1 -1 -1 -1000 -1000 -1000 -10 0.0252 
Car -1 -1 -10 950.31 305.88 1005.29 338.38 -1 -1 -1 -1000 -1000 -1000 -10 0.0176 
Car -1 -1 -10 817.73 314.17 865.46 347.77 -1 -1 -1 -1000 -1000 -1000 -10 0.0132 
Car -1 -1 -10 787.69 314.30 842.06 344.35 -1 -1 -1 -1000 -1000 -1000 -10 0.0131 
Car -1 -1 -10 169.58 103.01 225.21 134.93 -1 -1 -1 -1000 -1000 -1000 -10 0.0116 
Car -1 -1 -10 864.44 297.51 936.82 330.52 -1 -1 -1 -1000 -1000 -1000 -10 0.0113 
Car -1 -1 -10 5.46 208.69 391.60 372.71 -1 -1 -1 -1000 -1000 -1000 -10 0.0098 
Car -1 -1 -10 933.98 301.89 987.60 335.18 -1 -1 -1 -1000 -1000 -1000 -10 0.0097 
Car -1 -1 -10 786.82 303.46 840.95 334.92 -1 -1 -1 -1000 -1000 -1000 -10 0.0093 
Car -1 -1 -10 830.47 319.68 884.97 350.59 -1 -1 -1 -1000 -1000 -1000 -10 0.0087 
Car -1 -1 -10 854.24 299.23 900.05 326.55 -1 -1 -1 -1000 -1000 -1000 -10 0.0071 
Car -1 -1 -10 805.84 325.55 860.02 356.40 -1 -1 -1 -1000 -1000 -1000 -10 0.0067 
Car -1 -1 -10 881.98 293.76 967.46 328.61 -1 -1 -1 -1000 -1000 -1000 -10 0.0057 
Car -1 -1 -10 914.66 298.09 975.51 332.00 -1 -1 -1 -1000 -1000 -1000 -10 0.0050 
Car -1 -1 -10 513.67 171.00 552.78 204.36 -1 -1 -1 -1000 -1000 -1000 -10 0.0049 
Car -1 -1 -10 0.00 161.53 227.00 287.68 -1 -1 -1 -1000 -1000 -1000 -10 0.0044 
Car -1 -1 -10 305.94 72.21 352.44 93.84 -1 -1 -1 -1000 -1000 -1000 -10 0.0036 
Car -1 -1 -10 771.30 324.45 829.83 351.31 -1 -1 -1 -1000 -1000 -1000 -10 0.0034 
Car -1 -1 -10 796.13 316.27 891.22 354.34 -1 -1 -1 -1000 -1000 -1000 -10 0.0032 
Car -1 -1 -10 902.34 283.58 951.87 315.44 -1 -1 -1 -1000 -1000 -1000 -10 0.0030 
Car -1 -1 -10 243.68 97.39 289.93 134.95 -1 -1 -1 -1000 -1000 -1000 -10 0.0029 
Car -1 -1 -10 206.36 70.61 269.91 99.45 -1 -1 -1 -1000 -1000 -1000 -10 0.0020 
Car -1 -1 -10 191.35 63.03 245.23 94.76 -1 -1 -1 -1000 -1000 -1000 -10 0.0015 
Car -1 -1 -10 307.53 77.80 360.91 104.82 -1 -1 -1 -1000 -1000 -1000 -10 0.0012 
Car -1 -1 -10 289.89 66.82 335.84 90.45 -1 -1 -1 -1000 -1000 -1000 -10 0.0012 
Car -1 -1 -10 336.36 183.03 410.00 226.18 -1 -1 -1 -1000 -1000 -1000 -10 0.0011 
Car -1 -1 -10 326.02 74.08 371.82 94.47 -1 -1 -1 -1000 -1000 -1000 -10 0.0010 
Car -1 -1 -10 403.51 187.44 490.04 243.05 -1 -1 -1 -1000 -1000 -1000 -10 0.0010 
Car -1 -1 -10 365.60 133.35 414.36 156.62 -1 -1 -1 -1000 -1000 -1000 -10 0.0009 
Car -1 -1 -10 328.16 68.50 365.85 87.62 -1 -1 -1 -1000 -1000 -1000 -10 0.0009 
Car -1 -1 -10 27.18 300.54 157.95 354.05 -1 -1 -1 -1000 -1000 -1000 -10 0.0007 
Car -1 -1 -10 354.84 77.74 415.43 112.63 -1 -1 -1 -1000 -1000 -1000 -10 0.0006 
Car -1 -1 -10 178.87 205.63 282.44 246.14 -1 -1 -1 -1000 -1000 -1000 -10 0.0005 
Car -1 -1 -10 334.50 82.18 385.04 113.89 -1 -1 -1 -1000 -1000 -1000 -10 0.0004 
Car -1 -1 -10 299.07 63.14 364.11 91.39 -1 -1 -1 -1000 -1000 -1000 -10 0.0004 
Car -1 -1 -10 268.57 107.82 319.15 130.80 -1 -1 -1 -1000 -1000 -1000 -10 0.0003 
Car -1 -1 -10 130.46 25.06 214.88 54.15 -1 -1 -1 -1000 -1000 -1000 -10 0.0003 
Car -1 -1 -10 540.18 129.85 581.66 159.81 -1 -1 -1 -1000 -1000 -1000 -10 0.0003 
Car -1 -1 -10 383.31 111.40 473.26 154.16 -1 -1 -1 -1000 -1000 -1000 -10 0.0003 
Car -1 -1 -10 105.87 179.03 149.52 212.20 -1 -1 -1 -1000 -1000 -1000 -10 0.0003 
Car -1 -1 -10 513.15 139.70 568.95 164.93 -1 -1 -1 -1000 -1000 -1000 -10 0.0002 
Car -1 -1 -10 439.89 85.95 508.90 131.08 -1 -1 -1 -1000 -1000 -1000 -10 0.0002 
Car -1 -1 -10 273.85 219.55 409.42 294.84 -1 -1 -1 -1000 -1000 -1000 -10 0.0002 
Car -1 -1 -10 45.38 153.45 99.30 168.83 -1 -1 -1 -1000 -1000 -1000 -10 0.0001 
Car -1 -1 -10 273.05 113.38 325.81 137.41 -1 -1 -1 -1000 -1000 -1000 -10 0.0001 
Car -1 -1 -10 46.70 68.21 107.62 97.78 -1 -1 -1 -1000 -1000 -1000 -10 0.0001 
Car -1 -1 -10 70.15 177.89 152.53 217.15 -1 -1 -1 -1000 -1000 -1000 -10 0.0001 
Car -1 -1 -10 459.27 187.57 508.18 221.43 -1 -1 -1 -1000 -1000 -1000 -10 0.0000 
Car -1 -1 -10 407.10 188.42 459.81 230.59 -1 -1 -1 -1000 -1000 -1000 -10 0.0000 
Car -1 -1 -10 565.56 172.17 593.03 208.54 -1 -1 -1 -1000 -1000 -1000 -10 0.0000 
Car -1 -1 -10 575.26 172.71 608.09 203.41 -1 -1 -1 -1000 -1000 -1000 -10 0.0000 
