Car -1 -1 -10 308.57 180.36 526.72 254.71 -1 -1 -1 -1000 -1000 -1000 -10 1.0000 
Car -1 -1 -10 0.00 194.04 301.90 327.97 -1 -1 -1 -1000 -1000 -1000 -10 0.9751 
Car -1 -1 -10 1091.80 114.84 1147.58 141.75 -1 -1 -1 -1000 -1000 -1000 -10 0.0130 
Car -1 -1 -10 1114.00 171.35 1170.80 210.60 -1 -1 -1 -1000 -1000 -1000 -10 0.0060 
Car -1 -1 -10 1041.30 212.67 1100.54 240.74 -1 -1 -1 -1000 -1000 -1000 -10 0.0034 
Car -1 -1 -10 1105.90 265.82 1179.75 301.84 -1 -1 -1 -1000 -1000 -1000 -10 0.0033 
Car -1 -1 -10 398.87 185.97 474.04 221.71 -1 -1 -1 -1000 -1000 -1000 -10 0.0032 
Car -1 -1 -10 679.75 109.20 732.20 140.11 -1 -1 -1 -1000 -1000 -1000 -10 0.0032 
Car -1 -1 -10 1144.40 138.77 1242.98 172.48 -1 -1 -1 -1000 -1000 -1000 -10 0.0030 
Car -1 -1 -10 1141.50 228.50 1220.85 273.35 -1 -1 -1 -1000 -1000 -1000 -10 0.0029 
Car -1 -1 -10 1177.70 164.87 1243.01 244.38 -1 -1 -1 -1000 -1000 -1000 -10 0.0022 
Car -1 -1 -10 664.35 182.29 703.94 208.85 -1 -1 -1 -1000 -1000 -1000 -10 0.0022 
Car -1 -1 -10 1128.70 181.60 1189.35 218.82 -1 -1 -1 -1000 -1000 -1000 -10 0.0020 
Car -1 -1 -10 1062.70 211.99 1118.55 240.08 -1 -1 -1 -1000 -1000 -1000 -10 0.0016 
Car -1 -1 -10 1036.60 191.04 1105.82 239.63 -1 -1 -1 -1000 -1000 -1000 -10 0.0016 
Car -1 -1 -10 1098.80 258.05 1166.82 288.97 -1 -1 -1 -1000 -1000 -1000 -10 0.0016 
Car -1 -1 -10 670.92 80.35 720.39 111.46 -1 -1 -1 -1000 -1000 -1000 -10 0.0016 
Car -1 -1 -10 1081.80 259.98 1133.75 290.97 -1 -1 -1 -1000 -1000 -1000 -10 0.0014 
Car -1 -1 -10 1089.70 278.90 1137.87 305.14 -1 -1 -1 -1000 -1000 -1000 -10 0.0013 
Car -1 -1 -10 1090.90 263.26 1148.44 297.21 -1 -1 -1 -1000 -1000 -1000 -10 0.0013 
Car -1 -1 -10 1181.70 271.12 1243.04 302.48 -1 -1 -1 -1000 -1000 -1000 -10 0.0011 
Car -1 -1 -10 1168.50 248.72 1233.46 272.75 -1 -1 -1 -1000 -1000 -1000 -10 0.0011 
Car -1 -1 -10 925.70 153.84 965.56 179.97 -1 -1 -1 -1000 -1000 -1000 -10 0.0011 
Car -1 -1 -10 1113.50 280.01 1180.72 311.14 -1 -1 -1 -1000 -1000 -1000 -10 0.0011 
Car -1 -1 -10 1107.50 152.01 1174.62 199.03 -1 -1 -1 -1000 -1000 -1000 -10 0.0011 
Car -1 -1 -10 687.89 117.37 739.07 147.91 -1 -1 -1 -1000 -1000 -1000 -10 0.0010 
Car -1 -1 -10 229.65 202.93 290.14 272.02 -1 -1 -1 -1000 -1000 -1000 -10 0.0010 
Car -1 -1 -10 1129.40 233.68 1185.84 270.14 -1 -1 -1 -1000 -1000 -1000 -10 0.0009 
Car -1 -1 -10 1068.90 112.13 1136.27 138.29 -1 -1 -1 -1000 -1000 -1000 -10 0.0009 
Car -1 -1 -10 1090.40 252.09 1147.38 281.19 -1 -1 -1 -1000 -1000 -1000 -10 0.0009 
Car -1 -1 -10 764.56 191.90 809.10 212.09 -1 -1 -1 -1000 -1000 -1000 -10 0.0008 
Car -1 -1 -10 693.67 88.45 742.95 116.73 -1 -1 -1 -1000 -1000 -1000 -10 0.0008 
Car -1 -1 -10 1114.10 250.08 1169.84 280.64 -1 -1 -1 -1000 -1000 -1000 -10 0.0007 
Car -1 -1 -10 1018.20 203.77 1084.06 234.79 -1 -1 -1 -1000 -1000 -1000 -10 0.0007 
Car -1 -1 -10 1068.30 233.30 1118.86 261.39 -1 -1 -1 -1000 -1000 -1000 -10 0.0007 
Car -1 -1 -10 1066.60 258.74 1124.91 281.46 -1 -1 -1 -1000 -1000 -1000 -10 0.0007 
Car -1 -1 -10 1162.60 255.02 1243.00 293.25 -1 -1 -1 -1000 -1000 -1000 -10 0.0007 
Car -1 -1 -10 844.79 160.37 896.21 189.56 -1 -1 -1 -1000 -1000 -1000 -10 0.0007 
Car -1 -1 -10 1084.30 178.04 1151.93 206.39 -1 -1 -1 -1000 -1000 -1000 -10 0.0007 
Car -1 -1 -10 1089.40 164.66 1150.21 197.15 -1 -1 -1 -1000 -1000 -1000 -10 0.0006 
Car -1 -1 -10 1076.00 244.81 1122.74 274.54 -1 -1 -1 -1000 -1000 -1000 -10 0.0005 
Car -1 -1 -10 1096.00 273.97 1161.43 306.00 -1 -1 -1 -1000 -1000 -1000 -10 0.0004 
Car -1 -1 -10 869.21 150.74 914.46 189.46 -1 -1 -1 -1000 -1000 -1000 -10 0.0004 
Car -1 -1 -10 983.62 195.71 1040.47 221.53 -1 -1 -1 -1000 -1000 -1000 -10 0.0004 
Car -1 -1 -10 1184.70 122.09 1240.18 156.61 -1 -1 -1 -1000 -1000 -1000 -10 0.0004 
Car -1 -1 -10 770.65 184.94 817.94 208.97 -1 -1 -1 -1000 -1000 -1000 -10 0.0004 
Car -1 -1 -10 1067.80 202.68 1117.28 231.04 -1 -1 -1 -1000 -1000 -1000 -10 0.0003 
Car -1 -1 -10 1073.90 98.62 1134.29 130.98 -1 -1 -1 -1000 -1000 -1000 -10 0.0003 
Car -1 -1 -10 685.02 158.34 746.42 197.87 -1 -1 -1 -1000 -1000 -1000 -10 0.0003 
Car -1 -1 -10 335.26 183.57 467.93 220.59 -1 -1 -1 -1000 -1000 -1000 -10 0.0003 
Car -1 -1 -10 1129.80 144.12 1186.10 174.45 -1 -1 -1 -1000 -1000 -1000 -10 0.0003 
Car -1 -1 -10 1094.10 204.82 1164.23 234.47 -1 -1 -1 -1000 -1000 -1000 -10 0.0003 
Car -1 -1 -10 913.49 160.49 962.21 185.91 -1 -1 -1 -1000 -1000 -1000 -10 0.0002 
Car -1 -1 -10 698.24 85.83 754.09 107.11 -1 -1 -1 -1000 -1000 -1000 -10 0.0002 
Car -1 -1 -10 1029.30 177.46 1100.64 220.91 -1 -1 -1 -1000 -1000 -1000 -10 0.0002 
Car -1 -1 -10 690.17 82.61 764.99 120.54 -1 -1 -1 -1000 -1000 -1000 -10 0.0002 
Car -1 -1 -10 870.09 169.26 950.05 211.25 -1 -1 -1 -1000 -1000 -1000 -10 0.0002 
Car -1 -1 -10 991.96 194.19 1079.20 229.33 -1 -1 -1 -1000 -1000 -1000 -10 0.0001 
Car -1 -1 -10 1063.40 48.00 1119.92 86.28 -1 -1 -1 -1000 -1000 -1000 -10 0.0001 
Car -1 -1 -10 886.41 146.42 923.16 177.35 -1 -1 -1 -1000 -1000 -1000 -10 0.0001 
Car -1 -1 -10 412.76 197.45 528.27 253.79 -1 -1 -1 -1000 -1000 -1000 -10 0.0001 
Car -1 -1 -10 1187.30 236.25 1242.95 276.23 -1 -1 -1 -1000 -1000 -1000 -10 0.0001 
Car -1 -1 -10 701.22 156.49 752.31 186.25 -1 -1 -1 -1000 -1000 -1000 -10 0.0001 
Car -1 -1 -10 897.61 154.13 960.59 177.50 -1 -1 -1 -1000 -1000 -1000 -10 0.0001 
Car -1 -1 -10 1099.60 102.29 1180.85 139.90 -1 -1 -1 -1000 -1000 -1000 -10 0.0001 
Car -1 -1 -10 1103.80 242.07 1160.76 267.54 -1 -1 -1 -1000 -1000 -1000 -10 0.0001 
Car -1 -1 -10 232.95 204.11 280.76 241.49 -1 -1 -1 -1000 -1000 -1000 -10 0.0001 
Car -1 -1 -10 967.53 187.97 1049.95 223.66 -1 -1 -1 -1000 -1000 -1000 -10 0.0001 
Car -1 -1 -10 855.20 197.89 928.61 237.61 -1 -1 -1 -1000 -1000 -1000 -10 0.0001 
Car -1 -1 -10 881.73 156.20 948.03 200.09 -1 -1 -1 -1000 -1000 -1000 -10 0.0001 
Car -1 -1 -10 895.27 171.41 970.38 208.16 -1 -1 -1 -1000 -1000 -1000 -10 0.0001 
Car -1 -1 -10 1147.90 175.21 1209.21 208.74 -1 -1 -1 -1000 -1000 -1000 -10 0.0001 
Car -1 -1 -10 563.66 89.52 624.00 117.80 -1 -1 -1 -1000 -1000 -1000 -10 0.0001 
Car -1 -1 -10 225.26 214.31 284.40 253.75 -1 -1 -1 -1000 -1000 -1000 -10 0.0001 
Car -1 -1 -10 880.98 230.62 955.96 271.82 -1 -1 -1 -1000 -1000 -1000 -10 0.0001 
Car -1 -1 -10 1059.20 38.21 1140.07 71.34 -1 -1 -1 -1000 -1000 -1000 -10 0.0001 
Car -1 -1 -10 873.48 246.01 951.37 277.16 -1 -1 -1 -1000 -1000 -1000 -10 0.0000 
Car -1 -1 -10 975.42 95.77 1038.38 129.44 -1 -1 -1 -1000 -1000 -1000 -10 0.0000 
Car -1 -1 -10 774.33 193.63 821.14 219.76 -1 -1 -1 -1000 -1000 -1000 -10 0.0000 
Car -1 -1 -10 0.00 203.14 114.01 262.59 -1 -1 -1 -1000 -1000 -1000 -10 0.0000 
Car -1 -1 -10 1117.20 140.71 1199.52 183.69 -1 -1 -1 -1000 -1000 -1000 -10 0.0000 
Car -1 -1 -10 1087.10 69.00 1174.16 90.71 -1 -1 -1 -1000 -1000 -1000 -10 0.0000 
Car -1 -1 -10 879.26 145.20 944.20 167.20 -1 -1 -1 -1000 -1000 -1000 -10 0.0000 
Car -1 -1 -10 891.24 244.25 999.51 272.11 -1 -1 -1 -1000 -1000 -1000 -10 0.0000 
Car -1 -1 -10 28.31 200.39 164.20 254.78 -1 -1 -1 -1000 -1000 -1000 -10 0.0000 
Car -1 -1 -10 1080.30 158.26 1242.95 241.37 -1 -1 -1 -1000 -1000 -1000 -10 0.0000 
Car -1 -1 -10 742.87 118.13 841.78 139.16 -1 -1 -1 -1000 -1000 -1000 -10 0.0000 
Car -1 -1 -10 844.32 28.24 926.05 52.54 -1 -1 -1 -1000 -1000 -1000 -10 0.0000 
Car -1 -1 -10 28.41 165.27 93.34 222.36 -1 -1 -1 -1000 -1000 -1000 -10 0.0000 
Car -1 -1 -10 166.47 208.79 280.27 268.51 -1 -1 -1 -1000 -1000 -1000 -10 0.0000 
Car -1 -1 -10 950.36 148.04 1243.00 233.95 -1 -1 -1 -1000 -1000 -1000 -10 0.0000 
