Car -1 -1 -10 393.95 176.30 478.53 203.59 -1 -1 -1 -1000 -1000 -1000 -10 0.9896 
Car -1 -1 -10 222.01 175.42 299.03 205.18 -1 -1 -1 -1000 -1000 -1000 -10 0.1589 
Car -1 -1 -10 1169.20 146.71 1223.96 174.29 -1 -1 -1 -1000 -1000 -1000 -10 0.1233 
Car -1 -1 -10 1116.00 234.72 1243.02 327.15 -1 -1 -1 -1000 -1000 -1000 -10 0.1033 
Car -1 -1 -10 1053.10 232.23 1112.21 273.26 -1 -1 -1 -1000 -1000 -1000 -10 0.0206 
Car -1 -1 -10 1156.60 148.08 1228.92 187.44 -1 -1 -1 -1000 -1000 -1000 -10 0.0086 
Car -1 -1 -10 1030.10 223.47 1144.88 317.02 -1 -1 -1 -1000 -1000 -1000 -10 0.0084 
Car -1 -1 -10 970.75 246.15 1046.67 280.04 -1 -1 -1 -1000 -1000 -1000 -10 0.0062 
Car -1 -1 -10 865.08 76.76 922.29 101.75 -1 -1 -1 -1000 -1000 -1000 -10 0.0030 
Car -1 -1 -10 1005.50 191.74 1055.77 214.99 -1 -1 -1 -1000 -1000 -1000 -10 0.0028 
Car -1 -1 -10 1142.40 226.58 1214.48 256.09 -1 -1 -1 -1000 -1000 -1000 -10 0.0024 
Car -1 -1 -10 919.36 141.76 1016.03 181.89 -1 -1 -1 -1000 -1000 -1000 -10 0.0017 
Car -1 -1 -10 473.51 147.73 567.46 220.12 -1 -1 -1 -1000 -1000 -1000 -10 0.0017 
Car -1 -1 -10 1095.80 203.10 1180.14 232.44 -1 -1 -1 -1000 -1000 -1000 -10 0.0016 
Car -1 -1 -10 1027.80 207.40 1169.56 366.39 -1 -1 -1 -1000 -1000 -1000 -10 0.0011 
Car -1 -1 -10 308.15 171.38 382.05 242.78 -1 -1 -1 -1000 -1000 -1000 -10 0.0011 
Car -1 -1 -10 50.05 213.46 116.90 246.62 -1 -1 -1 -1000 -1000 -1000 -10 0.0011 
Car -1 -1 -10 1036.10 215.32 1115.57 284.58 -1 -1 -1 -1000 -1000 -1000 -10 0.0004 
Car -1 -1 -10 1120.50 230.71 1189.73 271.36 -1 -1 -1 -1000 -1000 -1000 -10 0.0004 
Car -1 -1 -10 363.31 176.32 397.61 199.83 -1 -1 -1 -1000 -1000 -1000 -10 0.0003 
Car -1 -1 -10 1051.90 204.18 1137.80 249.92 -1 -1 -1 -1000 -1000 -1000 -10 0.0003 
Car -1 -1 -10 484.19 37.63 550.11 66.65 -1 -1 -1 -1000 -1000 -1000 -10 0.0002 
Car -1 -1 -10 910.22 134.89 1083.84 188.07 -1 -1 -1 -1000 -1000 -1000 -10 0.0002 
Car -1 -1 -10 379.43 181.24 421.27 206.36 -1 -1 -1 -1000 -1000 -1000 -10 0.0002 
Car -1 -1 -10 929.99 178.83 993.05 223.45 -1 -1 -1 -1000 -1000 -1000 -10 0.0002 
Car -1 -1 -10 12.31 172.20 75.66 217.80 -1 -1 -1 -1000 -1000 -1000 -10 0.0002 
Car -1 -1 -10 948.27 192.63 992.47 219.86 -1 -1 -1 -1000 -1000 -1000 -10 0.0002 
Car -1 -1 -10 1097.20 200.14 1210.09 249.75 -1 -1 -1 -1000 -1000 -1000 -10 0.0002 
Car -1 -1 -10 269.29 183.71 333.92 211.28 -1 -1 -1 -1000 -1000 -1000 -10 0.0001 
Car -1 -1 -10 991.16 252.94 1081.40 293.15 -1 -1 -1 -1000 -1000 -1000 -10 0.0001 
Car -1 -1 -10 885.84 184.07 950.76 223.05 -1 -1 -1 -1000 -1000 -1000 -10 0.0001 
Car -1 -1 -10 218.36 176.25 286.25 228.96 -1 -1 -1 -1000 -1000 -1000 -10 0.0001 
Car -1 -1 -10 29.97 212.06 122.61 263.27 -1 -1 -1 -1000 -1000 -1000 -10 0.0001 
Car -1 -1 -10 262.47 185.61 307.43 210.71 -1 -1 -1 -1000 -1000 -1000 -10 0.0001 
Car -1 -1 -10 839.86 187.68 891.52 218.73 -1 -1 -1 -1000 -1000 -1000 -10 0.0000 
Car -1 -1 -10 966.99 215.36 1051.25 241.81 -1 -1 -1 -1000 -1000 -1000 -10 0.0000 
Car -1 -1 -10 897.84 150.48 971.86 189.99 -1 -1 -1 -1000 -1000 -1000 -10 0.0000 
Car -1 -1 -10 967.67 203.77 1011.49 224.89 -1 -1 -1 -1000 -1000 -1000 -10 0.0000 
Car -1 -1 -10 867.28 88.17 977.19 133.18 -1 -1 -1 -1000 -1000 -1000 -10 0.0000 
Car -1 -1 -10 1048.30 242.62 1220.63 310.76 -1 -1 -1 -1000 -1000 -1000 -10 0.0000 
Car -1 -1 -10 252.36 183.45 298.03 218.36 -1 -1 -1 -1000 -1000 -1000 -10 0.0000 
Car -1 -1 -10 1178.90 185.54 1242.97 226.69 -1 -1 -1 -1000 -1000 -1000 -10 0.0000 
Car -1 -1 -10 962.41 207.28 1070.53 235.90 -1 -1 -1 -1000 -1000 -1000 -10 0.0000 
Car -1 -1 -10 967.20 209.75 1040.53 228.38 -1 -1 -1 -1000 -1000 -1000 -10 0.0000 
Car -1 -1 -10 1072.80 94.82 1242.96 127.06 -1 -1 -1 -1000 -1000 -1000 -10 0.0000 
Car -1 -1 -10 636.87 155.54 687.63 190.06 -1 -1 -1 -1000 -1000 -1000 -10 0.0000 
Car -1 -1 -10 1014.10 210.65 1084.95 266.76 -1 -1 -1 -1000 -1000 -1000 -10 0.0000 
Car -1 -1 -10 1163.70 209.01 1242.28 249.95 -1 -1 -1 -1000 -1000 -1000 -10 0.0000 
Car -1 -1 -10 728.12 112.56 880.41 167.33 -1 -1 -1 -1000 -1000 -1000 -10 0.0000 
Car -1 -1 -10 1116.30 78.88 1243.04 122.60 -1 -1 -1 -1000 -1000 -1000 -10 0.0000 
Car -1 -1 -10 631.00 143.11 687.14 173.19 -1 -1 -1 -1000 -1000 -1000 -10 0.0000 
