Car -1 -1 -10 262.72 197.26 396.92 275.64 -1 -1 -1 -1000 -1000 -1000 -10 0.9999 
Car -1 -1 -10 428.48 179.81 494.66 226.53 -1 -1 -1 -1000 -1000 -1000 -10 0.9994 
Car -1 -1 -10 356.49 191.80 452.60 247.38 -1 -1 -1 -1000 -1000 -1000 -10 0.9987 
Car -1 -1 -10 679.91 175.42 764.66 245.93 -1 -1 -1 -1000 -1000 -1000 -10 0.9985 
Car -1 -1 -10 0.00 203.71 99.68 233.44 -1 -1 -1 -1000 -1000 -1000 -10 0.6835 
Car -1 -1 -10 462.85 181.49 512.66 218.07 -1 -1 -1 -1000 -1000 -1000 -10 0.5503 
Car -1 -1 -10 527.57 181.31 552.40 199.88 -1 -1 -1 -1000 -1000 -1000 -10 0.4045 
Car -1 -1 -10 557.77 177.66 585.75 199.18 -1 -1 -1 -1000 -1000 -1000 -10 0.0884 
Car -1 -1 -10 741.74 171.94 816.59 193.37 -1 -1 -1 -1000 -1000 -1000 -10 0.0725 
Car -1 -1 -10 1147.80 135.86 1243.03 192.76 -1 -1 -1 -1000 -1000 -1000 -10 0.0432 
Car -1 -1 -10 683.87 165.99 733.39 193.71 -1 -1 -1 -1000 -1000 -1000 -10 0.0198 
Car -1 -1 -10 494.65 182.06 529.98 209.55 -1 -1 -1 -1000 -1000 -1000 -10 0.0127 
Car -1 -1 -10 1005.60 170.87 1117.20 205.87 -1 -1 -1 -1000 -1000 -1000 -10 0.0091 
Car -1 -1 -10 798.26 165.29 830.21 184.67 -1 -1 -1 -1000 -1000 -1000 -10 0.0043 
Car -1 -1 -10 630.24 176.91 654.17 194.35 -1 -1 -1 -1000 -1000 -1000 -10 0.0039 
Car -1 -1 -10 0.63 262.76 82.88 309.63 -1 -1 -1 -1000 -1000 -1000 -10 0.0028 
Car -1 -1 -10 76.53 249.55 137.96 278.07 -1 -1 -1 -1000 -1000 -1000 -10 0.0024 
Car -1 -1 -10 1126.00 57.04 1232.51 126.74 -1 -1 -1 -1000 -1000 -1000 -10 0.0019 
Car -1 -1 -10 998.35 175.62 1059.37 205.32 -1 -1 -1 -1000 -1000 -1000 -10 0.0016 
Car -1 -1 -10 992.81 173.72 1041.69 198.85 -1 -1 -1 -1000 -1000 -1000 -10 0.0012 
Car -1 -1 -10 205.18 84.82 288.51 171.83 -1 -1 -1 -1000 -1000 -1000 -10 0.0012 
Car -1 -1 -10 1029.10 171.85 1091.29 201.40 -1 -1 -1 -1000 -1000 -1000 -10 0.0011 
Car -1 -1 -10 1110.30 217.89 1194.46 253.30 -1 -1 -1 -1000 -1000 -1000 -10 0.0009 
Car -1 -1 -10 957.77 172.57 1020.11 194.85 -1 -1 -1 -1000 -1000 -1000 -10 0.0009 
Car -1 -1 -10 888.25 106.41 957.74 131.37 -1 -1 -1 -1000 -1000 -1000 -10 0.0008 
Car -1 -1 -10 682.79 178.81 755.99 212.30 -1 -1 -1 -1000 -1000 -1000 -10 0.0008 
Car -1 -1 -10 275.01 202.59 334.59 244.95 -1 -1 -1 -1000 -1000 -1000 -10 0.0006 
Car -1 -1 -10 675.69 174.67 720.96 232.01 -1 -1 -1 -1000 -1000 -1000 -10 0.0004 
Car -1 -1 -10 99.48 237.98 180.09 283.85 -1 -1 -1 -1000 -1000 -1000 -10 0.0004 
Car -1 -1 -10 998.84 179.36 1085.10 214.10 -1 -1 -1 -1000 -1000 -1000 -10 0.0004 
Car -1 -1 -10 170.78 275.82 219.39 298.19 -1 -1 -1 -1000 -1000 -1000 -10 0.0003 
Car -1 -1 -10 935.45 82.06 1028.52 132.31 -1 -1 -1 -1000 -1000 -1000 -10 0.0003 
Car -1 -1 -10 81.78 258.44 143.69 285.28 -1 -1 -1 -1000 -1000 -1000 -10 0.0003 
Car -1 -1 -10 139.54 281.63 198.57 309.21 -1 -1 -1 -1000 -1000 -1000 -10 0.0003 
Car -1 -1 -10 404.50 192.49 450.19 240.63 -1 -1 -1 -1000 -1000 -1000 -10 0.0003 
Car -1 -1 -10 1055.80 171.82 1164.58 205.99 -1 -1 -1 -1000 -1000 -1000 -10 0.0003 
Car -1 -1 -10 1048.60 174.76 1126.95 218.12 -1 -1 -1 -1000 -1000 -1000 -10 0.0002 
Car -1 -1 -10 154.70 159.03 207.74 189.60 -1 -1 -1 -1000 -1000 -1000 -10 0.0002 
Car -1 -1 -10 776.58 169.84 818.48 190.41 -1 -1 -1 -1000 -1000 -1000 -10 0.0002 
Car -1 -1 -10 155.41 281.07 216.94 304.07 -1 -1 -1 -1000 -1000 -1000 -10 0.0002 
Car -1 -1 -10 1165.40 213.72 1238.39 248.69 -1 -1 -1 -1000 -1000 -1000 -10 0.0002 
Car -1 -1 -10 124.62 263.75 181.39 283.03 -1 -1 -1 -1000 -1000 -1000 -10 0.0002 
Car -1 -1 -10 1185.50 130.46 1242.97 162.43 -1 -1 -1 -1000 -1000 -1000 -10 0.0002 
Car -1 -1 -10 861.39 100.61 942.61 131.30 -1 -1 -1 -1000 -1000 -1000 -10 0.0001 
Car -1 -1 -10 986.54 187.93 1071.26 221.79 -1 -1 -1 -1000 -1000 -1000 -10 0.0001 
Car -1 -1 -10 113.09 254.42 174.62 290.22 -1 -1 -1 -1000 -1000 -1000 -10 0.0001 
Car -1 -1 -10 118.78 265.89 181.45 301.22 -1 -1 -1 -1000 -1000 -1000 -10 0.0001 
Car -1 -1 -10 76.44 234.45 141.37 271.31 -1 -1 -1 -1000 -1000 -1000 -10 0.0001 
Car -1 -1 -10 994.22 92.51 1065.46 122.92 -1 -1 -1 -1000 -1000 -1000 -10 0.0001 
Car -1 -1 -10 1077.00 172.85 1181.11 195.62 -1 -1 -1 -1000 -1000 -1000 -10 0.0001 
Car -1 -1 -10 168.21 267.77 253.75 298.60 -1 -1 -1 -1000 -1000 -1000 -10 0.0001 
Car -1 -1 -10 885.43 84.44 947.32 125.07 -1 -1 -1 -1000 -1000 -1000 -10 0.0000 
Car -1 -1 -10 1018.00 181.69 1109.73 230.36 -1 -1 -1 -1000 -1000 -1000 -10 0.0000 
Car -1 -1 -10 270.12 132.58 309.51 154.40 -1 -1 -1 -1000 -1000 -1000 -10 0.0000 
Car -1 -1 -10 132.00 271.20 193.87 294.96 -1 -1 -1 -1000 -1000 -1000 -10 0.0000 
Car -1 -1 -10 647.30 170.39 703.14 189.55 -1 -1 -1 -1000 -1000 -1000 -10 0.0000 
Car -1 -1 -10 512.48 184.37 531.63 207.41 -1 -1 -1 -1000 -1000 -1000 -10 0.0000 
Car -1 -1 -10 1105.10 129.81 1218.45 189.53 -1 -1 -1 -1000 -1000 -1000 -10 0.0000 
Car -1 -1 -10 528.32 178.91 581.83 199.03 -1 -1 -1 -1000 -1000 -1000 -10 0.0000 
Car -1 -1 -10 1207.90 162.49 1243.03 191.50 -1 -1 -1 -1000 -1000 -1000 -10 0.0000 
Car -1 -1 -10 1061.00 189.45 1158.55 235.06 -1 -1 -1 -1000 -1000 -1000 -10 0.0000 
Car -1 -1 -10 976.83 69.00 1102.79 127.33 -1 -1 -1 -1000 -1000 -1000 -10 0.0000 
Car -1 -1 -10 660.53 174.69 708.80 201.66 -1 -1 -1 -1000 -1000 -1000 -10 0.0000 
Car -1 -1 -10 1104.70 179.08 1217.05 201.41 -1 -1 -1 -1000 -1000 -1000 -10 0.0000 
