Car -1 -1 -10 776.11 182.18 1046.77 359.66 -1 -1 -1 -1000 -1000 -1000 -10 1.0000 
Car -1 -1 -10 701.62 175.32 857.15 288.14 -1 -1 -1 -1000 -1000 -1000 -10 0.9999 
Car -1 -1 -10 490.02 180.05 548.71 227.66 -1 -1 -1 -1000 -1000 -1000 -10 0.9998 
Car -1 -1 -10 591.11 175.59 615.55 200.22 -1 -1 -1 -1000 -1000 -1000 -10 0.9990 
Car -1 -1 -10 654.92 177.12 713.99 224.48 -1 -1 -1 -1000 -1000 -1000 -10 0.9955 
Car -1 -1 -10 378.40 182.07 446.54 206.97 -1 -1 -1 -1000 -1000 -1000 -10 0.9926 
Car -1 -1 -10 286.08 182.65 353.39 210.11 -1 -1 -1 -1000 -1000 -1000 -10 0.8941 
Car -1 -1 -10 634.39 176.80 667.84 203.77 -1 -1 -1 -1000 -1000 -1000 -10 0.1483 
Car -1 -1 -10 684.06 171.62 774.14 256.93 -1 -1 -1 -1000 -1000 -1000 -10 0.0582 
Car -1 -1 -10 327.10 187.66 376.55 211.14 -1 -1 -1 -1000 -1000 -1000 -10 0.0082 
Car -1 -1 -10 662.36 178.23 846.98 235.42 -1 -1 -1 -1000 -1000 -1000 -10 0.0078 
Car -1 -1 -10 1147.80 94.22 1227.43 161.33 -1 -1 -1 -1000 -1000 -1000 -10 0.0061 
Car -1 -1 -10 1138.90 207.88 1242.97 264.16 -1 -1 -1 -1000 -1000 -1000 -10 0.0049 
Car -1 -1 -10 666.54 174.58 754.76 232.58 -1 -1 -1 -1000 -1000 -1000 -10 0.0041 
Car -1 -1 -10 1157.90 219.75 1219.59 262.57 -1 -1 -1 -1000 -1000 -1000 -10 0.0022 
Car -1 -1 -10 1142.00 197.81 1233.38 233.12 -1 -1 -1 -1000 -1000 -1000 -10 0.0021 
Car -1 -1 -10 1059.10 122.33 1112.16 163.82 -1 -1 -1 -1000 -1000 -1000 -10 0.0009 
Car -1 -1 -10 1067.30 191.94 1117.14 234.89 -1 -1 -1 -1000 -1000 -1000 -10 0.0008 
Car -1 -1 -10 343.37 188.74 394.71 210.86 -1 -1 -1 -1000 -1000 -1000 -10 0.0004 
Car -1 -1 -10 9.71 78.58 80.08 164.65 -1 -1 -1 -1000 -1000 -1000 -10 0.0003 
Car -1 -1 -10 1150.50 117.51 1231.47 196.62 -1 -1 -1 -1000 -1000 -1000 -10 0.0002 
Car -1 -1 -10 317.09 174.78 367.09 207.22 -1 -1 -1 -1000 -1000 -1000 -10 0.0002 
Car -1 -1 -10 512.72 177.45 545.15 224.37 -1 -1 -1 -1000 -1000 -1000 -10 0.0002 
Car -1 -1 -10 956.78 211.09 1018.38 257.33 -1 -1 -1 -1000 -1000 -1000 -10 0.0002 
Car -1 -1 -10 578.10 121.96 614.66 143.79 -1 -1 -1 -1000 -1000 -1000 -10 0.0001 
Car -1 -1 -10 376.44 180.36 435.59 235.49 -1 -1 -1 -1000 -1000 -1000 -10 0.0001 
Car -1 -1 -10 1041.40 139.56 1106.50 218.27 -1 -1 -1 -1000 -1000 -1000 -10 0.0001 
Car -1 -1 -10 574.45 112.02 615.63 137.94 -1 -1 -1 -1000 -1000 -1000 -10 0.0001 
Car -1 -1 -10 339.72 208.52 391.50 232.78 -1 -1 -1 -1000 -1000 -1000 -10 0.0001 
Car -1 -1 -10 774.69 195.49 948.28 267.78 -1 -1 -1 -1000 -1000 -1000 -10 0.0000 
Car -1 -1 -10 952.66 213.69 1079.98 276.14 -1 -1 -1 -1000 -1000 -1000 -10 0.0000 
Car -1 -1 -10 924.52 210.27 1028.04 275.94 -1 -1 -1 -1000 -1000 -1000 -10 0.0000 
Car -1 -1 -10 315.68 196.54 378.78 232.69 -1 -1 -1 -1000 -1000 -1000 -10 0.0000 
Car -1 -1 -10 349.78 181.05 392.49 203.93 -1 -1 -1 -1000 -1000 -1000 -10 0.0000 
Car -1 -1 -10 762.31 180.24 843.41 229.82 -1 -1 -1 -1000 -1000 -1000 -10 0.0000 
Car -1 -1 -10 15.14 78.64 105.55 127.55 -1 -1 -1 -1000 -1000 -1000 -10 0.0000 
Car -1 -1 -10 532.94 173.72 552.09 203.42 -1 -1 -1 -1000 -1000 -1000 -10 0.0000 
Car -1 -1 -10 757.49 167.42 810.01 184.76 -1 -1 -1 -1000 -1000 -1000 -10 0.0000 
Car -1 -1 -10 742.43 178.34 831.81 193.17 -1 -1 -1 -1000 -1000 -1000 -10 0.0000 
Car -1 -1 -10 761.72 24.80 858.06 86.58 -1 -1 -1 -1000 -1000 -1000 -10 0.0000 
