Car -1 -1 -10 632.65 179.18 677.71 215.54 -1 -1 -1 -1000 -1000 -1000 -10 1.0000 
Car -1 -1 -10 350.70 178.16 509.27 220.77 -1 -1 -1 -1000 -1000 -1000 -10 0.9660 
Car -1 -1 -10 100.86 165.06 368.32 278.75 -1 -1 -1 -1000 -1000 -1000 -10 0.9525 
Car -1 -1 -10 764.26 184.24 1113.99 270.92 -1 -1 -1 -1000 -1000 -1000 -10 0.8630 
Car -1 -1 -10 1033.90 186.79 1243.00 376.00 -1 -1 -1 -1000 -1000 -1000 -10 0.8319 
Car -1 -1 -10 890.63 185.63 1203.15 315.66 -1 -1 -1 -1000 -1000 -1000 -10 0.7602 
Car -1 -1 -10 0.00 184.76 265.59 346.03 -1 -1 -1 -1000 -1000 -1000 -10 0.7485 
Car -1 -1 -10 747.51 176.34 891.06 257.23 -1 -1 -1 -1000 -1000 -1000 -10 0.7258 
Car -1 -1 -10 615.81 173.91 654.37 201.01 -1 -1 -1 -1000 -1000 -1000 -10 0.6960 
Car -1 -1 -10 481.54 175.83 527.61 206.70 -1 -1 -1 -1000 -1000 -1000 -10 0.0199 
Car -1 -1 -10 402.54 176.21 500.93 211.89 -1 -1 -1 -1000 -1000 -1000 -10 0.0188 
Car -1 -1 -10 499.81 175.09 541.78 198.36 -1 -1 -1 -1000 -1000 -1000 -10 0.0122 
Car -1 -1 -10 746.02 171.57 824.28 243.79 -1 -1 -1 -1000 -1000 -1000 -10 0.0085 
Car -1 -1 -10 911.22 40.70 1054.40 77.48 -1 -1 -1 -1000 -1000 -1000 -10 0.0072 
Car -1 -1 -10 0.00 186.33 183.41 280.91 -1 -1 -1 -1000 -1000 -1000 -10 0.0045 
Car -1 -1 -10 180.41 107.55 233.02 146.01 -1 -1 -1 -1000 -1000 -1000 -10 0.0032 
Car -1 -1 -10 641.14 42.97 704.07 72.83 -1 -1 -1 -1000 -1000 -1000 -10 0.0025 
Car -1 -1 -10 1156.80 56.93 1237.18 96.76 -1 -1 -1 -1000 -1000 -1000 -10 0.0025 
Car -1 -1 -10 1212.10 75.57 1242.97 103.07 -1 -1 -1 -1000 -1000 -1000 -10 0.0023 
Car -1 -1 -10 1082.00 162.21 1139.05 191.67 -1 -1 -1 -1000 -1000 -1000 -10 0.0019 
Car -1 -1 -10 0.00 189.37 76.11 236.71 -1 -1 -1 -1000 -1000 -1000 -10 0.0017 
Car -1 -1 -10 971.45 162.79 1029.48 188.63 -1 -1 -1 -1000 -1000 -1000 -10 0.0014 
Car -1 -1 -10 658.62 66.34 724.06 103.65 -1 -1 -1 -1000 -1000 -1000 -10 0.0013 
Car -1 -1 -10 622.39 82.13 683.23 108.05 -1 -1 -1 -1000 -1000 -1000 -10 0.0012 
Car -1 -1 -10 217.62 164.50 404.14 254.53 -1 -1 -1 -1000 -1000 -1000 -10 0.0011 
Car -1 -1 -10 749.36 173.23 879.01 216.11 -1 -1 -1 -1000 -1000 -1000 -10 0.0011 
Car -1 -1 -10 636.49 76.56 709.72 112.67 -1 -1 -1 -1000 -1000 -1000 -10 0.0010 
Car -1 -1 -10 917.08 102.71 1053.19 141.08 -1 -1 -1 -1000 -1000 -1000 -10 0.0009 
Car -1 -1 -10 649.60 30.95 702.15 63.15 -1 -1 -1 -1000 -1000 -1000 -10 0.0008 
Car -1 -1 -10 605.92 115.55 669.11 151.82 -1 -1 -1 -1000 -1000 -1000 -10 0.0007 
Car -1 -1 -10 665.99 33.29 720.19 67.41 -1 -1 -1 -1000 -1000 -1000 -10 0.0007 
Car -1 -1 -10 1203.80 84.93 1242.95 111.21 -1 -1 -1 -1000 -1000 -1000 -10 0.0006 
Car -1 -1 -10 1106.80 165.30 1136.23 208.71 -1 -1 -1 -1000 -1000 -1000 -10 0.0004 
Car -1 -1 -10 635.17 106.82 704.94 144.38 -1 -1 -1 -1000 -1000 -1000 -10 0.0004 
Car -1 -1 -10 679.87 37.17 749.05 64.82 -1 -1 -1 -1000 -1000 -1000 -10 0.0004 
Car -1 -1 -10 615.54 86.47 659.49 116.50 -1 -1 -1 -1000 -1000 -1000 -10 0.0004 
Car -1 -1 -10 265.17 163.38 363.68 200.73 -1 -1 -1 -1000 -1000 -1000 -10 0.0003 
Car -1 -1 -10 632.21 48.47 712.69 90.43 -1 -1 -1 -1000 -1000 -1000 -10 0.0003 
Car -1 -1 -10 653.73 25.94 713.22 54.06 -1 -1 -1 -1000 -1000 -1000 -10 0.0002 
Car -1 -1 -10 600.56 62.36 672.42 102.30 -1 -1 -1 -1000 -1000 -1000 -10 0.0002 
Car -1 -1 -10 1200.00 93.59 1242.96 119.78 -1 -1 -1 -1000 -1000 -1000 -10 0.0001 
Car -1 -1 -10 1122.40 64.93 1185.30 95.14 -1 -1 -1 -1000 -1000 -1000 -10 0.0001 
Car -1 -1 -10 981.70 94.92 1025.98 109.87 -1 -1 -1 -1000 -1000 -1000 -10 0.0001 
Car -1 -1 -10 834.02 45.79 914.50 78.06 -1 -1 -1 -1000 -1000 -1000 -10 0.0001 
Car -1 -1 -10 1032.20 116.66 1123.53 145.67 -1 -1 -1 -1000 -1000 -1000 -10 0.0001 
Car -1 -1 -10 1112.20 103.27 1172.50 135.27 -1 -1 -1 -1000 -1000 -1000 -10 0.0001 
Car -1 -1 -10 451.74 178.58 508.31 209.44 -1 -1 -1 -1000 -1000 -1000 -10 0.0001 
Car -1 -1 -10 957.28 39.71 1035.73 58.28 -1 -1 -1 -1000 -1000 -1000 -10 0.0001 
Car -1 -1 -10 1121.80 190.12 1190.19 219.53 -1 -1 -1 -1000 -1000 -1000 -10 0.0001 
Car -1 -1 -10 525.18 175.28 552.55 195.98 -1 -1 -1 -1000 -1000 -1000 -10 0.0000 
Car -1 -1 -10 612.96 172.10 640.85 189.51 -1 -1 -1 -1000 -1000 -1000 -10 0.0000 
Car -1 -1 -10 828.14 185.39 967.03 223.90 -1 -1 -1 -1000 -1000 -1000 -10 0.0000 
Car -1 -1 -10 1119.80 160.78 1172.45 196.24 -1 -1 -1 -1000 -1000 -1000 -10 0.0000 
Car -1 -1 -10 539.03 170.63 563.43 193.68 -1 -1 -1 -1000 -1000 -1000 -10 0.0000 
Car -1 -1 -10 317.41 185.95 403.61 254.54 -1 -1 -1 -1000 -1000 -1000 -10 0.0000 
Car -1 -1 -10 745.48 191.23 790.28 245.14 -1 -1 -1 -1000 -1000 -1000 -10 0.0000 
Car -1 -1 -10 838.86 80.02 906.26 126.60 -1 -1 -1 -1000 -1000 -1000 -10 0.0000 
Car -1 -1 -10 1098.10 190.80 1169.10 216.68 -1 -1 -1 -1000 -1000 -1000 -10 0.0000 
Car -1 -1 -10 972.32 100.99 1029.34 120.86 -1 -1 -1 -1000 -1000 -1000 -10 0.0000 
Car -1 -1 -10 811.29 182.17 879.58 212.39 -1 -1 -1 -1000 -1000 -1000 -10 0.0000 
Car -1 -1 -10 0.00 197.53 137.82 323.10 -1 -1 -1 -1000 -1000 -1000 -10 0.0000 
Car -1 -1 -10 56.56 206.43 154.30 271.44 -1 -1 -1 -1000 -1000 -1000 -10 0.0000 
Car -1 -1 -10 1116.10 180.68 1160.92 209.00 -1 -1 -1 -1000 -1000 -1000 -10 0.0000 
Car -1 -1 -10 1107.70 297.33 1243.04 366.27 -1 -1 -1 -1000 -1000 -1000 -10 0.0000 
Car -1 -1 -10 993.48 191.75 1138.58 267.69 -1 -1 -1 -1000 -1000 -1000 -10 0.0000 
Car -1 -1 -10 343.00 188.59 402.06 234.63 -1 -1 -1 -1000 -1000 -1000 -10 0.0000 
Car -1 -1 -10 1078.60 200.01 1190.88 240.04 -1 -1 -1 -1000 -1000 -1000 -10 0.0000 
