Car -1 -1 -10 1164.80 226.49 1225.05 251.06 -1 -1 -1 -1000 -1000 -1000 -10 0.0119 
Car -1 -1 -10 1142.10 280.02 1225.03 316.03 -1 -1 -1 -1000 -1000 -1000 -10 0.0039 
Car -1 -1 -10 39.09 223.35 126.99 257.20 -1 -1 -1 -1000 -1000 -1000 -10 0.0038 
Car -1 -1 -10 1016.00 160.45 1079.71 194.61 -1 -1 -1 -1000 -1000 -1000 -10 0.0012 
Car -1 -1 -10 1020.40 90.91 1139.52 124.62 -1 -1 -1 -1000 -1000 -1000 -10 0.0011 
Car -1 -1 -10 988.24 134.22 1041.04 164.17 -1 -1 -1 -1000 -1000 -1000 -10 0.0010 
Car -1 -1 -10 993.32 125.89 1061.04 154.66 -1 -1 -1 -1000 -1000 -1000 -10 0.0010 
Car -1 -1 -10 839.34 120.36 925.18 156.42 -1 -1 -1 -1000 -1000 -1000 -10 0.0007 
Car -1 -1 -10 1014.50 136.57 1078.70 166.02 -1 -1 -1 -1000 -1000 -1000 -10 0.0005 
Car -1 -1 -10 939.22 150.60 1034.21 185.99 -1 -1 -1 -1000 -1000 -1000 -10 0.0005 
Car -1 -1 -10 1010.90 150.91 1073.56 183.40 -1 -1 -1 -1000 -1000 -1000 -10 0.0004 
Car -1 -1 -10 958.95 103.01 1041.17 134.72 -1 -1 -1 -1000 -1000 -1000 -10 0.0003 
Car -1 -1 -10 998.20 118.55 1085.63 159.39 -1 -1 -1 -1000 -1000 -1000 -10 0.0002 
Car -1 -1 -10 1184.50 270.89 1225.04 322.89 -1 -1 -1 -1000 -1000 -1000 -10 0.0001 
Car -1 -1 -10 888.87 142.93 970.06 177.46 -1 -1 -1 -1000 -1000 -1000 -10 0.0001 
Car -1 -1 -10 840.82 121.88 947.72 176.54 -1 -1 -1 -1000 -1000 -1000 -10 0.0000 
Car -1 -1 -10 913.52 125.38 989.38 164.86 -1 -1 -1 -1000 -1000 -1000 -10 0.0000 
Car -1 -1 -10 307.15 235.39 356.36 322.19 -1 -1 -1 -1000 -1000 -1000 -10 0.0000 
Car -1 -1 -10 138.13 162.98 216.75 197.61 -1 -1 -1 -1000 -1000 -1000 -10 0.0000 
Car -1 -1 -10 534.73 205.33 604.50 239.69 -1 -1 -1 -1000 -1000 -1000 -10 0.0000 
Car -1 -1 -10 1071.60 72.28 1156.72 124.08 -1 -1 -1 -1000 -1000 -1000 -10 0.0000 
Car -1 -1 -10 933.45 120.27 1004.16 148.98 -1 -1 -1 -1000 -1000 -1000 -10 0.0000 
Car -1 -1 -10 950.16 190.80 1024.00 230.24 -1 -1 -1 -1000 -1000 -1000 -10 0.0000 
Car -1 -1 -10 996.94 97.49 1106.05 141.66 -1 -1 -1 -1000 -1000 -1000 -10 0.0000 
Car -1 -1 -10 881.28 117.15 972.45 161.12 -1 -1 -1 -1000 -1000 -1000 -10 0.0000 
Car -1 -1 -10 912.20 100.65 976.36 130.69 -1 -1 -1 -1000 -1000 -1000 -10 0.0000 
Car -1 -1 -10 46.10 246.44 123.57 268.25 -1 -1 -1 -1000 -1000 -1000 -10 0.0000 
Car -1 -1 -10 117.05 185.66 205.13 214.79 -1 -1 -1 -1000 -1000 -1000 -10 0.0000 
Car -1 -1 -10 859.48 118.43 924.84 140.37 -1 -1 -1 -1000 -1000 -1000 -10 0.0000 
Car -1 -1 -10 892.55 116.81 958.03 143.57 -1 -1 -1 -1000 -1000 -1000 -10 0.0000 
Car -1 -1 -10 509.67 30.18 611.78 70.34 -1 -1 -1 -1000 -1000 -1000 -10 0.0000 
Car -1 -1 -10 0.00 14.23 122.92 104.44 -1 -1 -1 -1000 -1000 -1000 -10 0.0000 
