Car -1 -1 -10 875.21 165.98 931.26 214.36 -1 -1 -1 -1000 -1000 -1000 -10 0.9566 
Car -1 -1 -10 888.00 175.76 1058.75 287.11 -1 -1 -1 -1000 -1000 -1000 -10 0.8349 
Car -1 -1 -10 1025.90 160.46 1101.35 213.44 -1 -1 -1 -1000 -1000 -1000 -10 0.0466 
Car -1 -1 -10 898.11 177.01 1015.87 254.01 -1 -1 -1 -1000 -1000 -1000 -10 0.0369 
Car -1 -1 -10 1005.50 157.96 1152.65 227.31 -1 -1 -1 -1000 -1000 -1000 -10 0.0248 
Car -1 -1 -10 171.07 153.24 218.51 185.60 -1 -1 -1 -1000 -1000 -1000 -10 0.0176 
Car -1 -1 -10 108.77 276.23 157.86 310.08 -1 -1 -1 -1000 -1000 -1000 -10 0.0139 
Car -1 -1 -10 890.94 166.49 963.98 225.20 -1 -1 -1 -1000 -1000 -1000 -10 0.0125 
Car -1 -1 -10 1083.90 161.40 1145.36 191.29 -1 -1 -1 -1000 -1000 -1000 -10 0.0099 
Car -1 -1 -10 117.68 268.53 166.56 302.62 -1 -1 -1 -1000 -1000 -1000 -10 0.0089 
Car -1 -1 -10 911.03 172.28 1235.05 308.78 -1 -1 -1 -1000 -1000 -1000 -10 0.0075 
Car -1 -1 -10 73.98 273.42 117.91 311.76 -1 -1 -1 -1000 -1000 -1000 -10 0.0061 
Car -1 -1 -10 409.67 110.53 454.43 154.03 -1 -1 -1 -1000 -1000 -1000 -10 0.0050 
Car -1 -1 -10 978.75 177.03 1034.74 213.90 -1 -1 -1 -1000 -1000 -1000 -10 0.0048 
Car -1 -1 -10 848.81 81.47 928.87 126.09 -1 -1 -1 -1000 -1000 -1000 -10 0.0042 
Car -1 -1 -10 930.92 168.49 1022.39 211.61 -1 -1 -1 -1000 -1000 -1000 -10 0.0038 
Car -1 -1 -10 449.25 221.26 502.92 257.35 -1 -1 -1 -1000 -1000 -1000 -10 0.0036 
Car -1 -1 -10 93.08 265.98 146.03 303.25 -1 -1 -1 -1000 -1000 -1000 -10 0.0036 
Car -1 -1 -10 85.72 230.34 133.84 265.34 -1 -1 -1 -1000 -1000 -1000 -10 0.0034 
Car -1 -1 -10 1040.70 159.31 1140.83 194.97 -1 -1 -1 -1000 -1000 -1000 -10 0.0032 
Car -1 -1 -10 97.36 259.79 171.81 308.31 -1 -1 -1 -1000 -1000 -1000 -10 0.0023 
Car -1 -1 -10 78.70 281.57 138.18 315.28 -1 -1 -1 -1000 -1000 -1000 -10 0.0023 
Car -1 -1 -10 653.77 170.29 696.51 209.66 -1 -1 -1 -1000 -1000 -1000 -10 0.0021 
Car -1 -1 -10 491.93 81.17 543.46 118.42 -1 -1 -1 -1000 -1000 -1000 -10 0.0013 
Car -1 -1 -10 460.86 210.16 512.73 245.85 -1 -1 -1 -1000 -1000 -1000 -10 0.0011 
Car -1 -1 -10 434.47 147.61 490.71 184.17 -1 -1 -1 -1000 -1000 -1000 -10 0.0010 
Car -1 -1 -10 902.69 167.20 949.35 206.44 -1 -1 -1 -1000 -1000 -1000 -10 0.0010 
Car -1 -1 -10 1037.20 175.17 1243.03 371.21 -1 -1 -1 -1000 -1000 -1000 -10 0.0009 
Car -1 -1 -10 983.70 152.50 1149.60 277.67 -1 -1 -1 -1000 -1000 -1000 -10 0.0008 
Car -1 -1 -10 494.35 203.81 549.94 242.13 -1 -1 -1 -1000 -1000 -1000 -10 0.0006 
Car -1 -1 -10 619.51 188.07 669.99 224.18 -1 -1 -1 -1000 -1000 -1000 -10 0.0006 
Car -1 -1 -10 966.38 179.59 1047.70 234.50 -1 -1 -1 -1000 -1000 -1000 -10 0.0005 
Car -1 -1 -10 447.32 205.90 502.33 235.04 -1 -1 -1 -1000 -1000 -1000 -10 0.0004 
Car -1 -1 -10 483.61 156.59 534.47 192.41 -1 -1 -1 -1000 -1000 -1000 -10 0.0004 
Car -1 -1 -10 1056.90 157.02 1116.55 185.13 -1 -1 -1 -1000 -1000 -1000 -10 0.0003 
Car -1 -1 -10 432.70 194.58 494.19 225.92 -1 -1 -1 -1000 -1000 -1000 -10 0.0002 
Car -1 -1 -10 633.97 184.97 697.23 222.62 -1 -1 -1 -1000 -1000 -1000 -10 0.0002 
Car -1 -1 -10 926.05 168.07 970.90 200.76 -1 -1 -1 -1000 -1000 -1000 -10 0.0002 
Car -1 -1 -10 448.93 145.34 505.89 179.54 -1 -1 -1 -1000 -1000 -1000 -10 0.0002 
Car -1 -1 -10 923.45 167.23 1009.68 194.36 -1 -1 -1 -1000 -1000 -1000 -10 0.0002 
Car -1 -1 -10 959.19 160.56 1097.25 238.92 -1 -1 -1 -1000 -1000 -1000 -10 0.0001 
Car -1 -1 -10 431.82 102.89 476.76 134.20 -1 -1 -1 -1000 -1000 -1000 -10 0.0001 
Car -1 -1 -10 499.79 56.82 549.58 98.97 -1 -1 -1 -1000 -1000 -1000 -10 0.0001 
Car -1 -1 -10 658.81 190.32 710.78 233.12 -1 -1 -1 -1000 -1000 -1000 -10 0.0001 
Car -1 -1 -10 424.45 92.03 474.03 124.29 -1 -1 -1 -1000 -1000 -1000 -10 0.0001 
Car -1 -1 -10 633.52 196.15 704.42 237.47 -1 -1 -1 -1000 -1000 -1000 -10 0.0001 
Car -1 -1 -10 733.18 118.61 800.51 149.42 -1 -1 -1 -1000 -1000 -1000 -10 0.0001 
Car -1 -1 -10 487.19 161.85 545.73 204.96 -1 -1 -1 -1000 -1000 -1000 -10 0.0000 
Car -1 -1 -10 957.01 232.07 1146.79 281.10 -1 -1 -1 -1000 -1000 -1000 -10 0.0000 
Car -1 -1 -10 629.00 166.55 673.41 210.79 -1 -1 -1 -1000 -1000 -1000 -10 0.0000 
Car -1 -1 -10 905.34 167.05 961.35 186.66 -1 -1 -1 -1000 -1000 -1000 -10 0.0000 
Car -1 -1 -10 840.69 166.30 907.57 209.98 -1 -1 -1 -1000 -1000 -1000 -10 0.0000 
Car -1 -1 -10 988.73 172.01 1080.03 229.10 -1 -1 -1 -1000 -1000 -1000 -10 0.0000 
Car -1 -1 -10 1014.80 163.51 1070.06 213.08 -1 -1 -1 -1000 -1000 -1000 -10 0.0000 
Car -1 -1 -10 321.83 289.76 399.71 347.51 -1 -1 -1 -1000 -1000 -1000 -10 0.0000 
Car -1 -1 -10 230.08 105.20 328.94 157.89 -1 -1 -1 -1000 -1000 -1000 -10 0.0000 
