Car -1 -1 -10 389.32 180.97 445.86 212.76 -1 -1 -1 -1000 -1000 -1000 -10 1.0000 
Car -1 -1 -10 586.69 174.76 617.55 200.95 -1 -1 -1 -1000 -1000 -1000 -10 0.9979 
Car -1 -1 -10 0.00 201.01 181.84 312.96 -1 -1 -1 -1000 -1000 -1000 -10 0.9641 
Car -1 -1 -10 460.56 175.49 496.68 198.04 -1 -1 -1 -1000 -1000 -1000 -10 0.8934 
Car -1 -1 -10 550.26 176.34 574.00 197.56 -1 -1 -1 -1000 -1000 -1000 -10 0.2880 
Car -1 -1 -10 241.31 155.61 311.94 184.63 -1 -1 -1 -1000 -1000 -1000 -10 0.0881 
Car -1 -1 -10 99.59 193.36 162.73 217.96 -1 -1 -1 -1000 -1000 -1000 -10 0.0160 
Car -1 -1 -10 1124.80 150.75 1229.44 196.49 -1 -1 -1 -1000 -1000 -1000 -10 0.0073 
Car -1 -1 -10 230.77 114.82 279.18 140.52 -1 -1 -1 -1000 -1000 -1000 -10 0.0048 
Car -1 -1 -10 259.26 114.43 307.74 140.51 -1 -1 -1 -1000 -1000 -1000 -10 0.0032 
Car -1 -1 -10 34.04 50.82 93.62 78.96 -1 -1 -1 -1000 -1000 -1000 -10 0.0016 
Car -1 -1 -10 11.89 42.71 61.62 81.01 -1 -1 -1 -1000 -1000 -1000 -10 0.0012 
Car -1 -1 -10 123.49 99.38 180.92 127.40 -1 -1 -1 -1000 -1000 -1000 -10 0.0006 
Car -1 -1 -10 107.82 199.40 203.38 259.95 -1 -1 -1 -1000 -1000 -1000 -10 0.0006 
Car -1 -1 -10 58.31 72.28 147.46 104.52 -1 -1 -1 -1000 -1000 -1000 -10 0.0006 
Car -1 -1 -10 77.25 82.62 159.87 111.97 -1 -1 -1 -1000 -1000 -1000 -10 0.0006 
Car -1 -1 -10 1097.70 152.68 1174.35 178.36 -1 -1 -1 -1000 -1000 -1000 -10 0.0005 
Car -1 -1 -10 80.96 200.11 191.50 239.49 -1 -1 -1 -1000 -1000 -1000 -10 0.0003 
Car -1 -1 -10 22.84 198.46 69.31 215.52 -1 -1 -1 -1000 -1000 -1000 -10 0.0000 
Car -1 -1 -10 3.90 298.66 64.33 327.74 -1 -1 -1 -1000 -1000 -1000 -10 0.0000 
Car -1 -1 -10 66.69 201.59 185.89 272.99 -1 -1 -1 -1000 -1000 -1000 -10 0.0000 
Car -1 -1 -10 7.29 296.74 77.57 315.86 -1 -1 -1 -1000 -1000 -1000 -10 0.0000 
Car -1 -1 -10 27.42 302.61 79.79 333.11 -1 -1 -1 -1000 -1000 -1000 -10 0.0000 
Car -1 -1 -10 19.06 288.02 81.71 309.51 -1 -1 -1 -1000 -1000 -1000 -10 0.0000 
Car -1 -1 -10 35.56 160.33 73.22 207.41 -1 -1 -1 -1000 -1000 -1000 -10 0.0000 
Car -1 -1 -10 425.16 189.03 478.03 203.61 -1 -1 -1 -1000 -1000 -1000 -10 0.0000 
