Car -1 -1 -10 754.13 157.77 806.91 195.55 -1 -1 -1 -1000 -1000 -1000 -10 0.2589 
Car -1 -1 -10 699.83 164.69 755.60 205.06 -1 -1 -1 -1000 -1000 -1000 -10 0.0730 
Car -1 -1 -10 800.44 247.72 1223.00 365.40 -1 -1 -1 -1000 -1000 -1000 -10 0.0692 
Car -1 -1 -10 1182.80 203.87 1238.98 251.72 -1 -1 -1 -1000 -1000 -1000 -10 0.0339 
Car -1 -1 -10 692.02 26.29 780.49 97.11 -1 -1 -1 -1000 -1000 -1000 -10 0.0126 
Car -1 -1 -10 901.98 237.19 1129.53 326.11 -1 -1 -1 -1000 -1000 -1000 -10 0.0105 
Car -1 -1 -10 709.95 165.35 755.04 188.21 -1 -1 -1 -1000 -1000 -1000 -10 0.0081 
Car -1 -1 -10 971.56 236.65 1082.95 308.63 -1 -1 -1 -1000 -1000 -1000 -10 0.0072 
Car -1 -1 -10 326.75 118.40 382.78 145.73 -1 -1 -1 -1000 -1000 -1000 -10 0.0041 
Car -1 -1 -10 1039.20 290.38 1137.67 321.66 -1 -1 -1 -1000 -1000 -1000 -10 0.0031 
Car -1 -1 -10 898.86 144.24 965.65 199.11 -1 -1 -1 -1000 -1000 -1000 -10 0.0031 
Car -1 -1 -10 990.28 132.32 1039.53 163.43 -1 -1 -1 -1000 -1000 -1000 -10 0.0029 
Car -1 -1 -10 1072.90 83.15 1118.71 119.72 -1 -1 -1 -1000 -1000 -1000 -10 0.0028 
Car -1 -1 -10 884.13 106.46 950.42 143.27 -1 -1 -1 -1000 -1000 -1000 -10 0.0026 
Car -1 -1 -10 780.08 178.49 816.69 204.53 -1 -1 -1 -1000 -1000 -1000 -10 0.0024 
Car -1 -1 -10 569.95 73.64 699.18 133.16 -1 -1 -1 -1000 -1000 -1000 -10 0.0024 
Car -1 -1 -10 60.91 269.24 124.62 307.09 -1 -1 -1 -1000 -1000 -1000 -10 0.0024 
Car -1 -1 -10 1187.20 117.57 1238.99 177.06 -1 -1 -1 -1000 -1000 -1000 -10 0.0021 
Car -1 -1 -10 336.63 177.67 469.32 217.96 -1 -1 -1 -1000 -1000 -1000 -10 0.0020 
Car -1 -1 -10 1074.20 88.70 1126.68 138.59 -1 -1 -1 -1000 -1000 -1000 -10 0.0018 
Car -1 -1 -10 717.60 166.71 775.17 194.04 -1 -1 -1 -1000 -1000 -1000 -10 0.0017 
Car -1 -1 -10 1058.50 52.33 1117.65 86.34 -1 -1 -1 -1000 -1000 -1000 -10 0.0015 
Car -1 -1 -10 1011.20 33.27 1127.54 89.13 -1 -1 -1 -1000 -1000 -1000 -10 0.0015 
Car -1 -1 -10 362.79 171.42 442.42 212.87 -1 -1 -1 -1000 -1000 -1000 -10 0.0013 
Car -1 -1 -10 891.69 249.23 997.75 316.53 -1 -1 -1 -1000 -1000 -1000 -10 0.0013 
Car -1 -1 -10 823.07 250.73 1051.43 337.45 -1 -1 -1 -1000 -1000 -1000 -10 0.0013 
Car -1 -1 -10 1042.90 63.62 1122.80 141.22 -1 -1 -1 -1000 -1000 -1000 -10 0.0012 
Car -1 -1 -10 768.63 167.11 813.34 198.48 -1 -1 -1 -1000 -1000 -1000 -10 0.0012 
Car -1 -1 -10 989.54 284.51 1120.04 312.35 -1 -1 -1 -1000 -1000 -1000 -10 0.0011 
Car -1 -1 -10 698.30 161.14 732.54 191.72 -1 -1 -1 -1000 -1000 -1000 -10 0.0010 
Car -1 -1 -10 347.09 93.78 430.13 160.25 -1 -1 -1 -1000 -1000 -1000 -10 0.0010 
Car -1 -1 -10 972.19 155.50 1068.63 232.63 -1 -1 -1 -1000 -1000 -1000 -10 0.0009 
Car -1 -1 -10 774.68 240.27 885.25 298.34 -1 -1 -1 -1000 -1000 -1000 -10 0.0008 
Car -1 -1 -10 632.05 75.17 748.66 130.03 -1 -1 -1 -1000 -1000 -1000 -10 0.0008 
Car -1 -1 -10 1058.20 30.02 1122.67 61.89 -1 -1 -1 -1000 -1000 -1000 -10 0.0007 
Car -1 -1 -10 425.91 172.00 471.19 227.49 -1 -1 -1 -1000 -1000 -1000 -10 0.0003 
Car -1 -1 -10 63.12 257.34 150.83 309.68 -1 -1 -1 -1000 -1000 -1000 -10 0.0003 
Car -1 -1 -10 1083.80 48.28 1133.10 86.09 -1 -1 -1 -1000 -1000 -1000 -10 0.0002 
Car -1 -1 -10 918.86 256.92 1048.62 318.83 -1 -1 -1 -1000 -1000 -1000 -10 0.0002 
Car -1 -1 -10 909.14 284.00 991.01 329.22 -1 -1 -1 -1000 -1000 -1000 -10 0.0002 
Car -1 -1 -10 867.78 103.31 961.54 161.99 -1 -1 -1 -1000 -1000 -1000 -10 0.0002 
Car -1 -1 -10 918.53 115.79 992.39 165.61 -1 -1 -1 -1000 -1000 -1000 -10 0.0002 
Car -1 -1 -10 1035.90 124.92 1115.59 179.34 -1 -1 -1 -1000 -1000 -1000 -10 0.0002 
Car -1 -1 -10 1037.90 46.53 1126.30 112.89 -1 -1 -1 -1000 -1000 -1000 -10 0.0001 
Car -1 -1 -10 1110.70 181.79 1202.24 233.67 -1 -1 -1 -1000 -1000 -1000 -10 0.0001 
Car -1 -1 -10 769.30 221.21 851.95 251.34 -1 -1 -1 -1000 -1000 -1000 -10 0.0001 
Car -1 -1 -10 963.93 232.05 1031.32 276.54 -1 -1 -1 -1000 -1000 -1000 -10 0.0001 
Car -1 -1 -10 777.15 158.16 829.67 189.21 -1 -1 -1 -1000 -1000 -1000 -10 0.0001 
Car -1 -1 -10 26.22 299.16 116.98 351.13 -1 -1 -1 -1000 -1000 -1000 -10 0.0001 
Car -1 -1 -10 981.90 49.32 1075.63 83.16 -1 -1 -1 -1000 -1000 -1000 -10 0.0001 
Car -1 -1 -10 691.70 68.01 736.77 91.70 -1 -1 -1 -1000 -1000 -1000 -10 0.0001 
Car -1 -1 -10 894.43 119.61 964.18 171.52 -1 -1 -1 -1000 -1000 -1000 -10 0.0001 
Car -1 -1 -10 1015.20 20.61 1095.58 74.37 -1 -1 -1 -1000 -1000 -1000 -10 0.0001 
Car -1 -1 -10 316.37 112.18 391.04 156.00 -1 -1 -1 -1000 -1000 -1000 -10 0.0001 
Car -1 -1 -10 857.11 201.95 948.27 265.81 -1 -1 -1 -1000 -1000 -1000 -10 0.0001 
Car -1 -1 -10 305.79 188.54 388.58 228.25 -1 -1 -1 -1000 -1000 -1000 -10 0.0000 
Car -1 -1 -10 340.67 231.46 417.27 324.80 -1 -1 -1 -1000 -1000 -1000 -10 0.0000 
Car -1 -1 -10 683.39 76.66 813.00 132.58 -1 -1 -1 -1000 -1000 -1000 -10 0.0000 
Car -1 -1 -10 880.20 282.87 999.31 347.95 -1 -1 -1 -1000 -1000 -1000 -10 0.0000 
Car -1 -1 -10 809.49 252.20 916.25 287.45 -1 -1 -1 -1000 -1000 -1000 -10 0.0000 
Car -1 -1 -10 637.24 74.14 737.51 105.72 -1 -1 -1 -1000 -1000 -1000 -10 0.0000 
Car -1 -1 -10 287.25 187.84 431.58 219.73 -1 -1 -1 -1000 -1000 -1000 -10 0.0000 
Car -1 -1 -10 340.88 184.71 408.59 221.31 -1 -1 -1 -1000 -1000 -1000 -10 0.0000 
Car -1 -1 -10 451.52 166.99 543.01 207.98 -1 -1 -1 -1000 -1000 -1000 -10 0.0000 
Car -1 -1 -10 863.21 151.82 927.10 203.25 -1 -1 -1 -1000 -1000 -1000 -10 0.0000 
Car -1 -1 -10 312.32 181.28 420.47 208.89 -1 -1 -1 -1000 -1000 -1000 -10 0.0000 
Car -1 -1 -10 600.36 116.86 661.46 139.87 -1 -1 -1 -1000 -1000 -1000 -10 0.0000 
Car -1 -1 -10 466.10 106.25 550.04 141.61 -1 -1 -1 -1000 -1000 -1000 -10 0.0000 
Car -1 -1 -10 666.46 64.23 735.71 94.57 -1 -1 -1 -1000 -1000 -1000 -10 0.0000 
