Car -1 -1 -10 57.85 198.79 173.99 241.95 -1 -1 -1 -1000 -1000 -1000 -10 0.9992 
Car -1 -1 -10 591.70 172.70 617.65 196.32 -1 -1 -1 -1000 -1000 -1000 -10 0.9897 
Car -1 -1 -10 401.90 172.05 434.00 198.85 -1 -1 -1 -1000 -1000 -1000 -10 0.2218 
Car -1 -1 -10 622.91 160.83 654.92 190.12 -1 -1 -1 -1000 -1000 -1000 -10 0.0332 
Car -1 -1 -10 365.39 285.32 428.47 320.66 -1 -1 -1 -1000 -1000 -1000 -10 0.0066 
Car -1 -1 -10 341.39 300.77 407.41 335.24 -1 -1 -1 -1000 -1000 -1000 -10 0.0061 
Car -1 -1 -10 368.09 167.74 405.62 201.61 -1 -1 -1 -1000 -1000 -1000 -10 0.0048 
Car -1 -1 -10 1174.20 193.02 1225.10 244.79 -1 -1 -1 -1000 -1000 -1000 -10 0.0038 
Car -1 -1 -10 276.48 305.53 340.73 341.89 -1 -1 -1 -1000 -1000 -1000 -10 0.0027 
Car -1 -1 -10 330.57 310.38 405.44 343.84 -1 -1 -1 -1000 -1000 -1000 -10 0.0021 
Car -1 -1 -10 597.55 170.64 617.02 189.26 -1 -1 -1 -1000 -1000 -1000 -10 0.0019 
Car -1 -1 -10 315.43 302.53 386.43 352.18 -1 -1 -1 -1000 -1000 -1000 -10 0.0017 
Car -1 -1 -10 369.50 270.52 435.67 308.46 -1 -1 -1 -1000 -1000 -1000 -10 0.0016 
Car -1 -1 -10 222.44 328.74 307.41 359.10 -1 -1 -1 -1000 -1000 -1000 -10 0.0009 
Car -1 -1 -10 288.32 298.91 369.67 343.91 -1 -1 -1 -1000 -1000 -1000 -10 0.0007 
Car -1 -1 -10 1062.70 72.67 1242.99 134.78 -1 -1 -1 -1000 -1000 -1000 -10 0.0006 
Car -1 -1 -10 383.89 258.20 457.65 302.55 -1 -1 -1 -1000 -1000 -1000 -10 0.0004 
Car -1 -1 -10 890.22 197.67 959.06 222.58 -1 -1 -1 -1000 -1000 -1000 -10 0.0002 
Car -1 -1 -10 1203.80 72.66 1243.04 96.83 -1 -1 -1 -1000 -1000 -1000 -10 0.0002 
Car -1 -1 -10 547.58 158.45 577.51 185.99 -1 -1 -1 -1000 -1000 -1000 -10 0.0001 
Car -1 -1 -10 1185.80 235.93 1242.01 261.49 -1 -1 -1 -1000 -1000 -1000 -10 0.0001 
Car -1 -1 -10 608.22 169.65 624.32 191.42 -1 -1 -1 -1000 -1000 -1000 -10 0.0000 
Car -1 -1 -10 613.62 165.45 634.49 186.62 -1 -1 -1 -1000 -1000 -1000 -10 0.0000 
Car -1 -1 -10 1104.80 110.27 1181.18 143.91 -1 -1 -1 -1000 -1000 -1000 -10 0.0000 
Car -1 -1 -10 1180.80 72.56 1243.00 119.32 -1 -1 -1 -1000 -1000 -1000 -10 0.0000 
Car -1 -1 -10 223.36 313.53 353.72 361.30 -1 -1 -1 -1000 -1000 -1000 -10 0.0000 
Car -1 -1 -10 1089.80 92.40 1185.85 149.49 -1 -1 -1 -1000 -1000 -1000 -10 0.0000 
Car -1 -1 -10 578.20 162.89 594.93 185.10 -1 -1 -1 -1000 -1000 -1000 -10 0.0000 
Car -1 -1 -10 1148.10 62.11 1243.03 92.02 -1 -1 -1 -1000 -1000 -1000 -10 0.0000 
