Car -1 -1 -10 326.45 182.67 443.48 258.49 -1 -1 -1 -1000 -1000 -1000 -10 0.9997 
Car -1 -1 -10 408.61 175.20 477.51 227.22 -1 -1 -1 -1000 -1000 -1000 -10 0.9995 
Car -1 -1 -10 0.00 157.22 347.12 360.16 -1 -1 -1 -1000 -1000 -1000 -10 0.9989 
Car -1 -1 -10 972.15 133.21 1243.00 281.38 -1 -1 -1 -1000 -1000 -1000 -10 0.6549 
Car -1 -1 -10 424.81 111.50 497.07 148.39 -1 -1 -1 -1000 -1000 -1000 -10 0.0284 
Car -1 -1 -10 978.00 143.60 1113.29 275.37 -1 -1 -1 -1000 -1000 -1000 -10 0.0103 
Car -1 -1 -10 1017.70 54.16 1100.02 96.03 -1 -1 -1 -1000 -1000 -1000 -10 0.0038 
Car -1 -1 -10 1088.60 322.72 1168.63 348.77 -1 -1 -1 -1000 -1000 -1000 -10 0.0020 
Car -1 -1 -10 568.46 117.10 639.46 157.09 -1 -1 -1 -1000 -1000 -1000 -10 0.0020 
Car -1 -1 -10 676.65 59.33 825.22 106.68 -1 -1 -1 -1000 -1000 -1000 -10 0.0019 
Car -1 -1 -10 769.69 63.48 857.34 100.91 -1 -1 -1 -1000 -1000 -1000 -10 0.0019 
Car -1 -1 -10 973.26 186.55 1108.21 253.18 -1 -1 -1 -1000 -1000 -1000 -10 0.0017 
Car -1 -1 -10 232.29 167.72 357.14 264.80 -1 -1 -1 -1000 -1000 -1000 -10 0.0017 
Car -1 -1 -10 1195.90 89.88 1243.03 126.55 -1 -1 -1 -1000 -1000 -1000 -10 0.0015 
Car -1 -1 -10 689.62 60.72 758.64 103.76 -1 -1 -1 -1000 -1000 -1000 -10 0.0014 
Car -1 -1 -10 25.09 237.81 251.43 359.48 -1 -1 -1 -1000 -1000 -1000 -10 0.0010 
Car -1 -1 -10 274.85 177.90 410.84 257.16 -1 -1 -1 -1000 -1000 -1000 -10 0.0009 
Car -1 -1 -10 346.04 186.55 430.64 214.60 -1 -1 -1 -1000 -1000 -1000 -10 0.0008 
Car -1 -1 -10 344.67 52.35 420.85 97.78 -1 -1 -1 -1000 -1000 -1000 -10 0.0006 
Car -1 -1 -10 1133.30 59.34 1219.77 90.98 -1 -1 -1 -1000 -1000 -1000 -10 0.0005 
Car -1 -1 -10 481.91 105.49 521.80 122.45 -1 -1 -1 -1000 -1000 -1000 -10 0.0004 
Car -1 -1 -10 148.07 169.92 349.89 238.31 -1 -1 -1 -1000 -1000 -1000 -10 0.0002 
Car -1 -1 -10 929.40 172.09 964.14 197.98 -1 -1 -1 -1000 -1000 -1000 -10 0.0002 
Car -1 -1 -10 356.11 184.03 391.81 207.01 -1 -1 -1 -1000 -1000 -1000 -10 0.0002 
Car -1 -1 -10 490.44 189.81 545.90 204.07 -1 -1 -1 -1000 -1000 -1000 -10 0.0001 
Car -1 -1 -10 269.29 168.20 349.74 219.93 -1 -1 -1 -1000 -1000 -1000 -10 0.0001 
Car -1 -1 -10 1058.60 305.01 1156.68 348.69 -1 -1 -1 -1000 -1000 -1000 -10 0.0001 
Car -1 -1 -10 344.46 187.08 381.40 214.43 -1 -1 -1 -1000 -1000 -1000 -10 0.0001 
Car -1 -1 -10 135.98 142.75 189.99 173.78 -1 -1 -1 -1000 -1000 -1000 -10 0.0001 
Car -1 -1 -10 1026.40 51.04 1101.50 75.57 -1 -1 -1 -1000 -1000 -1000 -10 0.0000 
Car -1 -1 -10 227.19 168.56 296.18 189.01 -1 -1 -1 -1000 -1000 -1000 -10 0.0000 
Car -1 -1 -10 11.55 163.28 87.62 189.23 -1 -1 -1 -1000 -1000 -1000 -10 0.0000 
Car -1 -1 -10 73.03 139.51 172.88 202.57 -1 -1 -1 -1000 -1000 -1000 -10 0.0000 
Car -1 -1 -10 976.25 189.85 1064.07 226.06 -1 -1 -1 -1000 -1000 -1000 -10 0.0000 
Car -1 -1 -10 180.50 170.09 300.67 264.69 -1 -1 -1 -1000 -1000 -1000 -10 0.0000 
Car -1 -1 -10 1098.80 125.00 1223.99 161.69 -1 -1 -1 -1000 -1000 -1000 -10 0.0000 
Car -1 -1 -10 204.94 169.86 307.76 203.45 -1 -1 -1 -1000 -1000 -1000 -10 0.0000 
Car -1 -1 -10 409.70 175.40 447.15 204.74 -1 -1 -1 -1000 -1000 -1000 -10 0.0000 
Car -1 -1 -10 869.43 25.65 1003.16 50.08 -1 -1 -1 -1000 -1000 -1000 -10 0.0000 
Car -1 -1 -10 13.36 198.43 129.09 272.75 -1 -1 -1 -1000 -1000 -1000 -10 0.0000 
Car -1 -1 -10 654.26 45.10 718.83 108.10 -1 -1 -1 -1000 -1000 -1000 -10 0.0000 
Car -1 -1 -10 132.02 157.22 211.06 185.57 -1 -1 -1 -1000 -1000 -1000 -10 0.0000 
Car -1 -1 -10 533.07 48.98 610.85 83.91 -1 -1 -1 -1000 -1000 -1000 -10 0.0000 
Car -1 -1 -10 454.63 185.43 482.30 211.82 -1 -1 -1 -1000 -1000 -1000 -10 0.0000 
Car -1 -1 -10 238.62 196.01 310.20 242.67 -1 -1 -1 -1000 -1000 -1000 -10 0.0000 
Car -1 -1 -10 969.04 38.16 1053.00 86.80 -1 -1 -1 -1000 -1000 -1000 -10 0.0000 
Car -1 -1 -10 1019.50 146.63 1117.69 211.51 -1 -1 -1 -1000 -1000 -1000 -10 0.0000 
Car -1 -1 -10 1006.90 172.29 1074.60 201.78 -1 -1 -1 -1000 -1000 -1000 -10 0.0000 
Car -1 -1 -10 1193.80 62.86 1243.02 106.72 -1 -1 -1 -1000 -1000 -1000 -10 0.0000 
Car -1 -1 -10 781.78 31.08 888.59 70.48 -1 -1 -1 -1000 -1000 -1000 -10 0.0000 
Car -1 -1 -10 989.74 187.59 1046.23 206.94 -1 -1 -1 -1000 -1000 -1000 -10 0.0000 
Car -1 -1 -10 305.33 160.08 374.00 221.93 -1 -1 -1 -1000 -1000 -1000 -10 0.0000 
Car -1 -1 -10 14.37 173.48 64.50 194.54 -1 -1 -1 -1000 -1000 -1000 -10 0.0000 
Car -1 -1 -10 459.36 194.78 504.22 211.99 -1 -1 -1 -1000 -1000 -1000 -10 0.0000 
