Car -1 -1 -10 356.78 184.61 400.74 210.18 -1 -1 -1 -1000 -1000 -1000 -10 0.9873 
Car -1 -1 -10 598.73 163.89 628.93 192.53 -1 -1 -1 -1000 -1000 -1000 -10 0.0231 
Car -1 -1 -10 455.09 47.56 505.02 76.23 -1 -1 -1 -1000 -1000 -1000 -10 0.0157 
Car -1 -1 -10 0.35 126.01 85.65 186.45 -1 -1 -1 -1000 -1000 -1000 -10 0.0055 
Car -1 -1 -10 451.12 62.42 503.77 90.54 -1 -1 -1 -1000 -1000 -1000 -10 0.0039 
Car -1 -1 -10 51.39 93.07 99.89 141.85 -1 -1 -1 -1000 -1000 -1000 -10 0.0016 
Car -1 -1 -10 774.57 181.37 830.99 209.06 -1 -1 -1 -1000 -1000 -1000 -10 0.0016 
Car -1 -1 -10 1139.10 215.88 1203.43 249.31 -1 -1 -1 -1000 -1000 -1000 -10 0.0011 
Car -1 -1 -10 361.94 48.49 416.21 82.35 -1 -1 -1 -1000 -1000 -1000 -10 0.0003 
Car -1 -1 -10 1080.40 205.70 1155.27 241.88 -1 -1 -1 -1000 -1000 -1000 -10 0.0003 
Car -1 -1 -10 66.17 89.65 107.42 112.05 -1 -1 -1 -1000 -1000 -1000 -10 0.0002 
Car -1 -1 -10 871.04 159.20 947.33 182.25 -1 -1 -1 -1000 -1000 -1000 -10 0.0001 
Car -1 -1 -10 863.81 100.03 914.14 124.44 -1 -1 -1 -1000 -1000 -1000 -10 0.0001 
Car -1 -1 -10 1062.80 215.22 1126.35 241.47 -1 -1 -1 -1000 -1000 -1000 -10 0.0001 
