Car -1 -1 -10 184.97 193.21 369.56 294.62 -1 -1 -1 -1000 -1000 -1000 -10 0.9998 
Car -1 -1 -10 377.50 186.83 473.04 239.13 -1 -1 -1 -1000 -1000 -1000 -10 0.9998 
Car -1 -1 -10 709.77 182.25 815.85 253.45 -1 -1 -1 -1000 -1000 -1000 -10 0.9997 
Car -1 -1 -10 479.09 178.40 521.36 210.24 -1 -1 -1 -1000 -1000 -1000 -10 0.9979 
Car -1 -1 -10 804.83 182.56 1205.31 372.28 -1 -1 -1 -1000 -1000 -1000 -10 0.9969 
Car -1 -1 -10 658.65 178.25 714.97 215.62 -1 -1 -1 -1000 -1000 -1000 -10 0.9554 
Car -1 -1 -10 679.84 180.64 750.19 230.63 -1 -1 -1 -1000 -1000 -1000 -10 0.7407 
Car -1 -1 -10 521.28 174.69 563.34 195.39 -1 -1 -1 -1000 -1000 -1000 -10 0.1511 
Car -1 -1 -10 0.00 202.14 238.66 371.08 -1 -1 -1 -1000 -1000 -1000 -10 0.0808 
Car -1 -1 -10 1188.90 187.94 1242.97 228.70 -1 -1 -1 -1000 -1000 -1000 -10 0.0521 
Car -1 -1 -10 1172.70 78.74 1243.00 130.47 -1 -1 -1 -1000 -1000 -1000 -10 0.0439 
Car -1 -1 -10 136.15 186.14 267.48 275.84 -1 -1 -1 -1000 -1000 -1000 -10 0.0101 
Car -1 -1 -10 162.41 189.37 233.32 218.55 -1 -1 -1 -1000 -1000 -1000 -10 0.0077 
Car -1 -1 -10 1069.00 68.12 1243.03 208.03 -1 -1 -1 -1000 -1000 -1000 -10 0.0070 
Car -1 -1 -10 1115.20 126.09 1218.16 196.62 -1 -1 -1 -1000 -1000 -1000 -10 0.0062 
Car -1 -1 -10 1171.30 186.70 1243.05 256.84 -1 -1 -1 -1000 -1000 -1000 -10 0.0045 
Car -1 -1 -10 171.07 187.14 223.14 208.05 -1 -1 -1 -1000 -1000 -1000 -10 0.0034 
Car -1 -1 -10 171.89 182.62 284.77 255.04 -1 -1 -1 -1000 -1000 -1000 -10 0.0032 
Car -1 -1 -10 182.22 185.37 280.61 218.52 -1 -1 -1 -1000 -1000 -1000 -10 0.0032 
Car -1 -1 -10 755.06 184.36 812.88 237.07 -1 -1 -1 -1000 -1000 -1000 -10 0.0025 
Car -1 -1 -10 1136.10 174.80 1243.00 223.46 -1 -1 -1 -1000 -1000 -1000 -10 0.0020 
Car -1 -1 -10 5.45 175.18 72.19 201.50 -1 -1 -1 -1000 -1000 -1000 -10 0.0018 
Car -1 -1 -10 137.84 186.61 238.15 238.51 -1 -1 -1 -1000 -1000 -1000 -10 0.0018 
Car -1 -1 -10 217.49 197.01 328.50 258.06 -1 -1 -1 -1000 -1000 -1000 -10 0.0017 
Car -1 -1 -10 788.57 150.08 833.71 193.94 -1 -1 -1 -1000 -1000 -1000 -10 0.0013 
Car -1 -1 -10 92.16 128.78 184.93 198.63 -1 -1 -1 -1000 -1000 -1000 -10 0.0007 
Car -1 -1 -10 50.11 112.53 120.95 153.69 -1 -1 -1 -1000 -1000 -1000 -10 0.0006 
Car -1 -1 -10 542.89 170.01 567.63 190.07 -1 -1 -1 -1000 -1000 -1000 -10 0.0003 
Car -1 -1 -10 384.77 188.81 454.38 223.90 -1 -1 -1 -1000 -1000 -1000 -10 0.0003 
Car -1 -1 -10 976.59 81.44 1242.62 298.85 -1 -1 -1 -1000 -1000 -1000 -10 0.0003 
Car -1 -1 -10 264.81 175.80 331.19 203.04 -1 -1 -1 -1000 -1000 -1000 -10 0.0003 
Car -1 -1 -10 811.48 229.51 858.52 269.17 -1 -1 -1 -1000 -1000 -1000 -10 0.0002 
Car -1 -1 -10 811.04 30.59 947.97 106.87 -1 -1 -1 -1000 -1000 -1000 -10 0.0002 
Car -1 -1 -10 11.55 207.10 117.28 242.26 -1 -1 -1 -1000 -1000 -1000 -10 0.0002 
Car -1 -1 -10 580.78 168.98 612.90 188.37 -1 -1 -1 -1000 -1000 -1000 -10 0.0002 
Car -1 -1 -10 71.69 149.91 129.64 190.43 -1 -1 -1 -1000 -1000 -1000 -10 0.0001 
Car -1 -1 -10 255.13 174.70 347.34 227.77 -1 -1 -1 -1000 -1000 -1000 -10 0.0001 
Car -1 -1 -10 808.42 224.13 1012.94 343.80 -1 -1 -1 -1000 -1000 -1000 -10 0.0001 
Car -1 -1 -10 772.11 204.81 826.50 242.70 -1 -1 -1 -1000 -1000 -1000 -10 0.0001 
Car -1 -1 -10 252.88 198.20 371.26 245.34 -1 -1 -1 -1000 -1000 -1000 -10 0.0001 
Car -1 -1 -10 55.17 65.95 109.86 95.36 -1 -1 -1 -1000 -1000 -1000 -10 0.0001 
Car -1 -1 -10 925.22 179.56 1017.77 211.01 -1 -1 -1 -1000 -1000 -1000 -10 0.0000 
Car -1 -1 -10 582.94 171.74 641.06 188.15 -1 -1 -1 -1000 -1000 -1000 -10 0.0000 
Car -1 -1 -10 304.48 195.48 371.31 234.40 -1 -1 -1 -1000 -1000 -1000 -10 0.0000 
Car -1 -1 -10 581.17 178.52 652.81 199.12 -1 -1 -1 -1000 -1000 -1000 -10 0.0000 
Car -1 -1 -10 367.26 173.89 398.87 208.93 -1 -1 -1 -1000 -1000 -1000 -10 0.0000 
Car -1 -1 -10 779.35 215.30 844.14 245.00 -1 -1 -1 -1000 -1000 -1000 -10 0.0000 
Car -1 -1 -10 0.26 211.18 114.93 265.63 -1 -1 -1 -1000 -1000 -1000 -10 0.0000 
Car -1 -1 -10 371.63 166.99 412.06 199.73 -1 -1 -1 -1000 -1000 -1000 -10 0.0000 
Car -1 -1 -10 799.60 222.09 853.69 252.00 -1 -1 -1 -1000 -1000 -1000 -10 0.0000 
Car -1 -1 -10 1149.40 20.46 1243.03 81.06 -1 -1 -1 -1000 -1000 -1000 -10 0.0000 
Car -1 -1 -10 726.76 207.90 836.97 249.69 -1 -1 -1 -1000 -1000 -1000 -10 0.0000 
Car -1 -1 -10 0.00 188.31 193.21 252.52 -1 -1 -1 -1000 -1000 -1000 -10 0.0000 
Car -1 -1 -10 467.08 190.19 498.41 211.22 -1 -1 -1 -1000 -1000 -1000 -10 0.0000 
Car -1 -1 -10 442.80 193.76 475.52 228.02 -1 -1 -1 -1000 -1000 -1000 -10 0.0000 
Car -1 -1 -10 561.31 183.23 632.31 202.76 -1 -1 -1 -1000 -1000 -1000 -10 0.0000 
Car -1 -1 -10 840.40 207.51 1034.96 301.09 -1 -1 -1 -1000 -1000 -1000 -10 0.0000 
