Car -1 -1 -10 569.21 175.35 626.78 229.66 -1 -1 -1 -1000 -1000 -1000 -10 0.9998 
Car -1 -1 -10 646.52 175.36 672.57 197.97 -1 -1 -1 -1000 -1000 -1000 -10 0.9963 
Car -1 -1 -10 851.21 162.51 895.09 190.30 -1 -1 -1 -1000 -1000 -1000 -10 0.6203 
Car -1 -1 -10 963.38 150.73 1039.31 193.31 -1 -1 -1 -1000 -1000 -1000 -10 0.0132 
Car -1 -1 -10 891.10 155.20 974.57 192.70 -1 -1 -1 -1000 -1000 -1000 -10 0.0128 
Car -1 -1 -10 859.24 157.61 912.97 191.92 -1 -1 -1 -1000 -1000 -1000 -10 0.0100 
Car -1 -1 -10 829.56 170.84 864.53 189.62 -1 -1 -1 -1000 -1000 -1000 -10 0.0073 
Car -1 -1 -10 834.95 247.18 915.31 279.22 -1 -1 -1 -1000 -1000 -1000 -10 0.0002 
Car -1 -1 -10 928.57 271.45 995.17 305.20 -1 -1 -1 -1000 -1000 -1000 -10 0.0001 
Car -1 -1 -10 589.61 172.90 626.88 198.44 -1 -1 -1 -1000 -1000 -1000 -10 0.0001 
Car -1 -1 -10 797.53 162.45 815.71 183.47 -1 -1 -1 -1000 -1000 -1000 -10 0.0001 
Car -1 -1 -10 832.46 243.98 897.36 264.85 -1 -1 -1 -1000 -1000 -1000 -10 0.0001 
Car -1 -1 -10 943.79 139.35 984.36 163.05 -1 -1 -1 -1000 -1000 -1000 -10 0.0000 
Car -1 -1 -10 915.00 262.74 982.79 298.13 -1 -1 -1 -1000 -1000 -1000 -10 0.0000 
Car -1 -1 -10 589.75 173.82 624.62 220.55 -1 -1 -1 -1000 -1000 -1000 -10 0.0000 
Car -1 -1 -10 984.38 150.39 1034.58 176.23 -1 -1 -1 -1000 -1000 -1000 -10 0.0000 
Car -1 -1 -10 842.13 241.02 944.05 286.46 -1 -1 -1 -1000 -1000 -1000 -10 0.0000 
Car -1 -1 -10 2.33 120.20 95.08 149.74 -1 -1 -1 -1000 -1000 -1000 -10 0.0000 
Car -1 -1 -10 1005.30 150.05 1073.86 173.93 -1 -1 -1 -1000 -1000 -1000 -10 0.0000 
Car -1 -1 -10 0.00 118.87 123.50 164.63 -1 -1 -1 -1000 -1000 -1000 -10 0.0000 
