Car -1 -1 -10 591.45 173.08 650.40 222.83 -1 -1 -1 -1000 -1000 -1000 -10 0.9999 
Car -1 -1 -10 461.36 185.54 558.13 244.42 -1 -1 -1 -1000 -1000 -1000 -10 0.9995 
Car -1 -1 -10 329.84 175.18 449.50 235.51 -1 -1 -1 -1000 -1000 -1000 -10 0.9995 
Car -1 -1 -10 14.48 186.89 295.87 336.55 -1 -1 -1 -1000 -1000 -1000 -10 0.9965 
Car -1 -1 -10 644.27 171.41 674.63 197.59 -1 -1 -1 -1000 -1000 -1000 -10 0.9824 
Car -1 -1 -10 713.50 176.27 868.36 280.54 -1 -1 -1 -1000 -1000 -1000 -10 0.9796 
Car -1 -1 -10 156.86 184.19 393.37 294.33 -1 -1 -1 -1000 -1000 -1000 -10 0.9724 
Car -1 -1 -10 559.62 171.24 589.84 194.44 -1 -1 -1 -1000 -1000 -1000 -10 0.9139 
Car -1 -1 -10 684.09 170.57 756.46 238.43 -1 -1 -1 -1000 -1000 -1000 -10 0.2318 
Car -1 -1 -10 241.55 178.26 316.81 197.34 -1 -1 -1 -1000 -1000 -1000 -10 0.0843 
Car -1 -1 -10 432.41 173.84 515.15 216.45 -1 -1 -1 -1000 -1000 -1000 -10 0.0669 
Car -1 -1 -10 0.00 143.77 184.35 285.00 -1 -1 -1 -1000 -1000 -1000 -10 0.0197 
Car -1 -1 -10 318.91 80.73 383.95 110.62 -1 -1 -1 -1000 -1000 -1000 -10 0.0128 
Car -1 -1 -10 761.69 67.91 845.27 105.65 -1 -1 -1 -1000 -1000 -1000 -10 0.0110 
Car -1 -1 -10 1129.00 87.92 1231.78 139.44 -1 -1 -1 -1000 -1000 -1000 -10 0.0084 
Car -1 -1 -10 1200.80 243.12 1243.02 290.32 -1 -1 -1 -1000 -1000 -1000 -10 0.0065 
Car -1 -1 -10 735.43 86.96 771.35 112.03 -1 -1 -1 -1000 -1000 -1000 -10 0.0059 
Car -1 -1 -10 355.89 92.14 422.70 118.32 -1 -1 -1 -1000 -1000 -1000 -10 0.0054 
Car -1 -1 -10 235.31 178.48 320.99 211.87 -1 -1 -1 -1000 -1000 -1000 -10 0.0034 
Car -1 -1 -10 385.65 172.88 444.88 223.72 -1 -1 -1 -1000 -1000 -1000 -10 0.0030 
Car -1 -1 -10 1186.70 13.76 1243.00 66.30 -1 -1 -1 -1000 -1000 -1000 -10 0.0015 
Car -1 -1 -10 1003.70 33.89 1134.93 99.74 -1 -1 -1 -1000 -1000 -1000 -10 0.0012 
Car -1 -1 -10 675.09 170.08 716.10 210.73 -1 -1 -1 -1000 -1000 -1000 -10 0.0009 
Car -1 -1 -10 778.40 91.73 1231.90 356.98 -1 -1 -1 -1000 -1000 -1000 -10 0.0007 
Car -1 -1 -10 376.58 93.18 427.54 127.12 -1 -1 -1 -1000 -1000 -1000 -10 0.0006 
Car -1 -1 -10 307.33 106.92 380.49 148.03 -1 -1 -1 -1000 -1000 -1000 -10 0.0005 
Car -1 -1 -10 219.20 182.62 338.01 238.16 -1 -1 -1 -1000 -1000 -1000 -10 0.0002 
Car -1 -1 -10 799.20 205.13 859.47 254.88 -1 -1 -1 -1000 -1000 -1000 -10 0.0002 
Car -1 -1 -10 486.86 179.04 564.47 219.92 -1 -1 -1 -1000 -1000 -1000 -10 0.0002 
Car -1 -1 -10 391.88 172.71 438.39 200.60 -1 -1 -1 -1000 -1000 -1000 -10 0.0002 
Car -1 -1 -10 622.31 174.48 670.14 203.35 -1 -1 -1 -1000 -1000 -1000 -10 0.0001 
Car -1 -1 -10 336.37 175.68 410.65 211.54 -1 -1 -1 -1000 -1000 -1000 -10 0.0001 
Car -1 -1 -10 659.19 174.08 691.51 202.13 -1 -1 -1 -1000 -1000 -1000 -10 0.0001 
Car -1 -1 -10 144.94 221.68 230.16 281.94 -1 -1 -1 -1000 -1000 -1000 -10 0.0001 
Car -1 -1 -10 74.74 146.46 248.93 238.19 -1 -1 -1 -1000 -1000 -1000 -10 0.0001 
Car -1 -1 -10 535.18 169.31 582.37 193.88 -1 -1 -1 -1000 -1000 -1000 -10 0.0000 
Car -1 -1 -10 539.21 173.91 572.22 207.16 -1 -1 -1 -1000 -1000 -1000 -10 0.0000 
Car -1 -1 -10 458.57 171.01 519.72 239.06 -1 -1 -1 -1000 -1000 -1000 -10 0.0000 
Car -1 -1 -10 230.56 183.41 292.58 216.99 -1 -1 -1 -1000 -1000 -1000 -10 0.0000 
Car -1 -1 -10 686.79 177.16 815.25 213.71 -1 -1 -1 -1000 -1000 -1000 -10 0.0000 
Car -1 -1 -10 174.57 187.44 270.25 224.20 -1 -1 -1 -1000 -1000 -1000 -10 0.0000 
Car -1 -1 -10 198.82 184.60 261.33 209.96 -1 -1 -1 -1000 -1000 -1000 -10 0.0000 
Car -1 -1 -10 10.35 24.89 105.40 80.72 -1 -1 -1 -1000 -1000 -1000 -10 0.0000 
Car -1 -1 -10 299.64 82.33 384.12 142.39 -1 -1 -1 -1000 -1000 -1000 -10 0.0000 
Car -1 -1 -10 224.04 189.29 303.08 228.75 -1 -1 -1 -1000 -1000 -1000 -10 0.0000 
Car -1 -1 -10 581.07 172.94 608.50 212.25 -1 -1 -1 -1000 -1000 -1000 -10 0.0000 
Car -1 -1 -10 139.16 148.75 231.19 212.95 -1 -1 -1 -1000 -1000 -1000 -10 0.0000 
Car -1 -1 -10 561.52 172.79 602.87 204.82 -1 -1 -1 -1000 -1000 -1000 -10 0.0000 
