Car -1 -1 -10 186.12 200.32 423.80 356.45 -1 -1 -1 -1000 -1000 -1000 -10 0.9997 
Car -1 -1 -10 572.58 181.59 601.29 205.27 -1 -1 -1 -1000 -1000 -1000 -10 0.9291 
Car -1 -1 -10 196.39 83.93 276.90 133.44 -1 -1 -1 -1000 -1000 -1000 -10 0.0308 
Car -1 -1 -10 1027.30 43.27 1096.50 91.49 -1 -1 -1 -1000 -1000 -1000 -10 0.0166 
Car -1 -1 -10 557.49 91.93 607.64 126.50 -1 -1 -1 -1000 -1000 -1000 -10 0.0121 
Car -1 -1 -10 957.35 263.98 1072.95 319.78 -1 -1 -1 -1000 -1000 -1000 -10 0.0098 
Car -1 -1 -10 547.47 80.89 602.63 112.26 -1 -1 -1 -1000 -1000 -1000 -10 0.0097 
Car -1 -1 -10 193.83 79.83 340.74 155.12 -1 -1 -1 -1000 -1000 -1000 -10 0.0058 
Car -1 -1 -10 512.37 113.37 568.97 141.77 -1 -1 -1 -1000 -1000 -1000 -10 0.0041 
Car -1 -1 -10 1188.40 37.44 1241.88 81.84 -1 -1 -1 -1000 -1000 -1000 -10 0.0035 
Car -1 -1 -10 1029.40 70.56 1069.57 108.50 -1 -1 -1 -1000 -1000 -1000 -10 0.0027 
Car -1 -1 -10 249.24 88.70 403.64 154.87 -1 -1 -1 -1000 -1000 -1000 -10 0.0025 
Car -1 -1 -10 542.55 95.35 591.72 128.18 -1 -1 -1 -1000 -1000 -1000 -10 0.0024 
Car -1 -1 -10 384.05 126.02 429.46 155.44 -1 -1 -1 -1000 -1000 -1000 -10 0.0024 
Car -1 -1 -10 716.14 30.56 766.43 60.83 -1 -1 -1 -1000 -1000 -1000 -10 0.0022 
Car -1 -1 -10 565.18 85.27 624.48 116.97 -1 -1 -1 -1000 -1000 -1000 -10 0.0021 
Car -1 -1 -10 529.98 105.70 580.84 137.74 -1 -1 -1 -1000 -1000 -1000 -10 0.0018 
Car -1 -1 -10 931.76 96.75 979.14 134.72 -1 -1 -1 -1000 -1000 -1000 -10 0.0015 
Car -1 -1 -10 10.46 84.99 62.77 116.75 -1 -1 -1 -1000 -1000 -1000 -10 0.0014 
Car -1 -1 -10 531.51 74.21 584.77 102.55 -1 -1 -1 -1000 -1000 -1000 -10 0.0013 
Car -1 -1 -10 847.01 172.49 898.30 203.67 -1 -1 -1 -1000 -1000 -1000 -10 0.0013 
Car -1 -1 -10 900.84 101.93 959.80 134.45 -1 -1 -1 -1000 -1000 -1000 -10 0.0013 
Car -1 -1 -10 729.57 26.88 776.71 56.83 -1 -1 -1 -1000 -1000 -1000 -10 0.0012 
Car -1 -1 -10 465.26 184.07 498.41 218.74 -1 -1 -1 -1000 -1000 -1000 -10 0.0011 
Car -1 -1 -10 673.09 50.67 730.55 83.59 -1 -1 -1 -1000 -1000 -1000 -10 0.0010 
Car -1 -1 -10 696.97 31.82 767.94 72.34 -1 -1 -1 -1000 -1000 -1000 -10 0.0009 
Car -1 -1 -10 935.16 135.28 996.13 162.88 -1 -1 -1 -1000 -1000 -1000 -10 0.0008 
Car -1 -1 -10 1042.40 54.52 1098.09 104.84 -1 -1 -1 -1000 -1000 -1000 -10 0.0006 
Car -1 -1 -10 541.34 67.34 616.45 104.15 -1 -1 -1 -1000 -1000 -1000 -10 0.0006 
Car -1 -1 -10 986.86 97.76 1040.75 126.10 -1 -1 -1 -1000 -1000 -1000 -10 0.0004 
Car -1 -1 -10 1010.50 41.90 1135.16 110.96 -1 -1 -1 -1000 -1000 -1000 -10 0.0004 
Car -1 -1 -10 952.81 224.18 1002.81 266.04 -1 -1 -1 -1000 -1000 -1000 -10 0.0004 
Car -1 -1 -10 1173.70 77.64 1220.64 117.73 -1 -1 -1 -1000 -1000 -1000 -10 0.0003 
Car -1 -1 -10 198.12 253.41 346.90 349.93 -1 -1 -1 -1000 -1000 -1000 -10 0.0002 
Car -1 -1 -10 185.06 105.51 283.02 134.43 -1 -1 -1 -1000 -1000 -1000 -10 0.0002 
Car -1 -1 -10 569.10 69.79 634.21 105.27 -1 -1 -1 -1000 -1000 -1000 -10 0.0002 
Car -1 -1 -10 365.71 199.07 422.57 255.80 -1 -1 -1 -1000 -1000 -1000 -10 0.0001 
Car -1 -1 -10 1030.70 175.48 1079.36 207.62 -1 -1 -1 -1000 -1000 -1000 -10 0.0001 
Car -1 -1 -10 224.66 59.75 299.91 90.09 -1 -1 -1 -1000 -1000 -1000 -10 0.0001 
Car -1 -1 -10 388.74 209.31 430.90 247.96 -1 -1 -1 -1000 -1000 -1000 -10 0.0001 
Car -1 -1 -10 67.83 292.85 132.63 347.82 -1 -1 -1 -1000 -1000 -1000 -10 0.0001 
Car -1 -1 -10 322.08 189.86 379.62 209.75 -1 -1 -1 -1000 -1000 -1000 -10 0.0001 
Car -1 -1 -10 573.57 200.11 628.18 226.51 -1 -1 -1 -1000 -1000 -1000 -10 0.0001 
Car -1 -1 -10 942.32 229.51 1025.62 309.68 -1 -1 -1 -1000 -1000 -1000 -10 0.0001 
Car -1 -1 -10 722.29 28.42 805.66 68.86 -1 -1 -1 -1000 -1000 -1000 -10 0.0000 
Car -1 -1 -10 601.65 47.10 695.86 85.34 -1 -1 -1 -1000 -1000 -1000 -10 0.0000 
Car -1 -1 -10 201.68 268.55 303.29 333.84 -1 -1 -1 -1000 -1000 -1000 -10 0.0000 
Car -1 -1 -10 553.08 85.03 644.45 130.38 -1 -1 -1 -1000 -1000 -1000 -10 0.0000 
Car -1 -1 -10 300.88 203.40 419.51 291.58 -1 -1 -1 -1000 -1000 -1000 -10 0.0000 
Car -1 -1 -10 160.21 148.30 354.36 340.36 -1 -1 -1 -1000 -1000 -1000 -10 0.0000 
