Car -1 -1 -10 572.39 169.56 616.60 214.01 -1 -1 -1 -1000 -1000 -1000 -10 1.0000 
Car -1 -1 -10 150.97 175.22 224.03 206.33 -1 -1 -1 -1000 -1000 -1000 -10 0.9996 
Car -1 -1 -10 286.87 159.08 329.32 186.76 -1 -1 -1 -1000 -1000 -1000 -10 0.9965 
Car -1 -1 -10 1041.40 168.58 1097.03 195.57 -1 -1 -1 -1000 -1000 -1000 -10 0.0266 
Car -1 -1 -10 1085.80 167.28 1153.28 206.49 -1 -1 -1 -1000 -1000 -1000 -10 0.0245 
Car -1 -1 -10 1093.30 288.94 1147.22 319.98 -1 -1 -1 -1000 -1000 -1000 -10 0.0129 
Car -1 -1 -10 1110.60 285.15 1154.95 315.05 -1 -1 -1 -1000 -1000 -1000 -10 0.0125 
Car -1 -1 -10 934.77 257.05 993.38 288.77 -1 -1 -1 -1000 -1000 -1000 -10 0.0090 
Car -1 -1 -10 0.00 52.91 50.73 95.86 -1 -1 -1 -1000 -1000 -1000 -10 0.0088 
Car -1 -1 -10 1085.60 301.39 1132.42 330.69 -1 -1 -1 -1000 -1000 -1000 -10 0.0086 
Car -1 -1 -10 1079.30 278.29 1129.32 309.06 -1 -1 -1 -1000 -1000 -1000 -10 0.0078 
Car -1 -1 -10 1020.30 316.76 1086.65 350.50 -1 -1 -1 -1000 -1000 -1000 -10 0.0074 
Car -1 -1 -10 0.00 178.23 66.06 214.35 -1 -1 -1 -1000 -1000 -1000 -10 0.0072 
Car -1 -1 -10 1028.90 170.88 1111.11 212.85 -1 -1 -1 -1000 -1000 -1000 -10 0.0068 
Car -1 -1 -10 180.69 89.21 231.51 114.81 -1 -1 -1 -1000 -1000 -1000 -10 0.0064 
Car -1 -1 -10 759.79 242.21 812.76 269.83 -1 -1 -1 -1000 -1000 -1000 -10 0.0048 
Car -1 -1 -10 918.52 266.24 982.93 295.08 -1 -1 -1 -1000 -1000 -1000 -10 0.0043 
Car -1 -1 -10 42.78 98.50 92.06 122.62 -1 -1 -1 -1000 -1000 -1000 -10 0.0042 
Car -1 -1 -10 987.17 171.05 1077.38 212.53 -1 -1 -1 -1000 -1000 -1000 -10 0.0039 
Car -1 -1 -10 970.72 259.49 1020.76 289.44 -1 -1 -1 -1000 -1000 -1000 -10 0.0039 
Car -1 -1 -10 1186.80 306.34 1233.89 331.66 -1 -1 -1 -1000 -1000 -1000 -10 0.0037 
Car -1 -1 -10 801.19 292.32 871.04 324.55 -1 -1 -1 -1000 -1000 -1000 -10 0.0036 
Car -1 -1 -10 160.74 82.99 209.15 111.39 -1 -1 -1 -1000 -1000 -1000 -10 0.0035 
Car -1 -1 -10 831.55 310.84 891.20 351.82 -1 -1 -1 -1000 -1000 -1000 -10 0.0034 
Car -1 -1 -10 919.87 249.71 979.75 281.11 -1 -1 -1 -1000 -1000 -1000 -10 0.0033 
Car -1 -1 -10 902.50 265.51 957.87 291.20 -1 -1 -1 -1000 -1000 -1000 -10 0.0031 
Car -1 -1 -10 1180.70 325.23 1230.96 354.37 -1 -1 -1 -1000 -1000 -1000 -10 0.0031 
Car -1 -1 -10 1060.90 284.76 1134.49 324.31 -1 -1 -1 -1000 -1000 -1000 -10 0.0030 
Car -1 -1 -10 989.44 321.44 1093.36 356.18 -1 -1 -1 -1000 -1000 -1000 -10 0.0030 
Car -1 -1 -10 84.61 90.55 143.99 118.15 -1 -1 -1 -1000 -1000 -1000 -10 0.0029 
Car -1 -1 -10 1039.50 277.98 1106.97 315.35 -1 -1 -1 -1000 -1000 -1000 -10 0.0029 
Car -1 -1 -10 914.26 273.17 966.62 301.64 -1 -1 -1 -1000 -1000 -1000 -10 0.0028 
Car -1 -1 -10 1063.00 328.97 1112.44 356.15 -1 -1 -1 -1000 -1000 -1000 -10 0.0028 
Car -1 -1 -10 770.03 252.96 826.32 281.46 -1 -1 -1 -1000 -1000 -1000 -10 0.0028 
Car -1 -1 -10 853.69 300.68 929.01 334.67 -1 -1 -1 -1000 -1000 -1000 -10 0.0025 
Car -1 -1 -10 1070.70 319.98 1156.36 355.03 -1 -1 -1 -1000 -1000 -1000 -10 0.0024 
Car -1 -1 -10 883.99 277.78 942.30 300.64 -1 -1 -1 -1000 -1000 -1000 -10 0.0023 
Car -1 -1 -10 980.20 262.79 1036.74 296.83 -1 -1 -1 -1000 -1000 -1000 -10 0.0023 
Car -1 -1 -10 1110.60 314.86 1163.18 349.82 -1 -1 -1 -1000 -1000 -1000 -10 0.0023 
Car -1 -1 -10 1074.70 304.41 1117.44 338.76 -1 -1 -1 -1000 -1000 -1000 -10 0.0023 
Car -1 -1 -10 781.72 274.15 841.87 306.92 -1 -1 -1 -1000 -1000 -1000 -10 0.0023 
Car -1 -1 -10 1117.80 321.06 1180.83 354.09 -1 -1 -1 -1000 -1000 -1000 -10 0.0022 
Car -1 -1 -10 1071.10 171.41 1170.04 223.59 -1 -1 -1 -1000 -1000 -1000 -10 0.0022 
Car -1 -1 -10 165.98 89.07 243.27 123.31 -1 -1 -1 -1000 -1000 -1000 -10 0.0021 
Car -1 -1 -10 784.24 283.36 850.66 315.09 -1 -1 -1 -1000 -1000 -1000 -10 0.0019 
Car -1 -1 -10 99.89 96.51 155.05 123.22 -1 -1 -1 -1000 -1000 -1000 -10 0.0019 
Car -1 -1 -10 910.49 169.78 980.14 201.57 -1 -1 -1 -1000 -1000 -1000 -10 0.0018 
Car -1 -1 -10 1076.40 303.77 1141.49 346.71 -1 -1 -1 -1000 -1000 -1000 -10 0.0018 
Car -1 -1 -10 902.67 288.13 961.45 318.67 -1 -1 -1 -1000 -1000 -1000 -10 0.0015 
Car -1 -1 -10 768.33 262.02 850.76 302.21 -1 -1 -1 -1000 -1000 -1000 -10 0.0015 
Car -1 -1 -10 839.54 296.99 894.96 330.13 -1 -1 -1 -1000 -1000 -1000 -10 0.0015 
Car -1 -1 -10 1184.90 314.27 1234.13 345.18 -1 -1 -1 -1000 -1000 -1000 -10 0.0014 
Car -1 -1 -10 1071.30 323.70 1121.07 349.71 -1 -1 -1 -1000 -1000 -1000 -10 0.0013 
Car -1 -1 -10 1103.30 298.91 1182.37 341.74 -1 -1 -1 -1000 -1000 -1000 -10 0.0013 
Car -1 -1 -10 948.65 318.42 1011.72 342.32 -1 -1 -1 -1000 -1000 -1000 -10 0.0013 
Car -1 -1 -10 898.31 253.28 962.37 282.31 -1 -1 -1 -1000 -1000 -1000 -10 0.0012 
Car -1 -1 -10 811.69 306.13 873.97 340.35 -1 -1 -1 -1000 -1000 -1000 -10 0.0012 
Car -1 -1 -10 1139.20 293.38 1213.26 333.96 -1 -1 -1 -1000 -1000 -1000 -10 0.0011 
Car -1 -1 -10 179.46 96.70 257.91 128.63 -1 -1 -1 -1000 -1000 -1000 -10 0.0011 
Car -1 -1 -10 156.81 68.60 210.76 92.86 -1 -1 -1 -1000 -1000 -1000 -10 0.0011 
Car -1 -1 -10 809.88 324.35 858.01 351.03 -1 -1 -1 -1000 -1000 -1000 -10 0.0011 
Car -1 -1 -10 77.07 73.24 127.05 109.95 -1 -1 -1 -1000 -1000 -1000 -10 0.0009 
Car -1 -1 -10 885.60 292.40 959.30 330.75 -1 -1 -1 -1000 -1000 -1000 -10 0.0009 
Car -1 -1 -10 1045.70 313.00 1119.01 351.08 -1 -1 -1 -1000 -1000 -1000 -10 0.0008 
Car -1 -1 -10 62.18 101.27 113.00 128.05 -1 -1 -1 -1000 -1000 -1000 -10 0.0008 
Car -1 -1 -10 1144.60 320.11 1233.65 354.93 -1 -1 -1 -1000 -1000 -1000 -10 0.0008 
Car -1 -1 -10 105.91 88.11 158.06 114.06 -1 -1 -1 -1000 -1000 -1000 -10 0.0007 
Car -1 -1 -10 81.57 36.50 161.09 72.84 -1 -1 -1 -1000 -1000 -1000 -10 0.0006 
Car -1 -1 -10 84.65 25.89 145.75 56.55 -1 -1 -1 -1000 -1000 -1000 -10 0.0005 
Car -1 -1 -10 349.68 169.70 375.02 189.53 -1 -1 -1 -1000 -1000 -1000 -10 0.0004 
Car -1 -1 -10 87.01 47.67 148.40 82.72 -1 -1 -1 -1000 -1000 -1000 -10 0.0004 
Car -1 -1 -10 1080.70 318.11 1218.84 355.25 -1 -1 -1 -1000 -1000 -1000 -10 0.0003 
Car -1 -1 -10 759.35 274.40 821.73 303.59 -1 -1 -1 -1000 -1000 -1000 -10 0.0003 
Car -1 -1 -10 773.38 247.90 862.71 281.61 -1 -1 -1 -1000 -1000 -1000 -10 0.0003 
Car -1 -1 -10 873.97 262.42 940.40 296.96 -1 -1 -1 -1000 -1000 -1000 -10 0.0003 
Car -1 -1 -10 809.41 246.73 876.41 275.66 -1 -1 -1 -1000 -1000 -1000 -10 0.0002 
Car -1 -1 -10 241.44 95.55 295.25 126.12 -1 -1 -1 -1000 -1000 -1000 -10 0.0002 
Car -1 -1 -10 428.64 167.36 458.52 180.84 -1 -1 -1 -1000 -1000 -1000 -10 0.0002 
Car -1 -1 -10 705.81 221.02 782.72 256.88 -1 -1 -1 -1000 -1000 -1000 -10 0.0001 
Car -1 -1 -10 990.99 260.90 1065.55 311.35 -1 -1 -1 -1000 -1000 -1000 -10 0.0001 
Car -1 -1 -10 0.00 83.04 87.79 118.39 -1 -1 -1 -1000 -1000 -1000 -10 0.0001 
Car -1 -1 -10 355.83 168.07 391.42 189.97 -1 -1 -1 -1000 -1000 -1000 -10 0.0000 
Car -1 -1 -10 72.47 21.11 170.26 62.73 -1 -1 -1 -1000 -1000 -1000 -10 0.0000 
