Car -1 -1 -10 797.81 164.36 921.18 212.14 -1 -1 -1 -1000 -1000 -1000 -10 1.0000 
Car -1 -1 -10 653.41 162.84 683.30 188.78 -1 -1 -1 -1000 -1000 -1000 -10 0.9988 
Car -1 -1 -10 430.33 189.84 481.20 210.17 -1 -1 -1 -1000 -1000 -1000 -10 0.0253 
Car -1 -1 -10 0.00 154.90 37.82 177.02 -1 -1 -1 -1000 -1000 -1000 -10 0.0054 
Car -1 -1 -10 147.61 135.95 196.04 164.22 -1 -1 -1 -1000 -1000 -1000 -10 0.0026 
Car -1 -1 -10 180.37 136.33 229.02 169.56 -1 -1 -1 -1000 -1000 -1000 -10 0.0023 
Car -1 -1 -10 146.94 215.31 198.54 254.70 -1 -1 -1 -1000 -1000 -1000 -10 0.0018 
Car -1 -1 -10 438.48 71.19 474.43 99.84 -1 -1 -1 -1000 -1000 -1000 -10 0.0017 
Car -1 -1 -10 139.98 140.47 178.87 164.19 -1 -1 -1 -1000 -1000 -1000 -10 0.0017 
Car -1 -1 -10 169.52 187.45 231.54 225.58 -1 -1 -1 -1000 -1000 -1000 -10 0.0016 
Car -1 -1 -10 472.12 186.67 517.12 207.20 -1 -1 -1 -1000 -1000 -1000 -10 0.0009 
Car -1 -1 -10 14.93 203.58 73.94 247.69 -1 -1 -1 -1000 -1000 -1000 -10 0.0009 
Car -1 -1 -10 172.77 189.34 256.97 241.48 -1 -1 -1 -1000 -1000 -1000 -10 0.0005 
Car -1 -1 -10 0.00 148.75 49.85 172.84 -1 -1 -1 -1000 -1000 -1000 -10 0.0004 
Car -1 -1 -10 0.00 165.12 66.76 193.46 -1 -1 -1 -1000 -1000 -1000 -10 0.0004 
Car -1 -1 -10 149.93 220.12 226.78 262.25 -1 -1 -1 -1000 -1000 -1000 -10 0.0003 
Car -1 -1 -10 166.39 183.22 271.35 219.84 -1 -1 -1 -1000 -1000 -1000 -10 0.0003 
Car -1 -1 -10 153.34 177.06 236.92 215.47 -1 -1 -1 -1000 -1000 -1000 -10 0.0002 
Car -1 -1 -10 326.87 166.44 385.58 201.36 -1 -1 -1 -1000 -1000 -1000 -10 0.0001 
Car -1 -1 -10 71.78 167.76 162.21 192.65 -1 -1 -1 -1000 -1000 -1000 -10 0.0001 
Car -1 -1 -10 203.74 165.44 284.48 191.71 -1 -1 -1 -1000 -1000 -1000 -10 0.0001 
Car -1 -1 -10 64.28 245.75 136.01 290.46 -1 -1 -1 -1000 -1000 -1000 -10 0.0001 
Car -1 -1 -10 33.20 185.52 105.63 239.25 -1 -1 -1 -1000 -1000 -1000 -10 0.0001 
Car -1 -1 -10 10.01 159.95 74.82 186.17 -1 -1 -1 -1000 -1000 -1000 -10 0.0001 
Car -1 -1 -10 195.37 158.43 254.23 187.19 -1 -1 -1 -1000 -1000 -1000 -10 0.0001 
Car -1 -1 -10 323.86 180.89 379.82 205.38 -1 -1 -1 -1000 -1000 -1000 -10 0.0001 
Car -1 -1 -10 829.76 164.97 895.52 196.08 -1 -1 -1 -1000 -1000 -1000 -10 0.0001 
Car -1 -1 -10 124.46 170.15 199.35 192.13 -1 -1 -1 -1000 -1000 -1000 -10 0.0000 
Car -1 -1 -10 26.09 149.78 98.95 175.62 -1 -1 -1 -1000 -1000 -1000 -10 0.0000 
Car -1 -1 -10 894.06 184.82 947.74 211.19 -1 -1 -1 -1000 -1000 -1000 -10 0.0000 
Car -1 -1 -10 220.07 109.89 285.10 133.99 -1 -1 -1 -1000 -1000 -1000 -10 0.0000 
Car -1 -1 -10 0.00 172.67 102.39 199.02 -1 -1 -1 -1000 -1000 -1000 -10 0.0000 
Car -1 -1 -10 153.13 168.49 243.04 198.58 -1 -1 -1 -1000 -1000 -1000 -10 0.0000 
Car -1 -1 -10 301.68 153.90 360.51 177.37 -1 -1 -1 -1000 -1000 -1000 -10 0.0000 
Car -1 -1 -10 745.98 199.17 811.54 216.01 -1 -1 -1 -1000 -1000 -1000 -10 0.0000 
Car -1 -1 -10 1004.50 286.01 1065.30 325.06 -1 -1 -1 -1000 -1000 -1000 -10 0.0000 
Car -1 -1 -10 201.23 148.34 303.80 194.27 -1 -1 -1 -1000 -1000 -1000 -10 0.0000 
Car -1 -1 -10 194.63 177.57 286.16 210.01 -1 -1 -1 -1000 -1000 -1000 -10 0.0000 
Car -1 -1 -10 93.66 183.85 178.43 227.89 -1 -1 -1 -1000 -1000 -1000 -10 0.0000 
Car -1 -1 -10 325.34 141.75 388.56 187.23 -1 -1 -1 -1000 -1000 -1000 -10 0.0000 
Car -1 -1 -10 17.16 120.38 142.13 142.69 -1 -1 -1 -1000 -1000 -1000 -10 0.0000 
