Car -1 -1 -10 401.43 172.38 541.34 269.63 -1 -1 -1 -1000 -1000 -1000 -10 1.0000 
Car -1 -1 -10 519.03 173.11 581.84 221.34 -1 -1 -1 -1000 -1000 -1000 -10 0.9977 
Car -1 -1 -10 585.76 171.75 615.24 195.17 -1 -1 -1 -1000 -1000 -1000 -10 0.7588 
Car -1 -1 -10 935.65 136.68 1138.48 212.71 -1 -1 -1 -1000 -1000 -1000 -10 0.0477 
Car -1 -1 -10 1212.80 201.60 1243.04 229.82 -1 -1 -1 -1000 -1000 -1000 -10 0.0122 
Car -1 -1 -10 305.20 128.54 389.94 178.91 -1 -1 -1 -1000 -1000 -1000 -10 0.0115 
Car -1 -1 -10 1203.30 203.13 1243.03 291.20 -1 -1 -1 -1000 -1000 -1000 -10 0.0068 
Car -1 -1 -10 745.63 129.40 806.07 147.90 -1 -1 -1 -1000 -1000 -1000 -10 0.0062 
Car -1 -1 -10 32.08 201.45 134.50 264.93 -1 -1 -1 -1000 -1000 -1000 -10 0.0038 
Car -1 -1 -10 33.59 192.32 137.36 337.38 -1 -1 -1 -1000 -1000 -1000 -10 0.0038 
Car -1 -1 -10 54.17 199.16 126.52 231.71 -1 -1 -1 -1000 -1000 -1000 -10 0.0025 
Car -1 -1 -10 0.82 296.89 98.16 353.62 -1 -1 -1 -1000 -1000 -1000 -10 0.0022 
Car -1 -1 -10 932.24 211.72 1032.15 240.16 -1 -1 -1 -1000 -1000 -1000 -10 0.0021 
Car -1 -1 -10 945.14 142.69 1028.95 183.53 -1 -1 -1 -1000 -1000 -1000 -10 0.0020 
Car -1 -1 -10 40.11 263.09 99.42 304.69 -1 -1 -1 -1000 -1000 -1000 -10 0.0018 
Car -1 -1 -10 618.85 92.12 683.80 123.84 -1 -1 -1 -1000 -1000 -1000 -10 0.0017 
Car -1 -1 -10 591.51 94.67 654.77 126.74 -1 -1 -1 -1000 -1000 -1000 -10 0.0011 
Car -1 -1 -10 595.96 78.54 649.20 106.96 -1 -1 -1 -1000 -1000 -1000 -10 0.0008 
Car -1 -1 -10 153.28 120.28 224.72 143.76 -1 -1 -1 -1000 -1000 -1000 -10 0.0007 
Car -1 -1 -10 316.41 180.29 376.65 225.13 -1 -1 -1 -1000 -1000 -1000 -10 0.0005 
Car -1 -1 -10 259.31 73.44 320.20 104.48 -1 -1 -1 -1000 -1000 -1000 -10 0.0005 
Car -1 -1 -10 946.61 197.38 1002.26 234.77 -1 -1 -1 -1000 -1000 -1000 -10 0.0004 
Car -1 -1 -10 2.55 115.64 60.86 153.93 -1 -1 -1 -1000 -1000 -1000 -10 0.0004 
Car -1 -1 -10 956.06 141.84 1062.72 195.22 -1 -1 -1 -1000 -1000 -1000 -10 0.0003 
Car -1 -1 -10 183.86 142.56 248.28 173.10 -1 -1 -1 -1000 -1000 -1000 -10 0.0003 
Car -1 -1 -10 114.31 109.18 189.11 133.56 -1 -1 -1 -1000 -1000 -1000 -10 0.0002 
Car -1 -1 -10 19.51 142.70 99.99 159.36 -1 -1 -1 -1000 -1000 -1000 -10 0.0001 
Car -1 -1 -10 188.66 137.30 264.63 160.81 -1 -1 -1 -1000 -1000 -1000 -10 0.0001 
Car -1 -1 -10 164.27 123.33 239.98 165.90 -1 -1 -1 -1000 -1000 -1000 -10 0.0001 
Car -1 -1 -10 578.08 174.42 605.29 198.75 -1 -1 -1 -1000 -1000 -1000 -10 0.0001 
Car -1 -1 -10 132.70 111.52 211.97 144.72 -1 -1 -1 -1000 -1000 -1000 -10 0.0001 
Car -1 -1 -10 78.39 97.20 156.70 127.13 -1 -1 -1 -1000 -1000 -1000 -10 0.0001 
Car -1 -1 -10 149.37 101.23 197.98 130.51 -1 -1 -1 -1000 -1000 -1000 -10 0.0000 
Car -1 -1 -10 1148.00 208.99 1243.01 290.08 -1 -1 -1 -1000 -1000 -1000 -10 0.0000 
Car -1 -1 -10 863.64 12.56 993.07 70.21 -1 -1 -1 -1000 -1000 -1000 -10 0.0000 
Car -1 -1 -10 548.67 172.08 585.84 206.51 -1 -1 -1 -1000 -1000 -1000 -10 0.0000 
Car -1 -1 -10 107.05 146.66 209.63 190.09 -1 -1 -1 -1000 -1000 -1000 -10 0.0000 
Car -1 -1 -10 803.79 165.56 954.84 237.12 -1 -1 -1 -1000 -1000 -1000 -10 0.0000 
Car -1 -1 -10 923.12 13.19 989.31 67.70 -1 -1 -1 -1000 -1000 -1000 -10 0.0000 
Car -1 -1 -10 15.23 128.04 126.88 158.70 -1 -1 -1 -1000 -1000 -1000 -10 0.0000 
Car -1 -1 -10 593.73 166.61 617.99 185.27 -1 -1 -1 -1000 -1000 -1000 -10 0.0000 
Car -1 -1 -10 458.29 179.66 541.08 255.20 -1 -1 -1 -1000 -1000 -1000 -10 0.0000 
Car -1 -1 -10 295.31 221.70 425.14 273.37 -1 -1 -1 -1000 -1000 -1000 -10 0.0000 
Car -1 -1 -10 565.92 180.36 632.74 206.64 -1 -1 -1 -1000 -1000 -1000 -10 0.0000 
