Car -1 -1 -10 242.61 186.73 321.10 224.43 -1 -1 -1 -1000 -1000 -1000 -10 0.9993 
Car -1 -1 -10 384.37 181.61 426.39 208.59 -1 -1 -1 -1000 -1000 -1000 -10 0.9989 
Car -1 -1 -10 0.00 217.93 40.91 256.74 -1 -1 -1 -1000 -1000 -1000 -10 0.0042 
Car -1 -1 -10 445.82 155.51 549.29 201.56 -1 -1 -1 -1000 -1000 -1000 -10 0.0011 
Car -1 -1 -10 447.12 154.39 496.25 200.12 -1 -1 -1 -1000 -1000 -1000 -10 0.0004 
Car -1 -1 -10 964.67 60.78 1099.65 145.47 -1 -1 -1 -1000 -1000 -1000 -10 0.0003 
Car -1 -1 -10 1102.30 118.64 1163.00 154.72 -1 -1 -1 -1000 -1000 -1000 -10 0.0002 
Car -1 -1 -10 856.88 88.54 929.37 135.15 -1 -1 -1 -1000 -1000 -1000 -10 0.0001 
Car -1 -1 -10 589.91 168.61 626.29 183.85 -1 -1 -1 -1000 -1000 -1000 -10 0.0001 
Car -1 -1 -10 1059.80 79.54 1156.34 138.94 -1 -1 -1 -1000 -1000 -1000 -10 0.0001 
Car -1 -1 -10 480.80 167.05 568.41 199.84 -1 -1 -1 -1000 -1000 -1000 -10 0.0000 
