Car -1 -1 -10 218.09 183.94 343.65 266.44 -1 -1 -1 -1000 -1000 -1000 -10 1.0000 
Car -1 -1 -10 400.86 179.01 441.87 204.02 -1 -1 -1 -1000 -1000 -1000 -10 0.9998 
Car -1 -1 -10 971.80 305.20 1028.42 334.90 -1 -1 -1 -1000 -1000 -1000 -10 0.0139 
Car -1 -1 -10 959.56 310.15 1010.82 339.24 -1 -1 -1 -1000 -1000 -1000 -10 0.0129 
Car -1 -1 -10 1034.70 167.78 1090.81 201.68 -1 -1 -1 -1000 -1000 -1000 -10 0.0115 
Car -1 -1 -10 1040.60 112.19 1092.36 145.47 -1 -1 -1 -1000 -1000 -1000 -10 0.0104 
Car -1 -1 -10 1020.60 313.72 1079.91 348.06 -1 -1 -1 -1000 -1000 -1000 -10 0.0091 
Car -1 -1 -10 895.03 303.42 951.33 333.50 -1 -1 -1 -1000 -1000 -1000 -10 0.0088 
Car -1 -1 -10 941.95 315.48 999.13 341.56 -1 -1 -1 -1000 -1000 -1000 -10 0.0080 
Car -1 -1 -10 1001.70 306.43 1050.52 334.67 -1 -1 -1 -1000 -1000 -1000 -10 0.0071 
Car -1 -1 -10 947.59 298.22 1000.49 334.95 -1 -1 -1 -1000 -1000 -1000 -10 0.0053 
Car -1 -1 -10 1001.20 326.87 1064.10 359.82 -1 -1 -1 -1000 -1000 -1000 -10 0.0053 
Car -1 -1 -10 1045.90 150.36 1090.99 179.57 -1 -1 -1 -1000 -1000 -1000 -10 0.0051 
Car -1 -1 -10 806.73 100.54 870.21 129.80 -1 -1 -1 -1000 -1000 -1000 -10 0.0050 
Car -1 -1 -10 1029.20 312.09 1105.73 356.85 -1 -1 -1 -1000 -1000 -1000 -10 0.0042 
Car -1 -1 -10 929.71 319.58 981.89 345.12 -1 -1 -1 -1000 -1000 -1000 -10 0.0038 
Car -1 -1 -10 907.30 310.40 959.56 342.30 -1 -1 -1 -1000 -1000 -1000 -10 0.0033 
Car -1 -1 -10 917.93 293.17 986.12 329.07 -1 -1 -1 -1000 -1000 -1000 -10 0.0028 
Car -1 -1 -10 835.54 80.45 888.76 108.58 -1 -1 -1 -1000 -1000 -1000 -10 0.0028 
Car -1 -1 -10 811.57 264.52 855.78 293.76 -1 -1 -1 -1000 -1000 -1000 -10 0.0025 
Car -1 -1 -10 990.02 319.16 1078.22 353.22 -1 -1 -1 -1000 -1000 -1000 -10 0.0024 
Car -1 -1 -10 990.64 302.71 1062.88 341.91 -1 -1 -1 -1000 -1000 -1000 -10 0.0020 
Car -1 -1 -10 1036.00 182.66 1095.23 216.46 -1 -1 -1 -1000 -1000 -1000 -10 0.0018 
Car -1 -1 -10 921.20 97.75 1006.01 132.64 -1 -1 -1 -1000 -1000 -1000 -10 0.0018 
Car -1 -1 -10 819.42 268.51 884.48 294.00 -1 -1 -1 -1000 -1000 -1000 -10 0.0017 
Car -1 -1 -10 832.52 265.10 904.15 297.61 -1 -1 -1 -1000 -1000 -1000 -10 0.0016 
Car -1 -1 -10 850.90 72.56 898.97 99.92 -1 -1 -1 -1000 -1000 -1000 -10 0.0014 
Car -1 -1 -10 951.61 311.62 1022.58 351.30 -1 -1 -1 -1000 -1000 -1000 -10 0.0013 
Car -1 -1 -10 900.96 295.10 968.50 338.04 -1 -1 -1 -1000 -1000 -1000 -10 0.0012 
Car -1 -1 -10 312.61 294.28 377.66 332.08 -1 -1 -1 -1000 -1000 -1000 -10 0.0012 
Car -1 -1 -10 1038.60 313.72 1159.13 357.86 -1 -1 -1 -1000 -1000 -1000 -10 0.0009 
Car -1 -1 -10 401.27 236.36 474.24 283.62 -1 -1 -1 -1000 -1000 -1000 -10 0.0009 
Car -1 -1 -10 818.77 82.19 866.70 108.52 -1 -1 -1 -1000 -1000 -1000 -10 0.0008 
Car -1 -1 -10 1134.70 63.02 1194.29 98.47 -1 -1 -1 -1000 -1000 -1000 -10 0.0008 
Car -1 -1 -10 982.98 334.18 1054.30 365.61 -1 -1 -1 -1000 -1000 -1000 -10 0.0006 
Car -1 -1 -10 951.70 336.72 1026.20 362.20 -1 -1 -1 -1000 -1000 -1000 -10 0.0006 
Car -1 -1 -10 877.57 290.54 943.21 334.75 -1 -1 -1 -1000 -1000 -1000 -10 0.0004 
Car -1 -1 -10 329.69 287.59 394.40 327.03 -1 -1 -1 -1000 -1000 -1000 -10 0.0004 
Car -1 -1 -10 857.74 275.07 922.96 310.64 -1 -1 -1 -1000 -1000 -1000 -10 0.0004 
Car -1 -1 -10 283.18 295.65 356.92 328.46 -1 -1 -1 -1000 -1000 -1000 -10 0.0003 
Car -1 -1 -10 480.81 173.09 506.20 192.09 -1 -1 -1 -1000 -1000 -1000 -10 0.0003 
Car -1 -1 -10 791.64 131.20 852.20 156.48 -1 -1 -1 -1000 -1000 -1000 -10 0.0003 
Car -1 -1 -10 721.40 164.71 769.94 192.56 -1 -1 -1 -1000 -1000 -1000 -10 0.0001 
Car -1 -1 -10 861.46 285.92 933.00 322.25 -1 -1 -1 -1000 -1000 -1000 -10 0.0001 
Car -1 -1 -10 1019.60 66.10 1082.69 104.60 -1 -1 -1 -1000 -1000 -1000 -10 0.0001 
Car -1 -1 -10 1109.40 56.21 1186.14 88.55 -1 -1 -1 -1000 -1000 -1000 -10 0.0001 
Car -1 -1 -10 244.01 323.92 325.83 361.95 -1 -1 -1 -1000 -1000 -1000 -10 0.0000 
Car -1 -1 -10 958.87 70.45 1010.24 91.00 -1 -1 -1 -1000 -1000 -1000 -10 0.0000 
Car -1 -1 -10 287.59 185.30 357.59 258.12 -1 -1 -1 -1000 -1000 -1000 -10 0.0000 
