Car -1 -1 -10 486.62 175.01 560.63 213.79 -1 -1 -1 -1000 -1000 -1000 -10 1.0000 
Car -1 -1 -10 329.36 172.52 398.58 207.20 -1 -1 -1 -1000 -1000 -1000 -10 0.9992 
Car -1 -1 -10 577.92 168.44 612.49 195.33 -1 -1 -1 -1000 -1000 -1000 -10 0.9979 
Car -1 -1 -10 44.94 103.06 149.73 157.72 -1 -1 -1 -1000 -1000 -1000 -10 0.1313 
Car -1 -1 -10 0.00 125.02 104.67 219.56 -1 -1 -1 -1000 -1000 -1000 -10 0.0600 
Car -1 -1 -10 0.00 91.94 185.41 221.63 -1 -1 -1 -1000 -1000 -1000 -10 0.0584 
Car -1 -1 -10 91.66 137.50 218.91 179.85 -1 -1 -1 -1000 -1000 -1000 -10 0.0396 
Car -1 -1 -10 114.52 139.02 187.55 172.24 -1 -1 -1 -1000 -1000 -1000 -10 0.0323 
Car -1 -1 -10 747.23 132.67 793.70 163.17 -1 -1 -1 -1000 -1000 -1000 -10 0.0229 
Car -1 -1 -10 706.68 182.58 780.49 203.89 -1 -1 -1 -1000 -1000 -1000 -10 0.0127 
Car -1 -1 -10 194.03 156.54 265.39 193.91 -1 -1 -1 -1000 -1000 -1000 -10 0.0085 
Car -1 -1 -10 0.00 130.00 82.17 175.66 -1 -1 -1 -1000 -1000 -1000 -10 0.0064 
Car -1 -1 -10 976.19 301.20 1054.36 341.55 -1 -1 -1 -1000 -1000 -1000 -10 0.0038 
Car -1 -1 -10 600.77 168.72 627.18 191.38 -1 -1 -1 -1000 -1000 -1000 -10 0.0024 
Car -1 -1 -10 738.48 120.09 777.34 158.49 -1 -1 -1 -1000 -1000 -1000 -10 0.0018 
Car -1 -1 -10 365.53 172.79 403.83 202.45 -1 -1 -1 -1000 -1000 -1000 -10 0.0016 
Car -1 -1 -10 888.14 154.40 953.07 189.65 -1 -1 -1 -1000 -1000 -1000 -10 0.0013 
Car -1 -1 -10 215.51 148.51 280.75 183.01 -1 -1 -1 -1000 -1000 -1000 -10 0.0010 
Car -1 -1 -10 753.35 191.53 827.84 209.67 -1 -1 -1 -1000 -1000 -1000 -10 0.0009 
Car -1 -1 -10 63.20 120.86 163.03 182.39 -1 -1 -1 -1000 -1000 -1000 -10 0.0009 
Car -1 -1 -10 122.44 144.37 242.67 191.58 -1 -1 -1 -1000 -1000 -1000 -10 0.0007 
Car -1 -1 -10 188.16 145.77 306.61 196.67 -1 -1 -1 -1000 -1000 -1000 -10 0.0006 
Car -1 -1 -10 118.94 175.82 186.54 214.86 -1 -1 -1 -1000 -1000 -1000 -10 0.0006 
Car -1 -1 -10 0.00 70.81 92.38 145.74 -1 -1 -1 -1000 -1000 -1000 -10 0.0005 
Car -1 -1 -10 223.10 120.67 304.37 153.37 -1 -1 -1 -1000 -1000 -1000 -10 0.0004 
Car -1 -1 -10 163.66 93.38 262.37 167.83 -1 -1 -1 -1000 -1000 -1000 -10 0.0004 
Car -1 -1 -10 69.56 138.79 131.02 182.07 -1 -1 -1 -1000 -1000 -1000 -10 0.0004 
Car -1 -1 -10 269.94 121.16 374.46 177.83 -1 -1 -1 -1000 -1000 -1000 -10 0.0004 
Car -1 -1 -10 0.00 125.78 71.07 154.87 -1 -1 -1 -1000 -1000 -1000 -10 0.0003 
Car -1 -1 -10 167.68 183.02 231.56 213.14 -1 -1 -1 -1000 -1000 -1000 -10 0.0001 
Car -1 -1 -10 812.59 29.92 906.97 93.39 -1 -1 -1 -1000 -1000 -1000 -10 0.0001 
Car -1 -1 -10 715.52 134.13 780.73 168.20 -1 -1 -1 -1000 -1000 -1000 -10 0.0001 
Car -1 -1 -10 274.48 189.75 330.56 209.10 -1 -1 -1 -1000 -1000 -1000 -10 0.0001 
Car -1 -1 -10 660.97 159.77 710.85 197.50 -1 -1 -1 -1000 -1000 -1000 -10 0.0001 
Car -1 -1 -10 163.15 155.47 238.34 199.65 -1 -1 -1 -1000 -1000 -1000 -10 0.0001 
Car -1 -1 -10 880.90 141.71 955.54 174.11 -1 -1 -1 -1000 -1000 -1000 -10 0.0001 
Car -1 -1 -10 228.29 180.48 290.27 214.95 -1 -1 -1 -1000 -1000 -1000 -10 0.0001 
Car -1 -1 -10 410.33 174.63 475.00 191.77 -1 -1 -1 -1000 -1000 -1000 -10 0.0000 
Car -1 -1 -10 652.87 141.56 690.86 189.13 -1 -1 -1 -1000 -1000 -1000 -10 0.0000 
Car -1 -1 -10 394.15 167.30 441.01 195.08 -1 -1 -1 -1000 -1000 -1000 -10 0.0000 
Car -1 -1 -10 192.03 121.43 311.31 166.04 -1 -1 -1 -1000 -1000 -1000 -10 0.0000 
Car -1 -1 -10 866.95 217.73 948.65 238.73 -1 -1 -1 -1000 -1000 -1000 -10 0.0000 
Car -1 -1 -10 239.97 122.91 316.25 183.89 -1 -1 -1 -1000 -1000 -1000 -10 0.0000 
Car -1 -1 -10 11.33 105.57 73.31 149.88 -1 -1 -1 -1000 -1000 -1000 -10 0.0000 
Car -1 -1 -10 752.12 184.23 807.88 200.91 -1 -1 -1 -1000 -1000 -1000 -10 0.0000 
Car -1 -1 -10 391.32 175.95 433.80 199.77 -1 -1 -1 -1000 -1000 -1000 -10 0.0000 
Car -1 -1 -10 267.93 132.19 327.15 176.49 -1 -1 -1 -1000 -1000 -1000 -10 0.0000 
