Car -1 -1 -10 544.50 178.90 573.48 205.25 -1 -1 -1 -1000 -1000 -1000 -10 0.9969 
Car -1 -1 -10 573.40 179.03 607.71 198.22 -1 -1 -1 -1000 -1000 -1000 -10 0.0074 
Car -1 -1 -10 951.11 207.59 1068.42 246.11 -1 -1 -1 -1000 -1000 -1000 -10 0.0028 
Car -1 -1 -10 590.57 156.76 613.72 192.91 -1 -1 -1 -1000 -1000 -1000 -10 0.0020 
Car -1 -1 -10 844.65 215.84 906.59 251.37 -1 -1 -1 -1000 -1000 -1000 -10 0.0014 
Car -1 -1 -10 1149.50 90.64 1242.43 145.43 -1 -1 -1 -1000 -1000 -1000 -10 0.0013 
Car -1 -1 -10 1156.30 54.72 1243.02 96.49 -1 -1 -1 -1000 -1000 -1000 -10 0.0009 
Car -1 -1 -10 1009.00 218.11 1095.52 252.44 -1 -1 -1 -1000 -1000 -1000 -10 0.0005 
Car -1 -1 -10 890.88 239.10 963.09 293.23 -1 -1 -1 -1000 -1000 -1000 -10 0.0003 
Car -1 -1 -10 942.36 264.94 1037.48 317.78 -1 -1 -1 -1000 -1000 -1000 -10 0.0001 
Car -1 -1 -10 1106.60 81.56 1194.83 122.76 -1 -1 -1 -1000 -1000 -1000 -10 0.0001 
Car -1 -1 -10 747.89 132.04 803.86 163.94 -1 -1 -1 -1000 -1000 -1000 -10 0.0000 
Car -1 -1 -10 958.07 243.80 1033.16 306.71 -1 -1 -1 -1000 -1000 -1000 -10 0.0000 
Car -1 -1 -10 593.37 135.56 636.79 161.78 -1 -1 -1 -1000 -1000 -1000 -10 0.0000 
Car -1 -1 -10 539.37 152.70 581.01 181.04 -1 -1 -1 -1000 -1000 -1000 -10 0.0000 
