Car -1 -1 -10 663.78 168.57 729.16 221.92 -1 -1 -1 -1000 -1000 -1000 -10 0.9997 
Car -1 -1 -10 766.58 166.21 1203.46 376.00 -1 -1 -1 -1000 -1000 -1000 -10 0.9968 
Car -1 -1 -10 933.20 165.59 1017.72 199.60 -1 -1 -1 -1000 -1000 -1000 -10 0.0047 
Car -1 -1 -10 294.97 266.05 374.62 304.77 -1 -1 -1 -1000 -1000 -1000 -10 0.0031 
Car -1 -1 -10 915.50 163.06 1064.23 206.25 -1 -1 -1 -1000 -1000 -1000 -10 0.0029 
Car -1 -1 -10 2.78 280.11 56.84 323.66 -1 -1 -1 -1000 -1000 -1000 -10 0.0022 
Car -1 -1 -10 23.18 52.39 67.98 79.44 -1 -1 -1 -1000 -1000 -1000 -10 0.0018 
Car -1 -1 -10 897.33 169.51 998.78 206.11 -1 -1 -1 -1000 -1000 -1000 -10 0.0013 
Car -1 -1 -10 483.00 155.93 551.49 190.38 -1 -1 -1 -1000 -1000 -1000 -10 0.0011 
Car -1 -1 -10 630.41 50.58 709.62 94.13 -1 -1 -1 -1000 -1000 -1000 -10 0.0009 
Car -1 -1 -10 792.44 186.12 932.49 263.88 -1 -1 -1 -1000 -1000 -1000 -10 0.0007 
Car -1 -1 -10 663.82 162.60 700.80 194.14 -1 -1 -1 -1000 -1000 -1000 -10 0.0004 
Car -1 -1 -10 818.34 175.39 961.25 219.00 -1 -1 -1 -1000 -1000 -1000 -10 0.0004 
Car -1 -1 -10 633.89 44.63 759.53 107.54 -1 -1 -1 -1000 -1000 -1000 -10 0.0004 
Car -1 -1 -10 792.47 210.03 1107.54 337.01 -1 -1 -1 -1000 -1000 -1000 -10 0.0003 
Car -1 -1 -10 281.30 271.62 352.63 308.92 -1 -1 -1 -1000 -1000 -1000 -10 0.0003 
Car -1 -1 -10 711.13 150.32 741.72 186.28 -1 -1 -1 -1000 -1000 -1000 -10 0.0002 
Car -1 -1 -10 579.37 142.79 648.23 192.80 -1 -1 -1 -1000 -1000 -1000 -10 0.0001 
Car -1 -1 -10 19.23 59.98 64.61 98.87 -1 -1 -1 -1000 -1000 -1000 -10 0.0001 
Car -1 -1 -10 775.35 124.60 831.94 146.65 -1 -1 -1 -1000 -1000 -1000 -10 0.0000 
Car -1 -1 -10 837.78 173.71 928.80 207.11 -1 -1 -1 -1000 -1000 -1000 -10 0.0000 
Car -1 -1 -10 810.79 187.48 893.40 221.01 -1 -1 -1 -1000 -1000 -1000 -10 0.0000 
Car -1 -1 -10 830.06 181.42 884.82 199.77 -1 -1 -1 -1000 -1000 -1000 -10 0.0000 
Car -1 -1 -10 477.77 132.18 556.98 154.88 -1 -1 -1 -1000 -1000 -1000 -10 0.0000 
Car -1 -1 -10 1053.60 216.21 1185.25 328.80 -1 -1 -1 -1000 -1000 -1000 -10 0.0000 
Car -1 -1 -10 289.33 188.62 415.13 230.06 -1 -1 -1 -1000 -1000 -1000 -10 0.0000 
Car -1 -1 -10 283.01 267.31 331.62 288.80 -1 -1 -1 -1000 -1000 -1000 -10 0.0000 
