Car -1 -1 -10 767.85 182.62 966.74 353.89 -1 -1 -1 -1000 -1000 -1000 -10 0.9987 
Car -1 -1 -10 147.19 161.42 196.72 199.25 -1 -1 -1 -1000 -1000 -1000 -10 0.0087 
Car -1 -1 -10 143.54 283.89 197.29 321.70 -1 -1 -1 -1000 -1000 -1000 -10 0.0006 
Car -1 -1 -10 118.32 160.41 199.06 224.32 -1 -1 -1 -1000 -1000 -1000 -10 0.0004 
Car -1 -1 -10 568.34 180.51 631.80 245.93 -1 -1 -1 -1000 -1000 -1000 -10 0.0002 
Car -1 -1 -10 100.88 261.38 184.21 330.06 -1 -1 -1 -1000 -1000 -1000 -10 0.0001 
Car -1 -1 -10 776.45 189.20 819.11 232.57 -1 -1 -1 -1000 -1000 -1000 -10 0.0001 
Car -1 -1 -10 771.00 217.74 855.22 263.44 -1 -1 -1 -1000 -1000 -1000 -10 0.0000 
Car -1 -1 -10 1196.60 152.23 1243.00 187.83 -1 -1 -1 -1000 -1000 -1000 -10 0.0000 
Car -1 -1 -10 784.10 188.31 829.49 211.36 -1 -1 -1 -1000 -1000 -1000 -10 0.0000 
Car -1 -1 -10 774.74 189.97 864.45 248.43 -1 -1 -1 -1000 -1000 -1000 -10 0.0000 
Car -1 -1 -10 1156.80 137.81 1243.02 157.98 -1 -1 -1 -1000 -1000 -1000 -10 0.0000 
Car -1 -1 -10 457.62 18.49 555.21 61.62 -1 -1 -1 -1000 -1000 -1000 -10 0.0000 
Car -1 -1 -10 867.05 181.40 942.19 229.72 -1 -1 -1 -1000 -1000 -1000 -10 0.0000 
Car -1 -1 -10 1163.40 146.20 1243.01 198.36 -1 -1 -1 -1000 -1000 -1000 -10 0.0000 
Car -1 -1 -10 758.10 188.15 798.49 220.98 -1 -1 -1 -1000 -1000 -1000 -10 0.0000 
