Car -1 -1 -10 157.80 201.72 395.85 335.77 -1 -1 -1 -1000 -1000 -1000 -10 1.0000 
Car -1 -1 -10 742.60 177.55 958.06 323.40 -1 -1 -1 -1000 -1000 -1000 -10 0.9999 
Car -1 -1 -10 684.80 180.25 780.43 249.01 -1 -1 -1 -1000 -1000 -1000 -10 0.9999 
Car -1 -1 -10 343.54 183.06 463.15 276.62 -1 -1 -1 -1000 -1000 -1000 -10 0.9979 
Car -1 -1 -10 418.35 181.65 506.38 248.43 -1 -1 -1 -1000 -1000 -1000 -10 0.9890 
Car -1 -1 -10 514.47 185.96 548.29 205.82 -1 -1 -1 -1000 -1000 -1000 -10 0.6829 
Car -1 -1 -10 670.08 179.99 729.46 227.86 -1 -1 -1 -1000 -1000 -1000 -10 0.0841 
Car -1 -1 -10 805.45 207.32 1190.28 338.56 -1 -1 -1 -1000 -1000 -1000 -10 0.0305 
Car -1 -1 -10 634.45 178.14 671.24 206.20 -1 -1 -1 -1000 -1000 -1000 -10 0.0213 
Car -1 -1 -10 1189.10 115.20 1242.98 151.00 -1 -1 -1 -1000 -1000 -1000 -10 0.0031 
Car -1 -1 -10 9.00 96.80 75.88 131.44 -1 -1 -1 -1000 -1000 -1000 -10 0.0026 
Car -1 -1 -10 645.87 146.95 712.44 218.82 -1 -1 -1 -1000 -1000 -1000 -10 0.0022 
Car -1 -1 -10 1181.80 126.61 1243.01 160.10 -1 -1 -1 -1000 -1000 -1000 -10 0.0020 
Car -1 -1 -10 212.83 219.54 294.57 254.33 -1 -1 -1 -1000 -1000 -1000 -10 0.0018 
Car -1 -1 -10 0.00 99.77 50.73 137.98 -1 -1 -1 -1000 -1000 -1000 -10 0.0016 
Car -1 -1 -10 135.11 233.34 167.62 261.03 -1 -1 -1 -1000 -1000 -1000 -10 0.0014 
Car -1 -1 -10 0.00 150.58 56.74 186.37 -1 -1 -1 -1000 -1000 -1000 -10 0.0014 
Car -1 -1 -10 22.84 71.11 74.06 112.88 -1 -1 -1 -1000 -1000 -1000 -10 0.0012 
Car -1 -1 -10 1204.40 132.63 1243.02 164.69 -1 -1 -1 -1000 -1000 -1000 -10 0.0012 
Car -1 -1 -10 8.40 139.79 83.79 188.07 -1 -1 -1 -1000 -1000 -1000 -10 0.0011 
Car -1 -1 -10 1062.30 140.67 1124.97 170.33 -1 -1 -1 -1000 -1000 -1000 -10 0.0009 
Car -1 -1 -10 0.00 181.24 41.75 211.13 -1 -1 -1 -1000 -1000 -1000 -10 0.0009 
Car -1 -1 -10 0.17 160.11 49.83 198.56 -1 -1 -1 -1000 -1000 -1000 -10 0.0009 
Car -1 -1 -10 131.36 128.47 197.04 153.36 -1 -1 -1 -1000 -1000 -1000 -10 0.0009 
Car -1 -1 -10 22.08 139.64 76.16 168.57 -1 -1 -1 -1000 -1000 -1000 -10 0.0009 
Car -1 -1 -10 0.00 119.26 57.24 162.96 -1 -1 -1 -1000 -1000 -1000 -10 0.0008 
Car -1 -1 -10 121.96 233.12 159.51 258.69 -1 -1 -1 -1000 -1000 -1000 -10 0.0008 
Car -1 -1 -10 642.93 173.28 688.78 213.76 -1 -1 -1 -1000 -1000 -1000 -10 0.0007 
Car -1 -1 -10 970.43 209.60 1035.42 247.85 -1 -1 -1 -1000 -1000 -1000 -10 0.0007 
Car -1 -1 -10 585.83 182.51 610.43 200.81 -1 -1 -1 -1000 -1000 -1000 -10 0.0005 
Car -1 -1 -10 1038.00 233.20 1178.37 321.31 -1 -1 -1 -1000 -1000 -1000 -10 0.0005 
Car -1 -1 -10 109.20 126.26 165.84 157.43 -1 -1 -1 -1000 -1000 -1000 -10 0.0004 
Car -1 -1 -10 134.03 212.49 185.48 234.75 -1 -1 -1 -1000 -1000 -1000 -10 0.0004 
Car -1 -1 -10 9.95 158.12 69.10 204.84 -1 -1 -1 -1000 -1000 -1000 -10 0.0004 
Car -1 -1 -10 13.36 182.88 88.52 215.99 -1 -1 -1 -1000 -1000 -1000 -10 0.0003 
Car -1 -1 -10 225.45 208.63 291.01 246.41 -1 -1 -1 -1000 -1000 -1000 -10 0.0003 
Car -1 -1 -10 505.25 184.03 538.47 204.35 -1 -1 -1 -1000 -1000 -1000 -10 0.0002 
Car -1 -1 -10 327.55 205.70 389.82 253.85 -1 -1 -1 -1000 -1000 -1000 -10 0.0002 
Car -1 -1 -10 138.19 225.05 181.78 251.14 -1 -1 -1 -1000 -1000 -1000 -10 0.0002 
Car -1 -1 -10 131.55 242.27 174.00 268.55 -1 -1 -1 -1000 -1000 -1000 -10 0.0002 
Car -1 -1 -10 139.63 207.87 193.44 225.87 -1 -1 -1 -1000 -1000 -1000 -10 0.0001 
Car -1 -1 -10 0.00 262.05 72.97 295.71 -1 -1 -1 -1000 -1000 -1000 -10 0.0001 
Car -1 -1 -10 246.62 154.67 296.66 182.59 -1 -1 -1 -1000 -1000 -1000 -10 0.0001 
Car -1 -1 -10 752.21 191.72 810.30 236.76 -1 -1 -1 -1000 -1000 -1000 -10 0.0001 
Car -1 -1 -10 743.36 188.95 837.30 247.47 -1 -1 -1 -1000 -1000 -1000 -10 0.0001 
Car -1 -1 -10 0.00 218.73 54.02 241.70 -1 -1 -1 -1000 -1000 -1000 -10 0.0001 
Car -1 -1 -10 158.24 146.22 237.43 175.76 -1 -1 -1 -1000 -1000 -1000 -10 0.0001 
Car -1 -1 -10 142.36 134.94 204.51 161.05 -1 -1 -1 -1000 -1000 -1000 -10 0.0001 
Car -1 -1 -10 148.82 69.51 203.97 98.74 -1 -1 -1 -1000 -1000 -1000 -10 0.0001 
Car -1 -1 -10 158.95 137.81 229.49 166.25 -1 -1 -1 -1000 -1000 -1000 -10 0.0001 
Car -1 -1 -10 145.54 228.24 207.73 250.63 -1 -1 -1 -1000 -1000 -1000 -10 0.0001 
Car -1 -1 -10 662.26 142.42 739.69 179.92 -1 -1 -1 -1000 -1000 -1000 -10 0.0001 
Car -1 -1 -10 67.99 231.90 121.10 261.59 -1 -1 -1 -1000 -1000 -1000 -10 0.0001 
Car -1 -1 -10 0.00 271.64 53.60 305.82 -1 -1 -1 -1000 -1000 -1000 -10 0.0001 
Car -1 -1 -10 0.00 229.31 49.69 261.15 -1 -1 -1 -1000 -1000 -1000 -10 0.0001 
Car -1 -1 -10 203.07 208.16 398.84 278.24 -1 -1 -1 -1000 -1000 -1000 -10 0.0001 
Car -1 -1 -10 64.21 232.06 144.85 286.67 -1 -1 -1 -1000 -1000 -1000 -10 0.0001 
Car -1 -1 -10 52.24 259.56 101.73 298.16 -1 -1 -1 -1000 -1000 -1000 -10 0.0001 
Car -1 -1 -10 143.99 236.15 195.59 263.41 -1 -1 -1 -1000 -1000 -1000 -10 0.0001 
Car -1 -1 -10 777.85 185.35 946.10 260.54 -1 -1 -1 -1000 -1000 -1000 -10 0.0000 
Car -1 -1 -10 944.50 211.60 1015.25 251.49 -1 -1 -1 -1000 -1000 -1000 -10 0.0000 
Car -1 -1 -10 98.80 240.44 162.64 274.64 -1 -1 -1 -1000 -1000 -1000 -10 0.0000 
Car -1 -1 -10 222.40 145.23 293.04 175.10 -1 -1 -1 -1000 -1000 -1000 -10 0.0000 
Car -1 -1 -10 92.27 236.65 154.94 261.60 -1 -1 -1 -1000 -1000 -1000 -10 0.0000 
Car -1 -1 -10 8.92 59.03 98.73 110.23 -1 -1 -1 -1000 -1000 -1000 -10 0.0000 
Car -1 -1 -10 732.23 189.41 795.86 232.53 -1 -1 -1 -1000 -1000 -1000 -10 0.0000 
Car -1 -1 -10 748.52 184.64 865.47 296.85 -1 -1 -1 -1000 -1000 -1000 -10 0.0000 
Car -1 -1 -10 137.14 194.65 197.16 219.34 -1 -1 -1 -1000 -1000 -1000 -10 0.0000 
Car -1 -1 -10 8.84 237.32 61.06 267.99 -1 -1 -1 -1000 -1000 -1000 -10 0.0000 
Car -1 -1 -10 365.61 184.61 491.50 213.17 -1 -1 -1 -1000 -1000 -1000 -10 0.0000 
Car -1 -1 -10 908.43 224.98 1001.48 275.02 -1 -1 -1 -1000 -1000 -1000 -10 0.0000 
Car -1 -1 -10 286.61 207.86 380.78 254.65 -1 -1 -1 -1000 -1000 -1000 -10 0.0000 
Car -1 -1 -10 31.87 150.39 118.87 186.80 -1 -1 -1 -1000 -1000 -1000 -10 0.0000 
Car -1 -1 -10 67.40 223.90 150.28 265.20 -1 -1 -1 -1000 -1000 -1000 -10 0.0000 
Car -1 -1 -10 0.00 233.42 84.75 273.51 -1 -1 -1 -1000 -1000 -1000 -10 0.0000 
Car -1 -1 -10 476.01 185.58 505.12 219.71 -1 -1 -1 -1000 -1000 -1000 -10 0.0000 
Car -1 -1 -10 208.22 230.95 238.25 262.86 -1 -1 -1 -1000 -1000 -1000 -10 0.0000 
Car -1 -1 -10 801.93 189.58 935.04 234.42 -1 -1 -1 -1000 -1000 -1000 -10 0.0000 
Car -1 -1 -10 258.71 199.79 397.23 312.03 -1 -1 -1 -1000 -1000 -1000 -10 0.0000 
Car -1 -1 -10 203.97 221.54 252.01 277.84 -1 -1 -1 -1000 -1000 -1000 -10 0.0000 
Car -1 -1 -10 410.38 182.92 480.16 233.27 -1 -1 -1 -1000 -1000 -1000 -10 0.0000 
Car -1 -1 -10 358.03 185.97 425.86 261.81 -1 -1 -1 -1000 -1000 -1000 -10 0.0000 
Car -1 -1 -10 387.09 175.31 448.48 192.25 -1 -1 -1 -1000 -1000 -1000 -10 0.0000 
Car -1 -1 -10 866.04 256.81 956.06 327.37 -1 -1 -1 -1000 -1000 -1000 -10 0.0000 
Car -1 -1 -10 488.98 190.39 542.00 215.81 -1 -1 -1 -1000 -1000 -1000 -10 0.0000 
