Car -1 -1 -10 1149.70 224.67 1224.99 265.53 -1 -1 -1 -1000 -1000 -1000 -10 0.0242 
Car -1 -1 -10 1170.20 225.28 1224.96 253.30 -1 -1 -1 -1000 -1000 -1000 -10 0.0114 
Car -1 -1 -10 1130.40 279.23 1224.99 319.58 -1 -1 -1 -1000 -1000 -1000 -10 0.0109 
Car -1 -1 -10 1017.90 158.17 1081.89 194.90 -1 -1 -1 -1000 -1000 -1000 -10 0.0028 
Car -1 -1 -10 1030.80 134.62 1090.79 172.73 -1 -1 -1 -1000 -1000 -1000 -10 0.0024 
Car -1 -1 -10 1016.30 124.68 1095.25 164.15 -1 -1 -1 -1000 -1000 -1000 -10 0.0019 
Car -1 -1 -10 1120.20 226.79 1224.95 284.79 -1 -1 -1 -1000 -1000 -1000 -10 0.0010 
Car -1 -1 -10 940.78 146.55 1030.89 181.09 -1 -1 -1 -1000 -1000 -1000 -10 0.0009 
Car -1 -1 -10 671.05 174.77 720.59 219.03 -1 -1 -1 -1000 -1000 -1000 -10 0.0007 
Car -1 -1 -10 995.28 118.59 1084.92 153.30 -1 -1 -1 -1000 -1000 -1000 -10 0.0003 
Car -1 -1 -10 988.58 153.92 1069.99 192.88 -1 -1 -1 -1000 -1000 -1000 -10 0.0003 
Car -1 -1 -10 981.55 120.64 1051.04 161.40 -1 -1 -1 -1000 -1000 -1000 -10 0.0001 
Car -1 -1 -10 969.10 99.01 1054.42 131.51 -1 -1 -1 -1000 -1000 -1000 -10 0.0001 
Car -1 -1 -10 848.53 120.86 924.52 154.22 -1 -1 -1 -1000 -1000 -1000 -10 0.0001 
Car -1 -1 -10 697.54 107.81 760.16 132.53 -1 -1 -1 -1000 -1000 -1000 -10 0.0001 
Car -1 -1 -10 1026.70 111.23 1119.79 155.09 -1 -1 -1 -1000 -1000 -1000 -10 0.0000 
Car -1 -1 -10 536.57 205.61 605.60 243.32 -1 -1 -1 -1000 -1000 -1000 -10 0.0000 
Car -1 -1 -10 955.40 102.35 1078.44 142.55 -1 -1 -1 -1000 -1000 -1000 -10 0.0000 
Car -1 -1 -10 152.31 192.24 229.77 236.49 -1 -1 -1 -1000 -1000 -1000 -10 0.0000 
Car -1 -1 -10 930.61 123.52 996.52 154.25 -1 -1 -1 -1000 -1000 -1000 -10 0.0000 
Car -1 -1 -10 913.38 98.42 978.08 129.10 -1 -1 -1 -1000 -1000 -1000 -10 0.0000 
Car -1 -1 -10 922.29 102.36 1029.63 132.84 -1 -1 -1 -1000 -1000 -1000 -10 0.0000 
Car -1 -1 -10 889.83 114.73 970.57 148.09 -1 -1 -1 -1000 -1000 -1000 -10 0.0000 
Car -1 -1 -10 936.86 113.69 1021.82 135.84 -1 -1 -1 -1000 -1000 -1000 -10 0.0000 
Car -1 -1 -10 878.84 121.58 958.33 163.37 -1 -1 -1 -1000 -1000 -1000 -10 0.0000 
Car -1 -1 -10 501.69 29.09 622.40 77.45 -1 -1 -1 -1000 -1000 -1000 -10 0.0000 
Car -1 -1 -10 286.37 209.03 428.28 260.40 -1 -1 -1 -1000 -1000 -1000 -10 0.0000 
