Car -1 -1 -10 372.91 181.99 447.54 226.35 -1 -1 -1 -1000 -1000 -1000 -10 1.0000 
Car -1 -1 -10 1106.20 276.41 1163.69 303.83 -1 -1 -1 -1000 -1000 -1000 -10 0.0262 
Car -1 -1 -10 578.00 162.30 600.83 192.38 -1 -1 -1 -1000 -1000 -1000 -10 0.0222 
Car -1 -1 -10 1160.80 253.97 1203.91 282.76 -1 -1 -1 -1000 -1000 -1000 -10 0.0165 
Car -1 -1 -10 1156.10 279.84 1207.05 308.73 -1 -1 -1 -1000 -1000 -1000 -10 0.0113 
Car -1 -1 -10 1129.10 270.94 1173.20 299.58 -1 -1 -1 -1000 -1000 -1000 -10 0.0112 
Car -1 -1 -10 1081.80 248.24 1126.70 277.57 -1 -1 -1 -1000 -1000 -1000 -10 0.0098 
Car -1 -1 -10 1090.40 243.48 1137.53 273.07 -1 -1 -1 -1000 -1000 -1000 -10 0.0094 
Car -1 -1 -10 1019.50 160.03 1071.51 187.72 -1 -1 -1 -1000 -1000 -1000 -10 0.0086 
Car -1 -1 -10 1153.10 243.52 1204.50 270.77 -1 -1 -1 -1000 -1000 -1000 -10 0.0068 
Car -1 -1 -10 1025.30 240.54 1102.22 282.70 -1 -1 -1 -1000 -1000 -1000 -10 0.0059 
Car -1 -1 -10 1159.90 269.02 1226.25 315.11 -1 -1 -1 -1000 -1000 -1000 -10 0.0040 
Car -1 -1 -10 20.76 81.55 73.11 117.32 -1 -1 -1 -1000 -1000 -1000 -10 0.0017 
Car -1 -1 -10 242.46 100.50 297.35 133.47 -1 -1 -1 -1000 -1000 -1000 -10 0.0011 
Car -1 -1 -10 883.63 224.99 953.66 248.40 -1 -1 -1 -1000 -1000 -1000 -10 0.0006 
Car -1 -1 -10 3.57 32.87 58.62 73.71 -1 -1 -1 -1000 -1000 -1000 -10 0.0005 
Car -1 -1 -10 1093.80 50.70 1188.28 83.70 -1 -1 -1 -1000 -1000 -1000 -10 0.0005 
Car -1 -1 -10 174.53 194.73 293.68 221.08 -1 -1 -1 -1000 -1000 -1000 -10 0.0003 
Car -1 -1 -10 986.47 166.88 1024.74 192.26 -1 -1 -1 -1000 -1000 -1000 -10 0.0002 
Car -1 -1 -10 531.58 159.14 555.64 184.64 -1 -1 -1 -1000 -1000 -1000 -10 0.0001 
Car -1 -1 -10 1183.20 98.46 1242.96 132.63 -1 -1 -1 -1000 -1000 -1000 -10 0.0001 
Car -1 -1 -10 0.00 211.92 126.24 249.40 -1 -1 -1 -1000 -1000 -1000 -10 0.0001 
Car -1 -1 -10 12.63 25.73 84.02 62.89 -1 -1 -1 -1000 -1000 -1000 -10 0.0001 
Car -1 -1 -10 557.45 169.89 601.38 189.46 -1 -1 -1 -1000 -1000 -1000 -10 0.0000 
Car -1 -1 -10 409.36 179.27 448.97 223.40 -1 -1 -1 -1000 -1000 -1000 -10 0.0000 
Car -1 -1 -10 988.09 169.56 1032.37 205.68 -1 -1 -1 -1000 -1000 -1000 -10 0.0000 
Car -1 -1 -10 543.14 43.98 1106.39 186.18 -1 -1 -1 -1000 -1000 -1000 -10 0.0000 
Car -1 -1 -10 1178.40 88.91 1243.02 118.35 -1 -1 -1 -1000 -1000 -1000 -10 0.0000 
