Car -1 -1 -10 366.36 166.36 426.25 242.21 -1 -1 -1 -1000 -1000 -1000 -10 0.0832 
Car -1 -1 -10 764.69 155.12 819.03 182.50 -1 -1 -1 -1000 -1000 -1000 -10 0.0634 
Car -1 -1 -10 755.69 157.10 836.01 194.64 -1 -1 -1 -1000 -1000 -1000 -10 0.0576 
Car -1 -1 -10 726.55 162.73 790.88 207.92 -1 -1 -1 -1000 -1000 -1000 -10 0.0443 
Car -1 -1 -10 1144.20 321.87 1210.67 354.41 -1 -1 -1 -1000 -1000 -1000 -10 0.0345 
Car -1 -1 -10 768.46 161.52 810.22 194.27 -1 -1 -1 -1000 -1000 -1000 -10 0.0341 
Car -1 -1 -10 798.11 165.75 848.74 197.49 -1 -1 -1 -1000 -1000 -1000 -10 0.0137 
Car -1 -1 -10 1118.30 247.96 1238.96 343.69 -1 -1 -1 -1000 -1000 -1000 -10 0.0109 
Car -1 -1 -10 730.08 163.03 771.63 193.38 -1 -1 -1 -1000 -1000 -1000 -10 0.0105 
Car -1 -1 -10 712.17 122.44 824.36 152.34 -1 -1 -1 -1000 -1000 -1000 -10 0.0088 
Car -1 -1 -10 1064.90 327.60 1151.90 354.09 -1 -1 -1 -1000 -1000 -1000 -10 0.0065 
Car -1 -1 -10 395.45 126.17 461.41 146.06 -1 -1 -1 -1000 -1000 -1000 -10 0.0050 
Car -1 -1 -10 823.54 258.67 977.93 335.27 -1 -1 -1 -1000 -1000 -1000 -10 0.0038 
Car -1 -1 -10 712.57 118.16 820.76 184.34 -1 -1 -1 -1000 -1000 -1000 -10 0.0034 
Car -1 -1 -10 153.29 199.36 189.43 224.08 -1 -1 -1 -1000 -1000 -1000 -10 0.0032 
Car -1 -1 -10 720.80 120.61 749.29 159.85 -1 -1 -1 -1000 -1000 -1000 -10 0.0026 
Car -1 -1 -10 361.39 169.77 435.66 207.30 -1 -1 -1 -1000 -1000 -1000 -10 0.0021 
Car -1 -1 -10 571.59 64.84 694.49 125.75 -1 -1 -1 -1000 -1000 -1000 -10 0.0018 
Car -1 -1 -10 740.24 35.48 816.27 70.34 -1 -1 -1 -1000 -1000 -1000 -10 0.0007 
Car -1 -1 -10 778.78 175.21 809.02 194.01 -1 -1 -1 -1000 -1000 -1000 -10 0.0007 
Car -1 -1 -10 1155.20 260.96 1238.99 327.34 -1 -1 -1 -1000 -1000 -1000 -10 0.0005 
Car -1 -1 -10 1080.40 305.93 1140.68 353.41 -1 -1 -1 -1000 -1000 -1000 -10 0.0004 
Car -1 -1 -10 665.28 294.01 736.35 347.23 -1 -1 -1 -1000 -1000 -1000 -10 0.0003 
Car -1 -1 -10 1121.30 329.50 1171.54 354.21 -1 -1 -1 -1000 -1000 -1000 -10 0.0002 
Car -1 -1 -10 150.47 234.38 218.04 281.93 -1 -1 -1 -1000 -1000 -1000 -10 0.0002 
Car -1 -1 -10 831.57 159.81 884.69 186.42 -1 -1 -1 -1000 -1000 -1000 -10 0.0002 
Car -1 -1 -10 728.86 158.33 780.47 180.96 -1 -1 -1 -1000 -1000 -1000 -10 0.0002 
Car -1 -1 -10 670.66 122.26 754.62 167.84 -1 -1 -1 -1000 -1000 -1000 -10 0.0002 
Car -1 -1 -10 700.57 0.19 816.26 76.06 -1 -1 -1 -1000 -1000 -1000 -10 0.0002 
Car -1 -1 -10 883.38 200.58 946.20 241.87 -1 -1 -1 -1000 -1000 -1000 -10 0.0001 
Car -1 -1 -10 378.27 126.83 430.95 151.15 -1 -1 -1 -1000 -1000 -1000 -10 0.0001 
Car -1 -1 -10 1138.60 13.76 1206.74 50.63 -1 -1 -1 -1000 -1000 -1000 -10 0.0001 
Car -1 -1 -10 689.46 39.52 769.40 78.08 -1 -1 -1 -1000 -1000 -1000 -10 0.0001 
Car -1 -1 -10 784.83 178.60 819.75 196.81 -1 -1 -1 -1000 -1000 -1000 -10 0.0001 
Car -1 -1 -10 444.27 199.20 504.49 215.79 -1 -1 -1 -1000 -1000 -1000 -10 0.0001 
Car -1 -1 -10 559.19 101.01 647.89 151.60 -1 -1 -1 -1000 -1000 -1000 -10 0.0001 
Car -1 -1 -10 577.94 170.50 691.90 204.68 -1 -1 -1 -1000 -1000 -1000 -10 0.0001 
Car -1 -1 -10 582.46 101.03 635.55 131.52 -1 -1 -1 -1000 -1000 -1000 -10 0.0001 
Car -1 -1 -10 957.67 270.53 1122.30 356.39 -1 -1 -1 -1000 -1000 -1000 -10 0.0000 
Car -1 -1 -10 624.57 62.48 772.01 121.25 -1 -1 -1 -1000 -1000 -1000 -10 0.0000 
Car -1 -1 -10 559.50 195.10 616.38 210.95 -1 -1 -1 -1000 -1000 -1000 -10 0.0000 
Car -1 -1 -10 44.95 334.13 125.58 374.79 -1 -1 -1 -1000 -1000 -1000 -10 0.0000 
Car -1 -1 -10 137.89 242.61 246.88 300.81 -1 -1 -1 -1000 -1000 -1000 -10 0.0000 
Car -1 -1 -10 990.70 238.51 1234.19 352.43 -1 -1 -1 -1000 -1000 -1000 -10 0.0000 
Car -1 -1 -10 926.43 307.11 1115.07 357.86 -1 -1 -1 -1000 -1000 -1000 -10 0.0000 
Car -1 -1 -10 1102.90 286.89 1212.69 350.63 -1 -1 -1 -1000 -1000 -1000 -10 0.0000 
Car -1 -1 -10 588.30 96.35 647.81 119.70 -1 -1 -1 -1000 -1000 -1000 -10 0.0000 
Car -1 -1 -10 894.71 64.20 1227.59 364.03 -1 -1 -1 -1000 -1000 -1000 -10 0.0000 
Car -1 -1 -10 672.64 28.19 800.69 73.54 -1 -1 -1 -1000 -1000 -1000 -10 0.0000 
Car -1 -1 -10 579.50 124.09 713.93 201.16 -1 -1 -1 -1000 -1000 -1000 -10 0.0000 
Car -1 -1 -10 539.61 115.57 683.64 162.36 -1 -1 -1 -1000 -1000 -1000 -10 0.0000 
Car -1 -1 -10 680.95 54.11 780.67 91.74 -1 -1 -1 -1000 -1000 -1000 -10 0.0000 
Car -1 -1 -10 246.60 140.15 372.21 202.16 -1 -1 -1 -1000 -1000 -1000 -10 0.0000 
Car -1 -1 -10 767.08 226.71 841.27 267.45 -1 -1 -1 -1000 -1000 -1000 -10 0.0000 
