Car -1 -1 -10 590.27 173.65 618.29 200.10 -1 -1 -1 -1000 -1000 -1000 -10 0.9940 
Car -1 -1 -10 0.00 166.41 137.20 287.09 -1 -1 -1 -1000 -1000 -1000 -10 0.0425 
Car -1 -1 -10 394.34 165.19 460.81 213.12 -1 -1 -1 -1000 -1000 -1000 -10 0.0268 
Car -1 -1 -10 136.90 113.04 202.61 135.78 -1 -1 -1 -1000 -1000 -1000 -10 0.0065 
Car -1 -1 -10 21.99 87.30 72.77 119.66 -1 -1 -1 -1000 -1000 -1000 -10 0.0051 
Car -1 -1 -10 158.93 136.68 213.29 172.22 -1 -1 -1 -1000 -1000 -1000 -10 0.0045 
Car -1 -1 -10 175.26 129.25 217.42 158.79 -1 -1 -1 -1000 -1000 -1000 -10 0.0040 
Car -1 -1 -10 145.82 127.28 203.61 161.57 -1 -1 -1 -1000 -1000 -1000 -10 0.0028 
Car -1 -1 -10 19.65 63.19 88.70 111.17 -1 -1 -1 -1000 -1000 -1000 -10 0.0019 
Car -1 -1 -10 167.97 89.70 227.54 122.97 -1 -1 -1 -1000 -1000 -1000 -10 0.0018 
Car -1 -1 -10 7.10 310.46 57.15 345.99 -1 -1 -1 -1000 -1000 -1000 -10 0.0012 
Car -1 -1 -10 170.11 142.29 235.54 178.30 -1 -1 -1 -1000 -1000 -1000 -10 0.0011 
Car -1 -1 -10 58.73 29.39 112.48 58.75 -1 -1 -1 -1000 -1000 -1000 -10 0.0008 
Car -1 -1 -10 185.97 99.68 237.23 124.54 -1 -1 -1 -1000 -1000 -1000 -10 0.0003 
Car -1 -1 -10 62.76 95.89 155.45 130.25 -1 -1 -1 -1000 -1000 -1000 -10 0.0002 
Car -1 -1 -10 1180.30 24.04 1242.95 61.35 -1 -1 -1 -1000 -1000 -1000 -10 0.0001 
Car -1 -1 -10 81.42 86.07 166.39 123.53 -1 -1 -1 -1000 -1000 -1000 -10 0.0000 
Car -1 -1 -10 0.00 184.20 354.13 279.06 -1 -1 -1 -1000 -1000 -1000 -10 0.0000 
Car -1 -1 -10 136.65 124.88 223.54 191.42 -1 -1 -1 -1000 -1000 -1000 -10 0.0000 
Car -1 -1 -10 481.18 176.17 523.42 195.38 -1 -1 -1 -1000 -1000 -1000 -10 0.0000 
Car -1 -1 -10 1029.90 129.67 1113.37 173.95 -1 -1 -1 -1000 -1000 -1000 -10 0.0000 
Car -1 -1 -10 22.32 205.73 388.26 320.09 -1 -1 -1 -1000 -1000 -1000 -10 0.0000 
