Car -1 -1 -10 391.58 175.49 511.84 266.13 -1 -1 -1 -1000 -1000 -1000 -10 1.0000 
Car -1 -1 -10 724.70 177.90 849.06 258.44 -1 -1 -1 -1000 -1000 -1000 -10 0.9997 
Car -1 -1 -10 685.50 165.55 779.20 234.31 -1 -1 -1 -1000 -1000 -1000 -10 0.9954 
Car -1 -1 -10 0.00 165.01 388.14 374.97 -1 -1 -1 -1000 -1000 -1000 -10 0.9898 
Car -1 -1 -10 518.85 173.69 556.65 204.13 -1 -1 -1 -1000 -1000 -1000 -10 0.7459 
Car -1 -1 -10 458.90 173.78 532.67 240.18 -1 -1 -1 -1000 -1000 -1000 -10 0.2315 
Car -1 -1 -10 275.63 240.91 326.25 273.93 -1 -1 -1 -1000 -1000 -1000 -10 0.0068 
Car -1 -1 -10 274.46 170.74 399.18 211.07 -1 -1 -1 -1000 -1000 -1000 -10 0.0065 
Car -1 -1 -10 266.28 173.68 383.95 270.91 -1 -1 -1 -1000 -1000 -1000 -10 0.0061 
Car -1 -1 -10 689.19 167.63 743.42 214.11 -1 -1 -1 -1000 -1000 -1000 -10 0.0021 
Car -1 -1 -10 693.31 167.51 778.66 200.08 -1 -1 -1 -1000 -1000 -1000 -10 0.0015 
Car -1 -1 -10 886.97 196.75 940.56 220.02 -1 -1 -1 -1000 -1000 -1000 -10 0.0010 
Car -1 -1 -10 42.83 87.01 166.40 133.30 -1 -1 -1 -1000 -1000 -1000 -10 0.0010 
Car -1 -1 -10 996.85 74.73 1240.29 269.91 -1 -1 -1 -1000 -1000 -1000 -10 0.0007 
Car -1 -1 -10 996.11 212.24 1079.37 243.11 -1 -1 -1 -1000 -1000 -1000 -10 0.0007 
Car -1 -1 -10 302.85 172.82 371.50 203.19 -1 -1 -1 -1000 -1000 -1000 -10 0.0007 
Car -1 -1 -10 500.51 173.43 538.67 204.27 -1 -1 -1 -1000 -1000 -1000 -10 0.0006 
Car -1 -1 -10 24.89 220.51 134.45 265.90 -1 -1 -1 -1000 -1000 -1000 -10 0.0005 
Car -1 -1 -10 449.75 97.32 507.56 137.86 -1 -1 -1 -1000 -1000 -1000 -10 0.0004 
Car -1 -1 -10 252.60 237.98 326.20 287.55 -1 -1 -1 -1000 -1000 -1000 -10 0.0003 
Car -1 -1 -10 738.24 41.25 797.51 74.19 -1 -1 -1 -1000 -1000 -1000 -10 0.0003 
Car -1 -1 -10 1105.10 73.26 1201.82 115.20 -1 -1 -1 -1000 -1000 -1000 -10 0.0002 
Car -1 -1 -10 90.83 181.26 233.14 269.88 -1 -1 -1 -1000 -1000 -1000 -10 0.0002 
Car -1 -1 -10 630.82 95.32 706.27 131.90 -1 -1 -1 -1000 -1000 -1000 -10 0.0002 
Car -1 -1 -10 326.25 169.07 390.60 212.17 -1 -1 -1 -1000 -1000 -1000 -10 0.0001 
Car -1 -1 -10 808.73 98.51 870.20 123.60 -1 -1 -1 -1000 -1000 -1000 -10 0.0001 
Car -1 -1 -10 987.39 206.51 1025.06 231.19 -1 -1 -1 -1000 -1000 -1000 -10 0.0001 
Car -1 -1 -10 412.64 182.68 456.64 225.39 -1 -1 -1 -1000 -1000 -1000 -10 0.0001 
Car -1 -1 -10 226.21 169.30 386.60 350.13 -1 -1 -1 -1000 -1000 -1000 -10 0.0001 
Car -1 -1 -10 685.87 192.91 739.25 232.81 -1 -1 -1 -1000 -1000 -1000 -10 0.0001 
Car -1 -1 -10 157.37 91.77 309.24 170.99 -1 -1 -1 -1000 -1000 -1000 -10 0.0000 
Car -1 -1 -10 244.29 240.59 299.71 278.97 -1 -1 -1 -1000 -1000 -1000 -10 0.0000 
Car -1 -1 -10 1011.10 163.28 1124.76 207.09 -1 -1 -1 -1000 -1000 -1000 -10 0.0000 
Car -1 -1 -10 649.18 183.81 683.98 208.63 -1 -1 -1 -1000 -1000 -1000 -10 0.0000 
Car -1 -1 -10 387.70 187.86 440.10 238.19 -1 -1 -1 -1000 -1000 -1000 -10 0.0000 
Car -1 -1 -10 427.00 176.69 500.24 199.21 -1 -1 -1 -1000 -1000 -1000 -10 0.0000 
Car -1 -1 -10 54.31 288.63 216.48 370.06 -1 -1 -1 -1000 -1000 -1000 -10 0.0000 
Car -1 -1 -10 979.46 165.83 1112.74 233.14 -1 -1 -1 -1000 -1000 -1000 -10 0.0000 
Car -1 -1 -10 183.63 85.46 345.28 119.10 -1 -1 -1 -1000 -1000 -1000 -10 0.0000 
Car -1 -1 -10 1042.70 178.23 1125.65 201.46 -1 -1 -1 -1000 -1000 -1000 -10 0.0000 
Car -1 -1 -10 622.28 174.16 669.13 191.07 -1 -1 -1 -1000 -1000 -1000 -10 0.0000 
Car -1 -1 -10 1061.00 173.28 1128.25 246.10 -1 -1 -1 -1000 -1000 -1000 -10 0.0000 
Car -1 -1 -10 249.33 233.11 290.32 269.43 -1 -1 -1 -1000 -1000 -1000 -10 0.0000 
Car -1 -1 -10 215.13 170.11 338.77 217.39 -1 -1 -1 -1000 -1000 -1000 -10 0.0000 
Car -1 -1 -10 437.52 172.87 494.78 189.45 -1 -1 -1 -1000 -1000 -1000 -10 0.0000 
Car -1 -1 -10 425.41 178.42 522.93 209.71 -1 -1 -1 -1000 -1000 -1000 -10 0.0000 
Car -1 -1 -10 999.14 117.91 1135.04 254.43 -1 -1 -1 -1000 -1000 -1000 -10 0.0000 
Car -1 -1 -10 1033.90 176.14 1180.40 261.39 -1 -1 -1 -1000 -1000 -1000 -10 0.0000 
Car -1 -1 -10 643.84 178.27 678.97 196.38 -1 -1 -1 -1000 -1000 -1000 -10 0.0000 
Car -1 -1 -10 690.08 214.65 734.74 234.79 -1 -1 -1 -1000 -1000 -1000 -10 0.0000 
Car -1 -1 -10 620.41 179.73 674.37 195.01 -1 -1 -1 -1000 -1000 -1000 -10 0.0000 
Car -1 -1 -10 1081.10 138.74 1162.19 178.44 -1 -1 -1 -1000 -1000 -1000 -10 0.0000 
Car -1 -1 -10 604.99 188.82 672.63 210.04 -1 -1 -1 -1000 -1000 -1000 -10 0.0000 
Car -1 -1 -10 630.14 182.22 679.14 201.56 -1 -1 -1 -1000 -1000 -1000 -10 0.0000 
Car -1 -1 -10 230.60 206.14 293.95 279.63 -1 -1 -1 -1000 -1000 -1000 -10 0.0000 
