Car -1 -1 -10 785.91 186.36 967.59 304.31 -1 -1 -1 -1000 -1000 -1000 -10 1.0000 
Car -1 -1 -10 1026.50 184.45 1243.01 308.67 -1 -1 -1 -1000 -1000 -1000 -10 0.9933 
Car -1 -1 -10 172.02 142.66 214.31 167.63 -1 -1 -1 -1000 -1000 -1000 -10 0.0022 
Car -1 -1 -10 142.55 178.13 219.63 197.86 -1 -1 -1 -1000 -1000 -1000 -10 0.0009 
Car -1 -1 -10 19.24 156.75 88.06 194.49 -1 -1 -1 -1000 -1000 -1000 -10 0.0009 
Car -1 -1 -10 346.33 195.62 427.40 239.91 -1 -1 -1 -1000 -1000 -1000 -10 0.0006 
Car -1 -1 -10 967.73 76.67 1022.56 124.32 -1 -1 -1 -1000 -1000 -1000 -10 0.0005 
Car -1 -1 -10 44.49 169.60 85.24 197.12 -1 -1 -1 -1000 -1000 -1000 -10 0.0004 
Car -1 -1 -10 1119.10 111.54 1180.13 134.55 -1 -1 -1 -1000 -1000 -1000 -10 0.0002 
Car -1 -1 -10 1062.30 108.13 1108.74 128.28 -1 -1 -1 -1000 -1000 -1000 -10 0.0001 
Car -1 -1 -10 0.00 89.79 112.40 132.57 -1 -1 -1 -1000 -1000 -1000 -10 0.0001 
Car -1 -1 -10 1123.30 118.88 1184.85 145.68 -1 -1 -1 -1000 -1000 -1000 -10 0.0001 
Car -1 -1 -10 262.34 26.26 397.49 89.75 -1 -1 -1 -1000 -1000 -1000 -10 0.0000 
Car -1 -1 -10 53.36 175.92 119.97 198.32 -1 -1 -1 -1000 -1000 -1000 -10 0.0000 
Car -1 -1 -10 435.44 273.99 477.61 319.73 -1 -1 -1 -1000 -1000 -1000 -10 0.0000 
Car -1 -1 -10 44.76 176.35 178.09 195.67 -1 -1 -1 -1000 -1000 -1000 -10 0.0000 
Car -1 -1 -10 980.69 70.06 1072.81 90.52 -1 -1 -1 -1000 -1000 -1000 -10 0.0000 
Car -1 -1 -10 775.21 185.24 869.57 280.92 -1 -1 -1 -1000 -1000 -1000 -10 0.0000 
Car -1 -1 -10 18.58 195.17 70.31 207.09 -1 -1 -1 -1000 -1000 -1000 -10 0.0000 
