Car -1 -1 -10 530.97 172.81 659.58 254.66 -1 -1 -1 -1000 -1000 -1000 -10 0.9999 
Car -1 -1 -10 834.26 190.86 1243.00 373.54 -1 -1 -1 -1000 -1000 -1000 -10 0.9967 
Car -1 -1 -10 672.53 167.61 712.01 195.99 -1 -1 -1 -1000 -1000 -1000 -10 0.9813 
Car -1 -1 -10 805.27 178.84 937.82 306.50 -1 -1 -1 -1000 -1000 -1000 -10 0.9740 
Car -1 -1 -10 0.00 175.17 344.44 376.00 -1 -1 -1 -1000 -1000 -1000 -10 0.9485 
Car -1 -1 -10 620.85 170.05 684.97 211.05 -1 -1 -1 -1000 -1000 -1000 -10 0.7842 
Car -1 -1 -10 791.67 166.90 834.30 200.85 -1 -1 -1 -1000 -1000 -1000 -10 0.4142 
Car -1 -1 -10 1156.00 143.23 1233.06 184.48 -1 -1 -1 -1000 -1000 -1000 -10 0.1314 
Car -1 -1 -10 388.55 181.47 429.52 200.12 -1 -1 -1 -1000 -1000 -1000 -10 0.0762 
Car -1 -1 -10 1142.70 135.78 1242.99 200.06 -1 -1 -1 -1000 -1000 -1000 -10 0.0558 
Car -1 -1 -10 38.57 183.07 201.42 212.40 -1 -1 -1 -1000 -1000 -1000 -10 0.0167 
Car -1 -1 -10 126.30 187.45 215.39 221.29 -1 -1 -1 -1000 -1000 -1000 -10 0.0133 
Car -1 -1 -10 1052.70 135.80 1182.73 206.28 -1 -1 -1 -1000 -1000 -1000 -10 0.0129 
Car -1 -1 -10 93.51 146.40 150.90 179.14 -1 -1 -1 -1000 -1000 -1000 -10 0.0083 
Car -1 -1 -10 76.24 185.82 236.86 224.75 -1 -1 -1 -1000 -1000 -1000 -10 0.0042 
Car -1 -1 -10 803.02 174.98 923.56 227.35 -1 -1 -1 -1000 -1000 -1000 -10 0.0036 
Car -1 -1 -10 937.63 146.83 1067.72 207.75 -1 -1 -1 -1000 -1000 -1000 -10 0.0033 
Car -1 -1 -10 827.30 155.34 965.49 190.47 -1 -1 -1 -1000 -1000 -1000 -10 0.0032 
Car -1 -1 -10 796.35 172.75 904.62 206.37 -1 -1 -1 -1000 -1000 -1000 -10 0.0029 
Car -1 -1 -10 904.98 157.21 985.23 194.96 -1 -1 -1 -1000 -1000 -1000 -10 0.0017 
Car -1 -1 -10 160.66 186.19 236.72 215.22 -1 -1 -1 -1000 -1000 -1000 -10 0.0014 
Car -1 -1 -10 0.00 187.78 84.22 234.04 -1 -1 -1 -1000 -1000 -1000 -10 0.0012 
Car -1 -1 -10 1038.00 141.41 1130.51 204.41 -1 -1 -1 -1000 -1000 -1000 -10 0.0011 
Car -1 -1 -10 82.58 141.89 172.66 202.02 -1 -1 -1 -1000 -1000 -1000 -10 0.0009 
Car -1 -1 -10 826.00 167.10 892.35 200.41 -1 -1 -1 -1000 -1000 -1000 -10 0.0007 
Car -1 -1 -10 988.18 114.69 1202.26 310.16 -1 -1 -1 -1000 -1000 -1000 -10 0.0004 
Car -1 -1 -10 794.87 168.07 866.55 224.68 -1 -1 -1 -1000 -1000 -1000 -10 0.0004 
Car -1 -1 -10 141.98 184.81 219.50 209.34 -1 -1 -1 -1000 -1000 -1000 -10 0.0004 
Car -1 -1 -10 556.96 172.09 667.44 202.56 -1 -1 -1 -1000 -1000 -1000 -10 0.0002 
Car -1 -1 -10 831.76 161.13 898.77 189.27 -1 -1 -1 -1000 -1000 -1000 -10 0.0002 
Car -1 -1 -10 659.32 173.75 686.11 205.78 -1 -1 -1 -1000 -1000 -1000 -10 0.0001 
Car -1 -1 -10 855.64 184.65 926.81 235.65 -1 -1 -1 -1000 -1000 -1000 -10 0.0001 
Car -1 -1 -10 763.32 139.88 803.43 182.70 -1 -1 -1 -1000 -1000 -1000 -10 0.0001 
Car -1 -1 -10 0.00 147.97 100.07 210.34 -1 -1 -1 -1000 -1000 -1000 -10 0.0000 
Car -1 -1 -10 997.62 159.49 1069.18 201.34 -1 -1 -1 -1000 -1000 -1000 -10 0.0000 
Car -1 -1 -10 12.56 181.98 107.26 210.19 -1 -1 -1 -1000 -1000 -1000 -10 0.0000 
Car -1 -1 -10 536.40 175.59 611.34 239.12 -1 -1 -1 -1000 -1000 -1000 -10 0.0000 
Car -1 -1 -10 912.15 190.75 1041.14 240.85 -1 -1 -1 -1000 -1000 -1000 -10 0.0000 
Car -1 -1 -10 231.34 217.00 327.68 313.51 -1 -1 -1 -1000 -1000 -1000 -10 0.0000 
