Car -1 -1 -10 546.93 179.07 612.16 227.00 -1 -1 -1 -1000 -1000 -1000 -10 0.9999 
Car -1 -1 -10 611.23 178.30 647.86 206.72 -1 -1 -1 -1000 -1000 -1000 -10 0.9998 
Car -1 -1 -10 719.28 176.36 763.17 214.60 -1 -1 -1 -1000 -1000 -1000 -10 0.9996 
Car -1 -1 -10 854.11 173.16 1240.94 376.00 -1 -1 -1 -1000 -1000 -1000 -10 0.5527 
Car -1 -1 -10 805.62 249.07 907.18 306.58 -1 -1 -1 -1000 -1000 -1000 -10 0.0856 
Car -1 -1 -10 1077.70 241.57 1243.04 371.91 -1 -1 -1 -1000 -1000 -1000 -10 0.0291 
Car -1 -1 -10 806.31 201.92 954.70 308.38 -1 -1 -1 -1000 -1000 -1000 -10 0.0204 
Car -1 -1 -10 125.62 40.19 194.46 66.85 -1 -1 -1 -1000 -1000 -1000 -10 0.0121 
Car -1 -1 -10 219.93 141.57 278.17 184.82 -1 -1 -1 -1000 -1000 -1000 -10 0.0022 
Car -1 -1 -10 710.90 179.19 736.98 206.12 -1 -1 -1 -1000 -1000 -1000 -10 0.0019 
Car -1 -1 -10 791.24 82.29 859.88 104.07 -1 -1 -1 -1000 -1000 -1000 -10 0.0015 
Car -1 -1 -10 233.59 121.24 335.33 159.69 -1 -1 -1 -1000 -1000 -1000 -10 0.0010 
Car -1 -1 -10 217.61 122.29 279.21 157.55 -1 -1 -1 -1000 -1000 -1000 -10 0.0008 
Car -1 -1 -10 194.63 116.75 259.83 139.15 -1 -1 -1 -1000 -1000 -1000 -10 0.0008 
Car -1 -1 -10 1056.10 246.17 1196.85 281.14 -1 -1 -1 -1000 -1000 -1000 -10 0.0007 
Car -1 -1 -10 892.73 187.56 1111.73 310.89 -1 -1 -1 -1000 -1000 -1000 -10 0.0005 
Car -1 -1 -10 845.05 136.55 895.28 162.56 -1 -1 -1 -1000 -1000 -1000 -10 0.0004 
Car -1 -1 -10 0.00 35.76 77.25 72.99 -1 -1 -1 -1000 -1000 -1000 -10 0.0004 
Car -1 -1 -10 1111.30 247.78 1239.92 303.45 -1 -1 -1 -1000 -1000 -1000 -10 0.0001 
Car -1 -1 -10 852.32 245.40 894.52 290.22 -1 -1 -1 -1000 -1000 -1000 -10 0.0001 
Car -1 -1 -10 216.76 123.03 310.59 185.09 -1 -1 -1 -1000 -1000 -1000 -10 0.0001 
Car -1 -1 -10 45.41 59.24 115.26 86.05 -1 -1 -1 -1000 -1000 -1000 -10 0.0001 
Car -1 -1 -10 991.16 195.26 1219.44 344.39 -1 -1 -1 -1000 -1000 -1000 -10 0.0001 
Car -1 -1 -10 867.11 202.50 935.84 230.39 -1 -1 -1 -1000 -1000 -1000 -10 0.0000 
Car -1 -1 -10 371.65 159.83 469.52 180.59 -1 -1 -1 -1000 -1000 -1000 -10 0.0000 
Car -1 -1 -10 508.49 145.30 571.90 175.33 -1 -1 -1 -1000 -1000 -1000 -10 0.0000 
Car -1 -1 -10 847.85 25.85 918.82 57.90 -1 -1 -1 -1000 -1000 -1000 -10 0.0000 
Car -1 -1 -10 369.50 168.78 459.50 195.84 -1 -1 -1 -1000 -1000 -1000 -10 0.0000 
Car -1 -1 -10 1019.80 206.07 1166.35 300.52 -1 -1 -1 -1000 -1000 -1000 -10 0.0000 
Car -1 -1 -10 586.29 178.17 622.94 204.78 -1 -1 -1 -1000 -1000 -1000 -10 0.0000 
Car -1 -1 -10 194.93 228.15 251.69 243.95 -1 -1 -1 -1000 -1000 -1000 -10 0.0000 
