Car -1 -1 -10 598.18 182.05 691.48 270.28 -1 -1 -1 -1000 -1000 -1000 -10 1.0000 
Car -1 -1 -10 727.92 176.17 862.22 239.76 -1 -1 -1 -1000 -1000 -1000 -10 1.0000 
Car -1 -1 -10 334.83 190.34 413.72 229.46 -1 -1 -1 -1000 -1000 -1000 -10 1.0000 
Car -1 -1 -10 477.49 185.81 525.43 215.89 -1 -1 -1 -1000 -1000 -1000 -10 1.0000 
Car -1 -1 -10 387.15 180.81 443.67 220.26 -1 -1 -1 -1000 -1000 -1000 -10 0.9997 
Car -1 -1 -10 207.30 186.44 287.51 226.89 -1 -1 -1 -1000 -1000 -1000 -10 0.9985 
Car -1 -1 -10 690.50 179.59 774.56 219.99 -1 -1 -1 -1000 -1000 -1000 -10 0.9975 
Car -1 -1 -10 547.33 179.80 580.60 204.40 -1 -1 -1 -1000 -1000 -1000 -10 0.9902 
Car -1 -1 -10 449.40 182.67 493.00 210.44 -1 -1 -1 -1000 -1000 -1000 -10 0.9892 
Car -1 -1 -10 0.00 201.49 178.91 350.01 -1 -1 -1 -1000 -1000 -1000 -10 0.8301 
Car -1 -1 -10 0.00 190.82 39.51 221.27 -1 -1 -1 -1000 -1000 -1000 -10 0.2935 
Car -1 -1 -10 329.14 185.84 372.65 217.28 -1 -1 -1 -1000 -1000 -1000 -10 0.0912 
Car -1 -1 -10 513.91 181.28 548.30 204.08 -1 -1 -1 -1000 -1000 -1000 -10 0.0177 
Car -1 -1 -10 297.06 319.77 346.07 345.56 -1 -1 -1 -1000 -1000 -1000 -10 0.0093 
Car -1 -1 -10 365.42 282.18 414.04 318.74 -1 -1 -1 -1000 -1000 -1000 -10 0.0067 
Car -1 -1 -10 342.07 295.72 396.67 322.17 -1 -1 -1 -1000 -1000 -1000 -10 0.0063 
Car -1 -1 -10 996.62 93.71 1066.37 126.28 -1 -1 -1 -1000 -1000 -1000 -10 0.0051 
Car -1 -1 -10 373.85 310.47 430.06 339.98 -1 -1 -1 -1000 -1000 -1000 -10 0.0046 
Car -1 -1 -10 367.76 303.51 422.16 332.94 -1 -1 -1 -1000 -1000 -1000 -10 0.0045 
Car -1 -1 -10 375.06 275.61 431.12 310.58 -1 -1 -1 -1000 -1000 -1000 -10 0.0039 
Car -1 -1 -10 296.88 291.19 354.15 325.01 -1 -1 -1 -1000 -1000 -1000 -10 0.0035 
Car -1 -1 -10 275.49 326.58 335.97 352.47 -1 -1 -1 -1000 -1000 -1000 -10 0.0035 
Car -1 -1 -10 1190.10 157.91 1242.97 190.63 -1 -1 -1 -1000 -1000 -1000 -10 0.0035 
Car -1 -1 -10 339.16 282.87 399.38 314.29 -1 -1 -1 -1000 -1000 -1000 -10 0.0029 
Car -1 -1 -10 299.59 315.31 375.02 355.70 -1 -1 -1 -1000 -1000 -1000 -10 0.0024 
Car -1 -1 -10 383.89 298.73 432.64 326.64 -1 -1 -1 -1000 -1000 -1000 -10 0.0023 
Car -1 -1 -10 191.44 186.22 249.37 215.24 -1 -1 -1 -1000 -1000 -1000 -10 0.0020 
Car -1 -1 -10 343.22 300.63 410.96 338.43 -1 -1 -1 -1000 -1000 -1000 -10 0.0019 
Car -1 -1 -10 214.11 315.42 292.15 351.64 -1 -1 -1 -1000 -1000 -1000 -10 0.0017 
Car -1 -1 -10 415.39 273.64 475.55 300.35 -1 -1 -1 -1000 -1000 -1000 -10 0.0014 
Car -1 -1 -10 734.16 88.37 785.15 112.23 -1 -1 -1 -1000 -1000 -1000 -10 0.0013 
Car -1 -1 -10 332.51 312.26 420.21 352.49 -1 -1 -1 -1000 -1000 -1000 -10 0.0011 
Car -1 -1 -10 656.23 179.63 720.96 218.64 -1 -1 -1 -1000 -1000 -1000 -10 0.0009 
Car -1 -1 -10 87.12 202.77 184.77 280.33 -1 -1 -1 -1000 -1000 -1000 -10 0.0007 
Car -1 -1 -10 259.64 318.54 356.81 354.93 -1 -1 -1 -1000 -1000 -1000 -10 0.0007 
Car -1 -1 -10 902.00 130.00 965.43 167.61 -1 -1 -1 -1000 -1000 -1000 -10 0.0007 
Car -1 -1 -10 302.23 278.03 383.38 319.80 -1 -1 -1 -1000 -1000 -1000 -10 0.0006 
Car -1 -1 -10 202.96 323.70 260.13 355.09 -1 -1 -1 -1000 -1000 -1000 -10 0.0006 
Car -1 -1 -10 396.46 268.47 467.01 306.45 -1 -1 -1 -1000 -1000 -1000 -10 0.0006 
Car -1 -1 -10 791.38 175.19 859.03 234.91 -1 -1 -1 -1000 -1000 -1000 -10 0.0005 
Car -1 -1 -10 792.72 68.07 855.16 104.15 -1 -1 -1 -1000 -1000 -1000 -10 0.0004 
Car -1 -1 -10 499.85 185.24 524.69 212.35 -1 -1 -1 -1000 -1000 -1000 -10 0.0004 
Car -1 -1 -10 406.74 259.33 485.19 297.08 -1 -1 -1 -1000 -1000 -1000 -10 0.0003 
Car -1 -1 -10 412.77 182.40 442.63 217.91 -1 -1 -1 -1000 -1000 -1000 -10 0.0003 
Car -1 -1 -10 0.00 212.26 98.76 269.60 -1 -1 -1 -1000 -1000 -1000 -10 0.0002 
Car -1 -1 -10 223.24 300.95 287.93 340.38 -1 -1 -1 -1000 -1000 -1000 -10 0.0002 
Car -1 -1 -10 301.36 22.16 369.70 54.40 -1 -1 -1 -1000 -1000 -1000 -10 0.0001 
Car -1 -1 -10 351.17 101.59 419.34 126.89 -1 -1 -1 -1000 -1000 -1000 -10 0.0001 
Car -1 -1 -10 266.05 23.03 323.72 54.73 -1 -1 -1 -1000 -1000 -1000 -10 0.0001 
Car -1 -1 -10 52.54 207.22 186.16 238.71 -1 -1 -1 -1000 -1000 -1000 -10 0.0001 
Car -1 -1 -10 792.56 202.63 940.73 232.86 -1 -1 -1 -1000 -1000 -1000 -10 0.0001 
Car -1 -1 -10 435.72 182.36 468.37 210.16 -1 -1 -1 -1000 -1000 -1000 -10 0.0001 
Car -1 -1 -10 423.49 182.98 453.73 211.38 -1 -1 -1 -1000 -1000 -1000 -10 0.0000 
Car -1 -1 -10 859.87 130.88 952.98 158.15 -1 -1 -1 -1000 -1000 -1000 -10 0.0000 
Car -1 -1 -10 634.38 180.22 718.80 204.15 -1 -1 -1 -1000 -1000 -1000 -10 0.0000 
Car -1 -1 -10 810.34 176.57 865.28 213.21 -1 -1 -1 -1000 -1000 -1000 -10 0.0000 
Car -1 -1 -10 816.77 197.87 918.34 225.01 -1 -1 -1 -1000 -1000 -1000 -10 0.0000 
Car -1 -1 -10 113.69 198.65 173.55 221.32 -1 -1 -1 -1000 -1000 -1000 -10 0.0000 
Car -1 -1 -10 777.98 77.13 916.12 114.46 -1 -1 -1 -1000 -1000 -1000 -10 0.0000 
Car -1 -1 -10 174.54 183.49 232.87 211.68 -1 -1 -1 -1000 -1000 -1000 -10 0.0000 
Car -1 -1 -10 112.55 201.04 183.06 236.18 -1 -1 -1 -1000 -1000 -1000 -10 0.0000 
Car -1 -1 -10 733.71 215.13 822.13 242.57 -1 -1 -1 -1000 -1000 -1000 -10 0.0000 
Car -1 -1 -10 8.36 205.42 121.83 240.44 -1 -1 -1 -1000 -1000 -1000 -10 0.0000 
Car -1 -1 -10 1011.10 90.30 1130.00 133.96 -1 -1 -1 -1000 -1000 -1000 -10 0.0000 
Car -1 -1 -10 477.07 202.45 521.69 215.91 -1 -1 -1 -1000 -1000 -1000 -10 0.0000 
Car -1 -1 -10 4.09 192.59 87.40 222.69 -1 -1 -1 -1000 -1000 -1000 -10 0.0000 
Car -1 -1 -10 34.91 203.02 152.33 229.30 -1 -1 -1 -1000 -1000 -1000 -10 0.0000 
Car -1 -1 -10 81.77 192.39 134.63 218.30 -1 -1 -1 -1000 -1000 -1000 -10 0.0000 
Car -1 -1 -10 113.43 184.64 159.71 216.49 -1 -1 -1 -1000 -1000 -1000 -10 0.0000 
Car -1 -1 -10 179.43 168.40 243.28 206.88 -1 -1 -1 -1000 -1000 -1000 -10 0.0000 
