Car -1 -1 -10 634.90 173.75 670.56 203.17 -1 -1 -1 -1000 -1000 -1000 -10 0.9999 
Car -1 -1 -10 792.22 171.75 1128.40 376.00 -1 -1 -1 -1000 -1000 -1000 -10 0.9979 
Car -1 -1 -10 45.80 173.02 322.85 317.43 -1 -1 -1 -1000 -1000 -1000 -10 0.9683 
Car -1 -1 -10 715.88 177.46 923.43 228.64 -1 -1 -1 -1000 -1000 -1000 -10 0.9283 
Car -1 -1 -10 434.33 173.07 530.96 206.22 -1 -1 -1 -1000 -1000 -1000 -10 0.8006 
Car -1 -1 -10 714.99 169.82 817.70 226.80 -1 -1 -1 -1000 -1000 -1000 -10 0.7058 
Car -1 -1 -10 818.31 171.47 1163.75 287.79 -1 -1 -1 -1000 -1000 -1000 -10 0.5666 
Car -1 -1 -10 0.00 167.02 192.49 373.63 -1 -1 -1 -1000 -1000 -1000 -10 0.5128 
Car -1 -1 -10 225.87 168.99 416.55 257.04 -1 -1 -1 -1000 -1000 -1000 -10 0.4655 
Car -1 -1 -10 273.93 162.53 465.24 237.58 -1 -1 -1 -1000 -1000 -1000 -10 0.2088 
Car -1 -1 -10 76.30 171.29 392.72 261.06 -1 -1 -1 -1000 -1000 -1000 -10 0.0506 
Car -1 -1 -10 775.21 175.65 896.86 243.68 -1 -1 -1 -1000 -1000 -1000 -10 0.0371 
Car -1 -1 -10 156.19 160.59 255.00 191.08 -1 -1 -1 -1000 -1000 -1000 -10 0.0127 
Car -1 -1 -10 63.82 22.72 196.20 69.92 -1 -1 -1 -1000 -1000 -1000 -10 0.0093 
Car -1 -1 -10 509.83 169.94 556.08 195.64 -1 -1 -1 -1000 -1000 -1000 -10 0.0093 
Car -1 -1 -10 654.29 45.38 714.75 81.75 -1 -1 -1 -1000 -1000 -1000 -10 0.0068 
Car -1 -1 -10 628.76 171.47 654.62 195.27 -1 -1 -1 -1000 -1000 -1000 -10 0.0064 
Car -1 -1 -10 969.81 103.29 1034.22 142.15 -1 -1 -1 -1000 -1000 -1000 -10 0.0047 
Car -1 -1 -10 467.84 170.21 530.45 198.34 -1 -1 -1 -1000 -1000 -1000 -10 0.0035 
Car -1 -1 -10 646.43 46.51 688.58 75.46 -1 -1 -1 -1000 -1000 -1000 -10 0.0023 
Car -1 -1 -10 862.86 113.55 955.48 143.54 -1 -1 -1 -1000 -1000 -1000 -10 0.0020 
Car -1 -1 -10 1204.80 163.06 1243.02 187.04 -1 -1 -1 -1000 -1000 -1000 -10 0.0016 
Car -1 -1 -10 658.36 39.51 732.99 73.09 -1 -1 -1 -1000 -1000 -1000 -10 0.0016 
Car -1 -1 -10 986.15 53.37 1051.84 79.57 -1 -1 -1 -1000 -1000 -1000 -10 0.0013 
Car -1 -1 -10 497.03 171.97 540.71 196.22 -1 -1 -1 -1000 -1000 -1000 -10 0.0013 
Car -1 -1 -10 534.32 168.75 558.24 194.11 -1 -1 -1 -1000 -1000 -1000 -10 0.0011 
Car -1 -1 -10 103.53 57.24 155.96 91.66 -1 -1 -1 -1000 -1000 -1000 -10 0.0009 
Car -1 -1 -10 969.15 95.42 1034.68 123.08 -1 -1 -1 -1000 -1000 -1000 -10 0.0006 
Car -1 -1 -10 640.89 29.08 693.69 73.42 -1 -1 -1 -1000 -1000 -1000 -10 0.0006 
Car -1 -1 -10 1180.50 123.06 1242.96 147.79 -1 -1 -1 -1000 -1000 -1000 -10 0.0005 
Car -1 -1 -10 902.96 57.74 964.87 84.61 -1 -1 -1 -1000 -1000 -1000 -10 0.0005 
Car -1 -1 -10 848.84 59.99 948.33 92.89 -1 -1 -1 -1000 -1000 -1000 -10 0.0004 
Car -1 -1 -10 311.18 159.23 392.76 200.09 -1 -1 -1 -1000 -1000 -1000 -10 0.0004 
Car -1 -1 -10 643.87 80.47 721.10 115.45 -1 -1 -1 -1000 -1000 -1000 -10 0.0003 
Car -1 -1 -10 979.60 106.70 1071.26 146.26 -1 -1 -1 -1000 -1000 -1000 -10 0.0003 
Car -1 -1 -10 984.98 77.73 1065.07 98.60 -1 -1 -1 -1000 -1000 -1000 -10 0.0002 
Car -1 -1 -10 985.55 59.62 1056.99 90.62 -1 -1 -1 -1000 -1000 -1000 -10 0.0002 
Car -1 -1 -10 263.77 172.14 385.95 235.27 -1 -1 -1 -1000 -1000 -1000 -10 0.0002 
Car -1 -1 -10 944.12 176.75 1119.22 260.04 -1 -1 -1 -1000 -1000 -1000 -10 0.0002 
Car -1 -1 -10 675.43 34.75 743.48 63.65 -1 -1 -1 -1000 -1000 -1000 -10 0.0002 
Car -1 -1 -10 656.39 47.53 751.58 88.72 -1 -1 -1 -1000 -1000 -1000 -10 0.0001 
Car -1 -1 -10 1007.80 102.50 1085.33 133.70 -1 -1 -1 -1000 -1000 -1000 -10 0.0001 
Car -1 -1 -10 625.77 85.81 711.26 124.55 -1 -1 -1 -1000 -1000 -1000 -10 0.0001 
Car -1 -1 -10 723.75 170.98 808.13 203.35 -1 -1 -1 -1000 -1000 -1000 -10 0.0001 
Car -1 -1 -10 134.40 74.87 215.96 134.99 -1 -1 -1 -1000 -1000 -1000 -10 0.0001 
Car -1 -1 -10 28.88 230.26 182.88 317.14 -1 -1 -1 -1000 -1000 -1000 -10 0.0001 
Car -1 -1 -10 294.05 159.43 454.57 203.21 -1 -1 -1 -1000 -1000 -1000 -10 0.0001 
Car -1 -1 -10 792.02 181.55 959.67 282.43 -1 -1 -1 -1000 -1000 -1000 -10 0.0000 
Car -1 -1 -10 355.15 159.04 471.32 226.51 -1 -1 -1 -1000 -1000 -1000 -10 0.0000 
Car -1 -1 -10 1202.40 175.52 1242.97 194.60 -1 -1 -1 -1000 -1000 -1000 -10 0.0000 
Car -1 -1 -10 417.32 166.34 473.85 217.16 -1 -1 -1 -1000 -1000 -1000 -10 0.0000 
Car -1 -1 -10 803.71 179.09 964.85 236.63 -1 -1 -1 -1000 -1000 -1000 -10 0.0000 
Car -1 -1 -10 271.62 167.62 365.53 201.88 -1 -1 -1 -1000 -1000 -1000 -10 0.0000 
Car -1 -1 -10 1013.20 81.60 1088.65 117.02 -1 -1 -1 -1000 -1000 -1000 -10 0.0000 
Car -1 -1 -10 1033.80 84.72 1100.09 136.92 -1 -1 -1 -1000 -1000 -1000 -10 0.0000 
Car -1 -1 -10 818.29 180.80 909.68 223.25 -1 -1 -1 -1000 -1000 -1000 -10 0.0000 
Car -1 -1 -10 945.05 119.27 1057.92 155.88 -1 -1 -1 -1000 -1000 -1000 -10 0.0000 
Car -1 -1 -10 238.51 217.33 354.68 255.00 -1 -1 -1 -1000 -1000 -1000 -10 0.0000 
Car -1 -1 -10 1191.90 180.46 1243.01 206.17 -1 -1 -1 -1000 -1000 -1000 -10 0.0000 
Car -1 -1 -10 984.87 253.25 1107.18 353.83 -1 -1 -1 -1000 -1000 -1000 -10 0.0000 
Car -1 -1 -10 888.53 39.00 946.54 62.18 -1 -1 -1 -1000 -1000 -1000 -10 0.0000 
Car -1 -1 -10 231.74 174.58 313.54 258.03 -1 -1 -1 -1000 -1000 -1000 -10 0.0000 
Car -1 -1 -10 324.71 192.96 413.88 249.08 -1 -1 -1 -1000 -1000 -1000 -10 0.0000 
