Car -1 -1 -10 591.56 173.80 626.49 206.60 -1 -1 -1 -1000 -1000 -1000 -10 0.9999 
Car -1 -1 -10 374.45 185.88 417.97 211.72 -1 -1 -1 -1000 -1000 -1000 -10 0.9959 
Car -1 -1 -10 210.66 143.83 288.80 176.51 -1 -1 -1 -1000 -1000 -1000 -10 0.2442 
Car -1 -1 -10 1035.00 176.22 1155.22 210.11 -1 -1 -1 -1000 -1000 -1000 -10 0.0109 
Car -1 -1 -10 0.00 218.50 118.21 253.33 -1 -1 -1 -1000 -1000 -1000 -10 0.0075 
Car -1 -1 -10 895.73 179.13 949.11 217.09 -1 -1 -1 -1000 -1000 -1000 -10 0.0060 
Car -1 -1 -10 197.15 142.67 324.93 237.15 -1 -1 -1 -1000 -1000 -1000 -10 0.0053 
Car -1 -1 -10 1013.70 179.65 1091.34 214.81 -1 -1 -1 -1000 -1000 -1000 -10 0.0050 
Car -1 -1 -10 1164.80 243.51 1234.29 278.88 -1 -1 -1 -1000 -1000 -1000 -10 0.0029 
Car -1 -1 -10 897.73 156.93 965.43 180.33 -1 -1 -1 -1000 -1000 -1000 -10 0.0019 
Car -1 -1 -10 207.27 137.37 364.68 187.95 -1 -1 -1 -1000 -1000 -1000 -10 0.0017 
Car -1 -1 -10 1072.90 225.54 1144.61 249.08 -1 -1 -1 -1000 -1000 -1000 -10 0.0014 
Car -1 -1 -10 1139.60 241.29 1214.49 277.22 -1 -1 -1 -1000 -1000 -1000 -10 0.0013 
Car -1 -1 -10 1120.90 173.90 1231.69 201.18 -1 -1 -1 -1000 -1000 -1000 -10 0.0012 
Car -1 -1 -10 506.66 173.44 542.22 194.16 -1 -1 -1 -1000 -1000 -1000 -10 0.0011 
Car -1 -1 -10 47.73 201.79 141.06 248.31 -1 -1 -1 -1000 -1000 -1000 -10 0.0009 
Car -1 -1 -10 1130.90 235.19 1203.73 261.98 -1 -1 -1 -1000 -1000 -1000 -10 0.0009 
Car -1 -1 -10 1074.10 176.29 1192.76 207.20 -1 -1 -1 -1000 -1000 -1000 -10 0.0009 
Car -1 -1 -10 1022.50 187.85 1076.48 228.16 -1 -1 -1 -1000 -1000 -1000 -10 0.0008 
Car -1 -1 -10 922.21 148.96 968.80 178.84 -1 -1 -1 -1000 -1000 -1000 -10 0.0008 
Car -1 -1 -10 882.10 160.87 955.71 211.39 -1 -1 -1 -1000 -1000 -1000 -10 0.0008 
Car -1 -1 -10 1112.60 238.52 1176.88 267.66 -1 -1 -1 -1000 -1000 -1000 -10 0.0006 
Car -1 -1 -10 28.39 167.24 87.26 186.77 -1 -1 -1 -1000 -1000 -1000 -10 0.0006 
Car -1 -1 -10 1138.40 229.64 1204.53 252.58 -1 -1 -1 -1000 -1000 -1000 -10 0.0005 
Car -1 -1 -10 1103.00 176.41 1220.83 218.55 -1 -1 -1 -1000 -1000 -1000 -10 0.0005 
Car -1 -1 -10 1145.50 180.94 1243.03 229.63 -1 -1 -1 -1000 -1000 -1000 -10 0.0004 
Car -1 -1 -10 1149.90 127.32 1195.05 159.91 -1 -1 -1 -1000 -1000 -1000 -10 0.0004 
Car -1 -1 -10 83.88 124.51 122.88 147.65 -1 -1 -1 -1000 -1000 -1000 -10 0.0004 
Car -1 -1 -10 1097.10 226.62 1164.94 258.26 -1 -1 -1 -1000 -1000 -1000 -10 0.0002 
Car -1 -1 -10 1175.50 189.00 1242.97 222.45 -1 -1 -1 -1000 -1000 -1000 -10 0.0002 
Car -1 -1 -10 1162.10 127.60 1223.91 158.65 -1 -1 -1 -1000 -1000 -1000 -10 0.0002 
Car -1 -1 -10 247.86 139.78 341.38 181.02 -1 -1 -1 -1000 -1000 -1000 -10 0.0002 
Car -1 -1 -10 236.22 137.17 358.81 229.70 -1 -1 -1 -1000 -1000 -1000 -10 0.0001 
Car -1 -1 -10 1119.80 217.25 1202.59 251.48 -1 -1 -1 -1000 -1000 -1000 -10 0.0001 
Car -1 -1 -10 1166.40 120.69 1232.20 149.44 -1 -1 -1 -1000 -1000 -1000 -10 0.0000 
Car -1 -1 -10 532.70 159.07 572.20 193.89 -1 -1 -1 -1000 -1000 -1000 -10 0.0000 
Car -1 -1 -10 0.00 130.79 81.19 169.26 -1 -1 -1 -1000 -1000 -1000 -10 0.0000 
Car -1 -1 -10 274.08 150.26 360.61 217.71 -1 -1 -1 -1000 -1000 -1000 -10 0.0000 
