Car -1 -1 -10 853.61 181.65 921.15 242.30 -1 -1 -1 -1000 -1000 -1000 -10 0.9998 
Car -1 -1 -10 719.80 184.21 769.34 213.45 -1 -1 -1 -1000 -1000 -1000 -10 0.9997 
Car -1 -1 -10 438.19 181.10 588.76 257.74 -1 -1 -1 -1000 -1000 -1000 -10 0.9978 
Car -1 -1 -10 648.77 183.97 723.02 221.09 -1 -1 -1 -1000 -1000 -1000 -10 0.9973 
Car -1 -1 -10 521.72 182.10 583.01 219.12 -1 -1 -1 -1000 -1000 -1000 -10 0.0197 
Car -1 -1 -10 886.18 187.30 929.89 216.34 -1 -1 -1 -1000 -1000 -1000 -10 0.0067 
Car -1 -1 -10 13.94 125.05 84.96 164.22 -1 -1 -1 -1000 -1000 -1000 -10 0.0057 
Car -1 -1 -10 1169.60 234.23 1227.62 263.68 -1 -1 -1 -1000 -1000 -1000 -10 0.0054 
Car -1 -1 -10 194.91 299.55 256.13 329.87 -1 -1 -1 -1000 -1000 -1000 -10 0.0051 
Car -1 -1 -10 772.92 183.51 817.11 205.91 -1 -1 -1 -1000 -1000 -1000 -10 0.0049 
Car -1 -1 -10 1152.00 238.05 1233.86 272.29 -1 -1 -1 -1000 -1000 -1000 -10 0.0042 
Car -1 -1 -10 260.09 276.62 325.77 307.22 -1 -1 -1 -1000 -1000 -1000 -10 0.0038 
Car -1 -1 -10 3.73 135.29 50.10 167.32 -1 -1 -1 -1000 -1000 -1000 -10 0.0030 
Car -1 -1 -10 1094.50 177.05 1146.11 231.09 -1 -1 -1 -1000 -1000 -1000 -10 0.0030 
Car -1 -1 -10 585.01 83.94 629.33 108.97 -1 -1 -1 -1000 -1000 -1000 -10 0.0030 
Car -1 -1 -10 1011.20 195.46 1062.53 213.89 -1 -1 -1 -1000 -1000 -1000 -10 0.0029 
Car -1 -1 -10 46.66 126.86 118.23 172.76 -1 -1 -1 -1000 -1000 -1000 -10 0.0029 
Car -1 -1 -10 52.92 155.36 126.01 192.77 -1 -1 -1 -1000 -1000 -1000 -10 0.0028 
Car -1 -1 -10 458.32 97.95 513.54 131.73 -1 -1 -1 -1000 -1000 -1000 -10 0.0028 
Car -1 -1 -10 107.92 153.53 181.26 190.12 -1 -1 -1 -1000 -1000 -1000 -10 0.0027 
Car -1 -1 -10 114.33 321.55 173.88 350.61 -1 -1 -1 -1000 -1000 -1000 -10 0.0025 
Car -1 -1 -10 66.83 127.64 151.76 168.54 -1 -1 -1 -1000 -1000 -1000 -10 0.0024 
Car -1 -1 -10 475.13 100.63 526.37 129.57 -1 -1 -1 -1000 -1000 -1000 -10 0.0023 
Car -1 -1 -10 70.76 138.10 131.57 179.14 -1 -1 -1 -1000 -1000 -1000 -10 0.0023 
Car -1 -1 -10 589.38 84.38 648.12 118.12 -1 -1 -1 -1000 -1000 -1000 -10 0.0022 
Car -1 -1 -10 1181.10 45.39 1243.00 78.24 -1 -1 -1 -1000 -1000 -1000 -10 0.0020 
Car -1 -1 -10 497.99 98.69 541.89 126.25 -1 -1 -1 -1000 -1000 -1000 -10 0.0019 
Car -1 -1 -10 747.84 182.97 788.92 209.42 -1 -1 -1 -1000 -1000 -1000 -10 0.0018 
Car -1 -1 -10 324.70 97.88 377.98 135.14 -1 -1 -1 -1000 -1000 -1000 -10 0.0018 
Car -1 -1 -10 264.02 294.36 315.10 319.06 -1 -1 -1 -1000 -1000 -1000 -10 0.0017 
Car -1 -1 -10 20.65 90.72 75.22 116.22 -1 -1 -1 -1000 -1000 -1000 -10 0.0015 
Car -1 -1 -10 495.94 95.14 559.45 133.84 -1 -1 -1 -1000 -1000 -1000 -10 0.0014 
Car -1 -1 -10 167.93 304.15 239.65 335.32 -1 -1 -1 -1000 -1000 -1000 -10 0.0014 
Car -1 -1 -10 287.14 65.99 355.92 114.40 -1 -1 -1 -1000 -1000 -1000 -10 0.0012 
Car -1 -1 -10 224.21 143.84 278.01 175.68 -1 -1 -1 -1000 -1000 -1000 -10 0.0012 
Car -1 -1 -10 39.74 323.09 107.45 360.23 -1 -1 -1 -1000 -1000 -1000 -10 0.0012 
Car -1 -1 -10 439.65 114.68 495.30 149.45 -1 -1 -1 -1000 -1000 -1000 -10 0.0011 
Car -1 -1 -10 192.75 76.45 234.10 100.24 -1 -1 -1 -1000 -1000 -1000 -10 0.0009 
Car -1 -1 -10 589.37 80.58 636.52 99.51 -1 -1 -1 -1000 -1000 -1000 -10 0.0009 
Car -1 -1 -10 85.20 143.41 165.92 190.80 -1 -1 -1 -1000 -1000 -1000 -10 0.0008 
Car -1 -1 -10 492.29 112.81 561.35 142.95 -1 -1 -1 -1000 -1000 -1000 -10 0.0008 
Car -1 -1 -10 221.11 300.23 275.25 330.59 -1 -1 -1 -1000 -1000 -1000 -10 0.0008 
Car -1 -1 -10 1183.50 219.84 1242.33 259.98 -1 -1 -1 -1000 -1000 -1000 -10 0.0008 
Car -1 -1 -10 462.04 184.37 544.72 219.38 -1 -1 -1 -1000 -1000 -1000 -10 0.0007 
Car -1 -1 -10 74.55 329.03 126.63 357.95 -1 -1 -1 -1000 -1000 -1000 -10 0.0007 
Car -1 -1 -10 429.40 128.42 484.73 155.75 -1 -1 -1 -1000 -1000 -1000 -10 0.0007 
Car -1 -1 -10 383.71 145.35 440.98 169.77 -1 -1 -1 -1000 -1000 -1000 -10 0.0007 
Car -1 -1 -10 517.43 120.04 569.36 149.60 -1 -1 -1 -1000 -1000 -1000 -10 0.0006 
Car -1 -1 -10 131.13 135.39 218.93 172.03 -1 -1 -1 -1000 -1000 -1000 -10 0.0006 
Car -1 -1 -10 360.26 140.28 424.44 165.73 -1 -1 -1 -1000 -1000 -1000 -10 0.0005 
Car -1 -1 -10 613.49 115.25 670.07 142.31 -1 -1 -1 -1000 -1000 -1000 -10 0.0005 
Car -1 -1 -10 562.13 138.47 638.30 163.94 -1 -1 -1 -1000 -1000 -1000 -10 0.0005 
Car -1 -1 -10 151.54 143.72 216.49 183.50 -1 -1 -1 -1000 -1000 -1000 -10 0.0005 
Car -1 -1 -10 96.87 128.08 178.91 170.97 -1 -1 -1 -1000 -1000 -1000 -10 0.0004 
Car -1 -1 -10 278.59 91.98 372.52 120.39 -1 -1 -1 -1000 -1000 -1000 -10 0.0004 
Car -1 -1 -10 384.58 141.20 485.14 163.40 -1 -1 -1 -1000 -1000 -1000 -10 0.0004 
Car -1 -1 -10 432.36 122.72 530.05 156.33 -1 -1 -1 -1000 -1000 -1000 -10 0.0004 
Car -1 -1 -10 248.64 280.69 312.78 316.24 -1 -1 -1 -1000 -1000 -1000 -10 0.0003 
Car -1 -1 -10 358.08 41.32 427.71 77.97 -1 -1 -1 -1000 -1000 -1000 -10 0.0002 
Car -1 -1 -10 1110.80 101.16 1150.18 140.75 -1 -1 -1 -1000 -1000 -1000 -10 0.0002 
Car -1 -1 -10 9.07 325.29 88.89 362.00 -1 -1 -1 -1000 -1000 -1000 -10 0.0002 
Car -1 -1 -10 264.31 105.76 345.91 139.10 -1 -1 -1 -1000 -1000 -1000 -10 0.0001 
Car -1 -1 -10 361.21 148.34 466.15 172.51 -1 -1 -1 -1000 -1000 -1000 -10 0.0001 
Car -1 -1 -10 303.28 67.83 403.30 102.84 -1 -1 -1 -1000 -1000 -1000 -10 0.0001 
Car -1 -1 -10 1031.50 202.02 1108.40 217.70 -1 -1 -1 -1000 -1000 -1000 -10 0.0001 
Car -1 -1 -10 354.21 72.21 428.56 107.83 -1 -1 -1 -1000 -1000 -1000 -10 0.0001 
Car -1 -1 -10 364.43 63.25 458.22 91.28 -1 -1 -1 -1000 -1000 -1000 -10 0.0001 
Car -1 -1 -10 1021.70 203.89 1109.95 227.17 -1 -1 -1 -1000 -1000 -1000 -10 0.0001 
Car -1 -1 -10 1071.30 196.04 1121.68 219.84 -1 -1 -1 -1000 -1000 -1000 -10 0.0001 
Car -1 -1 -10 370.11 48.72 449.77 83.20 -1 -1 -1 -1000 -1000 -1000 -10 0.0000 
Car -1 -1 -10 1111.00 240.52 1176.90 266.52 -1 -1 -1 -1000 -1000 -1000 -10 0.0000 
Car -1 -1 -10 1047.70 193.42 1103.77 211.40 -1 -1 -1 -1000 -1000 -1000 -10 0.0000 
Car -1 -1 -10 362.94 28.34 427.12 65.99 -1 -1 -1 -1000 -1000 -1000 -10 0.0000 
Car -1 -1 -10 965.07 206.14 1064.08 231.74 -1 -1 -1 -1000 -1000 -1000 -10 0.0000 
