Car -1 -1 -10 897.0 217.0 1240.0 373.0 -1 -1 -1 -1000 -1000 -1000 -10 0.96630859375
Car -1 -1 -10 351.0 183.0 536.0 309.0 -1 -1 -1 -1000 -1000 -1000 -10 0.9658203125
Car -1 -1 -10 724.0 179.0 804.0 250.0 -1 -1 -1 -1000 -1000 -1000 -10 0.947265625
Car -1 -1 -10 561.0 174.0 617.0 218.0 -1 -1 -1 -1000 -1000 -1000 -10 0.94580078125
Car -1 -1 -10 717.0 187.0 779.0 236.0 -1 -1 -1 -1000 -1000 -1000 -10 0.84033203125
Car -1 -1 -10 718.0 182.0 792.0 244.0 -1 -1 -1 -1000 -1000 -1000 -10 0.76513671875
Cyclist -1 -1 -10 649.0 175.0 659.0 204.0 -1 -1 -1 -1000 -1000 -1000 -10 0.7265625
Car -1 -1 -10 685.0 178.0 708.0 199.0 -1 -1 -1 -1000 -1000 -1000 -10 0.5263671875
Cyclist -1 -1 -10 648.0 174.0 659.0 205.0 -1 -1 -1 -1000 -1000 -1000 -10 0.32958984375
Car -1 -1 -10 721.0 184.0 779.0 228.0 -1 -1 -1 -1000 -1000 -1000 -10 0.07928466796875
Car -1 -1 -10 723.0 187.0 773.0 231.0 -1 -1 -1 -1000 -1000 -1000 -10 0.07470703125
Car -1 -1 -10 715.0 193.0 772.0 236.0 -1 -1 -1 -1000 -1000 -1000 -10 0.03814697265625
Car -1 -1 -10 734.0 184.0 784.0 233.0 -1 -1 -1 -1000 -1000 -1000 -10 0.033050537109375
Car -1 -1 -10 732.0 182.0 800.0 240.0 -1 -1 -1 -1000 -1000 -1000 -10 0.021270751953125
Cyclist -1 -1 -10 649.0 179.0 659.0 207.0 -1 -1 -1 -1000 -1000 -1000 -10 0.00435638427734375
Car -1 -1 -10 739.0 182.0 790.0 240.0 -1 -1 -1 -1000 -1000 -1000 -10 0.0029239654541015625
Cyclist -1 -1 -10 651.0 171.0 666.0 201.0 -1 -1 -1 -1000 -1000 -1000 -10 0.0025119781494140625
Cyclist -1 -1 -10 642.0 176.0 657.0 209.0 -1 -1 -1 -1000 -1000 -1000 -10 0.0019445419311523438
Car -1 -1 -10 721.0 174.0 800.0 240.0 -1 -1 -1 -1000 -1000 -1000 -10 0.0017948150634765625
Car -1 -1 -10 698.0 164.0 820.0 262.0 -1 -1 -1 -1000 -1000 -1000 -10 0.001377105712890625
Car -1 -1 -10 723.0 190.0 774.0 238.0 -1 -1 -1 -1000 -1000 -1000 -10 0.0012664794921875
Car -1 -1 -10 743.0 184.0 793.0 234.0 -1 -1 -1 -1000 -1000 -1000 -10 0.0012502670288085938
Car -1 -1 -10 688.0 178.0 710.0 201.0 -1 -1 -1 -1000 -1000 -1000 -10 0.0009732246398925781
Car -1 -1 -10 558.0 161.0 620.0 221.0 -1 -1 -1 -1000 -1000 -1000 -10 0.0008897781372070312
Car -1 -1 -10 559.0 164.0 625.0 230.0 -1 -1 -1 -1000 -1000 -1000 -10 0.0006914138793945312
Car -1 -1 -10 580.0 177.0 635.0 213.0 -1 -1 -1 -1000 -1000 -1000 -10 0.0006542205810546875
Cyclist -1 -1 -10 654.0 176.0 661.0 204.0 -1 -1 -1 -1000 -1000 -1000 -10 0.0004570484161376953
Car -1 -1 -10 489.0 135.0 657.0 268.0 -1 -1 -1 -1000 -1000 -1000 -10 0.00035691261291503906
Car -1 -1 -10 685.0 176.0 712.0 209.0 -1 -1 -1 -1000 -1000 -1000 -10 0.00034332275390625
Car -1 -1 -10 518.0 126.0 673.0 241.0 -1 -1 -1 -1000 -1000 -1000 -10 0.00028824806213378906
Car -1 -1 -10 510.0 132.0 684.0 274.0 -1 -1 -1 -1000 -1000 -1000 -10 0.0002837181091308594
Car -1 -1 -10 368.0 184.0 518.0 305.0 -1 -1 -1 -1000 -1000 -1000 -10 0.0002739429473876953
Car -1 -1 -10 714.0 189.0 765.0 232.0 -1 -1 -1 -1000 -1000 -1000 -10 0.00024318695068359375
Car -1 -1 -10 735.0 185.0 787.0 244.0 -1 -1 -1 -1000 -1000 -1000 -10 0.00021338462829589844
Car -1 -1 -10 729.0 189.0 804.0 252.0 -1 -1 -1 -1000 -1000 -1000 -10 0.00019538402557373047
Car -1 -1 -10 718.0 185.0 771.0 221.0 -1 -1 -1 -1000 -1000 -1000 -10 0.0001806020736694336
Car -1 -1 -10 683.0 176.0 709.0 208.0 -1 -1 -1 -1000 -1000 -1000 -10 0.00016701221466064453
Pedestrian -1 -1 -10 234.0 0.0 311.0 46.0 -1 -1 -1 -1000 -1000 -1000 -10 0.00014984607696533203
Car -1 -1 -10 730.0 182.0 785.0 222.0 -1 -1 -1 -1000 -1000 -1000 -10 0.0001404285430908203
Car -1 -1 -10 684.0 172.0 710.0 202.0 -1 -1 -1 -1000 -1000 -1000 -10 0.00013911724090576172
Car -1 -1 -10 689.0 176.0 710.0 197.0 -1 -1 -1 -1000 -1000 -1000 -10 0.00012874603271484375
Car -1 -1 -10 716.0 199.0 769.0 240.0 -1 -1 -1 -1000 -1000 -1000 -10 0.00011843442916870117
Car -1 -1 -10 1221.0 222.0 1242.0 371.0 -1 -1 -1 -1000 -1000 -1000 -10 0.00011706352233886719
