Pedestrian -1 -1 -10 147.0 156.0 205.0 307.0 -1 -1 -1 -1000 -1000 -1000 -10 0.91455078125
Car -1 -1 -10 709.0 52.0 733.0 67.0 -1 -1 -1 -1000 -1000 -1000 -10 0.006378173828125
Car -1 -1 -10 706.0 51.0 736.0 68.0 -1 -1 -1 -1000 -1000 -1000 -10 0.0054779052734375
Pedestrian -1 -1 -10 141.0 151.0 200.0 302.0 -1 -1 -1 -1000 -1000 -1000 -10 0.0011014938354492188
Pedestrian -1 -1 -10 120.0 154.0 239.0 311.0 -1 -1 -1 -1000 -1000 -1000 -10 0.0010309219360351562
Car -1 -1 -10 708.0 50.0 737.0 67.0 -1 -1 -1 -1000 -1000 -1000 -10 0.0009331703186035156
Pedestrian -1 -1 -10 158.0 162.0 214.0 307.0 -1 -1 -1 -1000 -1000 -1000 -10 0.0004820823669433594
Pedestrian -1 -1 -10 140.0 166.0 194.0 309.0 -1 -1 -1 -1000 -1000 -1000 -10 0.0002810955047607422
Car -1 -1 -10 714.0 53.0 736.0 67.0 -1 -1 -1 -1000 -1000 -1000 -10 0.00022709369659423828
Car -1 -1 -10 706.0 51.0 740.0 69.0 -1 -1 -1 -1000 -1000 -1000 -10 0.00020623207092285156
Car -1 -1 -10 683.0 52.0 707.0 69.0 -1 -1 -1 -1000 -1000 -1000 -10 0.00016117095947265625
Car -1 -1 -10 710.0 52.0 740.0 68.0 -1 -1 -1 -1000 -1000 -1000 -10 0.00016021728515625
Pedestrian -1 -1 -10 150.0 155.0 204.0 282.0 -1 -1 -1 -1000 -1000 -1000 -10 0.00014019012451171875
Car -1 -1 -10 680.0 52.0 710.0 69.0 -1 -1 -1 -1000 -1000 -1000 -10 0.00012755393981933594
Car -1 -1 -10 0.0 175.0 17.0 344.0 -1 -1 -1 -1000 -1000 -1000 -10 0.0001062154769897461
