Pedestrian -1 -1 -10 408.0 163.0 498.0 328.0 -1 -1 -1 -1000 -1000 -1000 -10 0.919921875
Pedestrian -1 -1 -10 413.0 172.0 492.0 320.0 -1 -1 -1 -1000 -1000 -1000 -10 0.00801849365234375
Pedestrian -1 -1 -10 398.0 160.0 516.0 328.0 -1 -1 -1 -1000 -1000 -1000 -10 0.0029811859130859375
Pedestrian -1 -1 -10 420.0 171.0 504.0 326.0 -1 -1 -1 -1000 -1000 -1000 -10 0.0011816024780273438
Car -1 -1 -10 681.0 53.0 706.0 69.0 -1 -1 -1 -1000 -1000 -1000 -10 0.00021827220916748047
Pedestrian -1 -1 -10 0.0 160.0 14.0 314.0 -1 -1 -1 -1000 -1000 -1000 -10 0.00017118453979492188
Car -1 -1 -10 678.0 53.0 704.0 71.0 -1 -1 -1 -1000 -1000 -1000 -10 0.0001417398452758789
Pedestrian -1 -1 -10 0.0 167.0 15.0 342.0 -1 -1 -1 -1000 -1000 -1000 -10 0.0001367330551147461
Pedestrian -1 -1 -10 421.0 166.0 495.0 307.0 -1 -1 -1 -1000 -1000 -1000 -10 0.00013625621795654297
Car -1 -1 -10 678.0 52.0 710.0 69.0 -1 -1 -1 -1000 -1000 -1000 -10 0.0001304149627685547
Pedestrian -1 -1 -10 0.0 152.0 13.0 286.0 -1 -1 -1 -1000 -1000 -1000 -10 0.0001266002655029297
Pedestrian -1 -1 -10 0.0 161.0 10.0 261.0 -1 -1 -1 -1000 -1000 -1000 -10 0.00010788440704345703
Pedestrian -1 -1 -10 0.0 167.0 10.0 272.0 -1 -1 -1 -1000 -1000 -1000 -10 0.00010734796524047852
