Car -1 -1 -10 74.0 191.0 274.0 277.0 -1 -1 -1 -1000 -1000 -1000 -10 0.966796875
Car -1 -1 -10 270.0 176.0 374.0 241.0 -1 -1 -1 -1000 -1000 -1000 -10 0.96435546875
Car -1 -1 -10 386.0 177.0 455.0 220.0 -1 -1 -1 -1000 -1000 -1000 -10 0.96240234375
Car -1 -1 -10 345.0 186.0 420.0 228.0 -1 -1 -1 -1000 -1000 -1000 -10 0.955078125
Car -1 -1 -10 693.0 152.0 734.0 187.0 -1 -1 -1 -1000 -1000 -1000 -10 0.955078125
Car -1 -1 -10 454.0 181.0 500.0 209.0 -1 -1 -1 -1000 -1000 -1000 -10 0.93896484375
Car -1 -1 -10 479.0 181.0 517.0 204.0 -1 -1 -1 -1000 -1000 -1000 -10 0.92822265625
Car -1 -1 -10 532.0 177.0 557.0 194.0 -1 -1 -1 -1000 -1000 -1000 -10 0.003246307373046875
Car -1 -1 -10 529.0 175.0 556.0 195.0 -1 -1 -1 -1000 -1000 -1000 -10 0.002109527587890625
Car -1 -1 -10 0.0 210.0 21.0 356.0 -1 -1 -1 -1000 -1000 -1000 -10 0.0015106201171875
Car -1 -1 -10 454.0 175.0 502.0 212.0 -1 -1 -1 -1000 -1000 -1000 -10 0.0012826919555664062
Car -1 -1 -10 102.0 193.0 245.0 273.0 -1 -1 -1 -1000 -1000 -1000 -10 0.001155853271484375
Car -1 -1 -10 255.0 160.0 384.0 258.0 -1 -1 -1 -1000 -1000 -1000 -10 0.0010595321655273438
Car -1 -1 -10 0.0 200.0 19.0 325.0 -1 -1 -1 -1000 -1000 -1000 -10 0.0009045600891113281
Car -1 -1 -10 0.0 207.0 25.0 359.0 -1 -1 -1 -1000 -1000 -1000 -10 0.0008401870727539062
Car -1 -1 -10 382.0 166.0 458.0 225.0 -1 -1 -1 -1000 -1000 -1000 -10 0.0008382797241210938
Car -1 -1 -10 454.0 178.0 496.0 206.0 -1 -1 -1 -1000 -1000 -1000 -10 0.0005726814270019531
Car -1 -1 -10 341.0 175.0 423.0 234.0 -1 -1 -1 -1000 -1000 -1000 -10 0.0005211830139160156
Car -1 -1 -10 478.0 177.0 518.0 210.0 -1 -1 -1 -1000 -1000 -1000 -10 0.0004870891571044922
Car -1 -1 -10 0.0 196.0 24.0 329.0 -1 -1 -1 -1000 -1000 -1000 -10 0.00043702125549316406
Car -1 -1 -10 0.0 205.0 14.0 322.0 -1 -1 -1 -1000 -1000 -1000 -10 0.0004253387451171875
Car -1 -1 -10 681.0 136.0 739.0 200.0 -1 -1 -1 -1000 -1000 -1000 -10 0.00040841102600097656
Car -1 -1 -10 695.0 156.0 735.0 188.0 -1 -1 -1 -1000 -1000 -1000 -10 0.0003821849822998047
Car -1 -1 -10 0.0 231.0 15.0 356.0 -1 -1 -1 -1000 -1000 -1000 -10 0.0003745555877685547
Car -1 -1 -10 345.0 173.0 434.0 238.0 -1 -1 -1 -1000 -1000 -1000 -10 0.0003705024719238281
Car -1 -1 -10 0.0 189.0 19.0 298.0 -1 -1 -1 -1000 -1000 -1000 -10 0.0003497600555419922
Car -1 -1 -10 345.0 130.0 506.0 245.0 -1 -1 -1 -1000 -1000 -1000 -10 0.0003495216369628906
Car -1 -1 -10 335.0 133.0 516.0 275.0 -1 -1 -1 -1000 -1000 -1000 -10 0.0003046989440917969
Car -1 -1 -10 0.0 200.0 13.0 306.0 -1 -1 -1 -1000 -1000 -1000 -10 0.0002944469451904297
Car -1 -1 -10 608.0 99.0 780.0 238.0 -1 -1 -1 -1000 -1000 -1000 -10 0.00028228759765625
Pedestrian -1 -1 -10 321.0 0.0 386.0 46.0 -1 -1 -1 -1000 -1000 -1000 -10 0.00026702880859375
Car -1 -1 -10 0.0 223.0 30.0 375.0 -1 -1 -1 -1000 -1000 -1000 -10 0.00026416778564453125
Car -1 -1 -10 686.0 139.0 748.0 207.0 -1 -1 -1 -1000 -1000 -1000 -10 0.0002548694610595703
Car -1 -1 -10 0.0 204.0 31.0 362.0 -1 -1 -1 -1000 -1000 -1000 -10 0.0002536773681640625
Car -1 -1 -10 640.0 117.0 806.0 244.0 -1 -1 -1 -1000 -1000 -1000 -10 0.0002505779266357422
Car -1 -1 -10 0.0 242.0 22.0 375.0 -1 -1 -1 -1000 -1000 -1000 -10 0.00023603439331054688
Car -1 -1 -10 697.0 152.0 737.0 184.0 -1 -1 -1 -1000 -1000 -1000 -10 0.00020802021026611328
Car -1 -1 -10 529.0 175.0 558.0 198.0 -1 -1 -1 -1000 -1000 -1000 -10 0.00019288063049316406
Car -1 -1 -10 455.0 184.0 500.0 213.0 -1 -1 -1 -1000 -1000 -1000 -10 0.00019240379333496094
Car -1 -1 -10 0.0 212.0 16.0 315.0 -1 -1 -1 -1000 -1000 -1000 -10 0.0001900196075439453
Car -1 -1 -10 0.0 182.0 24.0 304.0 -1 -1 -1 -1000 -1000 -1000 -10 0.00017654895782470703
Car -1 -1 -10 0.0 206.0 15.0 300.0 -1 -1 -1 -1000 -1000 -1000 -10 0.0001627206802368164
Pedestrian -1 -1 -10 859.0 0.0 885.0 2.0 -1 -1 -1 -1000 -1000 -1000 -10 0.00015461444854736328
Car -1 -1 -10 0.0 230.0 22.0 358.0 -1 -1 -1 -1000 -1000 -1000 -10 0.00014853477478027344
Pedestrian -1 -1 -10 869.0 0.0 892.0 2.0 -1 -1 -1 -1000 -1000 -1000 -10 0.00014007091522216797
Car -1 -1 -10 303.0 142.0 482.0 274.0 -1 -1 -1 -1000 -1000 -1000 -10 0.00012362003326416016
Car -1 -1 -10 1.0 237.0 27.0 375.0 -1 -1 -1 -1000 -1000 -1000 -10 0.00012242794036865234
Car -1 -1 -10 310.0 143.0 464.0 258.0 -1 -1 -1 -1000 -1000 -1000 -10 0.0001195669174194336
Car -1 -1 -10 97.0 190.0 274.0 269.0 -1 -1 -1 -1000 -1000 -1000 -10 0.00010883808135986328
Car -1 -1 -10 0.0 240.0 16.0 348.0 -1 -1 -1 -1000 -1000 -1000 -10 0.00010776519775390625
Car -1 -1 -10 1.0 197.0 32.0 326.0 -1 -1 -1 -1000 -1000 -1000 -10 0.00010579824447631836
Car -1 -1 -10 0.0 187.0 13.0 280.0 -1 -1 -1 -1000 -1000 -1000 -10 0.00010371208190917969
Car -1 -1 -10 0.0 174.0 19.0 280.0 -1 -1 -1 -1000 -1000 -1000 -10 0.00010287761688232422
Car -1 -1 -10 449.0 101.0 478.0 131.0 -1 -1 -1 -1000 -1000 -1000 -10 0.00010007619857788086
