Car -1 -1 -10 662.0 185.0 690.0 204.0 -1 -1 -1 -1000 -1000 -1000 -10 0.9404296875
Car -1 -1 -10 447.0 176.0 481.0 205.0 -1 -1 -1 -1000 -1000 -1000 -10 0.939453125
Car -1 -1 -10 424.0 354.0 491.0 375.0 -1 -1 -1 -1000 -1000 -1000 -10 0.0013904571533203125
Car -1 -1 -10 659.0 179.0 692.0 209.0 -1 -1 -1 -1000 -1000 -1000 -10 0.000888824462890625
Car -1 -1 -10 516.0 3.0 593.0 54.0 -1 -1 -1 -1000 -1000 -1000 -10 0.0007166862487792969
Car -1 -1 -10 656.0 185.0 685.0 203.0 -1 -1 -1 -1000 -1000 -1000 -10 0.0006909370422363281
Car -1 -1 -10 492.0 357.0 562.0 375.0 -1 -1 -1 -1000 -1000 -1000 -10 0.0005645751953125
Car -1 -1 -10 660.0 183.0 692.0 211.0 -1 -1 -1 -1000 -1000 -1000 -10 0.000530242919921875
Car -1 -1 -10 661.0 182.0 690.0 203.0 -1 -1 -1 -1000 -1000 -1000 -10 0.00047516822814941406
Car -1 -1 -10 446.0 174.0 482.0 209.0 -1 -1 -1 -1000 -1000 -1000 -10 0.0003197193145751953
Car -1 -1 -10 511.0 4.0 601.0 59.0 -1 -1 -1 -1000 -1000 -1000 -10 0.00029754638671875
Car -1 -1 -10 442.0 177.0 478.0 204.0 -1 -1 -1 -1000 -1000 -1000 -10 0.0002949237823486328
Car -1 -1 -10 1221.0 228.0 1241.0 374.0 -1 -1 -1 -1000 -1000 -1000 -10 0.0002582073211669922
Car -1 -1 -10 429.0 353.0 500.0 375.0 -1 -1 -1 -1000 -1000 -1000 -10 0.0001596212387084961
Car -1 -1 -10 492.0 353.0 570.0 375.0 -1 -1 -1 -1000 -1000 -1000 -10 0.00015807151794433594
Car -1 -1 -10 1214.0 222.0 1241.0 375.0 -1 -1 -1 -1000 -1000 -1000 -10 0.0001468658447265625
Car -1 -1 -10 0.0 224.0 23.0 374.0 -1 -1 -1 -1000 -1000 -1000 -10 0.00012576580047607422
Car -1 -1 -10 454.0 177.0 488.0 201.0 -1 -1 -1 -1000 -1000 -1000 -10 0.000102996826171875
Car -1 -1 -10 0.0 200.0 22.0 366.0 -1 -1 -1 -1000 -1000 -1000 -10 0.00010275840759277344
Car -1 -1 -10 440.0 171.0 482.0 203.0 -1 -1 -1 -1000 -1000 -1000 -10 0.0001017451286315918
