Car -1 -1 -10 0.0 192.0 384.0 373.0 -1 -1 -1 -1000 -1000 -1000 -10 0.9736328125
Car -1 -1 -10 126.0 91.0 472.0 251.0 -1 -1 -1 -1000 -1000 -1000 -10 0.95361328125
Car -1 -1 -10 684.0 170.0 735.0 204.0 -1 -1 -1 -1000 -1000 -1000 -10 0.93896484375
Car -1 -1 -10 588.0 157.0 648.0 188.0 -1 -1 -1 -1000 -1000 -1000 -10 0.9296875
Car -1 -1 -10 492.0 181.0 527.0 204.0 -1 -1 -1 -1000 -1000 -1000 -10 0.9267578125
Car -1 -1 -10 659.0 174.0 693.0 197.0 -1 -1 -1 -1000 -1000 -1000 -10 0.9091796875
Car -1 -1 -10 657.0 173.0 701.0 196.0 -1 -1 -1 -1000 -1000 -1000 -10 0.611328125
Car -1 -1 -10 594.0 159.0 645.0 187.0 -1 -1 -1 -1000 -1000 -1000 -10 0.009735107421875
Car -1 -1 -10 589.0 159.0 639.0 186.0 -1 -1 -1 -1000 -1000 -1000 -10 0.0033550262451171875
Car -1 -1 -10 492.0 180.0 522.0 200.0 -1 -1 -1 -1000 -1000 -1000 -10 0.0022220611572265625
Car -1 -1 -10 0.0 180.0 30.0 295.0 -1 -1 -1 -1000 -1000 -1000 -10 0.0020809173583984375
Car -1 -1 -10 0.0 181.0 49.0 291.0 -1 -1 -1 -1000 -1000 -1000 -10 0.002044677734375
Car -1 -1 -10 689.0 169.0 729.0 194.0 -1 -1 -1 -1000 -1000 -1000 -10 0.0019216537475585938
Car -1 -1 -10 583.0 160.0 640.0 187.0 -1 -1 -1 -1000 -1000 -1000 -10 0.0016565322875976562
Car -1 -1 -10 0.0 178.0 50.0 318.0 -1 -1 -1 -1000 -1000 -1000 -10 0.001255035400390625
Car -1 -1 -10 0.0 186.0 30.0 325.0 -1 -1 -1 -1000 -1000 -1000 -10 0.001251220703125
Car -1 -1 -10 0.0 167.0 31.0 286.0 -1 -1 -1 -1000 -1000 -1000 -10 0.00095367431640625
Car -1 -1 -10 0.0 181.0 66.0 290.0 -1 -1 -1 -1000 -1000 -1000 -10 0.0009307861328125
Car -1 -1 -10 491.0 178.0 527.0 209.0 -1 -1 -1 -1000 -1000 -1000 -10 0.0008907318115234375
Car -1 -1 -10 1.0 178.0 46.0 275.0 -1 -1 -1 -1000 -1000 -1000 -10 0.0008440017700195312
Car -1 -1 -10 680.0 154.0 739.0 212.0 -1 -1 -1 -1000 -1000 -1000 -10 0.000762939453125
Car -1 -1 -10 701.0 169.0 731.0 190.0 -1 -1 -1 -1000 -1000 -1000 -10 0.0007343292236328125
Car -1 -1 -10 0.0 196.0 28.0 364.0 -1 -1 -1 -1000 -1000 -1000 -10 0.0007009506225585938
Car -1 -1 -10 662.0 172.0 692.0 193.0 -1 -1 -1 -1000 -1000 -1000 -10 0.0006990432739257812
Car -1 -1 -10 663.0 173.0 699.0 197.0 -1 -1 -1 -1000 -1000 -1000 -10 0.0005979537963867188
Car -1 -1 -10 680.0 158.0 745.0 222.0 -1 -1 -1 -1000 -1000 -1000 -10 0.0005817413330078125
Car -1 -1 -10 0.0 179.0 33.0 273.0 -1 -1 -1 -1000 -1000 -1000 -10 0.0005593299865722656
Car -1 -1 -10 669.0 168.0 726.0 209.0 -1 -1 -1 -1000 -1000 -1000 -10 0.0005412101745605469
Car -1 -1 -10 658.0 171.0 695.0 204.0 -1 -1 -1 -1000 -1000 -1000 -10 0.0005326271057128906
Car -1 -1 -10 585.0 161.0 633.0 187.0 -1 -1 -1 -1000 -1000 -1000 -10 0.0005221366882324219
Car -1 -1 -10 583.0 140.0 662.0 204.0 -1 -1 -1 -1000 -1000 -1000 -10 0.0005064010620117188
Car -1 -1 -10 0.0 160.0 60.0 297.0 -1 -1 -1 -1000 -1000 -1000 -10 0.0004868507385253906
Car -1 -1 -10 150.0 98.0 449.0 264.0 -1 -1 -1 -1000 -1000 -1000 -10 0.00046133995056152344
Car -1 -1 -10 0.0 193.0 68.0 317.0 -1 -1 -1 -1000 -1000 -1000 -10 0.00040030479431152344
Car -1 -1 -10 122.0 94.0 416.0 233.0 -1 -1 -1 -1000 -1000 -1000 -10 0.0003936290740966797
Car -1 -1 -10 0.0 143.0 26.0 271.0 -1 -1 -1 -1000 -1000 -1000 -10 0.00038313865661621094
Car -1 -1 -10 0.0 190.0 34.0 316.0 -1 -1 -1 -1000 -1000 -1000 -10 0.0003616809844970703
Car -1 -1 -10 0.0 160.0 84.0 283.0 -1 -1 -1 -1000 -1000 -1000 -10 0.0003376007080078125
Car -1 -1 -10 0.0 130.0 30.0 282.0 -1 -1 -1 -1000 -1000 -1000 -10 0.000331878662109375
Car -1 -1 -10 0.0 197.0 51.0 360.0 -1 -1 -1 -1000 -1000 -1000 -10 0.00032067298889160156
Car -1 -1 -10 0.0 177.0 17.0 274.0 -1 -1 -1 -1000 -1000 -1000 -10 0.00029087066650390625
Car -1 -1 -10 550.0 99.0 714.0 242.0 -1 -1 -1 -1000 -1000 -1000 -10 0.00028705596923828125
Car -1 -1 -10 639.0 111.0 798.0 238.0 -1 -1 -1 -1000 -1000 -1000 -10 0.00028395652770996094
Car -1 -1 -10 701.0 171.0 735.0 195.0 -1 -1 -1 -1000 -1000 -1000 -10 0.0002598762512207031
Car -1 -1 -10 635.0 129.0 803.0 272.0 -1 -1 -1 -1000 -1000 -1000 -10 0.0002586841583251953
Car -1 -1 -10 1.0 126.0 49.0 287.0 -1 -1 -1 -1000 -1000 -1000 -10 0.0002434253692626953
Car -1 -1 -10 496.0 180.0 530.0 203.0 -1 -1 -1 -1000 -1000 -1000 -10 0.00024044513702392578
Car -1 -1 -10 0.0 106.0 53.0 278.0 -1 -1 -1 -1000 -1000 -1000 -10 0.0002307891845703125
Car -1 -1 -10 578.0 147.0 653.0 211.0 -1 -1 -1 -1000 -1000 -1000 -10 0.00022852420806884766
Car -1 -1 -10 521.0 99.0 690.0 241.0 -1 -1 -1 -1000 -1000 -1000 -10 0.00019729137420654297
Car -1 -1 -10 126.0 108.0 361.0 225.0 -1 -1 -1 -1000 -1000 -1000 -10 0.00019288063049316406
Car -1 -1 -10 0.0 198.0 53.0 309.0 -1 -1 -1 -1000 -1000 -1000 -10 0.0001920461654663086
Car -1 -1 -10 0.0 179.0 79.0 322.0 -1 -1 -1 -1000 -1000 -1000 -10 0.00019085407257080078
Car -1 -1 -10 695.0 165.0 728.0 185.0 -1 -1 -1 -1000 -1000 -1000 -10 0.00018417835235595703
Car -1 -1 -10 673.0 161.0 737.0 220.0 -1 -1 -1 -1000 -1000 -1000 -10 0.00016570091247558594
Car -1 -1 -10 0.0 185.0 19.0 284.0 -1 -1 -1 -1000 -1000 -1000 -10 0.00016546249389648438
Car -1 -1 -10 0.0 186.0 16.0 299.0 -1 -1 -1 -1000 -1000 -1000 -10 0.00016295909881591797
Car -1 -1 -10 0.0 199.0 63.0 352.0 -1 -1 -1 -1000 -1000 -1000 -10 0.00016248226165771484
Car -1 -1 -10 0.0 104.0 23.0 258.0 -1 -1 -1 -1000 -1000 -1000 -10 0.00015687942504882812
Car -1 -1 -10 1.0 142.0 49.0 271.0 -1 -1 -1 -1000 -1000 -1000 -10 0.0001519918441772461
Car -1 -1 -10 1.0 174.0 31.0 262.0 -1 -1 -1 -1000 -1000 -1000 -10 0.00014674663543701172
Car -1 -1 -10 0.0 219.0 26.0 375.0 -1 -1 -1 -1000 -1000 -1000 -10 0.00014281272888183594
Car -1 -1 -10 605.0 118.0 773.0 234.0 -1 -1 -1 -1000 -1000 -1000 -10 0.0001418590545654297
Car -1 -1 -10 657.0 0.0 704.0 32.0 -1 -1 -1 -1000 -1000 -1000 -10 0.0001399517059326172
Car -1 -1 -10 587.0 154.0 650.0 190.0 -1 -1 -1 -1000 -1000 -1000 -10 0.00013816356658935547
Car -1 -1 -10 0.0 85.0 28.0 275.0 -1 -1 -1 -1000 -1000 -1000 -10 0.00013744831085205078
Car -1 -1 -10 56.0 197.0 364.0 371.0 -1 -1 -1 -1000 -1000 -1000 -10 0.0001348257064819336
Car -1 -1 -10 2.0 196.0 296.0 371.0 -1 -1 -1 -1000 -1000 -1000 -10 0.00012826919555664062
Car -1 -1 -10 0.0 87.0 43.0 279.0 -1 -1 -1 -1000 -1000 -1000 -10 0.00012254714965820312
Car -1 -1 -10 686.0 170.0 715.0 189.0 -1 -1 -1 -1000 -1000 -1000 -10 0.00012254714965820312
Car -1 -1 -10 516.0 125.0 690.0 250.0 -1 -1 -1 -1000 -1000 -1000 -10 0.0001099705696105957
Car -1 -1 -10 589.0 148.0 649.0 183.0 -1 -1 -1 -1000 -1000 -1000 -10 0.00010949373245239258
Car -1 -1 -10 0.0 179.0 85.0 302.0 -1 -1 -1 -1000 -1000 -1000 -10 0.00010585784912109375
Car -1 -1 -10 1.0 186.0 84.0 283.0 -1 -1 -1 -1000 -1000 -1000 -10 0.0001055002212524414
Car -1 -1 -10 499.0 177.0 534.0 201.0 -1 -1 -1 -1000 -1000 -1000 -10 0.00010454654693603516
Car -1 -1 -10 2.0 165.0 66.0 268.0 -1 -1 -1 -1000 -1000 -1000 -10 0.00010198354721069336
Car -1 -1 -10 645.0 170.0 688.0 192.0 -1 -1 -1 -1000 -1000 -1000 -10 0.0001010894775390625
