Car -1 -1 -10 682.0 170.0 801.0 256.0 -1 -1 -1 -1000 -1000 -1000 -10 0.96435546875
Car -1 -1 -10 261.0 181.0 472.0 317.0 -1 -1 -1 -1000 -1000 -1000 -10 0.96240234375
Car -1 -1 -10 906.0 161.0 1241.0 371.0 -1 -1 -1 -1000 -1000 -1000 -10 0.943359375
Car -1 -1 -10 640.0 171.0 681.0 204.0 -1 -1 -1 -1000 -1000 -1000 -10 0.92578125
Car -1 -1 -10 684.0 153.0 723.0 183.0 -1 -1 -1 -1000 -1000 -1000 -10 0.85107421875
Car -1 -1 -10 679.0 160.0 714.0 186.0 -1 -1 -1 -1000 -1000 -1000 -10 0.022918701171875
Car -1 -1 -10 695.0 154.0 734.0 182.0 -1 -1 -1 -1000 -1000 -1000 -10 0.01474761962890625
Car -1 -1 -10 703.0 155.0 741.0 181.0 -1 -1 -1 -1000 -1000 -1000 -10 0.0033512115478515625
Car -1 -1 -10 677.0 164.0 706.0 186.0 -1 -1 -1 -1000 -1000 -1000 -10 0.0023899078369140625
Car -1 -1 -10 690.0 152.0 770.0 224.0 -1 -1 -1 -1000 -1000 -1000 -10 0.002216339111328125
Car -1 -1 -10 0.0 226.0 60.0 373.0 -1 -1 -1 -1000 -1000 -1000 -10 0.0019483566284179688
Car -1 -1 -10 0.0 234.0 104.0 375.0 -1 -1 -1 -1000 -1000 -1000 -10 0.0018596649169921875
Car -1 -1 -10 0.0 226.0 89.0 374.0 -1 -1 -1 -1000 -1000 -1000 -10 0.0015516281127929688
Car -1 -1 -10 643.0 169.0 675.0 194.0 -1 -1 -1 -1000 -1000 -1000 -10 0.0013065338134765625
Car -1 -1 -10 0.0 233.0 123.0 372.0 -1 -1 -1 -1000 -1000 -1000 -10 0.0012865066528320312
Car -1 -1 -10 0.0 223.0 28.0 372.0 -1 -1 -1 -1000 -1000 -1000 -10 0.00099945068359375
Car -1 -1 -10 642.0 179.0 679.0 207.0 -1 -1 -1 -1000 -1000 -1000 -10 0.0008831024169921875
Car -1 -1 -10 0.0 240.0 66.0 375.0 -1 -1 -1 -1000 -1000 -1000 -10 0.00080108642578125
Car -1 -1 -10 681.0 150.0 724.0 188.0 -1 -1 -1 -1000 -1000 -1000 -10 0.0007562637329101562
Car -1 -1 -10 0.0 221.0 103.0 366.0 -1 -1 -1 -1000 -1000 -1000 -10 0.0007305145263671875
Car -1 -1 -10 680.0 162.0 808.0 262.0 -1 -1 -1 -1000 -1000 -1000 -10 0.0006136894226074219
Car -1 -1 -10 296.0 183.0 433.0 310.0 -1 -1 -1 -1000 -1000 -1000 -10 0.0005512237548828125
Car -1 -1 -10 706.0 153.0 743.0 179.0 -1 -1 -1 -1000 -1000 -1000 -10 0.0005249977111816406
Car -1 -1 -10 0.0 209.0 53.0 368.0 -1 -1 -1 -1000 -1000 -1000 -10 0.0004754066467285156
Car -1 -1 -10 1221.0 152.0 1242.0 318.0 -1 -1 -1 -1000 -1000 -1000 -10 0.0004596710205078125
Car -1 -1 -10 1223.0 149.0 1241.0 288.0 -1 -1 -1 -1000 -1000 -1000 -10 0.0004401206970214844
Car -1 -1 -10 1215.0 149.0 1242.0 322.0 -1 -1 -1 -1000 -1000 -1000 -10 0.00035190582275390625
Car -1 -1 -10 0.0 251.0 27.0 375.0 -1 -1 -1 -1000 -1000 -1000 -10 0.000347137451171875
Car -1 -1 -10 0.0 198.0 30.0 375.0 -1 -1 -1 -1000 -1000 -1000 -10 0.000335693359375
Car -1 -1 -10 630.0 156.0 685.0 214.0 -1 -1 -1 -1000 -1000 -1000 -10 0.0003292560577392578
Car -1 -1 -10 627.0 159.0 685.0 221.0 -1 -1 -1 -1000 -1000 -1000 -10 0.0003230571746826172
Car -1 -1 -10 0.0 242.0 188.0 375.0 -1 -1 -1 -1000 -1000 -1000 -10 0.0003218650817871094
Car -1 -1 -10 0.0 220.0 135.0 365.0 -1 -1 -1 -1000 -1000 -1000 -10 0.00031828880310058594
Car -1 -1 -10 639.0 174.0 675.0 205.0 -1 -1 -1 -1000 -1000 -1000 -10 0.0002911090850830078
Car -1 -1 -10 660.0 121.0 800.0 251.0 -1 -1 -1 -1000 -1000 -1000 -10 0.0002484321594238281
Car -1 -1 -10 1222.0 135.0 1241.0 275.0 -1 -1 -1 -1000 -1000 -1000 -10 0.00023996829986572266
Car -1 -1 -10 561.0 115.0 729.0 238.0 -1 -1 -1 -1000 -1000 -1000 -10 0.00023865699768066406
Car -1 -1 -10 641.0 169.0 671.0 196.0 -1 -1 -1 -1000 -1000 -1000 -10 0.0002384185791015625
Car -1 -1 -10 1216.0 154.0 1242.0 279.0 -1 -1 -1 -1000 -1000 -1000 -10 0.000232696533203125
Car -1 -1 -10 0.0 245.0 31.0 375.0 -1 -1 -1 -1000 -1000 -1000 -10 0.00021660327911376953
Car -1 -1 -10 1216.0 141.0 1241.0 297.0 -1 -1 -1 -1000 -1000 -1000 -10 0.00021350383758544922
Car -1 -1 -10 556.0 131.0 733.0 269.0 -1 -1 -1 -1000 -1000 -1000 -10 0.00018727779388427734
Car -1 -1 -10 1220.0 153.0 1242.0 356.0 -1 -1 -1 -1000 -1000 -1000 -10 0.00018155574798583984
Car -1 -1 -10 0.0 172.0 52.0 375.0 -1 -1 -1 -1000 -1000 -1000 -10 0.0001811981201171875
Car -1 -1 -10 1226.0 156.0 1242.0 275.0 -1 -1 -1 -1000 -1000 -1000 -10 0.00017523765563964844
Car -1 -1 -10 690.0 160.0 726.0 186.0 -1 -1 -1 -1000 -1000 -1000 -10 0.00017118453979492188
Car -1 -1 -10 1.0 258.0 285.0 375.0 -1 -1 -1 -1000 -1000 -1000 -10 0.00016570091247558594
Car -1 -1 -10 649.0 160.0 733.0 230.0 -1 -1 -1 -1000 -1000 -1000 -10 0.00016319751739501953
Car -1 -1 -10 0.0 250.0 130.0 375.0 -1 -1 -1 -1000 -1000 -1000 -10 0.00015664100646972656
Car -1 -1 -10 1217.0 127.0 1242.0 283.0 -1 -1 -1 -1000 -1000 -1000 -10 0.00014007091522216797
Car -1 -1 -10 681.0 152.0 715.0 181.0 -1 -1 -1 -1000 -1000 -1000 -10 0.00013780593872070312
Car -1 -1 -10 0.0 274.0 130.0 375.0 -1 -1 -1 -1000 -1000 -1000 -10 0.0001246929168701172
Car -1 -1 -10 1210.0 145.0 1241.0 294.0 -1 -1 -1 -1000 -1000 -1000 -10 0.00011932849884033203
Car -1 -1 -10 1214.0 147.0 1241.0 364.0 -1 -1 -1 -1000 -1000 -1000 -10 0.00011610984802246094
Car -1 -1 -10 606.0 133.0 773.0 274.0 -1 -1 -1 -1000 -1000 -1000 -10 0.00011277198791503906
Car -1 -1 -10 661.0 141.0 718.0 202.0 -1 -1 -1 -1000 -1000 -1000 -10 0.00010353326797485352
Car -1 -1 -10 0.0 304.0 107.0 375.0 -1 -1 -1 -1000 -1000 -1000 -10 0.00010246038436889648
Car -1 -1 -10 1229.0 154.0 1242.0 258.0 -1 -1 -1 -1000 -1000 -1000 -10 0.00010102987289428711
