Car -1 -1 -10 359.0 187.0 454.0 241.0 -1 -1 -1 -1000 -1000 -1000 -10 0.96142578125
Car -1 -1 -10 418.0 175.0 496.0 229.0 -1 -1 -1 -1000 -1000 -1000 -10 0.95361328125
Car -1 -1 -10 685.0 173.0 733.0 212.0 -1 -1 -1 -1000 -1000 -1000 -10 0.92724609375
Car -1 -1 -10 653.0 177.0 687.0 201.0 -1 -1 -1 -1000 -1000 -1000 -10 0.91162109375
Car -1 -1 -10 690.0 163.0 724.0 203.0 -1 -1 -1 -1000 -1000 -1000 -10 0.8671875
Car -1 -1 -10 1186.0 138.0 1241.0 194.0 -1 -1 -1 -1000 -1000 -1000 -10 0.83203125
Car -1 -1 -10 687.0 168.0 731.0 210.0 -1 -1 -1 -1000 -1000 -1000 -10 0.80224609375
Car -1 -1 -10 1182.0 144.0 1239.0 197.0 -1 -1 -1 -1000 -1000 -1000 -10 0.62939453125
Car -1 -1 -10 1196.0 139.0 1241.0 187.0 -1 -1 -1 -1000 -1000 -1000 -10 0.137451171875
Car -1 -1 -10 1198.0 144.0 1242.0 192.0 -1 -1 -1 -1000 -1000 -1000 -10 0.1190185546875
Car -1 -1 -10 1191.0 135.0 1240.0 186.0 -1 -1 -1 -1000 -1000 -1000 -10 0.09197998046875
Car -1 -1 -10 1179.0 147.0 1240.0 203.0 -1 -1 -1 -1000 -1000 -1000 -10 0.0811767578125
Car -1 -1 -10 697.0 170.0 734.0 203.0 -1 -1 -1 -1000 -1000 -1000 -10 0.07391357421875
Car -1 -1 -10 1182.0 134.0 1242.0 202.0 -1 -1 -1 -1000 -1000 -1000 -10 0.0255279541015625
Car -1 -1 -10 1228.0 170.0 1242.0 225.0 -1 -1 -1 -1000 -1000 -1000 -10 0.0204620361328125
Car -1 -1 -10 692.0 164.0 729.0 202.0 -1 -1 -1 -1000 -1000 -1000 -10 0.0179595947265625
Car -1 -1 -10 1201.0 135.0 1242.0 180.0 -1 -1 -1 -1000 -1000 -1000 -10 0.017425537109375
Car -1 -1 -10 1229.0 174.0 1242.0 221.0 -1 -1 -1 -1000 -1000 -1000 -10 0.0168304443359375
Car -1 -1 -10 1228.0 169.0 1242.0 212.0 -1 -1 -1 -1000 -1000 -1000 -10 0.0106201171875
Car -1 -1 -10 1222.0 165.0 1241.0 214.0 -1 -1 -1 -1000 -1000 -1000 -10 0.00881195068359375
Car -1 -1 -10 1188.0 130.0 1242.0 180.0 -1 -1 -1 -1000 -1000 -1000 -10 0.006526947021484375
Car -1 -1 -10 1184.0 154.0 1241.0 206.0 -1 -1 -1 -1000 -1000 -1000 -10 0.006160736083984375
Car -1 -1 -10 1221.0 146.0 1242.0 188.0 -1 -1 -1 -1000 -1000 -1000 -10 0.006134033203125
Car -1 -1 -10 1217.0 171.0 1242.0 222.0 -1 -1 -1 -1000 -1000 -1000 -10 0.005634307861328125
Car -1 -1 -10 1192.0 149.0 1241.0 198.0 -1 -1 -1 -1000 -1000 -1000 -10 0.0055084228515625
Car -1 -1 -10 704.0 171.0 736.0 200.0 -1 -1 -1 -1000 -1000 -1000 -10 0.00542449951171875
Car -1 -1 -10 1225.0 155.0 1242.0 198.0 -1 -1 -1 -1000 -1000 -1000 -10 0.004924774169921875
Car -1 -1 -10 1214.0 167.0 1242.0 214.0 -1 -1 -1 -1000 -1000 -1000 -10 0.004123687744140625
Car -1 -1 -10 1219.0 141.0 1241.0 184.0 -1 -1 -1 -1000 -1000 -1000 -10 0.0035152435302734375
Car -1 -1 -10 1223.0 133.0 1242.0 174.0 -1 -1 -1 -1000 -1000 -1000 -10 0.0031871795654296875
Car -1 -1 -10 1226.0 169.0 1242.0 243.0 -1 -1 -1 -1000 -1000 -1000 -10 0.002933502197265625
Car -1 -1 -10 1184.0 150.0 1235.0 200.0 -1 -1 -1 -1000 -1000 -1000 -10 0.00290679931640625
Car -1 -1 -10 1229.0 171.0 1242.0 245.0 -1 -1 -1 -1000 -1000 -1000 -10 0.0027599334716796875
Car -1 -1 -10 1182.0 136.0 1237.0 184.0 -1 -1 -1 -1000 -1000 -1000 -10 0.002582550048828125
Car -1 -1 -10 1175.0 147.0 1236.0 195.0 -1 -1 -1 -1000 -1000 -1000 -10 0.00254058837890625
Car -1 -1 -10 1210.0 162.0 1242.0 210.0 -1 -1 -1 -1000 -1000 -1000 -10 0.0025043487548828125
Car -1 -1 -10 1214.0 159.0 1242.0 223.0 -1 -1 -1 -1000 -1000 -1000 -10 0.0024814605712890625
Car -1 -1 -10 1177.0 159.0 1242.0 210.0 -1 -1 -1 -1000 -1000 -1000 -10 0.0021038055419921875
Car -1 -1 -10 1203.0 149.0 1242.0 198.0 -1 -1 -1 -1000 -1000 -1000 -10 0.0020313262939453125
Car -1 -1 -10 1212.0 128.0 1241.0 177.0 -1 -1 -1 -1000 -1000 -1000 -10 0.001689910888671875
Car -1 -1 -10 1230.0 181.0 1242.0 235.0 -1 -1 -1 -1000 -1000 -1000 -10 0.001468658447265625
Car -1 -1 -10 0.0 193.0 23.0 367.0 -1 -1 -1 -1000 -1000 -1000 -10 0.0012998580932617188
Car -1 -1 -10 1195.0 170.0 1241.0 220.0 -1 -1 -1 -1000 -1000 -1000 -10 0.0012006759643554688
Car -1 -1 -10 1191.0 157.0 1241.0 210.0 -1 -1 -1 -1000 -1000 -1000 -10 0.0011949539184570312
Car -1 -1 -10 701.0 174.0 737.0 201.0 -1 -1 -1 -1000 -1000 -1000 -10 0.0010528564453125
Car -1 -1 -10 1207.0 130.0 1242.0 175.0 -1 -1 -1 -1000 -1000 -1000 -10 0.001010894775390625
Car -1 -1 -10 652.0 175.0 690.0 208.0 -1 -1 -1 -1000 -1000 -1000 -10 0.0010099411010742188
Car -1 -1 -10 1219.0 172.0 1242.0 242.0 -1 -1 -1 -1000 -1000 -1000 -10 0.0009851455688476562
Car -1 -1 -10 0.0 224.0 23.0 368.0 -1 -1 -1 -1000 -1000 -1000 -10 0.0009541511535644531
Car -1 -1 -10 1177.0 141.0 1234.0 191.0 -1 -1 -1 -1000 -1000 -1000 -10 0.0009126663208007812
Car -1 -1 -10 0.0 157.0 25.0 369.0 -1 -1 -1 -1000 -1000 -1000 -10 0.0007152557373046875
Car -1 -1 -10 1225.0 165.0 1242.0 308.0 -1 -1 -1 -1000 -1000 -1000 -10 0.0007009506225585938
Car -1 -1 -10 1218.0 163.0 1241.0 253.0 -1 -1 -1 -1000 -1000 -1000 -10 0.000644683837890625
Car -1 -1 -10 1228.0 128.0 1242.0 164.0 -1 -1 -1 -1000 -1000 -1000 -10 0.0006346702575683594
Car -1 -1 -10 1220.0 182.0 1242.0 375.0 -1 -1 -1 -1000 -1000 -1000 -10 0.0006222724914550781
Car -1 -1 -10 678.0 162.0 736.0 224.0 -1 -1 -1 -1000 -1000 -1000 -10 0.00061798095703125
Car -1 -1 -10 682.0 159.0 743.0 228.0 -1 -1 -1 -1000 -1000 -1000 -10 0.00060272216796875
Car -1 -1 -10 1177.0 170.0 1242.0 220.0 -1 -1 -1 -1000 -1000 -1000 -10 0.000598907470703125
Car -1 -1 -10 680.0 155.0 737.0 217.0 -1 -1 -1 -1000 -1000 -1000 -10 0.0005884170532226562
Car -1 -1 -10 0.0 180.0 34.0 375.0 -1 -1 -1 -1000 -1000 -1000 -10 0.0005245208740234375
Car -1 -1 -10 1170.0 154.0 1239.0 204.0 -1 -1 -1 -1000 -1000 -1000 -10 0.0005049705505371094
Car -1 -1 -10 1230.0 172.0 1242.0 269.0 -1 -1 -1 -1000 -1000 -1000 -10 0.0004968643188476562
Car -1 -1 -10 416.0 171.0 499.0 235.0 -1 -1 -1 -1000 -1000 -1000 -10 0.0004949569702148438
Car -1 -1 -10 1215.0 175.0 1241.0 375.0 -1 -1 -1 -1000 -1000 -1000 -10 0.0004832744598388672
Pedestrian -1 -1 -10 0.0 149.0 21.0 343.0 -1 -1 -1 -1000 -1000 -1000 -10 0.0004565715789794922
Car -1 -1 -10 1205.0 184.0 1241.0 375.0 -1 -1 -1 -1000 -1000 -1000 -10 0.00041961669921875
Car -1 -1 -10 376.0 188.0 426.0 233.0 -1 -1 -1 -1000 -1000 -1000 -10 0.00041556358337402344
Car -1 -1 -10 1220.0 179.0 1242.0 234.0 -1 -1 -1 -1000 -1000 -1000 -10 0.0004124641418457031
Car -1 -1 -10 653.0 175.0 680.0 198.0 -1 -1 -1 -1000 -1000 -1000 -10 0.00039958953857421875
Car -1 -1 -10 1224.0 170.0 1242.0 344.0 -1 -1 -1 -1000 -1000 -1000 -10 0.0003750324249267578
Car -1 -1 -10 1203.0 165.0 1241.0 246.0 -1 -1 -1 -1000 -1000 -1000 -10 0.0003707408905029297
Car -1 -1 -10 1219.0 157.0 1242.0 318.0 -1 -1 -1 -1000 -1000 -1000 -10 0.00033736228942871094
Car -1 -1 -10 314.0 160.0 489.0 285.0 -1 -1 -1 -1000 -1000 -1000 -10 0.00033402442932128906
Car -1 -1 -10 1120.0 113.0 1242.0 227.0 -1 -1 -1 -1000 -1000 -1000 -10 0.00031280517578125
Car -1 -1 -10 1215.0 212.0 1241.0 375.0 -1 -1 -1 -1000 -1000 -1000 -10 0.0003020763397216797
Pedestrian -1 -1 -10 1.0 136.0 26.0 355.0 -1 -1 -1 -1000 -1000 -1000 -10 0.0002753734588623047
Car -1 -1 -10 0.0 242.0 17.0 367.0 -1 -1 -1 -1000 -1000 -1000 -10 0.0002598762512207031
Car -1 -1 -10 1143.0 109.0 1242.0 229.0 -1 -1 -1 -1000 -1000 -1000 -10 0.0002579689025878906
Car -1 -1 -10 606.0 133.0 775.0 268.0 -1 -1 -1 -1000 -1000 -1000 -10 0.00025653839111328125
Car -1 -1 -10 1.0 253.0 23.0 374.0 -1 -1 -1 -1000 -1000 -1000 -10 0.0002560615539550781
Car -1 -1 -10 0.0 149.0 35.0 374.0 -1 -1 -1 -1000 -1000 -1000 -10 0.000255584716796875
Car -1 -1 -10 1217.0 160.0 1242.0 356.0 -1 -1 -1 -1000 -1000 -1000 -10 0.0002422332763671875
Car -1 -1 -10 1229.0 178.0 1242.0 288.0 -1 -1 -1 -1000 -1000 -1000 -10 0.00023877620697021484
Car -1 -1 -10 0.0 223.0 32.0 375.0 -1 -1 -1 -1000 -1000 -1000 -10 0.00023794174194335938
Car -1 -1 -10 1170.0 144.0 1241.0 215.0 -1 -1 -1 -1000 -1000 -1000 -10 0.00023448467254638672
Car -1 -1 -10 637.0 129.0 803.0 273.0 -1 -1 -1 -1000 -1000 -1000 -10 0.00023114681243896484
Car -1 -1 -10 1211.0 207.0 1242.0 375.0 -1 -1 -1 -1000 -1000 -1000 -10 0.0002288818359375
Car -1 -1 -10 0.0 220.0 16.0 350.0 -1 -1 -1 -1000 -1000 -1000 -10 0.00022220611572265625
Car -1 -1 -10 640.0 118.0 796.0 239.0 -1 -1 -1 -1000 -1000 -1000 -10 0.00021517276763916016
Car -1 -1 -10 0.0 241.0 25.0 367.0 -1 -1 -1 -1000 -1000 -1000 -10 0.00021064281463623047
Car -1 -1 -10 421.0 171.0 496.0 222.0 -1 -1 -1 -1000 -1000 -1000 -10 0.00020563602447509766
Car -1 -1 -10 378.0 136.0 552.0 276.0 -1 -1 -1 -1000 -1000 -1000 -10 0.00020325183868408203
Car -1 -1 -10 368.0 177.0 471.0 241.0 -1 -1 -1 -1000 -1000 -1000 -10 0.0002014636993408203
Car -1 -1 -10 691.0 176.0 736.0 211.0 -1 -1 -1 -1000 -1000 -1000 -10 0.00018966197967529297
Car -1 -1 -10 1222.0 171.0 1242.0 269.0 -1 -1 -1 -1000 -1000 -1000 -10 0.00018918514251708984
Car -1 -1 -10 1212.0 160.0 1241.0 320.0 -1 -1 -1 -1000 -1000 -1000 -10 0.00017976760864257812
Car -1 -1 -10 387.0 139.0 539.0 249.0 -1 -1 -1 -1000 -1000 -1000 -10 0.00016808509826660156
Car -1 -1 -10 699.0 167.0 735.0 206.0 -1 -1 -1 -1000 -1000 -1000 -10 0.00016045570373535156
Pedestrian -1 -1 -10 67.0 104.0 91.0 134.0 -1 -1 -1 -1000 -1000 -1000 -10 0.00015664100646972656
Pedestrian -1 -1 -10 69.0 102.0 88.0 136.0 -1 -1 -1 -1000 -1000 -1000 -10 0.0001500844955444336
Car -1 -1 -10 1.0 244.0 27.0 375.0 -1 -1 -1 -1000 -1000 -1000 -10 0.000148773193359375
Car -1 -1 -10 1197.0 216.0 1242.0 375.0 -1 -1 -1 -1000 -1000 -1000 -10 0.00014078617095947266
Car -1 -1 -10 1193.0 126.0 1241.0 175.0 -1 -1 -1 -1000 -1000 -1000 -10 0.00014019012451171875
Car -1 -1 -10 1149.0 111.0 1242.0 213.0 -1 -1 -1 -1000 -1000 -1000 -10 0.00014007091522216797
Car -1 -1 -10 1210.0 158.0 1242.0 362.0 -1 -1 -1 -1000 -1000 -1000 -10 0.00012743473052978516
Car -1 -1 -10 0.0 219.0 23.0 351.0 -1 -1 -1 -1000 -1000 -1000 -10 0.00012731552124023438
Car -1 -1 -10 0.0 161.0 42.0 364.0 -1 -1 -1 -1000 -1000 -1000 -10 0.00012624263763427734
Car -1 -1 -10 684.0 177.0 728.0 211.0 -1 -1 -1 -1000 -1000 -1000 -10 0.00012552738189697266
Car -1 -1 -10 383.0 187.0 434.0 235.0 -1 -1 -1 -1000 -1000 -1000 -10 0.00012540817260742188
Car -1 -1 -10 692.0 158.0 725.0 196.0 -1 -1 -1 -1000 -1000 -1000 -10 0.00011831521987915039
Car -1 -1 -10 0.0 121.0 41.0 361.0 -1 -1 -1 -1000 -1000 -1000 -10 0.00011515617370605469
Car -1 -1 -10 0.0 200.0 40.0 373.0 -1 -1 -1 -1000 -1000 -1000 -10 0.00010848045349121094
Car -1 -1 -10 1228.0 194.0 1242.0 312.0 -1 -1 -1 -1000 -1000 -1000 -10 0.00010627508163452148
Car -1 -1 -10 343.0 146.0 513.0 272.0 -1 -1 -1 -1000 -1000 -1000 -10 0.00010347366333007812
Car -1 -1 -10 1221.0 178.0 1242.0 289.0 -1 -1 -1 -1000 -1000 -1000 -10 0.00010341405868530273
