Car -1 -1 -10 379.0 185.0 479.0 255.0 -1 -1 -1 -1000 -1000 -1000 -10 0.9658203125
Car -1 -1 -10 496.0 181.0 586.0 251.0 -1 -1 -1 -1000 -1000 -1000 -10 0.96240234375
Car -1 -1 -10 446.0 150.0 526.0 230.0 -1 -1 -1 -1000 -1000 -1000 -10 0.9580078125
Cyclist -1 -1 -10 855.0 149.0 932.0 257.0 -1 -1 -1 -1000 -1000 -1000 -10 0.951171875
Car -1 -1 -10 518.0 179.0 549.0 205.0 -1 -1 -1 -1000 -1000 -1000 -10 0.806640625
Car -1 -1 -10 486.0 172.0 581.0 250.0 -1 -1 -1 -1000 -1000 -1000 -10 0.1737060546875
Car -1 -1 -10 514.0 181.0 547.0 209.0 -1 -1 -1 -1000 -1000 -1000 -10 0.1370849609375
Car -1 -1 -10 511.0 181.0 551.0 213.0 -1 -1 -1 -1000 -1000 -1000 -10 0.10235595703125
Car -1 -1 -10 523.0 178.0 553.0 204.0 -1 -1 -1 -1000 -1000 -1000 -10 0.042938232421875
Car -1 -1 -10 503.0 182.0 578.0 238.0 -1 -1 -1 -1000 -1000 -1000 -10 0.0257720947265625
Car -1 -1 -10 0.0 219.0 137.0 372.0 -1 -1 -1 -1000 -1000 -1000 -10 0.019775390625
Car -1 -1 -10 512.0 182.0 541.0 210.0 -1 -1 -1 -1000 -1000 -1000 -10 0.017730712890625
Car -1 -1 -10 512.0 178.0 543.0 204.0 -1 -1 -1 -1000 -1000 -1000 -10 0.01340484619140625
Car -1 -1 -10 533.0 180.0 560.0 205.0 -1 -1 -1 -1000 -1000 -1000 -10 0.004955291748046875
Car -1 -1 -10 0.0 189.0 132.0 375.0 -1 -1 -1 -1000 -1000 -1000 -10 0.0044403076171875
Car -1 -1 -10 520.0 183.0 563.0 228.0 -1 -1 -1 -1000 -1000 -1000 -10 0.0038280487060546875
Car -1 -1 -10 506.0 179.0 536.0 209.0 -1 -1 -1 -1000 -1000 -1000 -10 0.0015773773193359375
Car -1 -1 -10 515.0 179.0 554.0 221.0 -1 -1 -1 -1000 -1000 -1000 -10 0.00146484375
Car -1 -1 -10 1.0 247.0 134.0 370.0 -1 -1 -1 -1000 -1000 -1000 -10 0.0012645721435546875
Car -1 -1 -10 516.0 175.0 551.0 209.0 -1 -1 -1 -1000 -1000 -1000 -10 0.0012578964233398438
Car -1 -1 -10 536.0 178.0 562.0 202.0 -1 -1 -1 -1000 -1000 -1000 -10 0.001068115234375
Car -1 -1 -10 517.0 177.0 561.0 211.0 -1 -1 -1 -1000 -1000 -1000 -10 0.0009512901306152344
Car -1 -1 -10 1197.0 192.0 1242.0 374.0 -1 -1 -1 -1000 -1000 -1000 -10 0.000759124755859375
Car -1 -1 -10 1215.0 219.0 1242.0 374.0 -1 -1 -1 -1000 -1000 -1000 -10 0.0007405281066894531
Car -1 -1 -10 366.0 176.0 495.0 273.0 -1 -1 -1 -1000 -1000 -1000 -10 0.000682830810546875
Cyclist -1 -1 -10 836.0 146.0 947.0 259.0 -1 -1 -1 -1000 -1000 -1000 -10 0.0006532669067382812
Car -1 -1 -10 1214.0 191.0 1242.0 375.0 -1 -1 -1 -1000 -1000 -1000 -10 0.0006451606750488281
Car -1 -1 -10 473.0 161.0 527.0 210.0 -1 -1 -1 -1000 -1000 -1000 -10 0.0006194114685058594
Car -1 -1 -10 1201.0 215.0 1242.0 375.0 -1 -1 -1 -1000 -1000 -1000 -10 0.0005698204040527344
Cyclist -1 -1 -10 851.0 150.0 917.0 256.0 -1 -1 -1 -1000 -1000 -1000 -10 0.0005688667297363281
Car -1 -1 -10 520.0 173.0 556.0 212.0 -1 -1 -1 -1000 -1000 -1000 -10 0.0005383491516113281
Car -1 -1 -10 485.0 166.0 607.0 261.0 -1 -1 -1 -1000 -1000 -1000 -10 0.000518798828125
Car -1 -1 -10 459.0 155.0 524.0 221.0 -1 -1 -1 -1000 -1000 -1000 -10 0.00047326087951660156
Car -1 -1 -10 362.0 173.0 487.0 264.0 -1 -1 -1 -1000 -1000 -1000 -10 0.0004353523254394531
Car -1 -1 -10 423.0 141.0 541.0 235.0 -1 -1 -1 -1000 -1000 -1000 -10 0.0004127025604248047
Car -1 -1 -10 514.0 181.0 563.0 239.0 -1 -1 -1 -1000 -1000 -1000 -10 0.00036787986755371094
Car -1 -1 -10 547.0 176.0 572.0 200.0 -1 -1 -1 -1000 -1000 -1000 -10 0.0003581047058105469
Car -1 -1 -10 503.0 180.0 535.0 215.0 -1 -1 -1 -1000 -1000 -1000 -10 0.00029921531677246094
Car -1 -1 -10 0.0 156.0 121.0 375.0 -1 -1 -1 -1000 -1000 -1000 -10 0.0002949237823486328
Car -1 -1 -10 6.0 198.0 153.0 374.0 -1 -1 -1 -1000 -1000 -1000 -10 0.0002562999725341797
Car -1 -1 -10 518.0 182.0 568.0 242.0 -1 -1 -1 -1000 -1000 -1000 -10 0.00023996829986572266
Cyclist -1 -1 -10 1212.0 154.0 1242.0 375.0 -1 -1 -1 -1000 -1000 -1000 -10 0.00022971630096435547
Car -1 -1 -10 544.0 179.0 571.0 205.0 -1 -1 -1 -1000 -1000 -1000 -10 0.00022864341735839844
Car -1 -1 -10 436.0 162.0 580.0 258.0 -1 -1 -1 -1000 -1000 -1000 -10 0.00021314620971679688
Cyclist -1 -1 -10 1194.0 158.0 1242.0 371.0 -1 -1 -1 -1000 -1000 -1000 -10 0.00021314620971679688
Car -1 -1 -10 536.0 181.0 567.0 211.0 -1 -1 -1 -1000 -1000 -1000 -10 0.00020706653594970703
Car -1 -1 -10 1168.0 201.0 1242.0 373.0 -1 -1 -1 -1000 -1000 -1000 -10 0.00019669532775878906
Car -1 -1 -10 388.0 186.0 470.0 253.0 -1 -1 -1 -1000 -1000 -1000 -10 0.0001952648162841797
Car -1 -1 -10 1191.0 226.0 1242.0 375.0 -1 -1 -1 -1000 -1000 -1000 -10 0.00018584728240966797
Car -1 -1 -10 1190.0 170.0 1242.0 371.0 -1 -1 -1 -1000 -1000 -1000 -10 0.0001761913299560547
Car -1 -1 -10 0.0 163.0 156.0 375.0 -1 -1 -1 -1000 -1000 -1000 -10 0.00017154216766357422
Car -1 -1 -10 506.0 174.0 534.0 204.0 -1 -1 -1 -1000 -1000 -1000 -10 0.00016224384307861328
Cyclist -1 -1 -10 1156.0 201.0 1242.0 373.0 -1 -1 -1 -1000 -1000 -1000 -10 0.00015854835510253906
Car -1 -1 -10 1219.0 247.0 1242.0 375.0 -1 -1 -1 -1000 -1000 -1000 -10 0.00014901161193847656
Car -1 -1 -10 531.0 181.0 570.0 214.0 -1 -1 -1 -1000 -1000 -1000 -10 0.00014710426330566406
Car -1 -1 -10 541.0 172.0 572.0 199.0 -1 -1 -1 -1000 -1000 -1000 -10 0.00014209747314453125
Car -1 -1 -10 1212.0 240.0 1242.0 375.0 -1 -1 -1 -1000 -1000 -1000 -10 0.0001195669174194336
Cyclist -1 -1 -10 1181.0 172.0 1242.0 368.0 -1 -1 -1 -1000 -1000 -1000 -10 0.00011593103408813477
Car -1 -1 -10 452.0 148.0 525.0 211.0 -1 -1 -1 -1000 -1000 -1000 -10 0.00011038780212402344
Car -1 -1 -10 0.0 232.0 80.0 368.0 -1 -1 -1 -1000 -1000 -1000 -10 0.0001087188720703125
Car -1 -1 -10 0.0 70.0 115.0 370.0 -1 -1 -1 -1000 -1000 -1000 -10 0.0001024007797241211
