Car -1 -1 -10 191.0 192.0 289.0 239.0 -1 -1 -1 -1000 -1000 -1000 -10 0.95263671875
Car -1 -1 -10 634.0 164.0 677.0 194.0 -1 -1 -1 -1000 -1000 -1000 -10 0.94140625
Car -1 -1 -10 598.0 177.0 627.0 205.0 -1 -1 -1 -1000 -1000 -1000 -10 0.939453125
Car -1 -1 -10 461.0 178.0 489.0 198.0 -1 -1 -1 -1000 -1000 -1000 -10 0.91552734375
Cyclist -1 -1 -10 1223.0 183.0 1242.0 298.0 -1 -1 -1 -1000 -1000 -1000 -10 0.00554656982421875
Cyclist -1 -1 -10 1220.0 192.0 1242.0 302.0 -1 -1 -1 -1000 -1000 -1000 -10 0.004787445068359375
Car -1 -1 -10 626.0 167.0 668.0 193.0 -1 -1 -1 -1000 -1000 -1000 -10 0.0035800933837890625
Cyclist -1 -1 -10 1226.0 193.0 1242.0 297.0 -1 -1 -1 -1000 -1000 -1000 -10 0.00345611572265625
Cyclist -1 -1 -10 1226.0 167.0 1242.0 287.0 -1 -1 -1 -1000 -1000 -1000 -10 0.002910614013671875
Cyclist -1 -1 -10 1218.0 182.0 1242.0 298.0 -1 -1 -1 -1000 -1000 -1000 -10 0.0027103424072265625
Cyclist -1 -1 -10 1229.0 181.0 1242.0 291.0 -1 -1 -1 -1000 -1000 -1000 -10 0.001956939697265625
Car -1 -1 -10 631.0 162.0 677.0 191.0 -1 -1 -1 -1000 -1000 -1000 -10 0.0016126632690429688
Cyclist -1 -1 -10 1216.0 202.0 1242.0 305.0 -1 -1 -1 -1000 -1000 -1000 -10 0.0015659332275390625
Car -1 -1 -10 551.0 164.0 580.0 195.0 -1 -1 -1 -1000 -1000 -1000 -10 0.0015134811401367188
Cyclist -1 -1 -10 1214.0 182.0 1241.0 304.0 -1 -1 -1 -1000 -1000 -1000 -10 0.001255035400390625
Cyclist -1 -1 -10 1221.0 161.0 1242.0 294.0 -1 -1 -1 -1000 -1000 -1000 -10 0.001232147216796875
Car -1 -1 -10 211.0 194.0 259.0 230.0 -1 -1 -1 -1000 -1000 -1000 -10 0.0011529922485351562
Car -1 -1 -10 1230.0 170.0 1242.0 245.0 -1 -1 -1 -1000 -1000 -1000 -10 0.0011196136474609375
Cyclist -1 -1 -10 1230.0 174.0 1242.0 267.0 -1 -1 -1 -1000 -1000 -1000 -10 0.00107574462890625
Cyclist -1 -1 -10 1224.0 203.0 1242.0 303.0 -1 -1 -1 -1000 -1000 -1000 -10 0.0010614395141601562
Car -1 -1 -10 459.0 175.0 490.0 205.0 -1 -1 -1 -1000 -1000 -1000 -10 0.0010328292846679688
Cyclist -1 -1 -10 1222.0 186.0 1241.0 286.0 -1 -1 -1 -1000 -1000 -1000 -10 0.0009551048278808594
Car -1 -1 -10 1226.0 173.0 1241.0 254.0 -1 -1 -1 -1000 -1000 -1000 -10 0.0009436607360839844
Car -1 -1 -10 1228.0 164.0 1242.0 253.0 -1 -1 -1 -1000 -1000 -1000 -10 0.0009255409240722656
Car -1 -1 -10 185.0 181.0 291.0 246.0 -1 -1 -1 -1000 -1000 -1000 -10 0.0008859634399414062
Cyclist -1 -1 -10 1224.0 173.0 1241.0 274.0 -1 -1 -1 -1000 -1000 -1000 -10 0.0006036758422851562
Cyclist -1 -1 -10 1207.0 194.0 1239.0 303.0 -1 -1 -1 -1000 -1000 -1000 -10 0.0005984306335449219
Car -1 -1 -10 596.0 177.0 623.0 206.0 -1 -1 -1 -1000 -1000 -1000 -10 0.0005817413330078125
Car -1 -1 -10 623.0 148.0 682.0 211.0 -1 -1 -1 -1000 -1000 -1000 -10 0.0005583763122558594
Car -1 -1 -10 629.0 147.0 693.0 210.0 -1 -1 -1 -1000 -1000 -1000 -10 0.0004851818084716797
Car -1 -1 -10 1225.0 168.0 1241.0 242.0 -1 -1 -1 -1000 -1000 -1000 -10 0.0004699230194091797
Car -1 -1 -10 1231.0 180.0 1242.0 235.0 -1 -1 -1 -1000 -1000 -1000 -10 0.00046443939208984375
Car -1 -1 -10 1230.0 185.0 1242.0 239.0 -1 -1 -1 -1000 -1000 -1000 -10 0.0004584789276123047
Car -1 -1 -10 622.0 155.0 682.0 220.0 -1 -1 -1 -1000 -1000 -1000 -10 0.0004525184631347656
Cyclist -1 -1 -10 1204.0 207.0 1241.0 306.0 -1 -1 -1 -1000 -1000 -1000 -10 0.00042700767517089844
Car -1 -1 -10 551.0 162.0 581.0 192.0 -1 -1 -1 -1000 -1000 -1000 -10 0.00041747093200683594
Car -1 -1 -10 1226.0 184.0 1241.0 241.0 -1 -1 -1 -1000 -1000 -1000 -10 0.0004074573516845703
Cyclist -1 -1 -10 1210.0 189.0 1241.0 317.0 -1 -1 -1 -1000 -1000 -1000 -10 0.000385284423828125
Cyclist -1 -1 -10 1214.0 152.0 1241.0 299.0 -1 -1 -1 -1000 -1000 -1000 -10 0.00037932395935058594
Car -1 -1 -10 147.0 145.0 322.0 277.0 -1 -1 -1 -1000 -1000 -1000 -10 0.0003597736358642578
Car -1 -1 -10 144.0 164.0 324.0 289.0 -1 -1 -1 -1000 -1000 -1000 -10 0.00035691261291503906
Car -1 -1 -10 598.0 107.0 747.0 242.0 -1 -1 -1 -1000 -1000 -1000 -10 0.00031685829162597656
Car -1 -1 -10 551.0 166.0 575.0 194.0 -1 -1 -1 -1000 -1000 -1000 -10 0.0002608299255371094
Car -1 -1 -10 1229.0 178.0 1242.0 248.0 -1 -1 -1 -1000 -1000 -1000 -10 0.00024890899658203125
Car -1 -1 -10 555.0 130.0 730.0 264.0 -1 -1 -1 -1000 -1000 -1000 -10 0.00023853778839111328
Car -1 -1 -10 561.0 108.0 726.0 242.0 -1 -1 -1 -1000 -1000 -1000 -10 0.00023126602172851562
Car -1 -1 -10 597.0 175.0 628.0 209.0 -1 -1 -1 -1000 -1000 -1000 -10 0.00020599365234375
Car -1 -1 -10 218.0 194.0 268.0 231.0 -1 -1 -1 -1000 -1000 -1000 -10 0.0002046823501586914
Car -1 -1 -10 1225.0 177.0 1241.0 232.0 -1 -1 -1 -1000 -1000 -1000 -10 0.00020241737365722656
Car -1 -1 -10 554.0 165.0 582.0 197.0 -1 -1 -1 -1000 -1000 -1000 -10 0.00020110607147216797
Cyclist -1 -1 -10 1227.0 212.0 1242.0 275.0 -1 -1 -1 -1000 -1000 -1000 -10 0.000186920166015625
Car -1 -1 -10 636.0 169.0 675.0 196.0 -1 -1 -1 -1000 -1000 -1000 -10 0.00014603137969970703
Car -1 -1 -10 550.0 160.0 582.0 188.0 -1 -1 -1 -1000 -1000 -1000 -10 0.0001423358917236328
Car -1 -1 -10 1222.0 151.0 1242.0 266.0 -1 -1 -1 -1000 -1000 -1000 -10 0.00013899803161621094
Cyclist -1 -1 -10 1230.0 190.0 1242.0 249.0 -1 -1 -1 -1000 -1000 -1000 -10 0.0001367330551147461
Car -1 -1 -10 1225.0 131.0 1242.0 242.0 -1 -1 -1 -1000 -1000 -1000 -10 0.00012814998626708984
Car -1 -1 -10 633.0 161.0 678.0 197.0 -1 -1 -1 -1000 -1000 -1000 -10 0.0001270771026611328
Car -1 -1 -10 598.0 180.0 626.0 207.0 -1 -1 -1 -1000 -1000 -1000 -10 0.0001227855682373047
Cyclist -1 -1 -10 1221.0 213.0 1241.0 278.0 -1 -1 -1 -1000 -1000 -1000 -10 0.00011771917343139648
Car -1 -1 -10 1230.0 158.0 1242.0 237.0 -1 -1 -1 -1000 -1000 -1000 -10 0.00011605024337768555
