Car -1 -1 -10 207.0 186.0 338.0 251.0 -1 -1 -1 -1000 -1000 -1000 -10 0.96630859375
Car -1 -1 -10 626.0 148.0 695.0 188.0 -1 -1 -1 -1000 -1000 -1000 -10 0.94091796875
Cyclist -1 -1 -10 934.0 152.0 975.0 211.0 -1 -1 -1 -1000 -1000 -1000 -10 0.9287109375
Car -1 -1 -10 196.0 175.0 347.0 275.0 -1 -1 -1 -1000 -1000 -1000 -10 0.00151824951171875
Car -1 -1 -10 624.0 134.0 701.0 201.0 -1 -1 -1 -1000 -1000 -1000 -10 0.0009284019470214844
Car -1 -1 -10 251.0 188.0 296.0 243.0 -1 -1 -1 -1000 -1000 -1000 -10 0.0008931159973144531
Car -1 -1 -10 493.0 87.0 504.0 101.0 -1 -1 -1 -1000 -1000 -1000 -10 0.0006957054138183594
Cyclist -1 -1 -10 1228.0 166.0 1242.0 271.0 -1 -1 -1 -1000 -1000 -1000 -10 0.0004715919494628906
Cyclist -1 -1 -10 1218.0 199.0 1242.0 365.0 -1 -1 -1 -1000 -1000 -1000 -10 0.00034046173095703125
Cyclist -1 -1 -10 1224.0 181.0 1242.0 338.0 -1 -1 -1 -1000 -1000 -1000 -10 0.0003380775451660156
Car -1 -1 -10 568.0 97.0 731.0 239.0 -1 -1 -1 -1000 -1000 -1000 -10 0.0003311634063720703
Cyclist -1 -1 -10 931.0 150.0 984.0 216.0 -1 -1 -1 -1000 -1000 -1000 -10 0.00031495094299316406
Cyclist -1 -1 -10 1227.0 172.0 1242.0 296.0 -1 -1 -1 -1000 -1000 -1000 -10 0.00031447410583496094
Car -1 -1 -10 593.0 96.0 751.0 239.0 -1 -1 -1 -1000 -1000 -1000 -10 0.0003058910369873047
Car -1 -1 -10 1217.0 218.0 1242.0 372.0 -1 -1 -1 -1000 -1000 -1000 -10 0.00029730796813964844
Cyclist -1 -1 -10 1215.0 192.0 1242.0 372.0 -1 -1 -1 -1000 -1000 -1000 -10 0.00029087066650390625
Cyclist -1 -1 -10 378.0 2.0 439.0 42.0 -1 -1 -1 -1000 -1000 -1000 -10 0.0002543926239013672
Cyclist -1 -1 -10 1230.0 177.0 1242.0 267.0 -1 -1 -1 -1000 -1000 -1000 -10 0.0002474784851074219
Car -1 -1 -10 447.0 78.0 462.0 89.0 -1 -1 -1 -1000 -1000 -1000 -10 0.00020873546600341797
Cyclist -1 -1 -10 928.0 147.0 979.0 212.0 -1 -1 -1 -1000 -1000 -1000 -10 0.00020015239715576172
Cyclist -1 -1 -10 1201.0 199.0 1242.0 370.0 -1 -1 -1 -1000 -1000 -1000 -10 0.0001798868179321289
Cyclist -1 -1 -10 1217.0 172.0 1242.0 348.0 -1 -1 -1 -1000 -1000 -1000 -10 0.0001748800277709961
Cyclist -1 -1 -10 937.0 150.0 977.0 202.0 -1 -1 -1 -1000 -1000 -1000 -10 0.00017452239990234375
Cyclist -1 -1 -10 893.0 113.0 1046.0 241.0 -1 -1 -1 -1000 -1000 -1000 -10 0.0001685619354248047
Cyclist -1 -1 -10 893.0 124.0 1047.0 258.0 -1 -1 -1 -1000 -1000 -1000 -10 0.000148773193359375
Cyclist -1 -1 -10 1221.0 159.0 1242.0 280.0 -1 -1 -1 -1000 -1000 -1000 -10 0.00014412403106689453
Cyclist -1 -1 -10 860.0 117.0 1020.0 238.0 -1 -1 -1 -1000 -1000 -1000 -10 0.0001418590545654297
Cyclist -1 -1 -10 1230.0 188.0 1242.0 293.0 -1 -1 -1 -1000 -1000 -1000 -10 0.000141143798828125
Cyclist -1 -1 -10 1226.0 148.0 1242.0 263.0 -1 -1 -1 -1000 -1000 -1000 -10 0.0001348257064819336
Car -1 -1 -10 1196.0 218.0 1241.0 371.0 -1 -1 -1 -1000 -1000 -1000 -10 0.00013124942779541016
Cyclist -1 -1 -10 1220.0 166.0 1242.0 304.0 -1 -1 -1 -1000 -1000 -1000 -10 0.0001289844512939453
Pedestrian -1 -1 -10 739.0 0.0 759.0 1.0 -1 -1 -1 -1000 -1000 -1000 -10 0.00012159347534179688
Car -1 -1 -10 488.0 86.0 506.0 101.0 -1 -1 -1 -1000 -1000 -1000 -10 0.00011479854583740234
Cyclist -1 -1 -10 317.0 3.0 378.0 44.0 -1 -1 -1 -1000 -1000 -1000 -10 0.00011289119720458984
Car -1 -1 -10 620.0 152.0 673.0 186.0 -1 -1 -1 -1000 -1000 -1000 -10 0.00011152029037475586
Pedestrian -1 -1 -10 746.0 0.0 768.0 1.0 -1 -1 -1 -1000 -1000 -1000 -10 0.00010901689529418945
Car -1 -1 -10 488.0 85.0 508.0 102.0 -1 -1 -1 -1000 -1000 -1000 -10 0.00010317564010620117
