Car -1 -1 -10 0.0 188.0 304.0 375.0 -1 -1 -1 -1000 -1000 -1000 -10 0.9736328125
Car -1 -1 -10 821.0 173.0 1242.0 373.0 -1 -1 -1 -1000 -1000 -1000 -10 0.9541015625
Car -1 -1 -10 639.0 175.0 670.0 200.0 -1 -1 -1 -1000 -1000 -1000 -10 0.94677734375
Cyclist -1 -1 -10 474.0 171.0 512.0 248.0 -1 -1 -1 -1000 -1000 -1000 -10 0.93408203125
Cyclist -1 -1 -10 440.0 173.0 482.0 250.0 -1 -1 -1 -1000 -1000 -1000 -10 0.9189453125
Car -1 -1 -10 399.0 182.0 483.0 230.0 -1 -1 -1 -1000 -1000 -1000 -10 0.9072265625
Cyclist -1 -1 -10 520.0 173.0 539.0 215.0 -1 -1 -1 -1000 -1000 -1000 -10 0.72900390625
Car -1 -1 -10 497.0 178.0 542.0 206.0 -1 -1 -1 -1000 -1000 -1000 -10 0.4697265625
Car -1 -1 -10 419.0 179.0 485.0 239.0 -1 -1 -1 -1000 -1000 -1000 -10 0.441162109375
Car -1 -1 -10 518.0 175.0 538.0 211.0 -1 -1 -1 -1000 -1000 -1000 -10 0.4111328125
Cyclist -1 -1 -10 425.0 179.0 486.0 242.0 -1 -1 -1 -1000 -1000 -1000 -10 0.38720703125
Cyclist -1 -1 -10 406.0 181.0 485.0 233.0 -1 -1 -1 -1000 -1000 -1000 -10 0.306396484375
Car -1 -1 -10 489.0 180.0 540.0 204.0 -1 -1 -1 -1000 -1000 -1000 -10 0.301513671875
Cyclist -1 -1 -10 516.0 172.0 539.0 215.0 -1 -1 -1 -1000 -1000 -1000 -10 0.300537109375
Car -1 -1 -10 504.0 176.0 540.0 208.0 -1 -1 -1 -1000 -1000 -1000 -10 0.255615234375
Cyclist -1 -1 -10 519.0 174.0 540.0 213.0 -1 -1 -1 -1000 -1000 -1000 -10 0.23828125
Car -1 -1 -10 486.0 178.0 532.0 208.0 -1 -1 -1 -1000 -1000 -1000 -10 0.1177978515625
Cyclist -1 -1 -10 519.0 175.0 537.0 214.0 -1 -1 -1 -1000 -1000 -1000 -10 0.059417724609375
Cyclist -1 -1 -10 438.0 179.0 483.0 243.0 -1 -1 -1 -1000 -1000 -1000 -10 0.046661376953125
Cyclist -1 -1 -10 432.0 173.0 486.0 249.0 -1 -1 -1 -1000 -1000 -1000 -10 0.03924560546875
Cyclist -1 -1 -10 472.0 175.0 533.0 234.0 -1 -1 -1 -1000 -1000 -1000 -10 0.0386962890625
Cyclist -1 -1 -10 433.0 179.0 481.0 238.0 -1 -1 -1 -1000 -1000 -1000 -10 0.0372314453125
Cyclist -1 -1 -10 475.0 176.0 510.0 242.0 -1 -1 -1 -1000 -1000 -1000 -10 0.01849365234375
Cyclist -1 -1 -10 533.0 173.0 548.0 200.0 -1 -1 -1 -1000 -1000 -1000 -10 0.0149078369140625
Car -1 -1 -10 491.0 177.0 542.0 208.0 -1 -1 -1 -1000 -1000 -1000 -10 0.01410675048828125
Car -1 -1 -10 489.0 178.0 530.0 204.0 -1 -1 -1 -1000 -1000 -1000 -10 0.0116119384765625
Car -1 -1 -10 498.0 181.0 532.0 206.0 -1 -1 -1 -1000 -1000 -1000 -10 0.0108489990234375
Cyclist -1 -1 -10 531.0 175.0 547.0 205.0 -1 -1 -1 -1000 -1000 -1000 -10 0.010650634765625
Cyclist -1 -1 -10 429.0 171.0 494.0 248.0 -1 -1 -1 -1000 -1000 -1000 -10 0.00949859619140625
Car -1 -1 -10 0.0 193.0 28.0 367.0 -1 -1 -1 -1000 -1000 -1000 -10 0.00919342041015625
Cyclist -1 -1 -10 448.0 173.0 507.0 240.0 -1 -1 -1 -1000 -1000 -1000 -10 0.007411956787109375
Cyclist -1 -1 -10 528.0 174.0 544.0 205.0 -1 -1 -1 -1000 -1000 -1000 -10 0.00592803955078125
Car -1 -1 -10 0.0 192.0 36.0 369.0 -1 -1 -1 -1000 -1000 -1000 -10 0.00469970703125
Car -1 -1 -10 0.0 206.0 25.0 374.0 -1 -1 -1 -1000 -1000 -1000 -10 0.004390716552734375
Car -1 -1 -10 487.0 175.0 539.0 210.0 -1 -1 -1 -1000 -1000 -1000 -10 0.0018463134765625
Car -1 -1 -10 636.0 173.0 664.0 196.0 -1 -1 -1 -1000 -1000 -1000 -10 0.0014238357543945312
Cyclist -1 -1 -10 476.0 177.0 510.0 223.0 -1 -1 -1 -1000 -1000 -1000 -10 0.0014181137084960938
Car -1 -1 -10 419.0 182.0 470.0 230.0 -1 -1 -1 -1000 -1000 -1000 -10 0.0013208389282226562
Car -1 -1 -10 0.0 184.0 46.0 371.0 -1 -1 -1 -1000 -1000 -1000 -10 0.0013132095336914062
Car -1 -1 -10 0.0 209.0 40.0 374.0 -1 -1 -1 -1000 -1000 -1000 -10 0.0011653900146484375
Car -1 -1 -10 500.0 175.0 547.0 206.0 -1 -1 -1 -1000 -1000 -1000 -10 0.0010623931884765625
Cyclist -1 -1 -10 525.0 176.0 555.0 204.0 -1 -1 -1 -1000 -1000 -1000 -10 0.0010061264038085938
Car -1 -1 -10 0.0 172.0 39.0 362.0 -1 -1 -1 -1000 -1000 -1000 -10 0.0009417533874511719
Cyclist -1 -1 -10 469.0 164.0 516.0 255.0 -1 -1 -1 -1000 -1000 -1000 -10 0.000858306884765625
Car -1 -1 -10 480.0 177.0 534.0 203.0 -1 -1 -1 -1000 -1000 -1000 -10 0.0007929801940917969
Cyclist -1 -1 -10 441.0 165.0 499.0 249.0 -1 -1 -1 -1000 -1000 -1000 -10 0.0006566047668457031
Car -1 -1 -10 397.0 176.0 486.0 235.0 -1 -1 -1 -1000 -1000 -1000 -10 0.0006165504455566406
Cyclist -1 -1 -10 396.0 147.0 543.0 272.0 -1 -1 -1 -1000 -1000 -1000 -10 0.0005745887756347656
Cyclist -1 -1 -10 535.0 175.0 554.0 202.0 -1 -1 -1 -1000 -1000 -1000 -10 0.0005502700805664062
Cyclist -1 -1 -10 522.0 176.0 539.0 221.0 -1 -1 -1 -1000 -1000 -1000 -10 0.0004925727844238281
Car -1 -1 -10 0.0 196.0 56.0 369.0 -1 -1 -1 -1000 -1000 -1000 -10 0.00045561790466308594
Cyclist -1 -1 -10 535.0 173.0 554.0 196.0 -1 -1 -1 -1000 -1000 -1000 -10 0.0004317760467529297
Car -1 -1 -10 0.0 199.0 27.0 335.0 -1 -1 -1 -1000 -1000 -1000 -10 0.0004169940948486328
Car -1 -1 -10 637.0 173.0 671.0 207.0 -1 -1 -1 -1000 -1000 -1000 -10 0.00041675567626953125
Cyclist -1 -1 -10 365.0 148.0 513.0 274.0 -1 -1 -1 -1000 -1000 -1000 -10 0.00039649009704589844
Cyclist -1 -1 -10 442.0 175.0 486.0 240.0 -1 -1 -1 -1000 -1000 -1000 -10 0.0003733634948730469
Car -1 -1 -10 475.0 174.0 519.0 209.0 -1 -1 -1 -1000 -1000 -1000 -10 0.00033593177795410156
Cyclist -1 -1 -10 522.0 168.0 553.0 213.0 -1 -1 -1 -1000 -1000 -1000 -10 0.00028514862060546875
Car -1 -1 -10 85.0 196.0 208.0 359.0 -1 -1 -1 -1000 -1000 -1000 -10 0.0002849102020263672
Car -1 -1 -10 644.0 174.0 672.0 198.0 -1 -1 -1 -1000 -1000 -1000 -10 0.00025534629821777344
Car -1 -1 -10 1217.0 166.0 1242.0 353.0 -1 -1 -1 -1000 -1000 -1000 -10 0.00025272369384765625
Car -1 -1 -10 0.0 234.0 27.0 371.0 -1 -1 -1 -1000 -1000 -1000 -10 0.0002410411834716797
Car -1 -1 -10 0.0 239.0 16.0 369.0 -1 -1 -1 -1000 -1000 -1000 -10 0.0002410411834716797
Car -1 -1 -10 1214.0 184.0 1242.0 369.0 -1 -1 -1 -1000 -1000 -1000 -10 0.00023877620697021484
Car -1 -1 -10 0.0 245.0 24.0 375.0 -1 -1 -1 -1000 -1000 -1000 -10 0.00023686885833740234
Car -1 -1 -10 1193.0 164.0 1242.0 362.0 -1 -1 -1 -1000 -1000 -1000 -10 0.00021505355834960938
Car -1 -1 -10 0.0 172.0 24.0 327.0 -1 -1 -1 -1000 -1000 -1000 -10 0.0002084970474243164
Car -1 -1 -10 1212.0 157.0 1242.0 363.0 -1 -1 -1 -1000 -1000 -1000 -10 0.00020396709442138672
Car -1 -1 -10 0.0 201.0 18.0 331.0 -1 -1 -1 -1000 -1000 -1000 -10 0.00019431114196777344
Car -1 -1 -10 634.0 173.0 666.0 199.0 -1 -1 -1 -1000 -1000 -1000 -10 0.00019228458404541016
Car -1 -1 -10 0.0 157.0 27.0 339.0 -1 -1 -1 -1000 -1000 -1000 -10 0.00017714500427246094
Cyclist -1 -1 -10 478.0 182.0 509.0 246.0 -1 -1 -1 -1000 -1000 -1000 -10 0.0001646280288696289
Car -1 -1 -10 827.0 180.0 1169.0 370.0 -1 -1 -1 -1000 -1000 -1000 -10 0.00016117095947265625
Cyclist -1 -1 -10 435.0 179.0 480.0 254.0 -1 -1 -1 -1000 -1000 -1000 -10 0.00015854835510253906
Pedestrian -1 -1 -10 826.0 67.0 847.0 93.0 -1 -1 -1 -1000 -1000 -1000 -10 0.00013637542724609375
Car -1 -1 -10 0.0 225.0 47.0 373.0 -1 -1 -1 -1000 -1000 -1000 -10 0.0001308917999267578
Car -1 -1 -10 1184.0 189.0 1242.0 368.0 -1 -1 -1 -1000 -1000 -1000 -10 0.00012958049774169922
Car -1 -1 -10 0.0 198.0 76.0 369.0 -1 -1 -1 -1000 -1000 -1000 -10 0.00012063980102539062
Pedestrian -1 -1 -10 774.0 0.0 832.0 37.0 -1 -1 -1 -1000 -1000 -1000 -10 0.00011354684829711914
Car -1 -1 -10 0.0 201.0 45.0 335.0 -1 -1 -1 -1000 -1000 -1000 -10 0.00011068582534790039
Cyclist -1 -1 -10 361.0 149.0 519.0 255.0 -1 -1 -1 -1000 -1000 -1000 -10 0.00010961294174194336
Cyclist -1 -1 -10 531.0 171.0 551.0 192.0 -1 -1 -1 -1000 -1000 -1000 -10 0.00010156631469726562
