Car -1 -1 -10 479.0 181.0 550.0 224.0 -1 -1 -1 -1000 -1000 -1000 -10 0.95947265625
Car -1 -1 -10 617.0 173.0 657.0 213.0 -1 -1 -1 -1000 -1000 -1000 -10 0.94140625
Car -1 -1 -10 519.0 177.0 562.0 209.0 -1 -1 -1 -1000 -1000 -1000 -10 0.92822265625
Car -1 -1 -10 544.0 174.0 575.0 198.0 -1 -1 -1 -1000 -1000 -1000 -10 0.86083984375
Car -1 -1 -10 549.0 171.0 578.0 192.0 -1 -1 -1 -1000 -1000 -1000 -10 0.008758544921875
Car -1 -1 -10 556.0 169.0 582.0 190.0 -1 -1 -1 -1000 -1000 -1000 -10 0.0008988380432128906
Car -1 -1 -10 542.0 171.0 578.0 206.0 -1 -1 -1 -1000 -1000 -1000 -10 0.0006642341613769531
Car -1 -1 -10 1199.0 149.0 1241.0 371.0 -1 -1 -1 -1000 -1000 -1000 -10 0.0006561279296875
Car -1 -1 -10 565.0 165.0 587.0 186.0 -1 -1 -1 -1000 -1000 -1000 -10 0.0005984306335449219
Car -1 -1 -10 1208.0 152.0 1241.0 369.0 -1 -1 -1 -1000 -1000 -1000 -10 0.0005741119384765625
Car -1 -1 -10 559.0 167.0 584.0 187.0 -1 -1 -1 -1000 -1000 -1000 -10 0.0005693435668945312
Car -1 -1 -10 479.0 166.0 557.0 237.0 -1 -1 -1 -1000 -1000 -1000 -10 0.0005507469177246094
Car -1 -1 -10 520.0 183.0 561.0 214.0 -1 -1 -1 -1000 -1000 -1000 -10 0.0005431175231933594
Car -1 -1 -10 510.0 159.0 567.0 220.0 -1 -1 -1 -1000 -1000 -1000 -10 0.0005145072937011719
Car -1 -1 -10 1212.0 166.0 1241.0 354.0 -1 -1 -1 -1000 -1000 -1000 -10 0.000499725341796875
Car -1 -1 -10 509.0 165.0 575.0 230.0 -1 -1 -1 -1000 -1000 -1000 -10 0.0004761219024658203
Car -1 -1 -10 472.0 171.0 552.0 234.0 -1 -1 -1 -1000 -1000 -1000 -10 0.00039386749267578125
Car -1 -1 -10 0.0 166.0 23.0 363.0 -1 -1 -1 -1000 -1000 -1000 -10 0.00039267539978027344
Car -1 -1 -10 1213.0 156.0 1241.0 330.0 -1 -1 -1 -1000 -1000 -1000 -10 0.00038242340087890625
Car -1 -1 -10 711.0 271.0 1236.0 375.0 -1 -1 -1 -1000 -1000 -1000 -10 0.0003325939178466797
Car -1 -1 -10 490.0 182.0 552.0 222.0 -1 -1 -1 -1000 -1000 -1000 -10 0.00031685829162597656
Car -1 -1 -10 0.0 184.0 27.0 370.0 -1 -1 -1 -1000 -1000 -1000 -10 0.00030684471130371094
Car -1 -1 -10 1199.0 156.0 1241.0 332.0 -1 -1 -1 -1000 -1000 -1000 -10 0.00029587745666503906
Car -1 -1 -10 1213.0 185.0 1241.0 373.0 -1 -1 -1 -1000 -1000 -1000 -10 0.000293731689453125
Car -1 -1 -10 414.0 137.0 591.0 275.0 -1 -1 -1 -1000 -1000 -1000 -10 0.00027871131896972656
Car -1 -1 -10 610.0 158.0 664.0 217.0 -1 -1 -1 -1000 -1000 -1000 -10 0.0002739429473876953
Car -1 -1 -10 543.0 168.0 578.0 201.0 -1 -1 -1 -1000 -1000 -1000 -10 0.0002644062042236328
Car -1 -1 -10 602.0 0.0 642.0 7.0 -1 -1 -1 -1000 -1000 -1000 -10 0.0002624988555908203
Car -1 -1 -10 468.0 119.0 626.0 244.0 -1 -1 -1 -1000 -1000 -1000 -10 0.0002589225769042969
Car -1 -1 -10 435.0 135.0 594.0 249.0 -1 -1 -1 -1000 -1000 -1000 -10 0.0002579689025878906
Car -1 -1 -10 1201.0 128.0 1241.0 322.0 -1 -1 -1 -1000 -1000 -1000 -10 0.0002529621124267578
Car -1 -1 -10 610.0 163.0 668.0 226.0 -1 -1 -1 -1000 -1000 -1000 -10 0.0002455711364746094
Car -1 -1 -10 1208.0 127.0 1242.0 322.0 -1 -1 -1 -1000 -1000 -1000 -10 0.00024056434631347656
Car -1 -1 -10 555.0 163.0 583.0 185.0 -1 -1 -1 -1000 -1000 -1000 -10 0.00023412704467773438
Car -1 -1 -10 600.0 164.0 663.0 224.0 -1 -1 -1 -1000 -1000 -1000 -10 0.00023126602172851562
Car -1 -1 -10 763.0 258.0 1242.0 375.0 -1 -1 -1 -1000 -1000 -1000 -10 0.00021767616271972656
Car -1 -1 -10 728.0 242.0 1229.0 374.0 -1 -1 -1 -1000 -1000 -1000 -10 0.0002142190933227539
Car -1 -1 -10 1192.0 180.0 1242.0 367.0 -1 -1 -1 -1000 -1000 -1000 -10 0.000213623046875
Cyclist -1 -1 -10 0.0 159.0 42.0 366.0 -1 -1 -1 -1000 -1000 -1000 -10 0.0002092123031616211
Car -1 -1 -10 572.0 0.0 626.0 2.0 -1 -1 -1 -1000 -1000 -1000 -10 0.0002040863037109375
Car -1 -1 -10 1179.0 155.0 1242.0 358.0 -1 -1 -1 -1000 -1000 -1000 -10 0.00020372867584228516
Car -1 -1 -10 463.0 134.0 633.0 276.0 -1 -1 -1 -1000 -1000 -1000 -10 0.00019979476928710938
Car -1 -1 -10 553.0 131.0 728.0 274.0 -1 -1 -1 -1000 -1000 -1000 -10 0.00019812583923339844
Car -1 -1 -10 1214.0 145.0 1241.0 302.0 -1 -1 -1 -1000 -1000 -1000 -10 0.00019550323486328125
Car -1 -1 -10 515.0 175.0 562.0 212.0 -1 -1 -1 -1000 -1000 -1000 -10 0.0001895427703857422
Car -1 -1 -10 484.0 176.0 549.0 217.0 -1 -1 -1 -1000 -1000 -1000 -10 0.00018274784088134766
Car -1 -1 -10 0.0 218.0 27.0 373.0 -1 -1 -1 -1000 -1000 -1000 -10 0.00017726421356201172
Car -1 -1 -10 0.0 186.0 42.0 373.0 -1 -1 -1 -1000 -1000 -1000 -10 0.0001684427261352539
Car -1 -1 -10 556.0 119.0 724.0 241.0 -1 -1 -1 -1000 -1000 -1000 -10 0.00015783309936523438
Car -1 -1 -10 721.0 304.0 1228.0 375.0 -1 -1 -1 -1000 -1000 -1000 -10 0.0001462697982788086
Car -1 -1 -10 519.0 135.0 707.0 266.0 -1 -1 -1 -1000 -1000 -1000 -10 0.00014340877532958984
Car -1 -1 -10 565.0 169.0 586.0 189.0 -1 -1 -1 -1000 -1000 -1000 -10 0.00013399124145507812
Car -1 -1 -10 0.0 146.0 21.0 349.0 -1 -1 -1 -1000 -1000 -1000 -10 0.0001322031021118164
Car -1 -1 -10 560.0 167.0 586.0 193.0 -1 -1 -1 -1000 -1000 -1000 -10 0.0001308917999267578
Car -1 -1 -10 632.0 168.0 659.0 203.0 -1 -1 -1 -1000 -1000 -1000 -10 0.00011712312698364258
Car -1 -1 -10 595.0 0.0 638.0 3.0 -1 -1 -1 -1000 -1000 -1000 -10 0.00011640787124633789
Car -1 -1 -10 1208.0 150.0 1242.0 297.0 -1 -1 -1 -1000 -1000 -1000 -10 0.00011414289474487305
Car -1 -1 -10 691.0 277.0 1190.0 375.0 -1 -1 -1 -1000 -1000 -1000 -10 0.00010889768600463867
Car -1 -1 -10 1207.0 199.0 1242.0 312.0 -1 -1 -1 -1000 -1000 -1000 -10 0.00010699033737182617
Car -1 -1 -10 730.0 0.0 792.0 41.0 -1 -1 -1 -1000 -1000 -1000 -10 0.00010406970977783203
