Car -1 -1 -10 177.0 141.0 398.0 218.0 -1 -1 -1 -1000 -1000 -1000 -10 0.95556640625
Car -1 -1 -10 582.0 176.0 609.0 203.0 -1 -1 -1 -1000 -1000 -1000 -10 0.94580078125
Cyclist -1 -1 -10 662.0 166.0 676.0 206.0 -1 -1 -1 -1000 -1000 -1000 -10 0.830078125
Cyclist -1 -1 -10 660.0 167.0 673.0 205.0 -1 -1 -1 -1000 -1000 -1000 -10 0.065673828125
Cyclist -1 -1 -10 660.0 165.0 678.0 207.0 -1 -1 -1 -1000 -1000 -1000 -10 0.0023212432861328125
Car -1 -1 -10 224.0 144.0 360.0 211.0 -1 -1 -1 -1000 -1000 -1000 -10 0.0015497207641601562
Car -1 -1 -10 171.0 134.0 401.0 233.0 -1 -1 -1 -1000 -1000 -1000 -10 0.0013017654418945312
Car -1 -1 -10 584.0 175.0 608.0 199.0 -1 -1 -1 -1000 -1000 -1000 -10 0.00045800209045410156
Car -1 -1 -10 581.0 174.0 610.0 207.0 -1 -1 -1 -1000 -1000 -1000 -10 0.0002453327178955078
Car -1 -1 -10 485.0 175.0 503.0 191.0 -1 -1 -1 -1000 -1000 -1000 -10 0.0002446174621582031
Car -1 -1 -10 212.0 148.0 400.0 213.0 -1 -1 -1 -1000 -1000 -1000 -10 0.0001538991928100586
Car -1 -1 -10 1215.0 190.0 1242.0 373.0 -1 -1 -1 -1000 -1000 -1000 -10 0.0001266002655029297
Pedestrian -1 -1 -10 1010.0 153.0 1027.0 186.0 -1 -1 -1 -1000 -1000 -1000 -10 0.0001131892204284668
Car -1 -1 -10 484.0 177.0 500.0 192.0 -1 -1 -1 -1000 -1000 -1000 -10 0.00010323524475097656
