Car -1 -1 -10 568.0 177.0 613.0 217.0 -1 -1 -1 -1000 -1000 -1000 -10 0.97021484375
Car -1 -1 -10 4.0 180.0 408.0 373.0 -1 -1 -1 -1000 -1000 -1000 -10 0.9697265625
Car -1 -1 -10 419.0 181.0 508.0 241.0 -1 -1 -1 -1000 -1000 -1000 -10 0.96240234375
Car -1 -1 -10 498.0 182.0 546.0 215.0 -1 -1 -1 -1000 -1000 -1000 -10 0.953125
Car -1 -1 -10 305.0 176.0 400.0 234.0 -1 -1 -1 -1000 -1000 -1000 -10 0.95068359375
Car -1 -1 -10 383.0 181.0 447.0 219.0 -1 -1 -1 -1000 -1000 -1000 -10 0.9404296875
Car -1 -1 -10 533.0 164.0 561.0 196.0 -1 -1 -1 -1000 -1000 -1000 -10 0.91552734375
Car -1 -1 -10 43.0 182.0 207.0 249.0 -1 -1 -1 -1000 -1000 -1000 -10 0.8251953125
Car -1 -1 -10 0.0 186.0 216.0 301.0 -1 -1 -1 -1000 -1000 -1000 -10 0.80810546875
Car -1 -1 -10 57.0 179.0 213.0 244.0 -1 -1 -1 -1000 -1000 -1000 -10 0.19921875
Car -1 -1 -10 30.0 184.0 192.0 253.0 -1 -1 -1 -1000 -1000 -1000 -10 0.0936279296875
Car -1 -1 -10 0.0 189.0 241.0 324.0 -1 -1 -1 -1000 -1000 -1000 -10 0.059783935546875
Car -1 -1 -10 5.0 187.0 200.0 280.0 -1 -1 -1 -1000 -1000 -1000 -10 0.05670166015625
Car -1 -1 -10 0.0 184.0 51.0 264.0 -1 -1 -1 -1000 -1000 -1000 -10 0.052490234375
Car -1 -1 -10 0.0 187.0 60.0 275.0 -1 -1 -1 -1000 -1000 -1000 -10 0.0504150390625
Car -1 -1 -10 0.0 184.0 29.0 261.0 -1 -1 -1 -1000 -1000 -1000 -10 0.0430908203125
Car -1 -1 -10 472.0 179.0 502.0 199.0 -1 -1 -1 -1000 -1000 -1000 -10 0.041351318359375
Car -1 -1 -10 0.0 183.0 33.0 276.0 -1 -1 -1 -1000 -1000 -1000 -10 0.03106689453125
Car -1 -1 -10 0.0 186.0 71.0 281.0 -1 -1 -1 -1000 -1000 -1000 -10 0.024200439453125
Car -1 -1 -10 1.0 188.0 154.0 286.0 -1 -1 -1 -1000 -1000 -1000 -10 0.02276611328125
Car -1 -1 -10 0.0 186.0 97.0 261.0 -1 -1 -1 -1000 -1000 -1000 -10 0.0227508544921875
Car -1 -1 -10 255.0 181.0 342.0 222.0 -1 -1 -1 -1000 -1000 -1000 -10 0.022613525390625
Car -1 -1 -10 0.0 188.0 109.0 277.0 -1 -1 -1 -1000 -1000 -1000 -10 0.02056884765625
Car -1 -1 -10 0.0 184.0 76.0 265.0 -1 -1 -1 -1000 -1000 -1000 -10 0.0179901123046875
Car -1 -1 -10 266.0 181.0 344.0 219.0 -1 -1 -1 -1000 -1000 -1000 -10 0.0166168212890625
Car -1 -1 -10 0.0 181.0 19.0 255.0 -1 -1 -1 -1000 -1000 -1000 -10 0.01593017578125
Car -1 -1 -10 0.0 182.0 47.0 256.0 -1 -1 -1 -1000 -1000 -1000 -10 0.01529693603515625
Car -1 -1 -10 0.0 180.0 25.0 249.0 -1 -1 -1 -1000 -1000 -1000 -10 0.01396942138671875
Car -1 -1 -10 1.0 186.0 138.0 268.0 -1 -1 -1 -1000 -1000 -1000 -10 0.007595062255859375
Car -1 -1 -10 0.0 189.0 61.0 309.0 -1 -1 -1 -1000 -1000 -1000 -10 0.007343292236328125
Car -1 -1 -10 0.0 188.0 30.0 249.0 -1 -1 -1 -1000 -1000 -1000 -10 0.006855010986328125
Car -1 -1 -10 20.0 185.0 186.0 264.0 -1 -1 -1 -1000 -1000 -1000 -10 0.00616455078125
Car -1 -1 -10 0.0 173.0 27.0 247.0 -1 -1 -1 -1000 -1000 -1000 -10 0.006046295166015625
Car -1 -1 -10 0.0 188.0 30.0 314.0 -1 -1 -1 -1000 -1000 -1000 -10 0.005611419677734375
Car -1 -1 -10 0.0 184.0 17.0 277.0 -1 -1 -1 -1000 -1000 -1000 -10 0.005176544189453125
Car -1 -1 -10 4.0 193.0 197.0 342.0 -1 -1 -1 -1000 -1000 -1000 -10 0.00481414794921875
Car -1 -1 -10 0.0 187.0 18.0 247.0 -1 -1 -1 -1000 -1000 -1000 -10 0.0047607421875
Car -1 -1 -10 478.0 179.0 512.0 199.0 -1 -1 -1 -1000 -1000 -1000 -10 0.00473785400390625
Car -1 -1 -10 8.0 188.0 174.0 297.0 -1 -1 -1 -1000 -1000 -1000 -10 0.004695892333984375
Car -1 -1 -10 0.0 183.0 117.0 253.0 -1 -1 -1 -1000 -1000 -1000 -10 0.0046234130859375
Car -1 -1 -10 8.0 187.0 173.0 268.0 -1 -1 -1 -1000 -1000 -1000 -10 0.004413604736328125
Car -1 -1 -10 267.0 178.0 350.0 225.0 -1 -1 -1 -1000 -1000 -1000 -10 0.004322052001953125
Car -1 -1 -10 471.0 178.0 504.0 202.0 -1 -1 -1 -1000 -1000 -1000 -10 0.003986358642578125
Car -1 -1 -10 0.0 188.0 120.0 262.0 -1 -1 -1 -1000 -1000 -1000 -10 0.0038814544677734375
Car -1 -1 -10 0.0 171.0 16.0 244.0 -1 -1 -1 -1000 -1000 -1000 -10 0.003841400146484375
Car -1 -1 -10 33.0 189.0 181.0 293.0 -1 -1 -1 -1000 -1000 -1000 -10 0.0036334991455078125
Car -1 -1 -10 0.0 187.0 42.0 248.0 -1 -1 -1 -1000 -1000 -1000 -10 0.003543853759765625
Car -1 -1 -10 0.0 184.0 33.0 301.0 -1 -1 -1 -1000 -1000 -1000 -10 0.003170013427734375
Car -1 -1 -10 2.0 190.0 158.0 311.0 -1 -1 -1 -1000 -1000 -1000 -10 0.0029296875
Car -1 -1 -10 241.0 180.0 339.0 225.0 -1 -1 -1 -1000 -1000 -1000 -10 0.002712249755859375
Car -1 -1 -10 27.0 169.0 226.0 279.0 -1 -1 -1 -1000 -1000 -1000 -10 0.002593994140625
Car -1 -1 -10 481.0 178.0 507.0 198.0 -1 -1 -1 -1000 -1000 -1000 -10 0.002483367919921875
Car -1 -1 -10 44.0 179.0 198.0 236.0 -1 -1 -1 -1000 -1000 -1000 -10 0.0023708343505859375
Car -1 -1 -10 243.0 179.0 333.0 219.0 -1 -1 -1 -1000 -1000 -1000 -10 0.00225830078125
Car -1 -1 -10 0.0 189.0 276.0 353.0 -1 -1 -1 -1000 -1000 -1000 -10 0.002246856689453125
Car -1 -1 -10 0.0 189.0 80.0 300.0 -1 -1 -1 -1000 -1000 -1000 -10 0.002246856689453125
Car -1 -1 -10 0.0 180.0 27.0 240.0 -1 -1 -1 -1000 -1000 -1000 -10 0.0017976760864257812
Car -1 -1 -10 481.0 180.0 508.0 202.0 -1 -1 -1 -1000 -1000 -1000 -10 0.001636505126953125
Car -1 -1 -10 458.0 180.0 496.0 204.0 -1 -1 -1 -1000 -1000 -1000 -10 0.0015993118286132812
Car -1 -1 -10 1.0 177.0 97.0 243.0 -1 -1 -1 -1000 -1000 -1000 -10 0.0015230178833007812
Car -1 -1 -10 0.0 187.0 16.0 299.0 -1 -1 -1 -1000 -1000 -1000 -10 0.0014772415161132812
Car -1 -1 -10 0.0 171.0 46.0 249.0 -1 -1 -1 -1000 -1000 -1000 -10 0.0014743804931640625
Car -1 -1 -10 0.0 178.0 15.0 236.0 -1 -1 -1 -1000 -1000 -1000 -10 0.0014400482177734375
Car -1 -1 -10 68.0 182.0 220.0 239.0 -1 -1 -1 -1000 -1000 -1000 -10 0.0014095306396484375
Car -1 -1 -10 0.0 193.0 110.0 307.0 -1 -1 -1 -1000 -1000 -1000 -10 0.00140380859375
Car -1 -1 -10 459.0 177.0 498.0 200.0 -1 -1 -1 -1000 -1000 -1000 -10 0.0013856887817382812
Car -1 -1 -10 151.0 181.0 275.0 234.0 -1 -1 -1 -1000 -1000 -1000 -10 0.0013818740844726562
Car -1 -1 -10 75.0 181.0 258.0 242.0 -1 -1 -1 -1000 -1000 -1000 -10 0.0012826919555664062
Car -1 -1 -10 275.0 179.0 348.0 220.0 -1 -1 -1 -1000 -1000 -1000 -10 0.0012331008911132812
Car -1 -1 -10 0.0 175.0 75.0 245.0 -1 -1 -1 -1000 -1000 -1000 -10 0.0011949539184570312
Car -1 -1 -10 246.0 182.0 348.0 234.0 -1 -1 -1 -1000 -1000 -1000 -10 0.0011844635009765625
Car -1 -1 -10 263.0 178.0 339.0 215.0 -1 -1 -1 -1000 -1000 -1000 -10 0.00118255615234375
Car -1 -1 -10 0.0 191.0 55.0 333.0 -1 -1 -1 -1000 -1000 -1000 -10 0.0011777877807617188
Car -1 -1 -10 2.0 191.0 123.0 338.0 -1 -1 -1 -1000 -1000 -1000 -10 0.0011749267578125
Car -1 -1 -10 0.0 193.0 28.0 360.0 -1 -1 -1 -1000 -1000 -1000 -10 0.0009765625
Car -1 -1 -10 517.0 161.0 558.0 209.0 -1 -1 -1 -1000 -1000 -1000 -10 0.0009751319885253906
Car -1 -1 -10 563.0 163.0 615.0 222.0 -1 -1 -1 -1000 -1000 -1000 -10 0.0009589195251464844
Car -1 -1 -10 290.0 173.0 404.0 240.0 -1 -1 -1 -1000 -1000 -1000 -10 0.0009551048278808594
Car -1 -1 -10 492.0 168.0 551.0 231.0 -1 -1 -1 -1000 -1000 -1000 -10 0.0008826255798339844
Car -1 -1 -10 135.0 180.0 272.0 242.0 -1 -1 -1 -1000 -1000 -1000 -10 0.0008764266967773438
Car -1 -1 -10 9.0 204.0 174.0 315.0 -1 -1 -1 -1000 -1000 -1000 -10 0.0008220672607421875
Car -1 -1 -10 74.0 180.0 232.0 246.0 -1 -1 -1 -1000 -1000 -1000 -10 0.0008091926574707031
Car -1 -1 -10 1.0 167.0 22.0 232.0 -1 -1 -1 -1000 -1000 -1000 -10 0.0007910728454589844
Car -1 -1 -10 226.0 179.0 331.0 226.0 -1 -1 -1 -1000 -1000 -1000 -10 0.0007777214050292969
Car -1 -1 -10 313.0 170.0 417.0 242.0 -1 -1 -1 -1000 -1000 -1000 -10 0.0007233619689941406
Car -1 -1 -10 376.0 182.0 440.0 218.0 -1 -1 -1 -1000 -1000 -1000 -10 0.0007147789001464844
Car -1 -1 -10 491.0 162.0 550.0 223.0 -1 -1 -1 -1000 -1000 -1000 -10 0.000652313232421875
Car -1 -1 -10 299.0 177.0 391.0 229.0 -1 -1 -1 -1000 -1000 -1000 -10 0.0006470680236816406
Car -1 -1 -10 460.0 178.0 493.0 199.0 -1 -1 -1 -1000 -1000 -1000 -10 0.0005955696105957031
Car -1 -1 -10 1.0 198.0 31.0 262.0 -1 -1 -1 -1000 -1000 -1000 -10 0.0005941390991210938
Car -1 -1 -10 61.0 180.0 266.0 258.0 -1 -1 -1 -1000 -1000 -1000 -10 0.0005888938903808594
Car -1 -1 -10 231.0 179.0 339.0 234.0 -1 -1 -1 -1000 -1000 -1000 -10 0.0005617141723632812
Car -1 -1 -10 461.0 183.0 503.0 210.0 -1 -1 -1 -1000 -1000 -1000 -10 0.0005593299865722656
Car -1 -1 -10 266.0 142.0 439.0 274.0 -1 -1 -1 -1000 -1000 -1000 -10 0.0005564689636230469
Car -1 -1 -10 0.0 170.0 14.0 229.0 -1 -1 -1 -1000 -1000 -1000 -10 0.0005316734313964844
Car -1 -1 -10 0.0 198.0 16.0 261.0 -1 -1 -1 -1000 -1000 -1000 -10 0.0005092620849609375
Car -1 -1 -10 91.0 181.0 399.0 374.0 -1 -1 -1 -1000 -1000 -1000 -10 0.00048804283142089844
Car -1 -1 -10 57.0 182.0 216.0 256.0 -1 -1 -1 -1000 -1000 -1000 -10 0.0004799365997314453
Car -1 -1 -10 1.0 187.0 160.0 255.0 -1 -1 -1 -1000 -1000 -1000 -10 0.0004782676696777344
Car -1 -1 -10 430.0 181.0 502.0 226.0 -1 -1 -1 -1000 -1000 -1000 -10 0.00045752525329589844
Car -1 -1 -10 324.0 177.0 374.0 226.0 -1 -1 -1 -1000 -1000 -1000 -10 0.0004391670227050781
Car -1 -1 -10 1.0 199.0 78.0 325.0 -1 -1 -1 -1000 -1000 -1000 -10 0.0004227161407470703
Car -1 -1 -10 390.0 182.0 442.0 217.0 -1 -1 -1 -1000 -1000 -1000 -10 0.0004093647003173828
Car -1 -1 -10 389.0 149.0 551.0 271.0 -1 -1 -1 -1000 -1000 -1000 -10 0.0004057884216308594
Car -1 -1 -10 7.0 184.0 88.0 252.0 -1 -1 -1 -1000 -1000 -1000 -10 0.0003972053527832031
Car -1 -1 -10 48.0 191.0 189.0 287.0 -1 -1 -1 -1000 -1000 -1000 -10 0.0003616809844970703
Car -1 -1 -10 0.0 180.0 41.0 238.0 -1 -1 -1 -1000 -1000 -1000 -10 0.000354766845703125
Car -1 -1 -10 0.0 174.0 13.0 224.0 -1 -1 -1 -1000 -1000 -1000 -10 0.00034880638122558594
Car -1 -1 -10 392.0 180.0 449.0 214.0 -1 -1 -1 -1000 -1000 -1000 -10 0.0003464221954345703
Car -1 -1 -10 171.0 179.0 295.0 232.0 -1 -1 -1 -1000 -1000 -1000 -10 0.0003368854522705078
Car -1 -1 -10 435.0 184.0 486.0 234.0 -1 -1 -1 -1000 -1000 -1000 -10 0.00033402442932128906
Car -1 -1 -10 0.0 206.0 145.0 316.0 -1 -1 -1 -1000 -1000 -1000 -10 0.0003197193145751953
Car -1 -1 -10 451.0 177.0 499.0 224.0 -1 -1 -1 -1000 -1000 -1000 -10 0.00031447410583496094
Car -1 -1 -10 0.0 198.0 32.0 326.0 -1 -1 -1 -1000 -1000 -1000 -10 0.00029730796813964844
Car -1 -1 -10 519.0 125.0 674.0 242.0 -1 -1 -1 -1000 -1000 -1000 -10 0.00029087066650390625
Car -1 -1 -10 0.0 214.0 24.0 376.0 -1 -1 -1 -1000 -1000 -1000 -10 0.0002872943878173828
Car -1 -1 -10 433.0 122.0 597.0 247.0 -1 -1 -1 -1000 -1000 -1000 -10 0.00028705596923828125
Car -1 -1 -10 529.0 166.0 555.0 194.0 -1 -1 -1 -1000 -1000 -1000 -10 0.0002834796905517578
Car -1 -1 -10 547.0 164.0 606.0 225.0 -1 -1 -1 -1000 -1000 -1000 -10 0.00028324127197265625
Car -1 -1 -10 274.0 147.0 428.0 252.0 -1 -1 -1 -1000 -1000 -1000 -10 0.0002758502960205078
Car -1 -1 -10 285.0 178.0 350.0 213.0 -1 -1 -1 -1000 -1000 -1000 -10 0.00026607513427734375
Car -1 -1 -10 423.0 179.0 493.0 230.0 -1 -1 -1 -1000 -1000 -1000 -10 0.00026488304138183594
Car -1 -1 -10 331.0 176.0 381.0 225.0 -1 -1 -1 -1000 -1000 -1000 -10 0.00025081634521484375
Car -1 -1 -10 513.0 131.0 681.0 274.0 -1 -1 -1 -1000 -1000 -1000 -10 0.00024700164794921875
Car -1 -1 -10 0.0 182.0 103.0 305.0 -1 -1 -1 -1000 -1000 -1000 -10 0.00024437904357910156
Car -1 -1 -10 0.0 191.0 125.0 297.0 -1 -1 -1 -1000 -1000 -1000 -10 0.00024127960205078125
Car -1 -1 -10 0.0 217.0 52.0 374.0 -1 -1 -1 -1000 -1000 -1000 -10 0.00023412704467773438
Car -1 -1 -10 2.0 179.0 135.0 242.0 -1 -1 -1 -1000 -1000 -1000 -10 0.0002338886260986328
Car -1 -1 -10 0.0 197.0 18.0 307.0 -1 -1 -1 -1000 -1000 -1000 -10 0.000217437744140625
Car -1 -1 -10 211.0 177.0 322.0 227.0 -1 -1 -1 -1000 -1000 -1000 -10 0.00021004676818847656
Car -1 -1 -10 433.0 134.0 602.0 278.0 -1 -1 -1 -1000 -1000 -1000 -10 0.00020444393157958984
Car -1 -1 -10 0.0 162.0 17.0 226.0 -1 -1 -1 -1000 -1000 -1000 -10 0.00020253658294677734
Car -1 -1 -10 0.0 175.0 48.0 232.0 -1 -1 -1 -1000 -1000 -1000 -10 0.00019490718841552734
Car -1 -1 -10 181.0 177.0 285.0 222.0 -1 -1 -1 -1000 -1000 -1000 -10 0.00018787384033203125
Car -1 -1 -10 1.0 193.0 151.0 352.0 -1 -1 -1 -1000 -1000 -1000 -10 0.0001747608184814453
Car -1 -1 -10 535.0 163.0 563.0 199.0 -1 -1 -1 -1000 -1000 -1000 -10 0.0001690387725830078
Car -1 -1 -10 569.0 177.0 604.0 207.0 -1 -1 -1 -1000 -1000 -1000 -10 0.0001628398895263672
Car -1 -1 -10 20.0 194.0 187.0 306.0 -1 -1 -1 -1000 -1000 -1000 -10 0.00016200542449951172
Car -1 -1 -10 265.0 182.0 342.0 232.0 -1 -1 -1 -1000 -1000 -1000 -10 0.0001589059829711914
Car -1 -1 -10 251.0 181.0 329.0 223.0 -1 -1 -1 -1000 -1000 -1000 -10 0.00015783309936523438
Car -1 -1 -10 167.0 181.0 293.0 241.0 -1 -1 -1 -1000 -1000 -1000 -10 0.00015044212341308594
Car -1 -1 -10 0.0 203.0 16.0 323.0 -1 -1 -1 -1000 -1000 -1000 -10 0.00014460086822509766
Car -1 -1 -10 354.0 154.0 532.0 271.0 -1 -1 -1 -1000 -1000 -1000 -10 0.00014269351959228516
Car -1 -1 -10 553.0 167.0 571.0 192.0 -1 -1 -1 -1000 -1000 -1000 -10 0.00013709068298339844
Car -1 -1 -10 0.0 173.0 101.0 286.0 -1 -1 -1 -1000 -1000 -1000 -10 0.00013208389282226562
Car -1 -1 -10 458.0 139.0 641.0 264.0 -1 -1 -1 -1000 -1000 -1000 -10 0.0001302957534790039
Car -1 -1 -10 135.0 179.0 306.0 256.0 -1 -1 -1 -1000 -1000 -1000 -10 0.00012958049774169922
Car -1 -1 -10 0.0 206.0 56.0 317.0 -1 -1 -1 -1000 -1000 -1000 -10 0.00012934207916259766
Car -1 -1 -10 2.0 191.0 100.0 363.0 -1 -1 -1 -1000 -1000 -1000 -10 0.00012767314910888672
Car -1 -1 -10 547.0 170.0 590.0 206.0 -1 -1 -1 -1000 -1000 -1000 -10 0.00012743473052978516
Car -1 -1 -10 248.0 152.0 434.0 265.0 -1 -1 -1 -1000 -1000 -1000 -10 0.00012165307998657227
Car -1 -1 -10 549.0 160.0 572.0 188.0 -1 -1 -1 -1000 -1000 -1000 -10 0.00012129545211791992
Car -1 -1 -10 430.0 177.0 473.0 203.0 -1 -1 -1 -1000 -1000 -1000 -10 0.00011491775512695312
Car -1 -1 -10 65.0 173.0 208.0 232.0 -1 -1 -1 -1000 -1000 -1000 -10 0.00010943412780761719
Car -1 -1 -10 317.0 176.0 398.0 231.0 -1 -1 -1 -1000 -1000 -1000 -10 0.00010704994201660156
Car -1 -1 -10 42.0 198.0 185.0 333.0 -1 -1 -1 -1000 -1000 -1000 -10 0.00010651350021362305
Car -1 -1 -10 5.0 210.0 190.0 374.0 -1 -1 -1 -1000 -1000 -1000 -10 0.00010406970977783203
Car -1 -1 -10 20.0 183.0 183.0 246.0 -1 -1 -1 -1000 -1000 -1000 -10 0.00010335445404052734
Car -1 -1 -10 1.0 206.0 52.0 338.0 -1 -1 -1 -1000 -1000 -1000 -10 0.00010186433792114258
Car -1 -1 -10 0.0 161.0 11.0 220.0 -1 -1 -1 -1000 -1000 -1000 -10 0.00010037422180175781
