Car -1 -1 -10 754.0 177.0 1002.0 372.0 -1 -1 -1 -1000 -1000 -1000 -10 0.97119140625
Car -1 -1 -10 455.0 171.0 543.0 242.0 -1 -1 -1 -1000 -1000 -1000 -10 0.962890625
Car -1 -1 -10 705.0 188.0 831.0 286.0 -1 -1 -1 -1000 -1000 -1000 -10 0.95849609375
Car -1 -1 -10 69.0 168.0 358.0 261.0 -1 -1 -1 -1000 -1000 -1000 -10 0.95068359375
Car -1 -1 -10 511.0 180.0 569.0 221.0 -1 -1 -1 -1000 -1000 -1000 -10 0.9375
Car -1 -1 -10 640.0 177.0 670.0 202.0 -1 -1 -1 -1000 -1000 -1000 -10 0.935546875
Cyclist -1 -1 -10 576.0 169.0 599.0 239.0 -1 -1 -1 -1000 -1000 -1000 -10 0.919921875
Car -1 -1 -10 570.0 170.0 595.0 193.0 -1 -1 -1 -1000 -1000 -1000 -10 0.11651611328125
Cyclist -1 -1 -10 576.0 171.0 598.0 228.0 -1 -1 -1 -1000 -1000 -1000 -10 0.07568359375
Cyclist -1 -1 -10 580.0 172.0 601.0 232.0 -1 -1 -1 -1000 -1000 -1000 -10 0.00417327880859375
Car -1 -1 -10 568.0 169.0 593.0 191.0 -1 -1 -1 -1000 -1000 -1000 -10 0.002826690673828125
Cyclist -1 -1 -10 574.0 168.0 595.0 237.0 -1 -1 -1 -1000 -1000 -1000 -10 0.00270843505859375
Cyclist -1 -1 -10 571.0 168.0 598.0 206.0 -1 -1 -1 -1000 -1000 -1000 -10 0.0021533966064453125
Car -1 -1 -10 512.0 178.0 570.0 215.0 -1 -1 -1 -1000 -1000 -1000 -10 0.0017328262329101562
Car -1 -1 -10 569.0 167.0 595.0 203.0 -1 -1 -1 -1000 -1000 -1000 -10 0.0011663436889648438
Car -1 -1 -10 0.0 176.0 56.0 370.0 -1 -1 -1 -1000 -1000 -1000 -10 0.001148223876953125
Car -1 -1 -10 816.0 182.0 942.0 361.0 -1 -1 -1 -1000 -1000 -1000 -10 0.0008115768432617188
Car -1 -1 -10 510.0 171.0 584.0 237.0 -1 -1 -1 -1000 -1000 -1000 -10 0.0007529258728027344
Car -1 -1 -10 0.0 192.0 29.0 367.0 -1 -1 -1 -1000 -1000 -1000 -10 0.0007352828979492188
Car -1 -1 -10 639.0 175.0 671.0 208.0 -1 -1 -1 -1000 -1000 -1000 -10 0.0006618499755859375
Car -1 -1 -10 572.0 167.0 594.0 207.0 -1 -1 -1 -1000 -1000 -1000 -10 0.0006380081176757812
Car -1 -1 -10 160.0 175.0 273.0 246.0 -1 -1 -1 -1000 -1000 -1000 -10 0.0005955696105957031
Car -1 -1 -10 0.0 191.0 64.0 375.0 -1 -1 -1 -1000 -1000 -1000 -10 0.0005583763122558594
Cyclist -1 -1 -10 0.0 173.0 44.0 357.0 -1 -1 -1 -1000 -1000 -1000 -10 0.000537872314453125
Car -1 -1 -10 434.0 160.0 551.0 256.0 -1 -1 -1 -1000 -1000 -1000 -10 0.0005311965942382812
Car -1 -1 -10 637.0 177.0 664.0 202.0 -1 -1 -1 -1000 -1000 -1000 -10 0.0005145072937011719
Car -1 -1 -10 0.0 168.0 25.0 314.0 -1 -1 -1 -1000 -1000 -1000 -10 0.0004329681396484375
Car -1 -1 -10 507.0 176.0 564.0 218.0 -1 -1 -1 -1000 -1000 -1000 -10 0.00041484832763671875
Car -1 -1 -10 81.0 158.0 347.0 255.0 -1 -1 -1 -1000 -1000 -1000 -10 0.0004017353057861328
Cyclist -1 -1 -10 572.0 175.0 597.0 240.0 -1 -1 -1 -1000 -1000 -1000 -10 0.00035452842712402344
Car -1 -1 -10 1.0 213.0 53.0 373.0 -1 -1 -1 -1000 -1000 -1000 -10 0.0003476142883300781
Car -1 -1 -10 0.0 213.0 33.0 373.0 -1 -1 -1 -1000 -1000 -1000 -10 0.00034689903259277344
Car -1 -1 -10 0.0 174.0 26.0 350.0 -1 -1 -1 -1000 -1000 -1000 -10 0.000331878662109375
Car -1 -1 -10 506.0 168.0 572.0 229.0 -1 -1 -1 -1000 -1000 -1000 -10 0.000324249267578125
Car -1 -1 -10 451.0 160.0 567.0 257.0 -1 -1 -1 -1000 -1000 -1000 -10 0.00028252601623535156
Car -1 -1 -10 569.0 164.0 597.0 187.0 -1 -1 -1 -1000 -1000 -1000 -10 0.00027632713317871094
Car -1 -1 -10 0.0 193.0 88.0 370.0 -1 -1 -1 -1000 -1000 -1000 -10 0.00027298927307128906
Car -1 -1 -10 640.0 181.0 670.0 204.0 -1 -1 -1 -1000 -1000 -1000 -10 0.0002665519714355469
Car -1 -1 -10 0.0 164.0 23.0 285.0 -1 -1 -1 -1000 -1000 -1000 -10 0.0002646446228027344
Car -1 -1 -10 142.0 173.0 273.0 250.0 -1 -1 -1 -1000 -1000 -1000 -10 0.0002505779266357422
Cyclist -1 -1 -10 0.0 194.0 91.0 369.0 -1 -1 -1 -1000 -1000 -1000 -10 0.00023615360260009766
Car -1 -1 -10 759.0 46.0 789.0 73.0 -1 -1 -1 -1000 -1000 -1000 -10 0.00023496150970458984
Car -1 -1 -10 578.0 171.0 600.0 192.0 -1 -1 -1 -1000 -1000 -1000 -10 0.00021851062774658203
Car -1 -1 -10 0.0 155.0 27.0 291.0 -1 -1 -1 -1000 -1000 -1000 -10 0.00018310546875
Car -1 -1 -10 509.0 177.0 551.0 214.0 -1 -1 -1 -1000 -1000 -1000 -10 0.00016486644744873047
Car -1 -1 -10 468.0 138.0 637.0 279.0 -1 -1 -1 -1000 -1000 -1000 -10 0.0001537799835205078
Pedestrian -1 -1 -10 816.0 0.0 847.0 0.0 -1 -1 -1 -1000 -1000 -1000 -10 0.00014102458953857422
Car -1 -1 -10 0.0 161.0 40.0 320.0 -1 -1 -1 -1000 -1000 -1000 -10 0.00014007091522216797
Car -1 -1 -10 516.0 184.0 567.0 222.0 -1 -1 -1 -1000 -1000 -1000 -10 0.0001386404037475586
Car -1 -1 -10 472.0 132.0 626.0 252.0 -1 -1 -1 -1000 -1000 -1000 -10 0.00013768672943115234
Car -1 -1 -10 0.0 174.0 17.0 275.0 -1 -1 -1 -1000 -1000 -1000 -10 0.00013267993927001953
Pedestrian -1 -1 -10 813.0 0.0 849.0 0.0 -1 -1 -1 -1000 -1000 -1000 -10 0.00013244152069091797
Car -1 -1 -10 0.0 215.0 63.0 375.0 -1 -1 -1 -1000 -1000 -1000 -10 0.0001316070556640625
Cyclist -1 -1 -10 584.0 169.0 606.0 197.0 -1 -1 -1 -1000 -1000 -1000 -10 0.00012230873107910156
Car -1 -1 -10 55.0 172.0 324.0 259.0 -1 -1 -1 -1000 -1000 -1000 -10 0.000118255615234375
Car -1 -1 -10 569.0 171.0 608.0 213.0 -1 -1 -1 -1000 -1000 -1000 -10 0.00010907649993896484
Car -1 -1 -10 0.0 162.0 52.0 288.0 -1 -1 -1 -1000 -1000 -1000 -10 0.00010734796524047852
