Car -1 -1 -10 1096.0 183.0 1222.0 234.0 -1 -1 -1 -1000 -1000 -1000 -10 0.95166015625
Car -1 -1 -10 1036.0 183.0 1155.0 232.0 -1 -1 -1 -1000 -1000 -1000 -10 0.943359375
Car -1 -1 -10 601.0 172.0 636.0 202.0 -1 -1 -1 -1000 -1000 -1000 -10 0.9248046875
Car -1 -1 -10 956.0 180.0 1064.0 234.0 -1 -1 -1 -1000 -1000 -1000 -10 0.9169921875
Pedestrian -1 -1 -10 617.0 154.0 671.0 281.0 -1 -1 -1 -1000 -1000 -1000 -10 0.91357421875
Pedestrian -1 -1 -10 217.0 153.0 249.0 237.0 -1 -1 -1 -1000 -1000 -1000 -10 0.884765625
Pedestrian -1 -1 -10 972.0 156.0 1061.0 326.0 -1 -1 -1 -1000 -1000 -1000 -10 0.86572265625
Pedestrian -1 -1 -10 324.0 158.0 359.0 246.0 -1 -1 -1 -1000 -1000 -1000 -10 0.8583984375
Pedestrian -1 -1 -10 380.0 160.0 421.0 243.0 -1 -1 -1 -1000 -1000 -1000 -10 0.85107421875
Pedestrian -1 -1 -10 263.0 159.0 292.0 234.0 -1 -1 -1 -1000 -1000 -1000 -10 0.76806640625
Pedestrian -1 -1 -10 1010.0 162.0 1079.0 319.0 -1 -1 -1 -1000 -1000 -1000 -10 0.74560546875
Pedestrian -1 -1 -10 295.0 160.0 321.0 233.0 -1 -1 -1 -1000 -1000 -1000 -10 0.7119140625
Pedestrian -1 -1 -10 287.0 157.0 318.0 228.0 -1 -1 -1 -1000 -1000 -1000 -10 0.64501953125
Pedestrian -1 -1 -10 996.0 159.0 1073.0 318.0 -1 -1 -1 -1000 -1000 -1000 -10 0.59130859375
Pedestrian -1 -1 -10 290.0 159.0 318.0 233.0 -1 -1 -1 -1000 -1000 -1000 -10 0.56982421875
Pedestrian -1 -1 -10 276.0 157.0 308.0 228.0 -1 -1 -1 -1000 -1000 -1000 -10 0.452880859375
Pedestrian -1 -1 -10 316.0 157.0 361.0 233.0 -1 -1 -1 -1000 -1000 -1000 -10 0.42822265625
Pedestrian -1 -1 -10 311.0 155.0 347.0 229.0 -1 -1 -1 -1000 -1000 -1000 -10 0.3984375
Pedestrian -1 -1 -10 268.0 156.0 319.0 232.0 -1 -1 -1 -1000 -1000 -1000 -10 0.39453125
Pedestrian -1 -1 -10 1015.0 174.0 1088.0 300.0 -1 -1 -1 -1000 -1000 -1000 -10 0.393310546875
Pedestrian -1 -1 -10 284.0 157.0 348.0 227.0 -1 -1 -1 -1000 -1000 -1000 -10 0.361572265625
Pedestrian -1 -1 -10 297.0 157.0 336.0 226.0 -1 -1 -1 -1000 -1000 -1000 -10 0.360107421875
Pedestrian -1 -1 -10 277.0 156.0 325.0 225.0 -1 -1 -1 -1000 -1000 -1000 -10 0.332275390625
Pedestrian -1 -1 -10 306.0 156.0 338.0 227.0 -1 -1 -1 -1000 -1000 -1000 -10 0.32958984375
Pedestrian -1 -1 -10 958.0 179.0 1063.0 235.0 -1 -1 -1 -1000 -1000 -1000 -10 0.328857421875
Pedestrian -1 -1 -10 278.0 160.0 305.0 232.0 -1 -1 -1 -1000 -1000 -1000 -10 0.263916015625
Pedestrian -1 -1 -10 1039.0 175.0 1127.0 255.0 -1 -1 -1 -1000 -1000 -1000 -10 0.25439453125
Pedestrian -1 -1 -10 319.0 156.0 356.0 227.0 -1 -1 -1 -1000 -1000 -1000 -10 0.22216796875
Pedestrian -1 -1 -10 368.0 160.0 418.0 242.0 -1 -1 -1 -1000 -1000 -1000 -10 0.2191162109375
Pedestrian -1 -1 -10 349.0 159.0 376.0 225.0 -1 -1 -1 -1000 -1000 -1000 -10 0.201416015625
Pedestrian -1 -1 -10 970.0 176.0 1065.0 245.0 -1 -1 -1 -1000 -1000 -1000 -10 0.1964111328125
Pedestrian -1 -1 -10 383.0 161.0 425.0 240.0 -1 -1 -1 -1000 -1000 -1000 -10 0.1524658203125
Pedestrian -1 -1 -10 191.0 155.0 202.0 195.0 -1 -1 -1 -1000 -1000 -1000 -10 0.1297607421875
Pedestrian -1 -1 -10 1016.0 167.0 1075.0 299.0 -1 -1 -1 -1000 -1000 -1000 -10 0.116943359375
Pedestrian -1 -1 -10 303.0 160.0 331.0 235.0 -1 -1 -1 -1000 -1000 -1000 -10 0.11309814453125
Pedestrian -1 -1 -10 614.0 159.0 665.0 284.0 -1 -1 -1 -1000 -1000 -1000 -10 0.11309814453125
Pedestrian -1 -1 -10 258.0 155.0 302.0 229.0 -1 -1 -1 -1000 -1000 -1000 -10 0.10626220703125
Pedestrian -1 -1 -10 333.0 157.0 367.0 233.0 -1 -1 -1 -1000 -1000 -1000 -10 0.10614013671875
Pedestrian -1 -1 -10 306.0 157.0 363.0 233.0 -1 -1 -1 -1000 -1000 -1000 -10 0.0936279296875
Pedestrian -1 -1 -10 257.0 155.0 291.0 231.0 -1 -1 -1 -1000 -1000 -1000 -10 0.0887451171875
Pedestrian -1 -1 -10 999.0 167.0 1069.0 301.0 -1 -1 -1 -1000 -1000 -1000 -10 0.0806884765625
Pedestrian -1 -1 -10 263.0 153.0 295.0 224.0 -1 -1 -1 -1000 -1000 -1000 -10 0.08056640625
Pedestrian -1 -1 -10 329.0 160.0 363.0 245.0 -1 -1 -1 -1000 -1000 -1000 -10 0.0694580078125
Pedestrian -1 -1 -10 273.0 156.0 333.0 227.0 -1 -1 -1 -1000 -1000 -1000 -10 0.0653076171875
Car -1 -1 -10 955.0 178.0 1079.0 229.0 -1 -1 -1 -1000 -1000 -1000 -10 0.06005859375
Pedestrian -1 -1 -10 347.0 160.0 375.0 236.0 -1 -1 -1 -1000 -1000 -1000 -10 0.05767822265625
Pedestrian -1 -1 -10 273.0 155.0 307.0 221.0 -1 -1 -1 -1000 -1000 -1000 -10 0.056427001953125
Pedestrian -1 -1 -10 285.0 158.0 316.0 219.0 -1 -1 -1 -1000 -1000 -1000 -10 0.054656982421875
Pedestrian -1 -1 -10 261.0 153.0 289.0 222.0 -1 -1 -1 -1000 -1000 -1000 -10 0.05340576171875
Car -1 -1 -10 955.0 183.0 1058.0 242.0 -1 -1 -1 -1000 -1000 -1000 -10 0.05322265625
Car -1 -1 -10 1144.0 186.0 1219.0 233.0 -1 -1 -1 -1000 -1000 -1000 -10 0.050750732421875
Car -1 -1 -10 602.0 167.0 640.0 210.0 -1 -1 -1 -1000 -1000 -1000 -10 0.04644775390625
Pedestrian -1 -1 -10 292.0 153.0 323.0 224.0 -1 -1 -1 -1000 -1000 -1000 -10 0.043365478515625
Pedestrian -1 -1 -10 984.0 165.0 1061.0 304.0 -1 -1 -1 -1000 -1000 -1000 -10 0.042083740234375
Pedestrian -1 -1 -10 375.0 159.0 426.0 242.0 -1 -1 -1 -1000 -1000 -1000 -10 0.041290283203125
Cyclist -1 -1 -10 531.0 164.0 541.0 189.0 -1 -1 -1 -1000 -1000 -1000 -10 0.03173828125
Pedestrian -1 -1 -10 189.0 155.0 201.0 196.0 -1 -1 -1 -1000 -1000 -1000 -10 0.031707763671875
Pedestrian -1 -1 -10 966.0 158.0 1048.0 320.0 -1 -1 -1 -1000 -1000 -1000 -10 0.0305633544921875
Pedestrian -1 -1 -10 179.0 156.0 193.0 198.0 -1 -1 -1 -1000 -1000 -1000 -10 0.030364990234375
Pedestrian -1 -1 -10 321.0 161.0 354.0 244.0 -1 -1 -1 -1000 -1000 -1000 -10 0.0290069580078125
Car -1 -1 -10 1190.0 188.0 1224.0 232.0 -1 -1 -1 -1000 -1000 -1000 -10 0.0264129638671875
Pedestrian -1 -1 -10 1019.0 163.0 1085.0 316.0 -1 -1 -1 -1000 -1000 -1000 -10 0.0256500244140625
Pedestrian -1 -1 -10 214.0 154.0 254.0 235.0 -1 -1 -1 -1000 -1000 -1000 -10 0.0235748291015625
Pedestrian -1 -1 -10 184.0 155.0 200.0 194.0 -1 -1 -1 -1000 -1000 -1000 -10 0.0229644775390625
Pedestrian -1 -1 -10 297.0 166.0 321.0 235.0 -1 -1 -1 -1000 -1000 -1000 -10 0.0229644775390625
Pedestrian -1 -1 -10 945.0 146.0 1084.0 326.0 -1 -1 -1 -1000 -1000 -1000 -10 0.0218658447265625
Pedestrian -1 -1 -10 350.0 161.0 375.0 215.0 -1 -1 -1 -1000 -1000 -1000 -10 0.0203094482421875
Pedestrian -1 -1 -10 350.0 160.0 384.0 234.0 -1 -1 -1 -1000 -1000 -1000 -10 0.0201416015625
Pedestrian -1 -1 -10 624.0 150.0 674.0 281.0 -1 -1 -1 -1000 -1000 -1000 -10 0.0196380615234375
Car -1 -1 -10 1178.0 188.0 1223.0 230.0 -1 -1 -1 -1000 -1000 -1000 -10 0.01934814453125
Pedestrian -1 -1 -10 350.0 162.0 380.0 223.0 -1 -1 -1 -1000 -1000 -1000 -10 0.0191802978515625
Pedestrian -1 -1 -10 1207.0 157.0 1224.0 360.0 -1 -1 -1 -1000 -1000 -1000 -10 0.0186767578125
Pedestrian -1 -1 -10 182.0 153.0 194.0 194.0 -1 -1 -1 -1000 -1000 -1000 -10 0.018463134765625
Pedestrian -1 -1 -10 323.0 164.0 358.0 229.0 -1 -1 -1 -1000 -1000 -1000 -10 0.0177001953125
Pedestrian -1 -1 -10 252.0 154.0 309.0 230.0 -1 -1 -1 -1000 -1000 -1000 -10 0.0175628662109375
Car -1 -1 -10 1195.0 185.0 1223.0 233.0 -1 -1 -1 -1000 -1000 -1000 -10 0.0166168212890625
Car -1 -1 -10 601.0 171.0 633.0 197.0 -1 -1 -1 -1000 -1000 -1000 -10 0.016082763671875
Pedestrian -1 -1 -10 312.0 157.0 348.0 217.0 -1 -1 -1 -1000 -1000 -1000 -10 0.014434814453125
Pedestrian -1 -1 -10 177.0 156.0 191.0 199.0 -1 -1 -1 -1000 -1000 -1000 -10 0.0127105712890625
Car -1 -1 -10 1173.0 186.0 1224.0 235.0 -1 -1 -1 -1000 -1000 -1000 -10 0.01071929931640625
Car -1 -1 -10 964.0 173.0 1065.0 264.0 -1 -1 -1 -1000 -1000 -1000 -10 0.00969696044921875
Pedestrian -1 -1 -10 352.0 162.0 396.0 241.0 -1 -1 -1 -1000 -1000 -1000 -10 0.00894927978515625
Pedestrian -1 -1 -10 178.0 152.0 190.0 196.0 -1 -1 -1 -1000 -1000 -1000 -10 0.00783538818359375
Pedestrian -1 -1 -10 213.0 155.0 244.0 239.0 -1 -1 -1 -1000 -1000 -1000 -10 0.007678985595703125
Pedestrian -1 -1 -10 997.0 177.0 1072.0 291.0 -1 -1 -1 -1000 -1000 -1000 -10 0.00750732421875
Pedestrian -1 -1 -10 1206.0 164.0 1224.0 370.0 -1 -1 -1 -1000 -1000 -1000 -10 0.007213592529296875
Pedestrian -1 -1 -10 188.0 156.0 203.0 200.0 -1 -1 -1 -1000 -1000 -1000 -10 0.00713348388671875
Pedestrian -1 -1 -10 1203.0 152.0 1224.0 365.0 -1 -1 -1 -1000 -1000 -1000 -10 0.006938934326171875
Pedestrian -1 -1 -10 348.0 158.0 384.0 221.0 -1 -1 -1 -1000 -1000 -1000 -10 0.006862640380859375
Pedestrian -1 -1 -10 264.0 164.0 290.0 237.0 -1 -1 -1 -1000 -1000 -1000 -10 0.006336212158203125
Pedestrian -1 -1 -10 218.0 153.0 245.0 225.0 -1 -1 -1 -1000 -1000 -1000 -10 0.0058746337890625
Pedestrian -1 -1 -10 292.0 168.0 315.0 234.0 -1 -1 -1 -1000 -1000 -1000 -10 0.005275726318359375
Car -1 -1 -10 1209.0 186.0 1224.0 234.0 -1 -1 -1 -1000 -1000 -1000 -10 0.00499725341796875
Pedestrian -1 -1 -10 1198.0 148.0 1223.0 369.0 -1 -1 -1 -1000 -1000 -1000 -10 0.0049285888671875
Pedestrian -1 -1 -10 1017.0 173.0 1075.0 280.0 -1 -1 -1 -1000 -1000 -1000 -10 0.004604339599609375
Pedestrian -1 -1 -10 323.0 158.0 357.0 217.0 -1 -1 -1 -1000 -1000 -1000 -10 0.00443267822265625
Pedestrian -1 -1 -10 1179.0 185.0 1219.0 229.0 -1 -1 -1 -1000 -1000 -1000 -10 0.004291534423828125
Pedestrian -1 -1 -10 339.0 157.0 369.0 213.0 -1 -1 -1 -1000 -1000 -1000 -10 0.004116058349609375
Pedestrian -1 -1 -10 348.0 165.0 374.0 229.0 -1 -1 -1 -1000 -1000 -1000 -10 0.003662109375
Cyclist -1 -1 -10 532.0 163.0 543.0 190.0 -1 -1 -1 -1000 -1000 -1000 -10 0.0034332275390625
Car -1 -1 -10 1193.0 191.0 1223.0 238.0 -1 -1 -1 -1000 -1000 -1000 -10 0.0034332275390625
Pedestrian -1 -1 -10 196.0 156.0 207.0 195.0 -1 -1 -1 -1000 -1000 -1000 -10 0.0032711029052734375
Pedestrian -1 -1 -10 1178.0 185.0 1211.0 225.0 -1 -1 -1 -1000 -1000 -1000 -10 0.0032253265380859375
Pedestrian -1 -1 -10 1209.0 172.0 1224.0 299.0 -1 -1 -1 -1000 -1000 -1000 -10 0.0031032562255859375
Pedestrian -1 -1 -10 977.0 178.0 1068.0 293.0 -1 -1 -1 -1000 -1000 -1000 -10 0.0029926300048828125
Pedestrian -1 -1 -10 971.0 174.0 1070.0 280.0 -1 -1 -1 -1000 -1000 -1000 -10 0.002902984619140625
Pedestrian -1 -1 -10 368.0 160.0 409.0 247.0 -1 -1 -1 -1000 -1000 -1000 -10 0.0028438568115234375
Car -1 -1 -10 1028.0 180.0 1146.0 227.0 -1 -1 -1 -1000 -1000 -1000 -10 0.002777099609375
Pedestrian -1 -1 -10 256.0 155.0 282.0 228.0 -1 -1 -1 -1000 -1000 -1000 -10 0.002674102783203125
Pedestrian -1 -1 -10 1193.0 181.0 1223.0 231.0 -1 -1 -1 -1000 -1000 -1000 -10 0.0023784637451171875
Pedestrian -1 -1 -10 217.0 161.0 247.0 227.0 -1 -1 -1 -1000 -1000 -1000 -10 0.002231597900390625
Pedestrian -1 -1 -10 353.0 161.0 380.0 214.0 -1 -1 -1 -1000 -1000 -1000 -10 0.0022258758544921875
Pedestrian -1 -1 -10 612.0 161.0 657.0 288.0 -1 -1 -1 -1000 -1000 -1000 -10 0.002147674560546875
Pedestrian -1 -1 -10 362.0 158.0 395.0 231.0 -1 -1 -1 -1000 -1000 -1000 -10 0.0021381378173828125
Pedestrian -1 -1 -10 1197.0 165.0 1224.0 370.0 -1 -1 -1 -1000 -1000 -1000 -10 0.0019502639770507812
Pedestrian -1 -1 -10 1211.0 177.0 1224.0 232.0 -1 -1 -1 -1000 -1000 -1000 -10 0.0019245147705078125
Pedestrian -1 -1 -10 384.0 167.0 424.0 232.0 -1 -1 -1 -1000 -1000 -1000 -10 0.001712799072265625
Pedestrian -1 -1 -10 199.0 154.0 211.0 193.0 -1 -1 -1 -1000 -1000 -1000 -10 0.0016994476318359375
Car -1 -1 -10 1095.0 177.0 1224.0 245.0 -1 -1 -1 -1000 -1000 -1000 -10 0.0016918182373046875
Car -1 -1 -10 1210.0 190.0 1224.0 243.0 -1 -1 -1 -1000 -1000 -1000 -10 0.0016498565673828125
Pedestrian -1 -1 -10 977.0 170.0 1046.0 314.0 -1 -1 -1 -1000 -1000 -1000 -10 0.0016336441040039062
Pedestrian -1 -1 -10 1.0 139.0 24.0 246.0 -1 -1 -1 -1000 -1000 -1000 -10 0.0016326904296875
Pedestrian -1 -1 -10 253.0 156.0 285.0 219.0 -1 -1 -1 -1000 -1000 -1000 -10 0.0015802383422851562
Car -1 -1 -10 1052.0 180.0 1192.0 245.0 -1 -1 -1 -1000 -1000 -1000 -10 0.001567840576171875
Pedestrian -1 -1 -10 0.0 144.0 21.0 277.0 -1 -1 -1 -1000 -1000 -1000 -10 0.00156402587890625
Car -1 -1 -10 1176.0 192.0 1223.0 236.0 -1 -1 -1 -1000 -1000 -1000 -10 0.0015573501586914062
Pedestrian -1 -1 -10 1213.0 180.0 1224.0 229.0 -1 -1 -1 -1000 -1000 -1000 -10 0.0015239715576171875
Pedestrian -1 -1 -10 993.0 177.0 1127.0 333.0 -1 -1 -1 -1000 -1000 -1000 -10 0.0014972686767578125
Car -1 -1 -10 966.0 182.0 1082.0 224.0 -1 -1 -1 -1000 -1000 -1000 -10 0.001438140869140625
Pedestrian -1 -1 -10 0.0 130.0 21.0 231.0 -1 -1 -1 -1000 -1000 -1000 -10 0.0013647079467773438
Car -1 -1 -10 602.0 175.0 636.0 206.0 -1 -1 -1 -1000 -1000 -1000 -10 0.0013113021850585938
Pedestrian -1 -1 -10 327.0 167.0 361.0 233.0 -1 -1 -1 -1000 -1000 -1000 -10 0.0012989044189453125
Pedestrian -1 -1 -10 208.0 153.0 262.0 236.0 -1 -1 -1 -1000 -1000 -1000 -10 0.0012731552124023438
Pedestrian -1 -1 -10 1183.0 173.0 1206.0 215.0 -1 -1 -1 -1000 -1000 -1000 -10 0.0011997222900390625
Pedestrian -1 -1 -10 283.0 171.0 303.0 230.0 -1 -1 -1 -1000 -1000 -1000 -10 0.0011873245239257812
Pedestrian -1 -1 -10 1.0 144.0 49.0 250.0 -1 -1 -1 -1000 -1000 -1000 -10 0.001171112060546875
Pedestrian -1 -1 -10 255.0 155.0 280.0 214.0 -1 -1 -1 -1000 -1000 -1000 -10 0.0011539459228515625
Pedestrian -1 -1 -10 1002.0 175.0 1072.0 313.0 -1 -1 -1 -1000 -1000 -1000 -10 0.00115203857421875
Pedestrian -1 -1 -10 354.0 164.0 386.0 240.0 -1 -1 -1 -1000 -1000 -1000 -10 0.00110626220703125
Pedestrian -1 -1 -10 976.0 173.0 1054.0 262.0 -1 -1 -1 -1000 -1000 -1000 -10 0.00102996826171875
Pedestrian -1 -1 -10 223.0 154.0 249.0 221.0 -1 -1 -1 -1000 -1000 -1000 -10 0.0009632110595703125
Pedestrian -1 -1 -10 1170.0 188.0 1219.0 229.0 -1 -1 -1 -1000 -1000 -1000 -10 0.00093841552734375
Pedestrian -1 -1 -10 176.0 156.0 192.0 203.0 -1 -1 -1 -1000 -1000 -1000 -10 0.0009250640869140625
Car -1 -1 -10 1028.0 171.0 1147.0 251.0 -1 -1 -1 -1000 -1000 -1000 -10 0.0009160041809082031
Car -1 -1 -10 984.0 179.0 1076.0 236.0 -1 -1 -1 -1000 -1000 -1000 -10 0.0008716583251953125
Pedestrian -1 -1 -10 1.0 138.0 29.0 246.0 -1 -1 -1 -1000 -1000 -1000 -10 0.0008473396301269531
Pedestrian -1 -1 -10 3.0 148.0 58.0 248.0 -1 -1 -1 -1000 -1000 -1000 -10 0.0008368492126464844
Pedestrian -1 -1 -10 1204.0 165.0 1224.0 308.0 -1 -1 -1 -1000 -1000 -1000 -10 0.0008344650268554688
Pedestrian -1 -1 -10 2.0 145.0 47.0 234.0 -1 -1 -1 -1000 -1000 -1000 -10 0.0008211135864257812
Pedestrian -1 -1 -10 1184.0 165.0 1211.0 225.0 -1 -1 -1 -1000 -1000 -1000 -10 0.0008196830749511719
Pedestrian -1 -1 -10 263.0 170.0 288.0 232.0 -1 -1 -1 -1000 -1000 -1000 -10 0.0008187294006347656
Cyclist -1 -1 -10 529.0 163.0 542.0 189.0 -1 -1 -1 -1000 -1000 -1000 -10 0.0007944107055664062
Pedestrian -1 -1 -10 579.0 149.0 696.0 284.0 -1 -1 -1 -1000 -1000 -1000 -10 0.0007905960083007812
Pedestrian -1 -1 -10 1.0 139.0 42.0 248.0 -1 -1 -1 -1000 -1000 -1000 -10 0.0007610321044921875
Pedestrian -1 -1 -10 190.0 158.0 203.0 204.0 -1 -1 -1 -1000 -1000 -1000 -10 0.0007519721984863281
Pedestrian -1 -1 -10 307.0 166.0 330.0 237.0 -1 -1 -1 -1000 -1000 -1000 -10 0.0007176399230957031
Pedestrian -1 -1 -10 232.0 155.0 253.0 229.0 -1 -1 -1 -1000 -1000 -1000 -10 0.0007176399230957031
Car -1 -1 -10 1174.0 172.0 1224.0 227.0 -1 -1 -1 -1000 -1000 -1000 -10 0.0007138252258300781
Pedestrian -1 -1 -10 175.0 159.0 190.0 203.0 -1 -1 -1 -1000 -1000 -1000 -10 0.0006995201110839844
Pedestrian -1 -1 -10 0.0 145.0 27.0 275.0 -1 -1 -1 -1000 -1000 -1000 -10 0.0006895065307617188
Pedestrian -1 -1 -10 1.0 128.0 27.0 232.0 -1 -1 -1 -1000 -1000 -1000 -10 0.0006856918334960938
Pedestrian -1 -1 -10 322.0 163.0 362.0 253.0 -1 -1 -1 -1000 -1000 -1000 -10 0.0006847381591796875
Car -1 -1 -10 601.0 168.0 637.0 204.0 -1 -1 -1 -1000 -1000 -1000 -10 0.0006690025329589844
Pedestrian -1 -1 -10 602.0 150.0 711.0 284.0 -1 -1 -1 -1000 -1000 -1000 -10 0.0006666183471679688
Car -1 -1 -10 1170.0 187.0 1219.0 230.0 -1 -1 -1 -1000 -1000 -1000 -10 0.0006647109985351562
Pedestrian -1 -1 -10 380.0 158.0 418.0 226.0 -1 -1 -1 -1000 -1000 -1000 -10 0.0006556510925292969
Pedestrian -1 -1 -10 188.0 152.0 210.0 203.0 -1 -1 -1 -1000 -1000 -1000 -10 0.0006351470947265625
Pedestrian -1 -1 -10 379.0 167.0 420.0 233.0 -1 -1 -1 -1000 -1000 -1000 -10 0.0006337165832519531
Car -1 -1 -10 1070.0 155.0 1224.0 278.0 -1 -1 -1 -1000 -1000 -1000 -10 0.0006165504455566406
Cyclist -1 -1 -10 528.0 163.0 539.0 190.0 -1 -1 -1 -1000 -1000 -1000 -10 0.0006074905395507812
Pedestrian -1 -1 -10 1207.0 189.0 1224.0 370.0 -1 -1 -1 -1000 -1000 -1000 -10 0.0006051063537597656
Pedestrian -1 -1 -10 1184.0 160.0 1224.0 370.0 -1 -1 -1 -1000 -1000 -1000 -10 0.0006051063537597656
Pedestrian -1 -1 -10 1.0 128.0 41.0 235.0 -1 -1 -1 -1000 -1000 -1000 -10 0.0005917549133300781
Pedestrian -1 -1 -10 262.0 152.0 285.0 204.0 -1 -1 -1 -1000 -1000 -1000 -10 0.0005826950073242188
Car -1 -1 -10 1055.0 181.0 1162.0 225.0 -1 -1 -1 -1000 -1000 -1000 -10 0.0005803108215332031
Pedestrian -1 -1 -10 1027.0 172.0 1087.0 310.0 -1 -1 -1 -1000 -1000 -1000 -10 0.0005555152893066406
Pedestrian -1 -1 -10 1188.0 155.0 1213.0 210.0 -1 -1 -1 -1000 -1000 -1000 -10 0.0005464553833007812
Car -1 -1 -10 943.0 183.0 1041.0 226.0 -1 -1 -1 -1000 -1000 -1000 -10 0.0005421638488769531
Car -1 -1 -10 1132.0 175.0 1223.0 242.0 -1 -1 -1 -1000 -1000 -1000 -10 0.0005402565002441406
Pedestrian -1 -1 -10 0.0 149.0 20.0 309.0 -1 -1 -1 -1000 -1000 -1000 -10 0.0005364418029785156
Pedestrian -1 -1 -10 1.0 147.0 34.0 249.0 -1 -1 -1 -1000 -1000 -1000 -10 0.0005288124084472656
Pedestrian -1 -1 -10 1.0 143.0 32.0 236.0 -1 -1 -1 -1000 -1000 -1000 -10 0.0005288124084472656
Pedestrian -1 -1 -10 0.0 150.0 15.0 267.0 -1 -1 -1 -1000 -1000 -1000 -10 0.0005254745483398438
Pedestrian -1 -1 -10 970.0 162.0 1046.0 287.0 -1 -1 -1 -1000 -1000 -1000 -10 0.0005121231079101562
Car -1 -1 -10 1118.0 185.0 1222.0 232.0 -1 -1 -1 -1000 -1000 -1000 -10 0.00049591064453125
Pedestrian -1 -1 -10 1.0 149.0 31.0 264.0 -1 -1 -1 -1000 -1000 -1000 -10 0.0004818439483642578
Pedestrian -1 -1 -10 1186.0 170.0 1211.0 218.0 -1 -1 -1 -1000 -1000 -1000 -10 0.00047397613525390625
Pedestrian -1 -1 -10 257.0 160.0 281.0 221.0 -1 -1 -1 -1000 -1000 -1000 -10 0.000461578369140625
Pedestrian -1 -1 -10 1183.0 160.0 1204.0 209.0 -1 -1 -1 -1000 -1000 -1000 -10 0.00045013427734375
Pedestrian -1 -1 -10 1197.0 155.0 1221.0 212.0 -1 -1 -1 -1000 -1000 -1000 -10 0.0004391670227050781
Pedestrian -1 -1 -10 180.0 159.0 194.0 203.0 -1 -1 -1 -1000 -1000 -1000 -10 0.00043010711669921875
Pedestrian -1 -1 -10 397.0 163.0 434.0 234.0 -1 -1 -1 -1000 -1000 -1000 -10 0.0004267692565917969
Pedestrian -1 -1 -10 216.0 159.0 241.0 222.0 -1 -1 -1 -1000 -1000 -1000 -10 0.0004227161407470703
Pedestrian -1 -1 -10 375.0 165.0 414.0 230.0 -1 -1 -1 -1000 -1000 -1000 -10 0.00041556358337402344
Pedestrian -1 -1 -10 363.0 162.0 393.0 225.0 -1 -1 -1 -1000 -1000 -1000 -10 0.00040411949157714844
Pedestrian -1 -1 -10 953.0 160.0 1072.0 334.0 -1 -1 -1 -1000 -1000 -1000 -10 0.00040340423583984375
Pedestrian -1 -1 -10 1.0 142.0 43.0 276.0 -1 -1 -1 -1000 -1000 -1000 -10 0.0003941059112548828
Car -1 -1 -10 1025.0 149.0 1221.0 274.0 -1 -1 -1 -1000 -1000 -1000 -10 0.0003871917724609375
Car -1 -1 -10 959.0 175.0 1070.0 225.0 -1 -1 -1 -1000 -1000 -1000 -10 0.0003838539123535156
Pedestrian -1 -1 -10 959.0 158.0 1032.0 319.0 -1 -1 -1 -1000 -1000 -1000 -10 0.0003829002380371094
Car -1 -1 -10 597.0 166.0 637.0 200.0 -1 -1 -1 -1000 -1000 -1000 -10 0.0003788471221923828
Pedestrian -1 -1 -10 0.0 132.0 14.0 228.0 -1 -1 -1 -1000 -1000 -1000 -10 0.00037217140197753906
Pedestrian -1 -1 -10 350.0 143.0 481.0 263.0 -1 -1 -1 -1000 -1000 -1000 -10 0.0003719329833984375
Pedestrian -1 -1 -10 321.0 170.0 354.0 235.0 -1 -1 -1 -1000 -1000 -1000 -10 0.0003681182861328125
Car -1 -1 -10 1040.0 179.0 1150.0 220.0 -1 -1 -1 -1000 -1000 -1000 -10 0.0003650188446044922
Pedestrian -1 -1 -10 594.0 154.0 649.0 249.0 -1 -1 -1 -1000 -1000 -1000 -10 0.00035071372985839844
Pedestrian -1 -1 -10 1213.0 165.0 1223.0 227.0 -1 -1 -1 -1000 -1000 -1000 -10 0.00034546852111816406
Pedestrian -1 -1 -10 177.0 149.0 191.0 192.0 -1 -1 -1 -1000 -1000 -1000 -10 0.00033926963806152344
Car -1 -1 -10 1072.0 186.0 1119.0 223.0 -1 -1 -1 -1000 -1000 -1000 -10 0.00032591819763183594
Pedestrian -1 -1 -10 317.0 143.0 462.0 263.0 -1 -1 -1 -1000 -1000 -1000 -10 0.000324249267578125
Pedestrian -1 -1 -10 388.0 165.0 426.0 227.0 -1 -1 -1 -1000 -1000 -1000 -10 0.0003197193145751953
Pedestrian -1 -1 -10 183.0 153.0 208.0 206.0 -1 -1 -1 -1000 -1000 -1000 -10 0.00031638145446777344
Pedestrian -1 -1 -10 1213.0 182.0 1223.0 296.0 -1 -1 -1 -1000 -1000 -1000 -10 0.00031566619873046875
Pedestrian -1 -1 -10 1190.0 155.0 1220.0 210.0 -1 -1 -1 -1000 -1000 -1000 -10 0.0003070831298828125
Car -1 -1 -10 977.0 180.0 1056.0 232.0 -1 -1 -1 -1000 -1000 -1000 -10 0.0003027915954589844
Pedestrian -1 -1 -10 178.0 152.0 206.0 198.0 -1 -1 -1 -1000 -1000 -1000 -10 0.00029540061950683594
Pedestrian -1 -1 -10 1190.0 159.0 1213.0 205.0 -1 -1 -1 -1000 -1000 -1000 -10 0.00028634071350097656
Pedestrian -1 -1 -10 1213.0 186.0 1224.0 264.0 -1 -1 -1 -1000 -1000 -1000 -10 0.0002856254577636719
Pedestrian -1 -1 -10 266.0 151.0 292.0 194.0 -1 -1 -1 -1000 -1000 -1000 -10 0.0002777576446533203
Pedestrian -1 -1 -10 0.0 161.0 20.0 350.0 -1 -1 -1 -1000 -1000 -1000 -10 0.0002665519714355469
Pedestrian -1 -1 -10 265.0 150.0 292.0 207.0 -1 -1 -1 -1000 -1000 -1000 -10 0.0002601146697998047
Pedestrian -1 -1 -10 0.0 142.0 15.0 237.0 -1 -1 -1 -1000 -1000 -1000 -10 0.0002593994140625
Pedestrian -1 -1 -10 1.0 111.0 20.0 220.0 -1 -1 -1 -1000 -1000 -1000 -10 0.00025153160095214844
Pedestrian -1 -1 -10 1213.0 192.0 1224.0 312.0 -1 -1 -1 -1000 -1000 -1000 -10 0.0002484321594238281
Pedestrian -1 -1 -10 1188.0 159.0 1216.0 210.0 -1 -1 -1 -1000 -1000 -1000 -10 0.00024700164794921875
Pedestrian -1 -1 -10 1017.0 186.0 1082.0 321.0 -1 -1 -1 -1000 -1000 -1000 -10 0.0002448558807373047
Pedestrian -1 -1 -10 0.0 149.0 25.0 309.0 -1 -1 -1 -1000 -1000 -1000 -10 0.00024187564849853516
Pedestrian -1 -1 -10 1202.0 173.0 1224.0 370.0 -1 -1 -1 -1000 -1000 -1000 -10 0.00023102760314941406
Pedestrian -1 -1 -10 271.0 138.0 416.0 247.0 -1 -1 -1 -1000 -1000 -1000 -10 0.0002281665802001953
Pedestrian -1 -1 -10 378.0 157.0 435.0 240.0 -1 -1 -1 -1000 -1000 -1000 -10 0.00022614002227783203
Pedestrian -1 -1 -10 233.0 145.0 378.0 254.0 -1 -1 -1 -1000 -1000 -1000 -10 0.00022399425506591797
Pedestrian -1 -1 -10 969.0 161.0 1094.0 335.0 -1 -1 -1 -1000 -1000 -1000 -10 0.0002206563949584961
Pedestrian -1 -1 -10 1214.0 171.0 1224.0 219.0 -1 -1 -1 -1000 -1000 -1000 -10 0.00021791458129882812
Car -1 -1 -10 996.0 134.0 1178.0 287.0 -1 -1 -1 -1000 -1000 -1000 -10 0.00021767616271972656
Pedestrian -1 -1 -10 182.0 149.0 194.0 188.0 -1 -1 -1 -1000 -1000 -1000 -10 0.0002130270004272461
Pedestrian -1 -1 -10 210.0 156.0 225.0 201.0 -1 -1 -1 -1000 -1000 -1000 -10 0.00020956993103027344
Car -1 -1 -10 1003.0 181.0 1089.0 238.0 -1 -1 -1 -1000 -1000 -1000 -10 0.00020885467529296875
Pedestrian -1 -1 -10 0.0 123.0 13.0 218.0 -1 -1 -1 -1000 -1000 -1000 -10 0.0002028942108154297
Pedestrian -1 -1 -10 1190.0 147.0 1212.0 209.0 -1 -1 -1 -1000 -1000 -1000 -10 0.000202178955078125
Pedestrian -1 -1 -10 204.0 151.0 221.0 189.0 -1 -1 -1 -1000 -1000 -1000 -10 0.0001989603042602539
Pedestrian -1 -1 -10 234.0 138.0 381.0 239.0 -1 -1 -1 -1000 -1000 -1000 -10 0.0001951456069946289
Pedestrian -1 -1 -10 0.0 158.0 16.0 259.0 -1 -1 -1 -1000 -1000 -1000 -10 0.00019443035125732422
Car -1 -1 -10 993.0 182.0 1100.0 225.0 -1 -1 -1 -1000 -1000 -1000 -10 0.00019061565399169922
Car -1 -1 -10 1162.0 197.0 1224.0 234.0 -1 -1 -1 -1000 -1000 -1000 -10 0.00018656253814697266
Car -1 -1 -10 967.0 185.0 1046.0 240.0 -1 -1 -1 -1000 -1000 -1000 -10 0.00018477439880371094
Pedestrian -1 -1 -10 1191.0 163.0 1220.0 226.0 -1 -1 -1 -1000 -1000 -1000 -10 0.00017893314361572266
Pedestrian -1 -1 -10 970.0 176.0 1036.0 307.0 -1 -1 -1 -1000 -1000 -1000 -10 0.00017344951629638672
Pedestrian -1 -1 -10 1180.0 147.0 1203.0 207.0 -1 -1 -1 -1000 -1000 -1000 -10 0.00017011165618896484
Pedestrian -1 -1 -10 2.0 154.0 46.0 256.0 -1 -1 -1 -1000 -1000 -1000 -10 0.00016617774963378906
Pedestrian -1 -1 -10 629.0 163.0 676.0 281.0 -1 -1 -1 -1000 -1000 -1000 -10 0.0001633167266845703
Car -1 -1 -10 993.0 181.0 1068.0 234.0 -1 -1 -1 -1000 -1000 -1000 -10 0.0001628398895263672
Pedestrian -1 -1 -10 1173.0 160.0 1224.0 370.0 -1 -1 -1 -1000 -1000 -1000 -10 0.00016045570373535156
Car -1 -1 -10 1183.0 184.0 1223.0 260.0 -1 -1 -1 -1000 -1000 -1000 -10 0.00015461444854736328
Car -1 -1 -10 935.0 157.0 1086.0 252.0 -1 -1 -1 -1000 -1000 -1000 -10 0.00015425682067871094
Cyclist -1 -1 -10 734.0 4.0 797.0 45.0 -1 -1 -1 -1000 -1000 -1000 -10 0.00015306472778320312
Cyclist -1 -1 -10 532.0 162.0 546.0 187.0 -1 -1 -1 -1000 -1000 -1000 -10 0.0001500844955444336
Pedestrian -1 -1 -10 1213.0 199.0 1224.0 250.0 -1 -1 -1 -1000 -1000 -1000 -10 0.00014722347259521484
Pedestrian -1 -1 -10 182.0 156.0 208.0 200.0 -1 -1 -1 -1000 -1000 -1000 -10 0.00014412403106689453
Pedestrian -1 -1 -10 230.0 158.0 255.0 233.0 -1 -1 -1 -1000 -1000 -1000 -10 0.00014066696166992188
Pedestrian -1 -1 -10 963.0 172.0 1053.0 278.0 -1 -1 -1 -1000 -1000 -1000 -10 0.00013697147369384766
Pedestrian -1 -1 -10 198.0 141.0 346.0 254.0 -1 -1 -1 -1000 -1000 -1000 -10 0.0001361370086669922
Pedestrian -1 -1 -10 0.0 137.0 56.0 260.0 -1 -1 -1 -1000 -1000 -1000 -10 0.00013434886932373047
Pedestrian -1 -1 -10 0.0 153.0 17.0 246.0 -1 -1 -1 -1000 -1000 -1000 -10 0.00013399124145507812
Pedestrian -1 -1 -10 371.0 167.0 410.0 232.0 -1 -1 -1 -1000 -1000 -1000 -10 0.00013017654418945312
Pedestrian -1 -1 -10 1.0 106.0 26.0 225.0 -1 -1 -1 -1000 -1000 -1000 -10 0.00012969970703125
Pedestrian -1 -1 -10 1.0 123.0 25.0 216.0 -1 -1 -1 -1000 -1000 -1000 -10 0.00012791156768798828
Pedestrian -1 -1 -10 1099.0 181.0 1154.0 221.0 -1 -1 -1 -1000 -1000 -1000 -10 0.00012302398681640625
Pedestrian -1 -1 -10 1214.0 159.0 1224.0 212.0 -1 -1 -1 -1000 -1000 -1000 -10 0.00012034177780151367
Pedestrian -1 -1 -10 366.0 161.0 392.0 212.0 -1 -1 -1 -1000 -1000 -1000 -10 0.00012010335922241211
Pedestrian -1 -1 -10 3.0 133.0 57.0 223.0 -1 -1 -1 -1000 -1000 -1000 -10 0.00011801719665527344
Pedestrian -1 -1 -10 1191.0 147.0 1218.0 207.0 -1 -1 -1 -1000 -1000 -1000 -10 0.0001163482666015625
Pedestrian -1 -1 -10 633.0 156.0 674.0 249.0 -1 -1 -1 -1000 -1000 -1000 -10 0.00011479854583740234
Pedestrian -1 -1 -10 0.0 141.0 41.0 320.0 -1 -1 -1 -1000 -1000 -1000 -10 0.00011408329010009766
Pedestrian -1 -1 -10 616.0 154.0 653.0 272.0 -1 -1 -1 -1000 -1000 -1000 -10 0.00011020898818969727
Pedestrian -1 -1 -10 1160.0 169.0 1224.0 275.0 -1 -1 -1 -1000 -1000 -1000 -10 0.00011020898818969727
Pedestrian -1 -1 -10 627.0 153.0 675.0 257.0 -1 -1 -1 -1000 -1000 -1000 -10 0.00010836124420166016
Pedestrian -1 -1 -10 175.0 152.0 195.0 200.0 -1 -1 -1 -1000 -1000 -1000 -10 0.00010699033737182617
Pedestrian -1 -1 -10 1187.0 145.0 1214.0 192.0 -1 -1 -1 -1000 -1000 -1000 -10 0.00010579824447631836
Pedestrian -1 -1 -10 1.0 164.0 27.0 267.0 -1 -1 -1 -1000 -1000 -1000 -10 0.00010532140731811523
Pedestrian -1 -1 -10 1195.0 193.0 1223.0 370.0 -1 -1 -1 -1000 -1000 -1000 -10 0.00010442733764648438
Pedestrian -1 -1 -10 1180.0 181.0 1224.0 264.0 -1 -1 -1 -1000 -1000 -1000 -10 0.00010436773300170898
Pedestrian -1 -1 -10 262.0 152.0 294.0 193.0 -1 -1 -1 -1000 -1000 -1000 -10 0.00010418891906738281
Cyclist -1 -1 -10 531.0 168.0 540.0 192.0 -1 -1 -1 -1000 -1000 -1000 -10 0.0001035928726196289
Pedestrian -1 -1 -10 1211.0 192.0 1224.0 259.0 -1 -1 -1 -1000 -1000 -1000 -10 0.00010275840759277344
Pedestrian -1 -1 -10 0.0 152.0 34.0 361.0 -1 -1 -1 -1000 -1000 -1000 -10 0.00010114908218383789
