Car -1 -1 -10 556.0 173.0 619.0 236.0 -1 -1 -1 -1000 -1000 -1000 -10 0.9658203125
Car -1 -1 -10 11.0 169.0 85.0 205.0 -1 -1 -1 -1000 -1000 -1000 -10 0.904296875
Cyclist -1 -1 -10 778.0 177.0 794.0 210.0 -1 -1 -1 -1000 -1000 -1000 -10 0.86962890625
Cyclist -1 -1 -10 780.0 175.0 796.0 209.0 -1 -1 -1 -1000 -1000 -1000 -10 0.46435546875
Car -1 -1 -10 530.0 163.0 549.0 188.0 -1 -1 -1 -1000 -1000 -1000 -10 0.44091796875
Car -1 -1 -10 0.0 172.0 23.0 206.0 -1 -1 -1 -1000 -1000 -1000 -10 0.4150390625
Car -1 -1 -10 2.0 171.0 72.0 207.0 -1 -1 -1 -1000 -1000 -1000 -10 0.176025390625
Car -1 -1 -10 0.0 170.0 19.0 207.0 -1 -1 -1 -1000 -1000 -1000 -10 0.136474609375
Car -1 -1 -10 337.0 177.0 368.0 193.0 -1 -1 -1 -1000 -1000 -1000 -10 0.1219482421875
Car -1 -1 -10 0.0 174.0 41.0 204.0 -1 -1 -1 -1000 -1000 -1000 -10 0.049957275390625
Car -1 -1 -10 176.0 180.0 223.0 204.0 -1 -1 -1 -1000 -1000 -1000 -10 0.03204345703125
Car -1 -1 -10 0.0 177.0 18.0 210.0 -1 -1 -1 -1000 -1000 -1000 -10 0.0173797607421875
Car -1 -1 -10 1.0 176.0 23.0 211.0 -1 -1 -1 -1000 -1000 -1000 -10 0.0147705078125
Car -1 -1 -10 174.0 177.0 226.0 202.0 -1 -1 -1 -1000 -1000 -1000 -10 0.01016998291015625
Car -1 -1 -10 0.0 169.0 26.0 208.0 -1 -1 -1 -1000 -1000 -1000 -10 0.00855255126953125
Cyclist -1 -1 -10 742.0 179.0 752.0 203.0 -1 -1 -1 -1000 -1000 -1000 -10 0.005214691162109375
Car -1 -1 -10 178.0 182.0 223.0 206.0 -1 -1 -1 -1000 -1000 -1000 -10 0.005008697509765625
Car -1 -1 -10 14.0 163.0 93.0 200.0 -1 -1 -1 -1000 -1000 -1000 -10 0.003253936767578125
Car -1 -1 -10 0.0 165.0 14.0 197.0 -1 -1 -1 -1000 -1000 -1000 -10 0.0032196044921875
Cyclist -1 -1 -10 777.0 176.0 796.0 210.0 -1 -1 -1 -1000 -1000 -1000 -10 0.0029201507568359375
Car -1 -1 -10 171.0 175.0 224.0 200.0 -1 -1 -1 -1000 -1000 -1000 -10 0.0029163360595703125
Car -1 -1 -10 531.0 166.0 550.0 191.0 -1 -1 -1 -1000 -1000 -1000 -10 0.0023899078369140625
Car -1 -1 -10 166.0 180.0 219.0 205.0 -1 -1 -1 -1000 -1000 -1000 -10 0.0022449493408203125
Car -1 -1 -10 183.0 179.0 226.0 204.0 -1 -1 -1 -1000 -1000 -1000 -10 0.0021877288818359375
Cyclist -1 -1 -10 783.0 177.0 801.0 207.0 -1 -1 -1 -1000 -1000 -1000 -10 0.001922607421875
Car -1 -1 -10 684.0 94.0 698.0 108.0 -1 -1 -1 -1000 -1000 -1000 -10 0.0016202926635742188
Car -1 -1 -10 179.0 174.0 232.0 198.0 -1 -1 -1 -1000 -1000 -1000 -10 0.0012636184692382812
Car -1 -1 -10 681.0 93.0 699.0 108.0 -1 -1 -1 -1000 -1000 -1000 -10 0.00122833251953125
Cyclist -1 -1 -10 739.0 179.0 749.0 200.0 -1 -1 -1 -1000 -1000 -1000 -10 0.0011949539184570312
Cyclist -1 -1 -10 778.0 172.0 798.0 212.0 -1 -1 -1 -1000 -1000 -1000 -10 0.0011873245239257812
Cyclist -1 -1 -10 741.0 179.0 752.0 206.0 -1 -1 -1 -1000 -1000 -1000 -10 0.0011653900146484375
Car -1 -1 -10 6.0 153.0 91.0 213.0 -1 -1 -1 -1000 -1000 -1000 -10 0.0011510848999023438
Car -1 -1 -10 0.0 166.0 25.0 197.0 -1 -1 -1 -1000 -1000 -1000 -10 0.0011014938354492188
Car -1 -1 -10 5.0 159.0 93.0 222.0 -1 -1 -1 -1000 -1000 -1000 -10 0.0010004043579101562
Car -1 -1 -10 513.0 153.0 638.0 261.0 -1 -1 -1 -1000 -1000 -1000 -10 0.0009274482727050781
Cyclist -1 -1 -10 739.0 177.0 750.0 204.0 -1 -1 -1 -1000 -1000 -1000 -10 0.0008425712585449219
Car -1 -1 -10 564.0 173.0 618.0 228.0 -1 -1 -1 -1000 -1000 -1000 -10 0.0008215904235839844
Car -1 -1 -10 561.0 174.0 613.0 235.0 -1 -1 -1 -1000 -1000 -1000 -10 0.0007305145263671875
Car -1 -1 -10 527.0 162.0 548.0 188.0 -1 -1 -1 -1000 -1000 -1000 -10 0.0006961822509765625
Car -1 -1 -10 0.0 175.0 16.0 227.0 -1 -1 -1 -1000 -1000 -1000 -10 0.0006661415100097656
Cyclist -1 -1 -10 745.0 178.0 755.0 203.0 -1 -1 -1 -1000 -1000 -1000 -10 0.0006160736083984375
Car -1 -1 -10 2.0 179.0 39.0 209.0 -1 -1 -1 -1000 -1000 -1000 -10 0.0005674362182617188
Car -1 -1 -10 527.0 150.0 664.0 262.0 -1 -1 -1 -1000 -1000 -1000 -10 0.0005064010620117188
Cyclist -1 -1 -10 743.0 180.0 754.0 207.0 -1 -1 -1 -1000 -1000 -1000 -10 0.0005064010620117188
Car -1 -1 -10 0.0 154.0 18.0 193.0 -1 -1 -1 -1000 -1000 -1000 -10 0.00044798851013183594
Car -1 -1 -10 171.0 171.0 230.0 203.0 -1 -1 -1 -1000 -1000 -1000 -10 0.0004093647003173828
Cyclist -1 -1 -10 779.0 182.0 792.0 215.0 -1 -1 -1 -1000 -1000 -1000 -10 0.00040340423583984375
Car -1 -1 -10 531.0 154.0 657.0 247.0 -1 -1 -1 -1000 -1000 -1000 -10 0.0003771781921386719
Car -1 -1 -10 0.0 113.0 137.0 237.0 -1 -1 -1 -1000 -1000 -1000 -10 0.0003361701965332031
Car -1 -1 -10 13.0 177.0 81.0 209.0 -1 -1 -1 -1000 -1000 -1000 -10 0.00033473968505859375
Car -1 -1 -10 157.0 172.0 218.0 199.0 -1 -1 -1 -1000 -1000 -1000 -10 0.00032711029052734375
Car -1 -1 -10 0.0 133.0 142.0 270.0 -1 -1 -1 -1000 -1000 -1000 -10 0.0003216266632080078
Car -1 -1 -10 14.0 168.0 101.0 202.0 -1 -1 -1 -1000 -1000 -1000 -10 0.00028896331787109375
Car -1 -1 -10 171.0 176.0 228.0 207.0 -1 -1 -1 -1000 -1000 -1000 -10 0.0002665519714355469
Car -1 -1 -10 0.0 161.0 77.0 223.0 -1 -1 -1 -1000 -1000 -1000 -10 0.00024962425231933594
Car -1 -1 -10 0.0 156.0 24.0 191.0 -1 -1 -1 -1000 -1000 -1000 -10 0.000209808349609375
Car -1 -1 -10 528.0 165.0 547.0 193.0 -1 -1 -1 -1000 -1000 -1000 -10 0.00020575523376464844
Car -1 -1 -10 181.0 170.0 239.0 201.0 -1 -1 -1 -1000 -1000 -1000 -10 0.00019800662994384766
Cyclist -1 -1 -10 774.0 178.0 787.0 208.0 -1 -1 -1 -1000 -1000 -1000 -10 0.00019228458404541016
Car -1 -1 -10 0.0 176.0 25.0 226.0 -1 -1 -1 -1000 -1000 -1000 -10 0.0001900196075439453
Car -1 -1 -10 0.0 116.0 112.0 237.0 -1 -1 -1 -1000 -1000 -1000 -10 0.00018215179443359375
Cyclist -1 -1 -10 741.0 181.0 751.0 209.0 -1 -1 -1 -1000 -1000 -1000 -10 0.00017917156219482422
Car -1 -1 -10 177.0 177.0 234.0 207.0 -1 -1 -1 -1000 -1000 -1000 -10 0.0001785755157470703
Car -1 -1 -10 187.0 183.0 226.0 208.0 -1 -1 -1 -1000 -1000 -1000 -10 0.00017023086547851562
Car -1 -1 -10 530.0 157.0 552.0 193.0 -1 -1 -1 -1000 -1000 -1000 -10 0.00016832351684570312
Car -1 -1 -10 0.0 150.0 12.0 191.0 -1 -1 -1 -1000 -1000 -1000 -10 0.00016796588897705078
Car -1 -1 -10 0.0 154.0 11.0 187.0 -1 -1 -1 -1000 -1000 -1000 -10 0.00014543533325195312
Car -1 -1 -10 537.0 162.0 554.0 187.0 -1 -1 -1 -1000 -1000 -1000 -10 0.0001436471939086914
Car -1 -1 -10 686.0 95.0 699.0 108.0 -1 -1 -1 -1000 -1000 -1000 -10 0.00014126300811767578
Car -1 -1 -10 775.0 87.0 796.0 115.0 -1 -1 -1 -1000 -1000 -1000 -10 0.00013577938079833984
Car -1 -1 -10 13.0 168.0 94.0 208.0 -1 -1 -1 -1000 -1000 -1000 -10 0.00013053417205810547
Car -1 -1 -10 531.0 159.0 550.0 184.0 -1 -1 -1 -1000 -1000 -1000 -10 0.00012314319610595703
Car -1 -1 -10 338.0 173.0 371.0 190.0 -1 -1 -1 -1000 -1000 -1000 -10 0.00011903047561645508
Car -1 -1 -10 347.0 176.0 373.0 192.0 -1 -1 -1 -1000 -1000 -1000 -10 0.00011777877807617188
Car -1 -1 -10 0.0 179.0 12.0 230.0 -1 -1 -1 -1000 -1000 -1000 -10 0.00011730194091796875
Car -1 -1 -10 772.0 89.0 797.0 114.0 -1 -1 -1 -1000 -1000 -1000 -10 0.00011354684829711914
Car -1 -1 -10 684.0 94.0 702.0 109.0 -1 -1 -1 -1000 -1000 -1000 -10 0.0001080632209777832
Car -1 -1 -10 336.0 174.0 365.0 190.0 -1 -1 -1 -1000 -1000 -1000 -10 0.00010061264038085938
