Car -1 -1 -10 598.0 160.0 628.0 193.0 -1 -1 -1 -1000 -1000 -1000 -10 0.953125
Car -1 -1 -10 335.0 186.0 383.0 213.0 -1 -1 -1 -1000 -1000 -1000 -10 0.94189453125
Cyclist -1 -1 -10 679.0 166.0 693.0 197.0 -1 -1 -1 -1000 -1000 -1000 -10 0.89501953125
Cyclist -1 -1 -10 291.0 184.0 310.0 208.0 -1 -1 -1 -1000 -1000 -1000 -10 0.87646484375
Cyclist -1 -1 -10 289.0 186.0 310.0 211.0 -1 -1 -1 -1000 -1000 -1000 -10 0.0037517547607421875
Car -1 -1 -10 0.0 218.0 18.0 286.0 -1 -1 -1 -1000 -1000 -1000 -10 0.002899169921875
Car -1 -1 -10 0.0 210.0 17.0 282.0 -1 -1 -1 -1000 -1000 -1000 -10 0.0026111602783203125
Car -1 -1 -10 0.0 215.0 14.0 290.0 -1 -1 -1 -1000 -1000 -1000 -10 0.0026035308837890625
Car -1 -1 -10 0.0 206.0 13.0 282.0 -1 -1 -1 -1000 -1000 -1000 -10 0.002407073974609375
Car -1 -1 -10 500.0 180.0 518.0 193.0 -1 -1 -1 -1000 -1000 -1000 -10 0.0020351409912109375
Car -1 -1 -10 0.0 215.0 21.0 291.0 -1 -1 -1 -1000 -1000 -1000 -10 0.0013875961303710938
Cyclist -1 -1 -10 293.0 180.0 309.0 204.0 -1 -1 -1 -1000 -1000 -1000 -10 0.0011053085327148438
Car -1 -1 -10 0.0 215.0 12.0 271.0 -1 -1 -1 -1000 -1000 -1000 -10 0.0010633468627929688
Car -1 -1 -10 0.0 199.0 12.0 271.0 -1 -1 -1 -1000 -1000 -1000 -10 0.0010156631469726562
Car -1 -1 -10 0.0 223.0 13.0 280.0 -1 -1 -1 -1000 -1000 -1000 -10 0.0010137557983398438
Car -1 -1 -10 0.0 218.0 24.0 286.0 -1 -1 -1 -1000 -1000 -1000 -10 0.0009870529174804688
Cyclist -1 -1 -10 681.0 166.0 696.0 197.0 -1 -1 -1 -1000 -1000 -1000 -10 0.0008950233459472656
Cyclist -1 -1 -10 677.0 165.0 696.0 198.0 -1 -1 -1 -1000 -1000 -1000 -10 0.0007433891296386719
Car -1 -1 -10 0.0 222.0 15.0 297.0 -1 -1 -1 -1000 -1000 -1000 -10 0.0007228851318359375
Car -1 -1 -10 0.0 188.0 16.0 272.0 -1 -1 -1 -1000 -1000 -1000 -10 0.0005965232849121094
Car -1 -1 -10 1219.0 191.0 1241.0 329.0 -1 -1 -1 -1000 -1000 -1000 -10 0.0005593299865722656
Car -1 -1 -10 0.0 208.0 11.0 261.0 -1 -1 -1 -1000 -1000 -1000 -10 0.0005397796630859375
Car -1 -1 -10 0.0 189.0 11.0 264.0 -1 -1 -1 -1000 -1000 -1000 -10 0.0005030632019042969
Car -1 -1 -10 0.0 220.0 30.0 292.0 -1 -1 -1 -1000 -1000 -1000 -10 0.0004963874816894531
Cyclist -1 -1 -10 251.0 188.0 266.0 208.0 -1 -1 -1 -1000 -1000 -1000 -10 0.0004811286926269531
Car -1 -1 -10 1.0 215.0 19.0 272.0 -1 -1 -1 -1000 -1000 -1000 -10 0.0004699230194091797
Car -1 -1 -10 334.0 183.0 385.0 216.0 -1 -1 -1 -1000 -1000 -1000 -10 0.0004508495330810547
Car -1 -1 -10 0.0 223.0 20.0 282.0 -1 -1 -1 -1000 -1000 -1000 -10 0.0004506111145019531
Car -1 -1 -10 0.0 200.0 18.0 268.0 -1 -1 -1 -1000 -1000 -1000 -10 0.00044655799865722656
Cyclist -1 -1 -10 679.0 169.0 692.0 198.0 -1 -1 -1 -1000 -1000 -1000 -10 0.0004417896270751953
Car -1 -1 -10 1215.0 183.0 1242.0 338.0 -1 -1 -1 -1000 -1000 -1000 -10 0.0004398822784423828
Cyclist -1 -1 -10 290.0 181.0 311.0 212.0 -1 -1 -1 -1000 -1000 -1000 -10 0.0004305839538574219
Car -1 -1 -10 0.0 224.0 23.0 298.0 -1 -1 -1 -1000 -1000 -1000 -10 0.000392913818359375
Cyclist -1 -1 -10 679.0 161.0 694.0 192.0 -1 -1 -1 -1000 -1000 -1000 -10 0.0003478527069091797
Car -1 -1 -10 0.0 231.0 13.0 288.0 -1 -1 -1 -1000 -1000 -1000 -10 0.00033783912658691406
Car -1 -1 -10 1.0 206.0 29.0 282.0 -1 -1 -1 -1000 -1000 -1000 -10 0.0003371238708496094
Cyclist -1 -1 -10 678.0 166.0 692.0 196.0 -1 -1 -1 -1000 -1000 -1000 -10 0.0003046989440917969
Cyclist -1 -1 -10 249.0 188.0 267.0 210.0 -1 -1 -1 -1000 -1000 -1000 -10 0.0002956390380859375
Car -1 -1 -10 1220.0 177.0 1242.0 308.0 -1 -1 -1 -1000 -1000 -1000 -10 0.0002925395965576172
Car -1 -1 -10 0.0 202.0 32.0 288.0 -1 -1 -1 -1000 -1000 -1000 -10 0.0002818107604980469
Car -1 -1 -10 1208.0 179.0 1242.0 343.0 -1 -1 -1 -1000 -1000 -1000 -10 0.0002608299255371094
Car -1 -1 -10 0.0 200.0 10.0 251.0 -1 -1 -1 -1000 -1000 -1000 -10 0.00024259090423583984
Cyclist -1 -1 -10 250.0 187.0 265.0 206.0 -1 -1 -1 -1000 -1000 -1000 -10 0.00022602081298828125
Car -1 -1 -10 1.0 190.0 18.0 260.0 -1 -1 -1 -1000 -1000 -1000 -10 0.0002193450927734375
Car -1 -1 -10 1.0 207.0 18.0 261.0 -1 -1 -1 -1000 -1000 -1000 -10 0.00021696090698242188
Car -1 -1 -10 1.0 226.0 20.0 309.0 -1 -1 -1 -1000 -1000 -1000 -10 0.00021016597747802734
Car -1 -1 -10 1214.0 168.0 1241.0 319.0 -1 -1 -1 -1000 -1000 -1000 -10 0.0001971721649169922
Car -1 -1 -10 0.0 176.0 24.0 284.0 -1 -1 -1 -1000 -1000 -1000 -10 0.00018274784088134766
Cyclist -1 -1 -10 240.0 188.0 260.0 215.0 -1 -1 -1 -1000 -1000 -1000 -10 0.00018227100372314453
Car -1 -1 -10 1220.0 204.0 1242.0 342.0 -1 -1 -1 -1000 -1000 -1000 -10 0.00017368793487548828
Car -1 -1 -10 1.0 232.0 22.0 290.0 -1 -1 -1 -1000 -1000 -1000 -10 0.00017368793487548828
Car -1 -1 -10 602.0 160.0 630.0 192.0 -1 -1 -1 -1000 -1000 -1000 -10 0.00015735626220703125
Car -1 -1 -10 335.0 189.0 383.0 217.0 -1 -1 -1 -1000 -1000 -1000 -10 0.00014925003051757812
Car -1 -1 -10 0.0 192.0 13.0 261.0 -1 -1 -1 -1000 -1000 -1000 -10 0.0001481771469116211
Car -1 -1 -10 1221.0 170.0 1242.0 281.0 -1 -1 -1 -1000 -1000 -1000 -10 0.00014650821685791016
Car -1 -1 -10 2.0 214.0 36.0 294.0 -1 -1 -1 -1000 -1000 -1000 -10 0.00014078617095947266
Car -1 -1 -10 1227.0 207.0 1242.0 326.0 -1 -1 -1 -1000 -1000 -1000 -10 0.00013589859008789062
Car -1 -1 -10 0.0 191.0 24.0 269.0 -1 -1 -1 -1000 -1000 -1000 -10 0.00013494491577148438
Car -1 -1 -10 1226.0 214.0 1242.0 337.0 -1 -1 -1 -1000 -1000 -1000 -10 0.0001239776611328125
Cyclist -1 -1 -10 287.0 181.0 310.0 215.0 -1 -1 -1 -1000 -1000 -1000 -10 0.0001233816146850586
Car -1 -1 -10 594.0 161.0 625.0 192.0 -1 -1 -1 -1000 -1000 -1000 -10 0.000118255615234375
Car -1 -1 -10 1206.0 163.0 1242.0 321.0 -1 -1 -1 -1000 -1000 -1000 -10 0.00011032819747924805
Car -1 -1 -10 1229.0 183.0 1242.0 267.0 -1 -1 -1 -1000 -1000 -1000 -10 0.00010883808135986328
Car -1 -1 -10 343.0 185.0 387.0 212.0 -1 -1 -1 -1000 -1000 -1000 -10 0.00010693073272705078
Car -1 -1 -10 1228.0 199.0 1242.0 312.0 -1 -1 -1 -1000 -1000 -1000 -10 0.00010335445404052734
Car -1 -1 -10 1.0 226.0 26.0 308.0 -1 -1 -1 -1000 -1000 -1000 -10 0.00010186433792114258
Cyclist -1 -1 -10 233.0 189.0 250.0 215.0 -1 -1 -1 -1000 -1000 -1000 -10 0.0001010894775390625
