Car -1 -1 -10 195.0 194.0 297.0 247.0 -1 -1 -1 -1000 -1000 -1000 -10 0.95947265625
Car -1 -1 -10 390.0 182.0 449.0 219.0 -1 -1 -1 -1000 -1000 -1000 -10 0.951171875
Car -1 -1 -10 507.0 170.0 542.0 201.0 -1 -1 -1 -1000 -1000 -1000 -10 0.94482421875
Car -1 -1 -10 1045.0 141.0 1241.0 247.0 -1 -1 -1 -1000 -1000 -1000 -10 0.935546875
Car -1 -1 -10 436.0 161.0 482.0 198.0 -1 -1 -1 -1000 -1000 -1000 -10 0.9287109375
Car -1 -1 -10 314.0 186.0 383.0 223.0 -1 -1 -1 -1000 -1000 -1000 -10 0.9208984375
Cyclist -1 -1 -10 305.0 176.0 345.0 240.0 -1 -1 -1 -1000 -1000 -1000 -10 0.90625
Car -1 -1 -10 290.0 179.0 351.0 198.0 -1 -1 -1 -1000 -1000 -1000 -10 0.70263671875
Pedestrian -1 -1 -10 471.0 178.0 479.0 198.0 -1 -1 -1 -1000 -1000 -1000 -10 0.615234375
Pedestrian -1 -1 -10 470.0 179.0 479.0 199.0 -1 -1 -1 -1000 -1000 -1000 -10 0.57958984375
Car -1 -1 -10 309.0 182.0 378.0 230.0 -1 -1 -1 -1000 -1000 -1000 -10 0.49462890625
Car -1 -1 -10 302.0 181.0 372.0 232.0 -1 -1 -1 -1000 -1000 -1000 -10 0.463623046875
Pedestrian -1 -1 -10 473.0 177.0 480.0 198.0 -1 -1 -1 -1000 -1000 -1000 -10 0.4599609375
Cyclist -1 -1 -10 299.0 175.0 352.0 237.0 -1 -1 -1 -1000 -1000 -1000 -10 0.4580078125
Car -1 -1 -10 298.0 178.0 347.0 202.0 -1 -1 -1 -1000 -1000 -1000 -10 0.354736328125
Pedestrian -1 -1 -10 464.0 172.0 482.0 198.0 -1 -1 -1 -1000 -1000 -1000 -10 0.322998046875
Car -1 -1 -10 305.0 182.0 358.0 233.0 -1 -1 -1 -1000 -1000 -1000 -10 0.31591796875
Cyclist -1 -1 -10 308.0 184.0 378.0 227.0 -1 -1 -1 -1000 -1000 -1000 -10 0.3125
Cyclist -1 -1 -10 313.0 184.0 382.0 222.0 -1 -1 -1 -1000 -1000 -1000 -10 0.140380859375
Car -1 -1 -10 294.0 178.0 343.0 207.0 -1 -1 -1 -1000 -1000 -1000 -10 0.0958251953125
Car -1 -1 -10 311.0 183.0 362.0 226.0 -1 -1 -1 -1000 -1000 -1000 -10 0.08709716796875
Car -1 -1 -10 294.0 179.0 342.0 198.0 -1 -1 -1 -1000 -1000 -1000 -10 0.07513427734375
Car -1 -1 -10 295.0 180.0 354.0 199.0 -1 -1 -1 -1000 -1000 -1000 -10 0.06597900390625
Car -1 -1 -10 297.0 178.0 346.0 197.0 -1 -1 -1 -1000 -1000 -1000 -10 0.04473876953125
Car -1 -1 -10 287.0 176.0 348.0 199.0 -1 -1 -1 -1000 -1000 -1000 -10 0.039947509765625
Pedestrian -1 -1 -10 447.0 170.0 480.0 198.0 -1 -1 -1 -1000 -1000 -1000 -10 0.036956787109375
Car -1 -1 -10 443.0 170.0 482.0 198.0 -1 -1 -1 -1000 -1000 -1000 -10 0.032379150390625
Car -1 -1 -10 299.0 182.0 362.0 207.0 -1 -1 -1 -1000 -1000 -1000 -10 0.020965576171875
Pedestrian -1 -1 -10 469.0 178.0 480.0 200.0 -1 -1 -1 -1000 -1000 -1000 -10 0.02069091796875
Cyclist -1 -1 -10 315.0 182.0 358.0 226.0 -1 -1 -1 -1000 -1000 -1000 -10 0.0189361572265625
Car -1 -1 -10 986.0 156.0 1015.0 175.0 -1 -1 -1 -1000 -1000 -1000 -10 0.0167388916015625
Pedestrian -1 -1 -10 467.0 176.0 478.0 199.0 -1 -1 -1 -1000 -1000 -1000 -10 0.0131988525390625
Car -1 -1 -10 285.0 181.0 343.0 199.0 -1 -1 -1 -1000 -1000 -1000 -10 0.0118255615234375
Pedestrian -1 -1 -10 471.0 177.0 482.0 198.0 -1 -1 -1 -1000 -1000 -1000 -10 0.00850677490234375
Car -1 -1 -10 321.0 186.0 387.0 217.0 -1 -1 -1 -1000 -1000 -1000 -10 0.00799560546875
Cyclist -1 -1 -10 293.0 175.0 345.0 220.0 -1 -1 -1 -1000 -1000 -1000 -10 0.007389068603515625
Car -1 -1 -10 442.0 161.0 483.0 195.0 -1 -1 -1 -1000 -1000 -1000 -10 0.00727081298828125
Pedestrian -1 -1 -10 439.0 172.0 466.0 199.0 -1 -1 -1 -1000 -1000 -1000 -10 0.0051727294921875
Car -1 -1 -10 459.0 174.0 490.0 196.0 -1 -1 -1 -1000 -1000 -1000 -10 0.004772186279296875
Car -1 -1 -10 282.0 179.0 347.0 196.0 -1 -1 -1 -1000 -1000 -1000 -10 0.00466156005859375
Pedestrian -1 -1 -10 489.0 175.0 505.0 194.0 -1 -1 -1 -1000 -1000 -1000 -10 0.0045318603515625
Car -1 -1 -10 283.0 172.0 357.0 214.0 -1 -1 -1 -1000 -1000 -1000 -10 0.004055023193359375
Car -1 -1 -10 1061.0 141.0 1228.0 239.0 -1 -1 -1 -1000 -1000 -1000 -10 0.0038738250732421875
Pedestrian -1 -1 -10 474.0 169.0 484.0 193.0 -1 -1 -1 -1000 -1000 -1000 -10 0.0035343170166015625
Car -1 -1 -10 307.0 182.0 354.0 205.0 -1 -1 -1 -1000 -1000 -1000 -10 0.00276947021484375
Car -1 -1 -10 300.0 180.0 357.0 198.0 -1 -1 -1 -1000 -1000 -1000 -10 0.00228118896484375
Cyclist -1 -1 -10 305.0 170.0 370.0 239.0 -1 -1 -1 -1000 -1000 -1000 -10 0.002216339111328125
Car -1 -1 -10 507.0 171.0 537.0 200.0 -1 -1 -1 -1000 -1000 -1000 -10 0.0020599365234375
Car -1 -1 -10 0.0 200.0 22.0 313.0 -1 -1 -1 -1000 -1000 -1000 -10 0.0019130706787109375
Car -1 -1 -10 435.0 171.0 477.0 195.0 -1 -1 -1 -1000 -1000 -1000 -10 0.0015401840209960938
Cyclist -1 -1 -10 298.0 166.0 356.0 245.0 -1 -1 -1 -1000 -1000 -1000 -10 0.0014734268188476562
Pedestrian -1 -1 -10 438.0 183.0 449.0 207.0 -1 -1 -1 -1000 -1000 -1000 -10 0.0014410018920898438
Car -1 -1 -10 488.0 174.0 506.0 194.0 -1 -1 -1 -1000 -1000 -1000 -10 0.0014142990112304688
Car -1 -1 -10 0.0 188.0 21.0 304.0 -1 -1 -1 -1000 -1000 -1000 -10 0.0013790130615234375
Car -1 -1 -10 504.0 174.0 539.0 202.0 -1 -1 -1 -1000 -1000 -1000 -10 0.0013151168823242188
Car -1 -1 -10 323.0 186.0 374.0 223.0 -1 -1 -1 -1000 -1000 -1000 -10 0.0011749267578125
Car -1 -1 -10 983.0 155.0 1011.0 175.0 -1 -1 -1 -1000 -1000 -1000 -10 0.0009627342224121094
Pedestrian -1 -1 -10 470.0 183.0 477.0 203.0 -1 -1 -1 -1000 -1000 -1000 -10 0.000926971435546875
Car -1 -1 -10 1219.0 159.0 1242.0 370.0 -1 -1 -1 -1000 -1000 -1000 -10 0.00089263916015625
Car -1 -1 -10 0.0 207.0 22.0 347.0 -1 -1 -1 -1000 -1000 -1000 -10 0.0008912086486816406
Pedestrian -1 -1 -10 436.0 178.0 449.0 203.0 -1 -1 -1 -1000 -1000 -1000 -10 0.0008873939514160156
Car -1 -1 -10 1032.0 134.0 1232.0 239.0 -1 -1 -1 -1000 -1000 -1000 -10 0.0008401870727539062
Car -1 -1 -10 0.0 202.0 17.0 305.0 -1 -1 -1 -1000 -1000 -1000 -10 0.0008273124694824219
Car -1 -1 -10 1223.0 145.0 1242.0 253.0 -1 -1 -1 -1000 -1000 -1000 -10 0.0007948875427246094
Car -1 -1 -10 1214.0 173.0 1242.0 375.0 -1 -1 -1 -1000 -1000 -1000 -10 0.0007882118225097656
Car -1 -1 -10 1215.0 153.0 1241.0 373.0 -1 -1 -1 -1000 -1000 -1000 -10 0.0007381439208984375
Car -1 -1 -10 191.0 187.0 297.0 251.0 -1 -1 -1 -1000 -1000 -1000 -10 0.0007252693176269531
Pedestrian -1 -1 -10 484.0 176.0 497.0 193.0 -1 -1 -1 -1000 -1000 -1000 -10 0.0007023811340332031
Car -1 -1 -10 289.0 173.0 356.0 191.0 -1 -1 -1 -1000 -1000 -1000 -10 0.0006923675537109375
Car -1 -1 -10 392.0 179.0 448.0 215.0 -1 -1 -1 -1000 -1000 -1000 -10 0.0005970001220703125
Car -1 -1 -10 219.0 197.0 268.0 237.0 -1 -1 -1 -1000 -1000 -1000 -10 0.0005712509155273438
Car -1 -1 -10 0.0 193.0 16.0 296.0 -1 -1 -1 -1000 -1000 -1000 -10 0.0005373954772949219
Car -1 -1 -10 211.0 192.0 296.0 234.0 -1 -1 -1 -1000 -1000 -1000 -10 0.0005273818969726562
Car -1 -1 -10 1220.0 139.0 1242.0 230.0 -1 -1 -1 -1000 -1000 -1000 -10 0.0005116462707519531
Pedestrian -1 -1 -10 484.0 172.0 499.0 191.0 -1 -1 -1 -1000 -1000 -1000 -10 0.0004973411560058594
Car -1 -1 -10 388.0 167.0 458.0 234.0 -1 -1 -1 -1000 -1000 -1000 -10 0.0004703998565673828
Car -1 -1 -10 380.0 169.0 451.0 233.0 -1 -1 -1 -1000 -1000 -1000 -10 0.000461578369140625
Pedestrian -1 -1 -10 496.0 175.0 512.0 196.0 -1 -1 -1 -1000 -1000 -1000 -10 0.0004317760467529297
Car -1 -1 -10 0.0 170.0 18.0 287.0 -1 -1 -1 -1000 -1000 -1000 -10 0.0004100799560546875
Car -1 -1 -10 1215.0 143.0 1242.0 257.0 -1 -1 -1 -1000 -1000 -1000 -10 0.0003838539123535156
Car -1 -1 -10 981.0 157.0 1012.0 179.0 -1 -1 -1 -1000 -1000 -1000 -10 0.0003838539123535156
Car -1 -1 -10 0.0 199.0 27.0 320.0 -1 -1 -1 -1000 -1000 -1000 -10 0.0003757476806640625
Car -1 -1 -10 0.0 186.0 14.0 283.0 -1 -1 -1 -1000 -1000 -1000 -10 0.0003745555877685547
Car -1 -1 -10 427.0 151.0 500.0 216.0 -1 -1 -1 -1000 -1000 -1000 -10 0.00037384033203125
Car -1 -1 -10 151.0 168.0 325.0 294.0 -1 -1 -1 -1000 -1000 -1000 -10 0.00036406517028808594
Car -1 -1 -10 0.0 224.0 22.0 372.0 -1 -1 -1 -1000 -1000 -1000 -10 0.0003502368927001953
Car -1 -1 -10 307.0 168.0 383.0 230.0 -1 -1 -1 -1000 -1000 -1000 -10 0.0003342628479003906
Car -1 -1 -10 1223.0 144.0 1242.0 285.0 -1 -1 -1 -1000 -1000 -1000 -10 0.00031256675720214844
Pedestrian -1 -1 -10 444.0 183.0 455.0 206.0 -1 -1 -1 -1000 -1000 -1000 -10 0.00031256675720214844
Car -1 -1 -10 285.0 171.0 349.0 206.0 -1 -1 -1 -1000 -1000 -1000 -10 0.0003037452697753906
Car -1 -1 -10 157.0 154.0 323.0 277.0 -1 -1 -1 -1000 -1000 -1000 -10 0.0003027915954589844
Car -1 -1 -10 1062.0 138.0 1224.0 220.0 -1 -1 -1 -1000 -1000 -1000 -10 0.00028824806213378906
Car -1 -1 -10 289.0 179.0 339.0 195.0 -1 -1 -1 -1000 -1000 -1000 -10 0.000274658203125
Car -1 -1 -10 0.0 212.0 19.0 311.0 -1 -1 -1 -1000 -1000 -1000 -10 0.00027060508728027344
Car -1 -1 -10 1213.0 134.0 1242.0 237.0 -1 -1 -1 -1000 -1000 -1000 -10 0.0002655982971191406
Car -1 -1 -10 380.0 127.0 562.0 261.0 -1 -1 -1 -1000 -1000 -1000 -10 0.0002655982971191406
Car -1 -1 -10 504.0 174.0 530.0 199.0 -1 -1 -1 -1000 -1000 -1000 -10 0.0002651214599609375
Car -1 -1 -10 1203.0 138.0 1242.0 228.0 -1 -1 -1 -1000 -1000 -1000 -10 0.00026488304138183594
Car -1 -1 -10 432.0 146.0 494.0 208.0 -1 -1 -1 -1000 -1000 -1000 -10 0.0002589225769042969
Cyclist -1 -1 -10 289.0 177.0 344.0 240.0 -1 -1 -1 -1000 -1000 -1000 -10 0.0002453327178955078
Car -1 -1 -10 361.0 177.0 403.0 194.0 -1 -1 -1 -1000 -1000 -1000 -10 0.00024211406707763672
Car -1 -1 -10 0.0 182.0 30.0 304.0 -1 -1 -1 -1000 -1000 -1000 -10 0.00023818016052246094
Pedestrian -1 -1 -10 463.0 184.0 471.0 203.0 -1 -1 -1 -1000 -1000 -1000 -10 0.0002357959747314453
Car -1 -1 -10 1220.0 122.0 1242.0 211.0 -1 -1 -1 -1000 -1000 -1000 -10 0.0002315044403076172
Car -1 -1 -10 0.0 186.0 20.0 283.0 -1 -1 -1 -1000 -1000 -1000 -10 0.00022113323211669922
Car -1 -1 -10 0.0 213.0 24.0 310.0 -1 -1 -1 -1000 -1000 -1000 -10 0.0002130270004272461
Cyclist -1 -1 -10 239.0 139.0 394.0 267.0 -1 -1 -1 -1000 -1000 -1000 -10 0.0002110004425048828
Car -1 -1 -10 331.0 186.0 381.0 215.0 -1 -1 -1 -1000 -1000 -1000 -10 0.00021064281463623047
Car -1 -1 -10 462.0 177.0 487.0 197.0 -1 -1 -1 -1000 -1000 -1000 -10 0.0002086162567138672
Car -1 -1 -10 1203.0 146.0 1242.0 250.0 -1 -1 -1 -1000 -1000 -1000 -10 0.00020647048950195312
Car -1 -1 -10 343.0 130.0 515.0 279.0 -1 -1 -1 -1000 -1000 -1000 -10 0.00020623207092285156
Car -1 -1 -10 1226.0 150.0 1242.0 236.0 -1 -1 -1 -1000 -1000 -1000 -10 0.00020241737365722656
Car -1 -1 -10 385.0 107.0 554.0 240.0 -1 -1 -1 -1000 -1000 -1000 -10 0.00019860267639160156
Car -1 -1 -10 314.0 133.0 487.0 278.0 -1 -1 -1 -1000 -1000 -1000 -10 0.00019848346710205078
Car -1 -1 -10 506.0 168.0 543.0 204.0 -1 -1 -1 -1000 -1000 -1000 -10 0.00019693374633789062
Cyclist -1 -1 -10 263.0 133.0 430.0 253.0 -1 -1 -1 -1000 -1000 -1000 -10 0.00019681453704833984
Pedestrian -1 -1 -10 481.0 177.0 497.0 193.0 -1 -1 -1 -1000 -1000 -1000 -10 0.00019657611846923828
Car -1 -1 -10 0.0 217.0 26.0 375.0 -1 -1 -1 -1000 -1000 -1000 -10 0.00018799304962158203
Car -1 -1 -10 1221.0 144.0 1242.0 335.0 -1 -1 -1 -1000 -1000 -1000 -10 0.0001875162124633789
Car -1 -1 -10 1216.0 144.0 1242.0 286.0 -1 -1 -1 -1000 -1000 -1000 -10 0.00018155574798583984
Car -1 -1 -10 508.0 166.0 539.0 198.0 -1 -1 -1 -1000 -1000 -1000 -10 0.00018107891082763672
Pedestrian -1 -1 -10 455.0 166.0 488.0 203.0 -1 -1 -1 -1000 -1000 -1000 -10 0.00017547607421875
Car -1 -1 -10 1021.0 149.0 1219.0 240.0 -1 -1 -1 -1000 -1000 -1000 -10 0.00016772747039794922
Car -1 -1 -10 1228.0 149.0 1242.0 222.0 -1 -1 -1 -1000 -1000 -1000 -10 0.00016319751739501953
Car -1 -1 -10 1204.0 148.0 1240.0 222.0 -1 -1 -1 -1000 -1000 -1000 -10 0.00015842914581298828
Cyclist -1 -1 -10 263.0 137.0 428.0 275.0 -1 -1 -1 -1000 -1000 -1000 -10 0.00015747547149658203
Car -1 -1 -10 1221.0 201.0 1242.0 375.0 -1 -1 -1 -1000 -1000 -1000 -10 0.0001558065414428711
Cyclist -1 -1 -10 292.0 179.0 338.0 236.0 -1 -1 -1 -1000 -1000 -1000 -10 0.00015461444854736328
Car -1 -1 -10 1214.0 159.0 1242.0 248.0 -1 -1 -1 -1000 -1000 -1000 -10 0.0001533031463623047
Car -1 -1 -10 200.0 190.0 296.0 241.0 -1 -1 -1 -1000 -1000 -1000 -10 0.00015270709991455078
Car -1 -1 -10 388.0 163.0 449.0 220.0 -1 -1 -1 -1000 -1000 -1000 -10 0.00015032291412353516
Car -1 -1 -10 205.0 195.0 287.0 245.0 -1 -1 -1 -1000 -1000 -1000 -10 0.00015020370483398438
Car -1 -1 -10 0.0 162.0 24.0 294.0 -1 -1 -1 -1000 -1000 -1000 -10 0.00014865398406982422
Car -1 -1 -10 1217.0 137.0 1242.0 341.0 -1 -1 -1 -1000 -1000 -1000 -10 0.0001474618911743164
Car -1 -1 -10 0.0 178.0 12.0 271.0 -1 -1 -1 -1000 -1000 -1000 -10 0.00014674663543701172
Car -1 -1 -10 0.0 198.0 34.0 363.0 -1 -1 -1 -1000 -1000 -1000 -10 0.00014531612396240234
Car -1 -1 -10 0.0 212.0 16.0 332.0 -1 -1 -1 -1000 -1000 -1000 -10 0.00014495849609375
Car -1 -1 -10 1214.0 145.0 1242.0 226.0 -1 -1 -1 -1000 -1000 -1000 -10 0.0001437664031982422
Car -1 -1 -10 357.0 178.0 400.0 194.0 -1 -1 -1 -1000 -1000 -1000 -10 0.0001399517059326172
Car -1 -1 -10 1214.0 152.0 1242.0 234.0 -1 -1 -1 -1000 -1000 -1000 -10 0.00013816356658935547
Pedestrian -1 -1 -10 473.0 169.0 485.0 193.0 -1 -1 -1 -1000 -1000 -1000 -10 0.00013697147369384766
Car -1 -1 -10 1184.0 142.0 1242.0 231.0 -1 -1 -1 -1000 -1000 -1000 -10 0.0001361370086669922
Car -1 -1 -10 1226.0 156.0 1242.0 252.0 -1 -1 -1 -1000 -1000 -1000 -10 0.00013589859008789062
Car -1 -1 -10 915.0 0.0 1048.0 1.0 -1 -1 -1 -1000 -1000 -1000 -10 0.0001283884048461914
Car -1 -1 -10 1144.0 5.0 1237.0 220.0 -1 -1 -1 -1000 -1000 -1000 -10 0.000125885009765625
Car -1 -1 -10 1074.0 148.0 1224.0 250.0 -1 -1 -1 -1000 -1000 -1000 -10 0.00012159347534179688
Pedestrian -1 -1 -10 436.0 172.0 456.0 196.0 -1 -1 -1 -1000 -1000 -1000 -10 0.00012135505676269531
Car -1 -1 -10 495.0 175.0 512.0 196.0 -1 -1 -1 -1000 -1000 -1000 -10 0.00011640787124633789
Car -1 -1 -10 979.0 157.0 1004.0 177.0 -1 -1 -1 -1000 -1000 -1000 -10 0.00011146068572998047
Car -1 -1 -10 315.0 190.0 377.0 228.0 -1 -1 -1 -1000 -1000 -1000 -10 0.00011134147644042969
Car -1 -1 -10 1146.0 29.0 1236.0 198.0 -1 -1 -1 -1000 -1000 -1000 -10 0.00010842084884643555
Car -1 -1 -10 1213.0 123.0 1242.0 210.0 -1 -1 -1 -1000 -1000 -1000 -10 0.00010752677917480469
Cyclist -1 -1 -10 308.0 185.0 345.0 242.0 -1 -1 -1 -1000 -1000 -1000 -10 0.0001062154769897461
Car -1 -1 -10 354.0 172.0 406.0 194.0 -1 -1 -1 -1000 -1000 -1000 -10 0.00010538101196289062
Pedestrian -1 -1 -10 446.0 0.0 471.0 0.0 -1 -1 -1 -1000 -1000 -1000 -10 0.0001049041748046875
Pedestrian -1 -1 -10 462.0 184.0 473.0 203.0 -1 -1 -1 -1000 -1000 -1000 -10 0.0001042485237121582
Car -1 -1 -10 210.0 194.0 296.0 224.0 -1 -1 -1 -1000 -1000 -1000 -10 0.00010371208190917969
Car -1 -1 -10 0.0 225.0 36.0 375.0 -1 -1 -1 -1000 -1000 -1000 -10 0.00010246038436889648
Car -1 -1 -10 1212.0 112.0 1242.0 224.0 -1 -1 -1 -1000 -1000 -1000 -10 0.00010067224502563477
