Car -1 -1 -10 668.0 171.0 767.0 249.0 -1 -1 -1 -1000 -1000 -1000 -10 0.9609375
Car -1 -1 -10 185.0 181.0 425.0 259.0 -1 -1 -1 -1000 -1000 -1000 -10 0.9462890625
Car -1 -1 -10 135.0 181.0 377.0 267.0 -1 -1 -1 -1000 -1000 -1000 -10 0.93408203125
Car -1 -1 -10 266.0 183.0 441.0 247.0 -1 -1 -1 -1000 -1000 -1000 -10 0.9072265625
Car -1 -1 -10 652.0 179.0 706.0 223.0 -1 -1 -1 -1000 -1000 -1000 -10 0.8994140625
Car -1 -1 -10 649.0 179.0 700.0 220.0 -1 -1 -1 -1000 -1000 -1000 -10 0.8974609375
Car -1 -1 -10 634.0 179.0 666.0 206.0 -1 -1 -1 -1000 -1000 -1000 -10 0.8681640625
Car -1 -1 -10 361.0 167.0 496.0 222.0 -1 -1 -1 -1000 -1000 -1000 -10 0.86767578125
Car -1 -1 -10 346.0 177.0 467.0 232.0 -1 -1 -1 -1000 -1000 -1000 -10 0.83642578125
Car -1 -1 -10 653.0 179.0 714.0 226.0 -1 -1 -1 -1000 -1000 -1000 -10 0.6953125
Car -1 -1 -10 349.0 173.0 482.0 227.0 -1 -1 -1 -1000 -1000 -1000 -10 0.650390625
Car -1 -1 -10 231.0 183.0 440.0 250.0 -1 -1 -1 -1000 -1000 -1000 -10 0.51904296875
Cyclist -1 -1 -10 0.0 167.0 70.0 375.0 -1 -1 -1 -1000 -1000 -1000 -10 0.2161865234375
Car -1 -1 -10 381.0 170.0 500.0 218.0 -1 -1 -1 -1000 -1000 -1000 -10 0.1148681640625
Cyclist -1 -1 -10 1.0 161.0 86.0 375.0 -1 -1 -1 -1000 -1000 -1000 -10 0.1141357421875
Car -1 -1 -10 336.0 183.0 459.0 236.0 -1 -1 -1 -1000 -1000 -1000 -10 0.095458984375
Car -1 -1 -10 286.0 174.0 459.0 242.0 -1 -1 -1 -1000 -1000 -1000 -10 0.08514404296875
Cyclist -1 -1 -10 0.0 177.0 48.0 373.0 -1 -1 -1 -1000 -1000 -1000 -10 0.046875
Car -1 -1 -10 396.0 172.0 503.0 216.0 -1 -1 -1 -1000 -1000 -1000 -10 0.0301361083984375
Car -1 -1 -10 663.0 180.0 721.0 225.0 -1 -1 -1 -1000 -1000 -1000 -10 0.014312744140625
Car -1 -1 -10 660.0 183.0 710.0 226.0 -1 -1 -1 -1000 -1000 -1000 -10 0.00858306884765625
Car -1 -1 -10 263.0 177.0 448.0 238.0 -1 -1 -1 -1000 -1000 -1000 -10 0.00811004638671875
Car -1 -1 -10 352.0 167.0 491.0 232.0 -1 -1 -1 -1000 -1000 -1000 -10 0.007312774658203125
Car -1 -1 -10 371.0 175.0 500.0 225.0 -1 -1 -1 -1000 -1000 -1000 -10 0.00699615478515625
Car -1 -1 -10 639.0 178.0 677.0 215.0 -1 -1 -1 -1000 -1000 -1000 -10 0.006938934326171875
Car -1 -1 -10 296.0 185.0 455.0 242.0 -1 -1 -1 -1000 -1000 -1000 -10 0.004131317138671875
Cyclist -1 -1 -10 2.0 156.0 57.0 342.0 -1 -1 -1 -1000 -1000 -1000 -10 0.00331878662109375
Car -1 -1 -10 340.0 171.0 471.0 235.0 -1 -1 -1 -1000 -1000 -1000 -10 0.003032684326171875
Car -1 -1 -10 153.0 177.0 420.0 254.0 -1 -1 -1 -1000 -1000 -1000 -10 0.0022373199462890625
Car -1 -1 -10 366.0 179.0 489.0 228.0 -1 -1 -1 -1000 -1000 -1000 -10 0.00209808349609375
Cyclist -1 -1 -10 1.0 177.0 110.0 375.0 -1 -1 -1 -1000 -1000 -1000 -10 0.0019931793212890625
Car -1 -1 -10 364.0 179.0 445.0 229.0 -1 -1 -1 -1000 -1000 -1000 -10 0.0017938613891601562
Car -1 -1 -10 668.0 179.0 715.0 221.0 -1 -1 -1 -1000 -1000 -1000 -10 0.0017185211181640625
Car -1 -1 -10 1.0 162.0 58.0 305.0 -1 -1 -1 -1000 -1000 -1000 -10 0.0014934539794921875
Car -1 -1 -10 310.0 181.0 452.0 232.0 -1 -1 -1 -1000 -1000 -1000 -10 0.001415252685546875
Car -1 -1 -10 2.0 160.0 82.0 332.0 -1 -1 -1 -1000 -1000 -1000 -10 0.001033782958984375
Car -1 -1 -10 0.0 179.0 27.0 268.0 -1 -1 -1 -1000 -1000 -1000 -10 0.0009469985961914062
Cyclist -1 -1 -10 0.0 171.0 29.0 306.0 -1 -1 -1 -1000 -1000 -1000 -10 0.0009350776672363281
Car -1 -1 -10 239.0 184.0 384.0 249.0 -1 -1 -1 -1000 -1000 -1000 -10 0.000926971435546875
Cyclist -1 -1 -10 0.0 204.0 38.0 371.0 -1 -1 -1 -1000 -1000 -1000 -10 0.0009098052978515625
Cyclist -1 -1 -10 0.0 152.0 65.0 319.0 -1 -1 -1 -1000 -1000 -1000 -10 0.0008587837219238281
Car -1 -1 -10 650.0 168.0 716.0 231.0 -1 -1 -1 -1000 -1000 -1000 -10 0.0008039474487304688
Car -1 -1 -10 316.0 177.0 464.0 247.0 -1 -1 -1 -1000 -1000 -1000 -10 0.0007777214050292969
Car -1 -1 -10 274.0 189.0 420.0 250.0 -1 -1 -1 -1000 -1000 -1000 -10 0.0007653236389160156
Car -1 -1 -10 1.0 180.0 81.0 273.0 -1 -1 -1 -1000 -1000 -1000 -10 0.0007443428039550781
Cyclist -1 -1 -10 430.0 0.0 490.0 52.0 -1 -1 -1 -1000 -1000 -1000 -10 0.0007348060607910156
Car -1 -1 -10 258.0 180.0 423.0 231.0 -1 -1 -1 -1000 -1000 -1000 -10 0.0007343292236328125
Car -1 -1 -10 658.0 162.0 780.0 258.0 -1 -1 -1 -1000 -1000 -1000 -10 0.0007047653198242188
Car -1 -1 -10 359.0 187.0 489.0 233.0 -1 -1 -1 -1000 -1000 -1000 -10 0.0006923675537109375
Car -1 -1 -10 406.0 171.0 505.0 212.0 -1 -1 -1 -1000 -1000 -1000 -10 0.0006608963012695312
Car -1 -1 -10 394.0 175.0 441.0 221.0 -1 -1 -1 -1000 -1000 -1000 -10 0.0006422996520996094
Car -1 -1 -10 408.0 176.0 507.0 216.0 -1 -1 -1 -1000 -1000 -1000 -10 0.0006132125854492188
Car -1 -1 -10 0.0 179.0 46.0 269.0 -1 -1 -1 -1000 -1000 -1000 -10 0.0006127357482910156
Car -1 -1 -10 376.0 174.0 455.0 222.0 -1 -1 -1 -1000 -1000 -1000 -10 0.0006089210510253906
Car -1 -1 -10 670.0 184.0 730.0 233.0 -1 -1 -1 -1000 -1000 -1000 -10 0.0006074905395507812
Car -1 -1 -10 0.0 169.0 32.0 307.0 -1 -1 -1 -1000 -1000 -1000 -10 0.0005831718444824219
Car -1 -1 -10 642.0 169.0 706.0 231.0 -1 -1 -1 -1000 -1000 -1000 -10 0.0005674362182617188
Cyclist -1 -1 -10 0.0 163.0 90.0 375.0 -1 -1 -1 -1000 -1000 -1000 -10 0.0005598068237304688
Car -1 -1 -10 0.0 175.0 14.0 258.0 -1 -1 -1 -1000 -1000 -1000 -10 0.0005564689636230469
Car -1 -1 -10 0.0 176.0 25.0 256.0 -1 -1 -1 -1000 -1000 -1000 -10 0.0005412101745605469
Car -1 -1 -10 637.0 177.0 675.0 209.0 -1 -1 -1 -1000 -1000 -1000 -10 0.0005397796630859375
Car -1 -1 -10 119.0 184.0 344.0 267.0 -1 -1 -1 -1000 -1000 -1000 -10 0.0005297660827636719
Car -1 -1 -10 338.0 138.0 518.0 243.0 -1 -1 -1 -1000 -1000 -1000 -10 0.0005192756652832031
Car -1 -1 -10 255.0 185.0 421.0 245.0 -1 -1 -1 -1000 -1000 -1000 -10 0.0005102157592773438
Car -1 -1 -10 369.0 176.0 450.0 226.0 -1 -1 -1 -1000 -1000 -1000 -10 0.0004887580871582031
Car -1 -1 -10 380.0 170.0 460.0 220.0 -1 -1 -1 -1000 -1000 -1000 -10 0.00047850608825683594
Car -1 -1 -10 655.0 188.0 714.0 233.0 -1 -1 -1 -1000 -1000 -1000 -10 0.0004200935363769531
Car -1 -1 -10 397.0 171.0 444.0 218.0 -1 -1 -1 -1000 -1000 -1000 -10 0.0004127025604248047
Car -1 -1 -10 4.0 177.0 66.0 272.0 -1 -1 -1 -1000 -1000 -1000 -10 0.0003991127014160156
Car -1 -1 -10 1.0 171.0 86.0 287.0 -1 -1 -1 -1000 -1000 -1000 -10 0.0003960132598876953
Car -1 -1 -10 132.0 179.0 362.0 253.0 -1 -1 -1 -1000 -1000 -1000 -10 0.0003719329833984375
Car -1 -1 -10 630.0 175.0 661.0 202.0 -1 -1 -1 -1000 -1000 -1000 -10 0.0003669261932373047
Car -1 -1 -10 178.0 168.0 429.0 270.0 -1 -1 -1 -1000 -1000 -1000 -10 0.00035691261291503906
Car -1 -1 -10 329.0 143.0 521.0 264.0 -1 -1 -1 -1000 -1000 -1000 -10 0.00035119056701660156
Car -1 -1 -10 186.0 183.0 328.0 259.0 -1 -1 -1 -1000 -1000 -1000 -10 0.0003428459167480469
Car -1 -1 -10 634.0 174.0 670.0 209.0 -1 -1 -1 -1000 -1000 -1000 -10 0.00034165382385253906
Car -1 -1 -10 238.0 163.0 451.0 267.0 -1 -1 -1 -1000 -1000 -1000 -10 0.000331878662109375
Car -1 -1 -10 0.0 184.0 27.0 286.0 -1 -1 -1 -1000 -1000 -1000 -10 0.0003275871276855469
Car -1 -1 -10 388.0 173.0 467.0 219.0 -1 -1 -1 -1000 -1000 -1000 -10 0.0003180503845214844
Car -1 -1 -10 0.0 180.0 15.0 267.0 -1 -1 -1 -1000 -1000 -1000 -10 0.0003113746643066406
Car -1 -1 -10 315.0 145.0 492.0 253.0 -1 -1 -1 -1000 -1000 -1000 -10 0.00030875205993652344
Car -1 -1 -10 0.0 166.0 20.0 257.0 -1 -1 -1 -1000 -1000 -1000 -10 0.0003085136413574219
Car -1 -1 -10 1.0 182.0 46.0 290.0 -1 -1 -1 -1000 -1000 -1000 -10 0.0002799034118652344
Car -1 -1 -10 301.0 152.0 483.0 265.0 -1 -1 -1 -1000 -1000 -1000 -10 0.00027751922607421875
Car -1 -1 -10 406.0 170.0 454.0 215.0 -1 -1 -1 -1000 -1000 -1000 -10 0.00027561187744140625
Car -1 -1 -10 967.0 84.0 984.0 104.0 -1 -1 -1 -1000 -1000 -1000 -10 0.0002677440643310547
Car -1 -1 -10 386.0 177.0 435.0 223.0 -1 -1 -1 -1000 -1000 -1000 -10 0.00026106834411621094
Car -1 -1 -10 575.0 140.0 747.0 271.0 -1 -1 -1 -1000 -1000 -1000 -10 0.0002505779266357422
Car -1 -1 -10 963.0 83.0 988.0 105.0 -1 -1 -1 -1000 -1000 -1000 -10 0.0002410411834716797
Car -1 -1 -10 609.0 135.0 765.0 252.0 -1 -1 -1 -1000 -1000 -1000 -10 0.00022804737091064453
Cyclist -1 -1 -10 0.0 229.0 60.0 371.0 -1 -1 -1 -1000 -1000 -1000 -10 0.0002199411392211914
Car -1 -1 -10 215.0 182.0 362.0 255.0 -1 -1 -1 -1000 -1000 -1000 -10 0.00020432472229003906
Car -1 -1 -10 2.0 175.0 43.0 260.0 -1 -1 -1 -1000 -1000 -1000 -10 0.00018858909606933594
Car -1 -1 -10 629.0 175.0 655.0 198.0 -1 -1 -1 -1000 -1000 -1000 -10 0.00018322467803955078
Car -1 -1 -10 658.0 174.0 714.0 218.0 -1 -1 -1 -1000 -1000 -1000 -10 0.00017130374908447266
Car -1 -1 -10 632.0 176.0 668.0 211.0 -1 -1 -1 -1000 -1000 -1000 -10 0.00016760826110839844
Car -1 -1 -10 1225.0 149.0 1242.0 292.0 -1 -1 -1 -1000 -1000 -1000 -10 0.0001596212387084961
Car -1 -1 -10 7.0 177.0 62.0 260.0 -1 -1 -1 -1000 -1000 -1000 -10 0.00015914440155029297
Car -1 -1 -10 0.0 160.0 26.0 263.0 -1 -1 -1 -1000 -1000 -1000 -10 0.00015807151794433594
Car -1 -1 -10 0.0 186.0 13.0 246.0 -1 -1 -1 -1000 -1000 -1000 -10 0.0001558065414428711
Car -1 -1 -10 348.0 192.0 459.0 237.0 -1 -1 -1 -1000 -1000 -1000 -10 0.00015211105346679688
Car -1 -1 -10 0.0 224.0 65.0 372.0 -1 -1 -1 -1000 -1000 -1000 -10 0.00015044212341308594
Car -1 -1 -10 0.0 186.0 25.0 246.0 -1 -1 -1 -1000 -1000 -1000 -10 0.0001436471939086914
Car -1 -1 -10 1063.0 93.0 1075.0 108.0 -1 -1 -1 -1000 -1000 -1000 -10 0.00014138221740722656
Car -1 -1 -10 415.0 171.0 463.0 210.0 -1 -1 -1 -1000 -1000 -1000 -10 0.00013649463653564453
Car -1 -1 -10 1223.0 171.0 1242.0 305.0 -1 -1 -1 -1000 -1000 -1000 -10 0.0001354217529296875
Car -1 -1 -10 0.0 183.0 16.0 286.0 -1 -1 -1 -1000 -1000 -1000 -10 0.0001283884048461914
Car -1 -1 -10 356.0 180.0 436.0 229.0 -1 -1 -1 -1000 -1000 -1000 -10 0.00012481212615966797
Car -1 -1 -10 0.0 192.0 26.0 254.0 -1 -1 -1 -1000 -1000 -1000 -10 0.00012373924255371094
Car -1 -1 -10 2.0 165.0 24.0 252.0 -1 -1 -1 -1000 -1000 -1000 -10 0.00011646747589111328
Car -1 -1 -10 396.0 169.0 477.0 214.0 -1 -1 -1 -1000 -1000 -1000 -10 0.00011247396469116211
Car -1 -1 -10 405.0 169.0 486.0 213.0 -1 -1 -1 -1000 -1000 -1000 -10 0.00010830163955688477
Car -1 -1 -10 0.0 164.0 12.0 251.0 -1 -1 -1 -1000 -1000 -1000 -10 0.00010699033737182617
Car -1 -1 -10 0.0 253.0 36.0 371.0 -1 -1 -1 -1000 -1000 -1000 -10 0.00010383129119873047
