Car -1 -1 -10 560.0 120.0 671.0 201.0 -1 -1 -1 -1000 -1000 -1000 -10 0.96533203125
Car -1 -1 -10 397.0 169.0 449.0 210.0 -1 -1 -1 -1000 -1000 -1000 -10 0.9423828125
Car -1 -1 -10 721.0 94.0 957.0 206.0 -1 -1 -1 -1000 -1000 -1000 -10 0.9384765625
Car -1 -1 -10 444.0 155.0 471.0 171.0 -1 -1 -1 -1000 -1000 -1000 -10 0.1622314453125
Car -1 -1 -10 877.0 76.0 1049.0 166.0 -1 -1 -1 -1000 -1000 -1000 -10 0.015167236328125
Car -1 -1 -10 864.0 81.0 1057.0 176.0 -1 -1 -1 -1000 -1000 -1000 -10 0.01097869873046875
Car -1 -1 -10 891.0 76.0 1041.0 152.0 -1 -1 -1 -1000 -1000 -1000 -10 0.0091094970703125
Car -1 -1 -10 890.0 87.0 1044.0 172.0 -1 -1 -1 -1000 -1000 -1000 -10 0.00601959228515625
Car -1 -1 -10 881.0 66.0 1045.0 154.0 -1 -1 -1 -1000 -1000 -1000 -10 0.004665374755859375
Car -1 -1 -10 725.0 103.0 968.0 218.0 -1 -1 -1 -1000 -1000 -1000 -10 0.0038013458251953125
Car -1 -1 -10 904.0 73.0 1043.0 161.0 -1 -1 -1 -1000 -1000 -1000 -10 0.0017728805541992188
Car -1 -1 -10 443.0 157.0 468.0 173.0 -1 -1 -1 -1000 -1000 -1000 -10 0.0017681121826171875
Car -1 -1 -10 416.0 163.0 460.0 192.0 -1 -1 -1 -1000 -1000 -1000 -10 0.0016374588012695312
Car -1 -1 -10 891.0 94.0 1044.0 186.0 -1 -1 -1 -1000 -1000 -1000 -10 0.0014619827270507812
Car -1 -1 -10 419.0 161.0 456.0 194.0 -1 -1 -1 -1000 -1000 -1000 -10 0.0012273788452148438
Car -1 -1 -10 887.0 77.0 1023.0 160.0 -1 -1 -1 -1000 -1000 -1000 -10 0.0011768341064453125
Car -1 -1 -10 855.0 89.0 1079.0 191.0 -1 -1 -1 -1000 -1000 -1000 -10 0.0010786056518554688
Car -1 -1 -10 876.0 77.0 1093.0 171.0 -1 -1 -1 -1000 -1000 -1000 -10 0.0010690689086914062
Car -1 -1 -10 773.0 99.0 902.0 197.0 -1 -1 -1 -1000 -1000 -1000 -10 0.001064300537109375
Car -1 -1 -10 445.0 154.0 473.0 173.0 -1 -1 -1 -1000 -1000 -1000 -10 0.000972747802734375
Car -1 -1 -10 393.0 154.0 453.0 215.0 -1 -1 -1 -1000 -1000 -1000 -10 0.0008459091186523438
Car -1 -1 -10 915.0 73.0 1056.0 149.0 -1 -1 -1 -1000 -1000 -1000 -10 0.0008273124694824219
Car -1 -1 -10 898.0 60.0 1061.0 154.0 -1 -1 -1 -1000 -1000 -1000 -10 0.0007638931274414062
Car -1 -1 -10 389.0 161.0 452.0 221.0 -1 -1 -1 -1000 -1000 -1000 -10 0.0007457733154296875
Car -1 -1 -10 556.0 112.0 681.0 212.0 -1 -1 -1 -1000 -1000 -1000 -10 0.0007381439208984375
Car -1 -1 -10 859.0 69.0 1071.0 188.0 -1 -1 -1 -1000 -1000 -1000 -10 0.0007367134094238281
Car -1 -1 -10 855.0 79.0 1043.0 155.0 -1 -1 -1 -1000 -1000 -1000 -10 0.0007233619689941406
Car -1 -1 -10 401.0 160.0 456.0 207.0 -1 -1 -1 -1000 -1000 -1000 -10 0.0006480216979980469
Car -1 -1 -10 860.0 98.0 1065.0 198.0 -1 -1 -1 -1000 -1000 -1000 -10 0.0006456375122070312
Car -1 -1 -10 444.0 154.0 471.0 169.0 -1 -1 -1 -1000 -1000 -1000 -10 0.0005965232849121094
Car -1 -1 -10 894.0 69.0 1036.0 145.0 -1 -1 -1 -1000 -1000 -1000 -10 0.0005488395690917969
Car -1 -1 -10 884.0 86.0 1019.0 177.0 -1 -1 -1 -1000 -1000 -1000 -10 0.000507354736328125
Car -1 -1 -10 834.0 109.0 971.0 189.0 -1 -1 -1 -1000 -1000 -1000 -10 0.00044989585876464844
Car -1 -1 -10 847.0 100.0 1045.0 202.0 -1 -1 -1 -1000 -1000 -1000 -10 0.0004341602325439453
Pedestrian -1 -1 -10 351.0 0.0 379.0 10.0 -1 -1 -1 -1000 -1000 -1000 -10 0.00041985511779785156
Car -1 -1 -10 833.0 101.0 972.0 181.0 -1 -1 -1 -1000 -1000 -1000 -10 0.0004165172576904297
Pedestrian -1 -1 -10 349.0 0.0 382.0 11.0 -1 -1 -1 -1000 -1000 -1000 -10 0.00040149688720703125
Pedestrian -1 -1 -10 891.0 0.0 950.0 3.0 -1 -1 -1 -1000 -1000 -1000 -10 0.00030732154846191406
Car -1 -1 -10 320.0 134.0 489.0 264.0 -1 -1 -1 -1000 -1000 -1000 -10 0.00029921531677246094
Car -1 -1 -10 851.0 82.0 1085.0 207.0 -1 -1 -1 -1000 -1000 -1000 -10 0.0002949237823486328
Car -1 -1 -10 345.0 130.0 517.0 270.0 -1 -1 -1 -1000 -1000 -1000 -10 0.0002796649932861328
Car -1 -1 -10 351.0 117.0 511.0 238.0 -1 -1 -1 -1000 -1000 -1000 -10 0.00027370452880859375
Car -1 -1 -10 917.0 60.0 1047.0 152.0 -1 -1 -1 -1000 -1000 -1000 -10 0.0002617835998535156
Car -1 -1 -10 911.0 88.0 1060.0 171.0 -1 -1 -1 -1000 -1000 -1000 -10 0.0002562999725341797
Car -1 -1 -10 868.0 66.0 1120.0 189.0 -1 -1 -1 -1000 -1000 -1000 -10 0.0002532005310058594
Car -1 -1 -10 733.0 88.0 1001.0 192.0 -1 -1 -1 -1000 -1000 -1000 -10 0.0002522468566894531
Car -1 -1 -10 807.0 104.0 956.0 179.0 -1 -1 -1 -1000 -1000 -1000 -10 0.00025200843811035156
Car -1 -1 -10 808.0 95.0 957.0 170.0 -1 -1 -1 -1000 -1000 -1000 -10 0.0002460479736328125
Car -1 -1 -10 717.0 111.0 939.0 212.0 -1 -1 -1 -1000 -1000 -1000 -10 0.00023627281188964844
Car -1 -1 -10 807.0 111.0 955.0 191.0 -1 -1 -1 -1000 -1000 -1000 -10 0.00023424625396728516
Car -1 -1 -10 823.0 92.0 966.0 173.0 -1 -1 -1 -1000 -1000 -1000 -10 0.0002315044403076172
Pedestrian -1 -1 -10 505.0 0.0 537.0 5.0 -1 -1 -1 -1000 -1000 -1000 -10 0.0002237558364868164
Car -1 -1 -10 868.0 60.0 1065.0 172.0 -1 -1 -1 -1000 -1000 -1000 -10 0.0002225637435913086
Car -1 -1 -10 845.0 100.0 985.0 183.0 -1 -1 -1 -1000 -1000 -1000 -10 0.00021576881408691406
Pedestrian -1 -1 -10 299.0 0.0 328.0 5.0 -1 -1 -1 -1000 -1000 -1000 -10 0.00020968914031982422
Pedestrian -1 -1 -10 340.0 0.0 371.0 9.0 -1 -1 -1 -1000 -1000 -1000 -10 0.00019669532775878906
Car -1 -1 -10 502.0 0.0 540.0 6.0 -1 -1 -1 -1000 -1000 -1000 -10 0.0001958608627319336
Car -1 -1 -10 928.0 63.0 1062.0 143.0 -1 -1 -1 -1000 -1000 -1000 -10 0.0001862049102783203
Car -1 -1 -10 893.0 102.0 1042.0 198.0 -1 -1 -1 -1000 -1000 -1000 -10 0.00018393993377685547
Car -1 -1 -10 809.0 117.0 954.0 204.0 -1 -1 -1 -1000 -1000 -1000 -10 0.0001779794692993164
Pedestrian -1 -1 -10 661.0 0.0 690.0 1.0 -1 -1 -1 -1000 -1000 -1000 -10 0.0001779794692993164
Pedestrian -1 -1 -10 365.0 0.0 387.0 3.0 -1 -1 -1 -1000 -1000 -1000 -10 0.00017571449279785156
Pedestrian -1 -1 -10 654.0 0.0 681.0 4.0 -1 -1 -1 -1000 -1000 -1000 -10 0.00016927719116210938
Car -1 -1 -10 758.0 106.0 975.0 207.0 -1 -1 -1 -1000 -1000 -1000 -10 0.00016820430755615234
Car -1 -1 -10 560.0 124.0 657.0 197.0 -1 -1 -1 -1000 -1000 -1000 -10 0.00016641616821289062
Car -1 -1 -10 176.0 1.0 229.0 35.0 -1 -1 -1 -1000 -1000 -1000 -10 0.00016188621520996094
Pedestrian -1 -1 -10 514.0 0.0 545.0 5.0 -1 -1 -1 -1000 -1000 -1000 -10 0.0001531839370727539
Pedestrian -1 -1 -10 296.0 0.0 332.0 5.0 -1 -1 -1 -1000 -1000 -1000 -10 0.0001512765884399414
Pedestrian -1 -1 -10 900.0 0.0 943.0 5.0 -1 -1 -1 -1000 -1000 -1000 -10 0.0001437664031982422
Car -1 -1 -10 0.0 222.0 27.0 372.0 -1 -1 -1 -1000 -1000 -1000 -10 0.00014221668243408203
Pedestrian -1 -1 -10 337.0 0.0 375.0 10.0 -1 -1 -1 -1000 -1000 -1000 -10 0.0001418590545654297
Pedestrian -1 -1 -10 362.0 0.0 389.0 4.0 -1 -1 -1 -1000 -1000 -1000 -10 0.00014019012451171875
Pedestrian -1 -1 -10 243.0 0.0 282.0 10.0 -1 -1 -1 -1000 -1000 -1000 -10 0.00013887882232666016
Car -1 -1 -10 922.0 78.0 1070.0 161.0 -1 -1 -1 -1000 -1000 -1000 -10 0.00013756752014160156
Pedestrian -1 -1 -10 258.0 0.0 286.0 6.0 -1 -1 -1 -1000 -1000 -1000 -10 0.00013720989227294922
Pedestrian -1 -1 -10 911.0 0.0 938.0 4.0 -1 -1 -1 -1000 -1000 -1000 -10 0.0001342296600341797
Car -1 -1 -10 884.0 106.0 1019.0 195.0 -1 -1 -1 -1000 -1000 -1000 -10 0.00013124942779541016
Car -1 -1 -10 723.0 81.0 957.0 182.0 -1 -1 -1 -1000 -1000 -1000 -10 0.0001283884048461914
Car -1 -1 -10 511.0 0.0 547.0 5.0 -1 -1 -1 -1000 -1000 -1000 -10 0.00012624263763427734
Pedestrian -1 -1 -10 309.0 0.0 335.0 1.0 -1 -1 -1 -1000 -1000 -1000 -10 0.00012409687042236328
Car -1 -1 -10 872.0 94.0 1007.0 170.0 -1 -1 -1 -1000 -1000 -1000 -10 0.00012004375457763672
Pedestrian -1 -1 -10 906.0 0.0 944.0 5.0 -1 -1 -1 -1000 -1000 -1000 -10 0.00011718273162841797
Pedestrian -1 -1 -10 255.0 0.0 289.0 7.0 -1 -1 -1 -1000 -1000 -1000 -10 0.00011307001113891602
Car -1 -1 -10 871.0 99.0 1005.0 182.0 -1 -1 -1 -1000 -1000 -1000 -10 0.00011295080184936523
Pedestrian -1 -1 -10 870.0 0.0 897.0 4.0 -1 -1 -1 -1000 -1000 -1000 -10 0.00011241436004638672
Car -1 -1 -10 847.0 98.0 1176.0 219.0 -1 -1 -1 -1000 -1000 -1000 -10 0.0001112222671508789
Car -1 -1 -10 873.0 109.0 1004.0 193.0 -1 -1 -1 -1000 -1000 -1000 -10 0.00010734796524047852
Car -1 -1 -10 903.0 67.0 1232.0 199.0 -1 -1 -1 -1000 -1000 -1000 -10 0.0001043081283569336
Pedestrian -1 -1 -10 650.0 0.0 687.0 5.0 -1 -1 -1 -1000 -1000 -1000 -10 0.00010180473327636719
