Car -1 -1 -10 233.0 188.0 309.0 242.0 -1 -1 -1 -1000 -1000 -1000 -10 0.96337890625
Car -1 -1 -10 750.0 177.0 796.0 205.0 -1 -1 -1 -1000 -1000 -1000 -10 0.9541015625
Car -1 -1 -10 185.0 177.0 259.0 227.0 -1 -1 -1 -1000 -1000 -1000 -10 0.9521484375
Car -1 -1 -10 280.0 196.0 334.0 231.0 -1 -1 -1 -1000 -1000 -1000 -10 0.8740234375
Car -1 -1 -10 231.0 192.0 325.0 241.0 -1 -1 -1 -1000 -1000 -1000 -10 0.66650390625
Car -1 -1 -10 0.0 203.0 37.0 233.0 -1 -1 -1 -1000 -1000 -1000 -10 0.6640625
Car -1 -1 -10 0.0 203.0 23.0 231.0 -1 -1 -1 -1000 -1000 -1000 -10 0.10711669921875
Car -1 -1 -10 1.0 205.0 40.0 236.0 -1 -1 -1 -1000 -1000 -1000 -10 0.049285888671875
Car -1 -1 -10 0.0 202.0 44.0 235.0 -1 -1 -1 -1000 -1000 -1000 -10 0.034820556640625
Car -1 -1 -10 0.0 208.0 31.0 242.0 -1 -1 -1 -1000 -1000 -1000 -10 0.0193939208984375
Car -1 -1 -10 1.0 201.0 36.0 240.0 -1 -1 -1 -1000 -1000 -1000 -10 0.0103302001953125
Car -1 -1 -10 281.0 195.0 327.0 229.0 -1 -1 -1 -1000 -1000 -1000 -10 0.00447845458984375
Car -1 -1 -10 0.0 198.0 36.0 236.0 -1 -1 -1 -1000 -1000 -1000 -10 0.00432586669921875
Car -1 -1 -10 0.0 199.0 32.0 227.0 -1 -1 -1 -1000 -1000 -1000 -10 0.0035381317138671875
Car -1 -1 -10 1.0 207.0 40.0 244.0 -1 -1 -1 -1000 -1000 -1000 -10 0.003498077392578125
Car -1 -1 -10 0.0 209.0 14.0 244.0 -1 -1 -1 -1000 -1000 -1000 -10 0.003398895263671875
Car -1 -1 -10 0.0 199.0 15.0 226.0 -1 -1 -1 -1000 -1000 -1000 -10 0.0026092529296875
Car -1 -1 -10 0.0 200.0 19.0 225.0 -1 -1 -1 -1000 -1000 -1000 -10 0.0021572113037109375
Car -1 -1 -10 284.0 196.0 337.0 228.0 -1 -1 -1 -1000 -1000 -1000 -10 0.0013017654418945312
Car -1 -1 -10 1.0 197.0 40.0 228.0 -1 -1 -1 -1000 -1000 -1000 -10 0.0008335113525390625
Car -1 -1 -10 231.0 184.0 311.0 249.0 -1 -1 -1 -1000 -1000 -1000 -10 0.0007529258728027344
Car -1 -1 -10 1.0 196.0 42.0 237.0 -1 -1 -1 -1000 -1000 -1000 -10 0.0006465911865234375
Car -1 -1 -10 232.0 183.0 323.0 244.0 -1 -1 -1 -1000 -1000 -1000 -10 0.000629425048828125
Car -1 -1 -10 0.0 213.0 13.0 262.0 -1 -1 -1 -1000 -1000 -1000 -10 0.0005884170532226562
Car -1 -1 -10 0.0 217.0 12.0 257.0 -1 -1 -1 -1000 -1000 -1000 -10 0.000453948974609375
Car -1 -1 -10 179.0 171.0 262.0 235.0 -1 -1 -1 -1000 -1000 -1000 -10 0.00037407875061035156
Car -1 -1 -10 749.0 174.0 797.0 209.0 -1 -1 -1 -1000 -1000 -1000 -10 0.00034499168395996094
Car -1 -1 -10 125.0 138.0 299.0 274.0 -1 -1 -1 -1000 -1000 -1000 -10 0.00033164024353027344
Car -1 -1 -10 282.0 188.0 333.0 225.0 -1 -1 -1 -1000 -1000 -1000 -10 0.00032520294189453125
Car -1 -1 -10 184.0 160.0 357.0 288.0 -1 -1 -1 -1000 -1000 -1000 -10 0.0003161430358886719
Car -1 -1 -10 184.0 76.0 223.0 98.0 -1 -1 -1 -1000 -1000 -1000 -10 0.0003008842468261719
Car -1 -1 -10 2.0 214.0 24.0 258.0 -1 -1 -1 -1000 -1000 -1000 -10 0.0002865791320800781
Car -1 -1 -10 278.0 203.0 331.0 237.0 -1 -1 -1 -1000 -1000 -1000 -10 0.00026988983154296875
Car -1 -1 -10 189.0 176.0 259.0 218.0 -1 -1 -1 -1000 -1000 -1000 -10 0.0002593994140625
Pedestrian -1 -1 -10 1218.0 163.0 1241.0 317.0 -1 -1 -1 -1000 -1000 -1000 -10 0.00025200843811035156
Car -1 -1 -10 1204.0 161.0 1241.0 355.0 -1 -1 -1 -1000 -1000 -1000 -10 0.00024890899658203125
Car -1 -1 -10 1219.0 168.0 1242.0 347.0 -1 -1 -1 -1000 -1000 -1000 -10 0.00024700164794921875
Car -1 -1 -10 145.0 136.0 310.0 250.0 -1 -1 -1 -1000 -1000 -1000 -10 0.00023663043975830078
Car -1 -1 -10 1214.0 162.0 1241.0 352.0 -1 -1 -1 -1000 -1000 -1000 -10 0.0002321004867553711
Car -1 -1 -10 0.0 219.0 16.0 345.0 -1 -1 -1 -1000 -1000 -1000 -10 0.0002231597900390625
Car -1 -1 -10 191.0 77.0 216.0 97.0 -1 -1 -1 -1000 -1000 -1000 -10 0.00021457672119140625
Car -1 -1 -10 183.0 173.0 270.0 242.0 -1 -1 -1 -1000 -1000 -1000 -10 0.00021409988403320312
Car -1 -1 -10 0.0 210.0 15.0 295.0 -1 -1 -1 -1000 -1000 -1000 -10 0.00020885467529296875
Car -1 -1 -10 133.0 135.0 319.0 284.0 -1 -1 -1 -1000 -1000 -1000 -10 0.00019884109497070312
Car -1 -1 -10 1213.0 158.0 1241.0 322.0 -1 -1 -1 -1000 -1000 -1000 -10 0.00018727779388427734
Car -1 -1 -10 0.0 186.0 47.0 251.0 -1 -1 -1 -1000 -1000 -1000 -10 0.0001862049102783203
Car -1 -1 -10 0.0 234.0 17.0 365.0 -1 -1 -1 -1000 -1000 -1000 -10 0.00017571449279785156
Car -1 -1 -10 8.0 207.0 47.0 236.0 -1 -1 -1 -1000 -1000 -1000 -10 0.00017511844635009766
Car -1 -1 -10 186.0 150.0 352.0 274.0 -1 -1 -1 -1000 -1000 -1000 -10 0.00017440319061279297
Car -1 -1 -10 1217.0 184.0 1242.0 365.0 -1 -1 -1 -1000 -1000 -1000 -10 0.00016641616821289062
Car -1 -1 -10 0.0 180.0 41.0 230.0 -1 -1 -1 -1000 -1000 -1000 -10 0.00016427040100097656
Car -1 -1 -10 0.0 212.0 11.0 290.0 -1 -1 -1 -1000 -1000 -1000 -10 0.00014984607696533203
Car -1 -1 -10 1201.0 158.0 1241.0 321.0 -1 -1 -1 -1000 -1000 -1000 -10 0.00014674663543701172
Car -1 -1 -10 820.0 169.0 857.0 192.0 -1 -1 -1 -1000 -1000 -1000 -10 0.0001443624496459961
Car -1 -1 -10 78.0 196.0 143.0 222.0 -1 -1 -1 -1000 -1000 -1000 -10 0.00014197826385498047
Car -1 -1 -10 0.0 208.0 57.0 251.0 -1 -1 -1 -1000 -1000 -1000 -10 0.00013649463653564453
Car -1 -1 -10 0.0 241.0 12.0 346.0 -1 -1 -1 -1000 -1000 -1000 -10 0.00012826919555664062
Pedestrian -1 -1 -10 1223.0 147.0 1241.0 290.0 -1 -1 -1 -1000 -1000 -1000 -10 0.00012683868408203125
Car -1 -1 -10 9.0 201.0 46.0 232.0 -1 -1 -1 -1000 -1000 -1000 -10 0.00012624263763427734
Car -1 -1 -10 284.0 202.0 322.0 232.0 -1 -1 -1 -1000 -1000 -1000 -10 0.00012493133544921875
Car -1 -1 -10 232.0 191.0 302.0 249.0 -1 -1 -1 -1000 -1000 -1000 -10 0.0001207590103149414
Car -1 -1 -10 76.0 201.0 141.0 226.0 -1 -1 -1 -1000 -1000 -1000 -10 0.00011807680130004883
Car -1 -1 -10 0.0 196.0 50.0 267.0 -1 -1 -1 -1000 -1000 -1000 -10 0.00011426210403442383
Car -1 -1 -10 269.0 187.0 343.0 257.0 -1 -1 -1 -1000 -1000 -1000 -10 0.00010633468627929688
Car -1 -1 -10 8.0 202.0 66.0 239.0 -1 -1 -1 -1000 -1000 -1000 -10 0.00010216236114501953
