Car -1 -1 -10 138.0 193.0 404.0 338.0 -1 -1 -1 -1000 -1000 -1000 -10 0.966796875
Car -1 -1 -10 445.0 181.0 506.0 227.0 -1 -1 -1 -1000 -1000 -1000 -10 0.96240234375
Car -1 -1 -10 478.0 152.0 535.0 213.0 -1 -1 -1 -1000 -1000 -1000 -10 0.9541015625
Cyclist -1 -1 -10 983.0 130.0 1140.0 301.0 -1 -1 -1 -1000 -1000 -1000 -10 0.9541015625
Car -1 -1 -10 542.0 175.0 586.0 212.0 -1 -1 -1 -1000 -1000 -1000 -10 0.939453125
Car -1 -1 -10 526.0 175.0 551.0 196.0 -1 -1 -1 -1000 -1000 -1000 -10 0.8388671875
Car -1 -1 -10 525.0 172.0 552.0 199.0 -1 -1 -1 -1000 -1000 -1000 -10 0.52685546875
Car -1 -1 -10 0.0 213.0 95.0 373.0 -1 -1 -1 -1000 -1000 -1000 -10 0.354736328125
Car -1 -1 -10 495.0 165.0 535.0 213.0 -1 -1 -1 -1000 -1000 -1000 -10 0.2056884765625
Car -1 -1 -10 536.0 176.0 560.0 194.0 -1 -1 -1 -1000 -1000 -1000 -10 0.023101806640625
Car -1 -1 -10 0.0 219.0 114.0 373.0 -1 -1 -1 -1000 -1000 -1000 -10 0.0229949951171875
Car -1 -1 -10 0.0 229.0 85.0 373.0 -1 -1 -1 -1000 -1000 -1000 -10 0.01018524169921875
Cyclist -1 -1 -10 1218.0 172.0 1242.0 355.0 -1 -1 -1 -1000 -1000 -1000 -10 0.00881195068359375
Car -1 -1 -10 0.0 191.0 79.0 375.0 -1 -1 -1 -1000 -1000 -1000 -10 0.005756378173828125
Cyclist -1 -1 -10 1203.0 167.0 1242.0 355.0 -1 -1 -1 -1000 -1000 -1000 -10 0.0052642822265625
Cyclist -1 -1 -10 1215.0 157.0 1242.0 336.0 -1 -1 -1 -1000 -1000 -1000 -10 0.004169464111328125
Cyclist -1 -1 -10 1197.0 155.0 1242.0 330.0 -1 -1 -1 -1000 -1000 -1000 -10 0.002948760986328125
Cyclist -1 -1 -10 1215.0 180.0 1242.0 371.0 -1 -1 -1 -1000 -1000 -1000 -10 0.0026378631591796875
Cyclist -1 -1 -10 1195.0 163.0 1241.0 352.0 -1 -1 -1 -1000 -1000 -1000 -10 0.0025463104248046875
Cyclist -1 -1 -10 1209.0 186.0 1242.0 371.0 -1 -1 -1 -1000 -1000 -1000 -10 0.0024890899658203125
Car -1 -1 -10 3.0 213.0 130.0 370.0 -1 -1 -1 -1000 -1000 -1000 -10 0.0017423629760742188
Cyclist -1 -1 -10 1218.0 149.0 1242.0 308.0 -1 -1 -1 -1000 -1000 -1000 -10 0.0015106201171875
Car -1 -1 -10 513.0 171.0 543.0 207.0 -1 -1 -1 -1000 -1000 -1000 -10 0.0014677047729492188
Car -1 -1 -10 444.0 168.0 515.0 235.0 -1 -1 -1 -1000 -1000 -1000 -10 0.0011911392211914062
Car -1 -1 -10 525.0 172.0 548.0 192.0 -1 -1 -1 -1000 -1000 -1000 -10 0.0011472702026367188
Cyclist -1 -1 -10 1190.0 143.0 1242.0 307.0 -1 -1 -1 -1000 -1000 -1000 -10 0.0011119842529296875
Car -1 -1 -10 204.0 198.0 325.0 326.0 -1 -1 -1 -1000 -1000 -1000 -10 0.0011053085327148438
Car -1 -1 -10 515.0 170.0 541.0 198.0 -1 -1 -1 -1000 -1000 -1000 -10 0.0010471343994140625
Car -1 -1 -10 0.0 182.0 98.0 370.0 -1 -1 -1 -1000 -1000 -1000 -10 0.0010433197021484375
Car -1 -1 -10 518.0 174.0 543.0 199.0 -1 -1 -1 -1000 -1000 -1000 -10 0.0010223388671875
Car -1 -1 -10 457.0 163.0 523.0 231.0 -1 -1 -1 -1000 -1000 -1000 -10 0.0010089874267578125
Cyclist -1 -1 -10 1226.0 181.0 1242.0 292.0 -1 -1 -1 -1000 -1000 -1000 -10 0.0010013580322265625
Cyclist -1 -1 -10 1185.0 160.0 1242.0 355.0 -1 -1 -1 -1000 -1000 -1000 -10 0.0009202957153320312
Car -1 -1 -10 217.0 200.0 334.0 322.0 -1 -1 -1 -1000 -1000 -1000 -10 0.0009059906005859375
Cyclist -1 -1 -10 1177.0 157.0 1242.0 342.0 -1 -1 -1 -1000 -1000 -1000 -10 0.0008525848388671875
Car -1 -1 -10 1.0 169.0 66.0 373.0 -1 -1 -1 -1000 -1000 -1000 -10 0.0007677078247070312
Car -1 -1 -10 537.0 159.0 589.0 218.0 -1 -1 -1 -1000 -1000 -1000 -10 0.0007452964782714844
Cyclist -1 -1 -10 1226.0 202.0 1242.0 331.0 -1 -1 -1 -1000 -1000 -1000 -10 0.0006747245788574219
Cyclist -1 -1 -10 1214.0 152.0 1242.0 305.0 -1 -1 -1 -1000 -1000 -1000 -10 0.0006346702575683594
Car -1 -1 -10 533.0 163.0 591.0 226.0 -1 -1 -1 -1000 -1000 -1000 -10 0.0006308555603027344
Car -1 -1 -10 2.0 218.0 80.0 363.0 -1 -1 -1 -1000 -1000 -1000 -10 0.0006308555603027344
Cyclist -1 -1 -10 1214.0 198.0 1242.0 334.0 -1 -1 -1 -1000 -1000 -1000 -10 0.0005788803100585938
Car -1 -1 -10 438.0 172.0 509.0 236.0 -1 -1 -1 -1000 -1000 -1000 -10 0.0004875659942626953
Car -1 -1 -10 452.0 180.0 503.0 223.0 -1 -1 -1 -1000 -1000 -1000 -10 0.000484466552734375
Cyclist -1 -1 -10 1228.0 175.0 1242.0 278.0 -1 -1 -1 -1000 -1000 -1000 -10 0.00048160552978515625
Car -1 -1 -10 537.0 164.0 605.0 230.0 -1 -1 -1 -1000 -1000 -1000 -10 0.0004444122314453125
Cyclist -1 -1 -10 1221.0 206.0 1242.0 373.0 -1 -1 -1 -1000 -1000 -1000 -10 0.0004401206970214844
Cyclist -1 -1 -10 1203.0 206.0 1241.0 343.0 -1 -1 -1 -1000 -1000 -1000 -10 0.00042247772216796875
Cyclist -1 -1 -10 1212.0 183.0 1242.0 307.0 -1 -1 -1 -1000 -1000 -1000 -10 0.00041961669921875
Cyclist -1 -1 -10 1196.0 184.0 1241.0 308.0 -1 -1 -1 -1000 -1000 -1000 -10 0.0004017353057861328
Cyclist -1 -1 -10 1180.0 141.0 1242.0 319.0 -1 -1 -1 -1000 -1000 -1000 -10 0.00039315223693847656
Cyclist -1 -1 -10 1182.0 184.0 1242.0 370.0 -1 -1 -1 -1000 -1000 -1000 -10 0.0003809928894042969
Cyclist -1 -1 -10 1171.0 177.0 1242.0 297.0 -1 -1 -1 -1000 -1000 -1000 -10 0.0003483295440673828
Cyclist -1 -1 -10 1219.0 124.0 1242.0 285.0 -1 -1 -1 -1000 -1000 -1000 -10 0.0002982616424560547
Car -1 -1 -10 541.0 178.0 581.0 212.0 -1 -1 -1 -1000 -1000 -1000 -10 0.0002949237823486328
Car -1 -1 -10 439.0 122.0 587.0 237.0 -1 -1 -1 -1000 -1000 -1000 -10 0.0002925395965576172
Car -1 -1 -10 475.0 119.0 637.0 242.0 -1 -1 -1 -1000 -1000 -1000 -10 0.00029015541076660156
Cyclist -1 -1 -10 1162.0 160.0 1238.0 357.0 -1 -1 -1 -1000 -1000 -1000 -10 0.00028252601623535156
Cyclist -1 -1 -10 1188.0 118.0 1242.0 291.0 -1 -1 -1 -1000 -1000 -1000 -10 0.00028014183044433594
Car -1 -1 -10 153.0 58.0 183.0 79.0 -1 -1 -1 -1000 -1000 -1000 -10 0.0002722740173339844
Car -1 -1 -10 508.0 134.0 661.0 272.0 -1 -1 -1 -1000 -1000 -1000 -10 0.00026702880859375
Car -1 -1 -10 528.0 172.0 551.0 192.0 -1 -1 -1 -1000 -1000 -1000 -10 0.0002663135528564453
Cyclist -1 -1 -10 1215.0 115.0 1242.0 295.0 -1 -1 -1 -1000 -1000 -1000 -10 0.0002613067626953125
Car -1 -1 -10 1131.0 0.0 1242.0 3.0 -1 -1 -1 -1000 -1000 -1000 -10 0.00026106834411621094
Car -1 -1 -10 471.0 131.0 643.0 273.0 -1 -1 -1 -1000 -1000 -1000 -10 0.00026106834411621094
Car -1 -1 -10 0.0 201.0 34.0 367.0 -1 -1 -1 -1000 -1000 -1000 -10 0.00025463104248046875
Car -1 -1 -10 0.0 223.0 32.0 369.0 -1 -1 -1 -1000 -1000 -1000 -10 0.000247955322265625
Cyclist -1 -1 -10 1149.0 139.0 1239.0 307.0 -1 -1 -1 -1000 -1000 -1000 -10 0.00023996829986572266
Car -1 -1 -10 390.0 134.0 564.0 274.0 -1 -1 -1 -1000 -1000 -1000 -10 0.0002396106719970703
Cyclist -1 -1 -10 1156.0 153.0 1239.0 327.0 -1 -1 -1 -1000 -1000 -1000 -10 0.00023746490478515625
Car -1 -1 -10 436.0 129.0 588.0 255.0 -1 -1 -1 -1000 -1000 -1000 -10 0.00023734569549560547
Cyclist -1 -1 -10 1208.0 206.0 1241.0 375.0 -1 -1 -1 -1000 -1000 -1000 -10 0.0002340078353881836
Car -1 -1 -10 408.0 137.0 567.0 251.0 -1 -1 -1 -1000 -1000 -1000 -10 0.0002071857452392578
Cyclist -1 -1 -10 1228.0 167.0 1242.0 263.0 -1 -1 -1 -1000 -1000 -1000 -10 0.0001932382583618164
Cyclist -1 -1 -10 1213.0 171.0 1242.0 283.0 -1 -1 -1 -1000 -1000 -1000 -10 0.00018608570098876953
Cyclist -1 -1 -10 1175.0 189.0 1241.0 317.0 -1 -1 -1 -1000 -1000 -1000 -10 0.00016319751739501953
Cyclist -1 -1 -10 1227.0 219.0 1242.0 352.0 -1 -1 -1 -1000 -1000 -1000 -10 0.0001512765884399414
Cyclist -1 -1 -10 1215.0 214.0 1242.0 355.0 -1 -1 -1 -1000 -1000 -1000 -10 0.00014269351959228516
Car -1 -1 -10 0.0 183.0 25.0 348.0 -1 -1 -1 -1000 -1000 -1000 -10 0.0001341104507446289
Car -1 -1 -10 159.0 59.0 177.0 78.0 -1 -1 -1 -1000 -1000 -1000 -10 0.00012791156768798828
Pedestrian -1 -1 -10 970.0 0.0 1076.0 3.0 -1 -1 -1 -1000 -1000 -1000 -10 0.00012636184692382812
Car -1 -1 -10 0.0 218.0 39.0 375.0 -1 -1 -1 -1000 -1000 -1000 -10 0.00012576580047607422
Cyclist -1 -1 -10 1180.0 198.0 1239.0 331.0 -1 -1 -1 -1000 -1000 -1000 -10 0.00012123584747314453
Cyclist -1 -1 -10 1111.0 143.0 1241.0 302.0 -1 -1 -1 -1000 -1000 -1000 -10 0.00011938810348510742
Car -1 -1 -10 0.0 266.0 33.0 369.0 -1 -1 -1 -1000 -1000 -1000 -10 0.00011682510375976562
Pedestrian -1 -1 -10 937.0 0.0 1032.0 2.0 -1 -1 -1 -1000 -1000 -1000 -10 0.0001163482666015625
Cyclist -1 -1 -10 1115.0 159.0 1239.0 319.0 -1 -1 -1 -1000 -1000 -1000 -10 0.00011134147644042969
Car -1 -1 -10 481.0 152.0 533.0 199.0 -1 -1 -1 -1000 -1000 -1000 -10 0.00011074542999267578
Cyclist -1 -1 -10 1229.0 158.0 1242.0 251.0 -1 -1 -1 -1000 -1000 -1000 -10 0.00010943412780761719
Car -1 -1 -10 0.0 226.0 98.0 375.0 -1 -1 -1 -1000 -1000 -1000 -10 0.00010478496551513672
Cyclist -1 -1 -10 1167.0 176.0 1237.0 375.0 -1 -1 -1 -1000 -1000 -1000 -10 0.00010228157043457031
