Car -1 -1 -10 186.0 191.0 439.0 350.0 -1 -1 -1 -1000 -1000 -1000 -10 0.9697265625
Car -1 -1 -10 589.0 176.0 630.0 216.0 -1 -1 -1 -1000 -1000 -1000 -10 0.96044921875
Car -1 -1 -10 530.0 178.0 565.0 206.0 -1 -1 -1 -1000 -1000 -1000 -10 0.94482421875
Car -1 -1 -10 287.0 175.0 335.0 204.0 -1 -1 -1 -1000 -1000 -1000 -10 0.93115234375
Car -1 -1 -10 561.0 158.0 588.0 195.0 -1 -1 -1 -1000 -1000 -1000 -10 0.92138671875
Car -1 -1 -10 441.0 178.0 461.0 192.0 -1 -1 -1 -1000 -1000 -1000 -10 0.031982421875
Car -1 -1 -10 553.0 157.0 585.0 200.0 -1 -1 -1 -1000 -1000 -1000 -10 0.0085906982421875
Car -1 -1 -10 528.0 176.0 569.0 209.0 -1 -1 -1 -1000 -1000 -1000 -10 0.002285003662109375
Car -1 -1 -10 440.0 177.0 464.0 193.0 -1 -1 -1 -1000 -1000 -1000 -10 0.0008645057678222656
Car -1 -1 -10 259.0 195.0 378.0 339.0 -1 -1 -1 -1000 -1000 -1000 -10 0.0007376670837402344
Car -1 -1 -10 288.0 178.0 335.0 207.0 -1 -1 -1 -1000 -1000 -1000 -10 0.0007190704345703125
Car -1 -1 -10 297.0 177.0 337.0 201.0 -1 -1 -1 -1000 -1000 -1000 -10 0.0006284713745117188
Car -1 -1 -10 585.0 161.0 634.0 221.0 -1 -1 -1 -1000 -1000 -1000 -10 0.0006084442138671875
Car -1 -1 -10 587.0 166.0 650.0 234.0 -1 -1 -1 -1000 -1000 -1000 -10 0.0005598068237304688
Car -1 -1 -10 580.0 164.0 634.0 228.0 -1 -1 -1 -1000 -1000 -1000 -10 0.0004851818084716797
Car -1 -1 -10 0.0 154.0 11.0 230.0 -1 -1 -1 -1000 -1000 -1000 -10 0.00041794776916503906
Car -1 -1 -10 0.0 165.0 9.0 237.0 -1 -1 -1 -1000 -1000 -1000 -10 0.0004069805145263672
Car -1 -1 -10 557.0 136.0 706.0 275.0 -1 -1 -1 -1000 -1000 -1000 -10 0.0004038810729980469
Car -1 -1 -10 280.0 170.0 334.0 202.0 -1 -1 -1 -1000 -1000 -1000 -10 0.0003643035888671875
Car -1 -1 -10 0.0 181.0 9.0 242.0 -1 -1 -1 -1000 -1000 -1000 -10 0.0002772808074951172
Car -1 -1 -10 522.0 124.0 677.0 243.0 -1 -1 -1 -1000 -1000 -1000 -10 0.0002675056457519531
Car -1 -1 -10 286.0 172.0 336.0 208.0 -1 -1 -1 -1000 -1000 -1000 -10 0.0002636909484863281
Car -1 -1 -10 441.0 179.0 465.0 196.0 -1 -1 -1 -1000 -1000 -1000 -10 0.00023925304412841797
Car -1 -1 -10 518.0 131.0 684.0 275.0 -1 -1 -1 -1000 -1000 -1000 -10 0.0002353191375732422
Car -1 -1 -10 0.0 175.0 9.0 226.0 -1 -1 -1 -1000 -1000 -1000 -10 0.00022208690643310547
Car -1 -1 -10 0.0 188.0 8.0 234.0 -1 -1 -1 -1000 -1000 -1000 -10 0.00021708011627197266
Car -1 -1 -10 0.0 166.0 10.0 217.0 -1 -1 -1 -1000 -1000 -1000 -10 0.0002009868621826172
Car -1 -1 -10 0.0 220.0 28.0 372.0 -1 -1 -1 -1000 -1000 -1000 -10 0.00017178058624267578
Car -1 -1 -10 0.0 155.0 12.0 242.0 -1 -1 -1 -1000 -1000 -1000 -10 0.00016367435455322266
Car -1 -1 -10 276.0 169.0 354.0 247.0 -1 -1 -1 -1000 -1000 -1000 -10 0.00015497207641601562
Car -1 -1 -10 221.0 144.0 400.0 290.0 -1 -1 -1 -1000 -1000 -1000 -10 0.00013768672943115234
Car -1 -1 -10 530.0 1.0 594.0 53.0 -1 -1 -1 -1000 -1000 -1000 -10 0.00013506412506103516
Car -1 -1 -10 0.0 174.0 12.0 257.0 -1 -1 -1 -1000 -1000 -1000 -10 0.00013136863708496094
Car -1 -1 -10 562.0 1.0 627.0 53.0 -1 -1 -1 -1000 -1000 -1000 -10 0.000125885009765625
Car -1 -1 -10 265.0 170.0 376.0 245.0 -1 -1 -1 -1000 -1000 -1000 -10 0.00012481212615966797
Car -1 -1 -10 571.0 1.0 637.0 54.0 -1 -1 -1 -1000 -1000 -1000 -10 0.00012201070785522461
Car -1 -1 -10 0.0 186.0 9.0 253.0 -1 -1 -1 -1000 -1000 -1000 -10 0.0001214742660522461
Car -1 -1 -10 0.0 159.0 13.0 225.0 -1 -1 -1 -1000 -1000 -1000 -10 0.00011068582534790039
Car -1 -1 -10 540.0 1.0 605.0 52.0 -1 -1 -1 -1000 -1000 -1000 -10 0.00010502338409423828
Car -1 -1 -10 0.0 191.0 31.0 374.0 -1 -1 -1 -1000 -1000 -1000 -10 0.00010436773300170898
