Car -1 -1 -10 1051.0 192.0 1216.0 321.0 -1 -1 -1 -1000 -1000 -1000 -10 0.966796875
Car -1 -1 -10 1213.0 182.0 1242.0 217.0 -1 -1 -1 -1000 -1000 -1000 -10 0.0196990966796875
Car -1 -1 -10 1209.0 180.0 1242.0 214.0 -1 -1 -1 -1000 -1000 -1000 -10 0.0099334716796875
Car -1 -1 -10 1221.0 182.0 1242.0 222.0 -1 -1 -1 -1000 -1000 -1000 -10 0.00952911376953125
Car -1 -1 -10 1225.0 183.0 1242.0 218.0 -1 -1 -1 -1000 -1000 -1000 -10 0.00904083251953125
Car -1 -1 -10 1217.0 183.0 1242.0 219.0 -1 -1 -1 -1000 -1000 -1000 -10 0.006847381591796875
Car -1 -1 -10 1199.0 181.0 1242.0 214.0 -1 -1 -1 -1000 -1000 -1000 -10 0.00392913818359375
Car -1 -1 -10 1226.0 181.0 1242.0 212.0 -1 -1 -1 -1000 -1000 -1000 -10 0.0029811859130859375
Car -1 -1 -10 1214.0 185.0 1242.0 225.0 -1 -1 -1 -1000 -1000 -1000 -10 0.00237274169921875
Car -1 -1 -10 1193.0 179.0 1241.0 213.0 -1 -1 -1 -1000 -1000 -1000 -10 0.0021839141845703125
Car -1 -1 -10 1229.0 186.0 1242.0 228.0 -1 -1 -1 -1000 -1000 -1000 -10 0.0019588470458984375
Car -1 -1 -10 1219.0 166.0 1242.0 220.0 -1 -1 -1 -1000 -1000 -1000 -10 0.0016908645629882812
Car -1 -1 -10 1195.0 171.0 1242.0 223.0 -1 -1 -1 -1000 -1000 -1000 -10 0.0016603469848632812
Car -1 -1 -10 1215.0 179.0 1241.0 229.0 -1 -1 -1 -1000 -1000 -1000 -10 0.0015735626220703125
Car -1 -1 -10 1214.0 169.0 1241.0 218.0 -1 -1 -1 -1000 -1000 -1000 -10 0.0012254714965820312
Car -1 -1 -10 1191.0 170.0 1240.0 208.0 -1 -1 -1 -1000 -1000 -1000 -10 0.0008969306945800781
Pedestrian -1 -1 -10 0.0 190.0 26.0 375.0 -1 -1 -1 -1000 -1000 -1000 -10 0.0008802413940429688
Pedestrian -1 -1 -10 0.0 187.0 42.0 375.0 -1 -1 -1 -1000 -1000 -1000 -10 0.0008730888366699219
Car -1 -1 -10 1201.0 177.0 1242.0 221.0 -1 -1 -1 -1000 -1000 -1000 -10 0.0007772445678710938
Car -1 -1 -10 1231.0 185.0 1241.0 252.0 -1 -1 -1 -1000 -1000 -1000 -10 0.0007443428039550781
Car -1 -1 -10 1206.0 170.0 1242.0 207.0 -1 -1 -1 -1000 -1000 -1000 -10 0.0005869865417480469
Car -1 -1 -10 1193.0 164.0 1241.0 216.0 -1 -1 -1 -1000 -1000 -1000 -10 0.000522613525390625
Car -1 -1 -10 1201.0 185.0 1241.0 226.0 -1 -1 -1 -1000 -1000 -1000 -10 0.0004930496215820312
Car -1 -1 -10 1232.0 194.0 1242.0 242.0 -1 -1 -1 -1000 -1000 -1000 -10 0.0004870891571044922
Car -1 -1 -10 1212.0 153.0 1241.0 234.0 -1 -1 -1 -1000 -1000 -1000 -10 0.0004401206970214844
Car -1 -1 -10 1228.0 170.0 1242.0 206.0 -1 -1 -1 -1000 -1000 -1000 -10 0.0003230571746826172
Pedestrian -1 -1 -10 0.0 198.0 30.0 375.0 -1 -1 -1 -1000 -1000 -1000 -10 0.0002713203430175781
Car -1 -1 -10 1131.0 191.0 1203.0 231.0 -1 -1 -1 -1000 -1000 -1000 -10 0.00024437904357910156
Car -1 -1 -10 1160.0 185.0 1228.0 229.0 -1 -1 -1 -1000 -1000 -1000 -10 0.00023698806762695312
Car -1 -1 -10 1139.0 192.0 1200.0 231.0 -1 -1 -1 -1000 -1000 -1000 -10 0.0002110004425048828
Car -1 -1 -10 1188.0 180.0 1234.0 210.0 -1 -1 -1 -1000 -1000 -1000 -10 0.00020134449005126953
Car -1 -1 -10 1184.0 169.0 1236.0 208.0 -1 -1 -1 -1000 -1000 -1000 -10 0.00019669532775878906
Pedestrian -1 -1 -10 0.0 181.0 22.0 352.0 -1 -1 -1 -1000 -1000 -1000 -10 0.00018215179443359375
Car -1 -1 -10 1200.0 182.0 1241.0 233.0 -1 -1 -1 -1000 -1000 -1000 -10 0.00017142295837402344
Car -1 -1 -10 1162.0 169.0 1233.0 225.0 -1 -1 -1 -1000 -1000 -1000 -10 0.00016701221466064453
Pedestrian -1 -1 -10 0.0 171.0 49.0 357.0 -1 -1 -1 -1000 -1000 -1000 -10 0.00013434886932373047
Car -1 -1 -10 1144.0 189.0 1200.0 224.0 -1 -1 -1 -1000 -1000 -1000 -10 0.00013303756713867188
Car -1 -1 -10 1192.0 149.0 1242.0 230.0 -1 -1 -1 -1000 -1000 -1000 -10 0.00013017654418945312
Cyclist -1 -1 -10 1232.0 192.0 1242.0 268.0 -1 -1 -1 -1000 -1000 -1000 -10 0.00012743473052978516
Pedestrian -1 -1 -10 0.0 168.0 27.0 363.0 -1 -1 -1 -1000 -1000 -1000 -10 0.00011789798736572266
