Car -1 -1 -10 288.0 187.0 369.0 227.0 -1 -1 -1 -1000 -1000 -1000 -10 0.966796875
Car -1 -1 -10 599.0 175.0 628.0 202.0 -1 -1 -1 -1000 -1000 -1000 -10 0.953125
Pedestrian -1 -1 -10 789.0 170.0 805.0 220.0 -1 -1 -1 -1000 -1000 -1000 -10 0.0623779296875
Pedestrian -1 -1 -10 790.0 169.0 806.0 223.0 -1 -1 -1 -1000 -1000 -1000 -10 0.0225982666015625
Pedestrian -1 -1 -10 788.0 171.0 802.0 223.0 -1 -1 -1 -1000 -1000 -1000 -10 0.0217742919921875
Pedestrian -1 -1 -10 790.0 171.0 803.0 225.0 -1 -1 -1 -1000 -1000 -1000 -10 0.00388336181640625
Pedestrian -1 -1 -10 787.0 169.0 807.0 221.0 -1 -1 -1 -1000 -1000 -1000 -10 0.00235748291015625
Pedestrian -1 -1 -10 790.0 170.0 805.0 212.0 -1 -1 -1 -1000 -1000 -1000 -10 0.0018949508666992188
Pedestrian -1 -1 -10 789.0 167.0 808.0 225.0 -1 -1 -1 -1000 -1000 -1000 -10 0.001445770263671875
Pedestrian -1 -1 -10 789.0 170.0 801.0 212.0 -1 -1 -1 -1000 -1000 -1000 -10 0.0011281967163085938
Pedestrian -1 -1 -10 787.0 170.0 803.0 213.0 -1 -1 -1 -1000 -1000 -1000 -10 0.0008220672607421875
Pedestrian -1 -1 -10 785.0 169.0 805.0 225.0 -1 -1 -1 -1000 -1000 -1000 -10 0.000762939453125
Car -1 -1 -10 285.0 173.0 375.0 239.0 -1 -1 -1 -1000 -1000 -1000 -10 0.0007352828979492188
Car -1 -1 -10 254.0 135.0 422.0 281.0 -1 -1 -1 -1000 -1000 -1000 -10 0.0002543926239013672
Car -1 -1 -10 287.0 183.0 368.0 222.0 -1 -1 -1 -1000 -1000 -1000 -10 0.000247955322265625
Car -1 -1 -10 1218.0 197.0 1242.0 371.0 -1 -1 -1 -1000 -1000 -1000 -10 0.00024068355560302734
Car -1 -1 -10 598.0 173.0 628.0 207.0 -1 -1 -1 -1000 -1000 -1000 -10 0.00023829936981201172
Car -1 -1 -10 233.0 135.0 406.0 278.0 -1 -1 -1 -1000 -1000 -1000 -10 0.00022149085998535156
Car -1 -1 -10 1214.0 189.0 1241.0 375.0 -1 -1 -1 -1000 -1000 -1000 -10 0.0001647472381591797
Car -1 -1 -10 248.0 149.0 396.0 256.0 -1 -1 -1 -1000 -1000 -1000 -10 0.00015282630920410156
Car -1 -1 -10 1212.0 214.0 1242.0 374.0 -1 -1 -1 -1000 -1000 -1000 -10 0.00012576580047607422
Car -1 -1 -10 1204.0 194.0 1242.0 375.0 -1 -1 -1 -1000 -1000 -1000 -10 0.00011909008026123047
Car -1 -1 -10 603.0 176.0 629.0 202.0 -1 -1 -1 -1000 -1000 -1000 -10 0.00010669231414794922
