Car -1 -1 -10 287.0 162.0 371.0 198.0 -1 -1 -1 -1000 -1000 -1000 -10 0.951171875
Car -1 -1 -10 218.0 162.0 292.0 204.0 -1 -1 -1 -1000 -1000 -1000 -10 0.93603515625
Car -1 -1 -10 478.0 152.0 552.0 194.0 -1 -1 -1 -1000 -1000 -1000 -10 0.92919921875
Car -1 -1 -10 519.0 162.0 574.0 188.0 -1 -1 -1 -1000 -1000 -1000 -10 0.927734375
Car -1 -1 -10 719.0 154.0 783.0 182.0 -1 -1 -1 -1000 -1000 -1000 -10 0.92041015625
Car -1 -1 -10 566.0 160.0 622.0 188.0 -1 -1 -1 -1000 -1000 -1000 -10 0.91259765625
Car -1 -1 -10 745.0 160.0 797.0 180.0 -1 -1 -1 -1000 -1000 -1000 -10 0.9111328125
Car -1 -1 -10 681.0 164.0 742.0 185.0 -1 -1 -1 -1000 -1000 -1000 -10 0.9111328125
Car -1 -1 -10 769.0 162.0 814.0 180.0 -1 -1 -1 -1000 -1000 -1000 -10 0.90087890625
Car -1 -1 -10 155.0 150.0 230.0 205.0 -1 -1 -1 -1000 -1000 -1000 -10 0.89990234375
Car -1 -1 -10 659.0 165.0 709.0 186.0 -1 -1 -1 -1000 -1000 -1000 -10 0.87744140625
Car -1 -1 -10 599.0 166.0 659.0 188.0 -1 -1 -1 -1000 -1000 -1000 -10 0.869140625
Car -1 -1 -10 635.0 166.0 680.0 187.0 -1 -1 -1 -1000 -1000 -1000 -10 0.7705078125
Car -1 -1 -10 750.0 161.0 803.0 180.0 -1 -1 -1 -1000 -1000 -1000 -10 0.71728515625
Pedestrian -1 -1 -10 171.0 156.0 195.0 213.0 -1 -1 -1 -1000 -1000 -1000 -10 0.6787109375
Car -1 -1 -10 154.0 152.0 270.0 207.0 -1 -1 -1 -1000 -1000 -1000 -10 0.66845703125
Car -1 -1 -10 738.0 157.0 795.0 181.0 -1 -1 -1 -1000 -1000 -1000 -10 0.66650390625
Car -1 -1 -10 160.0 151.0 223.0 208.0 -1 -1 -1 -1000 -1000 -1000 -10 0.56982421875
Pedestrian -1 -1 -10 159.0 153.0 220.0 209.0 -1 -1 -1 -1000 -1000 -1000 -10 0.35400390625
Car -1 -1 -10 640.0 166.0 689.0 186.0 -1 -1 -1 -1000 -1000 -1000 -10 0.30029296875
Pedestrian -1 -1 -10 154.0 150.0 229.0 207.0 -1 -1 -1 -1000 -1000 -1000 -10 0.2344970703125
Car -1 -1 -10 598.0 164.0 652.0 187.0 -1 -1 -1 -1000 -1000 -1000 -10 0.134521484375
Pedestrian -1 -1 -10 172.0 156.0 201.0 212.0 -1 -1 -1 -1000 -1000 -1000 -10 0.11376953125
Pedestrian -1 -1 -10 170.0 152.0 208.0 209.0 -1 -1 -1 -1000 -1000 -1000 -10 0.11065673828125
Pedestrian -1 -1 -10 168.0 154.0 192.0 210.0 -1 -1 -1 -1000 -1000 -1000 -10 0.07855224609375
Car -1 -1 -10 596.0 167.0 652.0 188.0 -1 -1 -1 -1000 -1000 -1000 -10 0.074951171875
Car -1 -1 -10 548.0 161.0 607.0 186.0 -1 -1 -1 -1000 -1000 -1000 -10 0.0689697265625
Car -1 -1 -10 730.0 156.0 790.0 181.0 -1 -1 -1 -1000 -1000 -1000 -10 0.050811767578125
Car -1 -1 -10 551.0 160.0 623.0 189.0 -1 -1 -1 -1000 -1000 -1000 -10 0.0462646484375
Car -1 -1 -10 786.0 162.0 840.0 179.0 -1 -1 -1 -1000 -1000 -1000 -10 0.04437255859375
Car -1 -1 -10 683.0 165.0 732.0 186.0 -1 -1 -1 -1000 -1000 -1000 -10 0.0364990234375
Car -1 -1 -10 808.0 161.0 860.0 179.0 -1 -1 -1 -1000 -1000 -1000 -10 0.0211181640625
Car -1 -1 -10 151.0 154.0 209.0 205.0 -1 -1 -1 -1000 -1000 -1000 -10 0.0198516845703125
Car -1 -1 -10 686.0 164.0 738.0 184.0 -1 -1 -1 -1000 -1000 -1000 -10 0.01593017578125
Car -1 -1 -10 779.0 162.0 821.0 178.0 -1 -1 -1 -1000 -1000 -1000 -10 0.01500701904296875
Car -1 -1 -10 634.0 167.0 675.0 187.0 -1 -1 -1 -1000 -1000 -1000 -10 0.01467132568359375
Car -1 -1 -10 651.0 167.0 704.0 188.0 -1 -1 -1 -1000 -1000 -1000 -10 0.01338958740234375
Car -1 -1 -10 816.0 161.0 861.0 178.0 -1 -1 -1 -1000 -1000 -1000 -10 0.01201629638671875
Car -1 -1 -10 789.0 160.0 846.0 178.0 -1 -1 -1 -1000 -1000 -1000 -10 0.007648468017578125
Car -1 -1 -10 794.0 162.0 841.0 178.0 -1 -1 -1 -1000 -1000 -1000 -10 0.007312774658203125
Car -1 -1 -10 726.0 155.0 777.0 181.0 -1 -1 -1 -1000 -1000 -1000 -10 0.00634765625
Pedestrian -1 -1 -10 167.0 148.0 205.0 204.0 -1 -1 -1 -1000 -1000 -1000 -10 0.006290435791015625
Car -1 -1 -10 814.0 160.0 863.0 179.0 -1 -1 -1 -1000 -1000 -1000 -10 0.005527496337890625
Pedestrian -1 -1 -10 227.0 162.0 257.0 204.0 -1 -1 -1 -1000 -1000 -1000 -10 0.005306243896484375
Car -1 -1 -10 566.0 156.0 624.0 190.0 -1 -1 -1 -1000 -1000 -1000 -10 0.00494384765625
Car -1 -1 -10 162.0 147.0 268.0 210.0 -1 -1 -1 -1000 -1000 -1000 -10 0.003978729248046875
Car -1 -1 -10 557.0 158.0 617.0 185.0 -1 -1 -1 -1000 -1000 -1000 -10 0.0038299560546875
Pedestrian -1 -1 -10 215.0 159.0 271.0 201.0 -1 -1 -1 -1000 -1000 -1000 -10 0.0037250518798828125
Car -1 -1 -10 555.0 161.0 613.0 186.0 -1 -1 -1 -1000 -1000 -1000 -10 0.0035419464111328125
Car -1 -1 -10 818.0 162.0 866.0 181.0 -1 -1 -1 -1000 -1000 -1000 -10 0.003452301025390625
Car -1 -1 -10 214.0 163.0 266.0 204.0 -1 -1 -1 -1000 -1000 -1000 -10 0.0034313201904296875
Car -1 -1 -10 717.0 150.0 788.0 181.0 -1 -1 -1 -1000 -1000 -1000 -10 0.0032596588134765625
Car -1 -1 -10 745.0 162.0 798.0 182.0 -1 -1 -1 -1000 -1000 -1000 -10 0.0030975341796875
Car -1 -1 -10 149.0 148.0 216.0 203.0 -1 -1 -1 -1000 -1000 -1000 -10 0.0028057098388671875
Car -1 -1 -10 735.0 156.0 786.0 180.0 -1 -1 -1 -1000 -1000 -1000 -10 0.0027179718017578125
Pedestrian -1 -1 -10 221.0 163.0 275.0 205.0 -1 -1 -1 -1000 -1000 -1000 -10 0.002620697021484375
Car -1 -1 -10 1051.0 149.0 1084.0 172.0 -1 -1 -1 -1000 -1000 -1000 -10 0.0024814605712890625
Car -1 -1 -10 215.0 161.0 276.0 206.0 -1 -1 -1 -1000 -1000 -1000 -10 0.00235748291015625
Car -1 -1 -10 679.0 161.0 743.0 182.0 -1 -1 -1 -1000 -1000 -1000 -10 0.002346038818359375
Car -1 -1 -10 204.0 166.0 285.0 208.0 -1 -1 -1 -1000 -1000 -1000 -10 0.0023326873779296875
Car -1 -1 -10 743.0 153.0 800.0 184.0 -1 -1 -1 -1000 -1000 -1000 -10 0.0022678375244140625
Car -1 -1 -10 476.0 156.0 553.0 199.0 -1 -1 -1 -1000 -1000 -1000 -10 0.0021724700927734375
Car -1 -1 -10 164.0 160.0 227.0 210.0 -1 -1 -1 -1000 -1000 -1000 -10 0.001995086669921875
Car -1 -1 -10 588.0 162.0 640.0 185.0 -1 -1 -1 -1000 -1000 -1000 -10 0.0019178390502929688
Car -1 -1 -10 514.0 158.0 571.0 187.0 -1 -1 -1 -1000 -1000 -1000 -10 0.00189971923828125
Car -1 -1 -10 542.0 162.0 587.0 183.0 -1 -1 -1 -1000 -1000 -1000 -10 0.0018901824951171875
Car -1 -1 -10 679.0 157.0 745.0 189.0 -1 -1 -1 -1000 -1000 -1000 -10 0.0018177032470703125
Car -1 -1 -10 229.0 163.0 293.0 200.0 -1 -1 -1 -1000 -1000 -1000 -10 0.0018053054809570312
Car -1 -1 -10 473.0 154.0 545.0 197.0 -1 -1 -1 -1000 -1000 -1000 -10 0.0017633438110351562
Pedestrian -1 -1 -10 227.0 161.0 274.0 202.0 -1 -1 -1 -1000 -1000 -1000 -10 0.0015573501586914062
Car -1 -1 -10 152.0 145.0 233.0 210.0 -1 -1 -1 -1000 -1000 -1000 -10 0.001468658447265625
Car -1 -1 -10 719.0 150.0 782.0 185.0 -1 -1 -1 -1000 -1000 -1000 -10 0.0014400482177734375
Pedestrian -1 -1 -10 223.0 160.0 257.0 198.0 -1 -1 -1 -1000 -1000 -1000 -10 0.001377105712890625
Car -1 -1 -10 657.0 158.0 713.0 192.0 -1 -1 -1 -1000 -1000 -1000 -10 0.0012121200561523438
Car -1 -1 -10 597.0 159.0 662.0 192.0 -1 -1 -1 -1000 -1000 -1000 -10 0.001129150390625
Car -1 -1 -10 471.0 140.0 558.0 205.0 -1 -1 -1 -1000 -1000 -1000 -10 0.0011157989501953125
Pedestrian -1 -1 -10 154.0 151.0 205.0 200.0 -1 -1 -1 -1000 -1000 -1000 -10 0.0010862350463867188
Car -1 -1 -10 597.0 160.0 660.0 183.0 -1 -1 -1 -1000 -1000 -1000 -10 0.0010547637939453125
Car -1 -1 -10 157.0 150.0 202.0 201.0 -1 -1 -1 -1000 -1000 -1000 -10 0.001049041748046875
Car -1 -1 -10 634.0 159.0 684.0 191.0 -1 -1 -1 -1000 -1000 -1000 -10 0.0009984970092773438
Car -1 -1 -10 290.0 158.0 370.0 195.0 -1 -1 -1 -1000 -1000 -1000 -10 0.0009717941284179688
Car -1 -1 -10 212.0 154.0 298.0 217.0 -1 -1 -1 -1000 -1000 -1000 -10 0.0008940696716308594
Car -1 -1 -10 276.0 148.0 375.0 209.0 -1 -1 -1 -1000 -1000 -1000 -10 0.0008573532104492188
Car -1 -1 -10 790.0 161.0 838.0 177.0 -1 -1 -1 -1000 -1000 -1000 -10 0.0008521080017089844
Pedestrian -1 -1 -10 157.0 153.0 192.0 207.0 -1 -1 -1 -1000 -1000 -1000 -10 0.0008144378662109375
Car -1 -1 -10 166.0 151.0 216.0 204.0 -1 -1 -1 -1000 -1000 -1000 -10 0.0007920265197753906
Car -1 -1 -10 1044.0 149.0 1082.0 173.0 -1 -1 -1 -1000 -1000 -1000 -10 0.0007143020629882812
Pedestrian -1 -1 -10 224.0 163.0 265.0 205.0 -1 -1 -1 -1000 -1000 -1000 -10 0.0007009506225585938
Car -1 -1 -10 333.0 162.0 390.0 188.0 -1 -1 -1 -1000 -1000 -1000 -10 0.0006971359252929688
Car -1 -1 -10 675.0 165.0 735.0 186.0 -1 -1 -1 -1000 -1000 -1000 -10 0.0006971359252929688
Car -1 -1 -10 158.0 155.0 238.0 206.0 -1 -1 -1 -1000 -1000 -1000 -10 0.0006809234619140625
Car -1 -1 -10 519.0 158.0 575.0 192.0 -1 -1 -1 -1000 -1000 -1000 -10 0.000667572021484375
Pedestrian -1 -1 -10 161.0 150.0 196.0 201.0 -1 -1 -1 -1000 -1000 -1000 -10 0.000640869140625
Car -1 -1 -10 754.0 164.0 805.0 181.0 -1 -1 -1 -1000 -1000 -1000 -10 0.0006356239318847656
Car -1 -1 -10 1049.0 152.0 1085.0 172.0 -1 -1 -1 -1000 -1000 -1000 -10 0.00060272216796875
Car -1 -1 -10 539.0 162.0 599.0 185.0 -1 -1 -1 -1000 -1000 -1000 -10 0.0005998611450195312
Car -1 -1 -10 301.0 166.0 352.0 195.0 -1 -1 -1 -1000 -1000 -1000 -10 0.0005707740783691406
Car -1 -1 -10 1051.0 147.0 1087.0 173.0 -1 -1 -1 -1000 -1000 -1000 -10 0.0005350112915039062
Car -1 -1 -10 170.0 154.0 219.0 207.0 -1 -1 -1 -1000 -1000 -1000 -10 0.0005311965942382812
Car -1 -1 -10 652.0 160.0 709.0 191.0 -1 -1 -1 -1000 -1000 -1000 -10 0.0005292892456054688
Car -1 -1 -10 767.0 156.0 819.0 185.0 -1 -1 -1 -1000 -1000 -1000 -10 0.0005078315734863281
Car -1 -1 -10 777.0 164.0 818.0 180.0 -1 -1 -1 -1000 -1000 -1000 -10 0.0004992485046386719
Car -1 -1 -10 228.0 163.0 280.0 203.0 -1 -1 -1 -1000 -1000 -1000 -10 0.0004680156707763672
Car -1 -1 -10 818.0 160.0 867.0 183.0 -1 -1 -1 -1000 -1000 -1000 -10 0.00044798851013183594
Car -1 -1 -10 570.0 158.0 621.0 185.0 -1 -1 -1 -1000 -1000 -1000 -10 0.0004372596740722656
Car -1 -1 -10 140.0 119.0 303.0 234.0 -1 -1 -1 -1000 -1000 -1000 -10 0.00039196014404296875
Car -1 -1 -10 417.0 108.0 589.0 236.0 -1 -1 -1 -1000 -1000 -1000 -10 0.0003898143768310547
Car -1 -1 -10 787.0 160.0 843.0 182.0 -1 -1 -1 -1000 -1000 -1000 -10 0.0003859996795654297
Car -1 -1 -10 230.0 107.0 407.0 240.0 -1 -1 -1 -1000 -1000 -1000 -10 0.0003802776336669922
Car -1 -1 -10 635.0 161.0 679.0 182.0 -1 -1 -1 -1000 -1000 -1000 -10 0.00037217140197753906
Car -1 -1 -10 153.0 146.0 231.0 198.0 -1 -1 -1 -1000 -1000 -1000 -10 0.00035572052001953125
Car -1 -1 -10 1048.0 148.0 1082.0 171.0 -1 -1 -1 -1000 -1000 -1000 -10 0.0003540515899658203
Car -1 -1 -10 824.0 162.0 867.0 179.0 -1 -1 -1 -1000 -1000 -1000 -10 0.00034499168395996094
Car -1 -1 -10 572.0 162.0 625.0 188.0 -1 -1 -1 -1000 -1000 -1000 -10 0.0003399848937988281
Car -1 -1 -10 605.0 160.0 666.0 183.0 -1 -1 -1 -1000 -1000 -1000 -10 0.0003268718719482422
Car -1 -1 -10 424.0 121.0 609.0 249.0 -1 -1 -1 -1000 -1000 -1000 -10 0.00032591819763183594
Car -1 -1 -10 743.0 155.0 808.0 188.0 -1 -1 -1 -1000 -1000 -1000 -10 0.00032210350036621094
Car -1 -1 -10 250.0 104.0 424.0 238.0 -1 -1 -1 -1000 -1000 -1000 -10 0.0003108978271484375
Car -1 -1 -10 224.0 128.0 409.0 261.0 -1 -1 -1 -1000 -1000 -1000 -10 0.0003094673156738281
Car -1 -1 -10 586.0 162.0 665.0 191.0 -1 -1 -1 -1000 -1000 -1000 -10 0.00028777122497558594
Car -1 -1 -10 532.0 161.0 578.0 182.0 -1 -1 -1 -1000 -1000 -1000 -10 0.0002853870391845703
Car -1 -1 -10 768.0 160.0 818.0 187.0 -1 -1 -1 -1000 -1000 -1000 -10 0.0002837181091308594
Car -1 -1 -10 175.0 160.0 220.0 209.0 -1 -1 -1 -1000 -1000 -1000 -10 0.0002803802490234375
Car -1 -1 -10 171.0 129.0 351.0 263.0 -1 -1 -1 -1000 -1000 -1000 -10 0.0002772808074951172
Car -1 -1 -10 175.0 111.0 345.0 237.0 -1 -1 -1 -1000 -1000 -1000 -10 0.0002472400665283203
Pedestrian -1 -1 -10 115.0 0.0 141.0 8.0 -1 -1 -1 -1000 -1000 -1000 -10 0.00024235248565673828
Car -1 -1 -10 174.0 161.0 234.0 209.0 -1 -1 -1 -1000 -1000 -1000 -10 0.00021755695343017578
Car -1 -1 -10 98.0 124.0 278.0 253.0 -1 -1 -1 -1000 -1000 -1000 -10 0.00019919872283935547
Pedestrian -1 -1 -10 112.0 0.0 144.0 8.0 -1 -1 -1 -1000 -1000 -1000 -10 0.00019633769989013672
Pedestrian -1 -1 -10 221.0 160.0 256.0 193.0 -1 -1 -1 -1000 -1000 -1000 -10 0.0001882314682006836
Car -1 -1 -10 322.0 162.0 386.0 193.0 -1 -1 -1 -1000 -1000 -1000 -10 0.00018537044525146484
Car -1 -1 -10 1232.0 150.0 1241.0 169.0 -1 -1 -1 -1000 -1000 -1000 -10 0.00018477439880371094
Pedestrian -1 -1 -10 226.0 165.0 251.0 205.0 -1 -1 -1 -1000 -1000 -1000 -10 0.00017821788787841797
Pedestrian -1 -1 -10 102.0 0.0 137.0 13.0 -1 -1 -1 -1000 -1000 -1000 -10 0.00017249584197998047
Car -1 -1 -10 298.0 159.0 373.0 193.0 -1 -1 -1 -1000 -1000 -1000 -10 0.00016963481903076172
Pedestrian -1 -1 -10 126.0 0.0 148.0 4.0 -1 -1 -1 -1000 -1000 -1000 -10 0.0001653432846069336
Pedestrian -1 -1 -10 223.0 159.0 252.0 194.0 -1 -1 -1 -1000 -1000 -1000 -10 0.00015938282012939453
Car -1 -1 -10 1232.0 149.0 1242.0 170.0 -1 -1 -1 -1000 -1000 -1000 -10 0.0001519918441772461
Car -1 -1 -10 732.0 157.0 811.0 186.0 -1 -1 -1 -1000 -1000 -1000 -10 0.0001512765884399414
Car -1 -1 -10 821.0 164.0 861.0 181.0 -1 -1 -1 -1000 -1000 -1000 -10 0.00014984607696533203
Car -1 -1 -10 301.0 163.0 376.0 196.0 -1 -1 -1 -1000 -1000 -1000 -10 0.00014841556549072266
Car -1 -1 -10 823.0 155.0 879.0 179.0 -1 -1 -1 -1000 -1000 -1000 -10 0.00014841556549072266
Car -1 -1 -10 487.0 154.0 539.0 190.0 -1 -1 -1 -1000 -1000 -1000 -10 0.00014126300811767578
Car -1 -1 -10 150.0 156.0 186.0 207.0 -1 -1 -1 -1000 -1000 -1000 -10 0.0001379251480102539
Car -1 -1 -10 0.0 156.0 15.0 241.0 -1 -1 -1 -1000 -1000 -1000 -10 0.0001373291015625
Car -1 -1 -10 336.0 158.0 393.0 188.0 -1 -1 -1 -1000 -1000 -1000 -10 0.0001366138458251953
Pedestrian -1 -1 -10 153.0 157.0 182.0 206.0 -1 -1 -1 -1000 -1000 -1000 -10 0.00013649463653564453
Car -1 -1 -10 0.0 180.0 10.0 245.0 -1 -1 -1 -1000 -1000 -1000 -10 0.00013363361358642578
Car -1 -1 -10 590.0 160.0 646.0 182.0 -1 -1 -1 -1000 -1000 -1000 -10 0.00013208389282226562
Car -1 -1 -10 543.0 155.0 610.0 192.0 -1 -1 -1 -1000 -1000 -1000 -10 0.0001302957534790039
Car -1 -1 -10 105.0 113.0 274.0 237.0 -1 -1 -1 -1000 -1000 -1000 -10 0.00012886524200439453
Car -1 -1 -10 737.0 162.0 790.0 183.0 -1 -1 -1 -1000 -1000 -1000 -10 0.00012063980102539062
Car -1 -1 -10 0.0 165.0 11.0 243.0 -1 -1 -1 -1000 -1000 -1000 -10 0.00011897087097167969
Car -1 -1 -10 337.0 162.0 398.0 189.0 -1 -1 -1 -1000 -1000 -1000 -10 0.00011813640594482422
Car -1 -1 -10 809.0 164.0 858.0 181.0 -1 -1 -1 -1000 -1000 -1000 -10 0.00010919570922851562
Car -1 -1 -10 329.0 164.0 387.0 190.0 -1 -1 -1 -1000 -1000 -1000 -10 0.00010687112808227539
Car -1 -1 -10 690.0 162.0 754.0 184.0 -1 -1 -1 -1000 -1000 -1000 -10 0.00010651350021362305
Car -1 -1 -10 479.0 144.0 548.0 187.0 -1 -1 -1 -1000 -1000 -1000 -10 0.00010633468627929688
Car -1 -1 -10 815.0 164.0 853.0 181.0 -1 -1 -1 -1000 -1000 -1000 -10 0.00010609626770019531
Car -1 -1 -10 1232.0 145.0 1241.0 165.0 -1 -1 -1 -1000 -1000 -1000 -10 0.00010383129119873047
Car -1 -1 -10 567.0 164.0 623.0 191.0 -1 -1 -1 -1000 -1000 -1000 -10 0.00010037422180175781
