Car -1 -1 -10 347.0 144.0 434.0 210.0 -1 -1 -1 -1000 -1000 -1000 -10 0.9619140625
Car -1 -1 -10 591.0 170.0 625.0 202.0 -1 -1 -1 -1000 -1000 -1000 -10 0.9384765625
Car -1 -1 -10 679.0 156.0 745.0 190.0 -1 -1 -1 -1000 -1000 -1000 -10 0.92529296875
Car -1 -1 -10 430.0 179.0 460.0 198.0 -1 -1 -1 -1000 -1000 -1000 -10 0.2098388671875
Car -1 -1 -10 428.0 178.0 459.0 200.0 -1 -1 -1 -1000 -1000 -1000 -10 0.0723876953125
Car -1 -1 -10 432.0 176.0 462.0 196.0 -1 -1 -1 -1000 -1000 -1000 -10 0.0031948089599609375
Car -1 -1 -10 426.0 170.0 459.0 198.0 -1 -1 -1 -1000 -1000 -1000 -10 0.002750396728515625
Car -1 -1 -10 680.0 162.0 743.0 193.0 -1 -1 -1 -1000 -1000 -1000 -10 0.0023193359375
Car -1 -1 -10 0.0 203.0 20.0 272.0 -1 -1 -1 -1000 -1000 -1000 -10 0.0018568038940429688
Car -1 -1 -10 0.0 204.0 18.0 266.0 -1 -1 -1 -1000 -1000 -1000 -10 0.0014047622680664062
Car -1 -1 -10 544.0 0.0 625.0 53.0 -1 -1 -1 -1000 -1000 -1000 -10 0.0012264251708984375
Car -1 -1 -10 0.0 210.0 20.0 282.0 -1 -1 -1 -1000 -1000 -1000 -10 0.0011882781982421875
Car -1 -1 -10 534.0 0.0 613.0 52.0 -1 -1 -1 -1000 -1000 -1000 -10 0.0011568069458007812
Car -1 -1 -10 684.0 160.0 735.0 189.0 -1 -1 -1 -1000 -1000 -1000 -10 0.0010499954223632812
Car -1 -1 -10 1.0 210.0 17.0 260.0 -1 -1 -1 -1000 -1000 -1000 -10 0.0010166168212890625
Car -1 -1 -10 0.0 200.0 24.0 274.0 -1 -1 -1 -1000 -1000 -1000 -10 0.0010051727294921875
Car -1 -1 -10 670.0 139.0 749.0 207.0 -1 -1 -1 -1000 -1000 -1000 -10 0.0009937286376953125
Car -1 -1 -10 525.0 0.0 602.0 51.0 -1 -1 -1 -1000 -1000 -1000 -10 0.0008487701416015625
Car -1 -1 -10 543.0 4.0 629.0 59.0 -1 -1 -1 -1000 -1000 -1000 -10 0.0008044242858886719
Car -1 -1 -10 506.0 0.0 581.0 51.0 -1 -1 -1 -1000 -1000 -1000 -10 0.0008025169372558594
Car -1 -1 -10 516.0 0.0 590.0 51.0 -1 -1 -1 -1000 -1000 -1000 -10 0.0007381439208984375
Car -1 -1 -10 0.0 204.0 23.0 264.0 -1 -1 -1 -1000 -1000 -1000 -10 0.0007233619689941406
Car -1 -1 -10 329.0 129.0 453.0 222.0 -1 -1 -1 -1000 -1000 -1000 -10 0.0007190704345703125
Car -1 -1 -10 0.0 186.0 23.0 278.0 -1 -1 -1 -1000 -1000 -1000 -10 0.0006866455078125
Car -1 -1 -10 534.0 4.0 617.0 60.0 -1 -1 -1 -1000 -1000 -1000 -10 0.0006089210510253906
Car -1 -1 -10 0.0 210.0 25.0 282.0 -1 -1 -1 -1000 -1000 -1000 -10 0.0006079673767089844
Car -1 -1 -10 594.0 170.0 629.0 199.0 -1 -1 -1 -1000 -1000 -1000 -10 0.0005726814270019531
Car -1 -1 -10 673.0 145.0 756.0 211.0 -1 -1 -1 -1000 -1000 -1000 -10 0.0005192756652832031
Car -1 -1 -10 0.0 188.0 15.0 270.0 -1 -1 -1 -1000 -1000 -1000 -10 0.0005183219909667969
Car -1 -1 -10 1.0 212.0 24.0 267.0 -1 -1 -1 -1000 -1000 -1000 -10 0.0005016326904296875
Car -1 -1 -10 554.0 0.0 634.0 52.0 -1 -1 -1 -1000 -1000 -1000 -10 0.00048470497131347656
Car -1 -1 -10 590.0 170.0 620.0 201.0 -1 -1 -1 -1000 -1000 -1000 -10 0.0004248619079589844
Car -1 -1 -10 615.0 100.0 781.0 242.0 -1 -1 -1 -1000 -1000 -1000 -10 0.0004153251647949219
Car -1 -1 -10 0.0 207.0 16.0 290.0 -1 -1 -1 -1000 -1000 -1000 -10 0.00039124488830566406
Car -1 -1 -10 688.0 157.0 739.0 188.0 -1 -1 -1 -1000 -1000 -1000 -10 0.0003857612609863281
Car -1 -1 -10 594.0 0.0 677.0 52.0 -1 -1 -1 -1000 -1000 -1000 -10 0.0003197193145751953
Car -1 -1 -10 525.0 4.0 604.0 59.0 -1 -1 -1 -1000 -1000 -1000 -10 0.000308990478515625
Car -1 -1 -10 631.0 98.0 806.0 242.0 -1 -1 -1 -1000 -1000 -1000 -10 0.0003082752227783203
Car -1 -1 -10 0.0 203.0 29.0 276.0 -1 -1 -1 -1000 -1000 -1000 -10 0.00030803680419921875
Car -1 -1 -10 0.0 195.0 31.0 286.0 -1 -1 -1 -1000 -1000 -1000 -10 0.00027751922607421875
Car -1 -1 -10 418.0 174.0 458.0 210.0 -1 -1 -1 -1000 -1000 -1000 -10 0.0002543926239013672
Car -1 -1 -10 632.0 122.0 808.0 254.0 -1 -1 -1 -1000 -1000 -1000 -10 0.00024437904357910156
Car -1 -1 -10 590.0 167.0 626.0 205.0 -1 -1 -1 -1000 -1000 -1000 -10 0.0002359151840209961
Car -1 -1 -10 0.0 189.0 23.0 265.0 -1 -1 -1 -1000 -1000 -1000 -10 0.00020563602447509766
Car -1 -1 -10 494.0 0.0 570.0 50.0 -1 -1 -1 -1000 -1000 -1000 -10 0.00018930435180664062
Car -1 -1 -10 585.0 0.0 664.0 52.0 -1 -1 -1 -1000 -1000 -1000 -10 0.00017571449279785156
Car -1 -1 -10 0.0 200.0 14.0 256.0 -1 -1 -1 -1000 -1000 -1000 -10 0.00016057491302490234
Car -1 -1 -10 485.0 0.0 559.0 49.0 -1 -1 -1 -1000 -1000 -1000 -10 0.00015842914581298828
Car -1 -1 -10 417.0 162.0 455.0 204.0 -1 -1 -1 -1000 -1000 -1000 -10 0.00015485286712646484
Car -1 -1 -10 679.0 146.0 746.0 184.0 -1 -1 -1 -1000 -1000 -1000 -10 0.00014972686767578125
Car -1 -1 -10 465.0 0.0 540.0 49.0 -1 -1 -1 -1000 -1000 -1000 -10 0.00013363361358642578
Car -1 -1 -10 0.0 220.0 15.0 276.0 -1 -1 -1 -1000 -1000 -1000 -10 0.00013172626495361328
Cyclist -1 -1 -10 63.0 118.0 97.0 147.0 -1 -1 -1 -1000 -1000 -1000 -10 0.00012218952178955078
Car -1 -1 -10 595.0 172.0 631.0 202.0 -1 -1 -1 -1000 -1000 -1000 -10 0.00011754035949707031
Car -1 -1 -10 363.0 145.0 413.0 204.0 -1 -1 -1 -1000 -1000 -1000 -10 0.00011104345321655273
Car -1 -1 -10 550.0 5.0 621.0 58.0 -1 -1 -1 -1000 -1000 -1000 -10 0.00010961294174194336
Car -1 -1 -10 532.0 148.0 569.0 188.0 -1 -1 -1 -1000 -1000 -1000 -10 0.00010520219802856445
Car -1 -1 -10 604.0 0.0 693.0 54.0 -1 -1 -1 -1000 -1000 -1000 -10 0.00010329484939575195
Car -1 -1 -10 516.0 4.0 591.0 59.0 -1 -1 -1 -1000 -1000 -1000 -10 0.00010025501251220703
