Car -1 -1 -10 585.0 177.0 612.0 204.0 -1 -1 -1 -1000 -1000 -1000 -10 0.94091796875
Car -1 -1 -10 408.0 180.0 456.0 214.0 -1 -1 -1 -1000 -1000 -1000 -10 0.9287109375
Car -1 -1 -10 389.0 175.0 431.0 208.0 -1 -1 -1 -1000 -1000 -1000 -10 0.92431640625
Car -1 -1 -10 485.0 172.0 511.0 197.0 -1 -1 -1 -1000 -1000 -1000 -10 0.92041015625
Car -1 -1 -10 399.0 178.0 453.0 213.0 -1 -1 -1 -1000 -1000 -1000 -10 0.57080078125
Car -1 -1 -10 414.0 180.0 457.0 212.0 -1 -1 -1 -1000 -1000 -1000 -10 0.0111541748046875
Car -1 -1 -10 398.0 179.0 447.0 211.0 -1 -1 -1 -1000 -1000 -1000 -10 0.0029315948486328125
Car -1 -1 -10 413.0 177.0 453.0 207.0 -1 -1 -1 -1000 -1000 -1000 -10 0.0017728805541992188
Car -1 -1 -10 587.0 176.0 614.0 202.0 -1 -1 -1 -1000 -1000 -1000 -10 0.00164794921875
Car -1 -1 -10 0.0 179.0 14.0 227.0 -1 -1 -1 -1000 -1000 -1000 -10 0.0015811920166015625
Car -1 -1 -10 1.0 176.0 18.0 231.0 -1 -1 -1 -1000 -1000 -1000 -10 0.0014295578002929688
Car -1 -1 -10 1.0 180.0 16.0 234.0 -1 -1 -1 -1000 -1000 -1000 -10 0.0011072158813476562
Car -1 -1 -10 0.0 168.0 15.0 228.0 -1 -1 -1 -1000 -1000 -1000 -10 0.000988006591796875
Car -1 -1 -10 0.0 183.0 12.0 231.0 -1 -1 -1 -1000 -1000 -1000 -10 0.0009555816650390625
Car -1 -1 -10 346.0 0.0 407.0 51.0 -1 -1 -1 -1000 -1000 -1000 -10 0.0009136199951171875
Car -1 -1 -10 356.0 0.0 417.0 51.0 -1 -1 -1 -1000 -1000 -1000 -10 0.000850677490234375
Car -1 -1 -10 0.0 173.0 15.0 223.0 -1 -1 -1 -1000 -1000 -1000 -10 0.0006661415100097656
Car -1 -1 -10 412.0 183.0 458.0 215.0 -1 -1 -1 -1000 -1000 -1000 -10 0.0006632804870605469
Car -1 -1 -10 1.0 177.0 23.0 230.0 -1 -1 -1 -1000 -1000 -1000 -10 0.0006284713745117188
Car -1 -1 -10 0.0 180.0 19.0 225.0 -1 -1 -1 -1000 -1000 -1000 -10 0.0006270408630371094
Car -1 -1 -10 1215.0 187.0 1242.0 375.0 -1 -1 -1 -1000 -1000 -1000 -10 0.00054168701171875
Car -1 -1 -10 484.0 168.0 510.0 200.0 -1 -1 -1 -1000 -1000 -1000 -10 0.0005068778991699219
Car -1 -1 -10 1.0 168.0 23.0 237.0 -1 -1 -1 -1000 -1000 -1000 -10 0.0005011558532714844
Car -1 -1 -10 402.0 163.0 462.0 221.0 -1 -1 -1 -1000 -1000 -1000 -10 0.0004875659942626953
Car -1 -1 -10 0.0 145.0 22.0 233.0 -1 -1 -1 -1000 -1000 -1000 -10 0.0004711151123046875
Car -1 -1 -10 364.0 0.0 431.0 51.0 -1 -1 -1 -1000 -1000 -1000 -10 0.0004680156707763672
Car -1 -1 -10 391.0 164.0 458.0 226.0 -1 -1 -1 -1000 -1000 -1000 -10 0.0004515647888183594
Car -1 -1 -10 485.0 170.0 512.0 203.0 -1 -1 -1 -1000 -1000 -1000 -10 0.0003781318664550781
Car -1 -1 -10 0.0 166.0 21.0 225.0 -1 -1 -1 -1000 -1000 -1000 -10 0.0003666877746582031
Car -1 -1 -10 0.0 128.0 25.0 248.0 -1 -1 -1 -1000 -1000 -1000 -10 0.0003447532653808594
Car -1 -1 -10 526.0 0.0 583.0 54.0 -1 -1 -1 -1000 -1000 -1000 -10 0.0003337860107421875
Car -1 -1 -10 387.0 1.0 449.0 52.0 -1 -1 -1 -1000 -1000 -1000 -10 0.0003306865692138672
Car -1 -1 -10 1218.0 211.0 1242.0 375.0 -1 -1 -1 -1000 -1000 -1000 -10 0.0003197193145751953
Car -1 -1 -10 1217.0 165.0 1242.0 365.0 -1 -1 -1 -1000 -1000 -1000 -10 0.00029659271240234375
Car -1 -1 -10 583.0 175.0 613.0 208.0 -1 -1 -1 -1000 -1000 -1000 -10 0.0002777576446533203
Car -1 -1 -10 325.0 139.0 500.0 268.0 -1 -1 -1 -1000 -1000 -1000 -10 0.00027680397033691406
Car -1 -1 -10 396.0 0.0 459.0 52.0 -1 -1 -1 -1000 -1000 -1000 -10 0.0002684593200683594
Car -1 -1 -10 1204.0 184.0 1241.0 375.0 -1 -1 -1 -1000 -1000 -1000 -10 0.0002682209014892578
Car -1 -1 -10 461.0 0.0 523.0 53.0 -1 -1 -1 -1000 -1000 -1000 -10 0.0002465248107910156
Car -1 -1 -10 380.0 158.0 439.0 219.0 -1 -1 -1 -1000 -1000 -1000 -10 0.00023937225341796875
Car -1 -1 -10 349.0 124.0 518.0 243.0 -1 -1 -1 -1000 -1000 -1000 -10 0.0002390146255493164
Car -1 -1 -10 408.0 1.0 470.0 53.0 -1 -1 -1 -1000 -1000 -1000 -10 0.00022232532501220703
Car -1 -1 -10 1.0 184.0 19.0 233.0 -1 -1 -1 -1000 -1000 -1000 -10 0.0002193450927734375
Car -1 -1 -10 375.0 0.0 443.0 52.0 -1 -1 -1 -1000 -1000 -1000 -10 0.00021731853485107422
Car -1 -1 -10 471.0 0.0 533.0 53.0 -1 -1 -1 -1000 -1000 -1000 -10 0.00021278858184814453
Car -1 -1 -10 438.0 0.0 501.0 53.0 -1 -1 -1 -1000 -1000 -1000 -10 0.00020956993103027344
Car -1 -1 -10 428.0 1.0 492.0 53.0 -1 -1 -1 -1000 -1000 -1000 -10 0.00020563602447509766
Car -1 -1 -10 418.0 1.0 481.0 53.0 -1 -1 -1 -1000 -1000 -1000 -10 0.00019693374633789062
Car -1 -1 -10 314.0 117.0 487.0 244.0 -1 -1 -1 -1000 -1000 -1000 -10 0.0001875162124633789
Car -1 -1 -10 333.0 0.0 400.0 50.0 -1 -1 -1 -1000 -1000 -1000 -10 0.00018608570098876953
Car -1 -1 -10 448.0 0.0 511.0 53.0 -1 -1 -1 -1000 -1000 -1000 -10 0.00018131732940673828
Car -1 -1 -10 480.0 0.0 540.0 53.0 -1 -1 -1 -1000 -1000 -1000 -10 0.0001786947250366211
Car -1 -1 -10 583.0 177.0 605.0 200.0 -1 -1 -1 -1000 -1000 -1000 -10 0.00017333030700683594
Car -1 -1 -10 485.0 169.0 509.0 195.0 -1 -1 -1 -1000 -1000 -1000 -10 0.00016057491302490234
Car -1 -1 -10 505.0 176.0 523.0 193.0 -1 -1 -1 -1000 -1000 -1000 -10 0.0001494884490966797
Car -1 -1 -10 0.0 161.0 27.0 243.0 -1 -1 -1 -1000 -1000 -1000 -10 0.00014531612396240234
Car -1 -1 -10 326.0 1.0 385.0 49.0 -1 -1 -1 -1000 -1000 -1000 -10 0.0001405477523803711
Car -1 -1 -10 1206.0 214.0 1242.0 375.0 -1 -1 -1 -1000 -1000 -1000 -10 0.00013387203216552734
Car -1 -1 -10 0.0 150.0 17.0 226.0 -1 -1 -1 -1000 -1000 -1000 -10 0.0001227855682373047
Car -1 -1 -10 0.0 185.0 11.0 252.0 -1 -1 -1 -1000 -1000 -1000 -10 0.00011134147644042969
Car -1 -1 -10 1203.0 158.0 1242.0 368.0 -1 -1 -1 -1000 -1000 -1000 -10 0.00010752677917480469
Car -1 -1 -10 509.0 0.0 576.0 53.0 -1 -1 -1 -1000 -1000 -1000 -10 0.00010734796524047852
Car -1 -1 -10 0.0 97.0 23.0 232.0 -1 -1 -1 -1000 -1000 -1000 -10 0.00010609626770019531
Car -1 -1 -10 0.0 80.0 25.0 250.0 -1 -1 -1 -1000 -1000 -1000 -10 0.00010591745376586914
Car -1 -1 -10 497.0 173.0 516.0 196.0 -1 -1 -1 -1000 -1000 -1000 -10 0.00010335445404052734
Car -1 -1 -10 0.0 131.0 30.0 235.0 -1 -1 -1 -1000 -1000 -1000 -10 0.00010007619857788086
