Car -1 -1 -10 492.0 163.0 552.0 209.0 -1 -1 -1 -1000 -1000 -1000 -10 0.95556640625
Car -1 -1 -10 760.0 171.0 779.0 189.0 -1 -1 -1 -1000 -1000 -1000 -10 0.888671875
Car -1 -1 -10 758.0 170.0 780.0 190.0 -1 -1 -1 -1000 -1000 -1000 -10 0.004840850830078125
Car -1 -1 -10 645.0 1.0 712.0 55.0 -1 -1 -1 -1000 -1000 -1000 -10 0.0016393661499023438
Car -1 -1 -10 487.0 151.0 554.0 214.0 -1 -1 -1 -1000 -1000 -1000 -10 0.0007925033569335938
Car -1 -1 -10 1214.0 197.0 1242.0 368.0 -1 -1 -1 -1000 -1000 -1000 -10 0.0007166862487792969
Car -1 -1 -10 759.0 174.0 779.0 191.0 -1 -1 -1 -1000 -1000 -1000 -10 0.0005450248718261719
Car -1 -1 -10 758.0 171.0 778.0 187.0 -1 -1 -1 -1000 -1000 -1000 -10 0.00045561790466308594
Car -1 -1 -10 434.0 115.0 597.0 237.0 -1 -1 -1 -1000 -1000 -1000 -10 0.0004031658172607422
Car -1 -1 -10 1218.0 175.0 1242.0 354.0 -1 -1 -1 -1000 -1000 -1000 -10 0.0003955364227294922
Car -1 -1 -10 756.0 171.0 778.0 193.0 -1 -1 -1 -1000 -1000 -1000 -10 0.00033092498779296875
Car -1 -1 -10 759.0 167.0 782.0 194.0 -1 -1 -1 -1000 -1000 -1000 -10 0.0003178119659423828
Car -1 -1 -10 428.0 126.0 607.0 267.0 -1 -1 -1 -1000 -1000 -1000 -10 0.00030350685119628906
Car -1 -1 -10 1211.0 210.0 1242.0 375.0 -1 -1 -1 -1000 -1000 -1000 -10 0.00030040740966796875
Car -1 -1 -10 1193.0 218.0 1241.0 372.0 -1 -1 -1 -1000 -1000 -1000 -10 0.0002846717834472656
Car -1 -1 -10 634.0 1.0 706.0 54.0 -1 -1 -1 -1000 -1000 -1000 -10 0.0002658367156982422
Car -1 -1 -10 484.0 164.0 546.0 208.0 -1 -1 -1 -1000 -1000 -1000 -10 0.0002639293670654297
Car -1 -1 -10 498.0 166.0 549.0 209.0 -1 -1 -1 -1000 -1000 -1000 -10 0.00021135807037353516
Car -1 -1 -10 1201.0 162.0 1242.0 371.0 -1 -1 -1 -1000 -1000 -1000 -10 0.00019502639770507812
Car -1 -1 -10 461.0 120.0 605.0 236.0 -1 -1 -1 -1000 -1000 -1000 -10 0.0001533031463623047
Car -1 -1 -10 760.0 166.0 781.0 186.0 -1 -1 -1 -1000 -1000 -1000 -10 0.000141143798828125
Car -1 -1 -10 0.0 222.0 23.0 373.0 -1 -1 -1 -1000 -1000 -1000 -10 0.00012886524200439453
Car -1 -1 -10 1194.0 181.0 1242.0 364.0 -1 -1 -1 -1000 -1000 -1000 -10 0.00012034177780151367
Car -1 -1 -10 138.0 90.0 166.0 114.0 -1 -1 -1 -1000 -1000 -1000 -10 0.00011831521987915039
Car -1 -1 -10 793.0 323.0 933.0 375.0 -1 -1 -1 -1000 -1000 -1000 -10 0.00011491775512695312
