Car -1 -1 -10 809.0 151.0 1242.0 317.0 -1 -1 -1 -1000 -1000 -1000 -10 0.966796875
Car -1 -1 -10 34.0 197.0 421.0 316.0 -1 -1 -1 -1000 -1000 -1000 -10 0.96630859375
Car -1 -1 -10 335.0 182.0 505.0 237.0 -1 -1 -1 -1000 -1000 -1000 -10 0.9541015625
Car -1 -1 -10 401.0 181.0 536.0 221.0 -1 -1 -1 -1000 -1000 -1000 -10 0.92822265625
Car -1 -1 -10 780.0 171.0 948.0 244.0 -1 -1 -1 -1000 -1000 -1000 -10 0.90771484375
Car -1 -1 -10 794.0 170.0 1057.0 261.0 -1 -1 -1 -1000 -1000 -1000 -10 0.90185546875
Car -1 -1 -10 916.0 170.0 1241.0 373.0 -1 -1 -1 -1000 -1000 -1000 -10 0.89697265625
Pedestrian -1 -1 -10 546.0 169.0 562.0 208.0 -1 -1 -1 -1000 -1000 -1000 -10 0.88427734375
Car -1 -1 -10 875.0 159.0 1238.0 357.0 -1 -1 -1 -1000 -1000 -1000 -10 0.81689453125
Car -1 -1 -10 781.0 171.0 983.0 248.0 -1 -1 -1 -1000 -1000 -1000 -10 0.6962890625
Car -1 -1 -10 786.0 170.0 1023.0 253.0 -1 -1 -1 -1000 -1000 -1000 -10 0.2470703125
Car -1 -1 -10 777.0 173.0 919.0 241.0 -1 -1 -1 -1000 -1000 -1000 -10 0.060089111328125
Pedestrian -1 -1 -10 544.0 168.0 563.0 210.0 -1 -1 -1 -1000 -1000 -1000 -10 0.0209503173828125
Car -1 -1 -10 805.0 156.0 1078.0 261.0 -1 -1 -1 -1000 -1000 -1000 -10 0.01006317138671875
Car -1 -1 -10 804.0 174.0 1074.0 276.0 -1 -1 -1 -1000 -1000 -1000 -10 0.00701904296875
Car -1 -1 -10 783.0 160.0 1033.0 266.0 -1 -1 -1 -1000 -1000 -1000 -10 0.00531005859375
Car -1 -1 -10 776.0 168.0 935.0 235.0 -1 -1 -1 -1000 -1000 -1000 -10 0.0050201416015625
Cyclist -1 -1 -10 0.0 176.0 59.0 372.0 -1 -1 -1 -1000 -1000 -1000 -10 0.0032176971435546875
Car -1 -1 -10 790.0 164.0 1051.0 250.0 -1 -1 -1 -1000 -1000 -1000 -10 0.0031375885009765625
Car -1 -1 -10 778.0 182.0 933.0 247.0 -1 -1 -1 -1000 -1000 -1000 -10 0.002490997314453125
Car -1 -1 -10 798.0 147.0 1120.0 272.0 -1 -1 -1 -1000 -1000 -1000 -10 0.00247955322265625
Cyclist -1 -1 -10 1.0 175.0 88.0 375.0 -1 -1 -1 -1000 -1000 -1000 -10 0.0020294189453125
Car -1 -1 -10 796.0 176.0 1025.0 265.0 -1 -1 -1 -1000 -1000 -1000 -10 0.0015392303466796875
Cyclist -1 -1 -10 0.0 184.0 71.0 374.0 -1 -1 -1 -1000 -1000 -1000 -10 0.0012722015380859375
Car -1 -1 -10 817.0 162.0 1109.0 277.0 -1 -1 -1 -1000 -1000 -1000 -10 0.0011720657348632812
Pedestrian -1 -1 -10 528.0 169.0 544.0 207.0 -1 -1 -1 -1000 -1000 -1000 -10 0.0008516311645507812
Cyclist -1 -1 -10 0.0 170.0 34.0 364.0 -1 -1 -1 -1000 -1000 -1000 -10 0.0008087158203125
Car -1 -1 -10 776.0 159.0 955.0 259.0 -1 -1 -1 -1000 -1000 -1000 -10 0.0007534027099609375
Car -1 -1 -10 395.0 170.0 541.0 233.0 -1 -1 -1 -1000 -1000 -1000 -10 0.0007009506225585938
Car -1 -1 -10 391.0 179.0 528.0 217.0 -1 -1 -1 -1000 -1000 -1000 -10 0.0006561279296875
Pedestrian -1 -1 -10 531.0 170.0 552.0 208.0 -1 -1 -1 -1000 -1000 -1000 -10 0.0006012916564941406
Cyclist -1 -1 -10 0.0 190.0 39.0 363.0 -1 -1 -1 -1000 -1000 -1000 -10 0.0005965232849121094
Car -1 -1 -10 418.0 180.0 535.0 218.0 -1 -1 -1 -1000 -1000 -1000 -10 0.0005698204040527344
Car -1 -1 -10 796.0 173.0 963.0 249.0 -1 -1 -1 -1000 -1000 -1000 -10 0.0005331039428710938
Car -1 -1 -10 368.0 136.0 568.0 247.0 -1 -1 -1 -1000 -1000 -1000 -10 0.00035500526428222656
Pedestrian -1 -1 -10 546.0 173.0 561.0 213.0 -1 -1 -1 -1000 -1000 -1000 -10 0.00034165382385253906
Car -1 -1 -10 921.0 154.0 1226.0 349.0 -1 -1 -1 -1000 -1000 -1000 -10 0.00031375885009765625
Car -1 -1 -10 922.0 159.0 1224.0 288.0 -1 -1 -1 -1000 -1000 -1000 -10 0.0002949237823486328
Car -1 -1 -10 330.0 186.0 483.0 235.0 -1 -1 -1 -1000 -1000 -1000 -10 0.00029349327087402344
Cyclist -1 -1 -10 0.0 196.0 124.0 372.0 -1 -1 -1 -1000 -1000 -1000 -10 0.00029015541076660156
Car -1 -1 -10 359.0 133.0 578.0 276.0 -1 -1 -1 -1000 -1000 -1000 -10 0.000278472900390625
Car -1 -1 -10 827.0 173.0 974.0 247.0 -1 -1 -1 -1000 -1000 -1000 -10 0.0002765655517578125
Car -1 -1 -10 310.0 159.0 539.0 273.0 -1 -1 -1 -1000 -1000 -1000 -10 0.00026988983154296875
Car -1 -1 -10 792.0 166.0 957.0 233.0 -1 -1 -1 -1000 -1000 -1000 -10 0.0002340078353881836
Car -1 -1 -10 2.0 207.0 100.0 369.0 -1 -1 -1 -1000 -1000 -1000 -10 0.00021255016326904297
Pedestrian -1 -1 -10 814.0 0.0 886.0 39.0 -1 -1 -1 -1000 -1000 -1000 -10 0.0002124309539794922
Car -1 -1 -10 42.0 200.0 337.0 316.0 -1 -1 -1 -1000 -1000 -1000 -10 0.00020754337310791016
Car -1 -1 -10 404.0 185.0 436.0 232.0 -1 -1 -1 -1000 -1000 -1000 -10 0.00020194053649902344
Cyclist -1 -1 -10 0.0 208.0 104.0 368.0 -1 -1 -1 -1000 -1000 -1000 -10 0.00017893314361572266
Pedestrian -1 -1 -10 522.0 170.0 539.0 207.0 -1 -1 -1 -1000 -1000 -1000 -10 0.00017642974853515625
Cyclist -1 -1 -10 1.0 210.0 68.0 367.0 -1 -1 -1 -1000 -1000 -1000 -10 0.00014925003051757812
Car -1 -1 -10 441.0 184.0 489.0 215.0 -1 -1 -1 -1000 -1000 -1000 -10 0.0001437664031982422
Pedestrian -1 -1 -10 524.0 167.0 558.0 213.0 -1 -1 -1 -1000 -1000 -1000 -10 0.00014281272888183594
Car -1 -1 -10 777.0 157.0 996.0 255.0 -1 -1 -1 -1000 -1000 -1000 -10 0.00011640787124633789
Car -1 -1 -10 1004.0 176.0 1234.0 370.0 -1 -1 -1 -1000 -1000 -1000 -10 0.00011545419692993164
Pedestrian -1 -1 -10 523.0 167.0 538.0 206.0 -1 -1 -1 -1000 -1000 -1000 -10 0.00011169910430908203
Car -1 -1 -10 95.0 199.0 406.0 313.0 -1 -1 -1 -1000 -1000 -1000 -10 0.00010830163955688477
Car -1 -1 -10 1218.0 180.0 1242.0 373.0 -1 -1 -1 -1000 -1000 -1000 -10 0.00010627508163452148
