Car -1 -1 -10 0.0 202.0 238.0 324.0 -1 -1 -1 -1000 -1000 -1000 -10 0.96728515625
Car -1 -1 -10 453.0 184.0 513.0 207.0 -1 -1 -1 -1000 -1000 -1000 -10 0.89453125
Car -1 -1 -10 460.0 184.0 518.0 206.0 -1 -1 -1 -1000 -1000 -1000 -10 0.0264434814453125
Car -1 -1 -10 452.0 187.0 512.0 209.0 -1 -1 -1 -1000 -1000 -1000 -10 0.0180511474609375
Car -1 -1 -10 455.0 186.0 505.0 207.0 -1 -1 -1 -1000 -1000 -1000 -10 0.004718780517578125
Car -1 -1 -10 454.0 182.0 513.0 203.0 -1 -1 -1 -1000 -1000 -1000 -10 0.0011806488037109375
Car -1 -1 -10 470.0 182.0 518.0 205.0 -1 -1 -1 -1000 -1000 -1000 -10 0.00115203857421875
Car -1 -1 -10 453.0 180.0 514.0 212.0 -1 -1 -1 -1000 -1000 -1000 -10 0.0010585784912109375
Car -1 -1 -10 53.0 208.0 178.0 316.0 -1 -1 -1 -1000 -1000 -1000 -10 0.00091552734375
Car -1 -1 -10 475.0 182.0 527.0 204.0 -1 -1 -1 -1000 -1000 -1000 -10 0.0004012584686279297
Car -1 -1 -10 0.0 210.0 21.0 354.0 -1 -1 -1 -1000 -1000 -1000 -10 0.00033020973205566406
Car -1 -1 -10 616.0 178.0 633.0 194.0 -1 -1 -1 -1000 -1000 -1000 -10 0.00021457672119140625
Cyclist -1 -1 -10 1231.0 197.0 1241.0 289.0 -1 -1 -1 -1000 -1000 -1000 -10 0.0002124309539794922
Car -1 -1 -10 483.0 183.0 526.0 204.0 -1 -1 -1 -1000 -1000 -1000 -10 0.00021088123321533203
Cyclist -1 -1 -10 1230.0 194.0 1242.0 312.0 -1 -1 -1 -1000 -1000 -1000 -10 0.0001823902130126953
Car -1 -1 -10 447.0 183.0 507.0 206.0 -1 -1 -1 -1000 -1000 -1000 -10 0.00015044212341308594
Car -1 -1 -10 0.0 179.0 19.0 261.0 -1 -1 -1 -1000 -1000 -1000 -10 0.0001442432403564453
Pedestrian -1 -1 -10 729.0 0.0 809.0 44.0 -1 -1 -1 -1000 -1000 -1000 -10 0.00012695789337158203
Car -1 -1 -10 0.0 215.0 25.0 375.0 -1 -1 -1 -1000 -1000 -1000 -10 0.00011652708053588867
Car -1 -1 -10 0.0 199.0 19.0 320.0 -1 -1 -1 -1000 -1000 -1000 -10 0.00011199712753295898
Car -1 -1 -10 490.0 184.0 538.0 205.0 -1 -1 -1 -1000 -1000 -1000 -10 0.00010854005813598633
Car -1 -1 -10 0.0 191.0 18.0 286.0 -1 -1 -1 -1000 -1000 -1000 -10 0.00010007619857788086
