Car -1 -1 -10 750.0 171.0 905.0 256.0 -1 -1 -1 -1000 -1000 -1000 -10 0.9658203125
Car -1 -1 -10 124.0 184.0 282.0 252.0 -1 -1 -1 -1000 -1000 -1000 -10 0.9638671875
Car -1 -1 -10 594.0 178.0 636.0 218.0 -1 -1 -1 -1000 -1000 -1000 -10 0.9609375
Car -1 -1 -10 0.0 193.0 150.0 285.0 -1 -1 -1 -1000 -1000 -1000 -10 0.96044921875
Car -1 -1 -10 726.0 173.0 871.0 242.0 -1 -1 -1 -1000 -1000 -1000 -10 0.9306640625
Car -1 -1 -10 497.0 179.0 521.0 195.0 -1 -1 -1 -1000 -1000 -1000 -10 0.93017578125
Car -1 -1 -10 686.0 178.0 807.0 230.0 -1 -1 -1 -1000 -1000 -1000 -10 0.927734375
Car -1 -1 -10 536.0 180.0 555.0 194.0 -1 -1 -1 -1000 -1000 -1000 -10 0.9052734375
Car -1 -1 -10 634.0 173.0 678.0 192.0 -1 -1 -1 -1000 -1000 -1000 -10 0.8447265625
Car -1 -1 -10 661.0 174.0 745.0 210.0 -1 -1 -1 -1000 -1000 -1000 -10 0.8330078125
Car -1 -1 -10 671.0 174.0 764.0 218.0 -1 -1 -1 -1000 -1000 -1000 -10 0.810546875
Car -1 -1 -10 676.0 177.0 779.0 223.0 -1 -1 -1 -1000 -1000 -1000 -10 0.80078125
Car -1 -1 -10 664.0 174.0 754.0 214.0 -1 -1 -1 -1000 -1000 -1000 -10 0.7451171875
Car -1 -1 -10 637.0 174.0 682.0 193.0 -1 -1 -1 -1000 -1000 -1000 -10 0.66162109375
Car -1 -1 -10 734.0 171.0 891.0 247.0 -1 -1 -1 -1000 -1000 -1000 -10 0.66064453125
Car -1 -1 -10 693.0 175.0 858.0 236.0 -1 -1 -1 -1000 -1000 -1000 -10 0.5400390625
Car -1 -1 -10 678.0 176.0 793.0 227.0 -1 -1 -1 -1000 -1000 -1000 -10 0.52001953125
Car -1 -1 -10 642.0 175.0 690.0 194.0 -1 -1 -1 -1000 -1000 -1000 -10 0.16650390625
Car -1 -1 -10 630.0 173.0 671.0 190.0 -1 -1 -1 -1000 -1000 -1000 -10 0.0875244140625
Car -1 -1 -10 657.0 175.0 736.0 207.0 -1 -1 -1 -1000 -1000 -1000 -10 0.07830810546875
Car -1 -1 -10 645.0 175.0 698.0 196.0 -1 -1 -1 -1000 -1000 -1000 -10 0.048065185546875
Car -1 -1 -10 646.0 175.0 708.0 199.0 -1 -1 -1 -1000 -1000 -1000 -10 0.0175628662109375
Car -1 -1 -10 679.0 176.0 759.0 220.0 -1 -1 -1 -1000 -1000 -1000 -10 0.01556396484375
Car -1 -1 -10 727.0 176.0 849.0 234.0 -1 -1 -1 -1000 -1000 -1000 -10 0.01222991943359375
Car -1 -1 -10 596.0 176.0 637.0 214.0 -1 -1 -1 -1000 -1000 -1000 -10 0.01157379150390625
Car -1 -1 -10 656.0 174.0 727.0 204.0 -1 -1 -1 -1000 -1000 -1000 -10 0.0092620849609375
Car -1 -1 -10 478.0 179.0 495.0 191.0 -1 -1 -1 -1000 -1000 -1000 -10 0.00913238525390625
Car -1 -1 -10 506.0 179.0 533.0 194.0 -1 -1 -1 -1000 -1000 -1000 -10 0.007030487060546875
Car -1 -1 -10 686.0 177.0 767.0 221.0 -1 -1 -1 -1000 -1000 -1000 -10 0.001590728759765625
Car -1 -1 -10 658.0 163.0 760.0 226.0 -1 -1 -1 -1000 -1000 -1000 -10 0.0014142990112304688
Car -1 -1 -10 681.0 175.0 732.0 207.0 -1 -1 -1 -1000 -1000 -1000 -10 0.0014142990112304688
Car -1 -1 -10 639.0 173.0 685.0 191.0 -1 -1 -1 -1000 -1000 -1000 -10 0.001369476318359375
Car -1 -1 -10 651.0 176.0 699.0 198.0 -1 -1 -1 -1000 -1000 -1000 -10 0.0013532638549804688
Car -1 -1 -10 671.0 170.0 792.0 234.0 -1 -1 -1 -1000 -1000 -1000 -10 0.0012798309326171875
Car -1 -1 -10 692.0 176.0 742.0 211.0 -1 -1 -1 -1000 -1000 -1000 -10 0.0011396408081054688
Car -1 -1 -10 630.0 169.0 680.0 204.0 -1 -1 -1 -1000 -1000 -1000 -10 0.0011110305786132812
Car -1 -1 -10 491.0 177.0 515.0 193.0 -1 -1 -1 -1000 -1000 -1000 -10 0.001068115234375
Car -1 -1 -10 117.0 170.0 285.0 263.0 -1 -1 -1 -1000 -1000 -1000 -10 0.0008955001831054688
Car -1 -1 -10 480.0 179.0 496.0 191.0 -1 -1 -1 -1000 -1000 -1000 -10 0.0008687973022460938
Car -1 -1 -10 628.0 173.0 663.0 189.0 -1 -1 -1 -1000 -1000 -1000 -10 0.00083160400390625
Car -1 -1 -10 670.0 181.0 768.0 226.0 -1 -1 -1 -1000 -1000 -1000 -10 0.0008196830749511719
Car -1 -1 -10 496.0 173.0 522.0 200.0 -1 -1 -1 -1000 -1000 -1000 -10 0.0007123947143554688
Car -1 -1 -10 724.0 179.0 772.0 221.0 -1 -1 -1 -1000 -1000 -1000 -10 0.0006761550903320312
Car -1 -1 -10 584.0 165.0 639.0 230.0 -1 -1 -1 -1000 -1000 -1000 -10 0.0006594657897949219
Car -1 -1 -10 632.0 169.0 678.0 200.0 -1 -1 -1 -1000 -1000 -1000 -10 0.0006389617919921875
Car -1 -1 -10 694.0 178.0 817.0 225.0 -1 -1 -1 -1000 -1000 -1000 -10 0.0005288124084472656
Car -1 -1 -10 652.0 138.0 812.0 245.0 -1 -1 -1 -1000 -1000 -1000 -10 0.0004799365997314453
Car -1 -1 -10 656.0 179.0 734.0 209.0 -1 -1 -1 -1000 -1000 -1000 -10 0.00047779083251953125
Car -1 -1 -10 614.0 136.0 789.0 268.0 -1 -1 -1 -1000 -1000 -1000 -10 0.0004749298095703125
Car -1 -1 -10 636.0 170.0 688.0 203.0 -1 -1 -1 -1000 -1000 -1000 -10 0.00047397613525390625
Car -1 -1 -10 592.0 165.0 654.0 230.0 -1 -1 -1 -1000 -1000 -1000 -10 0.0004696846008300781
Car -1 -1 -10 671.0 178.0 722.0 209.0 -1 -1 -1 -1000 -1000 -1000 -10 0.00046896934509277344
Car -1 -1 -10 701.0 179.0 751.0 215.0 -1 -1 -1 -1000 -1000 -1000 -10 0.00046443939208984375
Car -1 -1 -10 673.0 176.0 724.0 204.0 -1 -1 -1 -1000 -1000 -1000 -10 0.0003726482391357422
Car -1 -1 -10 0.0 194.0 18.0 275.0 -1 -1 -1 -1000 -1000 -1000 -10 0.0003681182861328125
Car -1 -1 -10 677.0 172.0 757.0 213.0 -1 -1 -1 -1000 -1000 -1000 -10 0.00035858154296875
Car -1 -1 -10 495.0 176.0 522.0 205.0 -1 -1 -1 -1000 -1000 -1000 -10 0.00032973289489746094
Car -1 -1 -10 519.0 132.0 686.0 273.0 -1 -1 -1 -1000 -1000 -1000 -10 0.00031685829162597656
Car -1 -1 -10 525.0 129.0 681.0 243.0 -1 -1 -1 -1000 -1000 -1000 -10 0.0003066062927246094
Car -1 -1 -10 0.0 206.0 20.0 300.0 -1 -1 -1 -1000 -1000 -1000 -10 0.00030422210693359375
Car -1 -1 -10 534.0 179.0 551.0 193.0 -1 -1 -1 -1000 -1000 -1000 -10 0.00029158592224121094
Car -1 -1 -10 560.0 133.0 710.0 270.0 -1 -1 -1 -1000 -1000 -1000 -10 0.00028896331787109375
Car -1 -1 -10 635.0 168.0 672.0 185.0 -1 -1 -1 -1000 -1000 -1000 -10 0.00027489662170410156
Car -1 -1 -10 719.0 181.0 767.0 218.0 -1 -1 -1 -1000 -1000 -1000 -10 0.00026226043701171875
Car -1 -1 -10 717.0 160.0 889.0 251.0 -1 -1 -1 -1000 -1000 -1000 -10 0.0002529621124267578
Car -1 -1 -10 0.0 186.0 17.0 257.0 -1 -1 -1 -1000 -1000 -1000 -10 0.0002390146255493164
Car -1 -1 -10 1221.0 182.0 1242.0 373.0 -1 -1 -1 -1000 -1000 -1000 -10 0.00023305416107177734
Car -1 -1 -10 616.0 172.0 645.0 191.0 -1 -1 -1 -1000 -1000 -1000 -10 0.00023293495178222656
Car -1 -1 -10 1225.0 172.0 1242.0 342.0 -1 -1 -1 -1000 -1000 -1000 -10 0.00022268295288085938
Car -1 -1 -10 485.0 180.0 512.0 195.0 -1 -1 -1 -1000 -1000 -1000 -10 0.00022268295288085938
Car -1 -1 -10 683.0 177.0 734.0 211.0 -1 -1 -1 -1000 -1000 -1000 -10 0.00022232532501220703
Car -1 -1 -10 699.0 183.0 829.0 237.0 -1 -1 -1 -1000 -1000 -1000 -10 0.00021386146545410156
Car -1 -1 -10 706.0 157.0 875.0 258.0 -1 -1 -1 -1000 -1000 -1000 -10 0.00020051002502441406
Car -1 -1 -10 0.0 195.0 13.0 270.0 -1 -1 -1 -1000 -1000 -1000 -10 0.000186920166015625
Car -1 -1 -10 550.0 179.0 563.0 190.0 -1 -1 -1 -1000 -1000 -1000 -10 0.00018227100372314453
Car -1 -1 -10 777.0 176.0 822.0 232.0 -1 -1 -1 -1000 -1000 -1000 -10 0.00017642974853515625
Car -1 -1 -10 706.0 178.0 788.0 226.0 -1 -1 -1 -1000 -1000 -1000 -10 0.00017511844635009766
Car -1 -1 -10 1226.0 172.0 1242.0 304.0 -1 -1 -1 -1000 -1000 -1000 -10 0.00017380714416503906
Car -1 -1 -10 678.0 187.0 792.0 232.0 -1 -1 -1 -1000 -1000 -1000 -10 0.00017368793487548828
Car -1 -1 -10 477.0 175.0 492.0 188.0 -1 -1 -1 -1000 -1000 -1000 -10 0.00017142295837402344
Car -1 -1 -10 0.0 189.0 12.0 257.0 -1 -1 -1 -1000 -1000 -1000 -10 0.0001672506332397461
Car -1 -1 -10 386.0 0.0 451.0 56.0 -1 -1 -1 -1000 -1000 -1000 -10 0.00016427040100097656
Car -1 -1 -10 677.0 149.0 856.0 252.0 -1 -1 -1 -1000 -1000 -1000 -10 0.0001628398895263672
Car -1 -1 -10 0.0 193.0 25.0 276.0 -1 -1 -1 -1000 -1000 -1000 -10 0.00016057491302490234
Car -1 -1 -10 1226.0 165.0 1242.0 275.0 -1 -1 -1 -1000 -1000 -1000 -10 0.0001595020294189453
Car -1 -1 -10 656.0 161.0 752.0 220.0 -1 -1 -1 -1000 -1000 -1000 -10 0.00015866756439208984
Car -1 -1 -10 662.0 180.0 745.0 218.0 -1 -1 -1 -1000 -1000 -1000 -10 0.00015616416931152344
Car -1 -1 -10 726.0 183.0 861.0 245.0 -1 -1 -1 -1000 -1000 -1000 -10 0.00015461444854736328
Car -1 -1 -10 617.0 169.0 675.0 207.0 -1 -1 -1 -1000 -1000 -1000 -10 0.00015413761138916016
Car -1 -1 -10 0.0 227.0 19.0 370.0 -1 -1 -1 -1000 -1000 -1000 -10 0.0001475811004638672
Car -1 -1 -10 646.0 169.0 717.0 213.0 -1 -1 -1 -1000 -1000 -1000 -10 0.00014734268188476562
Car -1 -1 -10 0.0 206.0 26.0 300.0 -1 -1 -1 -1000 -1000 -1000 -10 0.00014293193817138672
Car -1 -1 -10 642.0 143.0 824.0 272.0 -1 -1 -1 -1000 -1000 -1000 -10 0.0001380443572998047
Car -1 -1 -10 0.0 204.0 14.0 280.0 -1 -1 -1 -1000 -1000 -1000 -10 0.0001360177993774414
Car -1 -1 -10 706.0 178.0 834.0 229.0 -1 -1 -1 -1000 -1000 -1000 -10 0.00013518333435058594
Car -1 -1 -10 595.0 175.0 635.0 209.0 -1 -1 -1 -1000 -1000 -1000 -10 0.00013399124145507812
Car -1 -1 -10 181.0 187.0 223.0 245.0 -1 -1 -1 -1000 -1000 -1000 -10 0.00013387203216552734
Car -1 -1 -10 1216.0 176.0 1242.0 375.0 -1 -1 -1 -1000 -1000 -1000 -10 0.00012862682342529297
Car -1 -1 -10 0.0 193.0 29.0 270.0 -1 -1 -1 -1000 -1000 -1000 -10 0.00012826919555664062
Car -1 -1 -10 0.0 214.0 23.0 337.0 -1 -1 -1 -1000 -1000 -1000 -10 0.0001239776611328125
Car -1 -1 -10 1230.0 172.0 1242.0 273.0 -1 -1 -1 -1000 -1000 -1000 -10 0.00012230873107910156
Car -1 -1 -10 0.0 231.0 15.0 332.0 -1 -1 -1 -1000 -1000 -1000 -10 0.00012159347534179688
Car -1 -1 -10 0.0 188.0 28.0 260.0 -1 -1 -1 -1000 -1000 -1000 -10 0.00011920928955078125
Car -1 -1 -10 1229.0 189.0 1242.0 300.0 -1 -1 -1 -1000 -1000 -1000 -10 0.00011515617370605469
Car -1 -1 -10 675.0 171.0 774.0 214.0 -1 -1 -1 -1000 -1000 -1000 -10 0.0001087188720703125
Car -1 -1 -10 809.0 0.0 853.0 6.0 -1 -1 -1 -1000 -1000 -1000 -10 0.00010639429092407227
Car -1 -1 -10 1219.0 168.0 1242.0 348.0 -1 -1 -1 -1000 -1000 -1000 -10 0.00010079145431518555
Car -1 -1 -10 607.0 122.0 786.0 243.0 -1 -1 -1 -1000 -1000 -1000 -10 0.00010037422180175781
