Car -1 -1 -10 128.0 203.0 272.0 281.0 -1 -1 -1 -1000 -1000 -1000 -10 0.96923828125
Car -1 -1 -10 342.0 174.0 398.0 217.0 -1 -1 -1 -1000 -1000 -1000 -10 0.955078125
Car -1 -1 -10 405.0 182.0 455.0 225.0 -1 -1 -1 -1000 -1000 -1000 -10 0.9541015625
Car -1 -1 -10 16.0 211.0 172.0 280.0 -1 -1 -1 -1000 -1000 -1000 -10 0.94970703125
Car -1 -1 -10 870.0 171.0 913.0 193.0 -1 -1 -1 -1000 -1000 -1000 -10 0.9423828125
Car -1 -1 -10 159.0 198.0 235.0 221.0 -1 -1 -1 -1000 -1000 -1000 -10 0.89990234375
Pedestrian -1 -1 -10 402.0 190.0 411.0 214.0 -1 -1 -1 -1000 -1000 -1000 -10 0.64013671875
Car -1 -1 -10 353.0 180.0 456.0 222.0 -1 -1 -1 -1000 -1000 -1000 -10 0.294189453125
Pedestrian -1 -1 -10 403.0 191.0 412.0 217.0 -1 -1 -1 -1000 -1000 -1000 -10 0.2171630859375
Pedestrian -1 -1 -10 401.0 189.0 415.0 217.0 -1 -1 -1 -1000 -1000 -1000 -10 0.059295654296875
Pedestrian -1 -1 -10 401.0 189.0 409.0 212.0 -1 -1 -1 -1000 -1000 -1000 -10 0.058563232421875
Car -1 -1 -10 405.0 183.0 440.0 224.0 -1 -1 -1 -1000 -1000 -1000 -10 0.05511474609375
Pedestrian -1 -1 -10 401.0 189.0 411.0 214.0 -1 -1 -1 -1000 -1000 -1000 -10 0.045501708984375
Pedestrian -1 -1 -10 403.0 189.0 414.0 216.0 -1 -1 -1 -1000 -1000 -1000 -10 0.0269775390625
Car -1 -1 -10 154.0 201.0 236.0 227.0 -1 -1 -1 -1000 -1000 -1000 -10 0.0262451171875
Pedestrian -1 -1 -10 399.0 193.0 406.0 215.0 -1 -1 -1 -1000 -1000 -1000 -10 0.023712158203125
Pedestrian -1 -1 -10 388.0 191.0 399.0 215.0 -1 -1 -1 -1000 -1000 -1000 -10 0.021942138671875
Pedestrian -1 -1 -10 402.0 190.0 412.0 217.0 -1 -1 -1 -1000 -1000 -1000 -10 0.021636962890625
Pedestrian -1 -1 -10 399.0 193.0 407.0 215.0 -1 -1 -1 -1000 -1000 -1000 -10 0.0202178955078125
Car -1 -1 -10 165.0 197.0 240.0 220.0 -1 -1 -1 -1000 -1000 -1000 -10 0.009552001953125
Car -1 -1 -10 149.0 200.0 250.0 250.0 -1 -1 -1 -1000 -1000 -1000 -10 0.00732421875
Car -1 -1 -10 157.0 200.0 242.0 231.0 -1 -1 -1 -1000 -1000 -1000 -10 0.00606536865234375
Car -1 -1 -10 0.0 209.0 16.0 305.0 -1 -1 -1 -1000 -1000 -1000 -10 0.0060272216796875
Pedestrian -1 -1 -10 388.0 197.0 397.0 216.0 -1 -1 -1 -1000 -1000 -1000 -10 0.005519866943359375
Car -1 -1 -10 0.0 204.0 17.0 296.0 -1 -1 -1 -1000 -1000 -1000 -10 0.0038700103759765625
Car -1 -1 -10 148.0 197.0 245.0 228.0 -1 -1 -1 -1000 -1000 -1000 -10 0.0035610198974609375
Car -1 -1 -10 0.0 214.0 16.0 326.0 -1 -1 -1 -1000 -1000 -1000 -10 0.0030517578125
Car -1 -1 -10 0.0 204.0 14.0 288.0 -1 -1 -1 -1000 -1000 -1000 -10 0.003040313720703125
Car -1 -1 -10 0.0 211.0 20.0 296.0 -1 -1 -1 -1000 -1000 -1000 -10 0.00251007080078125
Pedestrian -1 -1 -10 387.0 191.0 400.0 215.0 -1 -1 -1 -1000 -1000 -1000 -10 0.002254486083984375
Car -1 -1 -10 165.0 201.0 234.0 229.0 -1 -1 -1 -1000 -1000 -1000 -10 0.0016765594482421875
Car -1 -1 -10 0.0 219.0 19.0 305.0 -1 -1 -1 -1000 -1000 -1000 -10 0.0015497207641601562
Car -1 -1 -10 157.0 193.0 237.0 226.0 -1 -1 -1 -1000 -1000 -1000 -10 0.0015478134155273438
Pedestrian -1 -1 -10 399.0 188.0 410.0 212.0 -1 -1 -1 -1000 -1000 -1000 -10 0.0015058517456054688
Car -1 -1 -10 0.0 206.0 24.0 294.0 -1 -1 -1 -1000 -1000 -1000 -10 0.001194000244140625
Car -1 -1 -10 0.0 206.0 20.0 281.0 -1 -1 -1 -1000 -1000 -1000 -10 0.0011835098266601562
Car -1 -1 -10 0.0 214.0 21.0 326.0 -1 -1 -1 -1000 -1000 -1000 -10 0.0011339187622070312
Car -1 -1 -10 0.0 204.0 12.0 267.0 -1 -1 -1 -1000 -1000 -1000 -10 0.001007080078125
Car -1 -1 -10 342.0 176.0 390.0 214.0 -1 -1 -1 -1000 -1000 -1000 -10 0.0009775161743164062
Pedestrian -1 -1 -10 334.0 190.0 343.0 212.0 -1 -1 -1 -1000 -1000 -1000 -10 0.0009593963623046875
Car -1 -1 -10 8.0 199.0 174.0 296.0 -1 -1 -1 -1000 -1000 -1000 -10 0.0009455680847167969
Car -1 -1 -10 0.0 222.0 16.0 369.0 -1 -1 -1 -1000 -1000 -1000 -10 0.0009241104125976562
Pedestrian -1 -1 -10 334.0 187.0 344.0 211.0 -1 -1 -1 -1000 -1000 -1000 -10 0.0008606910705566406
Car -1 -1 -10 336.0 165.0 402.0 229.0 -1 -1 -1 -1000 -1000 -1000 -10 0.0007662773132324219
Pedestrian -1 -1 -10 397.0 193.0 408.0 216.0 -1 -1 -1 -1000 -1000 -1000 -10 0.0007600784301757812
Car -1 -1 -10 0.0 227.0 13.0 333.0 -1 -1 -1 -1000 -1000 -1000 -10 0.0007090568542480469
Car -1 -1 -10 1.0 225.0 18.0 316.0 -1 -1 -1 -1000 -1000 -1000 -10 0.0006909370422363281
Car -1 -1 -10 341.0 179.0 392.0 217.0 -1 -1 -1 -1000 -1000 -1000 -10 0.000675201416015625
Car -1 -1 -10 149.0 198.0 237.0 234.0 -1 -1 -1 -1000 -1000 -1000 -10 0.0006604194641113281
Pedestrian -1 -1 -10 376.0 186.0 401.0 218.0 -1 -1 -1 -1000 -1000 -1000 -10 0.000659942626953125
Car -1 -1 -10 0.0 207.0 15.0 264.0 -1 -1 -1 -1000 -1000 -1000 -10 0.0006513595581054688
Car -1 -1 -10 0.0 217.0 13.0 274.0 -1 -1 -1 -1000 -1000 -1000 -10 0.0006279945373535156
Car -1 -1 -10 0.0 216.0 27.0 302.0 -1 -1 -1 -1000 -1000 -1000 -10 0.000621795654296875
Car -1 -1 -10 399.0 171.0 460.0 236.0 -1 -1 -1 -1000 -1000 -1000 -10 0.0006194114685058594
Car -1 -1 -10 125.0 193.0 276.0 294.0 -1 -1 -1 -1000 -1000 -1000 -10 0.0006146430969238281
Car -1 -1 -10 0.0 189.0 15.0 268.0 -1 -1 -1 -1000 -1000 -1000 -10 0.0006132125854492188
Pedestrian -1 -1 -10 400.0 186.0 430.0 223.0 -1 -1 -1 -1000 -1000 -1000 -10 0.0006108283996582031
Car -1 -1 -10 0.0 212.0 11.0 258.0 -1 -1 -1 -1000 -1000 -1000 -10 0.0005726814270019531
Car -1 -1 -10 76.0 214.0 119.0 272.0 -1 -1 -1 -1000 -1000 -1000 -10 0.0005617141723632812
Car -1 -1 -10 0.0 197.0 12.0 256.0 -1 -1 -1 -1000 -1000 -1000 -10 0.0005507469177246094
Car -1 -1 -10 69.0 215.0 113.0 273.0 -1 -1 -1 -1000 -1000 -1000 -10 0.0005397796630859375
Car -1 -1 -10 0.0 222.0 14.0 284.0 -1 -1 -1 -1000 -1000 -1000 -10 0.0005283355712890625
Pedestrian -1 -1 -10 334.0 187.0 343.0 214.0 -1 -1 -1 -1000 -1000 -1000 -10 0.0005044937133789062
Car -1 -1 -10 247.0 194.0 302.0 216.0 -1 -1 -1 -1000 -1000 -1000 -10 0.0004992485046386719
Car -1 -1 -10 174.0 198.0 225.0 219.0 -1 -1 -1 -1000 -1000 -1000 -10 0.000484466552734375
Car -1 -1 -10 246.0 190.0 306.0 214.0 -1 -1 -1 -1000 -1000 -1000 -10 0.0004673004150390625
Car -1 -1 -10 0.0 216.0 31.0 303.0 -1 -1 -1 -1000 -1000 -1000 -10 0.00045490264892578125
Pedestrian -1 -1 -10 397.0 190.0 419.0 216.0 -1 -1 -1 -1000 -1000 -1000 -10 0.00044608116149902344
Car -1 -1 -10 177.0 202.0 223.0 227.0 -1 -1 -1 -1000 -1000 -1000 -10 0.0004372596740722656
Car -1 -1 -10 28.0 211.0 175.0 271.0 -1 -1 -1 -1000 -1000 -1000 -10 0.0004105567932128906
Car -1 -1 -10 1.0 223.0 20.0 283.0 -1 -1 -1 -1000 -1000 -1000 -10 0.000385284423828125
Car -1 -1 -10 15.0 218.0 155.0 281.0 -1 -1 -1 -1000 -1000 -1000 -10 0.0003821849822998047
Car -1 -1 -10 867.0 166.0 913.0 196.0 -1 -1 -1 -1000 -1000 -1000 -10 0.0003783702850341797
Car -1 -1 -10 0.0 208.0 32.0 274.0 -1 -1 -1 -1000 -1000 -1000 -10 0.0003762245178222656
Car -1 -1 -10 0.0 231.0 14.0 294.0 -1 -1 -1 -1000 -1000 -1000 -10 0.0003600120544433594
Car -1 -1 -10 395.0 189.0 423.0 216.0 -1 -1 -1 -1000 -1000 -1000 -10 0.0003578662872314453
Pedestrian -1 -1 -10 334.0 193.0 342.0 215.0 -1 -1 -1 -1000 -1000 -1000 -10 0.0003559589385986328
Car -1 -1 -10 273.0 133.0 443.0 272.0 -1 -1 -1 -1000 -1000 -1000 -10 0.00034332275390625
Car -1 -1 -10 1.0 232.0 15.0 328.0 -1 -1 -1 -1000 -1000 -1000 -10 0.000335693359375
Car -1 -1 -10 0.0 207.0 23.0 261.0 -1 -1 -1 -1000 -1000 -1000 -10 0.0003304481506347656
Car -1 -1 -10 868.0 167.0 916.0 201.0 -1 -1 -1 -1000 -1000 -1000 -10 0.00032591819763183594
Car -1 -1 -10 0.0 238.0 17.0 375.0 -1 -1 -1 -1000 -1000 -1000 -10 0.0003230571746826172
Car -1 -1 -10 0.0 204.0 10.0 247.0 -1 -1 -1 -1000 -1000 -1000 -10 0.0003209114074707031
Car -1 -1 -10 167.0 202.0 216.0 225.0 -1 -1 -1 -1000 -1000 -1000 -10 0.00031566619873046875
Car -1 -1 -10 0.0 223.0 22.0 368.0 -1 -1 -1 -1000 -1000 -1000 -10 0.0003116130828857422
Car -1 -1 -10 418.0 186.0 459.0 222.0 -1 -1 -1 -1000 -1000 -1000 -10 0.0002956390380859375
Car -1 -1 -10 1224.0 142.0 1241.0 251.0 -1 -1 -1 -1000 -1000 -1000 -10 0.00028896331787109375
Car -1 -1 -10 0.0 215.0 20.0 271.0 -1 -1 -1 -1000 -1000 -1000 -10 0.0002830028533935547
Car -1 -1 -10 0.0 199.0 14.0 254.0 -1 -1 -1 -1000 -1000 -1000 -10 0.00026535987854003906
Car -1 -1 -10 0.0 232.0 12.0 351.0 -1 -1 -1 -1000 -1000 -1000 -10 0.0002617835998535156
Car -1 -1 -10 1225.0 139.0 1242.0 215.0 -1 -1 -1 -1000 -1000 -1000 -10 0.0002617835998535156
Car -1 -1 -10 1230.0 146.0 1242.0 261.0 -1 -1 -1 -1000 -1000 -1000 -10 0.0002522468566894531
Car -1 -1 -10 282.0 129.0 435.0 241.0 -1 -1 -1 -1000 -1000 -1000 -10 0.00025177001953125
Car -1 -1 -10 1230.0 141.0 1242.0 207.0 -1 -1 -1 -1000 -1000 -1000 -10 0.00024437904357910156
Car -1 -1 -10 0.0 243.0 12.0 365.0 -1 -1 -1 -1000 -1000 -1000 -10 0.00024390220642089844
Car -1 -1 -10 343.0 135.0 518.0 278.0 -1 -1 -1 -1000 -1000 -1000 -10 0.0002262592315673828
Car -1 -1 -10 1.0 230.0 19.0 292.0 -1 -1 -1 -1000 -1000 -1000 -10 0.0002256631851196289
Car -1 -1 -10 0.0 239.0 14.0 302.0 -1 -1 -1 -1000 -1000 -1000 -10 0.00022554397583007812
Car -1 -1 -10 353.0 137.0 509.0 250.0 -1 -1 -1 -1000 -1000 -1000 -10 0.00022554397583007812
Pedestrian -1 -1 -10 334.0 192.0 343.0 216.0 -1 -1 -1 -1000 -1000 -1000 -10 0.00022041797637939453
Car -1 -1 -10 151.0 198.0 230.0 220.0 -1 -1 -1 -1000 -1000 -1000 -10 0.00021469593048095703
Car -1 -1 -10 344.0 172.0 401.0 213.0 -1 -1 -1 -1000 -1000 -1000 -10 0.0002079010009765625
Car -1 -1 -10 1231.0 152.0 1242.0 271.0 -1 -1 -1 -1000 -1000 -1000 -10 0.00020575523376464844
Car -1 -1 -10 1226.0 147.0 1242.0 274.0 -1 -1 -1 -1000 -1000 -1000 -10 0.00020420551300048828
Car -1 -1 -10 0.0 191.0 11.0 240.0 -1 -1 -1 -1000 -1000 -1000 -10 0.00020372867584228516
Car -1 -1 -10 234.0 189.0 299.0 214.0 -1 -1 -1 -1000 -1000 -1000 -10 0.00019681453704833984
Car -1 -1 -10 252.0 194.0 306.0 220.0 -1 -1 -1 -1000 -1000 -1000 -10 0.00019168853759765625
Car -1 -1 -10 0.0 204.0 38.0 281.0 -1 -1 -1 -1000 -1000 -1000 -10 0.00018143653869628906
Car -1 -1 -10 0.0 224.0 30.0 329.0 -1 -1 -1 -1000 -1000 -1000 -10 0.00017833709716796875
Pedestrian -1 -1 -10 400.0 187.0 421.0 221.0 -1 -1 -1 -1000 -1000 -1000 -10 0.00016105175018310547
Car -1 -1 -10 1232.0 147.0 1242.0 198.0 -1 -1 -1 -1000 -1000 -1000 -10 0.00015997886657714844
Car -1 -1 -10 1229.0 137.0 1242.0 196.0 -1 -1 -1 -1000 -1000 -1000 -10 0.00015974044799804688
Car -1 -1 -10 0.0 198.0 24.0 251.0 -1 -1 -1 -1000 -1000 -1000 -10 0.0001571178436279297
Car -1 -1 -10 0.0 197.0 10.0 234.0 -1 -1 -1 -1000 -1000 -1000 -10 0.00015628337860107422
Car -1 -1 -10 336.0 87.0 356.0 103.0 -1 -1 -1 -1000 -1000 -1000 -10 0.00015115737915039062
Car -1 -1 -10 401.0 187.0 442.0 223.0 -1 -1 -1 -1000 -1000 -1000 -10 0.0001455545425415039
Car -1 -1 -10 0.0 193.0 24.0 265.0 -1 -1 -1 -1000 -1000 -1000 -10 0.00014472007751464844
Car -1 -1 -10 1232.0 141.0 1242.0 240.0 -1 -1 -1 -1000 -1000 -1000 -10 0.00014328956604003906
Car -1 -1 -10 1.0 193.0 43.0 253.0 -1 -1 -1 -1000 -1000 -1000 -10 0.00014197826385498047
Pedestrian -1 -1 -10 478.0 0.0 503.0 0.0 -1 -1 -1 -1000 -1000 -1000 -10 0.00014019012451171875
Car -1 -1 -10 0.0 180.0 11.0 233.0 -1 -1 -1 -1000 -1000 -1000 -10 0.00013577938079833984
Car -1 -1 -10 367.0 188.0 404.0 216.0 -1 -1 -1 -1000 -1000 -1000 -10 0.00013148784637451172
Car -1 -1 -10 0.0 165.0 15.0 249.0 -1 -1 -1 -1000 -1000 -1000 -10 0.00013065338134765625
Car -1 -1 -10 0.0 220.0 34.0 331.0 -1 -1 -1 -1000 -1000 -1000 -10 0.00012814998626708984
Car -1 -1 -10 877.0 170.0 914.0 193.0 -1 -1 -1 -1000 -1000 -1000 -10 0.00012791156768798828
Car -1 -1 -10 1230.0 140.0 1242.0 225.0 -1 -1 -1 -1000 -1000 -1000 -10 0.00012683868408203125
Car -1 -1 -10 30.0 212.0 161.0 255.0 -1 -1 -1 -1000 -1000 -1000 -10 0.00012421607971191406
Pedestrian -1 -1 -10 467.0 0.0 492.0 0.0 -1 -1 -1 -1000 -1000 -1000 -10 0.0001226663589477539
Car -1 -1 -10 1216.0 133.0 1242.0 262.0 -1 -1 -1 -1000 -1000 -1000 -10 0.00012034177780151367
Car -1 -1 -10 161.0 205.0 240.0 278.0 -1 -1 -1 -1000 -1000 -1000 -10 0.00011748075485229492
Car -1 -1 -10 358.0 165.0 430.0 229.0 -1 -1 -1 -1000 -1000 -1000 -10 0.00011587142944335938
Pedestrian -1 -1 -10 386.0 196.0 398.0 216.0 -1 -1 -1 -1000 -1000 -1000 -10 0.00011426210403442383
Car -1 -1 -10 1204.0 134.0 1242.0 261.0 -1 -1 -1 -1000 -1000 -1000 -10 0.0001137852668762207
Car -1 -1 -10 0.0 183.0 24.0 274.0 -1 -1 -1 -1000 -1000 -1000 -10 0.00011336803436279297
Car -1 -1 -10 1224.0 138.0 1242.0 197.0 -1 -1 -1 -1000 -1000 -1000 -10 0.0001125335693359375
Car -1 -1 -10 1.0 230.0 18.0 330.0 -1 -1 -1 -1000 -1000 -1000 -10 0.00011050701141357422
Car -1 -1 -10 1230.0 144.0 1242.0 187.0 -1 -1 -1 -1000 -1000 -1000 -10 0.00010776519775390625
Car -1 -1 -10 1206.0 141.0 1240.0 253.0 -1 -1 -1 -1000 -1000 -1000 -10 0.00010591745376586914
Car -1 -1 -10 0.0 187.0 9.0 225.0 -1 -1 -1 -1000 -1000 -1000 -10 0.00010347366333007812
Car -1 -1 -10 1206.0 139.0 1241.0 217.0 -1 -1 -1 -1000 -1000 -1000 -10 0.00010222196578979492
Pedestrian -1 -1 -10 488.0 0.0 512.0 0.0 -1 -1 -1 -1000 -1000 -1000 -10 0.00010091066360473633
