Car -1 -1 -10 2.0 0.0 263.0 367.0 -1 -1 -1 -1000 -1000 -1000 -10 0.96728515625
Pedestrian -1 -1 -10 801.0 142.0 878.0 330.0 -1 -1 -1 -1000 -1000 -1000 -10 0.923828125
Pedestrian -1 -1 -10 921.0 141.0 1011.0 345.0 -1 -1 -1 -1000 -1000 -1000 -10 0.9208984375
Pedestrian -1 -1 -10 1018.0 144.0 1101.0 339.0 -1 -1 -1 -1000 -1000 -1000 -10 0.92041015625
Pedestrian -1 -1 -10 1055.0 120.0 1224.0 367.0 -1 -1 -1 -1000 -1000 -1000 -10 0.91455078125
Pedestrian -1 -1 -10 890.0 161.0 922.0 237.0 -1 -1 -1 -1000 -1000 -1000 -10 0.9072265625
Pedestrian -1 -1 -10 724.0 145.0 789.0 334.0 -1 -1 -1 -1000 -1000 -1000 -10 0.90283203125
Pedestrian -1 -1 -10 505.0 148.0 562.0 321.0 -1 -1 -1 -1000 -1000 -1000 -10 0.8984375
Pedestrian -1 -1 -10 255.0 138.0 293.0 259.0 -1 -1 -1 -1000 -1000 -1000 -10 0.892578125
Pedestrian -1 -1 -10 588.0 142.0 642.0 301.0 -1 -1 -1 -1000 -1000 -1000 -10 0.8642578125
Pedestrian -1 -1 -10 496.0 142.0 529.0 241.0 -1 -1 -1 -1000 -1000 -1000 -10 0.85693359375
Pedestrian -1 -1 -10 600.0 138.0 645.0 236.0 -1 -1 -1 -1000 -1000 -1000 -10 0.8564453125
Pedestrian -1 -1 -10 660.0 141.0 712.0 276.0 -1 -1 -1 -1000 -1000 -1000 -10 0.8427734375
Pedestrian -1 -1 -10 642.0 161.0 685.0 295.0 -1 -1 -1 -1000 -1000 -1000 -10 0.84130859375
Pedestrian -1 -1 -10 565.0 143.0 608.0 236.0 -1 -1 -1 -1000 -1000 -1000 -10 0.82568359375
Pedestrian -1 -1 -10 662.0 142.0 689.0 203.0 -1 -1 -1 -1000 -1000 -1000 -10 0.7451171875
Pedestrian -1 -1 -10 553.0 156.0 595.0 302.0 -1 -1 -1 -1000 -1000 -1000 -10 0.7236328125
Pedestrian -1 -1 -10 666.0 142.0 685.0 196.0 -1 -1 -1 -1000 -1000 -1000 -10 0.689453125
Pedestrian -1 -1 -10 643.0 148.0 690.0 295.0 -1 -1 -1 -1000 -1000 -1000 -10 0.5927734375
Pedestrian -1 -1 -10 660.0 137.0 694.0 218.0 -1 -1 -1 -1000 -1000 -1000 -10 0.53759765625
Pedestrian -1 -1 -10 664.0 143.0 687.0 199.0 -1 -1 -1 -1000 -1000 -1000 -10 0.52099609375
Pedestrian -1 -1 -10 657.0 140.0 705.0 241.0 -1 -1 -1 -1000 -1000 -1000 -10 0.44580078125
Pedestrian -1 -1 -10 659.0 145.0 709.0 254.0 -1 -1 -1 -1000 -1000 -1000 -10 0.349365234375
Pedestrian -1 -1 -10 665.0 147.0 710.0 286.0 -1 -1 -1 -1000 -1000 -1000 -10 0.274169921875
Pedestrian -1 -1 -10 657.0 140.0 690.0 212.0 -1 -1 -1 -1000 -1000 -1000 -10 0.252197265625
Pedestrian -1 -1 -10 548.0 152.0 593.0 306.0 -1 -1 -1 -1000 -1000 -1000 -10 0.242919921875
Pedestrian -1 -1 -10 543.0 145.0 581.0 230.0 -1 -1 -1 -1000 -1000 -1000 -10 0.2142333984375
Pedestrian -1 -1 -10 675.0 145.0 694.0 193.0 -1 -1 -1 -1000 -1000 -1000 -10 0.1881103515625
Pedestrian -1 -1 -10 644.0 147.0 701.0 294.0 -1 -1 -1 -1000 -1000 -1000 -10 0.17822265625
Pedestrian -1 -1 -10 499.0 147.0 538.0 267.0 -1 -1 -1 -1000 -1000 -1000 -10 0.166259765625
Pedestrian -1 -1 -10 660.0 150.0 701.0 285.0 -1 -1 -1 -1000 -1000 -1000 -10 0.1397705078125
Pedestrian -1 -1 -10 598.0 143.0 647.0 246.0 -1 -1 -1 -1000 -1000 -1000 -10 0.1383056640625
Pedestrian -1 -1 -10 547.0 143.0 577.0 225.0 -1 -1 -1 -1000 -1000 -1000 -10 0.12841796875
Pedestrian -1 -1 -10 608.0 139.0 641.0 217.0 -1 -1 -1 -1000 -1000 -1000 -10 0.1162109375
Pedestrian -1 -1 -10 500.0 145.0 533.0 239.0 -1 -1 -1 -1000 -1000 -1000 -10 0.1103515625
Pedestrian -1 -1 -10 500.0 143.0 557.0 285.0 -1 -1 -1 -1000 -1000 -1000 -10 0.10992431640625
Pedestrian -1 -1 -10 559.0 144.0 612.0 240.0 -1 -1 -1 -1000 -1000 -1000 -10 0.10040283203125
Pedestrian -1 -1 -10 558.0 149.0 604.0 241.0 -1 -1 -1 -1000 -1000 -1000 -10 0.08905029296875
Pedestrian -1 -1 -10 652.0 160.0 690.0 294.0 -1 -1 -1 -1000 -1000 -1000 -10 0.08843994140625
Pedestrian -1 -1 -10 501.0 150.0 538.0 244.0 -1 -1 -1 -1000 -1000 -1000 -10 0.08172607421875
Pedestrian -1 -1 -10 568.0 146.0 614.0 242.0 -1 -1 -1 -1000 -1000 -1000 -10 0.0777587890625
Pedestrian -1 -1 -10 528.0 148.0 574.0 235.0 -1 -1 -1 -1000 -1000 -1000 -10 0.07025146484375
Pedestrian -1 -1 -10 550.0 158.0 592.0 292.0 -1 -1 -1 -1000 -1000 -1000 -10 0.0684814453125
Pedestrian -1 -1 -10 557.0 145.0 618.0 304.0 -1 -1 -1 -1000 -1000 -1000 -10 0.0667724609375
Pedestrian -1 -1 -10 679.0 144.0 696.0 186.0 -1 -1 -1 -1000 -1000 -1000 -10 0.056182861328125
Pedestrian -1 -1 -10 250.0 138.0 289.0 260.0 -1 -1 -1 -1000 -1000 -1000 -10 0.0540771484375
Pedestrian -1 -1 -10 618.0 148.0 675.0 295.0 -1 -1 -1 -1000 -1000 -1000 -10 0.0511474609375
Pedestrian -1 -1 -10 300.0 141.0 330.0 255.0 -1 -1 -1 -1000 -1000 -1000 -10 0.0498046875
Pedestrian -1 -1 -10 540.0 146.0 586.0 238.0 -1 -1 -1 -1000 -1000 -1000 -10 0.049163818359375
Pedestrian -1 -1 -10 559.0 159.0 599.0 301.0 -1 -1 -1 -1000 -1000 -1000 -10 0.04608154296875
Pedestrian -1 -1 -10 669.0 141.0 702.0 216.0 -1 -1 -1 -1000 -1000 -1000 -10 0.041961669921875
Pedestrian -1 -1 -10 1065.0 155.0 1224.0 365.0 -1 -1 -1 -1000 -1000 -1000 -10 0.04156494140625
Pedestrian -1 -1 -10 657.0 141.0 702.0 220.0 -1 -1 -1 -1000 -1000 -1000 -10 0.04058837890625
Pedestrian -1 -1 -10 637.0 164.0 676.0 298.0 -1 -1 -1 -1000 -1000 -1000 -10 0.04052734375
Pedestrian -1 -1 -10 587.0 143.0 632.0 233.0 -1 -1 -1 -1000 -1000 -1000 -10 0.0389404296875
Pedestrian -1 -1 -10 1199.0 129.0 1224.0 361.0 -1 -1 -1 -1000 -1000 -1000 -10 0.034942626953125
Pedestrian -1 -1 -10 552.0 169.0 590.0 302.0 -1 -1 -1 -1000 -1000 -1000 -10 0.03424072265625
Pedestrian -1 -1 -10 675.0 143.0 699.0 209.0 -1 -1 -1 -1000 -1000 -1000 -10 0.03314208984375
Pedestrian -1 -1 -10 571.0 144.0 610.0 230.0 -1 -1 -1 -1000 -1000 -1000 -10 0.0287017822265625
Pedestrian -1 -1 -10 661.0 144.0 693.0 208.0 -1 -1 -1 -1000 -1000 -1000 -10 0.0279998779296875
Pedestrian -1 -1 -10 525.0 150.0 566.0 239.0 -1 -1 -1 -1000 -1000 -1000 -10 0.0276336669921875
Pedestrian -1 -1 -10 504.0 151.0 543.0 255.0 -1 -1 -1 -1000 -1000 -1000 -10 0.0267486572265625
Pedestrian -1 -1 -10 1195.0 153.0 1224.0 366.0 -1 -1 -1 -1000 -1000 -1000 -10 0.0263824462890625
Pedestrian -1 -1 -10 564.0 154.0 605.0 288.0 -1 -1 -1 -1000 -1000 -1000 -10 0.0259552001953125
Pedestrian -1 -1 -10 645.0 176.0 685.0 290.0 -1 -1 -1 -1000 -1000 -1000 -10 0.0240325927734375
Pedestrian -1 -1 -10 579.0 151.0 623.0 288.0 -1 -1 -1 -1000 -1000 -1000 -10 0.023895263671875
Pedestrian -1 -1 -10 537.0 163.0 578.0 302.0 -1 -1 -1 -1000 -1000 -1000 -10 0.0236968994140625
Pedestrian -1 -1 -10 654.0 144.0 694.0 228.0 -1 -1 -1 -1000 -1000 -1000 -10 0.0210418701171875
Pedestrian -1 -1 -10 886.0 161.0 926.0 238.0 -1 -1 -1 -1000 -1000 -1000 -10 0.0203094482421875
Pedestrian -1 -1 -10 1086.0 133.0 1224.0 365.0 -1 -1 -1 -1000 -1000 -1000 -10 0.019744873046875
Pedestrian -1 -1 -10 1156.0 134.0 1224.0 366.0 -1 -1 -1 -1000 -1000 -1000 -10 0.0185546875
Pedestrian -1 -1 -10 667.0 140.0 712.0 263.0 -1 -1 -1 -1000 -1000 -1000 -10 0.018463134765625
Pedestrian -1 -1 -10 512.0 153.0 553.0 240.0 -1 -1 -1 -1000 -1000 -1000 -10 0.0172882080078125
Pedestrian -1 -1 -10 1191.0 183.0 1224.0 366.0 -1 -1 -1 -1000 -1000 -1000 -10 0.01375579833984375
Pedestrian -1 -1 -10 303.0 142.0 334.0 254.0 -1 -1 -1 -1000 -1000 -1000 -10 0.01371002197265625
Pedestrian -1 -1 -10 499.0 150.0 535.0 253.0 -1 -1 -1 -1000 -1000 -1000 -10 0.01291656494140625
Pedestrian -1 -1 -10 1163.0 167.0 1224.0 366.0 -1 -1 -1 -1000 -1000 -1000 -10 0.010833740234375
Pedestrian -1 -1 -10 1180.0 153.0 1224.0 362.0 -1 -1 -1 -1000 -1000 -1000 -10 0.01049041748046875
Pedestrian -1 -1 -10 891.0 166.0 921.0 231.0 -1 -1 -1 -1000 -1000 -1000 -10 0.0104827880859375
Pedestrian -1 -1 -10 664.0 142.0 685.0 190.0 -1 -1 -1 -1000 -1000 -1000 -10 0.0100860595703125
Pedestrian -1 -1 -10 638.0 170.0 683.0 285.0 -1 -1 -1 -1000 -1000 -1000 -10 0.01000213623046875
Pedestrian -1 -1 -10 1172.0 178.0 1224.0 365.0 -1 -1 -1 -1000 -1000 -1000 -10 0.0099639892578125
Pedestrian -1 -1 -10 597.0 148.0 644.0 291.0 -1 -1 -1 -1000 -1000 -1000 -10 0.00980377197265625
Pedestrian -1 -1 -10 1142.0 134.0 1222.0 367.0 -1 -1 -1 -1000 -1000 -1000 -10 0.0087127685546875
Pedestrian -1 -1 -10 506.0 159.0 558.0 303.0 -1 -1 -1 -1000 -1000 -1000 -10 0.0083160400390625
Pedestrian -1 -1 -10 651.0 152.0 696.0 272.0 -1 -1 -1 -1000 -1000 -1000 -10 0.00775146484375
Pedestrian -1 -1 -10 593.0 137.0 643.0 274.0 -1 -1 -1 -1000 -1000 -1000 -10 0.006977081298828125
Pedestrian -1 -1 -10 610.0 141.0 648.0 232.0 -1 -1 -1 -1000 -1000 -1000 -10 0.006954193115234375
Pedestrian -1 -1 -10 515.0 160.0 567.0 302.0 -1 -1 -1 -1000 -1000 -1000 -10 0.00673675537109375
Pedestrian -1 -1 -10 655.0 139.0 709.0 227.0 -1 -1 -1 -1000 -1000 -1000 -10 0.0064544677734375
Pedestrian -1 -1 -10 613.0 143.0 636.0 195.0 -1 -1 -1 -1000 -1000 -1000 -10 0.006336212158203125
Pedestrian -1 -1 -10 614.0 139.0 645.0 221.0 -1 -1 -1 -1000 -1000 -1000 -10 0.00616455078125
Pedestrian -1 -1 -10 565.0 152.0 604.0 251.0 -1 -1 -1 -1000 -1000 -1000 -10 0.005931854248046875
Pedestrian -1 -1 -10 671.0 146.0 701.0 208.0 -1 -1 -1 -1000 -1000 -1000 -10 0.005817413330078125
Pedestrian -1 -1 -10 724.0 144.0 785.0 271.0 -1 -1 -1 -1000 -1000 -1000 -10 0.00576019287109375
Pedestrian -1 -1 -10 557.0 151.0 598.0 255.0 -1 -1 -1 -1000 -1000 -1000 -10 0.005573272705078125
Pedestrian -1 -1 -10 549.0 139.0 570.0 207.0 -1 -1 -1 -1000 -1000 -1000 -10 0.005504608154296875
Pedestrian -1 -1 -10 1192.0 236.0 1224.0 364.0 -1 -1 -1 -1000 -1000 -1000 -10 0.0054473876953125
Pedestrian -1 -1 -10 492.0 144.0 526.0 249.0 -1 -1 -1 -1000 -1000 -1000 -10 0.005413055419921875
Pedestrian -1 -1 -10 533.0 157.0 574.0 288.0 -1 -1 -1 -1000 -1000 -1000 -10 0.005260467529296875
Pedestrian -1 -1 -10 673.0 143.0 709.0 241.0 -1 -1 -1 -1000 -1000 -1000 -10 0.005214691162109375
Pedestrian -1 -1 -10 599.0 138.0 647.0 268.0 -1 -1 -1 -1000 -1000 -1000 -10 0.005199432373046875
Pedestrian -1 -1 -10 583.0 142.0 630.0 251.0 -1 -1 -1 -1000 -1000 -1000 -10 0.00513458251953125
Pedestrian -1 -1 -10 576.0 145.0 615.0 261.0 -1 -1 -1 -1000 -1000 -1000 -10 0.005077362060546875
Pedestrian -1 -1 -10 669.0 144.0 713.0 296.0 -1 -1 -1 -1000 -1000 -1000 -10 0.00489044189453125
Pedestrian -1 -1 -10 1197.0 222.0 1224.0 365.0 -1 -1 -1 -1000 -1000 -1000 -10 0.00487518310546875
Pedestrian -1 -1 -10 1007.0 140.0 1125.0 346.0 -1 -1 -1 -1000 -1000 -1000 -10 0.004413604736328125
Pedestrian -1 -1 -10 511.0 150.0 555.0 263.0 -1 -1 -1 -1000 -1000 -1000 -10 0.004352569580078125
Pedestrian -1 -1 -10 679.0 144.0 699.0 198.0 -1 -1 -1 -1000 -1000 -1000 -10 0.004322052001953125
Pedestrian -1 -1 -10 904.0 138.0 1025.0 343.0 -1 -1 -1 -1000 -1000 -1000 -10 0.00414276123046875
Pedestrian -1 -1 -10 913.0 143.0 1001.0 338.0 -1 -1 -1 -1000 -1000 -1000 -10 0.004047393798828125
Pedestrian -1 -1 -10 808.0 141.0 887.0 334.0 -1 -1 -1 -1000 -1000 -1000 -10 0.003910064697265625
Pedestrian -1 -1 -10 653.0 148.0 699.0 253.0 -1 -1 -1 -1000 -1000 -1000 -10 0.0038471221923828125
Pedestrian -1 -1 -10 1202.0 103.0 1224.0 340.0 -1 -1 -1 -1000 -1000 -1000 -10 0.0038471221923828125
Pedestrian -1 -1 -10 250.0 138.0 299.0 259.0 -1 -1 -1 -1000 -1000 -1000 -10 0.0036334991455078125
Pedestrian -1 -1 -10 536.0 154.0 575.0 254.0 -1 -1 -1 -1000 -1000 -1000 -10 0.0035915374755859375
Pedestrian -1 -1 -10 556.0 178.0 595.0 292.0 -1 -1 -1 -1000 -1000 -1000 -10 0.003387451171875
Pedestrian -1 -1 -10 610.0 145.0 640.0 209.0 -1 -1 -1 -1000 -1000 -1000 -10 0.003387451171875
Pedestrian -1 -1 -10 550.0 140.0 568.0 193.0 -1 -1 -1 -1000 -1000 -1000 -10 0.00331878662109375
Pedestrian -1 -1 -10 1205.0 226.0 1224.0 357.0 -1 -1 -1 -1000 -1000 -1000 -10 0.0033168792724609375
Pedestrian -1 -1 -10 524.0 149.0 566.0 263.0 -1 -1 -1 -1000 -1000 -1000 -10 0.0033111572265625
Pedestrian -1 -1 -10 586.0 141.0 631.0 274.0 -1 -1 -1 -1000 -1000 -1000 -10 0.003269195556640625
Pedestrian -1 -1 -10 1198.0 84.0 1224.0 359.0 -1 -1 -1 -1000 -1000 -1000 -10 0.0031909942626953125
Pedestrian -1 -1 -10 543.0 171.0 578.0 303.0 -1 -1 -1 -1000 -1000 -1000 -10 0.0030689239501953125
Pedestrian -1 -1 -10 639.0 173.0 672.0 299.0 -1 -1 -1 -1000 -1000 -1000 -10 0.0029735565185546875
Pedestrian -1 -1 -10 548.0 151.0 590.0 243.0 -1 -1 -1 -1000 -1000 -1000 -10 0.0028667449951171875
Pedestrian -1 -1 -10 547.0 169.0 583.0 308.0 -1 -1 -1 -1000 -1000 -1000 -10 0.0027923583984375
Pedestrian -1 -1 -10 562.0 161.0 605.0 226.0 -1 -1 -1 -1000 -1000 -1000 -10 0.0027790069580078125
Pedestrian -1 -1 -10 610.0 141.0 638.0 198.0 -1 -1 -1 -1000 -1000 -1000 -10 0.002742767333984375
Cyclist -1 -1 -10 486.0 139.0 511.0 183.0 -1 -1 -1 -1000 -1000 -1000 -10 0.00270843505859375
Pedestrian -1 -1 -10 656.0 180.0 690.0 290.0 -1 -1 -1 -1000 -1000 -1000 -10 0.002696990966796875
Pedestrian -1 -1 -10 672.0 177.0 704.0 294.0 -1 -1 -1 -1000 -1000 -1000 -10 0.0026454925537109375
Pedestrian -1 -1 -10 548.0 140.0 564.0 188.0 -1 -1 -1 -1000 -1000 -1000 -10 0.002628326416015625
Pedestrian -1 -1 -10 550.0 139.0 572.0 211.0 -1 -1 -1 -1000 -1000 -1000 -10 0.0022678375244140625
Pedestrian -1 -1 -10 1102.0 75.0 1222.0 370.0 -1 -1 -1 -1000 -1000 -1000 -10 0.002162933349609375
Pedestrian -1 -1 -10 599.0 138.0 741.0 290.0 -1 -1 -1 -1000 -1000 -1000 -10 0.002105712890625
Pedestrian -1 -1 -10 1104.0 166.0 1223.0 365.0 -1 -1 -1 -1000 -1000 -1000 -10 0.0020809173583984375
Pedestrian -1 -1 -10 696.0 141.0 813.0 335.0 -1 -1 -1 -1000 -1000 -1000 -10 0.002025604248046875
Pedestrian -1 -1 -10 1146.0 100.0 1224.0 363.0 -1 -1 -1 -1000 -1000 -1000 -10 0.0020160675048828125
Pedestrian -1 -1 -10 550.0 144.0 569.0 200.0 -1 -1 -1 -1000 -1000 -1000 -10 0.0019855499267578125
Pedestrian -1 -1 -10 887.0 162.0 919.0 236.0 -1 -1 -1 -1000 -1000 -1000 -10 0.001972198486328125
Pedestrian -1 -1 -10 489.0 141.0 519.0 243.0 -1 -1 -1 -1000 -1000 -1000 -10 0.0018091201782226562
Pedestrian -1 -1 -10 498.0 161.0 530.0 226.0 -1 -1 -1 -1000 -1000 -1000 -10 0.0017881393432617188
Pedestrian -1 -1 -10 1194.0 216.0 1224.0 351.0 -1 -1 -1 -1000 -1000 -1000 -10 0.001697540283203125
Pedestrian -1 -1 -10 492.0 143.0 546.0 241.0 -1 -1 -1 -1000 -1000 -1000 -10 0.0016956329345703125
Pedestrian -1 -1 -10 504.0 163.0 536.0 228.0 -1 -1 -1 -1000 -1000 -1000 -10 0.0016279220581054688
Pedestrian -1 -1 -10 1181.0 80.0 1224.0 362.0 -1 -1 -1 -1000 -1000 -1000 -10 0.0015344619750976562
Pedestrian -1 -1 -10 730.0 139.0 801.0 339.0 -1 -1 -1 -1000 -1000 -1000 -10 0.0015230178833007812
Pedestrian -1 -1 -10 510.0 185.0 558.0 323.0 -1 -1 -1 -1000 -1000 -1000 -10 0.0015010833740234375
Pedestrian -1 -1 -10 616.0 161.0 653.0 298.0 -1 -1 -1 -1000 -1000 -1000 -10 0.0014591217041015625
Pedestrian -1 -1 -10 1075.0 121.0 1224.0 341.0 -1 -1 -1 -1000 -1000 -1000 -10 0.0014543533325195312
Pedestrian -1 -1 -10 543.0 136.0 564.0 191.0 -1 -1 -1 -1000 -1000 -1000 -10 0.0013790130615234375
Pedestrian -1 -1 -10 777.0 139.0 898.0 331.0 -1 -1 -1 -1000 -1000 -1000 -10 0.001316070556640625
Pedestrian -1 -1 -10 727.0 148.0 787.0 255.0 -1 -1 -1 -1000 -1000 -1000 -10 0.0013093948364257812
Pedestrian -1 -1 -10 606.0 149.0 644.0 215.0 -1 -1 -1 -1000 -1000 -1000 -10 0.0012836456298828125
Pedestrian -1 -1 -10 1172.0 212.0 1224.0 369.0 -1 -1 -1 -1000 -1000 -1000 -10 0.0012836456298828125
Pedestrian -1 -1 -10 521.0 156.0 567.0 292.0 -1 -1 -1 -1000 -1000 -1000 -10 0.0012540817260742188
Pedestrian -1 -1 -10 563.0 136.0 687.0 299.0 -1 -1 -1 -1000 -1000 -1000 -10 0.0012273788452148438
Pedestrian -1 -1 -10 488.0 142.0 609.0 322.0 -1 -1 -1 -1000 -1000 -1000 -10 0.0011615753173828125
Pedestrian -1 -1 -10 655.0 154.0 691.0 217.0 -1 -1 -1 -1000 -1000 -1000 -10 0.0010967254638671875
Pedestrian -1 -1 -10 569.0 154.0 605.0 220.0 -1 -1 -1 -1000 -1000 -1000 -10 0.0010852813720703125
Pedestrian -1 -1 -10 269.0 144.0 328.0 250.0 -1 -1 -1 -1000 -1000 -1000 -10 0.0010385513305664062
Pedestrian -1 -1 -10 659.0 155.0 701.0 220.0 -1 -1 -1 -1000 -1000 -1000 -10 0.001007080078125
Pedestrian -1 -1 -10 547.0 151.0 575.0 216.0 -1 -1 -1 -1000 -1000 -1000 -10 0.00099945068359375
Pedestrian -1 -1 -10 470.0 143.0 583.0 325.0 -1 -1 -1 -1000 -1000 -1000 -10 0.0009708404541015625
Pedestrian -1 -1 -10 502.0 157.0 531.0 222.0 -1 -1 -1 -1000 -1000 -1000 -10 0.0009617805480957031
Pedestrian -1 -1 -10 554.0 168.0 596.0 283.0 -1 -1 -1 -1000 -1000 -1000 -10 0.0009541511535644531
Pedestrian -1 -1 -10 935.0 162.0 1007.0 298.0 -1 -1 -1 -1000 -1000 -1000 -10 0.0009412765502929688
Pedestrian -1 -1 -10 572.0 161.0 612.0 225.0 -1 -1 -1 -1000 -1000 -1000 -10 0.0009360313415527344
Pedestrian -1 -1 -10 520.0 137.0 664.0 299.0 -1 -1 -1 -1000 -1000 -1000 -10 0.00092315673828125
Pedestrian -1 -1 -10 503.0 155.0 552.0 292.0 -1 -1 -1 -1000 -1000 -1000 -10 0.000904083251953125
Pedestrian -1 -1 -10 526.0 145.0 564.0 229.0 -1 -1 -1 -1000 -1000 -1000 -10 0.0008940696716308594
Pedestrian -1 -1 -10 637.0 133.0 762.0 286.0 -1 -1 -1 -1000 -1000 -1000 -10 0.0008740425109863281
Pedestrian -1 -1 -10 680.0 142.0 697.0 191.0 -1 -1 -1 -1000 -1000 -1000 -10 0.0008358955383300781
Pedestrian -1 -1 -10 1058.0 136.0 1202.0 369.0 -1 -1 -1 -1000 -1000 -1000 -10 0.000835418701171875
Pedestrian -1 -1 -10 1205.0 211.0 1224.0 333.0 -1 -1 -1 -1000 -1000 -1000 -10 0.000823974609375
Pedestrian -1 -1 -10 673.0 159.0 710.0 289.0 -1 -1 -1 -1000 -1000 -1000 -10 0.0008220672607421875
Pedestrian -1 -1 -10 799.0 146.0 871.0 287.0 -1 -1 -1 -1000 -1000 -1000 -10 0.0008058547973632812
Pedestrian -1 -1 -10 1022.0 162.0 1097.0 306.0 -1 -1 -1 -1000 -1000 -1000 -10 0.0007958412170410156
Pedestrian -1 -1 -10 264.0 138.0 298.0 260.0 -1 -1 -1 -1000 -1000 -1000 -10 0.0007886886596679688
Pedestrian -1 -1 -10 613.0 139.0 631.0 181.0 -1 -1 -1 -1000 -1000 -1000 -10 0.0007753372192382812
Pedestrian -1 -1 -10 938.0 151.0 1006.0 280.0 -1 -1 -1 -1000 -1000 -1000 -10 0.0007729530334472656
Pedestrian -1 -1 -10 608.0 148.0 650.0 244.0 -1 -1 -1 -1000 -1000 -1000 -10 0.0007724761962890625
Pedestrian -1 -1 -10 299.0 146.0 341.0 252.0 -1 -1 -1 -1000 -1000 -1000 -10 0.000743865966796875
Pedestrian -1 -1 -10 715.0 146.0 768.0 328.0 -1 -1 -1 -1000 -1000 -1000 -10 0.0007338523864746094
Pedestrian -1 -1 -10 616.0 139.0 634.0 186.0 -1 -1 -1 -1000 -1000 -1000 -10 0.0007290840148925781
Pedestrian -1 -1 -10 637.0 158.0 682.0 272.0 -1 -1 -1 -1000 -1000 -1000 -10 0.0007147789001464844
Cyclist -1 -1 -10 489.0 137.0 516.0 187.0 -1 -1 -1 -1000 -1000 -1000 -10 0.0006732940673828125
Pedestrian -1 -1 -10 499.0 155.0 527.0 221.0 -1 -1 -1 -1000 -1000 -1000 -10 0.0006670951843261719
Pedestrian -1 -1 -10 1173.0 222.0 1220.0 360.0 -1 -1 -1 -1000 -1000 -1000 -10 0.0006661415100097656
Pedestrian -1 -1 -10 1204.0 247.0 1224.0 357.0 -1 -1 -1 -1000 -1000 -1000 -10 0.0006570816040039062
Pedestrian -1 -1 -10 498.0 137.0 521.0 206.0 -1 -1 -1 -1000 -1000 -1000 -10 0.0006527900695800781
Pedestrian -1 -1 -10 801.0 163.0 874.0 301.0 -1 -1 -1 -1000 -1000 -1000 -10 0.0006389617919921875
Pedestrian -1 -1 -10 1031.0 137.0 1117.0 351.0 -1 -1 -1 -1000 -1000 -1000 -10 0.0006184577941894531
Cyclist -1 -1 -10 482.0 140.0 509.0 180.0 -1 -1 -1 -1000 -1000 -1000 -10 0.0005974769592285156
Pedestrian -1 -1 -10 836.0 153.0 905.0 267.0 -1 -1 -1 -1000 -1000 -1000 -10 0.0005950927734375
Pedestrian -1 -1 -10 551.0 145.0 572.0 203.0 -1 -1 -1 -1000 -1000 -1000 -10 0.0005879402160644531
Pedestrian -1 -1 -10 506.0 135.0 527.0 201.0 -1 -1 -1 -1000 -1000 -1000 -10 0.0005764961242675781
Pedestrian -1 -1 -10 546.0 140.0 571.0 193.0 -1 -1 -1 -1000 -1000 -1000 -10 0.000576019287109375
Pedestrian -1 -1 -10 543.0 138.0 560.0 187.0 -1 -1 -1 -1000 -1000 -1000 -10 0.0005745887756347656
Pedestrian -1 -1 -10 1046.0 131.0 1212.0 353.0 -1 -1 -1 -1000 -1000 -1000 -10 0.0005669593811035156
Pedestrian -1 -1 -10 618.0 142.0 643.0 208.0 -1 -1 -1 -1000 -1000 -1000 -10 0.0005564689636230469
Pedestrian -1 -1 -10 566.0 170.0 603.0 233.0 -1 -1 -1 -1000 -1000 -1000 -10 0.0005393028259277344
Pedestrian -1 -1 -10 635.0 167.0 675.0 279.0 -1 -1 -1 -1000 -1000 -1000 -10 0.0005373954772949219
Pedestrian -1 -1 -10 514.0 163.0 551.0 227.0 -1 -1 -1 -1000 -1000 -1000 -10 0.0005373954772949219
Pedestrian -1 -1 -10 1204.0 237.0 1223.0 347.0 -1 -1 -1 -1000 -1000 -1000 -10 0.0005335807800292969
Pedestrian -1 -1 -10 1200.0 208.0 1224.0 337.0 -1 -1 -1 -1000 -1000 -1000 -10 0.0005311965942382812
Pedestrian -1 -1 -10 300.0 137.0 332.0 236.0 -1 -1 -1 -1000 -1000 -1000 -10 0.0004992485046386719
Pedestrian -1 -1 -10 731.0 150.0 782.0 241.0 -1 -1 -1 -1000 -1000 -1000 -10 0.0004992485046386719
Pedestrian -1 -1 -10 1104.0 129.0 1224.0 367.0 -1 -1 -1 -1000 -1000 -1000 -10 0.00048804283142089844
Pedestrian -1 -1 -10 612.0 157.0 651.0 283.0 -1 -1 -1 -1000 -1000 -1000 -10 0.0004878044128417969
Pedestrian -1 -1 -10 600.0 153.0 645.0 219.0 -1 -1 -1 -1000 -1000 -1000 -10 0.0004820823669433594
Pedestrian -1 -1 -10 258.0 133.0 293.0 245.0 -1 -1 -1 -1000 -1000 -1000 -10 0.0004811286926269531
Pedestrian -1 -1 -10 722.0 163.0 785.0 305.0 -1 -1 -1 -1000 -1000 -1000 -10 0.00047898292541503906
Pedestrian -1 -1 -10 552.0 141.0 567.0 187.0 -1 -1 -1 -1000 -1000 -1000 -10 0.0004665851593017578
Pedestrian -1 -1 -10 669.0 166.0 708.0 280.0 -1 -1 -1 -1000 -1000 -1000 -10 0.00046634674072265625
Pedestrian -1 -1 -10 678.0 142.0 704.0 220.0 -1 -1 -1 -1000 -1000 -1000 -10 0.00046324729919433594
Pedestrian -1 -1 -10 544.0 141.0 559.0 184.0 -1 -1 -1 -1000 -1000 -1000 -10 0.00046181678771972656
Pedestrian -1 -1 -10 294.0 138.0 321.0 260.0 -1 -1 -1 -1000 -1000 -1000 -10 0.0004570484161376953
Pedestrian -1 -1 -10 660.0 164.0 706.0 229.0 -1 -1 -1 -1000 -1000 -1000 -10 0.0004527568817138672
Pedestrian -1 -1 -10 515.0 145.0 554.0 228.0 -1 -1 -1 -1000 -1000 -1000 -10 0.0004432201385498047
Pedestrian -1 -1 -10 1086.0 229.0 1221.0 365.0 -1 -1 -1 -1000 -1000 -1000 -10 0.00044226646423339844
Pedestrian -1 -1 -10 813.0 187.0 880.0 327.0 -1 -1 -1 -1000 -1000 -1000 -10 0.00042629241943359375
Cyclist -1 -1 -10 487.0 134.0 518.0 192.0 -1 -1 -1 -1000 -1000 -1000 -10 0.00041985511779785156
Pedestrian -1 -1 -10 724.0 139.0 798.0 311.0 -1 -1 -1 -1000 -1000 -1000 -10 0.000415802001953125
Pedestrian -1 -1 -10 726.0 174.0 785.0 318.0 -1 -1 -1 -1000 -1000 -1000 -10 0.00039958953857421875
Pedestrian -1 -1 -10 525.0 162.0 565.0 226.0 -1 -1 -1 -1000 -1000 -1000 -10 0.00039005279541015625
Pedestrian -1 -1 -10 608.0 127.0 741.0 267.0 -1 -1 -1 -1000 -1000 -1000 -10 0.00038933753967285156
Pedestrian -1 -1 -10 1207.0 204.0 1223.0 323.0 -1 -1 -1 -1000 -1000 -1000 -10 0.00038695335388183594
Pedestrian -1 -1 -10 1067.0 106.0 1213.0 358.0 -1 -1 -1 -1000 -1000 -1000 -10 0.0003795623779296875
Pedestrian -1 -1 -10 1207.0 184.0 1223.0 301.0 -1 -1 -1 -1000 -1000 -1000 -10 0.00037598609924316406
Pedestrian -1 -1 -10 500.0 136.0 527.0 217.0 -1 -1 -1 -1000 -1000 -1000 -10 0.0003714561462402344
Pedestrian -1 -1 -10 600.0 161.0 645.0 226.0 -1 -1 -1 -1000 -1000 -1000 -10 0.0003540515899658203
Pedestrian -1 -1 -10 1166.0 231.0 1223.0 369.0 -1 -1 -1 -1000 -1000 -1000 -10 0.00035119056701660156
Car -1 -1 -10 0.0 84.0 264.0 306.0 -1 -1 -1 -1000 -1000 -1000 -10 0.00034618377685546875
Pedestrian -1 -1 -10 221.0 123.0 356.0 275.0 -1 -1 -1 -1000 -1000 -1000 -10 0.0003437995910644531
Pedestrian -1 -1 -10 304.0 148.0 338.0 262.0 -1 -1 -1 -1000 -1000 -1000 -10 0.0003383159637451172
Pedestrian -1 -1 -10 1038.0 154.0 1211.0 370.0 -1 -1 -1 -1000 -1000 -1000 -10 0.00033402442932128906
Pedestrian -1 -1 -10 508.0 133.0 528.0 187.0 -1 -1 -1 -1000 -1000 -1000 -10 0.00033092498779296875
Pedestrian -1 -1 -10 664.0 157.0 706.0 223.0 -1 -1 -1 -1000 -1000 -1000 -10 0.0003275871276855469
Pedestrian -1 -1 -10 657.0 142.0 675.0 199.0 -1 -1 -1 -1000 -1000 -1000 -10 0.0003247261047363281
Pedestrian -1 -1 -10 592.0 164.0 639.0 304.0 -1 -1 -1 -1000 -1000 -1000 -10 0.00032138824462890625
Pedestrian -1 -1 -10 589.0 153.0 630.0 218.0 -1 -1 -1 -1000 -1000 -1000 -10 0.00031256675720214844
Pedestrian -1 -1 -10 1024.0 187.0 1099.0 329.0 -1 -1 -1 -1000 -1000 -1000 -10 0.0003032684326171875
Pedestrian -1 -1 -10 1202.0 229.0 1224.0 338.0 -1 -1 -1 -1000 -1000 -1000 -10 0.00030040740966796875
Pedestrian -1 -1 -10 540.0 156.0 578.0 221.0 -1 -1 -1 -1000 -1000 -1000 -10 0.0002980232238769531
Pedestrian -1 -1 -10 1206.0 196.0 1222.0 290.0 -1 -1 -1 -1000 -1000 -1000 -10 0.0002949237823486328
Pedestrian -1 -1 -10 485.0 137.0 509.0 189.0 -1 -1 -1 -1000 -1000 -1000 -10 0.00029468536376953125
Pedestrian -1 -1 -10 728.0 146.0 794.0 295.0 -1 -1 -1 -1000 -1000 -1000 -10 0.00029087066650390625
Pedestrian -1 -1 -10 558.0 123.0 699.0 253.0 -1 -1 -1 -1000 -1000 -1000 -10 0.0002906322479248047
Pedestrian -1 -1 -10 629.0 143.0 652.0 215.0 -1 -1 -1 -1000 -1000 -1000 -10 0.00027561187744140625
Pedestrian -1 -1 -10 553.0 184.0 585.0 303.0 -1 -1 -1 -1000 -1000 -1000 -10 0.0002741813659667969
Pedestrian -1 -1 -10 616.0 148.0 645.0 211.0 -1 -1 -1 -1000 -1000 -1000 -10 0.0002715587615966797
Pedestrian -1 -1 -10 1196.0 117.0 1224.0 325.0 -1 -1 -1 -1000 -1000 -1000 -10 0.000270843505859375
Pedestrian -1 -1 -10 306.0 139.0 341.0 247.0 -1 -1 -1 -1000 -1000 -1000 -10 0.0002682209014892578
Pedestrian -1 -1 -10 681.0 143.0 698.0 185.0 -1 -1 -1 -1000 -1000 -1000 -10 0.00026416778564453125
Pedestrian -1 -1 -10 504.0 170.0 542.0 235.0 -1 -1 -1 -1000 -1000 -1000 -10 0.00026106834411621094
Pedestrian -1 -1 -10 1197.0 109.0 1224.0 294.0 -1 -1 -1 -1000 -1000 -1000 -10 0.00026106834411621094
Pedestrian -1 -1 -10 1009.0 141.0 1088.0 338.0 -1 -1 -1 -1000 -1000 -1000 -10 0.0002608299255371094
Pedestrian -1 -1 -10 544.0 155.0 584.0 220.0 -1 -1 -1 -1000 -1000 -1000 -10 0.00025725364685058594
Pedestrian -1 -1 -10 520.0 129.0 657.0 253.0 -1 -1 -1 -1000 -1000 -1000 -10 0.00025200843811035156
Pedestrian -1 -1 -10 498.0 141.0 521.0 200.0 -1 -1 -1 -1000 -1000 -1000 -10 0.0002460479736328125
Pedestrian -1 -1 -10 1204.0 221.0 1224.0 323.0 -1 -1 -1 -1000 -1000 -1000 -10 0.00024366378784179688
Pedestrian -1 -1 -10 662.0 172.0 704.0 237.0 -1 -1 -1 -1000 -1000 -1000 -10 0.00024139881134033203
Pedestrian -1 -1 -10 723.0 145.0 790.0 246.0 -1 -1 -1 -1000 -1000 -1000 -10 0.00023627281188964844
Pedestrian -1 -1 -10 501.0 134.0 529.0 204.0 -1 -1 -1 -1000 -1000 -1000 -10 0.00023496150970458984
Pedestrian -1 -1 -10 597.0 138.0 624.0 208.0 -1 -1 -1 -1000 -1000 -1000 -10 0.0002338886260986328
Pedestrian -1 -1 -10 1065.0 222.0 1224.0 369.0 -1 -1 -1 -1000 -1000 -1000 -10 0.0002315044403076172
Pedestrian -1 -1 -10 542.0 142.0 562.0 196.0 -1 -1 -1 -1000 -1000 -1000 -10 0.0002300739288330078
Pedestrian -1 -1 -10 543.0 143.0 560.0 191.0 -1 -1 -1 -1000 -1000 -1000 -10 0.00022840499877929688
Pedestrian -1 -1 -10 499.0 169.0 534.0 234.0 -1 -1 -1 -1000 -1000 -1000 -10 0.00022685527801513672
Pedestrian -1 -1 -10 1209.0 175.0 1223.0 293.0 -1 -1 -1 -1000 -1000 -1000 -10 0.0002244710922241211
Pedestrian -1 -1 -10 561.0 180.0 598.0 294.0 -1 -1 -1 -1000 -1000 -1000 -10 0.00021195411682128906
Pedestrian -1 -1 -10 1204.0 88.0 1224.0 276.0 -1 -1 -1 -1000 -1000 -1000 -10 0.00021076202392578125
Pedestrian -1 -1 -10 1198.0 249.0 1224.0 367.0 -1 -1 -1 -1000 -1000 -1000 -10 0.00020813941955566406
Pedestrian -1 -1 -10 683.0 150.0 718.0 287.0 -1 -1 -1 -1000 -1000 -1000 -10 0.0002079010009765625
Pedestrian -1 -1 -10 1202.0 200.0 1223.0 328.0 -1 -1 -1 -1000 -1000 -1000 -10 0.00020778179168701172
Pedestrian -1 -1 -10 590.0 149.0 626.0 214.0 -1 -1 -1 -1000 -1000 -1000 -10 0.0002065896987915039
Pedestrian -1 -1 -10 559.0 170.0 597.0 234.0 -1 -1 -1 -1000 -1000 -1000 -10 0.00020325183868408203
Pedestrian -1 -1 -10 578.0 171.0 614.0 234.0 -1 -1 -1 -1000 -1000 -1000 -10 0.0002015829086303711
Pedestrian -1 -1 -10 628.0 144.0 655.0 228.0 -1 -1 -1 -1000 -1000 -1000 -10 0.00019872188568115234
Pedestrian -1 -1 -10 651.0 145.0 676.0 209.0 -1 -1 -1 -1000 -1000 -1000 -10 0.00019848346710205078
Pedestrian -1 -1 -10 1211.0 159.0 1223.0 263.0 -1 -1 -1 -1000 -1000 -1000 -10 0.00019800662994384766
Car -1 -1 -10 3.0 1.0 134.0 355.0 -1 -1 -1 -1000 -1000 -1000 -10 0.00019621849060058594
Pedestrian -1 -1 -10 194.0 119.0 337.0 273.0 -1 -1 -1 -1000 -1000 -1000 -10 0.00019288063049316406
Pedestrian -1 -1 -10 993.0 146.0 1114.0 350.0 -1 -1 -1 -1000 -1000 -1000 -10 0.00018465518951416016
Pedestrian -1 -1 -10 538.0 134.0 565.0 196.0 -1 -1 -1 -1000 -1000 -1000 -10 0.0001844167709350586
Pedestrian -1 -1 -10 1199.0 219.0 1223.0 327.0 -1 -1 -1 -1000 -1000 -1000 -10 0.00018072128295898438
Pedestrian -1 -1 -10 807.0 174.0 876.0 317.0 -1 -1 -1 -1000 -1000 -1000 -10 0.0001773834228515625
Pedestrian -1 -1 -10 1198.0 70.0 1224.0 295.0 -1 -1 -1 -1000 -1000 -1000 -10 0.00017344951629638672
Pedestrian -1 -1 -10 1210.0 148.0 1224.0 258.0 -1 -1 -1 -1000 -1000 -1000 -10 0.00017309188842773438
Pedestrian -1 -1 -10 502.0 155.0 540.0 277.0 -1 -1 -1 -1000 -1000 -1000 -10 0.00017118453979492188
Pedestrian -1 -1 -10 1193.0 247.0 1224.0 370.0 -1 -1 -1 -1000 -1000 -1000 -10 0.00016963481903076172
Pedestrian -1 -1 -10 663.0 178.0 692.0 301.0 -1 -1 -1 -1000 -1000 -1000 -10 0.00016760826110839844
Car -1 -1 -10 0.0 4.0 67.0 350.0 -1 -1 -1 -1000 -1000 -1000 -10 0.0001671314239501953
Cyclist -1 -1 -10 480.0 136.0 510.0 184.0 -1 -1 -1 -1000 -1000 -1000 -10 0.00016689300537109375
Pedestrian -1 -1 -10 1184.0 96.0 1224.0 306.0 -1 -1 -1 -1000 -1000 -1000 -10 0.0001544952392578125
Cyclist -1 -1 -10 489.0 139.0 517.0 176.0 -1 -1 -1 -1000 -1000 -1000 -10 0.0001537799835205078
Pedestrian -1 -1 -10 893.0 160.0 929.0 248.0 -1 -1 -1 -1000 -1000 -1000 -10 0.00015306472778320312
Pedestrian -1 -1 -10 922.0 183.0 1000.0 320.0 -1 -1 -1 -1000 -1000 -1000 -10 0.00014865398406982422
