Car -1 -1 -10 205.0 170.0 336.0 243.0 -1 -1 -1 -1000 -1000 -1000 -10 0.9541015625
Car -1 -1 -10 523.0 174.0 561.0 208.0 -1 -1 -1 -1000 -1000 -1000 -10 0.947265625
Car -1 -1 -10 426.0 180.0 463.0 205.0 -1 -1 -1 -1000 -1000 -1000 -10 0.94140625
Car -1 -1 -10 581.0 173.0 608.0 200.0 -1 -1 -1 -1000 -1000 -1000 -10 0.93994140625
Car -1 -1 -10 201.0 159.0 339.0 257.0 -1 -1 -1 -1000 -1000 -1000 -10 0.0008521080017089844
Car -1 -1 -10 425.0 177.0 464.0 211.0 -1 -1 -1 -1000 -1000 -1000 -10 0.000736236572265625
Car -1 -1 -10 0.0 206.0 19.0 360.0 -1 -1 -1 -1000 -1000 -1000 -10 0.0006051063537597656
Car -1 -1 -10 1.0 215.0 21.0 375.0 -1 -1 -1 -1000 -1000 -1000 -10 0.00035190582275390625
Car -1 -1 -10 1120.0 0.0 1242.0 3.0 -1 -1 -1 -1000 -1000 -1000 -10 0.0003485679626464844
Car -1 -1 -10 0.0 222.0 12.0 346.0 -1 -1 -1 -1000 -1000 -1000 -10 0.0002803802490234375
Car -1 -1 -10 0.0 200.0 25.0 365.0 -1 -1 -1 -1000 -1000 -1000 -10 0.00025582313537597656
Car -1 -1 -10 579.0 171.0 610.0 205.0 -1 -1 -1 -1000 -1000 -1000 -10 0.0002351999282836914
Car -1 -1 -10 1.0 220.0 21.0 350.0 -1 -1 -1 -1000 -1000 -1000 -10 0.00021970272064208984
Car -1 -1 -10 0.0 195.0 15.0 335.0 -1 -1 -1 -1000 -1000 -1000 -10 0.00021851062774658203
Car -1 -1 -10 0.0 214.0 33.0 375.0 -1 -1 -1 -1000 -1000 -1000 -10 0.0002040863037109375
Car -1 -1 -10 1.0 197.0 31.0 367.0 -1 -1 -1 -1000 -1000 -1000 -10 0.00019919872283935547
Car -1 -1 -10 1109.0 0.0 1242.0 4.0 -1 -1 -1 -1000 -1000 -1000 -10 0.0001957416534423828
Car -1 -1 -10 0.0 210.0 27.0 375.0 -1 -1 -1 -1000 -1000 -1000 -10 0.00018846988677978516
Car -1 -1 -10 1095.0 0.0 1232.0 3.0 -1 -1 -1 -1000 -1000 -1000 -10 0.0001741647720336914
Car -1 -1 -10 0.0 206.0 10.0 323.0 -1 -1 -1 -1000 -1000 -1000 -10 0.00015020370483398438
Car -1 -1 -10 572.0 171.0 600.0 198.0 -1 -1 -1 -1000 -1000 -1000 -10 0.0001399517059326172
Car -1 -1 -10 517.0 173.0 553.0 202.0 -1 -1 -1 -1000 -1000 -1000 -10 0.00012242794036865234
Car -1 -1 -10 582.0 168.0 606.0 196.0 -1 -1 -1 -1000 -1000 -1000 -10 0.00011456012725830078
Car -1 -1 -10 0.0 231.0 13.0 358.0 -1 -1 -1 -1000 -1000 -1000 -10 0.00010848045349121094
