Car -1 -1 -10 4.0 186.0 424.0 372.0 -1 -1 -1 -1000 -1000 -1000 -10 0.97412109375
Car -1 -1 -10 432.0 182.0 535.0 259.0 -1 -1 -1 -1000 -1000 -1000 -10 0.96337890625
Car -1 -1 -10 557.0 180.0 587.0 204.0 -1 -1 -1 -1000 -1000 -1000 -10 0.931640625
Car -1 -1 -10 428.0 171.0 550.0 267.0 -1 -1 -1 -1000 -1000 -1000 -10 0.0008630752563476562
Car -1 -1 -10 556.0 177.0 588.0 209.0 -1 -1 -1 -1000 -1000 -1000 -10 0.0007495880126953125
Car -1 -1 -10 418.0 176.0 542.0 274.0 -1 -1 -1 -1000 -1000 -1000 -10 0.0006384849548339844
Car -1 -1 -10 552.0 179.0 585.0 205.0 -1 -1 -1 -1000 -1000 -1000 -10 0.0006337165832519531
Car -1 -1 -10 0.0 188.0 22.0 374.0 -1 -1 -1 -1000 -1000 -1000 -10 0.00031495094299316406
Car -1 -1 -10 603.0 0.0 647.0 8.0 -1 -1 -1 -1000 -1000 -1000 -10 0.00025272369384765625
Car -1 -1 -10 0.0 170.0 23.0 349.0 -1 -1 -1 -1000 -1000 -1000 -10 0.00022614002227783203
Car -1 -1 -10 0.0 215.0 21.0 375.0 -1 -1 -1 -1000 -1000 -1000 -10 0.00022017955780029297
Car -1 -1 -10 579.0 0.0 626.0 2.0 -1 -1 -1 -1000 -1000 -1000 -10 0.00017273426055908203
Car -1 -1 -10 0.0 160.0 22.0 320.0 -1 -1 -1 -1000 -1000 -1000 -10 0.0001652240753173828
Car -1 -1 -10 0.0 146.0 18.0 293.0 -1 -1 -1 -1000 -1000 -1000 -10 0.0001569986343383789
Car -1 -1 -10 0.0 133.0 18.0 274.0 -1 -1 -1 -1000 -1000 -1000 -10 0.00014352798461914062
Car -1 -1 -10 560.0 176.0 589.0 202.0 -1 -1 -1 -1000 -1000 -1000 -10 0.00013911724090576172
Car -1 -1 -10 0.0 155.0 26.0 325.0 -1 -1 -1 -1000 -1000 -1000 -10 0.00011521577835083008
Car -1 -1 -10 117.0 187.0 422.0 372.0 -1 -1 -1 -1000 -1000 -1000 -10 0.0001125335693359375
Pedestrian -1 -1 -10 596.0 0.0 647.0 5.0 -1 -1 -1 -1000 -1000 -1000 -10 0.00010472536087036133
