Car -1 -1 -10 611.0 191.0 627.0 207.0 -1 -1 -1 -1000 -1000 -1000 -10 0.90380859375
Car -1 -1 -10 613.0 191.0 629.0 207.0 -1 -1 -1 -1000 -1000 -1000 -10 0.0172271728515625
Car -1 -1 -10 629.0 192.0 640.0 203.0 -1 -1 -1 -1000 -1000 -1000 -10 0.006977081298828125
Car -1 -1 -10 631.0 193.0 642.0 203.0 -1 -1 -1 -1000 -1000 -1000 -10 0.0042572021484375
Car -1 -1 -10 633.0 193.0 646.0 206.0 -1 -1 -1 -1000 -1000 -1000 -10 0.001331329345703125
Car -1 -1 -10 372.0 175.0 403.0 196.0 -1 -1 -1 -1000 -1000 -1000 -10 0.0008749961853027344
Car -1 -1 -10 607.0 191.0 622.0 206.0 -1 -1 -1 -1000 -1000 -1000 -10 0.0008039474487304688
Car -1 -1 -10 634.0 190.0 647.0 203.0 -1 -1 -1 -1000 -1000 -1000 -10 0.0006046295166015625
Car -1 -1 -10 372.0 179.0 398.0 198.0 -1 -1 -1 -1000 -1000 -1000 -10 0.0005249977111816406
Car -1 -1 -10 610.0 191.0 629.0 209.0 -1 -1 -1 -1000 -1000 -1000 -10 0.0004737377166748047
Car -1 -1 -10 20.0 320.0 335.0 375.0 -1 -1 -1 -1000 -1000 -1000 -10 0.0004661083221435547
Car -1 -1 -10 652.0 190.0 664.0 203.0 -1 -1 -1 -1000 -1000 -1000 -10 0.0004448890686035156
Car -1 -1 -10 372.0 176.0 401.0 198.0 -1 -1 -1 -1000 -1000 -1000 -10 0.0002884864807128906
Car -1 -1 -10 8.0 323.0 289.0 375.0 -1 -1 -1 -1000 -1000 -1000 -10 0.0002765655517578125
Car -1 -1 -10 370.0 179.0 405.0 201.0 -1 -1 -1 -1000 -1000 -1000 -10 0.00026869773864746094
Car -1 -1 -10 655.0 186.0 668.0 203.0 -1 -1 -1 -1000 -1000 -1000 -10 0.0002065896987915039
Car -1 -1 -10 651.0 190.0 665.0 206.0 -1 -1 -1 -1000 -1000 -1000 -10 0.00017595291137695312
Car -1 -1 -10 405.0 175.0 436.0 196.0 -1 -1 -1 -1000 -1000 -1000 -10 0.00015783309936523438
Car -1 -1 -10 612.0 190.0 628.0 210.0 -1 -1 -1 -1000 -1000 -1000 -10 0.00011485815048217773
Car -1 -1 -10 405.0 177.0 432.0 195.0 -1 -1 -1 -1000 -1000 -1000 -10 0.00011354684829711914
Car -1 -1 -10 592.0 193.0 606.0 210.0 -1 -1 -1 -1000 -1000 -1000 -10 0.00011038780212402344
Car -1 -1 -10 17.0 329.0 424.0 375.0 -1 -1 -1 -1000 -1000 -1000 -10 0.00010800361633300781
Car -1 -1 -10 562.0 171.0 583.0 193.0 -1 -1 -1 -1000 -1000 -1000 -10 0.00010716915130615234
