Car -1 -1 -10 260.0 140.0 504.0 344.0 -1 -1 -1 -1000 -1000 -1000 -10 0.9619140625
Car -1 -1 -10 0.0 54.0 363.0 372.0 -1 -1 -1 -1000 -1000 -1000 -10 0.95947265625
Pedestrian -1 -1 -10 764.0 164.0 786.0 220.0 -1 -1 -1 -1000 -1000 -1000 -10 0.83447265625
Pedestrian -1 -1 -10 767.0 163.0 792.0 220.0 -1 -1 -1 -1000 -1000 -1000 -10 0.0162811279296875
Pedestrian -1 -1 -10 1210.0 99.0 1238.0 350.0 -1 -1 -1 -1000 -1000 -1000 -10 0.0115509033203125
Pedestrian -1 -1 -10 1192.0 93.0 1238.0 349.0 -1 -1 -1 -1000 -1000 -1000 -10 0.0078277587890625
Pedestrian -1 -1 -10 1212.0 131.0 1238.0 347.0 -1 -1 -1 -1000 -1000 -1000 -10 0.00775146484375
Pedestrian -1 -1 -10 1199.0 113.0 1238.0 361.0 -1 -1 -1 -1000 -1000 -1000 -10 0.005214691162109375
Pedestrian -1 -1 -10 1208.0 122.0 1238.0 329.0 -1 -1 -1 -1000 -1000 -1000 -10 0.0029315948486328125
Pedestrian -1 -1 -10 1201.0 141.0 1237.0 371.0 -1 -1 -1 -1000 -1000 -1000 -10 0.0026493072509765625
Pedestrian -1 -1 -10 1208.0 147.0 1238.0 374.0 -1 -1 -1 -1000 -1000 -1000 -10 0.002613067626953125
Pedestrian -1 -1 -10 1212.0 65.0 1238.0 337.0 -1 -1 -1 -1000 -1000 -1000 -10 0.0023651123046875
Pedestrian -1 -1 -10 1199.0 137.0 1237.0 339.0 -1 -1 -1 -1000 -1000 -1000 -10 0.00215911865234375
Pedestrian -1 -1 -10 1190.0 121.0 1238.0 323.0 -1 -1 -1 -1000 -1000 -1000 -10 0.00202178955078125
Pedestrian -1 -1 -10 1180.0 119.0 1238.0 372.0 -1 -1 -1 -1000 -1000 -1000 -10 0.0019779205322265625
Pedestrian -1 -1 -10 765.0 161.0 790.0 217.0 -1 -1 -1 -1000 -1000 -1000 -10 0.0019464492797851562
Pedestrian -1 -1 -10 1217.0 93.0 1238.0 310.0 -1 -1 -1 -1000 -1000 -1000 -10 0.0019245147705078125
Car -1 -1 -10 0.0 183.0 28.0 365.0 -1 -1 -1 -1000 -1000 -1000 -10 0.0017070770263671875
Pedestrian -1 -1 -10 1209.0 148.0 1237.0 357.0 -1 -1 -1 -1000 -1000 -1000 -10 0.0016050338745117188
Pedestrian -1 -1 -10 1176.0 93.0 1237.0 349.0 -1 -1 -1 -1000 -1000 -1000 -10 0.0015869140625
Pedestrian -1 -1 -10 1195.0 151.0 1238.0 374.0 -1 -1 -1 -1000 -1000 -1000 -10 0.0014629364013671875
Pedestrian -1 -1 -10 1164.0 124.0 1238.0 365.0 -1 -1 -1 -1000 -1000 -1000 -10 0.0013132095336914062
Pedestrian -1 -1 -10 1181.0 30.0 1235.0 340.0 -1 -1 -1 -1000 -1000 -1000 -10 0.001277923583984375
Car -1 -1 -10 319.0 143.0 447.0 333.0 -1 -1 -1 -1000 -1000 -1000 -10 0.0011119842529296875
Car -1 -1 -10 0.0 163.0 41.0 362.0 -1 -1 -1 -1000 -1000 -1000 -10 0.001110076904296875
Pedestrian -1 -1 -10 1159.0 84.0 1237.0 342.0 -1 -1 -1 -1000 -1000 -1000 -10 0.0008254051208496094
Car -1 -1 -10 0.0 185.0 45.0 369.0 -1 -1 -1 -1000 -1000 -1000 -10 0.0008249282836914062
Pedestrian -1 -1 -10 1207.0 163.0 1238.0 374.0 -1 -1 -1 -1000 -1000 -1000 -10 0.00080108642578125
Pedestrian -1 -1 -10 758.0 163.0 781.0 213.0 -1 -1 -1 -1000 -1000 -1000 -10 0.000659942626953125
Car -1 -1 -10 0.0 141.0 23.0 352.0 -1 -1 -1 -1000 -1000 -1000 -10 0.00054168701171875
Car -1 -1 -10 92.0 63.0 369.0 369.0 -1 -1 -1 -1000 -1000 -1000 -10 0.0004930496215820312
Pedestrian -1 -1 -10 1210.0 104.0 1238.0 299.0 -1 -1 -1 -1000 -1000 -1000 -10 0.0003807544708251953
Pedestrian -1 -1 -10 1151.0 23.0 1236.0 332.0 -1 -1 -1 -1000 -1000 -1000 -10 0.0003733634948730469
Car -1 -1 -10 0.0 71.0 291.0 359.0 -1 -1 -1 -1000 -1000 -1000 -10 0.00036978721618652344
Pedestrian -1 -1 -10 1145.0 80.0 1233.0 328.0 -1 -1 -1 -1000 -1000 -1000 -10 0.0003592967987060547
Pedestrian -1 -1 -10 1192.0 103.0 1238.0 301.0 -1 -1 -1 -1000 -1000 -1000 -10 0.00034165382385253906
Pedestrian -1 -1 -10 1193.0 38.0 1238.0 322.0 -1 -1 -1 -1000 -1000 -1000 -10 0.00031304359436035156
Pedestrian -1 -1 -10 617.0 0.0 669.0 0.0 -1 -1 -1 -1000 -1000 -1000 -10 0.0003113746643066406
Car -1 -1 -10 0.0 146.0 46.0 374.0 -1 -1 -1 -1000 -1000 -1000 -10 0.0002982616424560547
Pedestrian -1 -1 -10 1215.0 80.0 1238.0 284.0 -1 -1 -1 -1000 -1000 -1000 -10 0.0002956390380859375
Car -1 -1 -10 707.0 87.0 718.0 99.0 -1 -1 -1 -1000 -1000 -1000 -10 0.00028967857360839844
Pedestrian -1 -1 -10 1155.0 120.0 1233.0 347.0 -1 -1 -1 -1000 -1000 -1000 -10 0.0002689361572265625
Car -1 -1 -10 0.0 117.0 42.0 364.0 -1 -1 -1 -1000 -1000 -1000 -10 0.00023353099822998047
Car -1 -1 -10 0.0 214.0 27.0 369.0 -1 -1 -1 -1000 -1000 -1000 -10 0.00022339820861816406
Car -1 -1 -10 0.0 93.0 26.0 351.0 -1 -1 -1 -1000 -1000 -1000 -10 0.00022220611572265625
Car -1 -1 -10 0.0 111.0 22.0 337.0 -1 -1 -1 -1000 -1000 -1000 -10 0.0002149343490600586
Pedestrian -1 -1 -10 1208.0 174.0 1238.0 312.0 -1 -1 -1 -1000 -1000 -1000 -10 0.0002090930938720703
Car -1 -1 -10 0.0 188.0 77.0 371.0 -1 -1 -1 -1000 -1000 -1000 -10 0.00018310546875
Pedestrian -1 -1 -10 725.0 0.0 753.0 0.0 -1 -1 -1 -1000 -1000 -1000 -10 0.00018072128295898438
Car -1 -1 -10 0.0 189.0 62.0 371.0 -1 -1 -1 -1000 -1000 -1000 -10 0.00017333030700683594
Car -1 -1 -10 732.0 62.0 772.0 96.0 -1 -1 -1 -1000 -1000 -1000 -10 0.00017142295837402344
Pedestrian -1 -1 -10 1217.0 189.0 1238.0 317.0 -1 -1 -1 -1000 -1000 -1000 -10 0.00016510486602783203
Pedestrian -1 -1 -10 1150.0 136.0 1235.0 373.0 -1 -1 -1 -1000 -1000 -1000 -10 0.00015974044799804688
Pedestrian -1 -1 -10 1166.0 167.0 1238.0 374.0 -1 -1 -1 -1000 -1000 -1000 -10 0.0001556873321533203
Pedestrian -1 -1 -10 1224.0 143.0 1238.0 248.0 -1 -1 -1 -1000 -1000 -1000 -10 0.00015032291412353516
Pedestrian -1 -1 -10 637.0 0.0 695.0 1.0 -1 -1 -1 -1000 -1000 -1000 -10 0.0001436471939086914
Car -1 -1 -10 1146.0 0.0 1237.0 74.0 -1 -1 -1 -1000 -1000 -1000 -10 0.00014197826385498047
Car -1 -1 -10 702.0 86.0 722.0 100.0 -1 -1 -1 -1000 -1000 -1000 -10 0.00013244152069091797
Pedestrian -1 -1 -10 1150.0 125.0 1232.0 314.0 -1 -1 -1 -1000 -1000 -1000 -10 0.00013196468353271484
Pedestrian -1 -1 -10 597.0 0.0 657.0 0.0 -1 -1 -1 -1000 -1000 -1000 -10 0.0001291036605834961
Pedestrian -1 -1 -10 1193.0 73.0 1238.0 289.0 -1 -1 -1 -1000 -1000 -1000 -10 0.00012195110321044922
Pedestrian -1 -1 -10 1221.0 171.0 1238.0 298.0 -1 -1 -1 -1000 -1000 -1000 -10 0.00012099742889404297
Pedestrian -1 -1 -10 575.0 0.0 640.0 0.0 -1 -1 -1 -1000 -1000 -1000 -10 0.00011181831359863281
Car -1 -1 -10 8.0 81.0 192.0 354.0 -1 -1 -1 -1000 -1000 -1000 -10 0.00010895729064941406
Car -1 -1 -10 0.0 144.0 60.0 372.0 -1 -1 -1 -1000 -1000 -1000 -10 0.0001080632209777832
Car -1 -1 -10 0.0 214.0 52.0 371.0 -1 -1 -1 -1000 -1000 -1000 -10 0.00010454654693603516
Car -1 -1 -10 649.0 173.0 686.0 203.0 -1 -1 -1 -1000 -1000 -1000 -10 0.00010257959365844727
Car -1 -1 -10 0.0 32.0 363.0 276.0 -1 -1 -1 -1000 -1000 -1000 -10 0.0001023411750793457
Pedestrian -1 -1 -10 765.0 171.0 785.0 226.0 -1 -1 -1 -1000 -1000 -1000 -10 0.00010222196578979492
Car -1 -1 -10 0.0 195.0 15.0 314.0 -1 -1 -1 -1000 -1000 -1000 -10 0.00010216236114501953
