Car -1 -1 -10 629.0 94.0 797.0 219.0 -1 -1 -1 -1000 -1000 -1000 -10 0.96923828125
Car -1 -1 -10 399.0 155.0 472.0 213.0 -1 -1 -1 -1000 -1000 -1000 -10 0.95849609375
Car -1 -1 -10 879.0 57.0 1240.0 235.0 -1 -1 -1 -1000 -1000 -1000 -10 0.94287109375
Car -1 -1 -10 444.0 155.0 492.0 190.0 -1 -1 -1 -1000 -1000 -1000 -10 0.93505859375
Car -1 -1 -10 503.0 147.0 533.0 164.0 -1 -1 -1 -1000 -1000 -1000 -10 0.919921875
Car -1 -1 -10 502.0 149.0 532.0 166.0 -1 -1 -1 -1000 -1000 -1000 -10 0.00933837890625
Car -1 -1 -10 0.0 221.0 27.0 370.0 -1 -1 -1 -1000 -1000 -1000 -10 0.002017974853515625
Car -1 -1 -10 1138.0 57.0 1240.0 215.0 -1 -1 -1 -1000 -1000 -1000 -10 0.0014743804931640625
Car -1 -1 -10 1108.0 68.0 1240.0 240.0 -1 -1 -1 -1000 -1000 -1000 -10 0.0012798309326171875
Car -1 -1 -10 0.0 223.0 33.0 372.0 -1 -1 -1 -1000 -1000 -1000 -10 0.00102996826171875
Car -1 -1 -10 1078.0 66.0 1242.0 241.0 -1 -1 -1 -1000 -1000 -1000 -10 0.0008797645568847656
Car -1 -1 -10 920.0 63.0 1230.0 224.0 -1 -1 -1 -1000 -1000 -1000 -10 0.0008349418640136719
Car -1 -1 -10 403.0 146.0 489.0 227.0 -1 -1 -1 -1000 -1000 -1000 -10 0.0007457733154296875
Car -1 -1 -10 1141.0 42.0 1241.0 196.0 -1 -1 -1 -1000 -1000 -1000 -10 0.0007152557373046875
Car -1 -1 -10 351.0 127.0 524.0 258.0 -1 -1 -1 -1000 -1000 -1000 -10 0.0005307197570800781
Car -1 -1 -10 1155.0 59.0 1241.0 218.0 -1 -1 -1 -1000 -1000 -1000 -10 0.0005102157592773438
Car -1 -1 -10 1159.0 77.0 1241.0 236.0 -1 -1 -1 -1000 -1000 -1000 -10 0.0005035400390625
Car -1 -1 -10 0.0 202.0 36.0 371.0 -1 -1 -1 -1000 -1000 -1000 -10 0.000499725341796875
Car -1 -1 -10 1104.0 51.0 1241.0 222.0 -1 -1 -1 -1000 -1000 -1000 -10 0.0004851818084716797
Car -1 -1 -10 1018.0 54.0 1237.0 230.0 -1 -1 -1 -1000 -1000 -1000 -10 0.00047397613525390625
Car -1 -1 -10 0.0 247.0 28.0 372.0 -1 -1 -1 -1000 -1000 -1000 -10 0.00046706199645996094
Car -1 -1 -10 1176.0 84.0 1242.0 227.0 -1 -1 -1 -1000 -1000 -1000 -10 0.00045990943908691406
Car -1 -1 -10 429.0 144.0 500.0 219.0 -1 -1 -1 -1000 -1000 -1000 -10 0.00044655799865722656
Car -1 -1 -10 1038.0 66.0 1242.0 237.0 -1 -1 -1 -1000 -1000 -1000 -10 0.0004420280456542969
Car -1 -1 -10 499.0 145.0 533.0 170.0 -1 -1 -1 -1000 -1000 -1000 -10 0.00043129920959472656
Pedestrian -1 -1 -10 592.0 0.0 613.0 2.0 -1 -1 -1 -1000 -1000 -1000 -10 0.00042724609375
Car -1 -1 -10 501.0 145.0 532.0 166.0 -1 -1 -1 -1000 -1000 -1000 -10 0.0004100799560546875
Car -1 -1 -10 1171.0 58.0 1241.0 218.0 -1 -1 -1 -1000 -1000 -1000 -10 0.00039577484130859375
Car -1 -1 -10 502.0 140.0 536.0 170.0 -1 -1 -1 -1000 -1000 -1000 -10 0.0003821849822998047
Pedestrian -1 -1 -10 377.0 0.0 393.0 8.0 -1 -1 -1 -1000 -1000 -1000 -10 0.0003733634948730469
Car -1 -1 -10 898.0 89.0 1203.0 234.0 -1 -1 -1 -1000 -1000 -1000 -10 0.0003299713134765625
Car -1 -1 -10 1114.0 37.0 1242.0 203.0 -1 -1 -1 -1000 -1000 -1000 -10 0.0003228187561035156
Car -1 -1 -10 361.0 125.0 509.0 232.0 -1 -1 -1 -1000 -1000 -1000 -10 0.0003032684326171875
Car -1 -1 -10 999.0 69.0 1242.0 232.0 -1 -1 -1 -1000 -1000 -1000 -10 0.00028586387634277344
Pedestrian -1 -1 -10 369.0 0.0 384.0 7.0 -1 -1 -1 -1000 -1000 -1000 -10 0.0002796649932861328
Car -1 -1 -10 0.0 237.0 20.0 373.0 -1 -1 -1 -1000 -1000 -1000 -10 0.0002732276916503906
Car -1 -1 -10 381.0 124.0 556.0 254.0 -1 -1 -1 -1000 -1000 -1000 -10 0.00027298927307128906
Pedestrian -1 -1 -10 399.0 0.0 415.0 8.0 -1 -1 -1 -1000 -1000 -1000 -10 0.00023734569549560547
Car -1 -1 -10 0.0 233.0 46.0 373.0 -1 -1 -1 -1000 -1000 -1000 -10 0.0002294778823852539
Car -1 -1 -10 0.0 184.0 22.0 354.0 -1 -1 -1 -1000 -1000 -1000 -10 0.00022721290588378906
Car -1 -1 -10 0.0 228.0 18.0 362.0 -1 -1 -1 -1000 -1000 -1000 -10 0.00019752979278564453
Pedestrian -1 -1 -10 607.0 0.0 625.0 3.0 -1 -1 -1 -1000 -1000 -1000 -10 0.00018703937530517578
Car -1 -1 -10 1178.0 99.0 1241.0 251.0 -1 -1 -1 -1000 -1000 -1000 -10 0.00016891956329345703
Car -1 -1 -10 1137.0 91.0 1241.0 257.0 -1 -1 -1 -1000 -1000 -1000 -10 0.0001659393310546875
Car -1 -1 -10 1211.0 87.0 1242.0 224.0 -1 -1 -1 -1000 -1000 -1000 -10 0.00016558170318603516
Car -1 -1 -10 1202.0 80.0 1242.0 233.0 -1 -1 -1 -1000 -1000 -1000 -10 0.00016248226165771484
Pedestrian -1 -1 -10 295.0 0.0 312.0 4.0 -1 -1 -1 -1000 -1000 -1000 -10 0.00016164779663085938
Pedestrian -1 -1 -10 306.0 0.0 323.0 4.0 -1 -1 -1 -1000 -1000 -1000 -10 0.00016129016876220703
Car -1 -1 -10 0.0 177.0 25.0 360.0 -1 -1 -1 -1000 -1000 -1000 -10 0.0001513957977294922
Car -1 -1 -10 396.0 162.0 462.0 213.0 -1 -1 -1 -1000 -1000 -1000 -10 0.00014734268188476562
Car -1 -1 -10 1219.0 181.0 1242.0 375.0 -1 -1 -1 -1000 -1000 -1000 -10 0.00014543533325195312
Pedestrian -1 -1 -10 284.0 0.0 301.0 4.0 -1 -1 -1 -1000 -1000 -1000 -10 0.0001405477523803711
Pedestrian -1 -1 -10 275.0 0.0 294.0 4.0 -1 -1 -1 -1000 -1000 -1000 -10 0.0001392364501953125
Car -1 -1 -10 1221.0 165.0 1241.0 361.0 -1 -1 -1 -1000 -1000 -1000 -10 0.0001308917999267578
Car -1 -1 -10 0.0 257.0 43.0 371.0 -1 -1 -1 -1000 -1000 -1000 -10 0.0001302957534790039
Car -1 -1 -10 950.0 72.0 1241.0 233.0 -1 -1 -1 -1000 -1000 -1000 -10 0.0001266002655029297
Pedestrian -1 -1 -10 313.0 0.0 334.0 8.0 -1 -1 -1 -1000 -1000 -1000 -10 0.00012314319610595703
Car -1 -1 -10 1215.0 170.0 1242.0 375.0 -1 -1 -1 -1000 -1000 -1000 -10 0.00011175870895385742
Car -1 -1 -10 1167.0 27.0 1242.0 209.0 -1 -1 -1 -1000 -1000 -1000 -10 0.00010162591934204102
Car -1 -1 -10 673.0 94.0 749.0 218.0 -1 -1 -1 -1000 -1000 -1000 -10 0.00010138750076293945
Car -1 -1 -10 0.0 230.0 57.0 375.0 -1 -1 -1 -1000 -1000 -1000 -10 0.00010061264038085938
Pedestrian -1 -1 -10 389.0 0.0 405.0 8.0 -1 -1 -1 -1000 -1000 -1000 -10 0.00010055303573608398
