Car -1 -1 -10 597.0 141.0 648.0 199.0 -1 -1 -1 -1000 -1000 -1000 -10 0.95361328125
Car -1 -1 -10 426.0 176.0 453.0 191.0 -1 -1 -1 -1000 -1000 -1000 -10 0.92333984375
Car -1 -1 -10 426.0 175.0 452.0 189.0 -1 -1 -1 -1000 -1000 -1000 -10 0.01079559326171875
Car -1 -1 -10 595.0 139.0 652.0 205.0 -1 -1 -1 -1000 -1000 -1000 -10 0.0019044876098632812
Car -1 -1 -10 533.0 196.0 719.0 370.0 -1 -1 -1 -1000 -1000 -1000 -10 0.0004756450653076172
Car -1 -1 -10 419.0 176.0 449.0 193.0 -1 -1 -1 -1000 -1000 -1000 -10 0.00041103363037109375
Car -1 -1 -10 0.0 198.0 21.0 322.0 -1 -1 -1 -1000 -1000 -1000 -10 0.0003559589385986328
Car -1 -1 -10 535.0 110.0 682.0 231.0 -1 -1 -1 -1000 -1000 -1000 -10 0.000301361083984375
Car -1 -1 -10 0.0 191.0 19.0 293.0 -1 -1 -1 -1000 -1000 -1000 -10 0.0002770423889160156
Car -1 -1 -10 563.0 108.0 711.0 233.0 -1 -1 -1 -1000 -1000 -1000 -10 0.0002532005310058594
Car -1 -1 -10 0.0 193.0 25.0 327.0 -1 -1 -1 -1000 -1000 -1000 -10 0.00020706653594970703
Car -1 -1 -10 530.0 198.0 772.0 372.0 -1 -1 -1 -1000 -1000 -1000 -10 0.00017631053924560547
Car -1 -1 -10 424.0 174.0 456.0 205.0 -1 -1 -1 -1000 -1000 -1000 -10 0.00015079975128173828
Car -1 -1 -10 0.0 197.0 15.0 311.0 -1 -1 -1 -1000 -1000 -1000 -10 0.00014650821685791016
Car -1 -1 -10 424.0 172.0 453.0 198.0 -1 -1 -1 -1000 -1000 -1000 -10 0.00013530254364013672
Car -1 -1 -10 0.0 192.0 14.0 294.0 -1 -1 -1 -1000 -1000 -1000 -10 0.00013494491577148438
Car -1 -1 -10 0.0 184.0 25.0 301.0 -1 -1 -1 -1000 -1000 -1000 -10 0.00013124942779541016
Car -1 -1 -10 0.0 202.0 25.0 355.0 -1 -1 -1 -1000 -1000 -1000 -10 0.00012946128845214844
Car -1 -1 -10 423.0 177.0 448.0 191.0 -1 -1 -1 -1000 -1000 -1000 -10 0.0001227855682373047
Car -1 -1 -10 533.0 88.0 568.0 112.0 -1 -1 -1 -1000 -1000 -1000 -10 0.00010728836059570312
Car -1 -1 -10 0.0 183.0 17.0 269.0 -1 -1 -1 -1000 -1000 -1000 -10 0.00010544061660766602
