Car -1 -1 -10 0.0 194.0 380.0 373.0 -1 -1 -1 -1000 -1000 -1000 -10 0.97021484375
Car -1 -1 -10 591.0 172.0 630.0 212.0 -1 -1 -1 -1000 -1000 -1000 -10 0.96630859375
Car -1 -1 -10 0.0 176.0 51.0 233.0 -1 -1 -1 -1000 -1000 -1000 -10 0.90869140625
Car -1 -1 -10 0.0 172.0 57.0 239.0 -1 -1 -1 -1000 -1000 -1000 -10 0.002849578857421875
Car -1 -1 -10 0.0 187.0 50.0 375.0 -1 -1 -1 -1000 -1000 -1000 -10 0.0015420913696289062
Car -1 -1 -10 0.0 190.0 32.0 375.0 -1 -1 -1 -1000 -1000 -1000 -10 0.0012226104736328125
Car -1 -1 -10 0.0 168.0 55.0 255.0 -1 -1 -1 -1000 -1000 -1000 -10 0.0011110305786132812
Car -1 -1 -10 2.0 171.0 54.0 226.0 -1 -1 -1 -1000 -1000 -1000 -10 0.0009908676147460938
Car -1 -1 -10 536.0 0.0 606.0 52.0 -1 -1 -1 -1000 -1000 -1000 -10 0.0008029937744140625
Car -1 -1 -10 527.0 0.0 597.0 51.0 -1 -1 -1 -1000 -1000 -1000 -10 0.0006961822509765625
Car -1 -1 -10 568.0 1.0 641.0 54.0 -1 -1 -1 -1000 -1000 -1000 -10 0.0005259513854980469
Car -1 -1 -10 0.0 181.0 25.0 352.0 -1 -1 -1 -1000 -1000 -1000 -10 0.0004930496215820312
Car -1 -1 -10 577.0 1.0 651.0 55.0 -1 -1 -1 -1000 -1000 -1000 -10 0.0004603862762451172
Car -1 -1 -10 580.0 162.0 634.0 225.0 -1 -1 -1 -1000 -1000 -1000 -10 0.0003998279571533203
Car -1 -1 -10 72.0 193.0 378.0 372.0 -1 -1 -1 -1000 -1000 -1000 -10 0.00039768218994140625
Car -1 -1 -10 588.0 163.0 655.0 231.0 -1 -1 -1 -1000 -1000 -1000 -10 0.0003867149353027344
Car -1 -1 -10 0.0 179.0 17.0 230.0 -1 -1 -1 -1000 -1000 -1000 -10 0.00038552284240722656
Car -1 -1 -10 0.0 195.0 61.0 372.0 -1 -1 -1 -1000 -1000 -1000 -10 0.00036716461181640625
Car -1 -1 -10 556.0 136.0 712.0 272.0 -1 -1 -1 -1000 -1000 -1000 -10 0.0003199577331542969
Car -1 -1 -10 650.0 1.0 724.0 57.0 -1 -1 -1 -1000 -1000 -1000 -10 0.0003094673156738281
Car -1 -1 -10 520.0 30.0 615.0 103.0 -1 -1 -1 -1000 -1000 -1000 -10 0.0003025531768798828
Car -1 -1 -10 487.0 1.0 554.0 55.0 -1 -1 -1 -1000 -1000 -1000 -10 0.0002942085266113281
Car -1 -1 -10 1.0 170.0 52.0 359.0 -1 -1 -1 -1000 -1000 -1000 -10 0.00028967857360839844
Car -1 -1 -10 0.0 146.0 111.0 274.0 -1 -1 -1 -1000 -1000 -1000 -10 0.00027489662170410156
Car -1 -1 -10 660.0 1.0 735.0 56.0 -1 -1 -1 -1000 -1000 -1000 -10 0.00027108192443847656
Car -1 -1 -10 691.0 0.0 766.0 56.0 -1 -1 -1 -1000 -1000 -1000 -10 0.00026416778564453125
Car -1 -1 -10 701.0 0.0 778.0 56.0 -1 -1 -1 -1000 -1000 -1000 -10 0.0002522468566894531
Car -1 -1 -10 583.0 156.0 634.0 215.0 -1 -1 -1 -1000 -1000 -1000 -10 0.00025081634521484375
Car -1 -1 -10 541.0 33.0 598.0 98.0 -1 -1 -1 -1000 -1000 -1000 -10 0.000247955322265625
Car -1 -1 -10 588.0 1.0 662.0 56.0 -1 -1 -1 -1000 -1000 -1000 -10 0.00024235248565673828
Car -1 -1 -10 0.0 182.0 14.0 234.0 -1 -1 -1 -1000 -1000 -1000 -10 0.00022614002227783203
Car -1 -1 -10 681.0 1.0 756.0 56.0 -1 -1 -1 -1000 -1000 -1000 -10 0.00021731853485107422
Car -1 -1 -10 0.0 147.0 90.0 252.0 -1 -1 -1 -1000 -1000 -1000 -10 0.00021445751190185547
Car -1 -1 -10 516.0 132.0 685.0 272.0 -1 -1 -1 -1000 -1000 -1000 -10 0.00021350383758544922
Car -1 -1 -10 670.0 1.0 745.0 56.0 -1 -1 -1 -1000 -1000 -1000 -10 0.00021064281463623047
Car -1 -1 -10 0.0 144.0 96.0 273.0 -1 -1 -1 -1000 -1000 -1000 -10 0.00020813941955566406
Car -1 -1 -10 0.0 176.0 10.0 219.0 -1 -1 -1 -1000 -1000 -1000 -10 0.00020599365234375
Car -1 -1 -10 558.0 1.0 632.0 54.0 -1 -1 -1 -1000 -1000 -1000 -10 0.00020325183868408203
Car -1 -1 -10 640.0 1.0 714.0 56.0 -1 -1 -1 -1000 -1000 -1000 -10 0.0002027750015258789
Car -1 -1 -10 0.0 188.0 84.0 375.0 -1 -1 -1 -1000 -1000 -1000 -10 0.00019812583923339844
Car -1 -1 -10 497.0 1.0 563.0 53.0 -1 -1 -1 -1000 -1000 -1000 -10 0.00019240379333496094
Car -1 -1 -10 547.0 1.0 620.0 52.0 -1 -1 -1 -1000 -1000 -1000 -10 0.00018298625946044922
Car -1 -1 -10 629.0 1.0 703.0 56.0 -1 -1 -1 -1000 -1000 -1000 -10 0.0001747608184814453
Car -1 -1 -10 598.0 1.0 672.0 56.0 -1 -1 -1 -1000 -1000 -1000 -10 0.0001653432846069336
Car -1 -1 -10 711.0 0.0 787.0 56.0 -1 -1 -1 -1000 -1000 -1000 -10 0.00015985965728759766
Car -1 -1 -10 518.0 118.0 682.0 240.0 -1 -1 -1 -1000 -1000 -1000 -10 0.0001556873321533203
Car -1 -1 -10 618.0 1.0 692.0 56.0 -1 -1 -1 -1000 -1000 -1000 -10 0.00015401840209960938
Car -1 -1 -10 609.0 1.0 684.0 56.0 -1 -1 -1 -1000 -1000 -1000 -10 0.0001481771469116211
Car -1 -1 -10 2.0 176.0 62.0 233.0 -1 -1 -1 -1000 -1000 -1000 -10 0.0001367330551147461
Car -1 -1 -10 518.0 0.0 589.0 50.0 -1 -1 -1 -1000 -1000 -1000 -10 0.0001323223114013672
Car -1 -1 -10 721.0 1.0 798.0 56.0 -1 -1 -1 -1000 -1000 -1000 -10 0.00013136863708496094
Car -1 -1 -10 479.0 1.0 545.0 55.0 -1 -1 -1 -1000 -1000 -1000 -10 0.00012600421905517578
Car -1 -1 -10 5.0 178.0 61.0 227.0 -1 -1 -1 -1000 -1000 -1000 -10 0.00012552738189697266
Car -1 -1 -10 0.0 202.0 14.0 309.0 -1 -1 -1 -1000 -1000 -1000 -10 0.00012362003326416016
Car -1 -1 -10 0.0 175.0 14.0 221.0 -1 -1 -1 -1000 -1000 -1000 -10 0.0001157522201538086
Car -1 -1 -10 732.0 1.0 808.0 56.0 -1 -1 -1 -1000 -1000 -1000 -10 0.0001131296157836914
Car -1 -1 -10 2.0 199.0 299.0 371.0 -1 -1 -1 -1000 -1000 -1000 -10 0.00010776519775390625
Car -1 -1 -10 523.0 1.0 606.0 54.0 -1 -1 -1 -1000 -1000 -1000 -10 0.00010544061660766602
Car -1 -1 -10 763.0 1.0 840.0 56.0 -1 -1 -1 -1000 -1000 -1000 -10 0.00010192394256591797
Car -1 -1 -10 742.0 1.0 818.0 56.0 -1 -1 -1 -1000 -1000 -1000 -10 0.0001004934310913086
