Car -1 -1 -10 539.0 186.0 570.0 218.0 -1 -1 -1 -1000 -1000 -1000 -10 0.91259765625
Car -1 -1 -10 508.0 188.0 530.0 204.0 -1 -1 -1 -1000 -1000 -1000 -10 0.0899658203125
Car -1 -1 -10 506.0 186.0 532.0 205.0 -1 -1 -1 -1000 -1000 -1000 -10 0.01113128662109375
Car -1 -1 -10 503.0 185.0 529.0 205.0 -1 -1 -1 -1000 -1000 -1000 -10 0.004093170166015625
Car -1 -1 -10 537.0 183.0 567.0 210.0 -1 -1 -1 -1000 -1000 -1000 -10 0.00024890899658203125
Car -1 -1 -10 0.0 231.0 25.0 371.0 -1 -1 -1 -1000 -1000 -1000 -10 0.0002143383026123047
Car -1 -1 -10 0.0 149.0 53.0 375.0 -1 -1 -1 -1000 -1000 -1000 -10 0.00020134449005126953
Car -1 -1 -10 539.0 186.0 565.0 211.0 -1 -1 -1 -1000 -1000 -1000 -10 0.00019824504852294922
Car -1 -1 -10 506.0 188.0 541.0 213.0 -1 -1 -1 -1000 -1000 -1000 -10 0.0001742839813232422
Car -1 -1 -10 501.0 188.0 532.0 215.0 -1 -1 -1 -1000 -1000 -1000 -10 0.0001697540283203125
Car -1 -1 -10 0.0 228.0 49.0 374.0 -1 -1 -1 -1000 -1000 -1000 -10 0.00016868114471435547
Car -1 -1 -10 0.0 193.0 26.0 372.0 -1 -1 -1 -1000 -1000 -1000 -10 0.0001436471939086914
Car -1 -1 -10 0.0 267.0 28.0 373.0 -1 -1 -1 -1000 -1000 -1000 -10 0.00012034177780151367
Car -1 -1 -10 368.0 79.0 384.0 96.0 -1 -1 -1 -1000 -1000 -1000 -10 0.00011682510375976562
Car -1 -1 -10 365.0 78.0 387.0 97.0 -1 -1 -1 -1000 -1000 -1000 -10 0.00011622905731201172
Car -1 -1 -10 0.0 188.0 51.0 375.0 -1 -1 -1 -1000 -1000 -1000 -10 0.00010949373245239258
Car -1 -1 -10 0.0 222.0 29.0 375.0 -1 -1 -1 -1000 -1000 -1000 -10 0.0001081228256225586
