Car -1 -1 -10 524.0 188.0 563.0 217.0 -1 -1 -1 -1000 -1000 -1000 -10 0.9482421875
Car -1 -1 -10 594.0 183.0 617.0 206.0 -1 -1 -1 -1000 -1000 -1000 -10 0.947265625
Car -1 -1 -10 594.0 179.0 619.0 210.0 -1 -1 -1 -1000 -1000 -1000 -10 0.0006670951843261719
Pedestrian -1 -1 -10 877.0 0.0 928.0 1.0 -1 -1 -1 -1000 -1000 -1000 -10 0.0003902912139892578
Car -1 -1 -10 608.0 1.0 668.0 53.0 -1 -1 -1 -1000 -1000 -1000 -10 0.0003349781036376953
Car -1 -1 -10 522.0 184.0 565.0 219.0 -1 -1 -1 -1000 -1000 -1000 -10 0.0001399517059326172
Car -1 -1 -10 530.0 1.0 592.0 53.0 -1 -1 -1 -1000 -1000 -1000 -10 0.00012862682342529297
Pedestrian -1 -1 -10 891.0 0.0 916.0 0.0 -1 -1 -1 -1000 -1000 -1000 -10 0.00012564659118652344
Pedestrian -1 -1 -10 852.0 0.0 908.0 2.0 -1 -1 -1 -1000 -1000 -1000 -10 0.00012314319610595703
Pedestrian -1 -1 -10 891.0 0.0 944.0 1.0 -1 -1 -1 -1000 -1000 -1000 -10 0.00011795759201049805
Pedestrian -1 -1 -10 883.0 0.0 908.0 0.0 -1 -1 -1 -1000 -1000 -1000 -10 0.00010335445404052734
Pedestrian -1 -1 -10 888.0 0.0 919.0 0.0 -1 -1 -1 -1000 -1000 -1000 -10 0.00010019540786743164
