Car -1 -1 -10 0.0 208.0 232.0 374.0 -1 -1 -1 -1000 -1000 -1000 -10 0.9716796875
Car -1 -1 -10 288.0 187.0 431.0 262.0 -1 -1 -1 -1000 -1000 -1000 -10 0.96875
Car -1 -1 -10 751.0 178.0 941.0 293.0 -1 -1 -1 -1000 -1000 -1000 -10 0.96484375
Car -1 -1 -10 452.0 178.0 505.0 216.0 -1 -1 -1 -1000 -1000 -1000 -10 0.96337890625
Car -1 -1 -10 700.0 178.0 816.0 251.0 -1 -1 -1 -1000 -1000 -1000 -10 0.953125
Car -1 -1 -10 668.0 177.0 735.0 222.0 -1 -1 -1 -1000 -1000 -1000 -10 0.951171875
Car -1 -1 -10 659.0 175.0 710.0 212.0 -1 -1 -1 -1000 -1000 -1000 -10 0.93798828125
Car -1 -1 -10 1131.0 187.0 1241.0 373.0 -1 -1 -1 -1000 -1000 -1000 -10 0.93115234375
Car -1 -1 -10 480.0 177.0 519.0 208.0 -1 -1 -1 -1000 -1000 -1000 -10 0.93017578125
Car -1 -1 -10 663.0 176.0 728.0 219.0 -1 -1 -1 -1000 -1000 -1000 -10 0.80615234375
Car -1 -1 -10 663.0 175.0 715.0 215.0 -1 -1 -1 -1000 -1000 -1000 -10 0.7626953125
Car -1 -1 -10 1156.0 179.0 1240.0 362.0 -1 -1 -1 -1000 -1000 -1000 -10 0.01181793212890625
Car -1 -1 -10 124.0 53.0 156.0 76.0 -1 -1 -1 -1000 -1000 -1000 -10 0.00334930419921875
Car -1 -1 -10 1210.0 180.0 1241.0 353.0 -1 -1 -1 -1000 -1000 -1000 -10 0.0019369125366210938
Car -1 -1 -10 1208.0 192.0 1240.0 362.0 -1 -1 -1 -1000 -1000 -1000 -10 0.0017728805541992188
Car -1 -1 -10 1164.0 185.0 1242.0 329.0 -1 -1 -1 -1000 -1000 -1000 -10 0.001651763916015625
Car -1 -1 -10 1106.0 187.0 1242.0 374.0 -1 -1 -1 -1000 -1000 -1000 -10 0.0013284683227539062
Car -1 -1 -10 449.0 167.0 516.0 227.0 -1 -1 -1 -1000 -1000 -1000 -10 0.00128173828125
Car -1 -1 -10 1170.0 180.0 1240.0 296.0 -1 -1 -1 -1000 -1000 -1000 -10 0.0012693405151367188
Car -1 -1 -10 695.0 167.0 827.0 263.0 -1 -1 -1 -1000 -1000 -1000 -10 0.0009889602661132812
Car -1 -1 -10 281.0 179.0 435.0 277.0 -1 -1 -1 -1000 -1000 -1000 -10 0.00090789794921875
Car -1 -1 -10 1215.0 172.0 1242.0 313.0 -1 -1 -1 -1000 -1000 -1000 -10 0.0008311271667480469
Car -1 -1 -10 449.0 164.0 509.0 222.0 -1 -1 -1 -1000 -1000 -1000 -10 0.0007405281066894531
Car -1 -1 -10 1209.0 169.0 1241.0 316.0 -1 -1 -1 -1000 -1000 -1000 -10 0.0006203651428222656
Car -1 -1 -10 1184.0 170.0 1242.0 319.0 -1 -1 -1 -1000 -1000 -1000 -10 0.0006093978881835938
Car -1 -1 -10 53.0 212.0 177.0 366.0 -1 -1 -1 -1000 -1000 -1000 -10 0.0005903244018554688
Car -1 -1 -10 520.0 43.0 531.0 52.0 -1 -1 -1 -1000 -1000 -1000 -10 0.0005803108215332031
Car -1 -1 -10 1159.0 201.0 1239.0 349.0 -1 -1 -1 -1000 -1000 -1000 -10 0.0005688667297363281
Car -1 -1 -10 1162.0 184.0 1238.0 290.0 -1 -1 -1 -1000 -1000 -1000 -10 0.0005397796630859375
Car -1 -1 -10 1209.0 177.0 1242.0 294.0 -1 -1 -1 -1000 -1000 -1000 -10 0.000514984130859375
Car -1 -1 -10 1215.0 213.0 1242.0 365.0 -1 -1 -1 -1000 -1000 -1000 -10 0.00046133995056152344
Car -1 -1 -10 673.0 177.0 725.0 220.0 -1 -1 -1 -1000 -1000 -1000 -10 0.00045752525329589844
Car -1 -1 -10 478.0 174.0 519.0 212.0 -1 -1 -1 -1000 -1000 -1000 -10 0.0004391670227050781
Car -1 -1 -10 659.0 164.0 734.0 224.0 -1 -1 -1 -1000 -1000 -1000 -10 0.0004363059997558594
Car -1 -1 -10 0.0 220.0 25.0 375.0 -1 -1 -1 -1000 -1000 -1000 -10 0.00043511390686035156
Car -1 -1 -10 1189.0 36.0 1241.0 310.0 -1 -1 -1 -1000 -1000 -1000 -10 0.0004341602325439453
Car -1 -1 -10 1193.0 178.0 1242.0 296.0 -1 -1 -1 -1000 -1000 -1000 -10 0.0004296302795410156
Car -1 -1 -10 1212.0 186.0 1242.0 319.0 -1 -1 -1 -1000 -1000 -1000 -10 0.00035452842712402344
Car -1 -1 -10 395.0 126.0 555.0 243.0 -1 -1 -1 -1000 -1000 -1000 -10 0.00033164024353027344
Car -1 -1 -10 769.0 180.0 918.0 289.0 -1 -1 -1 -1000 -1000 -1000 -10 0.00031113624572753906
Car -1 -1 -10 125.0 55.0 149.0 75.0 -1 -1 -1 -1000 -1000 -1000 -10 0.00029277801513671875
Car -1 -1 -10 122.0 55.0 152.0 75.0 -1 -1 -1 -1000 -1000 -1000 -10 0.0002846717834472656
Car -1 -1 -10 1167.0 206.0 1241.0 364.0 -1 -1 -1 -1000 -1000 -1000 -10 0.00028228759765625
Car -1 -1 -10 610.0 132.0 774.0 242.0 -1 -1 -1 -1000 -1000 -1000 -10 0.0002765655517578125
Car -1 -1 -10 518.0 42.0 531.0 51.0 -1 -1 -1 -1000 -1000 -1000 -10 0.00027632713317871094
Car -1 -1 -10 521.0 43.0 532.0 53.0 -1 -1 -1 -1000 -1000 -1000 -10 0.00027251243591308594
Car -1 -1 -10 1208.0 212.0 1242.0 367.0 -1 -1 -1 -1000 -1000 -1000 -10 0.0002715587615966797
Car -1 -1 -10 657.0 178.0 688.0 204.0 -1 -1 -1 -1000 -1000 -1000 -10 0.0002715587615966797
Car -1 -1 -10 1187.0 152.0 1241.0 301.0 -1 -1 -1 -1000 -1000 -1000 -10 0.00026297569274902344
Car -1 -1 -10 471.0 158.0 529.0 219.0 -1 -1 -1 -1000 -1000 -1000 -10 0.0002491474151611328
Car -1 -1 -10 1209.0 50.0 1241.0 304.0 -1 -1 -1 -1000 -1000 -1000 -10 0.0002491474151611328
Car -1 -1 -10 51.0 89.0 84.0 113.0 -1 -1 -1 -1000 -1000 -1000 -10 0.00024116039276123047
Car -1 -1 -10 0.0 199.0 27.0 373.0 -1 -1 -1 -1000 -1000 -1000 -10 0.00023853778839111328
Car -1 -1 -10 1218.0 160.0 1241.0 286.0 -1 -1 -1 -1000 -1000 -1000 -10 0.0002371072769165039
Car -1 -1 -10 393.0 135.0 559.0 272.0 -1 -1 -1 -1000 -1000 -1000 -10 0.00022399425506591797
Car -1 -1 -10 0.0 224.0 41.0 374.0 -1 -1 -1 -1000 -1000 -1000 -10 0.00022363662719726562
Car -1 -1 -10 1211.0 170.0 1242.0 279.0 -1 -1 -1 -1000 -1000 -1000 -10 0.00021910667419433594
Car -1 -1 -10 56.0 90.0 80.0 112.0 -1 -1 -1 -1000 -1000 -1000 -10 0.00021088123321533203
Car -1 -1 -10 706.0 174.0 804.0 236.0 -1 -1 -1 -1000 -1000 -1000 -10 0.00020420551300048828
Car -1 -1 -10 1186.0 121.0 1241.0 328.0 -1 -1 -1 -1000 -1000 -1000 -10 0.00020015239715576172
Car -1 -1 -10 128.0 53.0 153.0 75.0 -1 -1 -1 -1000 -1000 -1000 -10 0.00019860267639160156
Car -1 -1 -10 452.0 174.0 503.0 213.0 -1 -1 -1 -1000 -1000 -1000 -10 0.0001862049102783203
Car -1 -1 -10 1192.0 76.0 1241.0 322.0 -1 -1 -1 -1000 -1000 -1000 -10 0.0001842975616455078
Car -1 -1 -10 1212.0 150.0 1241.0 298.0 -1 -1 -1 -1000 -1000 -1000 -10 0.00018298625946044922
Car -1 -1 -10 1155.0 171.0 1240.0 329.0 -1 -1 -1 -1000 -1000 -1000 -10 0.0001766681671142578
Car -1 -1 -10 1213.0 71.0 1241.0 282.0 -1 -1 -1 -1000 -1000 -1000 -10 0.00017309188842773438
Car -1 -1 -10 155.0 66.0 179.0 83.0 -1 -1 -1 -1000 -1000 -1000 -10 0.00016832351684570312
Car -1 -1 -10 419.0 137.0 573.0 269.0 -1 -1 -1 -1000 -1000 -1000 -10 0.0001671314239501953
Car -1 -1 -10 1153.0 31.0 1241.0 314.0 -1 -1 -1 -1000 -1000 -1000 -10 0.00016105175018310547
Car -1 -1 -10 1227.0 192.0 1242.0 315.0 -1 -1 -1 -1000 -1000 -1000 -10 0.00015938282012939453
Car -1 -1 -10 132.0 54.0 159.0 77.0 -1 -1 -1 -1000 -1000 -1000 -10 0.00015604496002197266
Car -1 -1 -10 1188.0 167.0 1241.0 285.0 -1 -1 -1 -1000 -1000 -1000 -10 0.000148773193359375
Car -1 -1 -10 1227.0 180.0 1242.0 289.0 -1 -1 -1 -1000 -1000 -1000 -10 0.00014865398406982422
Car -1 -1 -10 1212.0 92.0 1242.0 308.0 -1 -1 -1 -1000 -1000 -1000 -10 0.00014710426330566406
Car -1 -1 -10 0.0 252.0 25.0 373.0 -1 -1 -1 -1000 -1000 -1000 -10 0.00014257431030273438
Car -1 -1 -10 1219.0 118.0 1242.0 281.0 -1 -1 -1 -1000 -1000 -1000 -10 0.00013887882232666016
Car -1 -1 -10 157.0 59.0 178.0 79.0 -1 -1 -1 -1000 -1000 -1000 -10 0.0001385211944580078
Car -1 -1 -10 127.0 53.0 163.0 77.0 -1 -1 -1 -1000 -1000 -1000 -10 0.00013530254364013672
Car -1 -1 -10 516.0 42.0 536.0 53.0 -1 -1 -1 -1000 -1000 -1000 -10 0.0001347064971923828
Car -1 -1 -10 1212.0 163.0 1242.0 264.0 -1 -1 -1 -1000 -1000 -1000 -10 0.00013148784637451172
Car -1 -1 -10 446.0 178.0 500.0 217.0 -1 -1 -1 -1000 -1000 -1000 -10 0.00012981891632080078
Car -1 -1 -10 702.0 171.0 816.0 241.0 -1 -1 -1 -1000 -1000 -1000 -10 0.00012481212615966797
Car -1 -1 -10 154.0 59.0 180.0 78.0 -1 -1 -1 -1000 -1000 -1000 -10 0.00012350082397460938
Car -1 -1 -10 675.0 173.0 739.0 220.0 -1 -1 -1 -1000 -1000 -1000 -10 0.00012171268463134766
Car -1 -1 -10 1227.0 209.0 1242.0 341.0 -1 -1 -1 -1000 -1000 -1000 -10 0.00011909008026123047
Car -1 -1 -10 513.0 41.0 537.0 52.0 -1 -1 -1 -1000 -1000 -1000 -10 0.00011682510375976562
Car -1 -1 -10 1228.0 202.0 1242.0 328.0 -1 -1 -1 -1000 -1000 -1000 -10 0.00011670589447021484
Car -1 -1 -10 1174.0 112.0 1241.0 332.0 -1 -1 -1 -1000 -1000 -1000 -10 0.00011628866195678711
Car -1 -1 -10 600.0 135.0 778.0 274.0 -1 -1 -1 -1000 -1000 -1000 -10 0.0001150369644165039
Car -1 -1 -10 541.0 41.0 556.0 52.0 -1 -1 -1 -1000 -1000 -1000 -10 0.0001112222671508789
Car -1 -1 -10 424.0 117.0 592.0 245.0 -1 -1 -1 -1000 -1000 -1000 -10 0.00010401010513305664
Car -1 -1 -10 52.0 89.0 80.0 109.0 -1 -1 -1 -1000 -1000 -1000 -10 0.00010091066360473633
