Car -1 -1 -10 296.0 160.0 497.0 253.0 -1 -1 -1 -1000 -1000 -1000 -10 0.962890625
Car -1 -1 -10 756.0 174.0 799.0 202.0 -1 -1 -1 -1000 -1000 -1000 -10 0.94921875
Car -1 -1 -10 1031.0 192.0 1188.0 291.0 -1 -1 -1 -1000 -1000 -1000 -10 0.9365234375
Car -1 -1 -10 998.0 179.0 1047.0 222.0 -1 -1 -1 -1000 -1000 -1000 -10 0.9365234375
Car -1 -1 -10 1026.0 183.0 1144.0 259.0 -1 -1 -1 -1000 -1000 -1000 -10 0.92578125
Car -1 -1 -10 1021.0 185.0 1160.0 265.0 -1 -1 -1 -1000 -1000 -1000 -10 0.1170654296875
Car -1 -1 -10 1014.0 179.0 1114.0 251.0 -1 -1 -1 -1000 -1000 -1000 -10 0.05657958984375
Car -1 -1 -10 1028.0 190.0 1153.0 279.0 -1 -1 -1 -1000 -1000 -1000 -10 0.02008056640625
Car -1 -1 -10 997.0 179.0 1042.0 218.0 -1 -1 -1 -1000 -1000 -1000 -10 0.0035800933837890625
Car -1 -1 -10 0.0 163.0 21.0 365.0 -1 -1 -1 -1000 -1000 -1000 -10 0.003406524658203125
Car -1 -1 -10 0.0 177.0 26.0 367.0 -1 -1 -1 -1000 -1000 -1000 -10 0.0027923583984375
Car -1 -1 -10 1165.0 177.0 1224.0 316.0 -1 -1 -1 -1000 -1000 -1000 -10 0.0016841888427734375
Car -1 -1 -10 1.0 181.0 33.0 370.0 -1 -1 -1 -1000 -1000 -1000 -10 0.0015869140625
Car -1 -1 -10 1176.0 171.0 1224.0 300.0 -1 -1 -1 -1000 -1000 -1000 -10 0.0014677047729492188
Car -1 -1 -10 329.0 161.0 464.0 247.0 -1 -1 -1 -1000 -1000 -1000 -10 0.0012264251708984375
Car -1 -1 -10 1162.0 189.0 1223.0 365.0 -1 -1 -1 -1000 -1000 -1000 -10 0.0012197494506835938
Car -1 -1 -10 1172.0 166.0 1224.0 280.0 -1 -1 -1 -1000 -1000 -1000 -10 0.0011949539184570312
Car -1 -1 -10 1199.0 170.0 1224.0 301.0 -1 -1 -1 -1000 -1000 -1000 -10 0.0011615753173828125
Car -1 -1 -10 1198.0 178.0 1224.0 333.0 -1 -1 -1 -1000 -1000 -1000 -10 0.001010894775390625
Car -1 -1 -10 1200.0 163.0 1224.0 274.0 -1 -1 -1 -1000 -1000 -1000 -10 0.0009927749633789062
Car -1 -1 -10 1195.0 168.0 1224.0 304.0 -1 -1 -1 -1000 -1000 -1000 -10 0.000934600830078125
Car -1 -1 -10 1177.0 168.0 1223.0 268.0 -1 -1 -1 -1000 -1000 -1000 -10 0.000873565673828125
Car -1 -1 -10 752.0 174.0 796.0 201.0 -1 -1 -1 -1000 -1000 -1000 -10 0.0008726119995117188
Car -1 -1 -10 983.0 152.0 1125.0 275.0 -1 -1 -1 -1000 -1000 -1000 -10 0.0008587837219238281
Car -1 -1 -10 1126.0 192.0 1223.0 312.0 -1 -1 -1 -1000 -1000 -1000 -10 0.0007963180541992188
Car -1 -1 -10 990.0 169.0 1051.0 234.0 -1 -1 -1 -1000 -1000 -1000 -10 0.0007672309875488281
Car -1 -1 -10 1031.0 180.0 1143.0 250.0 -1 -1 -1 -1000 -1000 -1000 -10 0.0007605552673339844
Car -1 -1 -10 1197.0 194.0 1224.0 359.0 -1 -1 -1 -1000 -1000 -1000 -10 0.0007424354553222656
Car -1 -1 -10 1195.0 160.0 1224.0 278.0 -1 -1 -1 -1000 -1000 -1000 -10 0.0007414817810058594
Car -1 -1 -10 1159.0 174.0 1223.0 265.0 -1 -1 -1 -1000 -1000 -1000 -10 0.0007352828979492188
Car -1 -1 -10 1163.0 161.0 1224.0 284.0 -1 -1 -1 -1000 -1000 -1000 -10 0.0007100105285644531
Car -1 -1 -10 1115.0 201.0 1222.0 301.0 -1 -1 -1 -1000 -1000 -1000 -10 0.0006704330444335938
Car -1 -1 -10 1025.0 193.0 1132.0 271.0 -1 -1 -1 -1000 -1000 -1000 -10 0.0006380081176757812
Car -1 -1 -10 1194.0 172.0 1224.0 270.0 -1 -1 -1 -1000 -1000 -1000 -10 0.0006189346313476562
Car -1 -1 -10 1152.0 192.0 1224.0 356.0 -1 -1 -1 -1000 -1000 -1000 -10 0.0005917549133300781
Car -1 -1 -10 1195.0 167.0 1224.0 257.0 -1 -1 -1 -1000 -1000 -1000 -10 0.000530242919921875
Car -1 -1 -10 1179.0 141.0 1224.0 266.0 -1 -1 -1 -1000 -1000 -1000 -10 0.0005207061767578125
Car -1 -1 -10 1018.0 172.0 1156.0 272.0 -1 -1 -1 -1000 -1000 -1000 -10 0.0004954338073730469
Car -1 -1 -10 1202.0 142.0 1224.0 260.0 -1 -1 -1 -1000 -1000 -1000 -10 0.0004718303680419922
Car -1 -1 -10 1162.0 171.0 1220.0 254.0 -1 -1 -1 -1000 -1000 -1000 -10 0.0004315376281738281
Car -1 -1 -10 1142.0 187.0 1224.0 367.0 -1 -1 -1 -1000 -1000 -1000 -10 0.00041985511779785156
Car -1 -1 -10 1197.0 132.0 1224.0 270.0 -1 -1 -1 -1000 -1000 -1000 -10 0.0003838539123535156
Car -1 -1 -10 1181.0 170.0 1223.0 254.0 -1 -1 -1 -1000 -1000 -1000 -10 0.00037550926208496094
Car -1 -1 -10 926.0 136.0 1091.0 273.0 -1 -1 -1 -1000 -1000 -1000 -10 0.0003695487976074219
Car -1 -1 -10 1180.0 180.0 1223.0 280.0 -1 -1 -1 -1000 -1000 -1000 -10 0.0003654956817626953
Car -1 -1 -10 751.0 169.0 798.0 201.0 -1 -1 -1 -1000 -1000 -1000 -10 0.00034999847412109375
Car -1 -1 -10 1208.0 174.0 1224.0 269.0 -1 -1 -1 -1000 -1000 -1000 -10 0.0003380775451660156
Car -1 -1 -10 0.0 159.0 17.0 317.0 -1 -1 -1 -1000 -1000 -1000 -10 0.00033164024353027344
Car -1 -1 -10 995.0 180.0 1031.0 215.0 -1 -1 -1 -1000 -1000 -1000 -10 0.0003287792205810547
Car -1 -1 -10 1195.0 179.0 1224.0 282.0 -1 -1 -1 -1000 -1000 -1000 -10 0.00032401084899902344
Car -1 -1 -10 1134.0 174.0 1222.0 278.0 -1 -1 -1 -1000 -1000 -1000 -10 0.00030303001403808594
Car -1 -1 -10 755.0 171.0 801.0 207.0 -1 -1 -1 -1000 -1000 -1000 -10 0.00026535987854003906
Car -1 -1 -10 1195.0 193.0 1224.0 310.0 -1 -1 -1 -1000 -1000 -1000 -10 0.00026488304138183594
Car -1 -1 -10 1198.0 160.0 1224.0 247.0 -1 -1 -1 -1000 -1000 -1000 -10 0.0002570152282714844
Car -1 -1 -10 1156.0 182.0 1223.0 278.0 -1 -1 -1 -1000 -1000 -1000 -10 0.0002543926239013672
Car -1 -1 -10 0.0 177.0 42.0 368.0 -1 -1 -1 -1000 -1000 -1000 -10 0.00023412704467773438
Car -1 -1 -10 1051.0 186.0 1128.0 263.0 -1 -1 -1 -1000 -1000 -1000 -10 0.00023090839385986328
Car -1 -1 -10 1199.0 212.0 1224.0 370.0 -1 -1 -1 -1000 -1000 -1000 -10 0.00022971630096435547
Car -1 -1 -10 1015.0 184.0 1127.0 262.0 -1 -1 -1 -1000 -1000 -1000 -10 0.00022268295288085938
Car -1 -1 -10 1146.0 168.0 1222.0 269.0 -1 -1 -1 -1000 -1000 -1000 -10 0.00020492076873779297
Car -1 -1 -10 1197.0 91.0 1224.0 271.0 -1 -1 -1 -1000 -1000 -1000 -10 0.0002027750015258789
Car -1 -1 -10 1183.0 92.0 1224.0 271.0 -1 -1 -1 -1000 -1000 -1000 -10 0.00020015239715576172
Car -1 -1 -10 1195.0 204.0 1224.0 370.0 -1 -1 -1 -1000 -1000 -1000 -10 0.00019311904907226562
Car -1 -1 -10 963.0 135.0 1109.0 250.0 -1 -1 -1 -1000 -1000 -1000 -10 0.000179290771484375
Car -1 -1 -10 1173.0 117.0 1224.0 262.0 -1 -1 -1 -1000 -1000 -1000 -10 0.00017893314361572266
Car -1 -1 -10 0.0 162.0 17.0 272.0 -1 -1 -1 -1000 -1000 -1000 -10 0.0001786947250366211
Car -1 -1 -10 1209.0 167.0 1224.0 254.0 -1 -1 -1 -1000 -1000 -1000 -10 0.00017726421356201172
Car -1 -1 -10 1201.0 108.0 1224.0 252.0 -1 -1 -1 -1000 -1000 -1000 -10 0.00017499923706054688
Car -1 -1 -10 1150.0 212.0 1224.0 332.0 -1 -1 -1 -1000 -1000 -1000 -10 0.00016295909881591797
Car -1 -1 -10 1207.0 181.0 1224.0 281.0 -1 -1 -1 -1000 -1000 -1000 -10 0.00015282630920410156
Car -1 -1 -10 1134.0 196.0 1222.0 292.0 -1 -1 -1 -1000 -1000 -1000 -10 0.00015234947204589844
Car -1 -1 -10 1151.0 197.0 1224.0 307.0 -1 -1 -1 -1000 -1000 -1000 -10 0.0001494884490966797
Car -1 -1 -10 0.0 230.0 29.0 367.0 -1 -1 -1 -1000 -1000 -1000 -10 0.00014519691467285156
Car -1 -1 -10 1207.0 194.0 1224.0 308.0 -1 -1 -1 -1000 -1000 -1000 -10 0.0001347064971923828
Car -1 -1 -10 1.0 209.0 39.0 368.0 -1 -1 -1 -1000 -1000 -1000 -10 0.00013375282287597656
Car -1 -1 -10 1207.0 204.0 1224.0 319.0 -1 -1 -1 -1000 -1000 -1000 -10 0.00012922286987304688
Car -1 -1 -10 1210.0 161.0 1224.0 244.0 -1 -1 -1 -1000 -1000 -1000 -10 0.00012791156768798828
Car -1 -1 -10 1153.0 194.0 1223.0 291.0 -1 -1 -1 -1000 -1000 -1000 -10 0.00012731552124023438
Car -1 -1 -10 0.0 149.0 23.0 325.0 -1 -1 -1 -1000 -1000 -1000 -10 0.00012636184692382812
Car -1 -1 -10 1174.0 194.0 1224.0 311.0 -1 -1 -1 -1000 -1000 -1000 -10 0.00012135505676269531
Car -1 -1 -10 1053.0 184.0 1190.0 269.0 -1 -1 -1 -1000 -1000 -1000 -10 0.00011938810348510742
Car -1 -1 -10 1089.0 187.0 1215.0 293.0 -1 -1 -1 -1000 -1000 -1000 -10 0.00011807680130004883
Car -1 -1 -10 1162.0 166.0 1218.0 244.0 -1 -1 -1 -1000 -1000 -1000 -10 0.00010955333709716797
Car -1 -1 -10 1068.0 179.0 1222.0 317.0 -1 -1 -1 -1000 -1000 -1000 -10 0.00010633468627929688
Car -1 -1 -10 0.0 187.0 56.0 367.0 -1 -1 -1 -1000 -1000 -1000 -10 0.00010377168655395508
Car -1 -1 -10 1149.0 171.0 1216.0 250.0 -1 -1 -1 -1000 -1000 -1000 -10 0.00010377168655395508
Pedestrian -1 -1 -10 223.0 85.0 241.0 102.0 -1 -1 -1 -1000 -1000 -1000 -10 0.0001023411750793457
