Car -1 -1 -10 211.0 171.0 271.0 198.0 -1 -1 -1 -1000 -1000 -1000 -10 0.93505859375
Car -1 -1 -10 126.0 176.0 211.0 216.0 -1 -1 -1 -1000 -1000 -1000 -10 0.9248046875
Car -1 -1 -10 206.0 173.0 265.0 197.0 -1 -1 -1 -1000 -1000 -1000 -10 0.022247314453125
Car -1 -1 -10 212.0 170.0 271.0 195.0 -1 -1 -1 -1000 -1000 -1000 -10 0.0108795166015625
Car -1 -1 -10 129.0 174.0 208.0 210.0 -1 -1 -1 -1000 -1000 -1000 -10 0.0032291412353515625
Car -1 -1 -10 120.0 179.0 210.0 219.0 -1 -1 -1 -1000 -1000 -1000 -10 0.0009288787841796875
Car -1 -1 -10 121.0 163.0 216.0 221.0 -1 -1 -1 -1000 -1000 -1000 -10 0.0009026527404785156
Car -1 -1 -10 0.0 169.0 11.0 231.0 -1 -1 -1 -1000 -1000 -1000 -10 0.0006632804870605469
Car -1 -1 -10 219.0 173.0 284.0 200.0 -1 -1 -1 -1000 -1000 -1000 -10 0.0006451606750488281
Car -1 -1 -10 0.0 165.0 12.0 219.0 -1 -1 -1 -1000 -1000 -1000 -10 0.0006213188171386719
Car -1 -1 -10 228.0 172.0 283.0 198.0 -1 -1 -1 -1000 -1000 -1000 -10 0.0005817413330078125
Car -1 -1 -10 208.0 167.0 272.0 202.0 -1 -1 -1 -1000 -1000 -1000 -10 0.0004901885986328125
Car -1 -1 -10 0.0 169.0 13.0 225.0 -1 -1 -1 -1000 -1000 -1000 -10 0.0004887580871582031
Car -1 -1 -10 0.0 176.0 10.0 224.0 -1 -1 -1 -1000 -1000 -1000 -10 0.000438690185546875
Car -1 -1 -10 0.0 170.0 11.0 214.0 -1 -1 -1 -1000 -1000 -1000 -10 0.0004367828369140625
Car -1 -1 -10 267.0 175.0 319.0 202.0 -1 -1 -1 -1000 -1000 -1000 -10 0.0003685951232910156
Car -1 -1 -10 87.0 133.0 266.0 274.0 -1 -1 -1 -1000 -1000 -1000 -10 0.000324249267578125
Car -1 -1 -10 2.0 166.0 21.0 214.0 -1 -1 -1 -1000 -1000 -1000 -10 0.00032258033752441406
Car -1 -1 -10 94.0 126.0 256.0 242.0 -1 -1 -1 -1000 -1000 -1000 -10 0.00032019615173339844
Car -1 -1 -10 125.0 184.0 214.0 223.0 -1 -1 -1 -1000 -1000 -1000 -10 0.0003173351287841797
Car -1 -1 -10 0.0 167.0 14.0 217.0 -1 -1 -1 -1000 -1000 -1000 -10 0.00027680397033691406
Car -1 -1 -10 65.0 133.0 246.0 273.0 -1 -1 -1 -1000 -1000 -1000 -10 0.0002646446228027344
Car -1 -1 -10 261.0 174.0 318.0 198.0 -1 -1 -1 -1000 -1000 -1000 -10 0.0002548694610595703
Car -1 -1 -10 192.0 174.0 245.0 196.0 -1 -1 -1 -1000 -1000 -1000 -10 0.00024437904357910156
Car -1 -1 -10 0.0 161.0 14.0 214.0 -1 -1 -1 -1000 -1000 -1000 -10 0.00023305416107177734
Car -1 -1 -10 198.0 172.0 258.0 200.0 -1 -1 -1 -1000 -1000 -1000 -10 0.0001971721649169922
Car -1 -1 -10 1.0 170.0 21.0 229.0 -1 -1 -1 -1000 -1000 -1000 -10 0.00016808509826660156
Car -1 -1 -10 215.0 173.0 287.0 205.0 -1 -1 -1 -1000 -1000 -1000 -10 0.0001577138900756836
Car -1 -1 -10 0.0 178.0 11.0 241.0 -1 -1 -1 -1000 -1000 -1000 -10 0.00015211105346679688
Car -1 -1 -10 253.0 176.0 318.0 203.0 -1 -1 -1 -1000 -1000 -1000 -10 0.00015079975128173828
Car -1 -1 -10 1221.0 171.0 1242.0 309.0 -1 -1 -1 -1000 -1000 -1000 -10 0.0001418590545654297
Car -1 -1 -10 0.0 171.0 15.0 247.0 -1 -1 -1 -1000 -1000 -1000 -10 0.00013768672943115234
Car -1 -1 -10 1221.0 158.0 1242.0 285.0 -1 -1 -1 -1000 -1000 -1000 -10 0.0001354217529296875
Car -1 -1 -10 0.0 186.0 10.0 233.0 -1 -1 -1 -1000 -1000 -1000 -10 0.00012177228927612305
Car -1 -1 -10 244.0 172.0 307.0 197.0 -1 -1 -1 -1000 -1000 -1000 -10 0.00010573863983154297
Car -1 -1 -10 1223.0 182.0 1242.0 333.0 -1 -1 -1 -1000 -1000 -1000 -10 0.00010198354721069336
Car -1 -1 -10 0.0 171.0 23.0 223.0 -1 -1 -1 -1000 -1000 -1000 -10 0.00010013580322265625
