Car -1 -1 -10 672.0 177.0 799.0 220.0 -1 -1 -1 -1000 -1000 -1000 -10 0.95263671875
Car -1 -1 -10 646.0 178.0 707.0 201.0 -1 -1 -1 -1000 -1000 -1000 -10 0.927734375
Car -1 -1 -10 650.0 179.0 701.0 200.0 -1 -1 -1 -1000 -1000 -1000 -10 0.011199951171875
Car -1 -1 -10 641.0 179.0 698.0 199.0 -1 -1 -1 -1000 -1000 -1000 -10 0.00440216064453125
Car -1 -1 -10 644.0 173.0 708.0 205.0 -1 -1 -1 -1000 -1000 -1000 -10 0.0015916824340820312
Car -1 -1 -10 649.0 182.0 708.0 204.0 -1 -1 -1 -1000 -1000 -1000 -10 0.0011873245239257812
Car -1 -1 -10 668.0 166.0 802.0 231.0 -1 -1 -1 -1000 -1000 -1000 -10 0.0007834434509277344
Car -1 -1 -10 634.0 131.0 831.0 273.0 -1 -1 -1 -1000 -1000 -1000 -10 0.0006237030029296875
Car -1 -1 -10 646.0 133.0 823.0 241.0 -1 -1 -1 -1000 -1000 -1000 -10 0.0006046295166015625
Car -1 -1 -10 715.0 181.0 762.0 210.0 -1 -1 -1 -1000 -1000 -1000 -10 0.00043582916259765625
Car -1 -1 -10 638.0 179.0 680.0 193.0 -1 -1 -1 -1000 -1000 -1000 -10 0.0002944469451904297
Car -1 -1 -10 708.0 182.0 753.0 212.0 -1 -1 -1 -1000 -1000 -1000 -10 0.00027251243591308594
Car -1 -1 -10 640.0 179.0 692.0 197.0 -1 -1 -1 -1000 -1000 -1000 -10 0.00019848346710205078
Car -1 -1 -10 636.0 177.0 690.0 196.0 -1 -1 -1 -1000 -1000 -1000 -10 0.00019478797912597656
Car -1 -1 -10 671.0 179.0 785.0 213.0 -1 -1 -1 -1000 -1000 -1000 -10 0.00017654895782470703
Car -1 -1 -10 635.0 178.0 675.0 193.0 -1 -1 -1 -1000 -1000 -1000 -10 0.0001589059829711914
