Car -1 -1 -10 765.0 148.0 1007.0 317.0 -1 -1 -1 -1000 -1000 -1000 -10 0.9697265625
Car -1 -1 -10 503.0 176.0 552.0 215.0 -1 -1 -1 -1000 -1000 -1000 -10 0.9482421875
Car -1 -1 -10 1030.0 0.0 1242.0 373.0 -1 -1 -1 -1000 -1000 -1000 -10 0.947265625
Car -1 -1 -10 677.0 166.0 741.0 219.0 -1 -1 -1 -1000 -1000 -1000 -10 0.94580078125
Car -1 -1 -10 566.0 171.0 607.0 202.0 -1 -1 -1 -1000 -1000 -1000 -10 0.94091796875
Car -1 -1 -10 670.0 172.0 710.0 203.0 -1 -1 -1 -1000 -1000 -1000 -10 0.008758544921875
Car -1 -1 -10 668.0 170.0 715.0 203.0 -1 -1 -1 -1000 -1000 -1000 -10 0.003143310546875
Car -1 -1 -10 1015.0 0.0 1228.0 330.0 -1 -1 -1 -1000 -1000 -1000 -10 0.002536773681640625
Car -1 -1 -10 681.0 167.0 733.0 217.0 -1 -1 -1 -1000 -1000 -1000 -10 0.0021190643310546875
Car -1 -1 -10 781.0 0.0 838.0 45.0 -1 -1 -1 -1000 -1000 -1000 -10 0.0020618438720703125
Car -1 -1 -10 671.0 167.0 721.0 209.0 -1 -1 -1 -1000 -1000 -1000 -10 0.0013275146484375
Car -1 -1 -10 668.0 171.0 707.0 200.0 -1 -1 -1 -1000 -1000 -1000 -10 0.0012998580932617188
Car -1 -1 -10 498.0 162.0 555.0 222.0 -1 -1 -1 -1000 -1000 -1000 -10 0.0012941360473632812
Car -1 -1 -10 0.0 193.0 27.0 372.0 -1 -1 -1 -1000 -1000 -1000 -10 0.0009908676147460938
Car -1 -1 -10 821.0 154.0 958.0 306.0 -1 -1 -1 -1000 -1000 -1000 -10 0.0009469985961914062
Car -1 -1 -10 504.0 173.0 549.0 211.0 -1 -1 -1 -1000 -1000 -1000 -10 0.0008721351623535156
Car -1 -1 -10 1025.0 80.0 1242.0 375.0 -1 -1 -1 -1000 -1000 -1000 -10 0.0008025169372558594
Car -1 -1 -10 672.0 161.0 743.0 225.0 -1 -1 -1 -1000 -1000 -1000 -10 0.0007700920104980469
Car -1 -1 -10 501.0 163.0 568.0 228.0 -1 -1 -1 -1000 -1000 -1000 -10 0.0006656646728515625
Car -1 -1 -10 1065.0 0.0 1242.0 332.0 -1 -1 -1 -1000 -1000 -1000 -10 0.0006465911865234375
Car -1 -1 -10 670.0 173.0 703.0 203.0 -1 -1 -1 -1000 -1000 -1000 -10 0.0006384849548339844
Car -1 -1 -10 0.0 211.0 24.0 373.0 -1 -1 -1 -1000 -1000 -1000 -10 0.0006327629089355469
Car -1 -1 -10 0.0 187.0 38.0 375.0 -1 -1 -1 -1000 -1000 -1000 -10 0.0005235671997070312
Car -1 -1 -10 669.0 173.0 708.0 207.0 -1 -1 -1 -1000 -1000 -1000 -10 0.0005192756652832031
Car -1 -1 -10 443.0 126.0 595.0 242.0 -1 -1 -1 -1000 -1000 -1000 -10 0.00043702125549316406
Car -1 -1 -10 560.0 153.0 618.0 211.0 -1 -1 -1 -1000 -1000 -1000 -10 0.0003952980041503906
Car -1 -1 -10 1022.0 31.0 1224.0 375.0 -1 -1 -1 -1000 -1000 -1000 -10 0.0003921985626220703
Car -1 -1 -10 436.0 131.0 602.0 275.0 -1 -1 -1 -1000 -1000 -1000 -10 0.0003905296325683594
Car -1 -1 -10 559.0 161.0 623.0 222.0 -1 -1 -1 -1000 -1000 -1000 -10 0.0003535747528076172
Car -1 -1 -10 474.0 134.0 621.0 268.0 -1 -1 -1 -1000 -1000 -1000 -10 0.00029921531677246094
Car -1 -1 -10 565.0 169.0 608.0 205.0 -1 -1 -1 -1000 -1000 -1000 -10 0.0002987384796142578
Car -1 -1 -10 615.0 133.0 778.0 264.0 -1 -1 -1 -1000 -1000 -1000 -10 0.0002722740173339844
Car -1 -1 -10 550.0 155.0 608.0 210.0 -1 -1 -1 -1000 -1000 -1000 -10 0.0002567768096923828
Car -1 -1 -10 640.0 127.0 796.0 240.0 -1 -1 -1 -1000 -1000 -1000 -10 0.0002543926239013672
Car -1 -1 -10 1062.0 60.0 1206.0 352.0 -1 -1 -1 -1000 -1000 -1000 -10 0.00025081634521484375
Car -1 -1 -10 512.0 135.0 681.0 271.0 -1 -1 -1 -1000 -1000 -1000 -10 0.0002505779266357422
Car -1 -1 -10 1223.0 220.0 1242.0 374.0 -1 -1 -1 -1000 -1000 -1000 -10 0.00024962425231933594
Car -1 -1 -10 0.0 194.0 45.0 371.0 -1 -1 -1 -1000 -1000 -1000 -10 0.00023174285888671875
Car -1 -1 -10 634.0 132.0 805.0 268.0 -1 -1 -1 -1000 -1000 -1000 -10 0.0002300739288330078
Car -1 -1 -10 513.0 111.0 678.0 238.0 -1 -1 -1 -1000 -1000 -1000 -10 0.0002276897430419922
Car -1 -1 -10 567.0 168.0 605.0 196.0 -1 -1 -1 -1000 -1000 -1000 -10 0.0002155303955078125
Car -1 -1 -10 1060.0 22.0 1201.0 317.0 -1 -1 -1 -1000 -1000 -1000 -10 0.00019443035125732422
Car -1 -1 -10 1030.0 96.0 1242.0 323.0 -1 -1 -1 -1000 -1000 -1000 -10 0.00016176700592041016
Car -1 -1 -10 539.0 0.0 592.0 46.0 -1 -1 -1 -1000 -1000 -1000 -10 0.0001493692398071289
Pedestrian -1 -1 -10 783.0 0.0 838.0 48.0 -1 -1 -1 -1000 -1000 -1000 -10 0.0001443624496459961
Car -1 -1 -10 1021.0 165.0 1242.0 375.0 -1 -1 -1 -1000 -1000 -1000 -10 0.00013697147369384766
Car -1 -1 -10 474.0 117.0 647.0 236.0 -1 -1 -1 -1000 -1000 -1000 -10 0.00013053417205810547
Car -1 -1 -10 610.0 94.0 636.0 114.0 -1 -1 -1 -1000 -1000 -1000 -10 0.00012433528900146484
Car -1 -1 -10 1217.0 216.0 1242.0 375.0 -1 -1 -1 -1000 -1000 -1000 -10 0.00011533498764038086
Car -1 -1 -10 1226.0 244.0 1242.0 366.0 -1 -1 -1 -1000 -1000 -1000 -10 0.00011461973190307617
Car -1 -1 -10 573.0 171.0 613.0 199.0 -1 -1 -1 -1000 -1000 -1000 -10 0.00010526180267333984
Car -1 -1 -10 570.0 174.0 616.0 201.0 -1 -1 -1 -1000 -1000 -1000 -10 0.0001036524772644043
Car -1 -1 -10 1058.0 165.0 1212.0 230.0 -1 -1 -1 -1000 -1000 -1000 -10 0.0001035928726196289
