Pedestrian -1 -1 -10 950.0 154.0 1020.0 318.0 -1 -1 -1 -1000 -1000 -1000 -10 0.90869140625
Pedestrian -1 -1 -10 951.0 167.0 1014.0 313.0 -1 -1 -1 -1000 -1000 -1000 -10 0.007633209228515625
Pedestrian -1 -1 -10 946.0 147.0 1011.0 319.0 -1 -1 -1 -1000 -1000 -1000 -10 0.003208160400390625
Pedestrian -1 -1 -10 958.0 172.0 1020.0 318.0 -1 -1 -1 -1000 -1000 -1000 -10 0.0030384063720703125
Pedestrian -1 -1 -10 931.0 153.0 1050.0 319.0 -1 -1 -1 -1000 -1000 -1000 -10 0.0016832351684570312
Pedestrian -1 -1 -10 922.0 153.0 1034.0 319.0 -1 -1 -1 -1000 -1000 -1000 -10 0.0016603469848632812
Pedestrian -1 -1 -10 0.0 116.0 18.0 274.0 -1 -1 -1 -1000 -1000 -1000 -10 0.001171112060546875
Pedestrian -1 -1 -10 0.0 130.0 15.0 254.0 -1 -1 -1 -1000 -1000 -1000 -10 0.0008111000061035156
Pedestrian -1 -1 -10 1.0 114.0 23.0 275.0 -1 -1 -1 -1000 -1000 -1000 -10 0.0005240440368652344
Pedestrian -1 -1 -10 1.0 131.0 25.0 252.0 -1 -1 -1 -1000 -1000 -1000 -10 0.00046753883361816406
Pedestrian -1 -1 -10 1.0 115.0 28.0 279.0 -1 -1 -1 -1000 -1000 -1000 -10 0.0004425048828125
Pedestrian -1 -1 -10 0.0 120.0 15.0 302.0 -1 -1 -1 -1000 -1000 -1000 -10 0.0004189014434814453
Car -1 -1 -10 715.0 52.0 734.0 67.0 -1 -1 -1 -1000 -1000 -1000 -10 0.00024628639221191406
Car -1 -1 -10 711.0 52.0 737.0 68.0 -1 -1 -1 -1000 -1000 -1000 -10 0.00018405914306640625
Pedestrian -1 -1 -10 0.0 140.0 16.0 245.0 -1 -1 -1 -1000 -1000 -1000 -10 0.00018024444580078125
Pedestrian -1 -1 -10 970.0 170.0 1021.0 315.0 -1 -1 -1 -1000 -1000 -1000 -10 0.0001627206802368164
Car -1 -1 -10 717.0 51.0 735.0 66.0 -1 -1 -1 -1000 -1000 -1000 -10 0.00014722347259521484
Pedestrian -1 -1 -10 0.0 110.0 23.0 311.0 -1 -1 -1 -1000 -1000 -1000 -10 0.00013172626495361328
Car -1 -1 -10 0.0 123.0 11.0 182.0 -1 -1 -1 -1000 -1000 -1000 -10 0.00011628866195678711
Pedestrian -1 -1 -10 0.0 141.0 12.0 259.0 -1 -1 -1 -1000 -1000 -1000 -10 0.0001150965690612793
Car -1 -1 -10 0.0 123.0 11.0 196.0 -1 -1 -1 -1000 -1000 -1000 -10 0.00011324882507324219
Car -1 -1 -10 713.0 50.0 738.0 67.0 -1 -1 -1 -1000 -1000 -1000 -10 0.00011259317398071289
Pedestrian -1 -1 -10 0.0 154.0 14.0 323.0 -1 -1 -1 -1000 -1000 -1000 -10 0.00010782480239868164
Car -1 -1 -10 674.0 54.0 697.0 71.0 -1 -1 -1 -1000 -1000 -1000 -10 0.00010377168655395508
