Car -1 -1 -10 0.0 203.0 207.0 372.0 -1 -1 -1 -1000 -1000 -1000 -10 0.9619140625
Car -1 -1 -10 1138.0 166.0 1241.0 221.0 -1 -1 -1 -1000 -1000 -1000 -10 0.9443359375
Pedestrian -1 -1 -10 188.0 170.0 256.0 324.0 -1 -1 -1 -1000 -1000 -1000 -10 0.91552734375
Cyclist -1 -1 -10 372.0 189.0 432.0 244.0 -1 -1 -1 -1000 -1000 -1000 -10 0.90234375
Cyclist -1 -1 -10 273.0 181.0 384.0 280.0 -1 -1 -1 -1000 -1000 -1000 -10 0.86669921875
Pedestrian -1 -1 -10 346.0 171.0 388.0 293.0 -1 -1 -1 -1000 -1000 -1000 -10 0.79541015625
Pedestrian -1 -1 -10 354.0 175.0 389.0 290.0 -1 -1 -1 -1000 -1000 -1000 -10 0.572265625
Pedestrian -1 -1 -10 342.0 174.0 382.0 292.0 -1 -1 -1 -1000 -1000 -1000 -10 0.5546875
Pedestrian -1 -1 -10 276.0 181.0 387.0 282.0 -1 -1 -1 -1000 -1000 -1000 -10 0.431884765625
Pedestrian -1 -1 -10 340.0 179.0 392.0 283.0 -1 -1 -1 -1000 -1000 -1000 -10 0.26318359375
Pedestrian -1 -1 -10 371.0 187.0 429.0 249.0 -1 -1 -1 -1000 -1000 -1000 -10 0.241943359375
Cyclist -1 -1 -10 315.0 177.0 391.0 289.0 -1 -1 -1 -1000 -1000 -1000 -10 0.1151123046875
Cyclist -1 -1 -10 337.0 193.0 411.0 264.0 -1 -1 -1 -1000 -1000 -1000 -10 0.0472412109375
Pedestrian -1 -1 -10 321.0 175.0 381.0 288.0 -1 -1 -1 -1000 -1000 -1000 -10 0.0455322265625
Pedestrian -1 -1 -10 370.0 184.0 409.0 254.0 -1 -1 -1 -1000 -1000 -1000 -10 0.03546142578125
Pedestrian -1 -1 -10 347.0 174.0 390.0 269.0 -1 -1 -1 -1000 -1000 -1000 -10 0.03448486328125
Cyclist -1 -1 -10 363.0 183.0 434.0 253.0 -1 -1 -1 -1000 -1000 -1000 -10 0.034088134765625
Cyclist -1 -1 -10 380.0 190.0 430.0 242.0 -1 -1 -1 -1000 -1000 -1000 -10 0.029083251953125
Pedestrian -1 -1 -10 357.0 174.0 394.0 267.0 -1 -1 -1 -1000 -1000 -1000 -10 0.0271453857421875
Cyclist -1 -1 -10 266.0 178.0 400.0 286.0 -1 -1 -1 -1000 -1000 -1000 -10 0.019775390625
Pedestrian -1 -1 -10 372.0 188.0 407.0 249.0 -1 -1 -1 -1000 -1000 -1000 -10 0.016998291015625
Cyclist -1 -1 -10 319.0 178.0 382.0 279.0 -1 -1 -1 -1000 -1000 -1000 -10 0.01568603515625
Pedestrian -1 -1 -10 358.0 181.0 391.0 289.0 -1 -1 -1 -1000 -1000 -1000 -10 0.01067352294921875
Cyclist -1 -1 -10 271.0 170.0 408.0 294.0 -1 -1 -1 -1000 -1000 -1000 -10 0.0076446533203125
Cyclist -1 -1 -10 290.0 180.0 369.0 280.0 -1 -1 -1 -1000 -1000 -1000 -10 0.006671905517578125
Pedestrian -1 -1 -10 374.0 184.0 421.0 245.0 -1 -1 -1 -1000 -1000 -1000 -10 0.00580596923828125
Pedestrian -1 -1 -10 364.0 180.0 397.0 278.0 -1 -1 -1 -1000 -1000 -1000 -10 0.0055389404296875
Car -1 -1 -10 1222.0 162.0 1242.0 210.0 -1 -1 -1 -1000 -1000 -1000 -10 0.0047454833984375
Car -1 -1 -10 1226.0 160.0 1241.0 208.0 -1 -1 -1 -1000 -1000 -1000 -10 0.0035228729248046875
Car -1 -1 -10 1225.0 162.0 1242.0 217.0 -1 -1 -1 -1000 -1000 -1000 -10 0.0032196044921875
Pedestrian -1 -1 -10 195.0 173.0 264.0 325.0 -1 -1 -1 -1000 -1000 -1000 -10 0.0027141571044921875
Car -1 -1 -10 1216.0 163.0 1242.0 210.0 -1 -1 -1 -1000 -1000 -1000 -10 0.002685546875
Cyclist -1 -1 -10 358.0 181.0 415.0 250.0 -1 -1 -1 -1000 -1000 -1000 -10 0.0024776458740234375
Car -1 -1 -10 1228.0 154.0 1241.0 199.0 -1 -1 -1 -1000 -1000 -1000 -10 0.002227783203125
Pedestrian -1 -1 -10 812.0 0.0 889.0 45.0 -1 -1 -1 -1000 -1000 -1000 -10 0.0016355514526367188
Cyclist -1 -1 -10 291.0 184.0 452.0 300.0 -1 -1 -1 -1000 -1000 -1000 -10 0.0016269683837890625
Car -1 -1 -10 1185.0 160.0 1242.0 214.0 -1 -1 -1 -1000 -1000 -1000 -10 0.0016222000122070312
Car -1 -1 -10 1226.0 153.0 1242.0 201.0 -1 -1 -1 -1000 -1000 -1000 -10 0.0015115737915039062
Cyclist -1 -1 -10 264.0 186.0 375.0 277.0 -1 -1 -1 -1000 -1000 -1000 -10 0.0014715194702148438
Pedestrian -1 -1 -10 342.0 183.0 387.0 298.0 -1 -1 -1 -1000 -1000 -1000 -10 0.0012578964233398438
Cyclist -1 -1 -10 310.0 156.0 464.0 282.0 -1 -1 -1 -1000 -1000 -1000 -10 0.001186370849609375
Car -1 -1 -10 1219.0 165.0 1242.0 214.0 -1 -1 -1 -1000 -1000 -1000 -10 0.0011749267578125
Cyclist -1 -1 -10 387.0 192.0 431.0 242.0 -1 -1 -1 -1000 -1000 -1000 -10 0.001003265380859375
Pedestrian -1 -1 -10 162.0 168.0 287.0 326.0 -1 -1 -1 -1000 -1000 -1000 -10 0.000988006591796875
Pedestrian -1 -1 -10 345.0 170.0 394.0 263.0 -1 -1 -1 -1000 -1000 -1000 -10 0.0009241104125976562
Car -1 -1 -10 1163.0 163.0 1239.0 214.0 -1 -1 -1 -1000 -1000 -1000 -10 0.0008463859558105469
Pedestrian -1 -1 -10 356.0 189.0 395.0 294.0 -1 -1 -1 -1000 -1000 -1000 -10 0.000759124755859375
Car -1 -1 -10 27.0 205.0 172.0 366.0 -1 -1 -1 -1000 -1000 -1000 -10 0.0007338523864746094
Car -1 -1 -10 1221.0 153.0 1241.0 199.0 -1 -1 -1 -1000 -1000 -1000 -10 0.0007300376892089844
Car -1 -1 -10 1225.0 147.0 1242.0 196.0 -1 -1 -1 -1000 -1000 -1000 -10 0.0007243156433105469
Cyclist -1 -1 -10 344.0 155.0 482.0 275.0 -1 -1 -1 -1000 -1000 -1000 -10 0.0006308555603027344
Car -1 -1 -10 1230.0 143.0 1242.0 194.0 -1 -1 -1 -1000 -1000 -1000 -10 0.0006279945373535156
Car -1 -1 -10 0.0 191.0 23.0 296.0 -1 -1 -1 -1000 -1000 -1000 -10 0.0005860328674316406
Car -1 -1 -10 0.0 195.0 23.0 316.0 -1 -1 -1 -1000 -1000 -1000 -10 0.0005803108215332031
Car -1 -1 -10 1231.0 147.0 1241.0 190.0 -1 -1 -1 -1000 -1000 -1000 -10 0.0005388259887695312
Car -1 -1 -10 1137.0 161.0 1236.0 217.0 -1 -1 -1 -1000 -1000 -1000 -10 0.0004858970642089844
Pedestrian -1 -1 -10 352.0 194.0 387.0 261.0 -1 -1 -1 -1000 -1000 -1000 -10 0.0004506111145019531
Car -1 -1 -10 1097.0 134.0 1242.0 264.0 -1 -1 -1 -1000 -1000 -1000 -10 0.0004363059997558594
Pedestrian -1 -1 -10 357.0 193.0 390.0 260.0 -1 -1 -1 -1000 -1000 -1000 -10 0.0004329681396484375
Pedestrian -1 -1 -10 359.0 186.0 392.0 252.0 -1 -1 -1 -1000 -1000 -1000 -10 0.00042438507080078125
Pedestrian -1 -1 -10 179.0 171.0 248.0 331.0 -1 -1 -1 -1000 -1000 -1000 -10 0.00041222572326660156
Pedestrian -1 -1 -10 343.0 172.0 380.0 268.0 -1 -1 -1 -1000 -1000 -1000 -10 0.0003986358642578125
Pedestrian -1 -1 -10 344.0 194.0 378.0 261.0 -1 -1 -1 -1000 -1000 -1000 -10 0.0003445148468017578
Car -1 -1 -10 0.0 188.0 27.0 298.0 -1 -1 -1 -1000 -1000 -1000 -10 0.00031065940856933594
Pedestrian -1 -1 -10 349.0 187.0 388.0 253.0 -1 -1 -1 -1000 -1000 -1000 -10 0.00028324127197265625
Car -1 -1 -10 0.0 200.0 22.0 358.0 -1 -1 -1 -1000 -1000 -1000 -10 0.00025463104248046875
Car -1 -1 -10 1107.0 132.0 1242.0 238.0 -1 -1 -1 -1000 -1000 -1000 -10 0.00025272369384765625
Car -1 -1 -10 1226.0 168.0 1242.0 225.0 -1 -1 -1 -1000 -1000 -1000 -10 0.00025081634521484375
Car -1 -1 -10 1160.0 167.0 1209.0 214.0 -1 -1 -1 -1000 -1000 -1000 -10 0.00024819374084472656
Car -1 -1 -10 0.0 190.0 38.0 297.0 -1 -1 -1 -1000 -1000 -1000 -10 0.00024318695068359375
Pedestrian -1 -1 -10 365.0 183.0 395.0 292.0 -1 -1 -1 -1000 -1000 -1000 -10 0.00023746490478515625
Car -1 -1 -10 0.0 193.0 14.0 294.0 -1 -1 -1 -1000 -1000 -1000 -10 0.0002123117446899414
Car -1 -1 -10 0.0 196.0 47.0 320.0 -1 -1 -1 -1000 -1000 -1000 -10 0.00018346309661865234
Pedestrian -1 -1 -10 366.0 195.0 395.0 260.0 -1 -1 -1 -1000 -1000 -1000 -10 0.00016307830810546875
Car -1 -1 -10 1218.0 149.0 1242.0 194.0 -1 -1 -1 -1000 -1000 -1000 -10 0.00016164779663085938
Car -1 -1 -10 0.0 176.0 19.0 282.0 -1 -1 -1 -1000 -1000 -1000 -10 0.0001544952392578125
Cyclist -1 -1 -10 385.0 195.0 435.0 244.0 -1 -1 -1 -1000 -1000 -1000 -10 0.00014531612396240234
Cyclist -1 -1 -10 297.0 188.0 386.0 296.0 -1 -1 -1 -1000 -1000 -1000 -10 0.00013339519500732422
Car -1 -1 -10 1220.0 144.0 1241.0 193.0 -1 -1 -1 -1000 -1000 -1000 -10 0.00011098384857177734
Car -1 -1 -10 0.0 196.0 29.0 310.0 -1 -1 -1 -1000 -1000 -1000 -10 0.00011032819747924805
Car -1 -1 -10 1214.0 169.0 1242.0 220.0 -1 -1 -1 -1000 -1000 -1000 -10 0.00010406970977783203
