Car -1 -1 -10 172.0 193.0 386.0 330.0 -1 -1 -1 -1000 -1000 -1000 -10 0.96923828125
Car -1 -1 -10 623.0 173.0 727.0 206.0 -1 -1 -1 -1000 -1000 -1000 -10 0.94677734375
Car -1 -1 -10 474.0 176.0 578.0 212.0 -1 -1 -1 -1000 -1000 -1000 -10 0.94580078125
Car -1 -1 -10 89.0 159.0 229.0 219.0 -1 -1 -1 -1000 -1000 -1000 -10 0.93896484375
Car -1 -1 -10 271.0 175.0 409.0 224.0 -1 -1 -1 -1000 -1000 -1000 -10 0.92529296875
Pedestrian -1 -1 -10 914.0 156.0 972.0 280.0 -1 -1 -1 -1000 -1000 -1000 -10 0.91162109375
Car -1 -1 -10 0.0 185.0 15.0 240.0 -1 -1 -1 -1000 -1000 -1000 -10 0.0022678375244140625
Car -1 -1 -10 498.0 178.0 546.0 203.0 -1 -1 -1 -1000 -1000 -1000 -10 0.0018987655639648438
Car -1 -1 -10 266.0 168.0 410.0 233.0 -1 -1 -1 -1000 -1000 -1000 -10 0.0017671585083007812
Car -1 -1 -10 0.0 176.0 15.0 235.0 -1 -1 -1 -1000 -1000 -1000 -10 0.0017385482788085938
Car -1 -1 -10 0.0 188.0 14.0 236.0 -1 -1 -1 -1000 -1000 -1000 -10 0.0017347335815429688
Car -1 -1 -10 0.0 181.0 18.0 246.0 -1 -1 -1 -1000 -1000 -1000 -10 0.0017070770263671875
Pedestrian -1 -1 -10 910.0 152.0 963.0 280.0 -1 -1 -1 -1000 -1000 -1000 -10 0.0016202926635742188
Car -1 -1 -10 0.0 212.0 25.0 355.0 -1 -1 -1 -1000 -1000 -1000 -10 0.0016145706176757812
Car -1 -1 -10 0.0 226.0 27.0 368.0 -1 -1 -1 -1000 -1000 -1000 -10 0.001270294189453125
Car -1 -1 -10 0.0 181.0 14.0 230.0 -1 -1 -1 -1000 -1000 -1000 -10 0.0011339187622070312
Car -1 -1 -10 469.0 163.0 582.0 226.0 -1 -1 -1 -1000 -1000 -1000 -10 0.0011205673217773438
Car -1 -1 -10 0.0 200.0 22.0 326.0 -1 -1 -1 -1000 -1000 -1000 -10 0.0011138916015625
Car -1 -1 -10 645.0 176.0 692.0 197.0 -1 -1 -1 -1000 -1000 -1000 -10 0.001102447509765625
Car -1 -1 -10 621.0 171.0 718.0 203.0 -1 -1 -1 -1000 -1000 -1000 -10 0.0009851455688476562
Car -1 -1 -10 263.0 175.0 401.0 230.0 -1 -1 -1 -1000 -1000 -1000 -10 0.0009703636169433594
Car -1 -1 -10 61.0 136.0 249.0 255.0 -1 -1 -1 -1000 -1000 -1000 -10 0.0009565353393554688
Car -1 -1 -10 0.0 186.0 14.0 253.0 -1 -1 -1 -1000 -1000 -1000 -10 0.0008845329284667969
Car -1 -1 -10 615.0 157.0 733.0 213.0 -1 -1 -1 -1000 -1000 -1000 -10 0.0008592605590820312
Pedestrian -1 -1 -10 879.0 152.0 994.0 282.0 -1 -1 -1 -1000 -1000 -1000 -10 0.0008487701416015625
Car -1 -1 -10 615.0 162.0 734.0 221.0 -1 -1 -1 -1000 -1000 -1000 -10 0.0008444786071777344
Car -1 -1 -10 0.0 230.0 41.0 370.0 -1 -1 -1 -1000 -1000 -1000 -10 0.0007963180541992188
Car -1 -1 -10 0.0 209.0 35.0 362.0 -1 -1 -1 -1000 -1000 -1000 -10 0.0007882118225097656
Car -1 -1 -10 0.0 189.0 19.0 291.0 -1 -1 -1 -1000 -1000 -1000 -10 0.0007758140563964844
Car -1 -1 -10 0.0 183.0 24.0 244.0 -1 -1 -1 -1000 -1000 -1000 -10 0.0006880760192871094
Car -1 -1 -10 0.0 184.0 20.0 238.0 -1 -1 -1 -1000 -1000 -1000 -10 0.0006551742553710938
Car -1 -1 -10 653.0 177.0 702.0 198.0 -1 -1 -1 -1000 -1000 -1000 -10 0.0006279945373535156
Car -1 -1 -10 498.0 180.0 546.0 207.0 -1 -1 -1 -1000 -1000 -1000 -10 0.0006074905395507812
Car -1 -1 -10 314.0 178.0 358.0 218.0 -1 -1 -1 -1000 -1000 -1000 -10 0.0006022453308105469
Pedestrian -1 -1 -10 920.0 162.0 975.0 277.0 -1 -1 -1 -1000 -1000 -1000 -10 0.000598907470703125
Car -1 -1 -10 211.0 195.0 346.0 324.0 -1 -1 -1 -1000 -1000 -1000 -10 0.000568389892578125
Car -1 -1 -10 69.0 131.0 244.0 235.0 -1 -1 -1 -1000 -1000 -1000 -10 0.0005598068237304688
Car -1 -1 -10 0.0 194.0 13.0 244.0 -1 -1 -1 -1000 -1000 -1000 -10 0.0005469322204589844
Car -1 -1 -10 0.0 177.0 24.0 234.0 -1 -1 -1 -1000 -1000 -1000 -10 0.0005326271057128906
Car -1 -1 -10 0.0 176.0 24.0 252.0 -1 -1 -1 -1000 -1000 -1000 -10 0.0005316734313964844
Car -1 -1 -10 486.0 176.0 567.0 209.0 -1 -1 -1 -1000 -1000 -1000 -10 0.0005278587341308594
Pedestrian -1 -1 -10 900.0 153.0 1010.0 282.0 -1 -1 -1 -1000 -1000 -1000 -10 0.0005273818969726562
Car -1 -1 -10 580.0 131.0 773.0 273.0 -1 -1 -1 -1000 -1000 -1000 -10 0.0005145072937011719
Car -1 -1 -10 487.0 177.0 580.0 211.0 -1 -1 -1 -1000 -1000 -1000 -10 0.0004987716674804688
Car -1 -1 -10 0.0 167.0 24.0 241.0 -1 -1 -1 -1000 -1000 -1000 -10 0.0004534721374511719
Car -1 -1 -10 228.0 142.0 431.0 275.0 -1 -1 -1 -1000 -1000 -1000 -10 0.00042629241943359375
Car -1 -1 -10 0.0 173.0 22.0 231.0 -1 -1 -1 -1000 -1000 -1000 -10 0.0004150867462158203
Car -1 -1 -10 0.0 186.0 25.0 296.0 -1 -1 -1 -1000 -1000 -1000 -10 0.00041365623474121094
Car -1 -1 -10 0.0 167.0 13.0 222.0 -1 -1 -1 -1000 -1000 -1000 -10 0.0003936290740966797
Car -1 -1 -10 245.0 136.0 436.0 247.0 -1 -1 -1 -1000 -1000 -1000 -10 0.0003845691680908203
Car -1 -1 -10 0.0 193.0 14.0 268.0 -1 -1 -1 -1000 -1000 -1000 -10 0.00037288665771484375
Car -1 -1 -10 0.0 219.0 46.0 368.0 -1 -1 -1 -1000 -1000 -1000 -10 0.0003688335418701172
Car -1 -1 -10 428.0 130.0 615.0 273.0 -1 -1 -1 -1000 -1000 -1000 -10 0.0003685951232910156
Car -1 -1 -10 505.0 178.0 554.0 203.0 -1 -1 -1 -1000 -1000 -1000 -10 0.0003485679626464844
Car -1 -1 -10 584.0 114.0 767.0 237.0 -1 -1 -1 -1000 -1000 -1000 -10 0.00031757354736328125
Car -1 -1 -10 137.0 161.0 183.0 214.0 -1 -1 -1 -1000 -1000 -1000 -10 0.00030517578125
Car -1 -1 -10 0.0 225.0 64.0 368.0 -1 -1 -1 -1000 -1000 -1000 -10 0.0003025531768798828
Car -1 -1 -10 0.0 188.0 20.0 250.0 -1 -1 -1 -1000 -1000 -1000 -10 0.0002906322479248047
Car -1 -1 -10 0.0 173.0 12.0 216.0 -1 -1 -1 -1000 -1000 -1000 -10 0.0002810955047607422
Car -1 -1 -10 341.0 180.0 416.0 211.0 -1 -1 -1 -1000 -1000 -1000 -10 0.00027489662170410156
Car -1 -1 -10 0.0 195.0 33.0 331.0 -1 -1 -1 -1000 -1000 -1000 -10 0.0002684593200683594
Car -1 -1 -10 436.0 123.0 610.0 239.0 -1 -1 -1 -1000 -1000 -1000 -10 0.0002675056457519531
Car -1 -1 -10 1.0 165.0 39.0 230.0 -1 -1 -1 -1000 -1000 -1000 -10 0.0002567768096923828
Car -1 -1 -10 0.0 208.0 25.0 322.0 -1 -1 -1 -1000 -1000 -1000 -10 0.00023257732391357422
Car -1 -1 -10 0.0 215.0 17.0 333.0 -1 -1 -1 -1000 -1000 -1000 -10 0.00022530555725097656
Car -1 -1 -10 131.0 162.0 174.0 213.0 -1 -1 -1 -1000 -1000 -1000 -10 0.0002225637435913086
Car -1 -1 -10 475.0 182.0 578.0 215.0 -1 -1 -1 -1000 -1000 -1000 -10 0.00022161006927490234
Car -1 -1 -10 0.0 193.0 14.0 291.0 -1 -1 -1 -1000 -1000 -1000 -10 0.00021159648895263672
Car -1 -1 -10 80.0 165.0 231.0 222.0 -1 -1 -1 -1000 -1000 -1000 -10 0.00020945072174072266
Car -1 -1 -10 1.0 181.0 31.0 251.0 -1 -1 -1 -1000 -1000 -1000 -10 0.0002027750015258789
Car -1 -1 -10 1.0 162.0 26.0 220.0 -1 -1 -1 -1000 -1000 -1000 -10 0.0001977682113647461
Pedestrian -1 -1 -10 924.0 167.0 982.0 277.0 -1 -1 -1 -1000 -1000 -1000 -10 0.0001901388168334961
Car -1 -1 -10 633.0 173.0 715.0 204.0 -1 -1 -1 -1000 -1000 -1000 -10 0.00018274784088134766
Car -1 -1 -10 0.0 199.0 16.0 308.0 -1 -1 -1 -1000 -1000 -1000 -10 0.00018072128295898438
Car -1 -1 -10 0.0 150.0 20.0 224.0 -1 -1 -1 -1000 -1000 -1000 -10 0.00017940998077392578
Car -1 -1 -10 1.0 193.0 20.0 244.0 -1 -1 -1 -1000 -1000 -1000 -10 0.00017786026000976562
Car -1 -1 -10 1.0 248.0 28.0 375.0 -1 -1 -1 -1000 -1000 -1000 -10 0.0001684427261352539
Car -1 -1 -10 0.0 157.0 40.0 238.0 -1 -1 -1 -1000 -1000 -1000 -10 0.0001666545867919922
Pedestrian -1 -1 -10 918.0 163.0 988.0 279.0 -1 -1 -1 -1000 -1000 -1000 -10 0.0001621246337890625
Car -1 -1 -10 0.0 196.0 22.0 268.0 -1 -1 -1 -1000 -1000 -1000 -10 0.0001533031463623047
Car -1 -1 -10 0.0 232.0 18.0 358.0 -1 -1 -1 -1000 -1000 -1000 -10 0.0001283884048461914
Car -1 -1 -10 289.0 180.0 410.0 227.0 -1 -1 -1 -1000 -1000 -1000 -10 0.00012612342834472656
Car -1 -1 -10 0.0 203.0 13.0 257.0 -1 -1 -1 -1000 -1000 -1000 -10 0.00012409687042236328
Car -1 -1 -10 0.0 174.0 35.0 258.0 -1 -1 -1 -1000 -1000 -1000 -10 0.0001226663589477539
Car -1 -1 -10 1.0 153.0 33.0 215.0 -1 -1 -1 -1000 -1000 -1000 -10 0.00011706352233886719
Car -1 -1 -10 0.0 195.0 23.0 289.0 -1 -1 -1 -1000 -1000 -1000 -10 0.00011217594146728516
Pedestrian -1 -1 -10 826.0 0.0 897.0 1.0 -1 -1 -1 -1000 -1000 -1000 -10 0.0001112222671508789
Car -1 -1 -10 286.0 175.0 410.0 217.0 -1 -1 -1 -1000 -1000 -1000 -10 0.00010710954666137695
Pedestrian -1 -1 -10 806.0 0.0 868.0 0.0 -1 -1 -1 -1000 -1000 -1000 -10 0.00010538101196289062
Car -1 -1 -10 0.0 199.0 41.0 324.0 -1 -1 -1 -1000 -1000 -1000 -10 0.00010401010513305664
Car -1 -1 -10 0.0 231.0 25.0 341.0 -1 -1 -1 -1000 -1000 -1000 -10 0.00010353326797485352
Car -1 -1 -10 143.0 162.0 186.0 211.0 -1 -1 -1 -1000 -1000 -1000 -10 0.0001023411750793457
