Car -1 -1 -10 569.0 184.0 640.0 252.0 -1 -1 -1 -1000 -1000 -1000 -10 0.9755859375
Car -1 -1 -10 217.0 167.0 404.0 277.0 -1 -1 -1 -1000 -1000 -1000 -10 0.96044921875
Car -1 -1 -10 414.0 189.0 455.0 211.0 -1 -1 -1 -1000 -1000 -1000 -10 0.939453125
Car -1 -1 -10 627.0 179.0 666.0 195.0 -1 -1 -1 -1000 -1000 -1000 -10 0.88330078125
Car -1 -1 -10 475.0 186.0 497.0 201.0 -1 -1 -1 -1000 -1000 -1000 -10 0.88037109375
Pedestrian -1 -1 -10 1132.0 167.0 1148.0 216.0 -1 -1 -1 -1000 -1000 -1000 -10 0.87939453125
Pedestrian -1 -1 -10 1078.0 166.0 1119.0 257.0 -1 -1 -1 -1000 -1000 -1000 -10 0.869140625
Pedestrian -1 -1 -10 1062.0 169.0 1094.0 251.0 -1 -1 -1 -1000 -1000 -1000 -10 0.75927734375
Pedestrian -1 -1 -10 1066.0 168.0 1098.0 251.0 -1 -1 -1 -1000 -1000 -1000 -10 0.68212890625
Pedestrian -1 -1 -10 1070.0 166.0 1115.0 257.0 -1 -1 -1 -1000 -1000 -1000 -10 0.1614990234375
Car -1 -1 -10 476.0 184.0 500.0 201.0 -1 -1 -1 -1000 -1000 -1000 -10 0.10003662109375
Pedestrian -1 -1 -10 1085.0 165.0 1122.0 254.0 -1 -1 -1 -1000 -1000 -1000 -10 0.0631103515625
Pedestrian -1 -1 -10 1089.0 165.0 1122.0 247.0 -1 -1 -1 -1000 -1000 -1000 -10 0.032135009765625
Pedestrian -1 -1 -10 1074.0 164.0 1117.0 250.0 -1 -1 -1 -1000 -1000 -1000 -10 0.0281982421875
Pedestrian -1 -1 -10 1067.0 168.0 1086.0 225.0 -1 -1 -1 -1000 -1000 -1000 -10 0.026275634765625
Pedestrian -1 -1 -10 1054.0 174.0 1085.0 250.0 -1 -1 -1 -1000 -1000 -1000 -10 0.021759033203125
Pedestrian -1 -1 -10 1065.0 176.0 1092.0 242.0 -1 -1 -1 -1000 -1000 -1000 -10 0.0171661376953125
Pedestrian -1 -1 -10 1130.0 166.0 1149.0 218.0 -1 -1 -1 -1000 -1000 -1000 -10 0.0125579833984375
Pedestrian -1 -1 -10 1067.0 175.0 1094.0 253.0 -1 -1 -1 -1000 -1000 -1000 -10 0.00850677490234375
Pedestrian -1 -1 -10 1234.0 152.0 1242.0 214.0 -1 -1 -1 -1000 -1000 -1000 -10 0.0067901611328125
Car -1 -1 -10 638.0 178.0 670.0 195.0 -1 -1 -1 -1000 -1000 -1000 -10 0.006511688232421875
Car -1 -1 -10 413.0 187.0 455.0 208.0 -1 -1 -1 -1000 -1000 -1000 -10 0.005496978759765625
Pedestrian -1 -1 -10 1236.0 157.0 1242.0 207.0 -1 -1 -1 -1000 -1000 -1000 -10 0.005382537841796875
Pedestrian -1 -1 -10 1053.0 171.0 1095.0 254.0 -1 -1 -1 -1000 -1000 -1000 -10 0.005313873291015625
Pedestrian -1 -1 -10 1131.0 168.0 1146.0 218.0 -1 -1 -1 -1000 -1000 -1000 -10 0.004901885986328125
Pedestrian -1 -1 -10 1234.0 172.0 1242.0 277.0 -1 -1 -1 -1000 -1000 -1000 -10 0.00420379638671875
Pedestrian -1 -1 -10 1232.0 174.0 1242.0 292.0 -1 -1 -1 -1000 -1000 -1000 -10 0.00399017333984375
Pedestrian -1 -1 -10 1071.0 166.0 1125.0 255.0 -1 -1 -1 -1000 -1000 -1000 -10 0.00388336181640625
Pedestrian -1 -1 -10 1067.0 166.0 1089.0 223.0 -1 -1 -1 -1000 -1000 -1000 -10 0.0031528472900390625
Pedestrian -1 -1 -10 1076.0 177.0 1115.0 243.0 -1 -1 -1 -1000 -1000 -1000 -10 0.00295257568359375
Pedestrian -1 -1 -10 1080.0 177.0 1119.0 243.0 -1 -1 -1 -1000 -1000 -1000 -10 0.0029449462890625
Pedestrian -1 -1 -10 1236.0 153.0 1242.0 200.0 -1 -1 -1 -1000 -1000 -1000 -10 0.0023708343505859375
Pedestrian -1 -1 -10 1060.0 167.0 1122.0 256.0 -1 -1 -1 -1000 -1000 -1000 -10 0.0020809173583984375
Pedestrian -1 -1 -10 1061.0 176.0 1089.0 253.0 -1 -1 -1 -1000 -1000 -1000 -10 0.0016345977783203125
Pedestrian -1 -1 -10 1090.0 173.0 1121.0 238.0 -1 -1 -1 -1000 -1000 -1000 -10 0.0009860992431640625
Pedestrian -1 -1 -10 1227.0 168.0 1242.0 341.0 -1 -1 -1 -1000 -1000 -1000 -10 0.0009264945983886719
Pedestrian -1 -1 -10 1069.0 167.0 1086.0 214.0 -1 -1 -1 -1000 -1000 -1000 -10 0.00091552734375
Pedestrian -1 -1 -10 1226.0 177.0 1242.0 371.0 -1 -1 -1 -1000 -1000 -1000 -10 0.0008702278137207031
Pedestrian -1 -1 -10 1047.0 176.0 1079.0 250.0 -1 -1 -1 -1000 -1000 -1000 -10 0.0008587837219238281
Pedestrian -1 -1 -10 1229.0 172.0 1242.0 296.0 -1 -1 -1 -1000 -1000 -1000 -10 0.0008454322814941406
Car -1 -1 -10 411.0 184.0 456.0 217.0 -1 -1 -1 -1000 -1000 -1000 -10 0.0006709098815917969
Pedestrian -1 -1 -10 1067.0 168.0 1084.0 213.0 -1 -1 -1 -1000 -1000 -1000 -10 0.0006222724914550781
Car -1 -1 -10 484.0 184.0 506.0 200.0 -1 -1 -1 -1000 -1000 -1000 -10 0.0006036758422851562
Car -1 -1 -10 0.0 173.0 20.0 218.0 -1 -1 -1 -1000 -1000 -1000 -10 0.0005846023559570312
Car -1 -1 -10 545.0 170.0 659.0 262.0 -1 -1 -1 -1000 -1000 -1000 -10 0.0005278587341308594
Pedestrian -1 -1 -10 1233.0 153.0 1242.0 213.0 -1 -1 -1 -1000 -1000 -1000 -10 0.0004839897155761719
Pedestrian -1 -1 -10 1137.0 167.0 1151.0 216.0 -1 -1 -1 -1000 -1000 -1000 -10 0.0004591941833496094
Pedestrian -1 -1 -10 1223.0 171.0 1242.0 294.0 -1 -1 -1 -1000 -1000 -1000 -10 0.0004210472106933594
Pedestrian -1 -1 -10 1227.0 165.0 1241.0 272.0 -1 -1 -1 -1000 -1000 -1000 -10 0.0003750324249267578
Pedestrian -1 -1 -10 1050.0 164.0 1093.0 243.0 -1 -1 -1 -1000 -1000 -1000 -10 0.00036215782165527344
Pedestrian -1 -1 -10 1086.0 176.0 1122.0 242.0 -1 -1 -1 -1000 -1000 -1000 -10 0.0003552436828613281
Car -1 -1 -10 474.0 182.0 500.0 211.0 -1 -1 -1 -1000 -1000 -1000 -10 0.0003521442413330078
Car -1 -1 -10 0.0 173.0 39.0 218.0 -1 -1 -1 -1000 -1000 -1000 -10 0.00033092498779296875
Pedestrian -1 -1 -10 1233.0 160.0 1242.0 241.0 -1 -1 -1 -1000 -1000 -1000 -10 0.0003249645233154297
Car -1 -1 -10 485.0 183.0 510.0 200.0 -1 -1 -1 -1000 -1000 -1000 -10 0.0003066062927246094
Car -1 -1 -10 618.0 178.0 651.0 193.0 -1 -1 -1 -1000 -1000 -1000 -10 0.0003056526184082031
Pedestrian -1 -1 -10 1219.0 169.0 1242.0 375.0 -1 -1 -1 -1000 -1000 -1000 -10 0.00030493736267089844
Car -1 -1 -10 238.0 169.0 390.0 275.0 -1 -1 -1 -1000 -1000 -1000 -10 0.00029397010803222656
Car -1 -1 -10 501.0 187.0 518.0 203.0 -1 -1 -1 -1000 -1000 -1000 -10 0.000293731689453125
Car -1 -1 -10 1.0 172.0 29.0 211.0 -1 -1 -1 -1000 -1000 -1000 -10 0.0002880096435546875
Pedestrian -1 -1 -10 1231.0 181.0 1242.0 285.0 -1 -1 -1 -1000 -1000 -1000 -10 0.0002856254577636719
Pedestrian -1 -1 -10 1221.0 164.0 1242.0 347.0 -1 -1 -1 -1000 -1000 -1000 -10 0.0002703666687011719
Car -1 -1 -10 0.0 174.0 13.0 224.0 -1 -1 -1 -1000 -1000 -1000 -10 0.0002701282501220703
Car -1 -1 -10 0.0 179.0 17.0 242.0 -1 -1 -1 -1000 -1000 -1000 -10 0.00026988983154296875
Car -1 -1 -10 0.0 175.0 28.0 216.0 -1 -1 -1 -1000 -1000 -1000 -10 0.00026726722717285156
Car -1 -1 -10 560.0 171.0 668.0 264.0 -1 -1 -1 -1000 -1000 -1000 -10 0.00025582313537597656
Pedestrian -1 -1 -10 1234.0 191.0 1242.0 253.0 -1 -1 -1 -1000 -1000 -1000 -10 0.00024771690368652344
Car -1 -1 -10 1.0 170.0 43.0 212.0 -1 -1 -1 -1000 -1000 -1000 -10 0.0002460479736328125
Car -1 -1 -10 257.0 0.0 311.0 44.0 -1 -1 -1 -1000 -1000 -1000 -10 0.00023865699768066406
Car -1 -1 -10 0.0 175.0 13.0 211.0 -1 -1 -1 -1000 -1000 -1000 -10 0.00021922588348388672
Car -1 -1 -10 626.0 176.0 670.0 207.0 -1 -1 -1 -1000 -1000 -1000 -10 0.00021731853485107422
Car -1 -1 -10 637.0 179.0 673.0 197.0 -1 -1 -1 -1000 -1000 -1000 -10 0.000213623046875
Pedestrian -1 -1 -10 1095.0 167.0 1125.0 249.0 -1 -1 -1 -1000 -1000 -1000 -10 0.00020802021026611328
Car -1 -1 -10 0.0 163.0 20.0 211.0 -1 -1 -1 -1000 -1000 -1000 -10 0.0002053976058959961
Car -1 -1 -10 0.0 178.0 12.0 219.0 -1 -1 -1 -1000 -1000 -1000 -10 0.00020503997802734375
Car -1 -1 -10 627.0 177.0 667.0 197.0 -1 -1 -1 -1000 -1000 -1000 -10 0.00020384788513183594
Pedestrian -1 -1 -10 1023.0 149.0 1173.0 281.0 -1 -1 -1 -1000 -1000 -1000 -10 0.0001964569091796875
Pedestrian -1 -1 -10 1128.0 167.0 1148.0 217.0 -1 -1 -1 -1000 -1000 -1000 -10 0.00019299983978271484
Car -1 -1 -10 626.0 174.0 670.0 201.0 -1 -1 -1 -1000 -1000 -1000 -10 0.0001895427703857422
Car -1 -1 -10 0.0 178.0 11.0 245.0 -1 -1 -1 -1000 -1000 -1000 -10 0.00018906593322753906
Pedestrian -1 -1 -10 1229.0 155.0 1242.0 232.0 -1 -1 -1 -1000 -1000 -1000 -10 0.00018775463104248047
Pedestrian -1 -1 -10 1232.0 192.0 1242.0 311.0 -1 -1 -1 -1000 -1000 -1000 -10 0.00018703937530517578
Car -1 -1 -10 0.0 174.0 16.0 212.0 -1 -1 -1 -1000 -1000 -1000 -10 0.0001817941665649414
Pedestrian -1 -1 -10 1110.0 167.0 1127.0 219.0 -1 -1 -1 -1000 -1000 -1000 -10 0.00017774105072021484
Car -1 -1 -10 221.0 173.0 377.0 278.0 -1 -1 -1 -1000 -1000 -1000 -10 0.00017523765563964844
Pedestrian -1 -1 -10 1052.0 179.0 1082.0 251.0 -1 -1 -1 -1000 -1000 -1000 -10 0.0001659393310546875
Pedestrian -1 -1 -10 1225.0 207.0 1242.0 375.0 -1 -1 -1 -1000 -1000 -1000 -10 0.00016415119171142578
Pedestrian -1 -1 -10 1234.0 137.0 1242.0 199.0 -1 -1 -1 -1000 -1000 -1000 -10 0.00016129016876220703
Pedestrian -1 -1 -10 1085.0 170.0 1115.0 230.0 -1 -1 -1 -1000 -1000 -1000 -10 0.00015997886657714844
Pedestrian -1 -1 -10 1235.0 144.0 1241.0 189.0 -1 -1 -1 -1000 -1000 -1000 -10 0.00014603137969970703
Car -1 -1 -10 0.0 184.0 11.0 258.0 -1 -1 -1 -1000 -1000 -1000 -10 0.00014102458953857422
Pedestrian -1 -1 -10 1210.0 177.0 1242.0 375.0 -1 -1 -1 -1000 -1000 -1000 -10 0.0001354217529296875
Car -1 -1 -10 222.0 166.0 418.0 292.0 -1 -1 -1 -1000 -1000 -1000 -10 0.00012552738189697266
Pedestrian -1 -1 -10 1232.0 211.0 1242.0 335.0 -1 -1 -1 -1000 -1000 -1000 -10 0.00012421607971191406
Pedestrian -1 -1 -10 1234.0 173.0 1241.0 226.0 -1 -1 -1 -1000 -1000 -1000 -10 0.00012099742889404297
Pedestrian -1 -1 -10 1235.0 183.0 1241.0 239.0 -1 -1 -1 -1000 -1000 -1000 -10 0.00012040138244628906
Car -1 -1 -10 0.0 168.0 30.0 226.0 -1 -1 -1 -1000 -1000 -1000 -10 0.0001195073127746582
Car -1 -1 -10 0.0 186.0 10.0 235.0 -1 -1 -1 -1000 -1000 -1000 -10 0.00011926889419555664
Pedestrian -1 -1 -10 1231.0 220.0 1242.0 346.0 -1 -1 -1 -1000 -1000 -1000 -10 0.00011795759201049805
Car -1 -1 -10 0.0 166.0 43.0 228.0 -1 -1 -1 -1000 -1000 -1000 -10 0.00011473894119262695
Pedestrian -1 -1 -10 1220.0 166.0 1239.0 277.0 -1 -1 -1 -1000 -1000 -1000 -10 0.00011283159255981445
Car -1 -1 -10 495.0 188.0 514.0 203.0 -1 -1 -1 -1000 -1000 -1000 -10 0.0001119375228881836
Car -1 -1 -10 1.0 167.0 31.0 206.0 -1 -1 -1 -1000 -1000 -1000 -10 0.00010699033737182617
Car -1 -1 -10 488.0 182.0 508.0 198.0 -1 -1 -1 -1000 -1000 -1000 -10 0.00010603666305541992
Car -1 -1 -10 473.0 178.0 502.0 208.0 -1 -1 -1 -1000 -1000 -1000 -10 0.00010228157043457031
Car -1 -1 -10 0.0 181.0 14.0 242.0 -1 -1 -1 -1000 -1000 -1000 -10 0.00010204315185546875
