Car -1 -1 -10 145.0 191.0 368.0 307.0 -1 -1 -1 -1000 -1000 -1000 -10 0.96435546875
Car -1 -1 -10 357.0 175.0 550.0 310.0 -1 -1 -1 -1000 -1000 -1000 -10 0.96435546875
Car -1 -1 -10 892.0 180.0 1122.0 373.0 -1 -1 -1 -1000 -1000 -1000 -10 0.96044921875
Car -1 -1 -10 891.0 173.0 1076.0 280.0 -1 -1 -1 -1000 -1000 -1000 -10 0.92333984375
Car -1 -1 -10 910.0 175.0 1058.0 277.0 -1 -1 -1 -1000 -1000 -1000 -10 0.0838623046875
Car -1 -1 -10 922.0 177.0 1087.0 273.0 -1 -1 -1 -1000 -1000 -1000 -10 0.0545654296875
Car -1 -1 -10 906.0 174.0 1072.0 265.0 -1 -1 -1 -1000 -1000 -1000 -10 0.03009033203125
Car -1 -1 -10 893.0 177.0 1107.0 348.0 -1 -1 -1 -1000 -1000 -1000 -10 0.005062103271484375
Car -1 -1 -10 886.0 172.0 1043.0 274.0 -1 -1 -1 -1000 -1000 -1000 -10 0.003536224365234375
Car -1 -1 -10 193.0 194.0 321.0 299.0 -1 -1 -1 -1000 -1000 -1000 -10 0.0008459091186523438
Car -1 -1 -10 939.0 184.0 1072.0 364.0 -1 -1 -1 -1000 -1000 -1000 -10 0.0007781982421875
Car -1 -1 -10 921.0 182.0 1095.0 286.0 -1 -1 -1 -1000 -1000 -1000 -10 0.0005373954772949219
Car -1 -1 -10 901.0 187.0 1062.0 292.0 -1 -1 -1 -1000 -1000 -1000 -10 0.0004382133483886719
Car -1 -1 -10 889.0 189.0 1035.0 289.0 -1 -1 -1 -1000 -1000 -1000 -10 0.0002734661102294922
Car -1 -1 -10 376.0 175.0 525.0 306.0 -1 -1 -1 -1000 -1000 -1000 -10 0.00024962425231933594
Car -1 -1 -10 879.0 165.0 1060.0 287.0 -1 -1 -1 -1000 -1000 -1000 -10 0.00018906593322753906
