Car -1 -1 -10 28.0 180.0 231.0 244.0 -1 -1 -1 -1000 -1000 -1000 -10 0.95166015625
Car -1 -1 -10 378.0 175.0 504.0 221.0 -1 -1 -1 -1000 -1000 -1000 -10 0.94970703125
Car -1 -1 -10 328.0 170.0 398.0 203.0 -1 -1 -1 -1000 -1000 -1000 -10 0.92919921875
Car -1 -1 -10 558.0 167.0 594.0 196.0 -1 -1 -1 -1000 -1000 -1000 -10 0.84912109375
Car -1 -1 -10 553.0 168.0 579.0 188.0 -1 -1 -1 -1000 -1000 -1000 -10 0.73876953125
Car -1 -1 -10 555.0 168.0 587.0 192.0 -1 -1 -1 -1000 -1000 -1000 -10 0.576171875
Car -1 -1 -10 569.0 168.0 597.0 190.0 -1 -1 -1 -1000 -1000 -1000 -10 0.23974609375
Car -1 -1 -10 561.0 167.0 597.0 193.0 -1 -1 -1 -1000 -1000 -1000 -10 0.11785888671875
Car -1 -1 -10 556.0 166.0 581.0 186.0 -1 -1 -1 -1000 -1000 -1000 -10 0.09515380859375
Car -1 -1 -10 575.0 169.0 598.0 188.0 -1 -1 -1 -1000 -1000 -1000 -10 0.01201629638671875
Car -1 -1 -10 575.0 168.0 600.0 186.0 -1 -1 -1 -1000 -1000 -1000 -10 0.0082244873046875
Car -1 -1 -10 565.0 165.0 592.0 185.0 -1 -1 -1 -1000 -1000 -1000 -10 0.007598876953125
Car -1 -1 -10 551.0 169.0 573.0 187.0 -1 -1 -1 -1000 -1000 -1000 -10 0.00536346435546875
Car -1 -1 -10 575.0 167.0 605.0 189.0 -1 -1 -1 -1000 -1000 -1000 -10 0.00292205810546875
Car -1 -1 -10 0.0 225.0 49.0 371.0 -1 -1 -1 -1000 -1000 -1000 -10 0.0023937225341796875
Car -1 -1 -10 0.0 226.0 31.0 369.0 -1 -1 -1 -1000 -1000 -1000 -10 0.0022068023681640625
Car -1 -1 -10 0.0 192.0 23.0 288.0 -1 -1 -1 -1000 -1000 -1000 -10 0.001903533935546875
Car -1 -1 -10 417.0 178.0 461.0 215.0 -1 -1 -1 -1000 -1000 -1000 -10 0.0017900466918945312
Car -1 -1 -10 0.0 205.0 27.0 362.0 -1 -1 -1 -1000 -1000 -1000 -10 0.0016460418701171875
Car -1 -1 -10 0.0 195.0 24.0 305.0 -1 -1 -1 -1000 -1000 -1000 -10 0.0016326904296875
Car -1 -1 -10 0.0 194.0 28.0 291.0 -1 -1 -1 -1000 -1000 -1000 -10 0.0014781951904296875
Car -1 -1 -10 1.0 214.0 55.0 374.0 -1 -1 -1 -1000 -1000 -1000 -10 0.0013208389282226562
Car -1 -1 -10 18.0 168.0 244.0 267.0 -1 -1 -1 -1000 -1000 -1000 -10 0.001201629638671875
Car -1 -1 -10 58.0 181.0 203.0 241.0 -1 -1 -1 -1000 -1000 -1000 -10 0.0009851455688476562
Car -1 -1 -10 0.0 216.0 66.0 369.0 -1 -1 -1 -1000 -1000 -1000 -10 0.0009694099426269531
Car -1 -1 -10 0.0 195.0 17.0 292.0 -1 -1 -1 -1000 -1000 -1000 -10 0.0009694099426269531
Car -1 -1 -10 0.0 179.0 22.0 269.0 -1 -1 -1 -1000 -1000 -1000 -10 0.0009312629699707031
Pedestrian -1 -1 -10 572.0 0.0 592.0 1.0 -1 -1 -1 -1000 -1000 -1000 -10 0.0009250640869140625
Car -1 -1 -10 552.0 167.0 571.0 186.0 -1 -1 -1 -1000 -1000 -1000 -10 0.0008740425109863281
Car -1 -1 -10 556.0 164.0 594.0 199.0 -1 -1 -1 -1000 -1000 -1000 -10 0.0008378028869628906
Car -1 -1 -10 583.0 167.0 606.0 185.0 -1 -1 -1 -1000 -1000 -1000 -10 0.0007557868957519531
Car -1 -1 -10 583.0 170.0 606.0 188.0 -1 -1 -1 -1000 -1000 -1000 -10 0.0007357597351074219
Car -1 -1 -10 321.0 153.0 401.0 211.0 -1 -1 -1 -1000 -1000 -1000 -10 0.0006380081176757812
Car -1 -1 -10 605.0 169.0 630.0 186.0 -1 -1 -1 -1000 -1000 -1000 -10 0.0006060600280761719
Car -1 -1 -10 0.0 176.0 26.0 272.0 -1 -1 -1 -1000 -1000 -1000 -10 0.0005936622619628906
Car -1 -1 -10 373.0 165.0 506.0 230.0 -1 -1 -1 -1000 -1000 -1000 -10 0.0005822181701660156
Car -1 -1 -10 0.0 186.0 17.0 282.0 -1 -1 -1 -1000 -1000 -1000 -10 0.0005664825439453125
Car -1 -1 -10 319.0 158.0 403.0 219.0 -1 -1 -1 -1000 -1000 -1000 -10 0.0005559921264648438
Car -1 -1 -10 0.0 190.0 45.0 327.0 -1 -1 -1 -1000 -1000 -1000 -10 0.00047326087951660156
Car -1 -1 -10 1212.0 165.0 1238.0 356.0 -1 -1 -1 -1000 -1000 -1000 -10 0.0004620552062988281
Car -1 -1 -10 330.0 165.0 395.0 198.0 -1 -1 -1 -1000 -1000 -1000 -10 0.00044798851013183594
Car -1 -1 -10 0.0 245.0 59.0 374.0 -1 -1 -1 -1000 -1000 -1000 -10 0.00044655799865722656
Car -1 -1 -10 340.0 132.0 536.0 271.0 -1 -1 -1 -1000 -1000 -1000 -10 0.00043845176696777344
Car -1 -1 -10 1208.0 155.0 1238.0 366.0 -1 -1 -1 -1000 -1000 -1000 -10 0.00042939186096191406
Car -1 -1 -10 0.0 224.0 90.0 372.0 -1 -1 -1 -1000 -1000 -1000 -10 0.0004165172576904297
Car -1 -1 -10 0.0 166.0 20.0 231.0 -1 -1 -1 -1000 -1000 -1000 -10 0.00041365623474121094
Pedestrian -1 -1 -10 560.0 0.0 585.0 0.0 -1 -1 -1 -1000 -1000 -1000 -10 0.0003955364227294922
Car -1 -1 -10 350.0 134.0 528.0 242.0 -1 -1 -1 -1000 -1000 -1000 -10 0.00038886070251464844
Pedestrian -1 -1 -10 619.0 0.0 644.0 0.0 -1 -1 -1 -1000 -1000 -1000 -10 0.0003724098205566406
Car -1 -1 -10 0.0 245.0 34.0 374.0 -1 -1 -1 -1000 -1000 -1000 -10 0.000354766845703125
Car -1 -1 -10 606.0 168.0 633.0 185.0 -1 -1 -1 -1000 -1000 -1000 -10 0.0003521442413330078
Car -1 -1 -10 30.0 175.0 150.0 216.0 -1 -1 -1 -1000 -1000 -1000 -10 0.0003361701965332031
Car -1 -1 -10 602.0 167.0 634.0 186.0 -1 -1 -1 -1000 -1000 -1000 -10 0.000324249267578125
Car -1 -1 -10 262.0 128.0 447.0 271.0 -1 -1 -1 -1000 -1000 -1000 -10 0.00029778480529785156
Car -1 -1 -10 0.0 195.0 37.0 314.0 -1 -1 -1 -1000 -1000 -1000 -10 0.000293731689453125
Car -1 -1 -10 270.0 112.0 439.0 236.0 -1 -1 -1 -1000 -1000 -1000 -10 0.00027680397033691406
Car -1 -1 -10 401.0 176.0 480.0 217.0 -1 -1 -1 -1000 -1000 -1000 -10 0.00027108192443847656
Car -1 -1 -10 0.0 169.0 25.0 213.0 -1 -1 -1 -1000 -1000 -1000 -10 0.00025582313537597656
Car -1 -1 -10 553.0 173.0 576.0 191.0 -1 -1 -1 -1000 -1000 -1000 -10 0.00024437904357910156
Car -1 -1 -10 1.0 237.0 74.0 372.0 -1 -1 -1 -1000 -1000 -1000 -10 0.00024330615997314453
Pedestrian -1 -1 -10 569.0 0.0 595.0 2.0 -1 -1 -1 -1000 -1000 -1000 -10 0.00023448467254638672
Car -1 -1 -10 25.0 178.0 141.0 226.0 -1 -1 -1 -1000 -1000 -1000 -10 0.00023114681243896484
Pedestrian -1 -1 -10 581.0 0.0 606.0 2.0 -1 -1 -1 -1000 -1000 -1000 -10 0.00022590160369873047
Car -1 -1 -10 299.0 114.0 454.0 236.0 -1 -1 -1 -1000 -1000 -1000 -10 0.00022137165069580078
Car -1 -1 -10 1199.0 150.0 1238.0 370.0 -1 -1 -1 -1000 -1000 -1000 -10 0.00020968914031982422
Car -1 -1 -10 0.0 212.0 16.0 308.0 -1 -1 -1 -1000 -1000 -1000 -10 0.000202178955078125
Car -1 -1 -10 0.0 169.0 26.0 229.0 -1 -1 -1 -1000 -1000 -1000 -10 0.00019931793212890625
Car -1 -1 -10 0.0 200.0 94.0 374.0 -1 -1 -1 -1000 -1000 -1000 -10 0.00019919872283935547
Car -1 -1 -10 49.0 178.0 230.0 236.0 -1 -1 -1 -1000 -1000 -1000 -10 0.00019729137420654297
Car -1 -1 -10 0.0 184.0 26.0 261.0 -1 -1 -1 -1000 -1000 -1000 -10 0.00019669532775878906
Car -1 -1 -10 0.0 193.0 42.0 291.0 -1 -1 -1 -1000 -1000 -1000 -10 0.00019621849060058594
Car -1 -1 -10 0.0 181.0 15.0 266.0 -1 -1 -1 -1000 -1000 -1000 -10 0.00019299983978271484
Car -1 -1 -10 0.0 164.0 13.0 219.0 -1 -1 -1 -1000 -1000 -1000 -10 0.00018644332885742188
Car -1 -1 -10 551.0 164.0 579.0 194.0 -1 -1 -1 -1000 -1000 -1000 -10 0.0001850128173828125
Pedestrian -1 -1 -10 952.0 0.0 976.0 3.0 -1 -1 -1 -1000 -1000 -1000 -10 0.00018155574798583984
Pedestrian -1 -1 -10 939.0 0.0 964.0 3.0 -1 -1 -1 -1000 -1000 -1000 -10 0.00017726421356201172
Car -1 -1 -10 0.0 169.0 13.0 233.0 -1 -1 -1 -1000 -1000 -1000 -10 0.0001697540283203125
Car -1 -1 -10 42.0 177.0 180.0 217.0 -1 -1 -1 -1000 -1000 -1000 -10 0.0001691579818725586
Car -1 -1 -10 0.0 157.0 17.0 217.0 -1 -1 -1 -1000 -1000 -1000 -10 0.0001691579818725586
Car -1 -1 -10 0.0 160.0 26.0 240.0 -1 -1 -1 -1000 -1000 -1000 -10 0.00016582012176513672
Car -1 -1 -10 0.0 180.0 38.0 254.0 -1 -1 -1 -1000 -1000 -1000 -10 0.00016546249389648438
Car -1 -1 -10 53.0 186.0 220.0 244.0 -1 -1 -1 -1000 -1000 -1000 -10 0.00016546249389648438
Car -1 -1 -10 1191.0 155.0 1238.0 363.0 -1 -1 -1 -1000 -1000 -1000 -10 0.0001646280288696289
Car -1 -1 -10 0.0 222.0 15.0 342.0 -1 -1 -1 -1000 -1000 -1000 -10 0.00016105175018310547
Car -1 -1 -10 0.0 193.0 52.0 334.0 -1 -1 -1 -1000 -1000 -1000 -10 0.00015854835510253906
Car -1 -1 -10 0.0 171.0 43.0 221.0 -1 -1 -1 -1000 -1000 -1000 -10 0.00015425682067871094
Car -1 -1 -10 30.0 185.0 234.0 252.0 -1 -1 -1 -1000 -1000 -1000 -10 0.0001518726348876953
Car -1 -1 -10 0.0 213.0 25.0 307.0 -1 -1 -1 -1000 -1000 -1000 -10 0.00014460086822509766
Car -1 -1 -10 0.0 179.0 42.0 258.0 -1 -1 -1 -1000 -1000 -1000 -10 0.0001436471939086914
Car -1 -1 -10 0.0 169.0 11.0 213.0 -1 -1 -1 -1000 -1000 -1000 -10 0.00014281272888183594
Car -1 -1 -10 0.0 176.0 14.0 248.0 -1 -1 -1 -1000 -1000 -1000 -10 0.00013840198516845703
Car -1 -1 -10 338.0 171.0 389.0 200.0 -1 -1 -1 -1000 -1000 -1000 -10 0.0001367330551147461
Car -1 -1 -10 0.0 162.0 24.0 207.0 -1 -1 -1 -1000 -1000 -1000 -10 0.0001354217529296875
Car -1 -1 -10 31.0 172.0 163.0 223.0 -1 -1 -1 -1000 -1000 -1000 -10 0.00013518333435058594
Car -1 -1 -10 375.0 180.0 506.0 225.0 -1 -1 -1 -1000 -1000 -1000 -10 0.00013113021850585938
Car -1 -1 -10 0.0 166.0 15.0 217.0 -1 -1 -1 -1000 -1000 -1000 -10 0.0001285076141357422
Car -1 -1 -10 24.0 176.0 136.0 218.0 -1 -1 -1 -1000 -1000 -1000 -10 0.00012791156768798828
Pedestrian -1 -1 -10 948.0 0.0 981.0 3.0 -1 -1 -1 -1000 -1000 -1000 -10 0.00012743473052978516
Car -1 -1 -10 0.0 158.0 12.0 208.0 -1 -1 -1 -1000 -1000 -1000 -10 0.0001271963119506836
Pedestrian -1 -1 -10 936.0 0.0 968.0 4.0 -1 -1 -1 -1000 -1000 -1000 -10 0.0001232624053955078
Pedestrian -1 -1 -10 616.0 0.0 647.0 0.0 -1 -1 -1 -1000 -1000 -1000 -10 0.00012290477752685547
Car -1 -1 -10 32.0 173.0 146.0 207.0 -1 -1 -1 -1000 -1000 -1000 -10 0.00011914968490600586
Pedestrian -1 -1 -10 556.0 0.0 589.0 1.0 -1 -1 -1 -1000 -1000 -1000 -10 0.00011444091796875
Car -1 -1 -10 322.0 161.0 421.0 224.0 -1 -1 -1 -1000 -1000 -1000 -10 0.0001137852668762207
Car -1 -1 -10 980.0 2.0 1237.0 82.0 -1 -1 -1 -1000 -1000 -1000 -10 0.00011366605758666992
Car -1 -1 -10 1.0 175.0 25.0 224.0 -1 -1 -1 -1000 -1000 -1000 -10 0.00011277198791503906
Car -1 -1 -10 1.0 180.0 25.0 241.0 -1 -1 -1 -1000 -1000 -1000 -10 0.00010776519775390625
Car -1 -1 -10 0.0 240.0 16.0 366.0 -1 -1 -1 -1000 -1000 -1000 -10 0.00010210275650024414
Car -1 -1 -10 0.0 176.0 12.0 225.0 -1 -1 -1 -1000 -1000 -1000 -10 0.00010192394256591797
