Car -1 -1 -10 99.0 161.0 389.0 326.0 -1 -1 -1 -1000 -1000 -1000 -10 0.970703125
Car -1 -1 -10 473.0 153.0 533.0 211.0 -1 -1 -1 -1000 -1000 -1000 -10 0.962890625
Car -1 -1 -10 571.0 172.0 625.0 219.0 -1 -1 -1 -1000 -1000 -1000 -10 0.962890625
Car -1 -1 -10 410.0 181.0 487.0 231.0 -1 -1 -1 -1000 -1000 -1000 -10 0.96142578125
Car -1 -1 -10 0.0 188.0 124.0 267.0 -1 -1 -1 -1000 -1000 -1000 -10 0.93505859375
Car -1 -1 -10 269.0 180.0 371.0 235.0 -1 -1 -1 -1000 -1000 -1000 -10 0.91015625
Car -1 -1 -10 518.0 174.0 550.0 202.0 -1 -1 -1 -1000 -1000 -1000 -10 0.9052734375
Car -1 -1 -10 0.0 188.0 53.0 331.0 -1 -1 -1 -1000 -1000 -1000 -10 0.88916015625
Car -1 -1 -10 158.0 181.0 266.0 233.0 -1 -1 -1 -1000 -1000 -1000 -10 0.83984375
Car -1 -1 -10 168.0 179.0 277.0 229.0 -1 -1 -1 -1000 -1000 -1000 -10 0.31494140625
Car -1 -1 -10 141.0 184.0 253.0 231.0 -1 -1 -1 -1000 -1000 -1000 -10 0.30908203125
Car -1 -1 -10 159.0 177.0 267.0 225.0 -1 -1 -1 -1000 -1000 -1000 -10 0.29248046875
Car -1 -1 -10 276.0 180.0 371.0 225.0 -1 -1 -1 -1000 -1000 -1000 -10 0.08905029296875
Car -1 -1 -10 177.0 180.0 287.0 234.0 -1 -1 -1 -1000 -1000 -1000 -10 0.0787353515625
Car -1 -1 -10 1.0 201.0 54.0 314.0 -1 -1 -1 -1000 -1000 -1000 -10 0.0673828125
Car -1 -1 -10 142.0 177.0 338.0 270.0 -1 -1 -1 -1000 -1000 -1000 -10 0.043670654296875
Car -1 -1 -10 116.0 182.0 237.0 235.0 -1 -1 -1 -1000 -1000 -1000 -10 0.04022216796875
Car -1 -1 -10 232.0 181.0 331.0 230.0 -1 -1 -1 -1000 -1000 -1000 -10 0.027099609375
Car -1 -1 -10 516.0 179.0 545.0 203.0 -1 -1 -1 -1000 -1000 -1000 -10 0.0158538818359375
Car -1 -1 -10 0.0 183.0 46.0 317.0 -1 -1 -1 -1000 -1000 -1000 -10 0.0133514404296875
Car -1 -1 -10 229.0 182.0 337.0 237.0 -1 -1 -1 -1000 -1000 -1000 -10 0.01068878173828125
Car -1 -1 -10 150.0 177.0 271.0 242.0 -1 -1 -1 -1000 -1000 -1000 -10 0.007083892822265625
Car -1 -1 -10 1.0 188.0 66.0 335.0 -1 -1 -1 -1000 -1000 -1000 -10 0.005970001220703125
Car -1 -1 -10 0.0 184.0 128.0 296.0 -1 -1 -1 -1000 -1000 -1000 -10 0.00505828857421875
Car -1 -1 -10 169.0 181.0 251.0 227.0 -1 -1 -1 -1000 -1000 -1000 -10 0.004955291748046875
Car -1 -1 -10 100.0 185.0 212.0 239.0 -1 -1 -1 -1000 -1000 -1000 -10 0.004131317138671875
Car -1 -1 -10 0.0 186.0 49.0 290.0 -1 -1 -1 -1000 -1000 -1000 -10 0.004070281982421875
Car -1 -1 -10 120.0 178.0 263.0 248.0 -1 -1 -1 -1000 -1000 -1000 -10 0.0037174224853515625
Car -1 -1 -10 159.0 173.0 272.0 235.0 -1 -1 -1 -1000 -1000 -1000 -10 0.003444671630859375
Car -1 -1 -10 4.0 197.0 56.0 303.0 -1 -1 -1 -1000 -1000 -1000 -10 0.003345489501953125
Car -1 -1 -10 259.0 178.0 375.0 243.0 -1 -1 -1 -1000 -1000 -1000 -10 0.003223419189453125
Car -1 -1 -10 162.0 181.0 242.0 232.0 -1 -1 -1 -1000 -1000 -1000 -10 0.0030460357666015625
Car -1 -1 -10 190.0 181.0 270.0 233.0 -1 -1 -1 -1000 -1000 -1000 -10 0.002971649169921875
Car -1 -1 -10 181.0 181.0 260.0 232.0 -1 -1 -1 -1000 -1000 -1000 -10 0.002513885498046875
Car -1 -1 -10 193.0 182.0 306.0 236.0 -1 -1 -1 -1000 -1000 -1000 -10 0.0024394989013671875
Car -1 -1 -10 187.0 182.0 326.0 238.0 -1 -1 -1 -1000 -1000 -1000 -10 0.0023899078369140625
Car -1 -1 -10 205.0 183.0 320.0 235.0 -1 -1 -1 -1000 -1000 -1000 -10 0.0023479461669921875
Car -1 -1 -10 243.0 183.0 352.0 238.0 -1 -1 -1 -1000 -1000 -1000 -10 0.002223968505859375
Car -1 -1 -10 183.0 168.0 298.0 310.0 -1 -1 -1 -1000 -1000 -1000 -10 0.00209808349609375
Car -1 -1 -10 0.0 213.0 53.0 342.0 -1 -1 -1 -1000 -1000 -1000 -10 0.001953125
Car -1 -1 -10 279.0 181.0 361.0 232.0 -1 -1 -1 -1000 -1000 -1000 -10 0.0019140243530273438
Car -1 -1 -10 264.0 184.0 369.0 245.0 -1 -1 -1 -1000 -1000 -1000 -10 0.001880645751953125
Car -1 -1 -10 172.0 177.0 254.0 223.0 -1 -1 -1 -1000 -1000 -1000 -10 0.0017566680908203125
Car -1 -1 -10 1.0 186.0 58.0 273.0 -1 -1 -1 -1000 -1000 -1000 -10 0.001667022705078125
Car -1 -1 -10 0.0 179.0 29.0 272.0 -1 -1 -1 -1000 -1000 -1000 -10 0.0016651153564453125
Car -1 -1 -10 206.0 183.0 308.0 228.0 -1 -1 -1 -1000 -1000 -1000 -10 0.0016002655029296875
Car -1 -1 -10 110.0 187.0 228.0 234.0 -1 -1 -1 -1000 -1000 -1000 -10 0.0014781951904296875
Car -1 -1 -10 0.0 183.0 81.0 336.0 -1 -1 -1 -1000 -1000 -1000 -10 0.001453399658203125
Car -1 -1 -10 0.0 179.0 129.0 275.0 -1 -1 -1 -1000 -1000 -1000 -10 0.0013561248779296875
Car -1 -1 -10 153.0 182.0 234.0 233.0 -1 -1 -1 -1000 -1000 -1000 -10 0.001331329345703125
Car -1 -1 -10 516.0 173.0 547.0 200.0 -1 -1 -1 -1000 -1000 -1000 -10 0.0013036727905273438
Car -1 -1 -10 0.0 183.0 41.0 298.0 -1 -1 -1 -1000 -1000 -1000 -10 0.0012826919555664062
Car -1 -1 -10 480.0 158.0 536.0 210.0 -1 -1 -1 -1000 -1000 -1000 -10 0.0011949539184570312
Car -1 -1 -10 227.0 183.0 320.0 228.0 -1 -1 -1 -1000 -1000 -1000 -10 0.0011129379272460938
Car -1 -1 -10 236.0 180.0 329.0 224.0 -1 -1 -1 -1000 -1000 -1000 -10 0.001068115234375
Car -1 -1 -10 475.0 151.0 532.0 203.0 -1 -1 -1 -1000 -1000 -1000 -10 0.0010347366333007812
Car -1 -1 -10 98.0 188.0 224.0 242.0 -1 -1 -1 -1000 -1000 -1000 -10 0.0009288787841796875
Car -1 -1 -10 568.0 160.0 627.0 222.0 -1 -1 -1 -1000 -1000 -1000 -10 0.0008869171142578125
Car -1 -1 -10 153.0 184.0 273.0 250.0 -1 -1 -1 -1000 -1000 -1000 -10 0.0008673667907714844
Car -1 -1 -10 514.0 188.0 539.0 206.0 -1 -1 -1 -1000 -1000 -1000 -10 0.0008387565612792969
Car -1 -1 -10 199.0 182.0 279.0 235.0 -1 -1 -1 -1000 -1000 -1000 -10 0.0008382797241210938
Car -1 -1 -10 185.0 181.0 292.0 223.0 -1 -1 -1 -1000 -1000 -1000 -10 0.0007143020629882812
Car -1 -1 -10 221.0 183.0 349.0 252.0 -1 -1 -1 -1000 -1000 -1000 -10 0.0006504058837890625
Car -1 -1 -10 0.0 186.0 31.0 260.0 -1 -1 -1 -1000 -1000 -1000 -10 0.0006303787231445312
Car -1 -1 -10 509.0 171.0 545.0 207.0 -1 -1 -1 -1000 -1000 -1000 -10 0.0006089210510253906
Car -1 -1 -10 519.0 182.0 547.0 204.0 -1 -1 -1 -1000 -1000 -1000 -10 0.0006079673767089844
Car -1 -1 -10 239.0 146.0 418.0 278.0 -1 -1 -1 -1000 -1000 -1000 -10 0.0006060600280761719
Car -1 -1 -10 0.0 183.0 28.0 252.0 -1 -1 -1 -1000 -1000 -1000 -10 0.0005903244018554688
Car -1 -1 -10 405.0 174.0 491.0 237.0 -1 -1 -1 -1000 -1000 -1000 -10 0.0005846023559570312
Car -1 -1 -10 243.0 182.0 323.0 236.0 -1 -1 -1 -1000 -1000 -1000 -10 0.0005807876586914062
Car -1 -1 -10 132.0 184.0 257.0 248.0 -1 -1 -1 -1000 -1000 -1000 -10 0.0005788803100585938
Car -1 -1 -10 0.0 188.0 46.0 266.0 -1 -1 -1 -1000 -1000 -1000 -10 0.0005497932434082031
Car -1 -1 -10 516.0 172.0 550.0 207.0 -1 -1 -1 -1000 -1000 -1000 -10 0.000518798828125
Car -1 -1 -10 0.0 189.0 18.0 320.0 -1 -1 -1 -1000 -1000 -1000 -10 0.0004601478576660156
Car -1 -1 -10 184.0 182.0 286.0 255.0 -1 -1 -1 -1000 -1000 -1000 -10 0.0004475116729736328
Car -1 -1 -10 431.0 125.0 593.0 257.0 -1 -1 -1 -1000 -1000 -1000 -10 0.0004153251647949219
Car -1 -1 -10 141.0 183.0 252.0 223.0 -1 -1 -1 -1000 -1000 -1000 -10 0.0004138946533203125
Car -1 -1 -10 0.0 197.0 16.0 329.0 -1 -1 -1 -1000 -1000 -1000 -10 0.00040531158447265625
Car -1 -1 -10 234.0 185.0 358.0 247.0 -1 -1 -1 -1000 -1000 -1000 -10 0.00036716461181640625
Car -1 -1 -10 0.0 180.0 14.0 251.0 -1 -1 -1 -1000 -1000 -1000 -10 0.0003628730773925781
Car -1 -1 -10 97.0 149.0 302.0 281.0 -1 -1 -1 -1000 -1000 -1000 -10 0.0003483295440673828
Car -1 -1 -10 517.0 126.0 679.0 241.0 -1 -1 -1 -1000 -1000 -1000 -10 0.000347137451171875
Car -1 -1 -10 1.0 219.0 41.0 361.0 -1 -1 -1 -1000 -1000 -1000 -10 0.00033283233642578125
Car -1 -1 -10 0.0 224.0 48.0 336.0 -1 -1 -1 -1000 -1000 -1000 -10 0.00029540061950683594
Car -1 -1 -10 196.0 181.0 278.0 227.0 -1 -1 -1 -1000 -1000 -1000 -10 0.0002925395965576172
Car -1 -1 -10 510.0 132.0 685.0 273.0 -1 -1 -1 -1000 -1000 -1000 -10 0.0002887248992919922
Car -1 -1 -10 436.0 116.0 588.0 239.0 -1 -1 -1 -1000 -1000 -1000 -10 0.00027489662170410156
Car -1 -1 -10 133.0 146.0 304.0 255.0 -1 -1 -1 -1000 -1000 -1000 -10 0.00026798248291015625
Car -1 -1 -10 497.0 138.0 672.0 265.0 -1 -1 -1 -1000 -1000 -1000 -10 0.00026726722717285156
Car -1 -1 -10 0.0 171.0 22.0 248.0 -1 -1 -1 -1000 -1000 -1000 -10 0.0002605915069580078
Car -1 -1 -10 0.0 224.0 50.0 290.0 -1 -1 -1 -1000 -1000 -1000 -10 0.0002605915069580078
Car -1 -1 -10 210.0 182.0 289.0 234.0 -1 -1 -1 -1000 -1000 -1000 -10 0.0002574920654296875
Car -1 -1 -10 236.0 153.0 397.0 257.0 -1 -1 -1 -1000 -1000 -1000 -10 0.0002498626708984375
Car -1 -1 -10 1.0 233.0 51.0 361.0 -1 -1 -1 -1000 -1000 -1000 -10 0.0002493858337402344
Car -1 -1 -10 98.0 181.0 248.0 250.0 -1 -1 -1 -1000 -1000 -1000 -10 0.0002446174621582031
Car -1 -1 -10 577.0 171.0 624.0 214.0 -1 -1 -1 -1000 -1000 -1000 -10 0.00024187564849853516
Car -1 -1 -10 409.0 171.0 504.0 236.0 -1 -1 -1 -1000 -1000 -1000 -10 0.00023806095123291016
Car -1 -1 -10 368.0 146.0 519.0 254.0 -1 -1 -1 -1000 -1000 -1000 -10 0.00023698806762695312
Car -1 -1 -10 3.0 211.0 54.0 326.0 -1 -1 -1 -1000 -1000 -1000 -10 0.00022649765014648438
Car -1 -1 -10 4.0 200.0 123.0 270.0 -1 -1 -1 -1000 -1000 -1000 -10 0.00021791458129882812
Car -1 -1 -10 0.0 246.0 32.0 376.0 -1 -1 -1 -1000 -1000 -1000 -10 0.00020754337310791016
Car -1 -1 -10 86.0 186.0 209.0 244.0 -1 -1 -1 -1000 -1000 -1000 -10 0.00020301342010498047
Car -1 -1 -10 411.0 120.0 565.0 241.0 -1 -1 -1 -1000 -1000 -1000 -10 0.00019681453704833984
Car -1 -1 -10 199.0 184.0 267.0 254.0 -1 -1 -1 -1000 -1000 -1000 -10 0.00019633769989013672
Car -1 -1 -10 292.0 183.0 342.0 225.0 -1 -1 -1 -1000 -1000 -1000 -10 0.00018990039825439453
Car -1 -1 -10 353.0 138.0 529.0 276.0 -1 -1 -1 -1000 -1000 -1000 -10 0.00018799304962158203
Car -1 -1 -10 191.0 181.0 294.0 262.0 -1 -1 -1 -1000 -1000 -1000 -10 0.00018143653869628906
Car -1 -1 -10 0.0 185.0 16.0 260.0 -1 -1 -1 -1000 -1000 -1000 -10 0.0001811981201171875
Car -1 -1 -10 0.0 174.0 14.0 242.0 -1 -1 -1 -1000 -1000 -1000 -10 0.00018072128295898438
Car -1 -1 -10 573.0 173.0 612.0 213.0 -1 -1 -1 -1000 -1000 -1000 -10 0.00018072128295898438
Car -1 -1 -10 0.0 170.0 27.0 250.0 -1 -1 -1 -1000 -1000 -1000 -10 0.0001741647720336914
Car -1 -1 -10 0.0 187.0 12.0 243.0 -1 -1 -1 -1000 -1000 -1000 -10 0.00015854835510253906
Car -1 -1 -10 291.0 181.0 384.0 220.0 -1 -1 -1 -1000 -1000 -1000 -10 0.0001533031463623047
Car -1 -1 -10 0.0 185.0 40.0 252.0 -1 -1 -1 -1000 -1000 -1000 -10 0.00015306472778320312
Car -1 -1 -10 4.0 197.0 71.0 309.0 -1 -1 -1 -1000 -1000 -1000 -10 0.00015234947204589844
Car -1 -1 -10 358.0 180.0 416.0 208.0 -1 -1 -1 -1000 -1000 -1000 -10 0.00014889240264892578
Car -1 -1 -10 382.0 137.0 544.0 272.0 -1 -1 -1 -1000 -1000 -1000 -10 0.0001443624496459961
Car -1 -1 -10 361.0 181.0 411.0 205.0 -1 -1 -1 -1000 -1000 -1000 -10 0.0001399517059326172
Car -1 -1 -10 273.0 183.0 354.0 236.0 -1 -1 -1 -1000 -1000 -1000 -10 0.0001373291015625
Car -1 -1 -10 358.0 178.0 414.0 205.0 -1 -1 -1 -1000 -1000 -1000 -10 0.00013267993927001953
Car -1 -1 -10 0.0 206.0 13.0 336.0 -1 -1 -1 -1000 -1000 -1000 -10 0.00013077259063720703
Car -1 -1 -10 0.0 246.0 50.0 351.0 -1 -1 -1 -1000 -1000 -1000 -10 0.00012576580047607422
Car -1 -1 -10 0.0 177.0 29.0 242.0 -1 -1 -1 -1000 -1000 -1000 -10 0.00012552738189697266
Car -1 -1 -10 187.0 187.0 256.0 247.0 -1 -1 -1 -1000 -1000 -1000 -10 0.00012385845184326172
Car -1 -1 -10 224.0 183.0 303.0 234.0 -1 -1 -1 -1000 -1000 -1000 -10 0.00011336803436279297
Car -1 -1 -10 407.0 182.0 474.0 225.0 -1 -1 -1 -1000 -1000 -1000 -10 0.00011146068572998047
Car -1 -1 -10 0.0 173.0 43.0 243.0 -1 -1 -1 -1000 -1000 -1000 -10 0.00010627508163452148
Car -1 -1 -10 0.0 181.0 18.0 293.0 -1 -1 -1 -1000 -1000 -1000 -10 0.00010460615158081055
Car -1 -1 -10 0.0 225.0 15.0 344.0 -1 -1 -1 -1000 -1000 -1000 -10 0.0001035928726196289
