Car -1 -1 -10 0.0 0.0 342.0 367.0 -1 -1 -1 -1000 -1000 -1000 -10 0.96484375
Car -1 -1 -10 389.0 185.0 488.0 249.0 -1 -1 -1 -1000 -1000 -1000 -10 0.9560546875
Car -1 -1 -10 466.0 182.0 519.0 219.0 -1 -1 -1 -1000 -1000 -1000 -10 0.955078125
Car -1 -1 -10 576.0 177.0 609.0 207.0 -1 -1 -1 -1000 -1000 -1000 -10 0.9482421875
Car -1 -1 -10 345.0 186.0 417.0 223.0 -1 -1 -1 -1000 -1000 -1000 -10 0.9423828125
Car -1 -1 -10 240.0 178.0 360.0 242.0 -1 -1 -1 -1000 -1000 -1000 -10 0.92626953125
Car -1 -1 -10 314.0 170.0 382.0 210.0 -1 -1 -1 -1000 -1000 -1000 -10 0.92138671875
Car -1 -1 -10 493.0 182.0 531.0 208.0 -1 -1 -1 -1000 -1000 -1000 -10 0.72509765625
Car -1 -1 -10 314.0 172.0 396.0 219.0 -1 -1 -1 -1000 -1000 -1000 -10 0.62939453125
Car -1 -1 -10 328.0 181.0 414.0 218.0 -1 -1 -1 -1000 -1000 -1000 -10 0.58544921875
Car -1 -1 -10 487.0 180.0 529.0 211.0 -1 -1 -1 -1000 -1000 -1000 -10 0.07470703125
Car -1 -1 -10 250.0 175.0 361.0 235.0 -1 -1 -1 -1000 -1000 -1000 -10 0.035614013671875
Car -1 -1 -10 311.0 174.0 383.0 214.0 -1 -1 -1 -1000 -1000 -1000 -10 0.02313232421875
Car -1 -1 -10 396.0 181.0 449.0 212.0 -1 -1 -1 -1000 -1000 -1000 -10 0.016754150390625
Car -1 -1 -10 323.0 176.0 391.0 213.0 -1 -1 -1 -1000 -1000 -1000 -10 0.00836181640625
Car -1 -1 -10 223.0 180.0 365.0 246.0 -1 -1 -1 -1000 -1000 -1000 -10 0.005771636962890625
Car -1 -1 -10 395.0 184.0 484.0 241.0 -1 -1 -1 -1000 -1000 -1000 -10 0.005096435546875
Car -1 -1 -10 397.0 176.0 446.0 207.0 -1 -1 -1 -1000 -1000 -1000 -10 0.00270843505859375
Car -1 -1 -10 324.0 172.0 376.0 208.0 -1 -1 -1 -1000 -1000 -1000 -10 0.00225830078125
Car -1 -1 -10 330.0 181.0 390.0 210.0 -1 -1 -1 -1000 -1000 -1000 -10 0.00206756591796875
Car -1 -1 -10 347.0 179.0 441.0 244.0 -1 -1 -1 -1000 -1000 -1000 -10 0.0018291473388671875
Car -1 -1 -10 486.0 184.0 529.0 215.0 -1 -1 -1 -1000 -1000 -1000 -10 0.0016155242919921875
Car -1 -1 -10 242.0 173.0 355.0 231.0 -1 -1 -1 -1000 -1000 -1000 -10 0.00136566162109375
Car -1 -1 -10 225.0 162.0 374.0 264.0 -1 -1 -1 -1000 -1000 -1000 -10 0.00113677978515625
Car -1 -1 -10 393.0 183.0 454.0 221.0 -1 -1 -1 -1000 -1000 -1000 -10 0.0011034011840820312
Car -1 -1 -10 398.0 180.0 461.0 225.0 -1 -1 -1 -1000 -1000 -1000 -10 0.0008530616760253906
Car -1 -1 -10 307.0 172.0 398.0 236.0 -1 -1 -1 -1000 -1000 -1000 -10 0.0008463859558105469
Car -1 -1 -10 366.0 172.0 507.0 275.0 -1 -1 -1 -1000 -1000 -1000 -10 0.0007805824279785156
Car -1 -1 -10 464.0 169.0 529.0 233.0 -1 -1 -1 -1000 -1000 -1000 -10 0.00072479248046875
Car -1 -1 -10 414.0 187.0 464.0 239.0 -1 -1 -1 -1000 -1000 -1000 -10 0.0007128715515136719
Car -1 -1 -10 295.0 174.0 374.0 214.0 -1 -1 -1 -1000 -1000 -1000 -10 0.0005421638488769531
Car -1 -1 -10 306.0 179.0 377.0 210.0 -1 -1 -1 -1000 -1000 -1000 -10 0.0004239082336425781
Car -1 -1 -10 578.0 174.0 609.0 203.0 -1 -1 -1 -1000 -1000 -1000 -10 0.00041675567626953125
Car -1 -1 -10 402.0 176.0 452.0 207.0 -1 -1 -1 -1000 -1000 -1000 -10 0.00040721893310546875
Car -1 -1 -10 504.0 178.0 537.0 204.0 -1 -1 -1 -1000 -1000 -1000 -10 0.0003986358642578125
Car -1 -1 -10 340.0 174.0 420.0 229.0 -1 -1 -1 -1000 -1000 -1000 -10 0.000396728515625
Car -1 -1 -10 305.0 145.0 474.0 280.0 -1 -1 -1 -1000 -1000 -1000 -10 0.0003781318664550781
Car -1 -1 -10 307.0 156.0 389.0 220.0 -1 -1 -1 -1000 -1000 -1000 -10 0.0003619194030761719
Car -1 -1 -10 460.0 167.0 522.0 228.0 -1 -1 -1 -1000 -1000 -1000 -10 0.0003273487091064453
Car -1 -1 -10 226.0 176.0 356.0 254.0 -1 -1 -1 -1000 -1000 -1000 -10 0.0002913475036621094
Car -1 -1 -10 303.0 137.0 467.0 253.0 -1 -1 -1 -1000 -1000 -1000 -10 0.0002913475036621094
Car -1 -1 -10 256.0 115.0 440.0 248.0 -1 -1 -1 -1000 -1000 -1000 -10 0.00027108192443847656
Car -1 -1 -10 377.0 167.0 519.0 264.0 -1 -1 -1 -1000 -1000 -1000 -10 0.00026679039001464844
Car -1 -1 -10 393.0 181.0 439.0 210.0 -1 -1 -1 -1000 -1000 -1000 -10 0.0002663135528564453
Car -1 -1 -10 0.0 1.0 108.0 103.0 -1 -1 -1 -1000 -1000 -1000 -10 0.00023698806762695312
Car -1 -1 -10 250.0 143.0 443.0 277.0 -1 -1 -1 -1000 -1000 -1000 -10 0.00023365020751953125
Car -1 -1 -10 419.0 179.0 474.0 214.0 -1 -1 -1 -1000 -1000 -1000 -10 0.0002281665802001953
Car -1 -1 -10 387.0 183.0 442.0 214.0 -1 -1 -1 -1000 -1000 -1000 -10 0.0002155303955078125
Car -1 -1 -10 415.0 175.0 471.0 209.0 -1 -1 -1 -1000 -1000 -1000 -10 0.0002065896987915039
Car -1 -1 -10 408.0 179.0 466.0 213.0 -1 -1 -1 -1000 -1000 -1000 -10 0.00020110607147216797
Car -1 -1 -10 410.0 187.0 459.0 235.0 -1 -1 -1 -1000 -1000 -1000 -10 0.000179290771484375
Car -1 -1 -10 402.0 180.0 450.0 211.0 -1 -1 -1 -1000 -1000 -1000 -10 0.0001709461212158203
Car -1 -1 -10 427.0 135.0 586.0 276.0 -1 -1 -1 -1000 -1000 -1000 -10 0.00016963481903076172
Car -1 -1 -10 274.0 182.0 321.0 237.0 -1 -1 -1 -1000 -1000 -1000 -10 0.0001609325408935547
Car -1 -1 -10 574.0 173.0 610.0 209.0 -1 -1 -1 -1000 -1000 -1000 -10 0.0001575946807861328
Car -1 -1 -10 396.0 131.0 557.0 251.0 -1 -1 -1 -1000 -1000 -1000 -10 0.0001533031463623047
Car -1 -1 -10 515.0 177.0 543.0 202.0 -1 -1 -1 -1000 -1000 -1000 -10 0.00014984607696533203
Car -1 -1 -10 0.0 160.0 60.0 359.0 -1 -1 -1 -1000 -1000 -1000 -10 0.0001354217529296875
Car -1 -1 -10 0.0 199.0 31.0 364.0 -1 -1 -1 -1000 -1000 -1000 -10 0.00013375282287597656
Car -1 -1 -10 0.0 188.0 59.0 371.0 -1 -1 -1 -1000 -1000 -1000 -10 0.0001308917999267578
Car -1 -1 -10 408.0 182.0 483.0 227.0 -1 -1 -1 -1000 -1000 -1000 -10 0.00012302398681640625
Car -1 -1 -10 217.0 123.0 363.0 266.0 -1 -1 -1 -1000 -1000 -1000 -10 0.00012117624282836914
Car -1 -1 -10 382.0 188.0 481.0 255.0 -1 -1 -1 -1000 -1000 -1000 -10 0.00011926889419555664
Car -1 -1 -10 0.0 174.0 31.0 350.0 -1 -1 -1 -1000 -1000 -1000 -10 0.0001150369644165039
Car -1 -1 -10 571.0 176.0 601.0 204.0 -1 -1 -1 -1000 -1000 -1000 -10 0.00011497735977172852
Car -1 -1 -10 0.0 0.0 83.0 65.0 -1 -1 -1 -1000 -1000 -1000 -10 0.00011110305786132812
Car -1 -1 -10 337.0 183.0 408.0 229.0 -1 -1 -1 -1000 -1000 -1000 -10 0.0001093745231628418
Car -1 -1 -10 348.0 191.0 416.0 229.0 -1 -1 -1 -1000 -1000 -1000 -10 0.00010752677917480469
