Car -1 -1 -10 94.0 171.0 341.0 266.0 -1 -1 -1 -1000 -1000 -1000 -10 0.9658203125
Cyclist -1 -1 -10 919.0 154.0 968.0 226.0 -1 -1 -1 -1000 -1000 -1000 -10 0.94384765625
Car -1 -1 -10 397.0 177.0 481.0 211.0 -1 -1 -1 -1000 -1000 -1000 -10 0.94189453125
Cyclist -1 -1 -10 853.0 162.0 884.0 215.0 -1 -1 -1 -1000 -1000 -1000 -10 0.92138671875
Cyclist -1 -1 -10 827.0 164.0 853.0 206.0 -1 -1 -1 -1000 -1000 -1000 -10 0.89453125
Cyclist -1 -1 -10 846.0 161.0 884.0 215.0 -1 -1 -1 -1000 -1000 -1000 -10 0.53369140625
Cyclist -1 -1 -10 825.0 165.0 849.0 204.0 -1 -1 -1 -1000 -1000 -1000 -10 0.15625
Cyclist -1 -1 -10 817.0 165.0 839.0 202.0 -1 -1 -1 -1000 -1000 -1000 -10 0.0257568359375
Cyclist -1 -1 -10 823.0 162.0 848.0 201.0 -1 -1 -1 -1000 -1000 -1000 -10 0.0205230712890625
Car -1 -1 -10 910.0 59.0 934.0 76.0 -1 -1 -1 -1000 -1000 -1000 -10 0.00811004638671875
Car -1 -1 -10 909.0 57.0 937.0 78.0 -1 -1 -1 -1000 -1000 -1000 -10 0.0065460205078125
Car -1 -1 -10 907.0 59.0 937.0 76.0 -1 -1 -1 -1000 -1000 -1000 -10 0.0031795501708984375
Cyclist -1 -1 -10 814.0 167.0 837.0 201.0 -1 -1 -1 -1000 -1000 -1000 -10 0.0023040771484375
Cyclist -1 -1 -10 809.0 167.0 829.0 201.0 -1 -1 -1 -1000 -1000 -1000 -10 0.002288818359375
Cyclist -1 -1 -10 801.0 170.0 821.0 198.0 -1 -1 -1 -1000 -1000 -1000 -10 0.0014696121215820312
Cyclist -1 -1 -10 809.0 169.0 827.0 203.0 -1 -1 -1 -1000 -1000 -1000 -10 0.0012865066528320312
Cyclist -1 -1 -10 833.0 164.0 855.0 205.0 -1 -1 -1 -1000 -1000 -1000 -10 0.0012540817260742188
Cyclist -1 -1 -10 848.0 162.0 888.0 211.0 -1 -1 -1 -1000 -1000 -1000 -10 0.0012044906616210938
Cyclist -1 -1 -10 814.0 163.0 836.0 197.0 -1 -1 -1 -1000 -1000 -1000 -10 0.001094818115234375
Cyclist -1 -1 -10 917.0 154.0 962.0 220.0 -1 -1 -1 -1000 -1000 -1000 -10 0.0009746551513671875
Cyclist -1 -1 -10 876.0 64.0 899.0 92.0 -1 -1 -1 -1000 -1000 -1000 -10 0.0008134841918945312
Cyclist -1 -1 -10 811.0 166.0 832.0 204.0 -1 -1 -1 -1000 -1000 -1000 -10 0.0007991790771484375
Car -1 -1 -10 389.0 163.0 487.0 226.0 -1 -1 -1 -1000 -1000 -1000 -10 0.0007696151733398438
Cyclist -1 -1 -10 814.0 164.0 843.0 206.0 -1 -1 -1 -1000 -1000 -1000 -10 0.0007696151733398438
Cyclist -1 -1 -10 875.0 70.0 899.0 91.0 -1 -1 -1 -1000 -1000 -1000 -10 0.0007343292236328125
Car -1 -1 -10 158.0 174.0 276.0 257.0 -1 -1 -1 -1000 -1000 -1000 -10 0.0005984306335449219
Cyclist -1 -1 -10 875.0 137.0 994.0 236.0 -1 -1 -1 -1000 -1000 -1000 -10 0.000518798828125
Cyclist -1 -1 -10 855.0 168.0 885.0 218.0 -1 -1 -1 -1000 -1000 -1000 -10 0.0004470348358154297
Cyclist -1 -1 -10 873.0 60.0 900.0 87.0 -1 -1 -1 -1000 -1000 -1000 -10 0.00041556358337402344
Car -1 -1 -10 412.0 179.0 492.0 208.0 -1 -1 -1 -1000 -1000 -1000 -10 0.0003616809844970703
Cyclist -1 -1 -10 909.0 58.0 939.0 79.0 -1 -1 -1 -1000 -1000 -1000 -10 0.0003521442413330078
Cyclist -1 -1 -10 849.0 164.0 877.0 211.0 -1 -1 -1 -1000 -1000 -1000 -10 0.00033855438232421875
Car -1 -1 -10 421.0 178.0 496.0 205.0 -1 -1 -1 -1000 -1000 -1000 -10 0.0003376007080078125
Cyclist -1 -1 -10 876.0 61.0 898.0 86.0 -1 -1 -1 -1000 -1000 -1000 -10 0.0003268718719482422
Cyclist -1 -1 -10 853.0 162.0 881.0 200.0 -1 -1 -1 -1000 -1000 -1000 -10 0.00032591819763183594
Cyclist -1 -1 -10 902.0 141.0 1017.0 251.0 -1 -1 -1 -1000 -1000 -1000 -10 0.0003027915954589844
Cyclist -1 -1 -10 823.0 160.0 847.0 191.0 -1 -1 -1 -1000 -1000 -1000 -10 0.0003001689910888672
Car -1 -1 -10 347.0 120.0 523.0 240.0 -1 -1 -1 -1000 -1000 -1000 -10 0.0002727508544921875
Car -1 -1 -10 341.0 128.0 531.0 275.0 -1 -1 -1 -1000 -1000 -1000 -10 0.000263214111328125
Car -1 -1 -10 414.0 179.0 465.0 204.0 -1 -1 -1 -1000 -1000 -1000 -10 0.00026226043701171875
Cyclist -1 -1 -10 801.0 171.0 822.0 203.0 -1 -1 -1 -1000 -1000 -1000 -10 0.0002617835998535156
Car -1 -1 -10 0.0 219.0 24.0 370.0 -1 -1 -1 -1000 -1000 -1000 -10 0.0002313852310180664
Cyclist -1 -1 -10 798.0 169.0 823.0 198.0 -1 -1 -1 -1000 -1000 -1000 -10 0.00021445751190185547
Cyclist -1 -1 -10 814.0 158.0 837.0 191.0 -1 -1 -1 -1000 -1000 -1000 -10 0.00017261505126953125
Cyclist -1 -1 -10 806.0 165.0 825.0 195.0 -1 -1 -1 -1000 -1000 -1000 -10 0.0001703500747680664
Cyclist -1 -1 -10 872.0 66.0 897.0 89.0 -1 -1 -1 -1000 -1000 -1000 -10 0.000156402587890625
Car -1 -1 -10 1048.0 46.0 1067.0 59.0 -1 -1 -1 -1000 -1000 -1000 -10 0.0001552104949951172
Car -1 -1 -10 397.0 182.0 481.0 214.0 -1 -1 -1 -1000 -1000 -1000 -10 0.0001399517059326172
Cyclist -1 -1 -10 856.0 164.0 884.0 199.0 -1 -1 -1 -1000 -1000 -1000 -10 0.00013113021850585938
Car -1 -1 -10 200.0 7.0 261.0 59.0 -1 -1 -1 -1000 -1000 -1000 -10 0.00010788440704345703
