Pedestrian -1 -1 -10 440.0 158.0 485.0 280.0 -1 -1 -1 -1000 -1000 -1000 -10 0.9541015625
Pedestrian -1 -1 -10 389.0 148.0 437.0 283.0 -1 -1 -1 -1000 -1000 -1000 -10 0.92529296875
Pedestrian -1 -1 -10 533.0 155.0 582.0 295.0 -1 -1 -1 -1000 -1000 -1000 -10 0.91552734375
Cyclist -1 -1 -10 185.0 165.0 208.0 202.0 -1 -1 -1 -1000 -1000 -1000 -10 0.9072265625
Cyclist -1 -1 -10 1095.0 159.0 1148.0 202.0 -1 -1 -1 -1000 -1000 -1000 -10 0.88720703125
Pedestrian -1 -1 -10 878.0 161.0 889.0 198.0 -1 -1 -1 -1000 -1000 -1000 -10 0.87548828125
Pedestrian -1 -1 -10 861.0 159.0 873.0 200.0 -1 -1 -1 -1000 -1000 -1000 -10 0.8193359375
Pedestrian -1 -1 -10 862.0 160.0 875.0 197.0 -1 -1 -1 -1000 -1000 -1000 -10 0.54248046875
Pedestrian -1 -1 -10 876.0 161.0 891.0 197.0 -1 -1 -1 -1000 -1000 -1000 -10 0.298828125
Pedestrian -1 -1 -10 861.0 160.0 875.0 202.0 -1 -1 -1 -1000 -1000 -1000 -10 0.29638671875
Pedestrian -1 -1 -10 860.0 160.0 878.0 198.0 -1 -1 -1 -1000 -1000 -1000 -10 0.1590576171875
Cyclist -1 -1 -10 1090.0 162.0 1137.0 201.0 -1 -1 -1 -1000 -1000 -1000 -10 0.031005859375
Cyclist -1 -1 -10 1104.0 159.0 1152.0 202.0 -1 -1 -1 -1000 -1000 -1000 -10 0.0204315185546875
Pedestrian -1 -1 -10 437.0 159.0 477.0 274.0 -1 -1 -1 -1000 -1000 -1000 -10 0.018218994140625
Cyclist -1 -1 -10 188.0 164.0 211.0 201.0 -1 -1 -1 -1000 -1000 -1000 -10 0.01087188720703125
Cyclist -1 -1 -10 182.0 165.0 204.0 199.0 -1 -1 -1 -1000 -1000 -1000 -10 0.00914764404296875
Cyclist -1 -1 -10 1089.0 164.0 1133.0 204.0 -1 -1 -1 -1000 -1000 -1000 -10 0.00572967529296875
Cyclist -1 -1 -10 1207.0 160.0 1224.0 218.0 -1 -1 -1 -1000 -1000 -1000 -10 0.00554656982421875
Cyclist -1 -1 -10 1209.0 156.0 1224.0 276.0 -1 -1 -1 -1000 -1000 -1000 -10 0.00537109375
Cyclist -1 -1 -10 185.0 162.0 208.0 197.0 -1 -1 -1 -1000 -1000 -1000 -10 0.004177093505859375
Cyclist -1 -1 -10 0.0 150.0 18.0 320.0 -1 -1 -1 -1000 -1000 -1000 -10 0.00359344482421875
Cyclist -1 -1 -10 0.0 160.0 19.0 344.0 -1 -1 -1 -1000 -1000 -1000 -10 0.0034351348876953125
Cyclist -1 -1 -10 1092.0 150.0 1153.0 216.0 -1 -1 -1 -1000 -1000 -1000 -10 0.0033893585205078125
Cyclist -1 -1 -10 1211.0 167.0 1224.0 256.0 -1 -1 -1 -1000 -1000 -1000 -10 0.00334930419921875
Cyclist -1 -1 -10 1213.0 159.0 1224.0 207.0 -1 -1 -1 -1000 -1000 -1000 -10 0.003101348876953125
Cyclist -1 -1 -10 1212.0 164.0 1223.0 211.0 -1 -1 -1 -1000 -1000 -1000 -10 0.0030727386474609375
Cyclist -1 -1 -10 1098.0 153.0 1145.0 195.0 -1 -1 -1 -1000 -1000 -1000 -10 0.002777099609375
Pedestrian -1 -1 -10 877.0 158.0 890.0 189.0 -1 -1 -1 -1000 -1000 -1000 -10 0.0026302337646484375
Cyclist -1 -1 -10 1209.0 146.0 1224.0 313.0 -1 -1 -1 -1000 -1000 -1000 -10 0.0025959014892578125
Cyclist -1 -1 -10 0.0 155.0 23.0 349.0 -1 -1 -1 -1000 -1000 -1000 -10 0.0022525787353515625
Cyclist -1 -1 -10 0.0 148.0 16.0 292.0 -1 -1 -1 -1000 -1000 -1000 -10 0.0022296905517578125
Cyclist -1 -1 -10 1212.0 162.0 1223.0 231.0 -1 -1 -1 -1000 -1000 -1000 -10 0.0021724700927734375
Cyclist -1 -1 -10 1211.0 171.0 1224.0 287.0 -1 -1 -1 -1000 -1000 -1000 -10 0.0020122528076171875
Cyclist -1 -1 -10 1206.0 160.0 1224.0 205.0 -1 -1 -1 -1000 -1000 -1000 -10 0.0018863677978515625
Cyclist -1 -1 -10 1107.0 161.0 1160.0 207.0 -1 -1 -1 -1000 -1000 -1000 -10 0.0018434524536132812
Cyclist -1 -1 -10 1211.0 173.0 1223.0 250.0 -1 -1 -1 -1000 -1000 -1000 -10 0.0017061233520507812
Car -1 -1 -10 27.0 170.0 83.0 201.0 -1 -1 -1 -1000 -1000 -1000 -10 0.0016832351684570312
Pedestrian -1 -1 -10 863.0 157.0 876.0 191.0 -1 -1 -1 -1000 -1000 -1000 -10 0.0014429092407226562
Cyclist -1 -1 -10 1164.0 164.0 1218.0 210.0 -1 -1 -1 -1000 -1000 -1000 -10 0.0013713836669921875
Cyclist -1 -1 -10 0.0 158.0 28.0 355.0 -1 -1 -1 -1000 -1000 -1000 -10 0.0013332366943359375
Cyclist -1 -1 -10 1088.0 149.0 1151.0 209.0 -1 -1 -1 -1000 -1000 -1000 -10 0.0013246536254882812
Cyclist -1 -1 -10 1212.0 172.0 1223.0 220.0 -1 -1 -1 -1000 -1000 -1000 -10 0.00127410888671875
Cyclist -1 -1 -10 0.0 167.0 11.0 293.0 -1 -1 -1 -1000 -1000 -1000 -10 0.0011615753173828125
Cyclist -1 -1 -10 1212.0 183.0 1224.0 238.0 -1 -1 -1 -1000 -1000 -1000 -10 0.0011587142944335938
Cyclist -1 -1 -10 1211.0 166.0 1223.0 227.0 -1 -1 -1 -1000 -1000 -1000 -10 0.0011577606201171875
Cyclist -1 -1 -10 1099.0 151.0 1151.0 196.0 -1 -1 -1 -1000 -1000 -1000 -10 0.0011053085327148438
Cyclist -1 -1 -10 1207.0 145.0 1224.0 353.0 -1 -1 -1 -1000 -1000 -1000 -10 0.00106048583984375
Cyclist -1 -1 -10 1200.0 162.0 1224.0 216.0 -1 -1 -1 -1000 -1000 -1000 -10 0.0010271072387695312
Cyclist -1 -1 -10 0.0 152.0 27.0 323.0 -1 -1 -1 -1000 -1000 -1000 -10 0.001010894775390625
Pedestrian -1 -1 -10 489.0 145.0 616.0 301.0 -1 -1 -1 -1000 -1000 -1000 -10 0.0009217262268066406
Cyclist -1 -1 -10 0.0 160.0 10.0 280.0 -1 -1 -1 -1000 -1000 -1000 -10 0.00089263916015625
Cyclist -1 -1 -10 1193.0 163.0 1224.0 210.0 -1 -1 -1 -1000 -1000 -1000 -10 0.0008311271667480469
Pedestrian -1 -1 -10 855.0 159.0 866.0 199.0 -1 -1 -1 -1000 -1000 -1000 -10 0.0007977485656738281
Cyclist -1 -1 -10 1203.0 150.0 1224.0 283.0 -1 -1 -1 -1000 -1000 -1000 -10 0.0007967948913574219
Cyclist -1 -1 -10 1089.0 147.0 1162.0 212.0 -1 -1 -1 -1000 -1000 -1000 -10 0.0007853507995605469
Cyclist -1 -1 -10 0.0 144.0 21.0 295.0 -1 -1 -1 -1000 -1000 -1000 -10 0.0007839202880859375
Cyclist -1 -1 -10 1198.0 157.0 1224.0 226.0 -1 -1 -1 -1000 -1000 -1000 -10 0.0007686614990234375
Pedestrian -1 -1 -10 880.0 164.0 891.0 200.0 -1 -1 -1 -1000 -1000 -1000 -10 0.0007405281066894531
Cyclist -1 -1 -10 1211.0 190.0 1224.0 247.0 -1 -1 -1 -1000 -1000 -1000 -10 0.0007281303405761719
Cyclist -1 -1 -10 1202.0 131.0 1224.0 329.0 -1 -1 -1 -1000 -1000 -1000 -10 0.0006847381591796875
Pedestrian -1 -1 -10 538.0 165.0 583.0 299.0 -1 -1 -1 -1000 -1000 -1000 -10 0.000640869140625
Pedestrian -1 -1 -10 532.0 152.0 576.0 282.0 -1 -1 -1 -1000 -1000 -1000 -10 0.0006351470947265625
Cyclist -1 -1 -10 1202.0 164.0 1224.0 270.0 -1 -1 -1 -1000 -1000 -1000 -10 0.0006117820739746094
Cyclist -1 -1 -10 1145.0 165.0 1201.0 210.0 -1 -1 -1 -1000 -1000 -1000 -10 0.0005955696105957031
Pedestrian -1 -1 -10 857.0 159.0 877.0 202.0 -1 -1 -1 -1000 -1000 -1000 -10 0.0005950927734375
Car -1 -1 -10 23.0 167.0 86.0 202.0 -1 -1 -1 -1000 -1000 -1000 -10 0.0005946159362792969
Cyclist -1 -1 -10 1195.0 160.0 1223.0 206.0 -1 -1 -1 -1000 -1000 -1000 -10 0.0005936622619628906
Cyclist -1 -1 -10 0.0 180.0 24.0 360.0 -1 -1 -1 -1000 -1000 -1000 -10 0.0005650520324707031
Pedestrian -1 -1 -10 398.0 144.0 535.0 298.0 -1 -1 -1 -1000 -1000 -1000 -10 0.0005574226379394531
Pedestrian -1 -1 -10 513.0 149.0 625.0 299.0 -1 -1 -1 -1000 -1000 -1000 -10 0.0005550384521484375
Cyclist -1 -1 -10 1108.0 163.0 1150.0 204.0 -1 -1 -1 -1000 -1000 -1000 -10 0.0005507469177246094
Cyclist -1 -1 -10 1214.0 148.0 1223.0 195.0 -1 -1 -1 -1000 -1000 -1000 -10 0.00054931640625
Cyclist -1 -1 -10 0.0 173.0 30.0 370.0 -1 -1 -1 -1000 -1000 -1000 -10 0.0005207061767578125
Cyclist -1 -1 -10 0.0 153.0 10.0 265.0 -1 -1 -1 -1000 -1000 -1000 -10 0.0005159378051757812
Cyclist -1 -1 -10 1084.0 161.0 1127.0 202.0 -1 -1 -1 -1000 -1000 -1000 -10 0.0005021095275878906
Cyclist -1 -1 -10 1151.0 167.0 1198.0 210.0 -1 -1 -1 -1000 -1000 -1000 -10 0.0004930496215820312
Cyclist -1 -1 -10 1194.0 125.0 1224.0 340.0 -1 -1 -1 -1000 -1000 -1000 -10 0.0004925727844238281
Pedestrian -1 -1 -10 858.0 160.0 885.0 201.0 -1 -1 -1 -1000 -1000 -1000 -10 0.000484466552734375
Cyclist -1 -1 -10 0.0 183.0 12.0 312.0 -1 -1 -1 -1000 -1000 -1000 -10 0.00048422813415527344
Cyclist -1 -1 -10 1191.0 154.0 1224.0 269.0 -1 -1 -1 -1000 -1000 -1000 -10 0.00048351287841796875
Cyclist -1 -1 -10 1211.0 180.0 1223.0 278.0 -1 -1 -1 -1000 -1000 -1000 -10 0.0004787445068359375
Cyclist -1 -1 -10 1044.0 126.0 1201.0 260.0 -1 -1 -1 -1000 -1000 -1000 -10 0.0004725456237792969
Cyclist -1 -1 -10 1143.0 167.0 1188.0 211.0 -1 -1 -1 -1000 -1000 -1000 -10 0.00047087669372558594
Cyclist -1 -1 -10 1214.0 153.0 1223.0 189.0 -1 -1 -1 -1000 -1000 -1000 -10 0.0004696846008300781
Cyclist -1 -1 -10 1131.0 165.0 1177.0 210.0 -1 -1 -1 -1000 -1000 -1000 -10 0.0004405975341796875
Cyclist -1 -1 -10 1163.0 167.0 1207.0 209.0 -1 -1 -1 -1000 -1000 -1000 -10 0.0004367828369140625
Cyclist -1 -1 -10 0.0 150.0 9.0 251.0 -1 -1 -1 -1000 -1000 -1000 -10 0.0004138946533203125
Cyclist -1 -1 -10 1115.0 159.0 1162.0 204.0 -1 -1 -1 -1000 -1000 -1000 -10 0.00039768218994140625
Cyclist -1 -1 -10 1172.0 158.0 1217.0 205.0 -1 -1 -1 -1000 -1000 -1000 -10 0.0003936290740966797
Pedestrian -1 -1 -10 341.0 137.0 463.0 291.0 -1 -1 -1 -1000 -1000 -1000 -10 0.00039124488830566406
Cyclist -1 -1 -10 1040.0 111.0 1201.0 237.0 -1 -1 -1 -1000 -1000 -1000 -10 0.0003905296325683594
Cyclist -1 -1 -10 1198.0 160.0 1224.0 256.0 -1 -1 -1 -1000 -1000 -1000 -10 0.0003814697265625
Cyclist -1 -1 -10 1193.0 130.0 1224.0 370.0 -1 -1 -1 -1000 -1000 -1000 -10 0.00036025047302246094
Cyclist -1 -1 -10 1206.0 168.0 1224.0 370.0 -1 -1 -1 -1000 -1000 -1000 -10 0.00035572052001953125
Pedestrian -1 -1 -10 363.0 141.0 482.0 292.0 -1 -1 -1 -1000 -1000 -1000 -10 0.0003554821014404297
Cyclist -1 -1 -10 0.0 149.0 14.0 256.0 -1 -1 -1 -1000 -1000 -1000 -10 0.0003516674041748047
Pedestrian -1 -1 -10 383.0 153.0 430.0 285.0 -1 -1 -1 -1000 -1000 -1000 -10 0.0003452301025390625
Cyclist -1 -1 -10 0.0 203.0 12.0 334.0 -1 -1 -1 -1000 -1000 -1000 -10 0.0003299713134765625
Cyclist -1 -1 -10 1091.0 157.0 1136.0 196.0 -1 -1 -1 -1000 -1000 -1000 -10 0.0003299713134765625
Cyclist -1 -1 -10 1202.0 132.0 1224.0 368.0 -1 -1 -1 -1000 -1000 -1000 -10 0.0003216266632080078
Cyclist -1 -1 -10 182.0 164.0 205.0 194.0 -1 -1 -1 -1000 -1000 -1000 -10 0.0003135204315185547
Cyclist -1 -1 -10 0.0 169.0 18.0 292.0 -1 -1 -1 -1000 -1000 -1000 -10 0.0003027915954589844
Pedestrian -1 -1 -10 880.0 162.0 896.0 196.0 -1 -1 -1 -1000 -1000 -1000 -10 0.0002970695495605469
Pedestrian -1 -1 -10 855.0 162.0 869.0 203.0 -1 -1 -1 -1000 -1000 -1000 -10 0.0002951622009277344
Pedestrian -1 -1 -10 438.0 153.0 468.0 275.0 -1 -1 -1 -1000 -1000 -1000 -10 0.0002894401550292969
Cyclist -1 -1 -10 1086.0 170.0 1132.0 212.0 -1 -1 -1 -1000 -1000 -1000 -10 0.00028443336486816406
Cyclist -1 -1 -10 0.0 203.0 18.0 370.0 -1 -1 -1 -1000 -1000 -1000 -10 0.0002841949462890625
Pedestrian -1 -1 -10 530.0 161.0 583.0 277.0 -1 -1 -1 -1000 -1000 -1000 -10 0.00027060508728027344
Cyclist -1 -1 -10 1198.0 160.0 1224.0 204.0 -1 -1 -1 -1000 -1000 -1000 -10 0.00026917457580566406
Cyclist -1 -1 -10 1208.0 144.0 1224.0 184.0 -1 -1 -1 -1000 -1000 -1000 -10 0.00025844573974609375
Cyclist -1 -1 -10 1093.0 148.0 1146.0 190.0 -1 -1 -1 -1000 -1000 -1000 -10 0.0002472400665283203
Cyclist -1 -1 -10 1161.0 169.0 1212.0 215.0 -1 -1 -1 -1000 -1000 -1000 -10 0.0002448558807373047
Cyclist -1 -1 -10 1177.0 166.0 1219.0 210.0 -1 -1 -1 -1000 -1000 -1000 -10 0.00024390220642089844
Cyclist -1 -1 -10 1202.0 147.0 1224.0 312.0 -1 -1 -1 -1000 -1000 -1000 -10 0.0002300739288330078
Cyclist -1 -1 -10 1213.0 151.0 1223.0 192.0 -1 -1 -1 -1000 -1000 -1000 -10 0.00022363662719726562
Cyclist -1 -1 -10 1156.0 164.0 1195.0 206.0 -1 -1 -1 -1000 -1000 -1000 -10 0.00022292137145996094
Pedestrian -1 -1 -10 873.0 160.0 894.0 199.0 -1 -1 -1 -1000 -1000 -1000 -10 0.00022280216217041016
Cyclist -1 -1 -10 0.0 154.0 39.0 349.0 -1 -1 -1 -1000 -1000 -1000 -10 0.00022149085998535156
Cyclist -1 -1 -10 1104.0 170.0 1148.0 211.0 -1 -1 -1 -1000 -1000 -1000 -10 0.00021648406982421875
Cyclist -1 -1 -10 1093.0 171.0 1139.0 211.0 -1 -1 -1 -1000 -1000 -1000 -10 0.00021648406982421875
Cyclist -1 -1 -10 1198.0 156.0 1223.0 210.0 -1 -1 -1 -1000 -1000 -1000 -10 0.00021159648895263672
Cyclist -1 -1 -10 1167.0 166.0 1205.0 205.0 -1 -1 -1 -1000 -1000 -1000 -10 0.0002092123031616211
Cyclist -1 -1 -10 0.0 177.0 13.0 283.0 -1 -1 -1 -1000 -1000 -1000 -10 0.00020837783813476562
Cyclist -1 -1 -10 22.0 165.0 71.0 219.0 -1 -1 -1 -1000 -1000 -1000 -10 0.0002014636993408203
Cyclist -1 -1 -10 1193.0 159.0 1224.0 228.0 -1 -1 -1 -1000 -1000 -1000 -10 0.00020122528076171875
Cyclist -1 -1 -10 1214.0 142.0 1224.0 186.0 -1 -1 -1 -1000 -1000 -1000 -10 0.00018608570098876953
Cyclist -1 -1 -10 1212.0 198.0 1224.0 257.0 -1 -1 -1 -1000 -1000 -1000 -10 0.0001798868179321289
Cyclist -1 -1 -10 1214.0 146.0 1223.0 181.0 -1 -1 -1 -1000 -1000 -1000 -10 0.00017714500427246094
Pedestrian -1 -1 -10 547.0 161.0 586.0 296.0 -1 -1 -1 -1000 -1000 -1000 -10 0.00017249584197998047
Cyclist -1 -1 -10 176.0 167.0 195.0 196.0 -1 -1 -1 -1000 -1000 -1000 -10 0.0001722574234008789
Cyclist -1 -1 -10 1128.0 160.0 1174.0 207.0 -1 -1 -1 -1000 -1000 -1000 -10 0.00017178058624267578
Cyclist -1 -1 -10 0.0 169.0 12.0 271.0 -1 -1 -1 -1000 -1000 -1000 -10 0.0001647472381591797
Cyclist -1 -1 -10 1116.0 161.0 1170.0 205.0 -1 -1 -1 -1000 -1000 -1000 -10 0.00015556812286376953
Cyclist -1 -1 -10 1179.0 164.0 1218.0 203.0 -1 -1 -1 -1000 -1000 -1000 -10 0.00015270709991455078
Pedestrian -1 -1 -10 854.0 160.0 884.0 198.0 -1 -1 -1 -1000 -1000 -1000 -10 0.00014781951904296875
Cyclist -1 -1 -10 1103.0 155.0 1154.0 195.0 -1 -1 -1 -1000 -1000 -1000 -10 0.00013649463653564453
Cyclist -1 -1 -10 0.0 158.0 31.0 275.0 -1 -1 -1 -1000 -1000 -1000 -10 0.00013363361358642578
Cyclist -1 -1 -10 0.0 174.0 39.0 370.0 -1 -1 -1 -1000 -1000 -1000 -10 0.00013244152069091797
Cyclist -1 -1 -10 1146.0 161.0 1184.0 208.0 -1 -1 -1 -1000 -1000 -1000 -10 0.00013208389282226562
Cyclist -1 -1 -10 1203.0 187.0 1224.0 246.0 -1 -1 -1 -1000 -1000 -1000 -10 0.00013124942779541016
Cyclist -1 -1 -10 1.0 184.0 19.0 313.0 -1 -1 -1 -1000 -1000 -1000 -10 0.0001310110092163086
Cyclist -1 -1 -10 1097.0 146.0 1142.0 192.0 -1 -1 -1 -1000 -1000 -1000 -10 0.0001302957534790039
Pedestrian -1 -1 -10 445.0 165.0 489.0 279.0 -1 -1 -1 -1000 -1000 -1000 -10 0.00012695789337158203
Cyclist -1 -1 -10 0.0 195.0 23.0 370.0 -1 -1 -1 -1000 -1000 -1000 -10 0.00012385845184326172
Pedestrian -1 -1 -10 390.0 144.0 431.0 270.0 -1 -1 -1 -1000 -1000 -1000 -10 0.00012242794036865234
Cyclist -1 -1 -10 1135.0 168.0 1179.0 215.0 -1 -1 -1 -1000 -1000 -1000 -10 0.00012129545211791992
Cyclist -1 -1 -10 0.0 162.0 11.0 257.0 -1 -1 -1 -1000 -1000 -1000 -10 0.00012087821960449219
Cyclist -1 -1 -10 1123.0 159.0 1176.0 211.0 -1 -1 -1 -1000 -1000 -1000 -10 0.00011557340621948242
Cyclist -1 -1 -10 1149.0 171.0 1201.0 214.0 -1 -1 -1 -1000 -1000 -1000 -10 0.0001131892204284668
Cyclist -1 -1 -10 1179.0 166.0 1222.0 221.0 -1 -1 -1 -1000 -1000 -1000 -10 0.00011110305786132812
Cyclist -1 -1 -10 1191.0 167.0 1224.0 370.0 -1 -1 -1 -1000 -1000 -1000 -10 0.00011092424392700195
Cyclist -1 -1 -10 1193.0 167.0 1224.0 219.0 -1 -1 -1 -1000 -1000 -1000 -10 0.00011092424392700195
Pedestrian -1 -1 -10 936.0 171.0 949.0 198.0 -1 -1 -1 -1000 -1000 -1000 -10 0.00011008977890014648
Cyclist -1 -1 -10 1214.0 127.0 1223.0 180.0 -1 -1 -1 -1000 -1000 -1000 -10 0.00010865926742553711
Cyclist -1 -1 -10 1083.0 166.0 1126.0 206.0 -1 -1 -1 -1000 -1000 -1000 -10 0.0001062154769897461
Cyclist -1 -1 -10 0.0 141.0 22.0 263.0 -1 -1 -1 -1000 -1000 -1000 -10 0.00010401010513305664
Car -1 -1 -10 25.0 167.0 89.0 198.0 -1 -1 -1 -1000 -1000 -1000 -10 0.0001023411750793457
