Car -1 -1 -10 849.0 202.0 1236.0 373.0 -1 -1 -1 -1000 -1000 -1000 -10 0.9716796875
Car -1 -1 -10 288.0 152.0 504.0 332.0 -1 -1 -1 -1000 -1000 -1000 -10 0.9697265625
Car -1 -1 -10 746.0 198.0 899.0 293.0 -1 -1 -1 -1000 -1000 -1000 -10 0.95947265625
Car -1 -1 -10 726.0 191.0 818.0 256.0 -1 -1 -1 -1000 -1000 -1000 -10 0.9521484375
Car -1 -1 -10 697.0 186.0 762.0 232.0 -1 -1 -1 -1000 -1000 -1000 -10 0.94970703125
Car -1 -1 -10 532.0 179.0 575.0 217.0 -1 -1 -1 -1000 -1000 -1000 -10 0.94873046875
Car -1 -1 -10 429.0 181.0 532.0 265.0 -1 -1 -1 -1000 -1000 -1000 -10 0.9462890625
Car -1 -1 -10 680.0 184.0 732.0 222.0 -1 -1 -1 -1000 -1000 -1000 -10 0.93310546875
Car -1 -1 -10 669.0 183.0 710.0 214.0 -1 -1 -1 -1000 -1000 -1000 -10 0.90185546875
Car -1 -1 -10 678.0 185.0 746.0 226.0 -1 -1 -1 -1000 -1000 -1000 -10 0.6474609375
Car -1 -1 -10 668.0 184.0 705.0 213.0 -1 -1 -1 -1000 -1000 -1000 -10 0.1260986328125
Car -1 -1 -10 692.0 185.0 752.0 226.0 -1 -1 -1 -1000 -1000 -1000 -10 0.029510498046875
Car -1 -1 -10 679.0 181.0 726.0 220.0 -1 -1 -1 -1000 -1000 -1000 -10 0.00302886962890625
Car -1 -1 -10 421.0 175.0 523.0 255.0 -1 -1 -1 -1000 -1000 -1000 -10 0.0026569366455078125
Car -1 -1 -10 691.0 180.0 778.0 240.0 -1 -1 -1 -1000 -1000 -1000 -10 0.0018377304077148438
Car -1 -1 -10 697.0 185.0 747.0 223.0 -1 -1 -1 -1000 -1000 -1000 -10 0.0009541511535644531
Car -1 -1 -10 444.0 184.0 533.0 261.0 -1 -1 -1 -1000 -1000 -1000 -10 0.0008711814880371094
Car -1 -1 -10 329.0 156.0 469.0 325.0 -1 -1 -1 -1000 -1000 -1000 -10 0.0006985664367675781
Car -1 -1 -10 1218.0 221.0 1241.0 375.0 -1 -1 -1 -1000 -1000 -1000 -10 0.0006394386291503906
Car -1 -1 -10 665.0 182.0 699.0 207.0 -1 -1 -1 -1000 -1000 -1000 -10 0.0006389617919921875
Car -1 -1 -10 650.0 182.0 674.0 199.0 -1 -1 -1 -1000 -1000 -1000 -10 0.0006198883056640625
Car -1 -1 -10 659.0 181.0 703.0 213.0 -1 -1 -1 -1000 -1000 -1000 -10 0.0005826950073242188
Car -1 -1 -10 526.0 165.0 579.0 223.0 -1 -1 -1 -1000 -1000 -1000 -10 0.0005388259887695312
Car -1 -1 -10 669.0 178.0 712.0 216.0 -1 -1 -1 -1000 -1000 -1000 -10 0.0005116462707519531
Car -1 -1 -10 428.0 172.0 545.0 270.0 -1 -1 -1 -1000 -1000 -1000 -10 0.0005016326904296875
Car -1 -1 -10 525.0 166.0 583.0 230.0 -1 -1 -1 -1000 -1000 -1000 -10 0.0004794597625732422
Car -1 -1 -10 1214.0 216.0 1242.0 375.0 -1 -1 -1 -1000 -1000 -1000 -10 0.00045228004455566406
Car -1 -1 -10 1221.0 250.0 1242.0 375.0 -1 -1 -1 -1000 -1000 -1000 -10 0.00044798851013183594
Car -1 -1 -10 1198.0 222.0 1242.0 375.0 -1 -1 -1 -1000 -1000 -1000 -10 0.0003657341003417969
Car -1 -1 -10 682.0 172.0 759.0 237.0 -1 -1 -1 -1000 -1000 -1000 -10 0.0003452301025390625
Car -1 -1 -10 655.0 181.0 682.0 200.0 -1 -1 -1 -1000 -1000 -1000 -10 0.00033783912658691406
Car -1 -1 -10 649.0 180.0 675.0 198.0 -1 -1 -1 -1000 -1000 -1000 -10 0.0003299713134765625
Car -1 -1 -10 1215.0 247.0 1242.0 375.0 -1 -1 -1 -1000 -1000 -1000 -10 0.00028061866760253906
Car -1 -1 -10 856.0 202.0 1166.0 373.0 -1 -1 -1 -1000 -1000 -1000 -10 0.000270843505859375
Car -1 -1 -10 668.0 172.0 738.0 233.0 -1 -1 -1 -1000 -1000 -1000 -10 0.0002665519714355469
Car -1 -1 -10 554.0 179.0 580.0 209.0 -1 -1 -1 -1000 -1000 -1000 -10 0.0002560615539550781
Car -1 -1 -10 1219.0 203.0 1242.0 361.0 -1 -1 -1 -1000 -1000 -1000 -10 0.0002529621124267578
Car -1 -1 -10 920.0 205.0 1224.0 369.0 -1 -1 -1 -1000 -1000 -1000 -10 0.0002460479736328125
Car -1 -1 -10 412.0 175.0 540.0 278.0 -1 -1 -1 -1000 -1000 -1000 -10 0.00024247169494628906
Car -1 -1 -10 665.0 180.0 697.0 204.0 -1 -1 -1 -1000 -1000 -1000 -10 0.00022220611572265625
Car -1 -1 -10 526.0 180.0 562.0 215.0 -1 -1 -1 -1000 -1000 -1000 -10 0.00022029876708984375
Car -1 -1 -10 473.0 126.0 639.0 244.0 -1 -1 -1 -1000 -1000 -1000 -10 0.00021517276763916016
Car -1 -1 -10 652.0 181.0 678.0 198.0 -1 -1 -1 -1000 -1000 -1000 -10 0.00020706653594970703
Car -1 -1 -10 664.0 166.0 728.0 227.0 -1 -1 -1 -1000 -1000 -1000 -10 0.00020515918731689453
Car -1 -1 -10 723.0 194.0 806.0 257.0 -1 -1 -1 -1000 -1000 -1000 -10 0.00020051002502441406
Car -1 -1 -10 605.0 128.0 779.0 250.0 -1 -1 -1 -1000 -1000 -1000 -10 0.00019669532775878906
Car -1 -1 -10 547.0 177.0 578.0 209.0 -1 -1 -1 -1000 -1000 -1000 -10 0.0001964569091796875
Car -1 -1 -10 469.0 132.0 644.0 276.0 -1 -1 -1 -1000 -1000 -1000 -10 0.0001952648162841797
Car -1 -1 -10 1213.0 196.0 1241.0 369.0 -1 -1 -1 -1000 -1000 -1000 -10 0.00018930435180664062
Car -1 -1 -10 704.0 187.0 756.0 232.0 -1 -1 -1 -1000 -1000 -1000 -10 0.00018918514251708984
Car -1 -1 -10 703.0 177.0 842.0 283.0 -1 -1 -1 -1000 -1000 -1000 -10 0.00018596649169921875
Car -1 -1 -10 731.0 188.0 815.0 246.0 -1 -1 -1 -1000 -1000 -1000 -10 0.00017964839935302734
Car -1 -1 -10 648.0 180.0 679.0 203.0 -1 -1 -1 -1000 -1000 -1000 -10 0.0001710653305053711
Car -1 -1 -10 1193.0 196.0 1242.0 369.0 -1 -1 -1 -1000 -1000 -1000 -10 0.0001608133316040039
Car -1 -1 -10 369.0 158.0 546.0 286.0 -1 -1 -1 -1000 -1000 -1000 -10 0.00015854835510253906
Car -1 -1 -10 541.0 179.0 583.0 214.0 -1 -1 -1 -1000 -1000 -1000 -10 0.00015544891357421875
Car -1 -1 -10 0.0 231.0 52.0 371.0 -1 -1 -1 -1000 -1000 -1000 -10 0.00015306472778320312
Car -1 -1 -10 1199.0 253.0 1242.0 375.0 -1 -1 -1 -1000 -1000 -1000 -10 0.00015270709991455078
Car -1 -1 -10 565.0 179.0 589.0 205.0 -1 -1 -1 -1000 -1000 -1000 -10 0.0001513957977294922
Car -1 -1 -10 648.0 144.0 806.0 255.0 -1 -1 -1 -1000 -1000 -1000 -10 0.00014066696166992188
Car -1 -1 -10 676.0 191.0 729.0 228.0 -1 -1 -1 -1000 -1000 -1000 -10 0.00013935565948486328
Car -1 -1 -10 600.0 139.0 784.0 274.0 -1 -1 -1 -1000 -1000 -1000 -10 0.00013720989227294922
Car -1 -1 -10 670.0 190.0 709.0 216.0 -1 -1 -1 -1000 -1000 -1000 -10 0.00013637542724609375
Car -1 -1 -10 645.0 178.0 674.0 200.0 -1 -1 -1 -1000 -1000 -1000 -10 0.00012767314910888672
Car -1 -1 -10 0.0 230.0 27.0 369.0 -1 -1 -1 -1000 -1000 -1000 -10 0.00010889768600463867
