Car -1 -1 -10 436.0 178.0 605.0 267.0 -1 -1 -1 -1000 -1000 -1000 -10 0.9677734375
Car -1 -1 -10 1.0 151.0 131.0 278.0 -1 -1 -1 -1000 -1000 -1000 -10 0.96533203125
Car -1 -1 -10 371.0 121.0 530.0 220.0 -1 -1 -1 -1000 -1000 -1000 -10 0.962890625
Car -1 -1 -10 609.0 175.0 665.0 207.0 -1 -1 -1 -1000 -1000 -1000 -10 0.94580078125
Car -1 -1 -10 693.0 172.0 714.0 189.0 -1 -1 -1 -1000 -1000 -1000 -10 0.92431640625
Car -1 -1 -10 730.0 164.0 752.0 185.0 -1 -1 -1 -1000 -1000 -1000 -10 0.919921875
Car -1 -1 -10 578.0 159.0 635.0 186.0 -1 -1 -1 -1000 -1000 -1000 -10 0.89208984375
Car -1 -1 -10 583.0 158.0 638.0 189.0 -1 -1 -1 -1000 -1000 -1000 -10 0.04925537109375
Car -1 -1 -10 730.0 162.0 751.0 182.0 -1 -1 -1 -1000 -1000 -1000 -10 0.004119873046875
Car -1 -1 -10 633.0 174.0 670.0 193.0 -1 -1 -1 -1000 -1000 -1000 -10 0.0039043426513671875
Car -1 -1 -10 693.0 174.0 715.0 191.0 -1 -1 -1 -1000 -1000 -1000 -10 0.002506256103515625
Car -1 -1 -10 390.0 150.0 545.0 226.0 -1 -1 -1 -1000 -1000 -1000 -10 0.0024261474609375
Car -1 -1 -10 574.0 161.0 632.0 187.0 -1 -1 -1 -1000 -1000 -1000 -10 0.0015649795532226562
Car -1 -1 -10 386.0 139.0 560.0 233.0 -1 -1 -1 -1000 -1000 -1000 -10 0.001338958740234375
Car -1 -1 -10 679.0 174.0 692.0 187.0 -1 -1 -1 -1000 -1000 -1000 -10 0.0011959075927734375
Car -1 -1 -10 729.0 160.0 752.0 189.0 -1 -1 -1 -1000 -1000 -1000 -10 0.001190185546875
Car -1 -1 -10 586.0 158.0 636.0 185.0 -1 -1 -1 -1000 -1000 -1000 -10 0.0011014938354492188
Car -1 -1 -10 684.0 174.0 699.0 186.0 -1 -1 -1 -1000 -1000 -1000 -10 0.0009946823120117188
Car -1 -1 -10 520.0 178.0 570.0 199.0 -1 -1 -1 -1000 -1000 -1000 -10 0.000888824462890625
Car -1 -1 -10 692.0 171.0 715.0 190.0 -1 -1 -1 -1000 -1000 -1000 -10 0.0008821487426757812
Car -1 -1 -10 369.0 127.0 484.0 222.0 -1 -1 -1 -1000 -1000 -1000 -10 0.0007519721984863281
Car -1 -1 -10 602.0 161.0 671.0 223.0 -1 -1 -1 -1000 -1000 -1000 -10 0.0007410049438476562
Car -1 -1 -10 526.0 180.0 564.0 201.0 -1 -1 -1 -1000 -1000 -1000 -10 0.0007085800170898438
Car -1 -1 -10 603.0 157.0 669.0 214.0 -1 -1 -1 -1000 -1000 -1000 -10 0.0006937980651855469
Car -1 -1 -10 0.0 166.0 23.0 264.0 -1 -1 -1 -1000 -1000 -1000 -10 0.0006093978881835938
Car -1 -1 -10 455.0 181.0 594.0 249.0 -1 -1 -1 -1000 -1000 -1000 -10 0.0005555152893066406
Car -1 -1 -10 0.0 158.0 23.0 250.0 -1 -1 -1 -1000 -1000 -1000 -10 0.0005512237548828125
Car -1 -1 -10 640.0 175.0 662.0 189.0 -1 -1 -1 -1000 -1000 -1000 -10 0.00048542022705078125
Car -1 -1 -10 617.0 172.0 662.0 197.0 -1 -1 -1 -1000 -1000 -1000 -10 0.00037026405334472656
Car -1 -1 -10 682.0 173.0 696.0 185.0 -1 -1 -1 -1000 -1000 -1000 -10 0.0003688335418701172
Car -1 -1 -10 592.0 163.0 664.0 223.0 -1 -1 -1 -1000 -1000 -1000 -10 0.0003578662872314453
Car -1 -1 -10 518.0 181.0 565.0 206.0 -1 -1 -1 -1000 -1000 -1000 -10 0.0003540515899658203
Car -1 -1 -10 528.0 180.0 568.0 203.0 -1 -1 -1 -1000 -1000 -1000 -10 0.0003485679626464844
Car -1 -1 -10 0.0 156.0 28.0 252.0 -1 -1 -1 -1000 -1000 -1000 -10 0.0003437995910644531
Car -1 -1 -10 678.0 173.0 691.0 186.0 -1 -1 -1 -1000 -1000 -1000 -10 0.0003418922424316406
Car -1 -1 -10 0.0 165.0 30.0 262.0 -1 -1 -1 -1000 -1000 -1000 -10 0.0003325939178466797
Car -1 -1 -10 467.0 157.0 538.0 203.0 -1 -1 -1 -1000 -1000 -1000 -10 0.00031685829162597656
Car -1 -1 -10 637.0 173.0 661.0 188.0 -1 -1 -1 -1000 -1000 -1000 -10 0.00031280517578125
Car -1 -1 -10 691.0 169.0 715.0 194.0 -1 -1 -1 -1000 -1000 -1000 -10 0.00031280517578125
Car -1 -1 -10 3.0 221.0 120.0 283.0 -1 -1 -1 -1000 -1000 -1000 -10 0.00030994415283203125
Car -1 -1 -10 576.0 154.0 638.0 190.0 -1 -1 -1 -1000 -1000 -1000 -10 0.00029158592224121094
Car -1 -1 -10 0.0 169.0 14.0 238.0 -1 -1 -1 -1000 -1000 -1000 -10 0.0002644062042236328
Car -1 -1 -10 730.0 167.0 752.0 188.0 -1 -1 -1 -1000 -1000 -1000 -10 0.0002639293670654297
Car -1 -1 -10 369.0 129.0 456.0 220.0 -1 -1 -1 -1000 -1000 -1000 -10 0.0002586841583251953
Car -1 -1 -10 0.0 162.0 14.0 226.0 -1 -1 -1 -1000 -1000 -1000 -10 0.0002543926239013672
Car -1 -1 -10 499.0 171.0 568.0 202.0 -1 -1 -1 -1000 -1000 -1000 -10 0.00024211406707763672
Car -1 -1 -10 5.0 233.0 114.0 281.0 -1 -1 -1 -1000 -1000 -1000 -10 0.0002372264862060547
Car -1 -1 -10 0.0 164.0 123.0 283.0 -1 -1 -1 -1000 -1000 -1000 -10 0.00023663043975830078
Car -1 -1 -10 548.0 129.0 727.0 274.0 -1 -1 -1 -1000 -1000 -1000 -10 0.00022530555725097656
Car -1 -1 -10 0.0 156.0 27.0 230.0 -1 -1 -1 -1000 -1000 -1000 -10 0.00019788742065429688
Car -1 -1 -10 519.0 179.0 563.0 204.0 -1 -1 -1 -1000 -1000 -1000 -10 0.00019049644470214844
Car -1 -1 -10 551.0 114.0 722.0 238.0 -1 -1 -1 -1000 -1000 -1000 -10 0.00016307830810546875
Car -1 -1 -10 575.0 158.0 638.0 195.0 -1 -1 -1 -1000 -1000 -1000 -10 0.0001550912857055664
Car -1 -1 -10 574.0 158.0 631.0 184.0 -1 -1 -1 -1000 -1000 -1000 -10 0.0001531839370727539
Car -1 -1 -10 0.0 170.0 14.0 255.0 -1 -1 -1 -1000 -1000 -1000 -10 0.00014793872833251953
Car -1 -1 -10 686.0 166.0 712.0 186.0 -1 -1 -1 -1000 -1000 -1000 -10 0.00014579296112060547
Car -1 -1 -10 0.0 180.0 18.0 286.0 -1 -1 -1 -1000 -1000 -1000 -10 0.00014150142669677734
Car -1 -1 -10 0.0 169.0 12.0 219.0 -1 -1 -1 -1000 -1000 -1000 -10 0.00013375282287597656
Car -1 -1 -10 0.0 147.0 22.0 231.0 -1 -1 -1 -1000 -1000 -1000 -10 0.00012731552124023438
Pedestrian -1 -1 -10 355.0 0.0 374.0 5.0 -1 -1 -1 -1000 -1000 -1000 -10 0.00012683868408203125
Car -1 -1 -10 526.0 182.0 566.0 208.0 -1 -1 -1 -1000 -1000 -1000 -10 0.0001266002655029297
Car -1 -1 -10 0.0 157.0 43.0 271.0 -1 -1 -1 -1000 -1000 -1000 -10 0.0001233816146850586
Car -1 -1 -10 732.0 166.0 752.0 185.0 -1 -1 -1 -1000 -1000 -1000 -10 0.00011909008026123047
Car -1 -1 -10 555.0 160.0 620.0 194.0 -1 -1 -1 -1000 -1000 -1000 -10 0.00011819601058959961
Pedestrian -1 -1 -10 769.0 0.0 803.0 0.0 -1 -1 -1 -1000 -1000 -1000 -10 0.00011527538299560547
Car -1 -1 -10 1.0 176.0 13.0 229.0 -1 -1 -1 -1000 -1000 -1000 -10 0.00011426210403442383
Car -1 -1 -10 576.0 164.0 642.0 193.0 -1 -1 -1 -1000 -1000 -1000 -10 0.00011414289474487305
Car -1 -1 -10 523.0 180.0 559.0 203.0 -1 -1 -1 -1000 -1000 -1000 -10 0.00011092424392700195
Car -1 -1 -10 434.0 180.0 583.0 256.0 -1 -1 -1 -1000 -1000 -1000 -10 0.00010687112808227539
Car -1 -1 -10 411.0 122.0 488.0 215.0 -1 -1 -1 -1000 -1000 -1000 -10 0.00010633468627929688
Car -1 -1 -10 518.0 136.0 700.0 268.0 -1 -1 -1 -1000 -1000 -1000 -10 0.0001049041748046875
