Car -1 -1 -10 569.0 122.0 646.0 216.0 -1 -1 -1 -1000 -1000 -1000 -10 0.94873046875
Car -1 -1 -10 0.0 189.0 107.0 230.0 -1 -1 -1 -1000 -1000 -1000 -10 0.94140625
Car -1 -1 -10 100.0 188.0 184.0 223.0 -1 -1 -1 -1000 -1000 -1000 -10 0.935546875
Car -1 -1 -10 168.0 189.0 236.0 216.0 -1 -1 -1 -1000 -1000 -1000 -10 0.919921875
Car -1 -1 -10 212.0 187.0 269.0 213.0 -1 -1 -1 -1000 -1000 -1000 -10 0.90771484375
Car -1 -1 -10 0.0 197.0 15.0 236.0 -1 -1 -1 -1000 -1000 -1000 -10 0.2127685546875
Car -1 -1 -10 0.0 196.0 18.0 233.0 -1 -1 -1 -1000 -1000 -1000 -10 0.079833984375
Car -1 -1 -10 0.0 200.0 15.0 241.0 -1 -1 -1 -1000 -1000 -1000 -10 0.047515869140625
Car -1 -1 -10 1.0 198.0 18.0 238.0 -1 -1 -1 -1000 -1000 -1000 -10 0.0386962890625
Car -1 -1 -10 0.0 197.0 23.0 235.0 -1 -1 -1 -1000 -1000 -1000 -10 0.0272216796875
Car -1 -1 -10 0.0 192.0 14.0 231.0 -1 -1 -1 -1000 -1000 -1000 -10 0.022216796875
Car -1 -1 -10 1.0 191.0 23.0 229.0 -1 -1 -1 -1000 -1000 -1000 -10 0.0092315673828125
Car -1 -1 -10 0.0 186.0 97.0 228.0 -1 -1 -1 -1000 -1000 -1000 -10 0.0070037841796875
Car -1 -1 -10 145.0 189.0 229.0 218.0 -1 -1 -1 -1000 -1000 -1000 -10 0.006298065185546875
Car -1 -1 -10 0.0 200.0 21.0 241.0 -1 -1 -1 -1000 -1000 -1000 -10 0.005916595458984375
Car -1 -1 -10 0.0 202.0 14.0 248.0 -1 -1 -1 -1000 -1000 -1000 -10 0.004413604736328125
Car -1 -1 -10 0.0 195.0 38.0 230.0 -1 -1 -1 -1000 -1000 -1000 -10 0.0024356842041015625
Car -1 -1 -10 0.0 179.0 111.0 247.0 -1 -1 -1 -1000 -1000 -1000 -10 0.0014209747314453125
Car -1 -1 -10 1.0 201.0 19.0 250.0 -1 -1 -1 -1000 -1000 -1000 -10 0.0011348724365234375
Car -1 -1 -10 163.0 188.0 222.0 216.0 -1 -1 -1 -1000 -1000 -1000 -10 0.0009379386901855469
Car -1 -1 -10 95.0 173.0 190.0 236.0 -1 -1 -1 -1000 -1000 -1000 -10 0.0008678436279296875
Car -1 -1 -10 182.0 189.0 243.0 216.0 -1 -1 -1 -1000 -1000 -1000 -10 0.0007700920104980469
Car -1 -1 -10 125.0 75.0 141.0 90.0 -1 -1 -1 -1000 -1000 -1000 -10 0.0007572174072265625
Car -1 -1 -10 121.0 74.0 144.0 90.0 -1 -1 -1 -1000 -1000 -1000 -10 0.0007138252258300781
Car -1 -1 -10 176.0 190.0 228.0 215.0 -1 -1 -1 -1000 -1000 -1000 -10 0.0006694793701171875
Car -1 -1 -10 568.0 116.0 643.0 205.0 -1 -1 -1 -1000 -1000 -1000 -10 0.0006690025329589844
Car -1 -1 -10 1.0 201.0 35.0 235.0 -1 -1 -1 -1000 -1000 -1000 -10 0.0006151199340820312
Car -1 -1 -10 24.0 193.0 71.0 222.0 -1 -1 -1 -1000 -1000 -1000 -10 0.0005702972412109375
Car -1 -1 -10 1.0 195.0 108.0 233.0 -1 -1 -1 -1000 -1000 -1000 -10 0.0005068778991699219
Car -1 -1 -10 0.0 202.0 13.0 269.0 -1 -1 -1 -1000 -1000 -1000 -10 0.0004673004150390625
Car -1 -1 -10 0.0 158.0 143.0 277.0 -1 -1 -1 -1000 -1000 -1000 -10 0.00046515464782714844
Car -1 -1 -10 166.0 185.0 236.0 219.0 -1 -1 -1 -1000 -1000 -1000 -10 0.00046372413635253906
Car -1 -1 -10 0.0 183.0 11.0 217.0 -1 -1 -1 -1000 -1000 -1000 -10 0.0004451274871826172
Car -1 -1 -10 546.0 117.0 660.0 223.0 -1 -1 -1 -1000 -1000 -1000 -10 0.00038504600524902344
Car -1 -1 -10 1233.0 214.0 1242.0 254.0 -1 -1 -1 -1000 -1000 -1000 -10 0.0003056526184082031
Car -1 -1 -10 210.0 182.0 270.0 215.0 -1 -1 -1 -1000 -1000 -1000 -10 0.0003032684326171875
Car -1 -1 -10 1232.0 209.0 1242.0 260.0 -1 -1 -1 -1000 -1000 -1000 -10 0.0003032684326171875
Car -1 -1 -10 1232.0 210.0 1242.0 279.0 -1 -1 -1 -1000 -1000 -1000 -10 0.00030303001403808594
Car -1 -1 -10 0.0 196.0 57.0 235.0 -1 -1 -1 -1000 -1000 -1000 -10 0.0002949237823486328
Car -1 -1 -10 0.0 184.0 66.0 226.0 -1 -1 -1 -1000 -1000 -1000 -10 0.00029468536376953125
Car -1 -1 -10 1.0 210.0 12.0 261.0 -1 -1 -1 -1000 -1000 -1000 -10 0.0002675056457519531
Car -1 -1 -10 1233.0 210.0 1242.0 244.0 -1 -1 -1 -1000 -1000 -1000 -10 0.00025773048400878906
Car -1 -1 -10 0.0 141.0 130.0 277.0 -1 -1 -1 -1000 -1000 -1000 -10 0.00025463104248046875
Car -1 -1 -10 582.0 122.0 647.0 209.0 -1 -1 -1 -1000 -1000 -1000 -10 0.00025177001953125
Car -1 -1 -10 0.0 198.0 16.0 307.0 -1 -1 -1 -1000 -1000 -1000 -10 0.00024771690368652344
Car -1 -1 -10 61.0 139.0 225.0 253.0 -1 -1 -1 -1000 -1000 -1000 -10 0.0002448558807373047
Car -1 -1 -10 41.0 139.0 219.0 275.0 -1 -1 -1 -1000 -1000 -1000 -10 0.0002428293228149414
Car -1 -1 -10 0.0 182.0 14.0 218.0 -1 -1 -1 -1000 -1000 -1000 -10 0.0002205371856689453
Car -1 -1 -10 174.0 191.0 239.0 217.0 -1 -1 -1 -1000 -1000 -1000 -10 0.00021791458129882812
Car -1 -1 -10 1232.0 205.0 1242.0 250.0 -1 -1 -1 -1000 -1000 -1000 -10 0.00021398067474365234
Car -1 -1 -10 185.0 74.0 200.0 92.0 -1 -1 -1 -1000 -1000 -1000 -10 0.00021398067474365234
Car -1 -1 -10 180.0 73.0 204.0 92.0 -1 -1 -1 -1000 -1000 -1000 -10 0.00021266937255859375
Car -1 -1 -10 1226.0 205.0 1241.0 273.0 -1 -1 -1 -1000 -1000 -1000 -10 0.0002123117446899414
Car -1 -1 -10 103.0 186.0 186.0 218.0 -1 -1 -1 -1000 -1000 -1000 -10 0.00020956993103027344
Car -1 -1 -10 201.0 188.0 260.0 212.0 -1 -1 -1 -1000 -1000 -1000 -10 0.000194549560546875
Car -1 -1 -10 1232.0 219.0 1242.0 267.0 -1 -1 -1 -1000 -1000 -1000 -10 0.00018036365509033203
Car -1 -1 -10 2.0 204.0 21.0 269.0 -1 -1 -1 -1000 -1000 -1000 -10 0.0001773834228515625
Car -1 -1 -10 114.0 190.0 165.0 216.0 -1 -1 -1 -1000 -1000 -1000 -10 0.00015604496002197266
Car -1 -1 -10 117.0 73.0 147.0 93.0 -1 -1 -1 -1000 -1000 -1000 -10 0.00015163421630859375
Car -1 -1 -10 123.0 75.0 140.0 92.0 -1 -1 -1 -1000 -1000 -1000 -10 0.00015115737915039062
Car -1 -1 -10 1223.0 198.0 1242.0 258.0 -1 -1 -1 -1000 -1000 -1000 -10 0.0001474618911743164
Car -1 -1 -10 31.0 193.0 80.0 221.0 -1 -1 -1 -1000 -1000 -1000 -10 0.0001417398452758789
Car -1 -1 -10 1225.0 201.0 1242.0 311.0 -1 -1 -1 -1000 -1000 -1000 -10 0.00013816356658935547
Car -1 -1 -10 941.0 61.0 955.0 74.0 -1 -1 -1 -1000 -1000 -1000 -10 0.00012576580047607422
Car -1 -1 -10 93.0 188.0 164.0 220.0 -1 -1 -1 -1000 -1000 -1000 -10 0.00012302398681640625
Car -1 -1 -10 218.0 185.0 270.0 211.0 -1 -1 -1 -1000 -1000 -1000 -10 0.00010603666305541992
Car -1 -1 -10 171.0 184.0 232.0 210.0 -1 -1 -1 -1000 -1000 -1000 -10 0.00010579824447631836
Car -1 -1 -10 0.0 206.0 13.0 290.0 -1 -1 -1 -1000 -1000 -1000 -10 0.00010198354721069336
Car -1 -1 -10 0.0 208.0 20.0 353.0 -1 -1 -1 -1000 -1000 -1000 -10 0.00010132789611816406
