Cyclist -1 -1 -10 470.0 164.0 504.0 243.0 -1 -1 -1 -1000 -1000 -1000 -10 0.9580078125
Pedestrian -1 -1 -10 876.0 155.0 942.0 371.0 -1 -1 -1 -1000 -1000 -1000 -10 0.9384765625
Cyclist -1 -1 -10 391.0 166.0 454.0 271.0 -1 -1 -1 -1000 -1000 -1000 -10 0.93408203125
Pedestrian -1 -1 -10 545.0 176.0 561.0 217.0 -1 -1 -1 -1000 -1000 -1000 -10 0.8662109375
Pedestrian -1 -1 -10 530.0 172.0 545.0 218.0 -1 -1 -1 -1000 -1000 -1000 -10 0.85205078125
Pedestrian -1 -1 -10 543.0 174.0 563.0 217.0 -1 -1 -1 -1000 -1000 -1000 -10 0.55126953125
Pedestrian -1 -1 -10 534.0 174.0 563.0 217.0 -1 -1 -1 -1000 -1000 -1000 -10 0.2415771484375
Pedestrian -1 -1 -10 616.0 169.0 630.0 203.0 -1 -1 -1 -1000 -1000 -1000 -10 0.196044921875
Pedestrian -1 -1 -10 614.0 169.0 628.0 204.0 -1 -1 -1 -1000 -1000 -1000 -10 0.168701171875
Pedestrian -1 -1 -10 617.0 170.0 631.0 204.0 -1 -1 -1 -1000 -1000 -1000 -10 0.1551513671875
Pedestrian -1 -1 -10 612.0 169.0 626.0 203.0 -1 -1 -1 -1000 -1000 -1000 -10 0.150634765625
Pedestrian -1 -1 -10 622.0 170.0 635.0 203.0 -1 -1 -1 -1000 -1000 -1000 -10 0.0261993408203125
Pedestrian -1 -1 -10 527.0 170.0 547.0 219.0 -1 -1 -1 -1000 -1000 -1000 -10 0.022064208984375
Pedestrian -1 -1 -10 532.0 172.0 547.0 213.0 -1 -1 -1 -1000 -1000 -1000 -10 0.0199737548828125
Cyclist -1 -1 -10 471.0 169.0 503.0 236.0 -1 -1 -1 -1000 -1000 -1000 -10 0.00992584228515625
Pedestrian -1 -1 -10 0.0 189.0 24.0 375.0 -1 -1 -1 -1000 -1000 -1000 -10 0.0038661956787109375
Pedestrian -1 -1 -10 1.0 181.0 35.0 375.0 -1 -1 -1 -1000 -1000 -1000 -10 0.0020961761474609375
Pedestrian -1 -1 -10 1217.0 124.0 1242.0 316.0 -1 -1 -1 -1000 -1000 -1000 -10 0.0017061233520507812
Pedestrian -1 -1 -10 845.0 155.0 958.0 370.0 -1 -1 -1 -1000 -1000 -1000 -10 0.001678466796875
Pedestrian -1 -1 -10 544.0 177.0 564.0 220.0 -1 -1 -1 -1000 -1000 -1000 -10 0.001621246337890625
Pedestrian -1 -1 -10 0.0 164.0 22.0 373.0 -1 -1 -1 -1000 -1000 -1000 -10 0.001556396484375
Pedestrian -1 -1 -10 525.0 171.0 540.0 216.0 -1 -1 -1 -1000 -1000 -1000 -10 0.0014829635620117188
Pedestrian -1 -1 -10 863.0 154.0 974.0 371.0 -1 -1 -1 -1000 -1000 -1000 -10 0.0013036727905273438
Pedestrian -1 -1 -10 1214.0 119.0 1242.0 352.0 -1 -1 -1 -1000 -1000 -1000 -10 0.0011491775512695312
Pedestrian -1 -1 -10 1220.0 119.0 1242.0 294.0 -1 -1 -1 -1000 -1000 -1000 -10 0.0010766983032226562
Pedestrian -1 -1 -10 545.0 172.0 562.0 213.0 -1 -1 -1 -1000 -1000 -1000 -10 0.0010585784912109375
Pedestrian -1 -1 -10 0.0 212.0 27.0 375.0 -1 -1 -1 -1000 -1000 -1000 -10 0.0009427070617675781
Pedestrian -1 -1 -10 0.0 154.0 27.0 375.0 -1 -1 -1 -1000 -1000 -1000 -10 0.0009093284606933594
Pedestrian -1 -1 -10 607.0 171.0 621.0 202.0 -1 -1 -1 -1000 -1000 -1000 -10 0.0008683204650878906
Pedestrian -1 -1 -10 1204.0 117.0 1241.0 320.0 -1 -1 -1 -1000 -1000 -1000 -10 0.0008516311645507812
Pedestrian -1 -1 -10 1215.0 109.0 1242.0 304.0 -1 -1 -1 -1000 -1000 -1000 -10 0.0008187294006347656
Pedestrian -1 -1 -10 1.0 216.0 34.0 375.0 -1 -1 -1 -1000 -1000 -1000 -10 0.0007925033569335938
Pedestrian -1 -1 -10 0.0 153.0 38.0 375.0 -1 -1 -1 -1000 -1000 -1000 -10 0.0007524490356445312
Pedestrian -1 -1 -10 0.0 190.0 44.0 375.0 -1 -1 -1 -1000 -1000 -1000 -10 0.0006761550903320312
Pedestrian -1 -1 -10 626.0 168.0 643.0 205.0 -1 -1 -1 -1000 -1000 -1000 -10 0.0006394386291503906
Pedestrian -1 -1 -10 1223.0 156.0 1242.0 356.0 -1 -1 -1 -1000 -1000 -1000 -10 0.0005927085876464844
Pedestrian -1 -1 -10 1201.0 107.0 1241.0 304.0 -1 -1 -1 -1000 -1000 -1000 -10 0.0005741119384765625
Cyclist -1 -1 -10 355.0 163.0 468.0 275.0 -1 -1 -1 -1000 -1000 -1000 -10 0.0005674362182617188
Pedestrian -1 -1 -10 0.0 159.0 45.0 375.0 -1 -1 -1 -1000 -1000 -1000 -10 0.0005331039428710938
Pedestrian -1 -1 -10 625.0 173.0 643.0 209.0 -1 -1 -1 -1000 -1000 -1000 -10 0.0005125999450683594
Pedestrian -1 -1 -10 612.0 169.0 634.0 203.0 -1 -1 -1 -1000 -1000 -1000 -10 0.00044989585876464844
Pedestrian -1 -1 -10 1214.0 139.0 1242.0 330.0 -1 -1 -1 -1000 -1000 -1000 -10 0.000423431396484375
Pedestrian -1 -1 -10 1198.0 120.0 1242.0 356.0 -1 -1 -1 -1000 -1000 -1000 -10 0.0004200935363769531
Cyclist -1 -1 -10 374.0 163.0 486.0 279.0 -1 -1 -1 -1000 -1000 -1000 -10 0.00041985511779785156
Pedestrian -1 -1 -10 547.0 173.0 564.0 215.0 -1 -1 -1 -1000 -1000 -1000 -10 0.00036454200744628906
Pedestrian -1 -1 -10 867.0 155.0 930.0 371.0 -1 -1 -1 -1000 -1000 -1000 -10 0.00036215782165527344
Pedestrian -1 -1 -10 1217.0 139.0 1241.0 373.0 -1 -1 -1 -1000 -1000 -1000 -10 0.00036025047302246094
Pedestrian -1 -1 -10 608.0 169.0 630.0 203.0 -1 -1 -1 -1000 -1000 -1000 -10 0.00033092498779296875
Pedestrian -1 -1 -10 1229.0 200.0 1242.0 312.0 -1 -1 -1 -1000 -1000 -1000 -10 0.00028324127197265625
Pedestrian -1 -1 -10 1185.0 129.0 1239.0 305.0 -1 -1 -1 -1000 -1000 -1000 -10 0.0002510547637939453
Pedestrian -1 -1 -10 0.0 187.0 54.0 375.0 -1 -1 -1 -1000 -1000 -1000 -10 0.0002503395080566406
Pedestrian -1 -1 -10 1212.0 145.0 1242.0 267.0 -1 -1 -1 -1000 -1000 -1000 -10 0.0002295970916748047
Pedestrian -1 -1 -10 617.0 167.0 633.0 197.0 -1 -1 -1 -1000 -1000 -1000 -10 0.00022804737091064453
Pedestrian -1 -1 -10 0.0 246.0 25.0 375.0 -1 -1 -1 -1000 -1000 -1000 -10 0.00021207332611083984
Pedestrian -1 -1 -10 0.0 153.0 21.0 341.0 -1 -1 -1 -1000 -1000 -1000 -10 0.00018930435180664062
Pedestrian -1 -1 -10 610.0 167.0 626.0 197.0 -1 -1 -1 -1000 -1000 -1000 -10 0.0001863241195678711
Pedestrian -1 -1 -10 609.0 167.0 629.0 208.0 -1 -1 -1 -1000 -1000 -1000 -10 0.0001819133758544922
Pedestrian -1 -1 -10 0.0 237.0 17.0 373.0 -1 -1 -1 -1000 -1000 -1000 -10 0.00016510486602783203
Pedestrian -1 -1 -10 1223.0 187.0 1242.0 371.0 -1 -1 -1 -1000 -1000 -1000 -10 0.00016498565673828125
Pedestrian -1 -1 -10 1228.0 149.0 1241.0 263.0 -1 -1 -1 -1000 -1000 -1000 -10 0.00015866756439208984
Car -1 -1 -10 1223.0 226.0 1242.0 373.0 -1 -1 -1 -1000 -1000 -1000 -10 0.00014293193817138672
Pedestrian -1 -1 -10 1193.0 146.0 1239.0 270.0 -1 -1 -1 -1000 -1000 -1000 -10 0.00014281272888183594
Pedestrian -1 -1 -10 634.0 174.0 648.0 202.0 -1 -1 -1 -1000 -1000 -1000 -10 0.0001380443572998047
Cyclist -1 -1 -10 396.0 164.0 456.0 260.0 -1 -1 -1 -1000 -1000 -1000 -10 0.00013458728790283203
Pedestrian -1 -1 -10 0.0 231.0 45.0 375.0 -1 -1 -1 -1000 -1000 -1000 -10 0.0001323223114013672
Pedestrian -1 -1 -10 1206.0 142.0 1241.0 375.0 -1 -1 -1 -1000 -1000 -1000 -10 0.00013184547424316406
Pedestrian -1 -1 -10 1216.0 162.0 1242.0 350.0 -1 -1 -1 -1000 -1000 -1000 -10 0.00012934207916259766
Cyclist -1 -1 -10 464.0 169.0 503.0 249.0 -1 -1 -1 -1000 -1000 -1000 -10 0.00012683868408203125
Car -1 -1 -10 842.0 90.0 869.0 114.0 -1 -1 -1 -1000 -1000 -1000 -10 0.00011223554611206055
Pedestrian -1 -1 -10 1187.0 124.0 1242.0 360.0 -1 -1 -1 -1000 -1000 -1000 -10 0.00011068582534790039
Pedestrian -1 -1 -10 1226.0 160.0 1242.0 271.0 -1 -1 -1 -1000 -1000 -1000 -10 0.00010925531387329102
Pedestrian -1 -1 -10 614.0 169.0 636.0 208.0 -1 -1 -1 -1000 -1000 -1000 -10 0.00010699033737182617
Pedestrian -1 -1 -10 0.0 228.0 24.0 365.0 -1 -1 -1 -1000 -1000 -1000 -10 0.00010484457015991211
Pedestrian -1 -1 -10 1229.0 141.0 1242.0 251.0 -1 -1 -1 -1000 -1000 -1000 -10 0.0001016855239868164
