Car -1 -1 -10 816.0 170.0 911.0 235.0 -1 -1 -1 -1000 -1000 -1000 -10 0.95361328125
Car -1 -1 -10 127.0 164.0 268.0 219.0 -1 -1 -1 -1000 -1000 -1000 -10 0.947265625
Car -1 -1 -10 900.0 174.0 1014.0 231.0 -1 -1 -1 -1000 -1000 -1000 -10 0.94287109375
Car -1 -1 -10 0.0 182.0 106.0 270.0 -1 -1 -1 -1000 -1000 -1000 -10 0.9423828125
Car -1 -1 -10 49.0 178.0 201.0 231.0 -1 -1 -1 -1000 -1000 -1000 -10 0.93603515625
Car -1 -1 -10 180.0 164.0 301.0 212.0 -1 -1 -1 -1000 -1000 -1000 -10 0.93017578125
Car -1 -1 -10 2.0 185.0 143.0 242.0 -1 -1 -1 -1000 -1000 -1000 -10 0.89697265625
Car -1 -1 -10 2.0 188.0 125.0 252.0 -1 -1 -1 -1000 -1000 -1000 -10 0.310546875
Car -1 -1 -10 161.0 162.0 296.0 211.0 -1 -1 -1 -1000 -1000 -1000 -10 0.1505126953125
Car -1 -1 -10 9.0 181.0 132.0 249.0 -1 -1 -1 -1000 -1000 -1000 -10 0.029937744140625
Car -1 -1 -10 0.0 187.0 117.0 261.0 -1 -1 -1 -1000 -1000 -1000 -10 0.0266265869140625
Car -1 -1 -10 0.0 183.0 13.0 238.0 -1 -1 -1 -1000 -1000 -1000 -10 0.01192474365234375
Car -1 -1 -10 0.0 182.0 18.0 242.0 -1 -1 -1 -1000 -1000 -1000 -10 0.0092315673828125
Car -1 -1 -10 0.0 186.0 12.0 235.0 -1 -1 -1 -1000 -1000 -1000 -10 0.00811004638671875
Car -1 -1 -10 0.0 180.0 15.0 234.0 -1 -1 -1 -1000 -1000 -1000 -10 0.007232666015625
Car -1 -1 -10 3.0 179.0 135.0 235.0 -1 -1 -1 -1000 -1000 -1000 -10 0.00518798828125
Car -1 -1 -10 7.0 182.0 155.0 239.0 -1 -1 -1 -1000 -1000 -1000 -10 0.0050048828125
Car -1 -1 -10 14.0 190.0 149.0 242.0 -1 -1 -1 -1000 -1000 -1000 -10 0.00457000732421875
Car -1 -1 -10 0.0 181.0 22.0 242.0 -1 -1 -1 -1000 -1000 -1000 -10 0.0037689208984375
Car -1 -1 -10 28.0 184.0 183.0 237.0 -1 -1 -1 -1000 -1000 -1000 -10 0.00363922119140625
Car -1 -1 -10 0.0 185.0 13.0 258.0 -1 -1 -1 -1000 -1000 -1000 -10 0.0030231475830078125
Car -1 -1 -10 0.0 189.0 20.0 280.0 -1 -1 -1 -1000 -1000 -1000 -10 0.0026874542236328125
Car -1 -1 -10 0.0 182.0 24.0 235.0 -1 -1 -1 -1000 -1000 -1000 -10 0.002506256103515625
Car -1 -1 -10 0.0 178.0 117.0 251.0 -1 -1 -1 -1000 -1000 -1000 -10 0.0024662017822265625
Car -1 -1 -10 182.0 174.0 300.0 214.0 -1 -1 -1 -1000 -1000 -1000 -10 0.002410888671875
Car -1 -1 -10 0.0 188.0 15.0 297.0 -1 -1 -1 -1000 -1000 -1000 -10 0.00179290771484375
Car -1 -1 -10 0.0 183.0 24.0 258.0 -1 -1 -1 -1000 -1000 -1000 -10 0.00176239013671875
Car -1 -1 -10 0.0 188.0 25.0 281.0 -1 -1 -1 -1000 -1000 -1000 -10 0.0015764236450195312
Car -1 -1 -10 0.0 172.0 12.0 228.0 -1 -1 -1 -1000 -1000 -1000 -10 0.0012979507446289062
Car -1 -1 -10 0.0 188.0 19.0 314.0 -1 -1 -1 -1000 -1000 -1000 -10 0.0011739730834960938
Car -1 -1 -10 0.0 175.0 118.0 281.0 -1 -1 -1 -1000 -1000 -1000 -10 0.0011491775512695312
Car -1 -1 -10 0.0 176.0 11.0 223.0 -1 -1 -1 -1000 -1000 -1000 -10 0.0010938644409179688
Car -1 -1 -10 137.0 172.0 273.0 219.0 -1 -1 -1 -1000 -1000 -1000 -10 0.000949859619140625
Car -1 -1 -10 0.0 197.0 21.0 360.0 -1 -1 -1 -1000 -1000 -1000 -10 0.0008807182312011719
Car -1 -1 -10 0.0 184.0 16.0 281.0 -1 -1 -1 -1000 -1000 -1000 -10 0.0008268356323242188
Car -1 -1 -10 56.0 184.0 201.0 234.0 -1 -1 -1 -1000 -1000 -1000 -10 0.0007958412170410156
Car -1 -1 -10 0.0 200.0 16.0 302.0 -1 -1 -1 -1000 -1000 -1000 -10 0.0007805824279785156
Car -1 -1 -10 0.0 205.0 14.0 316.0 -1 -1 -1 -1000 -1000 -1000 -10 0.0007519721984863281
Car -1 -1 -10 1184.0 134.0 1242.0 341.0 -1 -1 -1 -1000 -1000 -1000 -10 0.000743865966796875
Car -1 -1 -10 0.0 192.0 12.0 249.0 -1 -1 -1 -1000 -1000 -1000 -10 0.000720977783203125
Car -1 -1 -10 0.0 190.0 23.0 311.0 -1 -1 -1 -1000 -1000 -1000 -10 0.0006647109985351562
Car -1 -1 -10 1151.0 112.0 1242.0 358.0 -1 -1 -1 -1000 -1000 -1000 -10 0.0006608963012695312
Car -1 -1 -10 1172.0 150.0 1242.0 283.0 -1 -1 -1 -1000 -1000 -1000 -10 0.0006365776062011719
Car -1 -1 -10 793.0 155.0 924.0 255.0 -1 -1 -1 -1000 -1000 -1000 -10 0.0006341934204101562
Car -1 -1 -10 902.0 172.0 1012.0 222.0 -1 -1 -1 -1000 -1000 -1000 -10 0.0005826950073242188
Car -1 -1 -10 0.0 185.0 27.0 277.0 -1 -1 -1 -1000 -1000 -1000 -10 0.0005817413330078125
Car -1 -1 -10 171.0 166.0 214.0 213.0 -1 -1 -1 -1000 -1000 -1000 -10 0.0005702972412109375
Car -1 -1 -10 368.0 0.0 446.0 53.0 -1 -1 -1 -1000 -1000 -1000 -10 0.0005702972412109375
Car -1 -1 -10 1163.0 133.0 1242.0 349.0 -1 -1 -1 -1000 -1000 -1000 -10 0.0005669593811035156
Car -1 -1 -10 0.0 196.0 101.0 274.0 -1 -1 -1 -1000 -1000 -1000 -10 0.0005459785461425781
Car -1 -1 -10 1203.0 122.0 1241.0 356.0 -1 -1 -1 -1000 -1000 -1000 -10 0.0005402565002441406
Car -1 -1 -10 1181.0 97.0 1241.0 308.0 -1 -1 -1 -1000 -1000 -1000 -10 0.0005068778991699219
Car -1 -1 -10 137.0 162.0 282.0 211.0 -1 -1 -1 -1000 -1000 -1000 -10 0.0005006790161132812
Car -1 -1 -10 1157.0 92.0 1242.0 315.0 -1 -1 -1 -1000 -1000 -1000 -10 0.0005002021789550781
Car -1 -1 -10 878.0 143.0 1041.0 248.0 -1 -1 -1 -1000 -1000 -1000 -10 0.0004925727844238281
Car -1 -1 -10 1203.0 124.0 1241.0 316.0 -1 -1 -1 -1000 -1000 -1000 -10 0.00048828125
Car -1 -1 -10 1206.0 136.0 1241.0 342.0 -1 -1 -1 -1000 -1000 -1000 -10 0.00047087669372558594
Car -1 -1 -10 377.0 0.0 455.0 53.0 -1 -1 -1 -1000 -1000 -1000 -10 0.0004687309265136719
Car -1 -1 -10 0.0 210.0 23.0 375.0 -1 -1 -1 -1000 -1000 -1000 -10 0.00043845176696777344
Car -1 -1 -10 860.0 143.0 1039.0 269.0 -1 -1 -1 -1000 -1000 -1000 -10 0.0004382133483886719
Car -1 -1 -10 1166.0 117.0 1241.0 317.0 -1 -1 -1 -1000 -1000 -1000 -10 0.0004069805145263672
Car -1 -1 -10 0.0 173.0 45.0 240.0 -1 -1 -1 -1000 -1000 -1000 -10 0.0003998279571533203
Car -1 -1 -10 107.0 181.0 149.0 220.0 -1 -1 -1 -1000 -1000 -1000 -10 0.00037407875061035156
Car -1 -1 -10 933.0 176.0 981.0 222.0 -1 -1 -1 -1000 -1000 -1000 -10 0.0003719329833984375
Car -1 -1 -10 401.0 0.0 479.0 53.0 -1 -1 -1 -1000 -1000 -1000 -10 0.00035309791564941406
Car -1 -1 -10 0.0 171.0 50.0 248.0 -1 -1 -1 -1000 -1000 -1000 -10 0.0003261566162109375
Car -1 -1 -10 1207.0 120.0 1242.0 280.0 -1 -1 -1 -1000 -1000 -1000 -10 0.00032520294189453125
Car -1 -1 -10 0.0 209.0 34.0 375.0 -1 -1 -1 -1000 -1000 -1000 -10 0.0003216266632080078
Car -1 -1 -10 0.0 162.0 16.0 222.0 -1 -1 -1 -1000 -1000 -1000 -10 0.0003170967102050781
Car -1 -1 -10 1179.0 125.0 1242.0 318.0 -1 -1 -1 -1000 -1000 -1000 -10 0.00031566619873046875
Car -1 -1 -10 161.0 174.0 278.0 216.0 -1 -1 -1 -1000 -1000 -1000 -10 0.0002999305725097656
Car -1 -1 -10 175.0 166.0 221.0 211.0 -1 -1 -1 -1000 -1000 -1000 -10 0.0002989768981933594
Car -1 -1 -10 46.0 187.0 92.0 238.0 -1 -1 -1 -1000 -1000 -1000 -10 0.00029659271240234375
Car -1 -1 -10 1182.0 118.0 1242.0 288.0 -1 -1 -1 -1000 -1000 -1000 -10 0.00029397010803222656
Car -1 -1 -10 409.0 0.0 489.0 54.0 -1 -1 -1 -1000 -1000 -1000 -10 0.0002925395965576172
Car -1 -1 -10 390.0 0.0 468.0 53.0 -1 -1 -1 -1000 -1000 -1000 -10 0.00028777122497558594
Car -1 -1 -10 1211.0 133.0 1242.0 267.0 -1 -1 -1 -1000 -1000 -1000 -10 0.0002808570861816406
Car -1 -1 -10 31.0 145.0 222.0 251.0 -1 -1 -1 -1000 -1000 -1000 -10 0.0002753734588623047
Car -1 -1 -10 1159.0 112.0 1242.0 294.0 -1 -1 -1 -1000 -1000 -1000 -10 0.0002727508544921875
Car -1 -1 -10 52.0 186.0 98.0 235.0 -1 -1 -1 -1000 -1000 -1000 -10 0.0002378225326538086
Car -1 -1 -10 1.0 171.0 22.0 224.0 -1 -1 -1 -1000 -1000 -1000 -10 0.00023162364959716797
Car -1 -1 -10 304.0 0.0 388.0 55.0 -1 -1 -1 -1000 -1000 -1000 -10 0.00022172927856445312
Car -1 -1 -10 1186.0 127.0 1241.0 258.0 -1 -1 -1 -1000 -1000 -1000 -10 0.00021600723266601562
Car -1 -1 -10 1186.0 152.0 1241.0 279.0 -1 -1 -1 -1000 -1000 -1000 -10 0.00021600723266601562
Car -1 -1 -10 0.0 155.0 177.0 271.0 -1 -1 -1 -1000 -1000 -1000 -10 0.00021541118621826172
Car -1 -1 -10 39.0 172.0 199.0 233.0 -1 -1 -1 -1000 -1000 -1000 -10 0.0002142190933227539
Car -1 -1 -10 1165.0 127.0 1241.0 239.0 -1 -1 -1 -1000 -1000 -1000 -10 0.0002073049545288086
Car -1 -1 -10 0.0 202.0 25.0 295.0 -1 -1 -1 -1000 -1000 -1000 -10 0.00020587444305419922
Car -1 -1 -10 1210.0 137.0 1242.0 374.0 -1 -1 -1 -1000 -1000 -1000 -10 0.00019943714141845703
Car -1 -1 -10 89.0 130.0 301.0 267.0 -1 -1 -1 -1000 -1000 -1000 -10 0.00019156932830810547
Car -1 -1 -10 1.0 190.0 22.0 250.0 -1 -1 -1 -1000 -1000 -1000 -10 0.00018894672393798828
Car -1 -1 -10 1206.0 149.0 1242.0 255.0 -1 -1 -1 -1000 -1000 -1000 -10 0.0001817941665649414
Car -1 -1 -10 1192.0 141.0 1241.0 249.0 -1 -1 -1 -1000 -1000 -1000 -10 0.00018131732940673828
Car -1 -1 -10 1188.0 166.0 1242.0 375.0 -1 -1 -1 -1000 -1000 -1000 -10 0.00017917156219482422
Car -1 -1 -10 419.0 0.0 500.0 55.0 -1 -1 -1 -1000 -1000 -1000 -10 0.00017881393432617188
Car -1 -1 -10 1213.0 150.0 1242.0 362.0 -1 -1 -1 -1000 -1000 -1000 -10 0.00017547607421875
Car -1 -1 -10 15.0 134.0 241.0 275.0 -1 -1 -1 -1000 -1000 -1000 -10 0.00017547607421875
Car -1 -1 -10 294.0 1.0 379.0 56.0 -1 -1 -1 -1000 -1000 -1000 -10 0.00016617774963378906
Car -1 -1 -10 153.0 158.0 295.0 206.0 -1 -1 -1 -1000 -1000 -1000 -10 0.00016450881958007812
Car -1 -1 -10 96.0 126.0 295.0 240.0 -1 -1 -1 -1000 -1000 -1000 -10 0.00016319751739501953
Car -1 -1 -10 229.0 5.0 318.0 61.0 -1 -1 -1 -1000 -1000 -1000 -10 0.00015974044799804688
Car -1 -1 -10 1210.0 144.0 1242.0 243.0 -1 -1 -1 -1000 -1000 -1000 -10 0.0001590251922607422
Car -1 -1 -10 314.0 0.0 397.0 55.0 -1 -1 -1 -1000 -1000 -1000 -10 0.00015592575073242188
Car -1 -1 -10 822.0 167.0 905.0 224.0 -1 -1 -1 -1000 -1000 -1000 -10 0.00015592575073242188
Car -1 -1 -10 1189.0 144.0 1242.0 265.0 -1 -1 -1 -1000 -1000 -1000 -10 0.0001519918441772461
Car -1 -1 -10 188.0 165.0 268.0 210.0 -1 -1 -1 -1000 -1000 -1000 -10 0.00015020370483398438
Car -1 -1 -10 284.0 1.0 368.0 56.0 -1 -1 -1 -1000 -1000 -1000 -10 0.00014984607696533203
Car -1 -1 -10 1113.0 112.0 1240.0 341.0 -1 -1 -1 -1000 -1000 -1000 -10 0.00014710426330566406
Car -1 -1 -10 325.0 0.0 406.0 54.0 -1 -1 -1 -1000 -1000 -1000 -10 0.0001392364501953125
Car -1 -1 -10 101.0 182.0 144.0 223.0 -1 -1 -1 -1000 -1000 -1000 -10 0.00013840198516845703
Car -1 -1 -10 0.0 165.0 10.0 212.0 -1 -1 -1 -1000 -1000 -1000 -10 0.00013685226440429688
Car -1 -1 -10 28.0 186.0 108.0 240.0 -1 -1 -1 -1000 -1000 -1000 -10 0.00013637542724609375
Car -1 -1 -10 23.0 189.0 103.0 248.0 -1 -1 -1 -1000 -1000 -1000 -10 0.00013637542724609375
Car -1 -1 -10 0.0 202.0 43.0 345.0 -1 -1 -1 -1000 -1000 -1000 -10 0.0001329183578491211
Car -1 -1 -10 0.0 207.0 23.0 311.0 -1 -1 -1 -1000 -1000 -1000 -10 0.00012934207916259766
Car -1 -1 -10 349.0 0.0 430.0 53.0 -1 -1 -1 -1000 -1000 -1000 -10 0.0001277923583984375
Car -1 -1 -10 220.0 0.0 305.0 58.0 -1 -1 -1 -1000 -1000 -1000 -10 0.0001266002655029297
Car -1 -1 -10 1101.0 127.0 1242.0 356.0 -1 -1 -1 -1000 -1000 -1000 -10 0.00012069940567016602
Car -1 -1 -10 0.0 166.0 25.0 219.0 -1 -1 -1 -1000 -1000 -1000 -10 0.00011909008026123047
Car -1 -1 -10 1.0 178.0 40.0 237.0 -1 -1 -1 -1000 -1000 -1000 -10 0.00011593103408813477
Car -1 -1 -10 46.0 173.0 193.0 220.0 -1 -1 -1 -1000 -1000 -1000 -10 0.00011545419692993164
Car -1 -1 -10 1201.0 156.0 1242.0 271.0 -1 -1 -1 -1000 -1000 -1000 -10 0.00011181831359863281
Car -1 -1 -10 140.0 130.0 358.0 263.0 -1 -1 -1 -1000 -1000 -1000 -10 0.00010704994201660156
Car -1 -1 -10 276.0 1.0 357.0 56.0 -1 -1 -1 -1000 -1000 -1000 -10 0.0001062154769897461
Car -1 -1 -10 172.0 154.0 303.0 215.0 -1 -1 -1 -1000 -1000 -1000 -10 0.00010436773300170898
Car -1 -1 -10 2.0 181.0 36.0 231.0 -1 -1 -1 -1000 -1000 -1000 -10 0.00010401010513305664
Car -1 -1 -10 0.0 170.0 8.0 206.0 -1 -1 -1 -1000 -1000 -1000 -10 0.00010007619857788086
