Car -1 -1 -10 620.0 168.0 699.0 210.0 -1 -1 -1 -1000 -1000 -1000 -10 0.953125
Car -1 -1 -10 476.0 165.0 542.0 210.0 -1 -1 -1 -1000 -1000 -1000 -10 0.943359375
Car -1 -1 -10 348.0 167.0 467.0 243.0 -1 -1 -1 -1000 -1000 -1000 -10 0.94091796875
Car -1 -1 -10 499.0 160.0 556.0 203.0 -1 -1 -1 -1000 -1000 -1000 -10 0.91455078125
Car -1 -1 -10 529.0 166.0 563.0 193.0 -1 -1 -1 -1000 -1000 -1000 -10 0.8759765625
Car -1 -1 -10 478.0 165.0 553.0 208.0 -1 -1 -1 -1000 -1000 -1000 -10 0.6669921875
Car -1 -1 -10 508.0 162.0 556.0 205.0 -1 -1 -1 -1000 -1000 -1000 -10 0.255615234375
Car -1 -1 -10 526.0 163.0 564.0 195.0 -1 -1 -1 -1000 -1000 -1000 -10 0.2296142578125
Car -1 -1 -10 530.0 163.0 565.0 190.0 -1 -1 -1 -1000 -1000 -1000 -10 0.1385498046875
Car -1 -1 -10 532.0 171.0 563.0 194.0 -1 -1 -1 -1000 -1000 -1000 -10 0.0163726806640625
Car -1 -1 -10 519.0 160.0 561.0 198.0 -1 -1 -1 -1000 -1000 -1000 -10 0.003932952880859375
Car -1 -1 -10 334.0 168.0 465.0 251.0 -1 -1 -1 -1000 -1000 -1000 -10 0.0028057098388671875
Car -1 -1 -10 343.0 157.0 478.0 257.0 -1 -1 -1 -1000 -1000 -1000 -10 0.0011749267578125
Car -1 -1 -10 476.0 156.0 552.0 225.0 -1 -1 -1 -1000 -1000 -1000 -10 0.0011472702026367188
Car -1 -1 -10 614.0 160.0 702.0 222.0 -1 -1 -1 -1000 -1000 -1000 -10 0.0008740425109863281
Car -1 -1 -10 1100.0 186.0 1242.0 304.0 -1 -1 -1 -1000 -1000 -1000 -10 0.0008678436279296875
Car -1 -1 -10 477.0 148.0 556.0 212.0 -1 -1 -1 -1000 -1000 -1000 -10 0.0007944107055664062
Car -1 -1 -10 466.0 161.0 542.0 221.0 -1 -1 -1 -1000 -1000 -1000 -10 0.0007643699645996094
Car -1 -1 -10 485.0 165.0 536.0 206.0 -1 -1 -1 -1000 -1000 -1000 -10 0.0007114410400390625
Car -1 -1 -10 774.0 47.0 784.0 59.0 -1 -1 -1 -1000 -1000 -1000 -10 0.0004897117614746094
Car -1 -1 -10 362.0 167.0 466.0 236.0 -1 -1 -1 -1000 -1000 -1000 -10 0.00048542022705078125
Car -1 -1 -10 0.0 216.0 18.0 375.0 -1 -1 -1 -1000 -1000 -1000 -10 0.0004801750183105469
Car -1 -1 -10 1117.0 187.0 1239.0 320.0 -1 -1 -1 -1000 -1000 -1000 -10 0.00043487548828125
Car -1 -1 -10 1186.0 177.0 1242.0 307.0 -1 -1 -1 -1000 -1000 -1000 -10 0.00043129920959472656
Car -1 -1 -10 1087.0 206.0 1239.0 287.0 -1 -1 -1 -1000 -1000 -1000 -10 0.0004258155822753906
Car -1 -1 -10 430.0 130.0 605.0 269.0 -1 -1 -1 -1000 -1000 -1000 -10 0.00041866302490234375
Car -1 -1 -10 495.0 149.0 563.0 210.0 -1 -1 -1 -1000 -1000 -1000 -10 0.00038909912109375
Car -1 -1 -10 1140.0 183.0 1241.0 331.0 -1 -1 -1 -1000 -1000 -1000 -10 0.00036835670471191406
Car -1 -1 -10 766.0 45.0 780.0 57.0 -1 -1 -1 -1000 -1000 -1000 -10 0.0003600120544433594
Car -1 -1 -10 1145.0 182.0 1241.0 307.0 -1 -1 -1 -1000 -1000 -1000 -10 0.0003361701965332031
Car -1 -1 -10 1187.0 178.0 1241.0 335.0 -1 -1 -1 -1000 -1000 -1000 -10 0.000331878662109375
Car -1 -1 -10 467.0 155.0 543.0 215.0 -1 -1 -1 -1000 -1000 -1000 -10 0.0003273487091064453
Car -1 -1 -10 0.0 196.0 19.0 369.0 -1 -1 -1 -1000 -1000 -1000 -10 0.0003261566162109375
Car -1 -1 -10 544.0 164.0 566.0 183.0 -1 -1 -1 -1000 -1000 -1000 -10 0.0003185272216796875
Car -1 -1 -10 562.0 132.0 737.0 268.0 -1 -1 -1 -1000 -1000 -1000 -10 0.00029587745666503906
Car -1 -1 -10 570.0 121.0 732.0 236.0 -1 -1 -1 -1000 -1000 -1000 -10 0.0002803802490234375
Car -1 -1 -10 0.0 241.0 18.0 375.0 -1 -1 -1 -1000 -1000 -1000 -10 0.00026798248291015625
Car -1 -1 -10 1122.0 178.0 1240.0 295.0 -1 -1 -1 -1000 -1000 -1000 -10 0.0002453327178955078
Car -1 -1 -10 542.0 162.0 571.0 182.0 -1 -1 -1 -1000 -1000 -1000 -10 0.0002359151840209961
Car -1 -1 -10 1168.0 181.0 1241.0 327.0 -1 -1 -1 -1000 -1000 -1000 -10 0.00023496150970458984
Car -1 -1 -10 584.0 131.0 757.0 268.0 -1 -1 -1 -1000 -1000 -1000 -10 0.00023365020751953125
Car -1 -1 -10 0.0 211.0 24.0 375.0 -1 -1 -1 -1000 -1000 -1000 -10 0.00022685527801513672
Car -1 -1 -10 1071.0 192.0 1241.0 313.0 -1 -1 -1 -1000 -1000 -1000 -10 0.00022554397583007812
Car -1 -1 -10 1209.0 173.0 1242.0 310.0 -1 -1 -1 -1000 -1000 -1000 -10 0.0002231597900390625
Car -1 -1 -10 1169.0 193.0 1242.0 299.0 -1 -1 -1 -1000 -1000 -1000 -10 0.00021910667419433594
Car -1 -1 -10 0.0 254.0 11.0 375.0 -1 -1 -1 -1000 -1000 -1000 -10 0.00021266937255859375
Car -1 -1 -10 1145.0 182.0 1242.0 375.0 -1 -1 -1 -1000 -1000 -1000 -10 0.00020635128021240234
Car -1 -1 -10 1089.0 177.0 1242.0 331.0 -1 -1 -1 -1000 -1000 -1000 -10 0.00020110607147216797
Car -1 -1 -10 380.0 0.0 415.0 12.0 -1 -1 -1 -1000 -1000 -1000 -10 0.00020039081573486328
Car -1 -1 -10 0.0 191.0 24.0 373.0 -1 -1 -1 -1000 -1000 -1000 -10 0.00019478797912597656
Car -1 -1 -10 1189.0 183.0 1242.0 375.0 -1 -1 -1 -1000 -1000 -1000 -10 0.00019061565399169922
Car -1 -1 -10 539.0 162.0 566.0 182.0 -1 -1 -1 -1000 -1000 -1000 -10 0.00018870830535888672
Car -1 -1 -10 426.0 113.0 600.0 239.0 -1 -1 -1 -1000 -1000 -1000 -10 0.0001825094223022461
Car -1 -1 -10 1210.0 175.0 1242.0 342.0 -1 -1 -1 -1000 -1000 -1000 -10 0.00017344951629638672
Car -1 -1 -10 1188.0 216.0 1242.0 375.0 -1 -1 -1 -1000 -1000 -1000 -10 0.00017189979553222656
Car -1 -1 -10 1134.0 196.0 1241.0 364.0 -1 -1 -1 -1000 -1000 -1000 -10 0.00016629695892333984
Car -1 -1 -10 0.0 184.0 20.0 343.0 -1 -1 -1 -1000 -1000 -1000 -10 0.00015628337860107422
Car -1 -1 -10 1151.0 216.0 1242.0 375.0 -1 -1 -1 -1000 -1000 -1000 -10 0.0001424551010131836
Car -1 -1 -10 1101.0 189.0 1242.0 373.0 -1 -1 -1 -1000 -1000 -1000 -10 0.00013911724090576172
Car -1 -1 -10 1182.0 197.0 1242.0 371.0 -1 -1 -1 -1000 -1000 -1000 -10 0.00013589859008789062
Car -1 -1 -10 1053.0 186.0 1239.0 284.0 -1 -1 -1 -1000 -1000 -1000 -10 0.00013577938079833984
Car -1 -1 -10 1175.0 167.0 1242.0 297.0 -1 -1 -1 -1000 -1000 -1000 -10 0.00013530254364013672
Car -1 -1 -10 1212.0 213.0 1242.0 375.0 -1 -1 -1 -1000 -1000 -1000 -10 0.00013065338134765625
Car -1 -1 -10 761.0 44.0 783.0 58.0 -1 -1 -1 -1000 -1000 -1000 -10 0.0001271963119506836
Car -1 -1 -10 407.0 121.0 579.0 239.0 -1 -1 -1 -1000 -1000 -1000 -10 0.0001264810562133789
Car -1 -1 -10 0.0 167.0 22.0 320.0 -1 -1 -1 -1000 -1000 -1000 -10 0.00012612342834472656
Car -1 -1 -10 766.0 46.0 792.0 60.0 -1 -1 -1 -1000 -1000 -1000 -10 0.00012421607971191406
Car -1 -1 -10 460.0 113.0 618.0 239.0 -1 -1 -1 -1000 -1000 -1000 -10 0.00012350082397460938
Car -1 -1 -10 376.0 0.0 419.0 12.0 -1 -1 -1 -1000 -1000 -1000 -10 0.00011789798736572266
Car -1 -1 -10 314.0 165.0 434.0 237.0 -1 -1 -1 -1000 -1000 -1000 -10 0.00011712312698364258
Car -1 -1 -10 363.0 170.0 469.0 252.0 -1 -1 -1 -1000 -1000 -1000 -10 0.00011461973190307617
Car -1 -1 -10 0.0 150.0 52.0 295.0 -1 -1 -1 -1000 -1000 -1000 -10 0.00011348724365234375
Car -1 -1 -10 1151.0 198.0 1241.0 295.0 -1 -1 -1 -1000 -1000 -1000 -10 0.00011223554611206055
Car -1 -1 -10 0.0 175.0 51.0 337.0 -1 -1 -1 -1000 -1000 -1000 -10 0.00010943412780761719
Car -1 -1 -10 1212.0 184.0 1242.0 375.0 -1 -1 -1 -1000 -1000 -1000 -10 0.00010687112808227539
Car -1 -1 -10 532.0 160.0 567.0 195.0 -1 -1 -1 -1000 -1000 -1000 -10 0.00010341405868530273
Car -1 -1 -10 0.0 174.0 26.0 352.0 -1 -1 -1 -1000 -1000 -1000 -10 0.00010317564010620117
