Car -1 -1 -10 433.0 185.0 524.0 246.0 -1 -1 -1 -1000 -1000 -1000 -10 0.95947265625
Car -1 -1 -10 549.0 180.0 579.0 201.0 -1 -1 -1 -1000 -1000 -1000 -10 0.9384765625
Car -1 -1 -10 549.0 178.0 581.0 208.0 -1 -1 -1 -1000 -1000 -1000 -10 0.0009560585021972656
Car -1 -1 -10 548.0 174.0 582.0 205.0 -1 -1 -1 -1000 -1000 -1000 -10 0.0009546279907226562
Car -1 -1 -10 404.0 159.0 551.0 269.0 -1 -1 -1 -1000 -1000 -1000 -10 0.000881195068359375
Car -1 -1 -10 1219.0 159.0 1242.0 363.0 -1 -1 -1 -1000 -1000 -1000 -10 0.00038552284240722656
Car -1 -1 -10 1215.0 168.0 1242.0 375.0 -1 -1 -1 -1000 -1000 -1000 -10 0.00017154216766357422
Car -1 -1 -10 1215.0 145.0 1242.0 343.0 -1 -1 -1 -1000 -1000 -1000 -10 0.0001304149627685547
Car -1 -1 -10 1221.0 119.0 1242.0 232.0 -1 -1 -1 -1000 -1000 -1000 -10 0.00011849403381347656
Car -1 -1 -10 1208.0 154.0 1242.0 365.0 -1 -1 -1 -1000 -1000 -1000 -10 0.00011485815048217773
