Car -1 -1 -10 269.0 178.0 349.0 207.0 -1 -1 -1 -1000 -1000 -1000 -10 0.9384765625
Car -1 -1 -10 522.0 169.0 584.0 190.0 -1 -1 -1 -1000 -1000 -1000 -10 0.927734375
Car -1 -1 -10 424.0 171.0 485.0 198.0 -1 -1 -1 -1000 -1000 -1000 -10 0.9150390625
Car -1 -1 -10 372.0 176.0 434.0 197.0 -1 -1 -1 -1000 -1000 -1000 -10 0.90869140625
Car -1 -1 -10 984.0 161.0 1042.0 183.0 -1 -1 -1 -1000 -1000 -1000 -10 0.0640869140625
Car -1 -1 -10 374.0 177.0 437.0 199.0 -1 -1 -1 -1000 -1000 -1000 -10 0.0129241943359375
Car -1 -1 -10 423.0 173.0 476.0 197.0 -1 -1 -1 -1000 -1000 -1000 -10 0.01221466064453125
Car -1 -1 -10 379.0 176.0 430.0 196.0 -1 -1 -1 -1000 -1000 -1000 -10 0.00601959228515625
Car -1 -1 -10 521.0 171.0 584.0 193.0 -1 -1 -1 -1000 -1000 -1000 -10 0.002681732177734375
Car -1 -1 -10 526.0 170.0 577.0 189.0 -1 -1 -1 -1000 -1000 -1000 -10 0.002349853515625
Car -1 -1 -10 983.0 159.0 1049.0 182.0 -1 -1 -1 -1000 -1000 -1000 -10 0.0018663406372070312
Car -1 -1 -10 425.0 169.0 484.0 195.0 -1 -1 -1 -1000 -1000 -1000 -10 0.0014171600341796875
Car -1 -1 -10 430.0 172.0 482.0 196.0 -1 -1 -1 -1000 -1000 -1000 -10 0.0010471343994140625
Car -1 -1 -10 370.0 173.0 436.0 206.0 -1 -1 -1 -1000 -1000 -1000 -10 0.0009927749633789062
Car -1 -1 -10 520.0 164.0 587.0 194.0 -1 -1 -1 -1000 -1000 -1000 -10 0.0007228851318359375
Car -1 -1 -10 421.0 169.0 485.0 204.0 -1 -1 -1 -1000 -1000 -1000 -10 0.0006947517395019531
Car -1 -1 -10 0.0 189.0 13.0 255.0 -1 -1 -1 -1000 -1000 -1000 -10 0.0006351470947265625
Car -1 -1 -10 0.0 185.0 11.0 244.0 -1 -1 -1 -1000 -1000 -1000 -10 0.0004906654357910156
Car -1 -1 -10 0.0 189.0 16.0 256.0 -1 -1 -1 -1000 -1000 -1000 -10 0.00047850608825683594
Car -1 -1 -10 370.0 171.0 436.0 201.0 -1 -1 -1 -1000 -1000 -1000 -10 0.0004742145538330078
Car -1 -1 -10 523.0 166.0 582.0 187.0 -1 -1 -1 -1000 -1000 -1000 -10 0.0004734992980957031
Car -1 -1 -10 425.0 175.0 472.0 199.0 -1 -1 -1 -1000 -1000 -1000 -10 0.00043702125549316406
Car -1 -1 -10 0.0 193.0 14.0 268.0 -1 -1 -1 -1000 -1000 -1000 -10 0.000431060791015625
Car -1 -1 -10 0.0 198.0 18.0 270.0 -1 -1 -1 -1000 -1000 -1000 -10 0.0004296302795410156
Car -1 -1 -10 986.0 163.0 1037.0 183.0 -1 -1 -1 -1000 -1000 -1000 -10 0.00039005279541015625
Car -1 -1 -10 0.0 191.0 10.0 237.0 -1 -1 -1 -1000 -1000 -1000 -10 0.00036215782165527344
Car -1 -1 -10 517.0 171.0 575.0 190.0 -1 -1 -1 -1000 -1000 -1000 -10 0.00035309791564941406
Car -1 -1 -10 266.0 174.0 351.0 210.0 -1 -1 -1 -1000 -1000 -1000 -10 0.0003376007080078125
Car -1 -1 -10 0.0 196.0 12.0 248.0 -1 -1 -1 -1000 -1000 -1000 -10 0.00032448768615722656
Car -1 -1 -10 280.0 180.0 331.0 203.0 -1 -1 -1 -1000 -1000 -1000 -10 0.00024318695068359375
Cyclist -1 -1 -10 1225.0 140.0 1242.0 307.0 -1 -1 -1 -1000 -1000 -1000 -10 0.00021123886108398438
Car -1 -1 -10 0.0 199.0 24.0 269.0 -1 -1 -1 -1000 -1000 -1000 -10 0.0002034902572631836
Car -1 -1 -10 0.0 174.0 10.0 236.0 -1 -1 -1 -1000 -1000 -1000 -10 0.00019478797912597656
Car -1 -1 -10 287.0 180.0 339.0 202.0 -1 -1 -1 -1000 -1000 -1000 -10 0.0001811981201171875
Car -1 -1 -10 0.0 181.0 23.0 265.0 -1 -1 -1 -1000 -1000 -1000 -10 0.00016689300537109375
Car -1 -1 -10 258.0 164.0 357.0 228.0 -1 -1 -1 -1000 -1000 -1000 -10 0.00016355514526367188
Car -1 -1 -10 0.0 192.0 22.0 254.0 -1 -1 -1 -1000 -1000 -1000 -10 0.00016307830810546875
Car -1 -1 -10 1219.0 146.0 1242.0 363.0 -1 -1 -1 -1000 -1000 -1000 -10 0.00016248226165771484
Car -1 -1 -10 0.0 203.0 13.0 257.0 -1 -1 -1 -1000 -1000 -1000 -10 0.00015926361083984375
Car -1 -1 -10 0.0 200.0 14.0 280.0 -1 -1 -1 -1000 -1000 -1000 -10 0.00015544891357421875
Cyclist -1 -1 -10 1229.0 156.0 1242.0 274.0 -1 -1 -1 -1000 -1000 -1000 -10 0.00015485286712646484
Car -1 -1 -10 259.0 159.0 356.0 216.0 -1 -1 -1 -1000 -1000 -1000 -10 0.0001500844955444336
Car -1 -1 -10 0.0 206.0 19.0 303.0 -1 -1 -1 -1000 -1000 -1000 -10 0.0001392364501953125
Car -1 -1 -10 369.0 177.0 427.0 198.0 -1 -1 -1 -1000 -1000 -1000 -10 0.00013720989227294922
Car -1 -1 -10 373.0 175.0 422.0 196.0 -1 -1 -1 -1000 -1000 -1000 -10 0.0001341104507446289
Car -1 -1 -10 1202.0 149.0 1242.0 372.0 -1 -1 -1 -1000 -1000 -1000 -10 0.00013208389282226562
Car -1 -1 -10 0.0 168.0 15.0 244.0 -1 -1 -1 -1000 -1000 -1000 -10 0.00012767314910888672
Car -1 -1 -10 433.0 172.0 489.0 197.0 -1 -1 -1 -1000 -1000 -1000 -10 0.00012385845184326172
Car -1 -1 -10 1214.0 133.0 1242.0 375.0 -1 -1 -1 -1000 -1000 -1000 -10 0.00012099742889404297
Car -1 -1 -10 0.0 183.0 10.0 226.0 -1 -1 -1 -1000 -1000 -1000 -10 0.0001156926155090332
Car -1 -1 -10 263.0 171.0 342.0 204.0 -1 -1 -1 -1000 -1000 -1000 -10 0.00011110305786132812
Cyclist -1 -1 -10 1223.0 140.0 1242.0 339.0 -1 -1 -1 -1000 -1000 -1000 -10 0.00010907649993896484
Car -1 -1 -10 280.0 179.0 353.0 206.0 -1 -1 -1 -1000 -1000 -1000 -10 0.00010704994201660156
Pedestrian -1 -1 -10 203.0 4.0 261.0 52.0 -1 -1 -1 -1000 -1000 -1000 -10 0.00010597705841064453
Car -1 -1 -10 0.0 195.0 20.0 266.0 -1 -1 -1 -1000 -1000 -1000 -10 0.00010246038436889648
