Cyclist -1 -1 -10 2.0 178.0 188.0 374.0 -1 -1 -1 -1000 -1000 -1000 -10 0.9111328125
Car -1 -1 -10 605.0 178.0 635.0 207.0 -1 -1 -1 -1000 -1000 -1000 -10 0.90380859375
Cyclist -1 -1 -10 1.0 149.0 141.0 374.0 -1 -1 -1 -1000 -1000 -1000 -10 0.3740234375
Cyclist -1 -1 -10 0.0 117.0 111.0 375.0 -1 -1 -1 -1000 -1000 -1000 -10 0.0977783203125
Cyclist -1 -1 -10 0.0 136.0 97.0 372.0 -1 -1 -1 -1000 -1000 -1000 -10 0.061065673828125
Cyclist -1 -1 -10 3.0 138.0 81.0 375.0 -1 -1 -1 -1000 -1000 -1000 -10 0.0215606689453125
Cyclist -1 -1 -10 12.0 182.0 165.0 371.0 -1 -1 -1 -1000 -1000 -1000 -10 0.0198974609375
Cyclist -1 -1 -10 0.0 169.0 126.0 371.0 -1 -1 -1 -1000 -1000 -1000 -10 0.01666259765625
Cyclist -1 -1 -10 0.0 88.0 73.0 374.0 -1 -1 -1 -1000 -1000 -1000 -10 0.01526641845703125
Cyclist -1 -1 -10 0.0 170.0 77.0 374.0 -1 -1 -1 -1000 -1000 -1000 -10 0.01027679443359375
Cyclist -1 -1 -10 0.0 142.0 43.0 374.0 -1 -1 -1 -1000 -1000 -1000 -10 0.00962066650390625
Cyclist -1 -1 -10 1.0 71.0 107.0 375.0 -1 -1 -1 -1000 -1000 -1000 -10 0.008819580078125
Car -1 -1 -10 610.0 178.0 637.0 204.0 -1 -1 -1 -1000 -1000 -1000 -10 0.007183074951171875
Cyclist -1 -1 -10 3.0 133.0 176.0 375.0 -1 -1 -1 -1000 -1000 -1000 -10 0.006999969482421875
Cyclist -1 -1 -10 3.0 56.0 76.0 375.0 -1 -1 -1 -1000 -1000 -1000 -10 0.00414276123046875
Cyclist -1 -1 -10 0.0 95.0 42.0 375.0 -1 -1 -1 -1000 -1000 -1000 -10 0.003734588623046875
Cyclist -1 -1 -10 0.0 135.0 115.0 371.0 -1 -1 -1 -1000 -1000 -1000 -10 0.00342559814453125
Cyclist -1 -1 -10 1.0 85.0 139.0 374.0 -1 -1 -1 -1000 -1000 -1000 -10 0.003173828125
Car -1 -1 -10 627.0 165.0 648.0 189.0 -1 -1 -1 -1000 -1000 -1000 -10 0.0019073486328125
Pedestrian -1 -1 -10 0.0 225.0 58.0 368.0 -1 -1 -1 -1000 -1000 -1000 -10 0.001560211181640625
Cyclist -1 -1 -10 0.0 113.0 137.0 349.0 -1 -1 -1 -1000 -1000 -1000 -10 0.0013322830200195312
Cyclist -1 -1 -10 0.0 173.0 38.0 373.0 -1 -1 -1 -1000 -1000 -1000 -10 0.0012807846069335938
Cyclist -1 -1 -10 3.0 27.0 67.0 375.0 -1 -1 -1 -1000 -1000 -1000 -10 0.0012302398681640625
Pedestrian -1 -1 -10 0.0 231.0 42.0 371.0 -1 -1 -1 -1000 -1000 -1000 -10 0.001117706298828125
Car -1 -1 -10 632.0 171.0 649.0 195.0 -1 -1 -1 -1000 -1000 -1000 -10 0.0009088516235351562
Cyclist -1 -1 -10 0.0 210.0 122.0 367.0 -1 -1 -1 -1000 -1000 -1000 -10 0.0007982254028320312
Cyclist -1 -1 -10 0.0 63.0 39.0 375.0 -1 -1 -1 -1000 -1000 -1000 -10 0.0006604194641113281
Cyclist -1 -1 -10 12.0 145.0 161.0 367.0 -1 -1 -1 -1000 -1000 -1000 -10 0.0006089210510253906
Car -1 -1 -10 626.0 169.0 646.0 194.0 -1 -1 -1 -1000 -1000 -1000 -10 0.0006041526794433594
Cyclist -1 -1 -10 0.0 127.0 108.0 340.0 -1 -1 -1 -1000 -1000 -1000 -10 0.000591278076171875
Car -1 -1 -10 602.0 179.0 629.0 206.0 -1 -1 -1 -1000 -1000 -1000 -10 0.0005483627319335938
Cyclist -1 -1 -10 0.0 171.0 107.0 371.0 -1 -1 -1 -1000 -1000 -1000 -10 0.000545501708984375
Cyclist -1 -1 -10 0.0 86.0 103.0 371.0 -1 -1 -1 -1000 -1000 -1000 -10 0.0005278587341308594
Cyclist -1 -1 -10 2.0 217.0 183.0 371.0 -1 -1 -1 -1000 -1000 -1000 -10 0.0005064010620117188
Cyclist -1 -1 -10 1.0 250.0 72.0 375.0 -1 -1 -1 -1000 -1000 -1000 -10 0.0004916191101074219
Cyclist -1 -1 -10 0.0 246.0 116.0 373.0 -1 -1 -1 -1000 -1000 -1000 -10 0.0004897117614746094
Pedestrian -1 -1 -10 0.0 215.0 34.0 374.0 -1 -1 -1 -1000 -1000 -1000 -10 0.00046181678771972656
Cyclist -1 -1 -10 1.0 17.0 60.0 349.0 -1 -1 -1 -1000 -1000 -1000 -10 0.00042557716369628906
Cyclist -1 -1 -10 0.0 216.0 72.0 367.0 -1 -1 -1 -1000 -1000 -1000 -10 0.0003848075866699219
Car -1 -1 -10 603.0 176.0 635.0 211.0 -1 -1 -1 -1000 -1000 -1000 -10 0.0003647804260253906
Cyclist -1 -1 -10 1.0 239.0 160.0 374.0 -1 -1 -1 -1000 -1000 -1000 -10 0.0003275871276855469
Cyclist -1 -1 -10 29.0 175.0 176.0 373.0 -1 -1 -1 -1000 -1000 -1000 -10 0.00031495094299316406
Car -1 -1 -10 564.0 186.0 589.0 212.0 -1 -1 -1 -1000 -1000 -1000 -10 0.00031065940856933594
Cyclist -1 -1 -10 0.0 235.0 78.0 370.0 -1 -1 -1 -1000 -1000 -1000 -10 0.0002987384796142578
Car -1 -1 -10 626.0 166.0 647.0 194.0 -1 -1 -1 -1000 -1000 -1000 -10 0.00029730796813964844
Pedestrian -1 -1 -10 0.0 252.0 32.0 373.0 -1 -1 -1 -1000 -1000 -1000 -10 0.0002772808074951172
Cyclist -1 -1 -10 2.0 121.0 77.0 336.0 -1 -1 -1 -1000 -1000 -1000 -10 0.0002658367156982422
Cyclist -1 -1 -10 2.0 31.0 101.0 353.0 -1 -1 -1 -1000 -1000 -1000 -10 0.0002620220184326172
Cyclist -1 -1 -10 0.0 102.0 33.0 342.0 -1 -1 -1 -1000 -1000 -1000 -10 0.000255584716796875
Car -1 -1 -10 566.0 189.0 588.0 215.0 -1 -1 -1 -1000 -1000 -1000 -10 0.0002491474151611328
Car -1 -1 -10 569.0 188.0 590.0 215.0 -1 -1 -1 -1000 -1000 -1000 -10 0.0002455711364746094
Cyclist -1 -1 -10 0.0 76.0 68.0 334.0 -1 -1 -1 -1000 -1000 -1000 -10 0.00021600723266601562
Car -1 -1 -10 605.0 184.0 632.0 213.0 -1 -1 -1 -1000 -1000 -1000 -10 0.00018775463104248047
Car -1 -1 -10 674.0 88.0 697.0 110.0 -1 -1 -1 -1000 -1000 -1000 -10 0.00018203258514404297
Cyclist -1 -1 -10 1.0 217.0 57.0 358.0 -1 -1 -1 -1000 -1000 -1000 -10 0.0001741647720336914
Pedestrian -1 -1 -10 0.0 236.0 17.0 370.0 -1 -1 -1 -1000 -1000 -1000 -10 0.00017082691192626953
Car -1 -1 -10 627.0 160.0 650.0 186.0 -1 -1 -1 -1000 -1000 -1000 -10 0.0001550912857055664
Car -1 -1 -10 587.0 182.0 615.0 210.0 -1 -1 -1 -1000 -1000 -1000 -10 0.00015461444854736328
Car -1 -1 -10 596.0 188.0 616.0 210.0 -1 -1 -1 -1000 -1000 -1000 -10 0.0001531839370727539
Pedestrian -1 -1 -10 0.0 227.0 15.0 364.0 -1 -1 -1 -1000 -1000 -1000 -10 0.00015211105346679688
Car -1 -1 -10 577.0 338.0 628.0 367.0 -1 -1 -1 -1000 -1000 -1000 -10 0.00014913082122802734
Cyclist -1 -1 -10 7.0 122.0 169.0 334.0 -1 -1 -1 -1000 -1000 -1000 -10 0.00014901161193847656
Cyclist -1 -1 -10 3.0 188.0 77.0 327.0 -1 -1 -1 -1000 -1000 -1000 -10 0.0001310110092163086
Cyclist -1 -1 -10 0.0 84.0 106.0 335.0 -1 -1 -1 -1000 -1000 -1000 -10 0.0001310110092163086
Cyclist -1 -1 -10 9.0 184.0 228.0 375.0 -1 -1 -1 -1000 -1000 -1000 -10 0.0001252889633178711
Cyclist -1 -1 -10 0.0 27.0 138.0 352.0 -1 -1 -1 -1000 -1000 -1000 -10 0.0001131892204284668
Car -1 -1 -10 568.0 337.0 639.0 368.0 -1 -1 -1 -1000 -1000 -1000 -10 0.0001074671745300293
Cyclist -1 -1 -10 1.0 34.0 34.0 330.0 -1 -1 -1 -1000 -1000 -1000 -10 0.00010597705841064453
