Car -1 -1 -10 518.0 182.0 560.0 212.0 -1 -1 -1 -1000 -1000 -1000 -10 0.9599609375
Car -1 -1 -10 564.0 179.0 586.0 195.0 -1 -1 -1 -1000 -1000 -1000 -10 0.9111328125
Car -1 -1 -10 513.0 167.0 576.0 229.0 -1 -1 -1 -1000 -1000 -1000 -10 0.00067138671875
Car -1 -1 -10 1223.0 167.0 1242.0 267.0 -1 -1 -1 -1000 -1000 -1000 -10 0.0006670951843261719
Car -1 -1 -10 506.0 167.0 566.0 229.0 -1 -1 -1 -1000 -1000 -1000 -10 0.0006561279296875
Car -1 -1 -10 1228.0 181.0 1242.0 268.0 -1 -1 -1 -1000 -1000 -1000 -10 0.0005497932434082031
Car -1 -1 -10 513.0 164.0 567.0 220.0 -1 -1 -1 -1000 -1000 -1000 -10 0.0004620552062988281
Car -1 -1 -10 1224.0 167.0 1242.0 304.0 -1 -1 -1 -1000 -1000 -1000 -10 0.0004127025604248047
Car -1 -1 -10 1221.0 149.0 1242.0 255.0 -1 -1 -1 -1000 -1000 -1000 -10 0.0003864765167236328
Car -1 -1 -10 1217.0 160.0 1242.0 275.0 -1 -1 -1 -1000 -1000 -1000 -10 0.00037550926208496094
Car -1 -1 -10 1227.0 171.0 1242.0 257.0 -1 -1 -1 -1000 -1000 -1000 -10 0.00036835670471191406
Car -1 -1 -10 434.0 135.0 608.0 274.0 -1 -1 -1 -1000 -1000 -1000 -10 0.00035381317138671875
Car -1 -1 -10 1217.0 171.0 1242.0 254.0 -1 -1 -1 -1000 -1000 -1000 -10 0.00033664703369140625
Car -1 -1 -10 518.0 178.0 562.0 214.0 -1 -1 -1 -1000 -1000 -1000 -10 0.00031304359436035156
Car -1 -1 -10 1199.0 137.0 1242.0 265.0 -1 -1 -1 -1000 -1000 -1000 -10 0.00031065940856933594
Car -1 -1 -10 473.0 136.0 633.0 274.0 -1 -1 -1 -1000 -1000 -1000 -10 0.0003018379211425781
Car -1 -1 -10 1219.0 181.0 1242.0 265.0 -1 -1 -1 -1000 -1000 -1000 -10 0.00028705596923828125
Car -1 -1 -10 1215.0 138.0 1242.0 266.0 -1 -1 -1 -1000 -1000 -1000 -10 0.00028014183044433594
Car -1 -1 -10 478.0 125.0 626.0 242.0 -1 -1 -1 -1000 -1000 -1000 -10 0.00027823448181152344
Car -1 -1 -10 1208.0 166.0 1242.0 269.0 -1 -1 -1 -1000 -1000 -1000 -10 0.0002493858337402344
Cyclist -1 -1 -10 1207.0 156.0 1242.0 372.0 -1 -1 -1 -1000 -1000 -1000 -10 0.00021839141845703125
Car -1 -1 -10 1220.0 116.0 1242.0 250.0 -1 -1 -1 -1000 -1000 -1000 -10 0.0002180337905883789
Car -1 -1 -10 1200.0 151.0 1242.0 252.0 -1 -1 -1 -1000 -1000 -1000 -10 0.00021374225616455078
Car -1 -1 -10 1217.0 158.0 1241.0 316.0 -1 -1 -1 -1000 -1000 -1000 -10 0.00020968914031982422
Car -1 -1 -10 1220.0 159.0 1242.0 363.0 -1 -1 -1 -1000 -1000 -1000 -10 0.0002027750015258789
Car -1 -1 -10 1214.0 98.0 1242.0 268.0 -1 -1 -1 -1000 -1000 -1000 -10 0.00019788742065429688
Car -1 -1 -10 1227.0 187.0 1242.0 279.0 -1 -1 -1 -1000 -1000 -1000 -10 0.00015878677368164062
Car -1 -1 -10 1196.0 94.0 1242.0 268.0 -1 -1 -1 -1000 -1000 -1000 -10 0.00015783309936523438
Car -1 -1 -10 1192.0 115.0 1242.0 255.0 -1 -1 -1 -1000 -1000 -1000 -10 0.00015282630920410156
Pedestrian -1 -1 -10 1219.0 172.0 1242.0 375.0 -1 -1 -1 -1000 -1000 -1000 -10 0.00014865398406982422
Car -1 -1 -10 1214.0 159.0 1242.0 249.0 -1 -1 -1 -1000 -1000 -1000 -10 0.0001323223114013672
Car -1 -1 -10 541.0 183.0 565.0 204.0 -1 -1 -1 -1000 -1000 -1000 -10 0.00012362003326416016
Car -1 -1 -10 1195.0 147.0 1241.0 267.0 -1 -1 -1 -1000 -1000 -1000 -10 0.00011938810348510742
Cyclist -1 -1 -10 1216.0 152.0 1242.0 371.0 -1 -1 -1 -1000 -1000 -1000 -10 0.00011932849884033203
Car -1 -1 -10 562.0 176.0 587.0 204.0 -1 -1 -1 -1000 -1000 -1000 -10 0.00011897087097167969
Car -1 -1 -10 1214.0 118.0 1242.0 247.0 -1 -1 -1 -1000 -1000 -1000 -10 0.0001138448715209961
Car -1 -1 -10 1208.0 160.0 1242.0 317.0 -1 -1 -1 -1000 -1000 -1000 -10 0.00010436773300170898
Pedestrian -1 -1 -10 68.0 104.0 87.0 142.0 -1 -1 -1 -1000 -1000 -1000 -10 0.0001023411750793457
