Car -1 -1 -10 1.0 91.0 225.0 281.0 -1 -1 -1 -1000 -1000 -1000 -10 0.96044921875
Car -1 -1 -10 595.0 177.0 628.0 207.0 -1 -1 -1 -1000 -1000 -1000 -10 0.9462890625
Car -1 -1 -10 289.0 187.0 357.0 222.0 -1 -1 -1 -1000 -1000 -1000 -10 0.935546875
Car -1 -1 -10 665.0 164.0 721.0 196.0 -1 -1 -1 -1000 -1000 -1000 -10 0.92236328125
Car -1 -1 -10 416.0 184.0 451.0 205.0 -1 -1 -1 -1000 -1000 -1000 -10 0.91796875
Car -1 -1 -10 356.0 187.0 394.0 209.0 -1 -1 -1 -1000 -1000 -1000 -10 0.89697265625
Car -1 -1 -10 289.0 188.0 348.0 220.0 -1 -1 -1 -1000 -1000 -1000 -10 0.013031005859375
Car -1 -1 -10 419.0 181.0 452.0 203.0 -1 -1 -1 -1000 -1000 -1000 -10 0.006008148193359375
Car -1 -1 -10 352.0 185.0 392.0 208.0 -1 -1 -1 -1000 -1000 -1000 -10 0.0029735565185546875
Car -1 -1 -10 307.0 191.0 361.0 220.0 -1 -1 -1 -1000 -1000 -1000 -10 0.0020427703857421875
Car -1 -1 -10 656.0 147.0 726.0 211.0 -1 -1 -1 -1000 -1000 -1000 -10 0.001079559326171875
Car -1 -1 -10 287.0 172.0 368.0 236.0 -1 -1 -1 -1000 -1000 -1000 -10 0.0010700225830078125
Car -1 -1 -10 415.0 180.0 451.0 210.0 -1 -1 -1 -1000 -1000 -1000 -10 0.0010547637939453125
Car -1 -1 -10 555.0 1.0 634.0 55.0 -1 -1 -1 -1000 -1000 -1000 -10 0.000904083251953125
Car -1 -1 -10 300.0 190.0 358.0 221.0 -1 -1 -1 -1000 -1000 -1000 -10 0.0008950233459472656
Car -1 -1 -10 49.0 94.0 177.0 272.0 -1 -1 -1 -1000 -1000 -1000 -10 0.0008635520935058594
Car -1 -1 -10 577.0 0.0 656.0 54.0 -1 -1 -1 -1000 -1000 -1000 -10 0.0007734298706054688
Car -1 -1 -10 355.0 183.0 396.0 213.0 -1 -1 -1 -1000 -1000 -1000 -10 0.0007467269897460938
Car -1 -1 -10 666.0 167.0 723.0 198.0 -1 -1 -1 -1000 -1000 -1000 -10 0.0007252693176269531
Car -1 -1 -10 566.0 0.0 645.0 55.0 -1 -1 -1 -1000 -1000 -1000 -10 0.0007152557373046875
Car -1 -1 -10 545.0 0.0 626.0 56.0 -1 -1 -1 -1000 -1000 -1000 -10 0.000690460205078125
Car -1 -1 -10 286.0 175.0 360.0 229.0 -1 -1 -1 -1000 -1000 -1000 -10 0.0006060600280761719
Car -1 -1 -10 290.0 190.0 358.0 227.0 -1 -1 -1 -1000 -1000 -1000 -10 0.0005979537963867188
Car -1 -1 -10 662.0 166.0 715.0 195.0 -1 -1 -1 -1000 -1000 -1000 -10 0.0005183219909667969
Car -1 -1 -10 363.0 186.0 394.0 207.0 -1 -1 -1 -1000 -1000 -1000 -10 0.0004763603210449219
Car -1 -1 -10 595.0 173.0 629.0 210.0 -1 -1 -1 -1000 -1000 -1000 -10 0.00047469139099121094
Car -1 -1 -10 534.0 0.0 616.0 56.0 -1 -1 -1 -1000 -1000 -1000 -10 0.0004220008850097656
Car -1 -1 -10 633.0 106.0 786.0 241.0 -1 -1 -1 -1000 -1000 -1000 -10 0.00034689903259277344
Car -1 -1 -10 600.0 106.0 770.0 243.0 -1 -1 -1 -1000 -1000 -1000 -10 0.00032210350036621094
Car -1 -1 -10 586.0 0.0 665.0 54.0 -1 -1 -1 -1000 -1000 -1000 -10 0.00029468536376953125
Car -1 -1 -10 240.0 141.0 390.0 251.0 -1 -1 -1 -1000 -1000 -1000 -10 0.00028824806213378906
Car -1 -1 -10 597.0 126.0 775.0 264.0 -1 -1 -1 -1000 -1000 -1000 -10 0.00027489662170410156
Car -1 -1 -10 227.0 133.0 402.0 278.0 -1 -1 -1 -1000 -1000 -1000 -10 0.0002543926239013672
Car -1 -1 -10 525.0 0.0 604.0 56.0 -1 -1 -1 -1000 -1000 -1000 -10 0.0002474784851074219
Car -1 -1 -10 258.0 135.0 417.0 278.0 -1 -1 -1 -1000 -1000 -1000 -10 0.0002429485321044922
Car -1 -1 -10 0.0 101.0 189.0 291.0 -1 -1 -1 -1000 -1000 -1000 -10 0.0001723766326904297
Car -1 -1 -10 664.0 161.0 723.0 201.0 -1 -1 -1 -1000 -1000 -1000 -10 0.00016629695892333984
Car -1 -1 -10 595.0 1.0 673.0 54.0 -1 -1 -1 -1000 -1000 -1000 -10 0.00014710426330566406
Car -1 -1 -10 299.0 188.0 351.0 219.0 -1 -1 -1 -1000 -1000 -1000 -10 0.00014400482177734375
Car -1 -1 -10 417.0 176.0 455.0 210.0 -1 -1 -1 -1000 -1000 -1000 -10 0.00010800361633300781
