Car -1 -1 -10 894.0 7.0 1241.0 373.0 -1 -1 -1 -1000 -1000 -1000 -10 0.96728515625
Car -1 -1 -10 547.0 168.0 586.0 198.0 -1 -1 -1 -1000 -1000 -1000 -10 0.9521484375
Car -1 -1 -10 42.0 165.0 156.0 241.0 -1 -1 -1 -1000 -1000 -1000 -10 0.9501953125
Car -1 -1 -10 21.0 158.0 112.0 224.0 -1 -1 -1 -1000 -1000 -1000 -10 0.93603515625
Car -1 -1 -10 464.0 162.0 490.0 186.0 -1 -1 -1 -1000 -1000 -1000 -10 0.9228515625
Car -1 -1 -10 0.0 164.0 56.0 207.0 -1 -1 -1 -1000 -1000 -1000 -10 0.70458984375
Car -1 -1 -10 32.0 161.0 149.0 235.0 -1 -1 -1 -1000 -1000 -1000 -10 0.68212890625
Car -1 -1 -10 22.0 160.0 128.0 229.0 -1 -1 -1 -1000 -1000 -1000 -10 0.45849609375
Car -1 -1 -10 0.0 163.0 41.0 206.0 -1 -1 -1 -1000 -1000 -1000 -10 0.1597900390625
Car -1 -1 -10 0.0 162.0 16.0 201.0 -1 -1 -1 -1000 -1000 -1000 -10 0.041839599609375
Car -1 -1 -10 13.0 157.0 100.0 222.0 -1 -1 -1 -1000 -1000 -1000 -10 0.019927978515625
Car -1 -1 -10 0.0 161.0 14.0 195.0 -1 -1 -1 -1000 -1000 -1000 -10 0.015411376953125
Car -1 -1 -10 0.0 165.0 12.0 206.0 -1 -1 -1 -1000 -1000 -1000 -10 0.012420654296875
Car -1 -1 -10 0.0 162.0 17.0 194.0 -1 -1 -1 -1000 -1000 -1000 -10 0.011810302734375
Car -1 -1 -10 1.0 162.0 53.0 201.0 -1 -1 -1 -1000 -1000 -1000 -10 0.00962066650390625
Car -1 -1 -10 0.0 166.0 15.0 206.0 -1 -1 -1 -1000 -1000 -1000 -10 0.0093536376953125
Car -1 -1 -10 5.0 158.0 85.0 221.0 -1 -1 -1 -1000 -1000 -1000 -10 0.0091705322265625
Car -1 -1 -10 0.0 161.0 27.0 196.0 -1 -1 -1 -1000 -1000 -1000 -10 0.00905609130859375
Car -1 -1 -10 0.0 155.0 18.0 193.0 -1 -1 -1 -1000 -1000 -1000 -10 0.0035648345947265625
Car -1 -1 -10 0.0 154.0 64.0 215.0 -1 -1 -1 -1000 -1000 -1000 -10 0.0017938613891601562
Car -1 -1 -10 0.0 157.0 24.0 192.0 -1 -1 -1 -1000 -1000 -1000 -10 0.0015974044799804688
Car -1 -1 -10 0.0 152.0 11.0 187.0 -1 -1 -1 -1000 -1000 -1000 -10 0.0011501312255859375
Car -1 -1 -10 0.0 152.0 15.0 188.0 -1 -1 -1 -1000 -1000 -1000 -10 0.000919342041015625
Car -1 -1 -10 35.0 154.0 164.0 246.0 -1 -1 -1 -1000 -1000 -1000 -10 0.000827789306640625
Car -1 -1 -10 19.0 154.0 157.0 252.0 -1 -1 -1 -1000 -1000 -1000 -10 0.0006432533264160156
Car -1 -1 -10 1215.0 156.0 1242.0 369.0 -1 -1 -1 -1000 -1000 -1000 -10 0.0005550384521484375
Car -1 -1 -10 0.0 149.0 26.0 198.0 -1 -1 -1 -1000 -1000 -1000 -10 0.0005497932434082031
Car -1 -1 -10 1198.0 155.0 1242.0 370.0 -1 -1 -1 -1000 -1000 -1000 -10 0.0005211830139160156
Car -1 -1 -10 1.0 178.0 8.0 214.0 -1 -1 -1 -1000 -1000 -1000 -10 0.0005135536193847656
Car -1 -1 -10 463.0 160.0 491.0 190.0 -1 -1 -1 -1000 -1000 -1000 -10 0.0005006790161132812
Car -1 -1 -10 2.0 140.0 130.0 234.0 -1 -1 -1 -1000 -1000 -1000 -10 0.0004906654357910156
Car -1 -1 -10 1.0 174.0 10.0 218.0 -1 -1 -1 -1000 -1000 -1000 -10 0.000461578369140625
Car -1 -1 -10 1191.0 129.0 1242.0 374.0 -1 -1 -1 -1000 -1000 -1000 -10 0.00037550926208496094
Car -1 -1 -10 1212.0 177.0 1242.0 375.0 -1 -1 -1 -1000 -1000 -1000 -10 0.00037479400634765625
Car -1 -1 -10 9.0 162.0 68.0 208.0 -1 -1 -1 -1000 -1000 -1000 -10 0.0003211498260498047
Car -1 -1 -10 1214.0 115.0 1242.0 369.0 -1 -1 -1 -1000 -1000 -1000 -10 0.0003147125244140625
Car -1 -1 -10 1190.0 38.0 1242.0 375.0 -1 -1 -1 -1000 -1000 -1000 -10 0.0003063678741455078
Car -1 -1 -10 546.0 164.0 588.0 201.0 -1 -1 -1 -1000 -1000 -1000 -10 0.00028634071350097656
Car -1 -1 -10 1218.0 130.0 1242.0 356.0 -1 -1 -1 -1000 -1000 -1000 -10 0.0002579689025878906
Car -1 -1 -10 1188.0 185.0 1242.0 374.0 -1 -1 -1 -1000 -1000 -1000 -10 0.0002503395080566406
Car -1 -1 -10 550.0 168.0 592.0 197.0 -1 -1 -1 -1000 -1000 -1000 -10 0.0002467632293701172
Car -1 -1 -10 3.0 152.0 49.0 197.0 -1 -1 -1 -1000 -1000 -1000 -10 0.00021755695343017578
Car -1 -1 -10 1217.0 224.0 1242.0 367.0 -1 -1 -1 -1000 -1000 -1000 -10 0.00021636486053466797
Car -1 -1 -10 536.0 150.0 592.0 209.0 -1 -1 -1 -1000 -1000 -1000 -10 0.00020229816436767578
Car -1 -1 -10 1215.0 54.0 1241.0 302.0 -1 -1 -1 -1000 -1000 -1000 -10 0.00019729137420654297
Car -1 -1 -10 10.0 163.0 83.0 215.0 -1 -1 -1 -1000 -1000 -1000 -10 0.00018930435180664062
Car -1 -1 -10 1223.0 82.0 1242.0 273.0 -1 -1 -1 -1000 -1000 -1000 -10 0.00018084049224853516
Car -1 -1 -10 1212.0 216.0 1242.0 375.0 -1 -1 -1 -1000 -1000 -1000 -10 0.00017261505126953125
Car -1 -1 -10 514.0 111.0 664.0 240.0 -1 -1 -1 -1000 -1000 -1000 -10 0.00017011165618896484
Car -1 -1 -10 464.0 155.0 494.0 190.0 -1 -1 -1 -1000 -1000 -1000 -10 0.00016868114471435547
Car -1 -1 -10 0.0 136.0 12.0 182.0 -1 -1 -1 -1000 -1000 -1000 -10 0.00016677379608154297
Car -1 -1 -10 534.0 156.0 594.0 220.0 -1 -1 -1 -1000 -1000 -1000 -10 0.00016677379608154297
Car -1 -1 -10 1225.0 81.0 1242.0 244.0 -1 -1 -1 -1000 -1000 -1000 -10 0.00015473365783691406
Car -1 -1 -10 543.0 151.0 612.0 212.0 -1 -1 -1 -1000 -1000 -1000 -10 0.00015461444854736328
Car -1 -1 -10 539.0 168.0 577.0 196.0 -1 -1 -1 -1000 -1000 -1000 -10 0.00015413761138916016
Car -1 -1 -10 0.0 141.0 10.0 176.0 -1 -1 -1 -1000 -1000 -1000 -10 0.00014150142669677734
Car -1 -1 -10 472.0 130.0 649.0 270.0 -1 -1 -1 -1000 -1000 -1000 -10 0.00014138221740722656
Car -1 -1 -10 267.0 120.0 299.0 145.0 -1 -1 -1 -1000 -1000 -1000 -10 0.00014090538024902344
Car -1 -1 -10 0.0 140.0 111.0 254.0 -1 -1 -1 -1000 -1000 -1000 -10 0.00013959407806396484
Car -1 -1 -10 463.0 164.0 491.0 192.0 -1 -1 -1 -1000 -1000 -1000 -10 0.00012946128845214844
Car -1 -1 -10 1180.0 43.0 1242.0 371.0 -1 -1 -1 -1000 -1000 -1000 -10 0.00012826919555664062
Car -1 -1 -10 1198.0 50.0 1242.0 345.0 -1 -1 -1 -1000 -1000 -1000 -10 0.0001271963119506836
Car -1 -1 -10 1230.0 118.0 1242.0 206.0 -1 -1 -1 -1000 -1000 -1000 -10 0.00012385845184326172
Car -1 -1 -10 899.0 0.0 1236.0 319.0 -1 -1 -1 -1000 -1000 -1000 -10 0.00012201070785522461
Car -1 -1 -10 532.0 165.0 559.0 187.0 -1 -1 -1 -1000 -1000 -1000 -10 0.0001201629638671875
Car -1 -1 -10 472.0 108.0 644.0 241.0 -1 -1 -1 -1000 -1000 -1000 -10 0.00011712312698364258
Car -1 -1 -10 1.0 148.0 23.0 188.0 -1 -1 -1 -1000 -1000 -1000 -10 0.00011658668518066406
Car -1 -1 -10 1.0 174.0 57.0 212.0 -1 -1 -1 -1000 -1000 -1000 -10 0.00011467933654785156
Car -1 -1 -10 534.0 166.0 562.0 190.0 -1 -1 -1 -1000 -1000 -1000 -10 0.00010859966278076172
