Car -1 -1 -10 426.0 152.0 479.0 197.0 -1 -1 -1 -1000 -1000 -1000 -10 0.94482421875
Car -1 -1 -10 592.0 169.0 626.0 202.0 -1 -1 -1 -1000 -1000 -1000 -10 0.94189453125
Car -1 -1 -10 695.0 157.0 767.0 188.0 -1 -1 -1 -1000 -1000 -1000 -10 0.91015625
Car -1 -1 -10 690.0 156.0 758.0 185.0 -1 -1 -1 -1000 -1000 -1000 -10 0.00223541259765625
Car -1 -1 -10 531.0 148.0 566.0 186.0 -1 -1 -1 -1000 -1000 -1000 -10 0.0013790130615234375
Car -1 -1 -10 0.0 211.0 15.0 268.0 -1 -1 -1 -1000 -1000 -1000 -10 0.0010824203491210938
Car -1 -1 -10 0.0 215.0 14.0 264.0 -1 -1 -1 -1000 -1000 -1000 -10 0.0007472038269042969
Car -1 -1 -10 0.0 207.0 17.0 272.0 -1 -1 -1 -1000 -1000 -1000 -10 0.0007338523864746094
Car -1 -1 -10 0.0 213.0 18.0 284.0 -1 -1 -1 -1000 -1000 -1000 -10 0.0006976127624511719
Car -1 -1 -10 424.0 140.0 488.0 205.0 -1 -1 -1 -1000 -1000 -1000 -10 0.0006833076477050781
Car -1 -1 -10 685.0 138.0 773.0 204.0 -1 -1 -1 -1000 -1000 -1000 -10 0.0006814002990722656
Car -1 -1 -10 420.0 146.0 483.0 207.0 -1 -1 -1 -1000 -1000 -1000 -10 0.0005850791931152344
Car -1 -1 -10 695.0 149.0 765.0 182.0 -1 -1 -1 -1000 -1000 -1000 -10 0.000583648681640625
Car -1 -1 -10 0.0 211.0 24.0 269.0 -1 -1 -1 -1000 -1000 -1000 -10 0.0005559921264648438
Car -1 -1 -10 787.0 155.0 857.0 182.0 -1 -1 -1 -1000 -1000 -1000 -10 0.0004925727844238281
Car -1 -1 -10 693.0 154.0 769.0 192.0 -1 -1 -1 -1000 -1000 -1000 -10 0.0004417896270751953
Car -1 -1 -10 780.0 157.0 856.0 187.0 -1 -1 -1 -1000 -1000 -1000 -10 0.0003960132598876953
Car -1 -1 -10 528.0 153.0 563.0 190.0 -1 -1 -1 -1000 -1000 -1000 -10 0.0003750324249267578
Car -1 -1 -10 0.0 214.0 14.0 284.0 -1 -1 -1 -1000 -1000 -1000 -10 0.0003459453582763672
Car -1 -1 -10 360.0 105.0 520.0 236.0 -1 -1 -1 -1000 -1000 -1000 -10 0.0003421306610107422
Car -1 -1 -10 527.0 150.0 571.0 191.0 -1 -1 -1 -1000 -1000 -1000 -10 0.0003185272216796875
Car -1 -1 -10 357.0 124.0 523.0 246.0 -1 -1 -1 -1000 -1000 -1000 -10 0.0003142356872558594
Car -1 -1 -10 531.0 152.0 574.0 191.0 -1 -1 -1 -1000 -1000 -1000 -10 0.0003120899200439453
Car -1 -1 -10 661.0 100.0 827.0 241.0 -1 -1 -1 -1000 -1000 -1000 -10 0.00029778480529785156
Car -1 -1 -10 0.0 202.0 24.0 277.0 -1 -1 -1 -1000 -1000 -1000 -10 0.0002961158752441406
Car -1 -1 -10 0.0 189.0 19.0 274.0 -1 -1 -1 -1000 -1000 -1000 -10 0.0002956390380859375
Car -1 -1 -10 708.0 157.0 759.0 184.0 -1 -1 -1 -1000 -1000 -1000 -10 0.00029277801513671875
Car -1 -1 -10 595.0 171.0 630.0 202.0 -1 -1 -1 -1000 -1000 -1000 -10 0.00028896331787109375
Car -1 -1 -10 0.0 214.0 25.0 283.0 -1 -1 -1 -1000 -1000 -1000 -10 0.0002799034118652344
Car -1 -1 -10 392.0 105.0 544.0 238.0 -1 -1 -1 -1000 -1000 -1000 -10 0.0002796649932861328
Car -1 -1 -10 525.0 147.0 563.0 184.0 -1 -1 -1 -1000 -1000 -1000 -10 0.0002777576446533203
Car -1 -1 -10 425.0 156.0 474.0 197.0 -1 -1 -1 -1000 -1000 -1000 -10 0.0002684593200683594
Car -1 -1 -10 686.0 155.0 747.0 185.0 -1 -1 -1 -1000 -1000 -1000 -10 0.0002644062042236328
Car -1 -1 -10 0.0 209.0 24.0 259.0 -1 -1 -1 -1000 -1000 -1000 -10 0.0002435445785522461
Car -1 -1 -10 633.0 97.0 818.0 243.0 -1 -1 -1 -1000 -1000 -1000 -10 0.00023818016052246094
Car -1 -1 -10 530.0 148.0 575.0 196.0 -1 -1 -1 -1000 -1000 -1000 -10 0.00021886825561523438
Car -1 -1 -10 593.0 166.0 625.0 198.0 -1 -1 -1 -1000 -1000 -1000 -10 0.00020432472229003906
Car -1 -1 -10 634.0 121.0 819.0 253.0 -1 -1 -1 -1000 -1000 -1000 -10 0.0001691579818725586
Car -1 -1 -10 591.0 167.0 630.0 201.0 -1 -1 -1 -1000 -1000 -1000 -10 0.00016760826110839844
Car -1 -1 -10 0.0 176.0 25.0 286.0 -1 -1 -1 -1000 -1000 -1000 -10 0.00016629695892333984
Car -1 -1 -10 0.0 223.0 13.0 274.0 -1 -1 -1 -1000 -1000 -1000 -10 0.00015997886657714844
Car -1 -1 -10 441.0 157.0 486.0 193.0 -1 -1 -1 -1000 -1000 -1000 -10 0.0001596212387084961
Car -1 -1 -10 594.0 166.0 629.0 203.0 -1 -1 -1 -1000 -1000 -1000 -10 0.00013208389282226562
Car -1 -1 -10 391.0 180.0 406.0 198.0 -1 -1 -1 -1000 -1000 -1000 -10 0.00013184547424316406
Car -1 -1 -10 703.0 159.0 755.0 186.0 -1 -1 -1 -1000 -1000 -1000 -10 0.00012862682342529297
Car -1 -1 -10 534.0 145.0 573.0 184.0 -1 -1 -1 -1000 -1000 -1000 -10 0.00012695789337158203
Car -1 -1 -10 1.0 191.0 25.0 271.0 -1 -1 -1 -1000 -1000 -1000 -10 0.0001226663589477539
Car -1 -1 -10 524.0 142.0 564.0 188.0 -1 -1 -1 -1000 -1000 -1000 -10 0.00011795759201049805
Car -1 -1 -10 0.0 198.0 13.0 259.0 -1 -1 -1 -1000 -1000 -1000 -10 0.00010842084884643555
Car -1 -1 -10 431.0 150.0 481.0 192.0 -1 -1 -1 -1000 -1000 -1000 -10 0.00010305643081665039
Car -1 -1 -10 790.0 159.0 865.0 188.0 -1 -1 -1 -1000 -1000 -1000 -10 0.0001024007797241211
