Car -1 -1 -10 659.0 121.0 784.0 257.0 -1 -1 -1 -1000 -1000 -1000 -10 0.96142578125
Pedestrian -1 -1 -10 826.0 166.0 883.0 285.0 -1 -1 -1 -1000 -1000 -1000 -10 0.91455078125
Pedestrian -1 -1 -10 246.0 189.0 287.0 294.0 -1 -1 -1 -1000 -1000 -1000 -10 0.89990234375
Pedestrian -1 -1 -10 453.0 176.0 477.0 246.0 -1 -1 -1 -1000 -1000 -1000 -10 0.88427734375
Pedestrian -1 -1 -10 489.0 181.0 505.0 232.0 -1 -1 -1 -1000 -1000 -1000 -10 0.86669921875
Pedestrian -1 -1 -10 591.0 178.0 605.0 219.0 -1 -1 -1 -1000 -1000 -1000 -10 0.7841796875
Pedestrian -1 -1 -10 551.0 178.0 567.0 219.0 -1 -1 -1 -1000 -1000 -1000 -10 0.69140625
Pedestrian -1 -1 -10 487.0 179.0 507.0 233.0 -1 -1 -1 -1000 -1000 -1000 -10 0.0655517578125
Pedestrian -1 -1 -10 593.0 177.0 607.0 216.0 -1 -1 -1 -1000 -1000 -1000 -10 0.062225341796875
Pedestrian -1 -1 -10 432.0 175.0 448.0 234.0 -1 -1 -1 -1000 -1000 -1000 -10 0.043243408203125
Pedestrian -1 -1 -10 550.0 176.0 569.0 221.0 -1 -1 -1 -1000 -1000 -1000 -10 0.027557373046875
Pedestrian -1 -1 -10 548.0 179.0 570.0 219.0 -1 -1 -1 -1000 -1000 -1000 -10 0.0247650146484375
Pedestrian -1 -1 -10 459.0 178.0 481.0 242.0 -1 -1 -1 -1000 -1000 -1000 -10 0.0165252685546875
Pedestrian -1 -1 -10 438.0 174.0 458.0 238.0 -1 -1 -1 -1000 -1000 -1000 -10 0.007541656494140625
Pedestrian -1 -1 -10 431.0 172.0 447.0 234.0 -1 -1 -1 -1000 -1000 -1000 -10 0.007022857666015625
Pedestrian -1 -1 -10 239.0 190.0 291.0 295.0 -1 -1 -1 -1000 -1000 -1000 -10 0.00676727294921875
Pedestrian -1 -1 -10 461.0 180.0 480.0 233.0 -1 -1 -1 -1000 -1000 -1000 -10 0.005832672119140625
Pedestrian -1 -1 -10 836.0 164.0 889.0 282.0 -1 -1 -1 -1000 -1000 -1000 -10 0.005706787109375
Pedestrian -1 -1 -10 586.0 180.0 598.0 219.0 -1 -1 -1 -1000 -1000 -1000 -10 0.005123138427734375
Pedestrian -1 -1 -10 599.0 177.0 611.0 209.0 -1 -1 -1 -1000 -1000 -1000 -10 0.00426483154296875
Pedestrian -1 -1 -10 243.0 188.0 281.0 290.0 -1 -1 -1 -1000 -1000 -1000 -10 0.0035114288330078125
Pedestrian -1 -1 -10 559.0 181.0 572.0 217.0 -1 -1 -1 -1000 -1000 -1000 -10 0.003276824951171875
Pedestrian -1 -1 -10 434.0 173.0 465.0 243.0 -1 -1 -1 -1000 -1000 -1000 -10 0.0032196044921875
Pedestrian -1 -1 -10 584.0 178.0 596.0 214.0 -1 -1 -1 -1000 -1000 -1000 -10 0.0027675628662109375
Pedestrian -1 -1 -10 588.0 177.0 608.0 219.0 -1 -1 -1 -1000 -1000 -1000 -10 0.002391815185546875
Pedestrian -1 -1 -10 250.0 187.0 289.0 285.0 -1 -1 -1 -1000 -1000 -1000 -10 0.0022487640380859375
Pedestrian -1 -1 -10 430.0 174.0 445.0 230.0 -1 -1 -1 -1000 -1000 -1000 -10 0.0022068023681640625
Pedestrian -1 -1 -10 244.0 199.0 288.0 301.0 -1 -1 -1 -1000 -1000 -1000 -10 0.0018253326416015625
Pedestrian -1 -1 -10 599.0 179.0 610.0 215.0 -1 -1 -1 -1000 -1000 -1000 -10 0.0016641616821289062
Pedestrian -1 -1 -10 821.0 166.0 869.0 280.0 -1 -1 -1 -1000 -1000 -1000 -10 0.0016412734985351562
Pedestrian -1 -1 -10 587.0 174.0 605.0 219.0 -1 -1 -1 -1000 -1000 -1000 -10 0.0016021728515625
Pedestrian -1 -1 -10 590.0 177.0 610.0 221.0 -1 -1 -1 -1000 -1000 -1000 -10 0.0014200210571289062
Pedestrian -1 -1 -10 432.0 172.0 450.0 243.0 -1 -1 -1 -1000 -1000 -1000 -10 0.0013933181762695312
Pedestrian -1 -1 -10 493.0 180.0 509.0 229.0 -1 -1 -1 -1000 -1000 -1000 -10 0.0013132095336914062
Pedestrian -1 -1 -10 428.0 171.0 449.0 237.0 -1 -1 -1 -1000 -1000 -1000 -10 0.001125335693359375
Pedestrian -1 -1 -10 254.0 194.0 294.0 289.0 -1 -1 -1 -1000 -1000 -1000 -10 0.0010519027709960938
Pedestrian -1 -1 -10 438.0 176.0 455.0 245.0 -1 -1 -1 -1000 -1000 -1000 -10 0.0009737014770507812
Pedestrian -1 -1 -10 488.0 178.0 506.0 226.0 -1 -1 -1 -1000 -1000 -1000 -10 0.0007696151733398438
Pedestrian -1 -1 -10 428.0 174.0 448.0 246.0 -1 -1 -1 -1000 -1000 -1000 -10 0.000675201416015625
Pedestrian -1 -1 -10 791.0 162.0 908.0 287.0 -1 -1 -1 -1000 -1000 -1000 -10 0.0006608963012695312
Pedestrian -1 -1 -10 597.0 175.0 612.0 208.0 -1 -1 -1 -1000 -1000 -1000 -10 0.0005965232849121094
Pedestrian -1 -1 -10 812.0 163.0 918.0 287.0 -1 -1 -1 -1000 -1000 -1000 -10 0.0005497932434082031
Pedestrian -1 -1 -10 546.0 176.0 567.0 225.0 -1 -1 -1 -1000 -1000 -1000 -10 0.00047707557678222656
Pedestrian -1 -1 -10 551.0 182.0 568.0 223.0 -1 -1 -1 -1000 -1000 -1000 -10 0.00044727325439453125
Pedestrian -1 -1 -10 590.0 184.0 604.0 221.0 -1 -1 -1 -1000 -1000 -1000 -10 0.0004439353942871094
Car -1 -1 -10 0.0 271.0 119.0 374.0 -1 -1 -1 -1000 -1000 -1000 -10 0.000415802001953125
Pedestrian -1 -1 -10 820.0 167.0 858.0 280.0 -1 -1 -1 -1000 -1000 -1000 -10 0.0004105567932128906
Pedestrian -1 -1 -10 1189.0 147.0 1238.0 370.0 -1 -1 -1 -1000 -1000 -1000 -10 0.000396728515625
Pedestrian -1 -1 -10 569.0 180.0 582.0 213.0 -1 -1 -1 -1000 -1000 -1000 -10 0.00037407875061035156
Car -1 -1 -10 0.0 333.0 197.0 374.0 -1 -1 -1 -1000 -1000 -1000 -10 0.00035953521728515625
Pedestrian -1 -1 -10 548.0 172.0 567.0 218.0 -1 -1 -1 -1000 -1000 -1000 -10 0.0003447532653808594
Pedestrian -1 -1 -10 1208.0 140.0 1238.0 371.0 -1 -1 -1 -1000 -1000 -1000 -10 0.0003325939178466797
Car -1 -1 -10 0.0 267.0 198.0 374.0 -1 -1 -1 -1000 -1000 -1000 -10 0.00032019615173339844
Pedestrian -1 -1 -10 192.0 171.0 342.0 307.0 -1 -1 -1 -1000 -1000 -1000 -10 0.0002963542938232422
Pedestrian -1 -1 -10 240.0 194.0 281.0 297.0 -1 -1 -1 -1000 -1000 -1000 -10 0.0002777576446533203
Pedestrian -1 -1 -10 424.0 173.0 450.0 250.0 -1 -1 -1 -1000 -1000 -1000 -10 0.00027751922607421875
Pedestrian -1 -1 -10 434.0 173.0 454.0 226.0 -1 -1 -1 -1000 -1000 -1000 -10 0.00027680397033691406
Car -1 -1 -10 0.0 317.0 122.0 374.0 -1 -1 -1 -1000 -1000 -1000 -10 0.00025963783264160156
Pedestrian -1 -1 -10 257.0 191.0 292.0 285.0 -1 -1 -1 -1000 -1000 -1000 -10 0.00025463104248046875
Car -1 -1 -10 0.0 327.0 139.0 374.0 -1 -1 -1 -1000 -1000 -1000 -10 0.00022089481353759766
Pedestrian -1 -1 -10 487.0 178.0 502.0 225.0 -1 -1 -1 -1000 -1000 -1000 -10 0.0002124309539794922
Pedestrian -1 -1 -10 612.0 179.0 624.0 207.0 -1 -1 -1 -1000 -1000 -1000 -10 0.00020754337310791016
Car -1 -1 -10 0.0 300.0 125.0 374.0 -1 -1 -1 -1000 -1000 -1000 -10 0.00018703937530517578
Pedestrian -1 -1 -10 594.0 183.0 605.0 222.0 -1 -1 -1 -1000 -1000 -1000 -10 0.00018084049224853516
Pedestrian -1 -1 -10 1156.0 142.0 1238.0 374.0 -1 -1 -1 -1000 -1000 -1000 -10 0.00017774105072021484
Pedestrian -1 -1 -10 819.0 179.0 864.0 287.0 -1 -1 -1 -1000 -1000 -1000 -10 0.0001729726791381836
Pedestrian -1 -1 -10 606.0 177.0 618.0 203.0 -1 -1 -1 -1000 -1000 -1000 -10 0.00016796588897705078
Car -1 -1 -10 0.0 261.0 63.0 374.0 -1 -1 -1 -1000 -1000 -1000 -10 0.00016200542449951172
Car -1 -1 -10 1184.0 182.0 1238.0 370.0 -1 -1 -1 -1000 -1000 -1000 -10 0.00016105175018310547
Pedestrian -1 -1 -10 461.0 186.0 481.0 247.0 -1 -1 -1 -1000 -1000 -1000 -10 0.0001590251922607422
Pedestrian -1 -1 -10 177.0 175.0 330.0 315.0 -1 -1 -1 -1000 -1000 -1000 -10 0.00015556812286376953
Car -1 -1 -10 0.0 219.0 56.0 374.0 -1 -1 -1 -1000 -1000 -1000 -10 0.00015437602996826172
Car -1 -1 -10 0.0 255.0 147.0 374.0 -1 -1 -1 -1000 -1000 -1000 -10 0.00015366077423095703
Pedestrian -1 -1 -10 827.0 158.0 879.0 272.0 -1 -1 -1 -1000 -1000 -1000 -10 0.00015020370483398438
Car -1 -1 -10 0.0 337.0 234.0 374.0 -1 -1 -1 -1000 -1000 -1000 -10 0.00013339519500732422
Car -1 -1 -10 0.0 284.0 101.0 374.0 -1 -1 -1 -1000 -1000 -1000 -10 0.0001322031021118164
Pedestrian -1 -1 -10 196.0 0.0 295.0 72.0 -1 -1 -1 -1000 -1000 -1000 -10 0.0001304149627685547
Car -1 -1 -10 5.0 339.0 264.0 374.0 -1 -1 -1 -1000 -1000 -1000 -10 0.00012969970703125
Pedestrian -1 -1 -10 456.0 0.0 477.0 0.0 -1 -1 -1 -1000 -1000 -1000 -10 0.00012755393981933594
Car -1 -1 -10 0.0 354.0 237.0 374.0 -1 -1 -1 -1000 -1000 -1000 -10 0.00012481212615966797
Car -1 -1 -10 932.0 328.0 1238.0 374.0 -1 -1 -1 -1000 -1000 -1000 -10 0.00011372566223144531
Pedestrian -1 -1 -10 589.0 173.0 604.0 211.0 -1 -1 -1 -1000 -1000 -1000 -10 0.00011372566223144531
Car -1 -1 -10 1205.0 180.0 1238.0 372.0 -1 -1 -1 -1000 -1000 -1000 -10 0.00011348724365234375
Car -1 -1 -10 2.0 323.0 104.0 374.0 -1 -1 -1 -1000 -1000 -1000 -10 0.00011205673217773438
Car -1 -1 -10 0.0 318.0 72.0 374.0 -1 -1 -1 -1000 -1000 -1000 -10 0.00011068582534790039
Car -1 -1 -10 2.0 352.0 194.0 374.0 -1 -1 -1 -1000 -1000 -1000 -10 0.00010979175567626953
Pedestrian -1 -1 -10 1175.0 134.0 1238.0 374.0 -1 -1 -1 -1000 -1000 -1000 -10 0.00010544061660766602
Pedestrian -1 -1 -10 232.0 192.0 273.0 296.0 -1 -1 -1 -1000 -1000 -1000 -10 0.00010210275650024414
Pedestrian -1 -1 -10 1208.0 94.0 1238.0 374.0 -1 -1 -1 -1000 -1000 -1000 -10 0.00010031461715698242
