Car -1 -1 -10 508.0 181.0 558.0 213.0 -1 -1 -1 -1000 -1000 -1000 -10 0.94091796875
Car -1 -1 -10 414.0 183.0 499.0 213.0 -1 -1 -1 -1000 -1000 -1000 -10 0.9326171875
Car -1 -1 -10 499.0 166.0 561.0 229.0 -1 -1 -1 -1000 -1000 -1000 -10 0.00148773193359375
Car -1 -1 -10 505.0 166.0 571.0 231.0 -1 -1 -1 -1000 -1000 -1000 -10 0.001251220703125
Car -1 -1 -10 434.0 186.0 484.0 207.0 -1 -1 -1 -1000 -1000 -1000 -10 0.00044655799865722656
Car -1 -1 -10 406.0 168.0 513.0 229.0 -1 -1 -1 -1000 -1000 -1000 -10 0.0004146099090576172
Car -1 -1 -10 435.0 133.0 604.0 273.0 -1 -1 -1 -1000 -1000 -1000 -10 0.00039505958557128906
Car -1 -1 -10 442.0 129.0 595.0 240.0 -1 -1 -1 -1000 -1000 -1000 -10 0.0003745555877685547
Car -1 -1 -10 474.0 134.0 626.0 275.0 -1 -1 -1 -1000 -1000 -1000 -10 0.0003654956817626953
Car -1 -1 -10 510.0 179.0 554.0 205.0 -1 -1 -1 -1000 -1000 -1000 -10 0.00034332275390625
Car -1 -1 -10 411.0 180.0 503.0 218.0 -1 -1 -1 -1000 -1000 -1000 -10 0.0002944469451904297
Car -1 -1 -10 410.0 185.0 488.0 213.0 -1 -1 -1 -1000 -1000 -1000 -10 0.00024890899658203125
Car -1 -1 -10 408.0 167.0 507.0 221.0 -1 -1 -1 -1000 -1000 -1000 -10 0.0002353191375732422
Car -1 -1 -10 382.0 127.0 545.0 242.0 -1 -1 -1 -1000 -1000 -1000 -10 0.00023424625396728516
Car -1 -1 -10 376.0 136.0 557.0 274.0 -1 -1 -1 -1000 -1000 -1000 -10 0.00019180774688720703
Car -1 -1 -10 426.0 187.0 476.0 207.0 -1 -1 -1 -1000 -1000 -1000 -10 0.0001379251480102539
Car -1 -1 -10 352.0 133.0 535.0 277.0 -1 -1 -1 -1000 -1000 -1000 -10 0.00011295080184936523
Car -1 -1 -10 862.0 0.0 908.0 13.0 -1 -1 -1 -1000 -1000 -1000 -10 0.00010597705841064453
