Car -1 -1 -10 770.0 148.0 1109.0 373.0 -1 -1 -1 -1000 -1000 -1000 -10 0.96923828125
Car -1 -1 -10 709.0 152.0 872.0 284.0 -1 -1 -1 -1000 -1000 -1000 -10 0.9658203125
Car -1 -1 -10 271.0 182.0 425.0 277.0 -1 -1 -1 -1000 -1000 -1000 -10 0.96533203125
Car -1 -1 -10 13.0 192.0 339.0 363.0 -1 -1 -1 -1000 -1000 -1000 -10 0.9609375
Car -1 -1 -10 402.0 183.0 483.0 238.0 -1 -1 -1 -1000 -1000 -1000 -10 0.95556640625
Car -1 -1 -10 0.0 211.0 102.0 373.0 -1 -1 -1 -1000 -1000 -1000 -10 0.9443359375
Car -1 -1 -10 1040.0 176.0 1241.0 372.0 -1 -1 -1 -1000 -1000 -1000 -10 0.94287109375
Car -1 -1 -10 527.0 171.0 558.0 203.0 -1 -1 -1 -1000 -1000 -1000 -10 0.94140625
Car -1 -1 -10 692.0 169.0 779.0 243.0 -1 -1 -1 -1000 -1000 -1000 -10 0.9404296875
Pedestrian -1 -1 -10 675.0 165.0 689.0 206.0 -1 -1 -1 -1000 -1000 -1000 -10 0.76904296875
Pedestrian -1 -1 -10 615.0 170.0 626.0 197.0 -1 -1 -1 -1000 -1000 -1000 -10 0.748046875
Pedestrian -1 -1 -10 675.0 163.0 691.0 207.0 -1 -1 -1 -1000 -1000 -1000 -10 0.72998046875
Pedestrian -1 -1 -10 617.0 170.0 626.0 197.0 -1 -1 -1 -1000 -1000 -1000 -10 0.2080078125
Pedestrian -1 -1 -10 463.0 179.0 472.0 206.0 -1 -1 -1 -1000 -1000 -1000 -10 0.1964111328125
Pedestrian -1 -1 -10 462.0 178.0 473.0 208.0 -1 -1 -1 -1000 -1000 -1000 -10 0.146240234375
Pedestrian -1 -1 -10 463.0 178.0 476.0 209.0 -1 -1 -1 -1000 -1000 -1000 -10 0.09344482421875
Pedestrian -1 -1 -10 617.0 168.0 627.0 196.0 -1 -1 -1 -1000 -1000 -1000 -10 0.0229644775390625
Pedestrian -1 -1 -10 674.0 162.0 693.0 207.0 -1 -1 -1 -1000 -1000 -1000 -10 0.021026611328125
Pedestrian -1 -1 -10 681.0 163.0 697.0 207.0 -1 -1 -1 -1000 -1000 -1000 -10 0.0202484130859375
Pedestrian -1 -1 -10 463.0 177.0 473.0 205.0 -1 -1 -1 -1000 -1000 -1000 -10 0.016876220703125
Pedestrian -1 -1 -10 677.0 159.0 693.0 205.0 -1 -1 -1 -1000 -1000 -1000 -10 0.0151214599609375
Pedestrian -1 -1 -10 673.0 160.0 689.0 203.0 -1 -1 -1 -1000 -1000 -1000 -10 0.01357269287109375
Pedestrian -1 -1 -10 671.0 164.0 684.0 203.0 -1 -1 -1 -1000 -1000 -1000 -10 0.0127105712890625
Pedestrian -1 -1 -10 468.0 178.0 478.0 208.0 -1 -1 -1 -1000 -1000 -1000 -10 0.01061248779296875
Car -1 -1 -10 687.0 173.0 762.0 233.0 -1 -1 -1 -1000 -1000 -1000 -10 0.00977325439453125
Car -1 -1 -10 696.0 168.0 785.0 251.0 -1 -1 -1 -1000 -1000 -1000 -10 0.0084686279296875
Pedestrian -1 -1 -10 403.0 179.0 417.0 215.0 -1 -1 -1 -1000 -1000 -1000 -10 0.00690460205078125
Pedestrian -1 -1 -10 460.0 178.0 469.0 203.0 -1 -1 -1 -1000 -1000 -1000 -10 0.005870819091796875
Pedestrian -1 -1 -10 672.0 163.0 692.0 206.0 -1 -1 -1 -1000 -1000 -1000 -10 0.00563812255859375
Pedestrian -1 -1 -10 407.0 179.0 419.0 214.0 -1 -1 -1 -1000 -1000 -1000 -10 0.0038433074951171875
Pedestrian -1 -1 -10 463.0 177.0 475.0 205.0 -1 -1 -1 -1000 -1000 -1000 -10 0.0033702850341796875
Pedestrian -1 -1 -10 614.0 168.0 626.0 196.0 -1 -1 -1 -1000 -1000 -1000 -10 0.0032176971435546875
Pedestrian -1 -1 -10 457.0 182.0 473.0 209.0 -1 -1 -1 -1000 -1000 -1000 -10 0.00270843505859375
Pedestrian -1 -1 -10 616.0 168.0 628.0 196.0 -1 -1 -1 -1000 -1000 -1000 -10 0.0025005340576171875
Car -1 -1 -10 406.0 180.0 477.0 232.0 -1 -1 -1 -1000 -1000 -1000 -10 0.00244903564453125
Pedestrian -1 -1 -10 684.0 167.0 697.0 206.0 -1 -1 -1 -1000 -1000 -1000 -10 0.002391815185546875
Pedestrian -1 -1 -10 408.0 179.0 422.0 217.0 -1 -1 -1 -1000 -1000 -1000 -10 0.0021724700927734375
Pedestrian -1 -1 -10 410.0 180.0 472.0 232.0 -1 -1 -1 -1000 -1000 -1000 -10 0.002170562744140625
Pedestrian -1 -1 -10 468.0 175.0 479.0 205.0 -1 -1 -1 -1000 -1000 -1000 -10 0.00164794921875
Car -1 -1 -10 686.0 173.0 750.0 228.0 -1 -1 -1 -1000 -1000 -1000 -10 0.0014820098876953125
Pedestrian -1 -1 -10 382.0 180.0 395.0 213.0 -1 -1 -1 -1000 -1000 -1000 -10 0.0014743804931640625
Pedestrian -1 -1 -10 621.0 170.0 632.0 194.0 -1 -1 -1 -1000 -1000 -1000 -10 0.0010824203491210938
Car -1 -1 -10 397.0 178.0 484.0 243.0 -1 -1 -1 -1000 -1000 -1000 -10 0.0009622573852539062
Pedestrian -1 -1 -10 381.0 181.0 398.0 213.0 -1 -1 -1 -1000 -1000 -1000 -10 0.0008831024169921875
Pedestrian -1 -1 -10 671.0 166.0 682.0 205.0 -1 -1 -1 -1000 -1000 -1000 -10 0.0008826255798339844
Car -1 -1 -10 672.0 159.0 796.0 258.0 -1 -1 -1 -1000 -1000 -1000 -10 0.0008821487426757812
Pedestrian -1 -1 -10 610.0 169.0 620.0 196.0 -1 -1 -1 -1000 -1000 -1000 -10 0.0008001327514648438
Car -1 -1 -10 415.0 185.0 466.0 233.0 -1 -1 -1 -1000 -1000 -1000 -10 0.0007953643798828125
Pedestrian -1 -1 -10 458.0 179.0 471.0 203.0 -1 -1 -1 -1000 -1000 -1000 -10 0.0007238388061523438
Pedestrian -1 -1 -10 394.0 181.0 411.0 215.0 -1 -1 -1 -1000 -1000 -1000 -10 0.000720977783203125
Car -1 -1 -10 0.0 209.0 33.0 364.0 -1 -1 -1 -1000 -1000 -1000 -10 0.0007147789001464844
Pedestrian -1 -1 -10 455.0 182.0 474.0 211.0 -1 -1 -1 -1000 -1000 -1000 -10 0.0006589889526367188
Pedestrian -1 -1 -10 403.0 177.0 418.0 209.0 -1 -1 -1 -1000 -1000 -1000 -10 0.0006432533264160156
Pedestrian -1 -1 -10 397.0 179.0 408.0 212.0 -1 -1 -1 -1000 -1000 -1000 -10 0.0006251335144042969
Car -1 -1 -10 0.0 206.0 67.0 364.0 -1 -1 -1 -1000 -1000 -1000 -10 0.0005955696105957031
Pedestrian -1 -1 -10 469.0 181.0 480.0 210.0 -1 -1 -1 -1000 -1000 -1000 -10 0.0005483627319335938
Pedestrian -1 -1 -10 472.0 177.0 482.0 203.0 -1 -1 -1 -1000 -1000 -1000 -10 0.0005478858947753906
Car -1 -1 -10 0.0 229.0 78.0 368.0 -1 -1 -1 -1000 -1000 -1000 -10 0.0005049705505371094
Pedestrian -1 -1 -10 375.0 181.0 394.0 215.0 -1 -1 -1 -1000 -1000 -1000 -10 0.0004839897155761719
Car -1 -1 -10 1065.0 178.0 1212.0 369.0 -1 -1 -1 -1000 -1000 -1000 -10 0.00043964385986328125
Car -1 -1 -10 1049.0 134.0 1241.0 373.0 -1 -1 -1 -1000 -1000 -1000 -10 0.00042748451232910156
Car -1 -1 -10 0.0 191.0 23.0 342.0 -1 -1 -1 -1000 -1000 -1000 -10 0.00038814544677734375
Car -1 -1 -10 371.0 145.0 534.0 277.0 -1 -1 -1 -1000 -1000 -1000 -10 0.00036644935607910156
Car -1 -1 -10 1013.0 165.0 1234.0 369.0 -1 -1 -1 -1000 -1000 -1000 -10 0.00031828880310058594
Pedestrian -1 -1 -10 384.0 179.0 405.0 216.0 -1 -1 -1 -1000 -1000 -1000 -10 0.0003082752227783203
Car -1 -1 -10 1.0 188.0 69.0 352.0 -1 -1 -1 -1000 -1000 -1000 -10 0.0002932548522949219
Car -1 -1 -10 0.0 15.0 71.0 351.0 -1 -1 -1 -1000 -1000 -1000 -10 0.00024819374084472656
Car -1 -1 -10 1138.0 73.0 1240.0 360.0 -1 -1 -1 -1000 -1000 -1000 -10 0.00023281574249267578
Car -1 -1 -10 0.0 220.0 38.0 367.0 -1 -1 -1 -1000 -1000 -1000 -10 0.00022590160369873047
Pedestrian -1 -1 -10 447.0 181.0 463.0 207.0 -1 -1 -1 -1000 -1000 -1000 -10 0.0002237558364868164
Car -1 -1 -10 402.0 180.0 470.0 228.0 -1 -1 -1 -1000 -1000 -1000 -10 0.00022161006927490234
Car -1 -1 -10 353.0 157.0 521.0 278.0 -1 -1 -1 -1000 -1000 -1000 -10 0.0002180337905883789
Pedestrian -1 -1 -10 378.0 180.0 391.0 212.0 -1 -1 -1 -1000 -1000 -1000 -10 0.0001933574676513672
Pedestrian -1 -1 -10 690.0 168.0 712.0 209.0 -1 -1 -1 -1000 -1000 -1000 -10 0.0001913309097290039
Pedestrian -1 -1 -10 661.0 167.0 680.0 199.0 -1 -1 -1 -1000 -1000 -1000 -10 0.0001811981201171875
Car -1 -1 -10 1069.0 159.0 1241.0 371.0 -1 -1 -1 -1000 -1000 -1000 -10 0.00017130374908447266
Car -1 -1 -10 688.0 172.0 726.0 222.0 -1 -1 -1 -1000 -1000 -1000 -10 0.00016391277313232422
Car -1 -1 -10 10.0 222.0 92.0 368.0 -1 -1 -1 -1000 -1000 -1000 -10 0.00015461444854736328
Pedestrian -1 -1 -10 458.0 178.0 479.0 209.0 -1 -1 -1 -1000 -1000 -1000 -10 0.00015461444854736328
Pedestrian -1 -1 -10 609.0 169.0 621.0 196.0 -1 -1 -1 -1000 -1000 -1000 -10 0.00015032291412353516
Pedestrian -1 -1 -10 0.0 217.0 13.0 354.0 -1 -1 -1 -1000 -1000 -1000 -10 0.0001493692398071289
Pedestrian -1 -1 -10 456.0 179.0 480.0 206.0 -1 -1 -1 -1000 -1000 -1000 -10 0.00014865398406982422
Car -1 -1 -10 1221.0 151.0 1242.0 362.0 -1 -1 -1 -1000 -1000 -1000 -10 0.00014841556549072266
Car -1 -1 -10 1144.0 71.0 1240.0 286.0 -1 -1 -1 -1000 -1000 -1000 -10 0.0001481771469116211
Pedestrian -1 -1 -10 679.0 154.0 697.0 197.0 -1 -1 -1 -1000 -1000 -1000 -10 0.0001437664031982422
Car -1 -1 -10 0.0 195.0 28.0 338.0 -1 -1 -1 -1000 -1000 -1000 -10 0.000141143798828125
Car -1 -1 -10 0.0 214.0 99.0 328.0 -1 -1 -1 -1000 -1000 -1000 -10 0.00013339519500732422
Car -1 -1 -10 1183.0 79.0 1242.0 340.0 -1 -1 -1 -1000 -1000 -1000 -10 0.00013315677642822266
Car -1 -1 -10 1214.0 114.0 1242.0 363.0 -1 -1 -1 -1000 -1000 -1000 -10 0.0001291036605834961
Pedestrian -1 -1 -10 403.0 178.0 414.0 206.0 -1 -1 -1 -1000 -1000 -1000 -10 0.000125885009765625
Car -1 -1 -10 1088.0 74.0 1242.0 361.0 -1 -1 -1 -1000 -1000 -1000 -10 0.00012373924255371094
Car -1 -1 -10 1220.0 133.0 1242.0 343.0 -1 -1 -1 -1000 -1000 -1000 -10 0.00012183189392089844
Car -1 -1 -10 1181.0 76.0 1241.0 279.0 -1 -1 -1 -1000 -1000 -1000 -10 0.00011938810348510742
Car -1 -1 -10 0.0 26.0 102.0 340.0 -1 -1 -1 -1000 -1000 -1000 -10 0.00011837482452392578
Pedestrian -1 -1 -10 671.0 156.0 685.0 195.0 -1 -1 -1 -1000 -1000 -1000 -10 0.00011742115020751953
Car -1 -1 -10 1190.0 132.0 1242.0 369.0 -1 -1 -1 -1000 -1000 -1000 -10 0.00011366605758666992
