Car -1 -1 -10 979.0 202.0 1237.0 374.0 -1 -1 -1 -1000 -1000 -1000 -10 0.96875
Car -1 -1 -10 242.0 179.0 457.0 311.0 -1 -1 -1 -1000 -1000 -1000 -10 0.9658203125
Car -1 -1 -10 718.0 189.0 908.0 309.0 -1 -1 -1 -1000 -1000 -1000 -10 0.96484375
Car -1 -1 -10 664.0 180.0 738.0 234.0 -1 -1 -1 -1000 -1000 -1000 -10 0.94970703125
Car -1 -1 -10 452.0 175.0 523.0 228.0 -1 -1 -1 -1000 -1000 -1000 -10 0.94775390625
Car -1 -1 -10 650.0 177.0 706.0 219.0 -1 -1 -1 -1000 -1000 -1000 -10 0.88818359375
Car -1 -1 -10 648.0 176.0 702.0 215.0 -1 -1 -1 -1000 -1000 -1000 -10 0.7333984375
Car -1 -1 -10 646.0 176.0 694.0 212.0 -1 -1 -1 -1000 -1000 -1000 -10 0.50732421875
Car -1 -1 -10 654.0 175.0 714.0 217.0 -1 -1 -1 -1000 -1000 -1000 -10 0.007602691650390625
Car -1 -1 -10 663.0 179.0 729.0 224.0 -1 -1 -1 -1000 -1000 -1000 -10 0.006282806396484375
Car -1 -1 -10 660.0 180.0 728.0 231.0 -1 -1 -1 -1000 -1000 -1000 -10 0.0017919540405273438
Car -1 -1 -10 652.0 165.0 741.0 237.0 -1 -1 -1 -1000 -1000 -1000 -10 0.0014982223510742188
Car -1 -1 -10 643.0 174.0 690.0 210.0 -1 -1 -1 -1000 -1000 -1000 -10 0.0012178421020507812
Car -1 -1 -10 1049.0 208.0 1166.0 362.0 -1 -1 -1 -1000 -1000 -1000 -10 0.0011816024780273438
Car -1 -1 -10 448.0 170.0 525.0 235.0 -1 -1 -1 -1000 -1000 -1000 -10 0.0008783340454101562
Car -1 -1 -10 454.0 173.0 520.0 221.0 -1 -1 -1 -1000 -1000 -1000 -10 0.0008096694946289062
Car -1 -1 -10 662.0 175.0 744.0 240.0 -1 -1 -1 -1000 -1000 -1000 -10 0.0007271766662597656
Car -1 -1 -10 281.0 181.0 426.0 305.0 -1 -1 -1 -1000 -1000 -1000 -10 0.0006933212280273438
Car -1 -1 -10 652.0 173.0 700.0 211.0 -1 -1 -1 -1000 -1000 -1000 -10 0.00044465065002441406
Car -1 -1 -10 619.0 141.0 773.0 247.0 -1 -1 -1 -1000 -1000 -1000 -10 0.00037550926208496094
Car -1 -1 -10 738.0 190.0 888.0 306.0 -1 -1 -1 -1000 -1000 -1000 -10 0.0003752708435058594
Car -1 -1 -10 641.0 167.0 710.0 230.0 -1 -1 -1 -1000 -1000 -1000 -10 0.0003662109375
Cyclist -1 -1 -10 800.0 0.0 890.0 37.0 -1 -1 -1 -1000 -1000 -1000 -10 0.0003612041473388672
Car -1 -1 -10 651.0 184.0 706.0 222.0 -1 -1 -1 -1000 -1000 -1000 -10 0.0003147125244140625
Car -1 -1 -10 0.0 206.0 24.0 361.0 -1 -1 -1 -1000 -1000 -1000 -10 0.0003139972686767578
Car -1 -1 -10 573.0 139.0 754.0 270.0 -1 -1 -1 -1000 -1000 -1000 -10 0.0002815723419189453
Car -1 -1 -10 420.0 135.0 581.0 275.0 -1 -1 -1 -1000 -1000 -1000 -10 0.00027108192443847656
Car -1 -1 -10 644.0 174.0 683.0 207.0 -1 -1 -1 -1000 -1000 -1000 -10 0.0002536773681640625
Car -1 -1 -10 404.0 141.0 556.0 249.0 -1 -1 -1 -1000 -1000 -1000 -10 0.00024127960205078125
Car -1 -1 -10 636.0 142.0 796.0 275.0 -1 -1 -1 -1000 -1000 -1000 -10 0.000240325927734375
Car -1 -1 -10 393.0 136.0 565.0 274.0 -1 -1 -1 -1000 -1000 -1000 -10 0.00022780895233154297
Car -1 -1 -10 0.0 198.0 23.0 327.0 -1 -1 -1 -1000 -1000 -1000 -10 0.00017964839935302734
Car -1 -1 -10 634.0 71.0 646.0 82.0 -1 -1 -1 -1000 -1000 -1000 -10 0.00015401840209960938
Car -1 -1 -10 1224.0 171.0 1242.0 309.0 -1 -1 -1 -1000 -1000 -1000 -10 0.000148773193359375
Car -1 -1 -10 596.0 142.0 774.0 275.0 -1 -1 -1 -1000 -1000 -1000 -10 0.00014352798461914062
Car -1 -1 -10 645.0 178.0 683.0 212.0 -1 -1 -1 -1000 -1000 -1000 -10 0.00013566017150878906
Car -1 -1 -10 1223.0 183.0 1241.0 327.0 -1 -1 -1 -1000 -1000 -1000 -10 0.00013494491577148438
Car -1 -1 -10 1228.0 192.0 1242.0 298.0 -1 -1 -1 -1000 -1000 -1000 -10 0.00010412931442260742
