Car -1 -1 -10 630.0 158.0 715.0 219.0 -1 -1 -1 -1000 -1000 -1000 -10 0.95263671875
Car -1 -1 -10 398.0 178.0 460.0 227.0 -1 -1 -1 -1000 -1000 -1000 -10 0.95068359375
Car -1 -1 -10 437.0 181.0 479.0 213.0 -1 -1 -1 -1000 -1000 -1000 -10 0.8974609375
Car -1 -1 -10 433.0 179.0 474.0 212.0 -1 -1 -1 -1000 -1000 -1000 -10 0.003910064697265625
Car -1 -1 -10 443.0 180.0 480.0 208.0 -1 -1 -1 -1000 -1000 -1000 -10 0.0032215118408203125
Car -1 -1 -10 425.0 183.0 470.0 219.0 -1 -1 -1 -1000 -1000 -1000 -10 0.002338409423828125
Car -1 -1 -10 405.0 179.0 457.0 226.0 -1 -1 -1 -1000 -1000 -1000 -10 0.0017366409301757812
Car -1 -1 -10 415.0 181.0 464.0 222.0 -1 -1 -1 -1000 -1000 -1000 -10 0.0014715194702148438
Car -1 -1 -10 441.0 184.0 482.0 213.0 -1 -1 -1 -1000 -1000 -1000 -10 0.0011148452758789062
Car -1 -1 -10 0.0 234.0 19.0 365.0 -1 -1 -1 -1000 -1000 -1000 -10 0.0009322166442871094
Car -1 -1 -10 0.0 210.0 18.0 358.0 -1 -1 -1 -1000 -1000 -1000 -10 0.0007510185241699219
Car -1 -1 -10 604.0 130.0 752.0 235.0 -1 -1 -1 -1000 -1000 -1000 -10 0.0006327629089355469
Car -1 -1 -10 438.0 176.0 478.0 209.0 -1 -1 -1 -1000 -1000 -1000 -10 0.0005793571472167969
Car -1 -1 -10 598.0 135.0 757.0 255.0 -1 -1 -1 -1000 -1000 -1000 -10 0.0005731582641601562
Car -1 -1 -10 396.0 169.0 463.0 231.0 -1 -1 -1 -1000 -1000 -1000 -10 0.0005450248718261719
Car -1 -1 -10 0.0 230.0 13.0 335.0 -1 -1 -1 -1000 -1000 -1000 -10 0.00046372413635253906
Car -1 -1 -10 0.0 242.0 15.0 366.0 -1 -1 -1 -1000 -1000 -1000 -10 0.00045871734619140625
Car -1 -1 -10 0.0 231.0 24.0 368.0 -1 -1 -1 -1000 -1000 -1000 -10 0.00044226646423339844
Car -1 -1 -10 590.0 137.0 737.0 252.0 -1 -1 -1 -1000 -1000 -1000 -10 0.0004413127899169922
Car -1 -1 -10 428.0 168.0 496.0 235.0 -1 -1 -1 -1000 -1000 -1000 -10 0.00041103363037109375
Car -1 -1 -10 0.0 259.0 22.0 370.0 -1 -1 -1 -1000 -1000 -1000 -10 0.0004093647003173828
Car -1 -1 -10 0.0 227.0 12.0 322.0 -1 -1 -1 -1000 -1000 -1000 -10 0.0004038810729980469
Car -1 -1 -10 0.0 200.0 24.0 367.0 -1 -1 -1 -1000 -1000 -1000 -10 0.00037550926208496094
Car -1 -1 -10 333.0 139.0 501.0 273.0 -1 -1 -1 -1000 -1000 -1000 -10 0.0003743171691894531
Car -1 -1 -10 429.0 163.0 488.0 223.0 -1 -1 -1 -1000 -1000 -1000 -10 0.0003261566162109375
Car -1 -1 -10 356.0 139.0 509.0 250.0 -1 -1 -1 -1000 -1000 -1000 -10 0.0003209114074707031
Car -1 -1 -10 1213.0 186.0 1242.0 373.0 -1 -1 -1 -1000 -1000 -1000 -10 0.0003209114074707031
Car -1 -1 -10 0.0 183.0 18.0 342.0 -1 -1 -1 -1000 -1000 -1000 -10 0.0002982616424560547
Car -1 -1 -10 0.0 236.0 38.0 371.0 -1 -1 -1 -1000 -1000 -1000 -10 0.00027751922607421875
Cyclist -1 -1 -10 0.0 167.0 23.0 314.0 -1 -1 -1 -1000 -1000 -1000 -10 0.0002751350402832031
Car -1 -1 -10 1218.0 171.0 1241.0 357.0 -1 -1 -1 -1000 -1000 -1000 -10 0.00027251243591308594
Car -1 -1 -10 533.0 169.0 557.0 189.0 -1 -1 -1 -1000 -1000 -1000 -10 0.0002636909484863281
Car -1 -1 -10 1196.0 185.0 1242.0 375.0 -1 -1 -1 -1000 -1000 -1000 -10 0.000263214111328125
Car -1 -1 -10 409.0 178.0 463.0 221.0 -1 -1 -1 -1000 -1000 -1000 -10 0.0002608299255371094
Car -1 -1 -10 537.0 170.0 559.0 191.0 -1 -1 -1 -1000 -1000 -1000 -10 0.00022995471954345703
Car -1 -1 -10 404.0 175.0 459.0 219.0 -1 -1 -1 -1000 -1000 -1000 -10 0.00021469593048095703
Car -1 -1 -10 0.0 254.0 28.0 375.0 -1 -1 -1 -1000 -1000 -1000 -10 0.0001977682113647461
Car -1 -1 -10 0.0 259.0 14.0 371.0 -1 -1 -1 -1000 -1000 -1000 -10 0.00019550323486328125
Car -1 -1 -10 385.0 123.0 547.0 247.0 -1 -1 -1 -1000 -1000 -1000 -10 0.0001951456069946289
Car -1 -1 -10 382.0 138.0 550.0 277.0 -1 -1 -1 -1000 -1000 -1000 -10 0.00019502639770507812
Car -1 -1 -10 459.0 179.0 488.0 204.0 -1 -1 -1 -1000 -1000 -1000 -10 0.0001875162124633789
Cyclist -1 -1 -10 0.0 155.0 26.0 292.0 -1 -1 -1 -1000 -1000 -1000 -10 0.000171661376953125
Cyclist -1 -1 -10 0.0 159.0 28.0 320.0 -1 -1 -1 -1000 -1000 -1000 -10 0.0001666545867919922
Car -1 -1 -10 1097.0 0.0 1242.0 0.0 -1 -1 -1 -1000 -1000 -1000 -10 0.0001634359359741211
Car -1 -1 -10 0.0 227.0 46.0 374.0 -1 -1 -1 -1000 -1000 -1000 -10 0.0001596212387084961
Car -1 -1 -10 1199.0 159.0 1241.0 370.0 -1 -1 -1 -1000 -1000 -1000 -10 0.00014770030975341797
Car -1 -1 -10 0.0 200.0 38.0 368.0 -1 -1 -1 -1000 -1000 -1000 -10 0.00014770030975341797
Car -1 -1 -10 453.0 180.0 487.0 209.0 -1 -1 -1 -1000 -1000 -1000 -10 0.00014603137969970703
Car -1 -1 -10 1.0 228.0 19.0 340.0 -1 -1 -1 -1000 -1000 -1000 -10 0.00013148784637451172
Car -1 -1 -10 0.0 235.0 14.0 329.0 -1 -1 -1 -1000 -1000 -1000 -10 0.00013113021850585938
Car -1 -1 -10 0.0 261.0 47.0 375.0 -1 -1 -1 -1000 -1000 -1000 -10 0.00012993812561035156
Car -1 -1 -10 0.0 173.0 25.0 350.0 -1 -1 -1 -1000 -1000 -1000 -10 0.00012922286987304688
Car -1 -1 -10 1158.0 2.0 1239.0 72.0 -1 -1 -1 -1000 -1000 -1000 -10 0.00012218952178955078
Cyclist -1 -1 -10 0.0 146.0 31.0 299.0 -1 -1 -1 -1000 -1000 -1000 -10 0.00011909008026123047
Car -1 -1 -10 532.0 169.0 560.0 191.0 -1 -1 -1 -1000 -1000 -1000 -10 0.00011670589447021484
Car -1 -1 -10 1063.0 0.0 1199.0 3.0 -1 -1 -1 -1000 -1000 -1000 -10 0.00011134147644042969
Car -1 -1 -10 0.0 246.0 11.0 301.0 -1 -1 -1 -1000 -1000 -1000 -10 0.00010716915130615234
Car -1 -1 -10 820.0 69.0 849.0 93.0 -1 -1 -1 -1000 -1000 -1000 -10 0.0001068115234375
Car -1 -1 -10 1210.0 199.0 1242.0 375.0 -1 -1 -1 -1000 -1000 -1000 -10 0.00010591745376586914
Car -1 -1 -10 393.0 182.0 442.0 222.0 -1 -1 -1 -1000 -1000 -1000 -10 0.00010585784912109375
