Car -1 -1 -10 866.0 167.0 1130.0 245.0 -1 -1 -1 -1000 -1000 -1000 -10 0.9501953125
Car -1 -1 -10 471.0 186.0 505.0 210.0 -1 -1 -1 -1000 -1000 -1000 -10 0.94091796875
Car -1 -1 -10 563.0 184.0 590.0 208.0 -1 -1 -1 -1000 -1000 -1000 -10 0.91845703125
Car -1 -1 -10 563.0 186.0 591.0 210.0 -1 -1 -1 -1000 -1000 -1000 -10 0.00478363037109375
Car -1 -1 -10 560.0 183.0 587.0 206.0 -1 -1 -1 -1000 -1000 -1000 -10 0.002323150634765625
Car -1 -1 -10 867.0 162.0 1133.0 230.0 -1 -1 -1 -1000 -1000 -1000 -10 0.0017375946044921875
Car -1 -1 -10 566.0 182.0 593.0 207.0 -1 -1 -1 -1000 -1000 -1000 -10 0.0011768341064453125
Car -1 -1 -10 562.0 181.0 591.0 212.0 -1 -1 -1 -1000 -1000 -1000 -10 0.0011110305786132812
Car -1 -1 -10 944.0 171.0 1059.0 233.0 -1 -1 -1 -1000 -1000 -1000 -10 0.0009918212890625
Car -1 -1 -10 863.0 157.0 1131.0 256.0 -1 -1 -1 -1000 -1000 -1000 -10 0.0008234977722167969
Car -1 -1 -10 470.0 183.0 505.0 213.0 -1 -1 -1 -1000 -1000 -1000 -10 0.0007839202880859375
Car -1 -1 -10 0.0 199.0 25.0 362.0 -1 -1 -1 -1000 -1000 -1000 -10 0.0004818439483642578
Car -1 -1 -10 1228.0 142.0 1242.0 214.0 -1 -1 -1 -1000 -1000 -1000 -10 0.0004296302795410156
Car -1 -1 -10 0.0 187.0 22.0 345.0 -1 -1 -1 -1000 -1000 -1000 -10 0.0003662109375
Car -1 -1 -10 1232.0 138.0 1242.0 208.0 -1 -1 -1 -1000 -1000 -1000 -10 0.0003497600555419922
Car -1 -1 -10 1232.0 146.0 1242.0 220.0 -1 -1 -1 -1000 -1000 -1000 -10 0.0003123283386230469
Car -1 -1 -10 1226.0 132.0 1242.0 201.0 -1 -1 -1 -1000 -1000 -1000 -10 0.00027298927307128906
Car -1 -1 -10 1230.0 131.0 1242.0 197.0 -1 -1 -1 -1000 -1000 -1000 -10 0.0002529621124267578
Car -1 -1 -10 1232.0 153.0 1242.0 230.0 -1 -1 -1 -1000 -1000 -1000 -10 0.00025177001953125
Car -1 -1 -10 562.0 180.0 589.0 204.0 -1 -1 -1 -1000 -1000 -1000 -10 0.0002256631851196289
Car -1 -1 -10 1232.0 147.0 1241.0 196.0 -1 -1 -1 -1000 -1000 -1000 -10 0.00021708011627197266
Car -1 -1 -10 1.0 215.0 28.0 370.0 -1 -1 -1 -1000 -1000 -1000 -10 0.0002033710479736328
Car -1 -1 -10 0.0 196.0 34.0 369.0 -1 -1 -1 -1000 -1000 -1000 -10 0.0001971721649169922
Car -1 -1 -10 1233.0 156.0 1242.0 207.0 -1 -1 -1 -1000 -1000 -1000 -10 0.00019288063049316406
Car -1 -1 -10 1231.0 139.0 1242.0 187.0 -1 -1 -1 -1000 -1000 -1000 -10 0.0001627206802368164
Car -1 -1 -10 1233.0 164.0 1242.0 216.0 -1 -1 -1 -1000 -1000 -1000 -10 0.00014126300811767578
Car -1 -1 -10 1228.0 149.0 1242.0 237.0 -1 -1 -1 -1000 -1000 -1000 -10 0.0001329183578491211
Car -1 -1 -10 1232.0 125.0 1242.0 183.0 -1 -1 -1 -1000 -1000 -1000 -10 0.00012958049774169922
Car -1 -1 -10 0.0 177.0 19.0 311.0 -1 -1 -1 -1000 -1000 -1000 -10 0.0001195669174194336
Car -1 -1 -10 1232.0 131.0 1242.0 176.0 -1 -1 -1 -1000 -1000 -1000 -10 0.00011938810348510742
Car -1 -1 -10 1223.0 138.0 1242.0 206.0 -1 -1 -1 -1000 -1000 -1000 -10 0.00011920928955078125
