Car -1 -1 -10 572.0 176.0 611.0 214.0 -1 -1 -1 -1000 -1000 -1000 -10 0.94287109375
Car -1 -1 -10 272.0 185.0 352.0 226.0 -1 -1 -1 -1000 -1000 -1000 -10 0.94189453125
Car -1 -1 -10 0.0 199.0 105.0 281.0 -1 -1 -1 -1000 -1000 -1000 -10 0.93359375
Car -1 -1 -10 501.0 147.0 550.0 199.0 -1 -1 -1 -1000 -1000 -1000 -10 0.92578125
Car -1 -1 -10 483.0 0.0 559.0 55.0 -1 -1 -1 -1000 -1000 -1000 -10 0.0023403167724609375
Car -1 -1 -10 579.0 0.0 654.0 56.0 -1 -1 -1 -1000 -1000 -1000 -10 0.0017900466918945312
Car -1 -1 -10 271.0 184.0 348.0 220.0 -1 -1 -1 -1000 -1000 -1000 -10 0.001735687255859375
Car -1 -1 -10 591.0 0.0 659.0 55.0 -1 -1 -1 -1000 -1000 -1000 -10 0.0015058517456054688
Car -1 -1 -10 497.0 139.0 554.0 204.0 -1 -1 -1 -1000 -1000 -1000 -10 0.0011987686157226562
Car -1 -1 -10 568.0 0.0 643.0 56.0 -1 -1 -1 -1000 -1000 -1000 -10 0.001155853271484375
Car -1 -1 -10 732.0 0.0 796.0 54.0 -1 -1 -1 -1000 -1000 -1000 -10 0.0011262893676757812
Car -1 -1 -10 601.0 1.0 668.0 54.0 -1 -1 -1 -1000 -1000 -1000 -10 0.00110626220703125
Car -1 -1 -10 5.0 191.0 110.0 275.0 -1 -1 -1 -1000 -1000 -1000 -10 0.0009975433349609375
Car -1 -1 -10 0.0 191.0 118.0 293.0 -1 -1 -1 -1000 -1000 -1000 -10 0.0008287429809570312
Car -1 -1 -10 0.0 194.0 90.0 269.0 -1 -1 -1 -1000 -1000 -1000 -10 0.00078582763671875
Car -1 -1 -10 527.0 0.0 600.0 57.0 -1 -1 -1 -1000 -1000 -1000 -10 0.0007638931274414062
Car -1 -1 -10 493.0 0.0 570.0 56.0 -1 -1 -1 -1000 -1000 -1000 -10 0.0007371902465820312
Car -1 -1 -10 476.0 0.0 550.0 54.0 -1 -1 -1 -1000 -1000 -1000 -10 0.0007143020629882812
Car -1 -1 -10 550.0 0.0 616.0 55.0 -1 -1 -1 -1000 -1000 -1000 -10 0.0006885528564453125
Car -1 -1 -10 266.0 172.0 357.0 238.0 -1 -1 -1 -1000 -1000 -1000 -10 0.000659942626953125
Car -1 -1 -10 624.0 1.0 691.0 54.0 -1 -1 -1 -1000 -1000 -1000 -10 0.0006475448608398438
Car -1 -1 -10 536.0 0.0 610.0 56.0 -1 -1 -1 -1000 -1000 -1000 -10 0.0006237030029296875
Car -1 -1 -10 557.0 0.0 630.0 55.0 -1 -1 -1 -1000 -1000 -1000 -10 0.0005593299865722656
Car -1 -1 -10 518.0 0.0 591.0 57.0 -1 -1 -1 -1000 -1000 -1000 -10 0.0005273818969726562
Car -1 -1 -10 572.0 175.0 606.0 209.0 -1 -1 -1 -1000 -1000 -1000 -10 0.0005044937133789062
Car -1 -1 -10 505.0 0.0 580.0 56.0 -1 -1 -1 -1000 -1000 -1000 -10 0.00039005279541015625
Cyclist -1 -1 -10 1214.0 144.0 1242.0 365.0 -1 -1 -1 -1000 -1000 -1000 -10 0.00037860870361328125
Car -1 -1 -10 613.0 1.0 680.0 54.0 -1 -1 -1 -1000 -1000 -1000 -10 0.00037860870361328125
Car -1 -1 -10 457.0 99.0 485.0 123.0 -1 -1 -1 -1000 -1000 -1000 -10 0.00037026405334472656
Car -1 -1 -10 440.0 120.0 603.0 245.0 -1 -1 -1 -1000 -1000 -1000 -10 0.0003504753112792969
Car -1 -1 -10 1.0 199.0 104.0 306.0 -1 -1 -1 -1000 -1000 -1000 -10 0.0003371238708496094
Car -1 -1 -10 1.0 200.0 87.0 295.0 -1 -1 -1 -1000 -1000 -1000 -10 0.00031495094299316406
Cyclist -1 -1 -10 1197.0 144.0 1242.0 369.0 -1 -1 -1 -1000 -1000 -1000 -10 0.00031256675720214844
Car -1 -1 -10 217.0 134.0 401.0 279.0 -1 -1 -1 -1000 -1000 -1000 -10 0.00030803680419921875
Car -1 -1 -10 460.0 103.0 484.0 120.0 -1 -1 -1 -1000 -1000 -1000 -10 0.0002968311309814453
Car -1 -1 -10 441.0 105.0 597.0 236.0 -1 -1 -1 -1000 -1000 -1000 -10 0.0002913475036621094
Cyclist -1 -1 -10 1211.0 130.0 1242.0 375.0 -1 -1 -1 -1000 -1000 -1000 -10 0.00027823448181152344
Car -1 -1 -10 229.0 141.0 389.0 254.0 -1 -1 -1 -1000 -1000 -1000 -10 0.00026726722717285156
Car -1 -1 -10 642.0 0.0 706.0 54.0 -1 -1 -1 -1000 -1000 -1000 -10 0.0002589225769042969
Car -1 -1 -10 474.0 0.0 535.0 50.0 -1 -1 -1 -1000 -1000 -1000 -10 0.000247955322265625
Car -1 -1 -10 567.0 166.0 625.0 232.0 -1 -1 -1 -1000 -1000 -1000 -10 0.00023472309112548828
Car -1 -1 -10 0.0 189.0 20.0 258.0 -1 -1 -1 -1000 -1000 -1000 -10 0.0002262592315673828
Car -1 -1 -10 476.0 109.0 615.0 236.0 -1 -1 -1 -1000 -1000 -1000 -10 0.00021266937255859375
Cyclist -1 -1 -10 1210.0 144.0 1242.0 344.0 -1 -1 -1 -1000 -1000 -1000 -10 0.00020992755889892578
Car -1 -1 -10 566.0 159.0 618.0 220.0 -1 -1 -1 -1000 -1000 -1000 -10 0.00017011165618896484
Car -1 -1 -10 500.0 139.0 551.0 191.0 -1 -1 -1 -1000 -1000 -1000 -10 0.00014829635620117188
Car -1 -1 -10 514.0 134.0 682.0 277.0 -1 -1 -1 -1000 -1000 -1000 -10 0.00014662742614746094
Pedestrian -1 -1 -10 886.0 0.0 946.0 2.0 -1 -1 -1 -1000 -1000 -1000 -10 0.0001360177993774414
Car -1 -1 -10 1.0 170.0 62.0 238.0 -1 -1 -1 -1000 -1000 -1000 -10 0.0001348257064819336
Car -1 -1 -10 554.0 166.0 614.0 226.0 -1 -1 -1 -1000 -1000 -1000 -10 0.0001308917999267578
Car -1 -1 -10 0.0 191.0 13.0 261.0 -1 -1 -1 -1000 -1000 -1000 -10 0.00012540817260742188
Car -1 -1 -10 3.0 176.0 101.0 246.0 -1 -1 -1 -1000 -1000 -1000 -10 0.00012493133544921875
Car -1 -1 -10 5.0 189.0 104.0 252.0 -1 -1 -1 -1000 -1000 -1000 -10 0.0001239776611328125
Car -1 -1 -10 0.0 188.0 26.0 261.0 -1 -1 -1 -1000 -1000 -1000 -10 0.00012362003326416016
Car -1 -1 -10 0.0 202.0 22.0 273.0 -1 -1 -1 -1000 -1000 -1000 -10 0.0001232624053955078
Car -1 -1 -10 496.0 143.0 549.0 198.0 -1 -1 -1 -1000 -1000 -1000 -10 0.00011587142944335938
Car -1 -1 -10 472.0 1.0 569.0 60.0 -1 -1 -1 -1000 -1000 -1000 -10 0.00011157989501953125
Car -1 -1 -10 517.0 120.0 679.0 243.0 -1 -1 -1 -1000 -1000 -1000 -10 0.00011140108108520508
Car -1 -1 -10 474.0 135.0 658.0 268.0 -1 -1 -1 -1000 -1000 -1000 -10 0.00011026859283447266
Cyclist -1 -1 -10 1166.0 146.0 1242.0 366.0 -1 -1 -1 -1000 -1000 -1000 -10 0.00010764598846435547
Car -1 -1 -10 515.0 4.0 595.0 62.0 -1 -1 -1 -1000 -1000 -1000 -10 0.00010663270950317383
