Car -1 -1 -10 714.0 176.0 796.0 232.0 -1 -1 -1 -1000 -1000 -1000 -10 0.96044921875
Car -1 -1 -10 1135.0 154.0 1220.0 184.0 -1 -1 -1 -1000 -1000 -1000 -10 0.93017578125
Cyclist -1 -1 -10 798.0 167.0 848.0 207.0 -1 -1 -1 -1000 -1000 -1000 -10 0.91357421875
Car -1 -1 -10 361.0 178.0 415.0 200.0 -1 -1 -1 -1000 -1000 -1000 -10 0.90771484375
Car -1 -1 -10 710.0 169.0 767.0 189.0 -1 -1 -1 -1000 -1000 -1000 -10 0.8984375
Car -1 -1 -10 864.0 164.0 927.0 185.0 -1 -1 -1 -1000 -1000 -1000 -10 0.8837890625
Car -1 -1 -10 602.0 173.0 621.0 187.0 -1 -1 -1 -1000 -1000 -1000 -10 0.85302734375
Car -1 -1 -10 569.0 173.0 593.0 188.0 -1 -1 -1 -1000 -1000 -1000 -10 0.82421875
Pedestrian -1 -1 -10 522.0 169.0 532.0 204.0 -1 -1 -1 -1000 -1000 -1000 -10 0.7822265625
Car -1 -1 -10 712.0 172.0 791.0 219.0 -1 -1 -1 -1000 -1000 -1000 -10 0.60595703125
Car -1 -1 -10 602.0 171.0 624.0 186.0 -1 -1 -1 -1000 -1000 -1000 -10 0.0565185546875
Pedestrian -1 -1 -10 523.0 170.0 535.0 201.0 -1 -1 -1 -1000 -1000 -1000 -10 0.05621337890625
Pedestrian -1 -1 -10 520.0 172.0 531.0 206.0 -1 -1 -1 -1000 -1000 -1000 -10 0.0518798828125
Car -1 -1 -10 716.0 174.0 783.0 211.0 -1 -1 -1 -1000 -1000 -1000 -10 0.0224456787109375
Car -1 -1 -10 705.0 170.0 761.0 188.0 -1 -1 -1 -1000 -1000 -1000 -10 0.0171966552734375
Cyclist -1 -1 -10 790.0 169.0 834.0 203.0 -1 -1 -1 -1000 -1000 -1000 -10 0.01528167724609375
Car -1 -1 -10 988.0 164.0 1058.0 185.0 -1 -1 -1 -1000 -1000 -1000 -10 0.0140533447265625
Car -1 -1 -10 712.0 167.0 765.0 186.0 -1 -1 -1 -1000 -1000 -1000 -10 0.0115203857421875
Cyclist -1 -1 -10 796.0 165.0 846.0 199.0 -1 -1 -1 -1000 -1000 -1000 -10 0.00609588623046875
Car -1 -1 -10 869.0 164.0 921.0 184.0 -1 -1 -1 -1000 -1000 -1000 -10 0.005321502685546875
Car -1 -1 -10 866.0 162.0 925.0 182.0 -1 -1 -1 -1000 -1000 -1000 -10 0.004638671875
Car -1 -1 -10 860.0 166.0 926.0 187.0 -1 -1 -1 -1000 -1000 -1000 -10 0.004154205322265625
Car -1 -1 -10 1135.0 158.0 1217.0 186.0 -1 -1 -1 -1000 -1000 -1000 -10 0.00406646728515625
Car -1 -1 -10 993.0 161.0 1076.0 186.0 -1 -1 -1 -1000 -1000 -1000 -10 0.0029544830322265625
Car -1 -1 -10 586.0 173.0 604.0 186.0 -1 -1 -1 -1000 -1000 -1000 -10 0.0027484893798828125
Car -1 -1 -10 583.0 174.0 601.0 186.0 -1 -1 -1 -1000 -1000 -1000 -10 0.002349853515625
Cyclist -1 -1 -10 789.0 167.0 839.0 206.0 -1 -1 -1 -1000 -1000 -1000 -10 0.0022907257080078125
Cyclist -1 -1 -10 787.0 171.0 835.0 208.0 -1 -1 -1 -1000 -1000 -1000 -10 0.0022068023681640625
Car -1 -1 -10 823.0 165.0 886.0 190.0 -1 -1 -1 -1000 -1000 -1000 -10 0.0020656585693359375
Car -1 -1 -10 709.0 170.0 775.0 206.0 -1 -1 -1 -1000 -1000 -1000 -10 0.0020275115966796875
Car -1 -1 -10 1231.0 158.0 1242.0 183.0 -1 -1 -1 -1000 -1000 -1000 -10 0.0017976760864257812
Pedestrian -1 -1 -10 522.0 167.0 531.0 197.0 -1 -1 -1 -1000 -1000 -1000 -10 0.0016832351684570312
Car -1 -1 -10 712.0 172.0 773.0 193.0 -1 -1 -1 -1000 -1000 -1000 -10 0.0016393661499023438
Car -1 -1 -10 708.0 166.0 769.0 198.0 -1 -1 -1 -1000 -1000 -1000 -10 0.0015954971313476562
Car -1 -1 -10 569.0 176.0 592.0 189.0 -1 -1 -1 -1000 -1000 -1000 -10 0.0015687942504882812
Cyclist -1 -1 -10 791.0 165.0 840.0 197.0 -1 -1 -1 -1000 -1000 -1000 -10 0.0015268325805664062
Car -1 -1 -10 352.0 177.0 409.0 199.0 -1 -1 -1 -1000 -1000 -1000 -10 0.001476287841796875
Car -1 -1 -10 1234.0 166.0 1241.0 193.0 -1 -1 -1 -1000 -1000 -1000 -10 0.0014677047729492188
Car -1 -1 -10 862.0 157.0 930.0 190.0 -1 -1 -1 -1000 -1000 -1000 -10 0.001323699951171875
Cyclist -1 -1 -10 825.0 166.0 883.0 196.0 -1 -1 -1 -1000 -1000 -1000 -10 0.0013179779052734375
Cyclist -1 -1 -10 793.0 159.0 851.0 218.0 -1 -1 -1 -1000 -1000 -1000 -10 0.00130462646484375
Car -1 -1 -10 358.0 172.0 416.0 204.0 -1 -1 -1 -1000 -1000 -1000 -10 0.0011949539184570312
Car -1 -1 -10 619.0 170.0 643.0 184.0 -1 -1 -1 -1000 -1000 -1000 -10 0.0011463165283203125
Car -1 -1 -10 871.0 164.0 934.0 185.0 -1 -1 -1 -1000 -1000 -1000 -10 0.0010671615600585938
Car -1 -1 -10 1003.0 157.0 1085.0 183.0 -1 -1 -1 -1000 -1000 -1000 -10 0.0010204315185546875
Car -1 -1 -10 1233.0 166.0 1242.0 194.0 -1 -1 -1 -1000 -1000 -1000 -10 0.0009722709655761719
Car -1 -1 -10 142.0 181.0 208.0 211.0 -1 -1 -1 -1000 -1000 -1000 -10 0.0008673667907714844
Cyclist -1 -1 -10 793.0 153.0 854.0 212.0 -1 -1 -1 -1000 -1000 -1000 -10 0.000820159912109375
Car -1 -1 -10 1228.0 160.0 1242.0 189.0 -1 -1 -1 -1000 -1000 -1000 -10 0.0008001327514648438
Car -1 -1 -10 855.0 164.0 921.0 185.0 -1 -1 -1 -1000 -1000 -1000 -10 0.00078582763671875
Car -1 -1 -10 361.0 175.0 416.0 207.0 -1 -1 -1 -1000 -1000 -1000 -10 0.0007481575012207031
Car -1 -1 -10 990.0 166.0 1056.0 191.0 -1 -1 -1 -1000 -1000 -1000 -10 0.0007228851318359375
Car -1 -1 -10 623.0 171.0 646.0 184.0 -1 -1 -1 -1000 -1000 -1000 -10 0.0006990432739257812
Cyclist -1 -1 -10 816.0 166.0 869.0 198.0 -1 -1 -1 -1000 -1000 -1000 -10 0.0005855560302734375
Car -1 -1 -10 831.0 167.0 888.0 191.0 -1 -1 -1 -1000 -1000 -1000 -10 0.0005660057067871094
Car -1 -1 -10 831.0 166.0 891.0 187.0 -1 -1 -1 -1000 -1000 -1000 -10 0.0005650520324707031
Car -1 -1 -10 1127.0 136.0 1226.0 201.0 -1 -1 -1 -1000 -1000 -1000 -10 0.0005216598510742188
Car -1 -1 -10 0.0 201.0 19.0 322.0 -1 -1 -1 -1000 -1000 -1000 -10 0.0004887580871582031
Cyclist -1 -1 -10 734.0 118.0 890.0 236.0 -1 -1 -1 -1000 -1000 -1000 -10 0.0004818439483642578
Car -1 -1 -10 977.0 160.0 1047.0 184.0 -1 -1 -1 -1000 -1000 -1000 -10 0.00047397613525390625
Cyclist -1 -1 -10 811.0 170.0 858.0 208.0 -1 -1 -1 -1000 -1000 -1000 -10 0.0004258155822753906
Car -1 -1 -10 614.0 171.0 634.0 184.0 -1 -1 -1 -1000 -1000 -1000 -10 0.00042438507080078125
Car -1 -1 -10 0.0 202.0 23.0 360.0 -1 -1 -1 -1000 -1000 -1000 -10 0.0004184246063232422
Car -1 -1 -10 0.0 205.0 13.0 300.0 -1 -1 -1 -1000 -1000 -1000 -10 0.00038743019104003906
Car -1 -1 -10 1230.0 153.0 1242.0 180.0 -1 -1 -1 -1000 -1000 -1000 -10 0.0003781318664550781
Car -1 -1 -10 1149.0 157.0 1200.0 179.0 -1 -1 -1 -1000 -1000 -1000 -10 0.00037169456481933594
Car -1 -1 -10 665.0 143.0 823.0 271.0 -1 -1 -1 -1000 -1000 -1000 -10 0.00035881996154785156
Car -1 -1 -10 1019.0 160.0 1097.0 186.0 -1 -1 -1 -1000 -1000 -1000 -10 0.00035071372985839844
Car -1 -1 -10 0.0 207.0 15.0 315.0 -1 -1 -1 -1000 -1000 -1000 -10 0.0003478527069091797
Cyclist -1 -1 -10 801.0 173.0 849.0 212.0 -1 -1 -1 -1000 -1000 -1000 -10 0.0003445148468017578
Car -1 -1 -10 1225.0 151.0 1242.0 182.0 -1 -1 -1 -1000 -1000 -1000 -10 0.0003368854522705078
Cyclist -1 -1 -10 727.0 132.0 893.0 269.0 -1 -1 -1 -1000 -1000 -1000 -10 0.0003299713134765625
Car -1 -1 -10 1132.0 151.0 1220.0 188.0 -1 -1 -1 -1000 -1000 -1000 -10 0.00031185150146484375
Car -1 -1 -10 352.0 174.0 404.0 198.0 -1 -1 -1 -1000 -1000 -1000 -10 0.0003097057342529297
Car -1 -1 -10 1236.0 172.0 1242.0 204.0 -1 -1 -1 -1000 -1000 -1000 -10 0.000301361083984375
Cyclist -1 -1 -10 765.0 117.0 910.0 236.0 -1 -1 -1 -1000 -1000 -1000 -10 0.00029349327087402344
Car -1 -1 -10 1.0 192.0 18.0 296.0 -1 -1 -1 -1000 -1000 -1000 -10 0.0002837181091308594
Car -1 -1 -10 357.0 1.0 415.0 52.0 -1 -1 -1 -1000 -1000 -1000 -10 0.0002830028533935547
Car -1 -1 -10 986.0 168.0 1045.0 188.0 -1 -1 -1 -1000 -1000 -1000 -10 0.0002732276916503906
Car -1 -1 -10 1028.0 156.0 1099.0 182.0 -1 -1 -1 -1000 -1000 -1000 -10 0.00026726722717285156
Car -1 -1 -10 570.0 167.0 597.0 184.0 -1 -1 -1 -1000 -1000 -1000 -10 0.0002636909484863281
Car -1 -1 -10 1011.0 160.0 1086.0 185.0 -1 -1 -1 -1000 -1000 -1000 -10 0.0002608299255371094
Cyclist -1 -1 -10 825.0 168.0 875.0 202.0 -1 -1 -1 -1000 -1000 -1000 -10 0.0002579689025878906
Car -1 -1 -10 628.0 172.0 655.0 184.0 -1 -1 -1 -1000 -1000 -1000 -10 0.0002541542053222656
Car -1 -1 -10 601.0 176.0 621.0 189.0 -1 -1 -1 -1000 -1000 -1000 -10 0.00024771690368652344
Car -1 -1 -10 0.0 193.0 24.0 330.0 -1 -1 -1 -1000 -1000 -1000 -10 0.0002455711364746094
Car -1 -1 -10 1221.0 157.0 1242.0 180.0 -1 -1 -1 -1000 -1000 -1000 -10 0.00023758411407470703
Pedestrian -1 -1 -10 524.0 169.0 534.0 194.0 -1 -1 -1 -1000 -1000 -1000 -10 0.0002319812774658203
Cyclist -1 -1 -10 793.0 174.0 841.0 213.0 -1 -1 -1 -1000 -1000 -1000 -10 0.0002244710922241211
Pedestrian -1 -1 -10 522.0 175.0 530.0 210.0 -1 -1 -1 -1000 -1000 -1000 -10 0.00021970272064208984
Car -1 -1 -10 985.0 166.0 1048.0 187.0 -1 -1 -1 -1000 -1000 -1000 -10 0.00021028518676757812
Cyclist -1 -1 -10 831.0 166.0 877.0 195.0 -1 -1 -1 -1000 -1000 -1000 -10 0.00020623207092285156
Car -1 -1 -10 1130.0 155.0 1200.0 184.0 -1 -1 -1 -1000 -1000 -1000 -10 0.00018870830535888672
Car -1 -1 -10 678.0 137.0 846.0 273.0 -1 -1 -1 -1000 -1000 -1000 -10 0.00017905235290527344
Car -1 -1 -10 1235.0 169.0 1242.0 209.0 -1 -1 -1 -1000 -1000 -1000 -10 0.00017845630645751953
Car -1 -1 -10 1086.0 98.0 1242.0 239.0 -1 -1 -1 -1000 -1000 -1000 -10 0.00017774105072021484
Cyclist -1 -1 -10 811.0 164.0 857.0 192.0 -1 -1 -1 -1000 -1000 -1000 -10 0.00017344951629638672
Car -1 -1 -10 1003.0 161.0 1069.0 185.0 -1 -1 -1 -1000 -1000 -1000 -10 0.00017082691192626953
Car -1 -1 -10 723.0 171.0 780.0 190.0 -1 -1 -1 -1000 -1000 -1000 -10 0.00016427040100097656
Pedestrian -1 -1 -10 519.0 165.0 541.0 205.0 -1 -1 -1 -1000 -1000 -1000 -10 0.00015795230865478516
Car -1 -1 -10 0.0 214.0 25.0 375.0 -1 -1 -1 -1000 -1000 -1000 -10 0.0001571178436279297
Car -1 -1 -10 365.0 0.0 422.0 51.0 -1 -1 -1 -1000 -1000 -1000 -10 0.00015461444854736328
Pedestrian -1 -1 -10 518.0 170.0 526.0 203.0 -1 -1 -1 -1000 -1000 -1000 -10 0.00015020370483398438
Pedestrian -1 -1 -10 529.0 172.0 539.0 200.0 -1 -1 -1 -1000 -1000 -1000 -10 0.00014853477478027344
Car -1 -1 -10 1221.0 162.0 1242.0 188.0 -1 -1 -1 -1000 -1000 -1000 -10 0.0001437664031982422
Pedestrian -1 -1 -10 518.0 170.0 541.0 201.0 -1 -1 -1 -1000 -1000 -1000 -10 0.00014352798461914062
Car -1 -1 -10 600.0 167.0 626.0 184.0 -1 -1 -1 -1000 -1000 -1000 -10 0.00014317035675048828
Car -1 -1 -10 955.0 166.0 1021.0 186.0 -1 -1 -1 -1000 -1000 -1000 -10 0.0001308917999267578
Car -1 -1 -10 1213.0 189.0 1241.0 373.0 -1 -1 -1 -1000 -1000 -1000 -10 0.00012624263763427734
Car -1 -1 -10 978.0 167.0 1044.0 197.0 -1 -1 -1 -1000 -1000 -1000 -10 0.00012445449829101562
Car -1 -1 -10 707.0 171.0 751.0 188.0 -1 -1 -1 -1000 -1000 -1000 -10 0.00012087821960449219
Pedestrian -1 -1 -10 517.0 172.0 527.0 205.0 -1 -1 -1 -1000 -1000 -1000 -10 0.0001207590103149414
Car -1 -1 -10 0.0 205.0 20.0 299.0 -1 -1 -1 -1000 -1000 -1000 -10 0.00011944770812988281
Car -1 -1 -10 988.0 160.0 1066.0 182.0 -1 -1 -1 -1000 -1000 -1000 -10 0.00011372566223144531
Car -1 -1 -10 1090.0 120.0 1242.0 244.0 -1 -1 -1 -1000 -1000 -1000 -10 0.00011265277862548828
Car -1 -1 -10 0.0 171.0 16.0 279.0 -1 -1 -1 -1000 -1000 -1000 -10 0.00011092424392700195
Car -1 -1 -10 985.0 160.0 1054.0 182.0 -1 -1 -1 -1000 -1000 -1000 -10 0.00011080503463745117
Car -1 -1 -10 0.0 181.0 25.0 306.0 -1 -1 -1 -1000 -1000 -1000 -10 0.00010901689529418945
Car -1 -1 -10 0.0 193.0 34.0 373.0 -1 -1 -1 -1000 -1000 -1000 -10 0.00010818243026733398
Car -1 -1 -10 1230.0 166.0 1242.0 210.0 -1 -1 -1 -1000 -1000 -1000 -10 0.00010591745376586914
Car -1 -1 -10 562.0 166.0 591.0 184.0 -1 -1 -1 -1000 -1000 -1000 -10 0.00010162591934204102
Car -1 -1 -10 147.0 182.0 220.0 213.0 -1 -1 -1 -1000 -1000 -1000 -10 0.00010138750076293945
Pedestrian -1 -1 -10 516.0 170.0 537.0 204.0 -1 -1 -1 -1000 -1000 -1000 -10 0.00010114908218383789
