Car -1 -1 -10 378.0 168.0 474.0 251.0 -1 -1 -1 -1000 -1000 -1000 -10 0.96435546875
Car -1 -1 -10 432.0 174.0 478.0 211.0 -1 -1 -1 -1000 -1000 -1000 -10 0.9111328125
Car -1 -1 -10 371.0 162.0 463.0 246.0 -1 -1 -1 -1000 -1000 -1000 -10 0.103271484375
Car -1 -1 -10 427.0 173.0 478.0 216.0 -1 -1 -1 -1000 -1000 -1000 -10 0.08721923828125
Car -1 -1 -10 423.0 170.0 471.0 211.0 -1 -1 -1 -1000 -1000 -1000 -10 0.0018396377563476562
Car -1 -1 -10 0.0 195.0 22.0 368.0 -1 -1 -1 -1000 -1000 -1000 -10 0.0015878677368164062
Car -1 -1 -10 395.0 169.0 477.0 237.0 -1 -1 -1 -1000 -1000 -1000 -10 0.00115966796875
Car -1 -1 -10 0.0 185.0 20.0 350.0 -1 -1 -1 -1000 -1000 -1000 -10 0.00115966796875
Car -1 -1 -10 424.0 164.0 493.0 238.0 -1 -1 -1 -1000 -1000 -1000 -10 0.0007233619689941406
Car -1 -1 -10 0.0 196.0 28.0 372.0 -1 -1 -1 -1000 -1000 -1000 -10 0.0006546974182128906
Car -1 -1 -10 0.0 213.0 26.0 373.0 -1 -1 -1 -1000 -1000 -1000 -10 0.0006241798400878906
Car -1 -1 -10 390.0 170.0 469.0 230.0 -1 -1 -1 -1000 -1000 -1000 -10 0.0005779266357421875
Car -1 -1 -10 370.0 159.0 490.0 259.0 -1 -1 -1 -1000 -1000 -1000 -10 0.0005626678466796875
Car -1 -1 -10 0.0 180.0 18.0 312.0 -1 -1 -1 -1000 -1000 -1000 -10 0.0002994537353515625
Car -1 -1 -10 428.0 158.0 484.0 224.0 -1 -1 -1 -1000 -1000 -1000 -10 0.0002598762512207031
Car -1 -1 -10 347.0 148.0 496.0 251.0 -1 -1 -1 -1000 -1000 -1000 -10 0.0002510547637939453
Car -1 -1 -10 0.0 221.0 31.0 374.0 -1 -1 -1 -1000 -1000 -1000 -10 0.000232696533203125
Car -1 -1 -10 0.0 219.0 17.0 351.0 -1 -1 -1 -1000 -1000 -1000 -10 0.00021827220916748047
Car -1 -1 -10 0.0 169.0 34.0 361.0 -1 -1 -1 -1000 -1000 -1000 -10 0.00016069412231445312
Car -1 -1 -10 0.0 170.0 23.0 321.0 -1 -1 -1 -1000 -1000 -1000 -10 0.00015306472778320312
Car -1 -1 -10 0.0 202.0 16.0 327.0 -1 -1 -1 -1000 -1000 -1000 -10 0.00014412403106689453
Car -1 -1 -10 383.0 139.0 548.0 280.0 -1 -1 -1 -1000 -1000 -1000 -10 0.00014269351959228516
Car -1 -1 -10 0.0 178.0 31.0 351.0 -1 -1 -1 -1000 -1000 -1000 -10 0.00014090538024902344
Car -1 -1 -10 0.0 192.0 15.0 300.0 -1 -1 -1 -1000 -1000 -1000 -10 0.00014066696166992188
Car -1 -1 -10 427.0 170.0 466.0 206.0 -1 -1 -1 -1000 -1000 -1000 -10 0.00010967254638671875
Car -1 -1 -10 0.0 220.0 23.0 351.0 -1 -1 -1 -1000 -1000 -1000 -10 0.00010216236114501953
