Car -1 -1 -10 841.0 212.0 1242.0 371.0 -1 -1 -1 -1000 -1000 -1000 -10 0.9716796875
Car -1 -1 -10 79.0 187.0 364.0 289.0 -1 -1 -1 -1000 -1000 -1000 -10 0.953125
Car -1 -1 -10 633.0 185.0 671.0 214.0 -1 -1 -1 -1000 -1000 -1000 -10 0.94140625
Car -1 -1 -10 137.0 181.0 392.0 264.0 -1 -1 -1 -1000 -1000 -1000 -10 0.9404296875
Car -1 -1 -10 853.0 185.0 1107.0 283.0 -1 -1 -1 -1000 -1000 -1000 -10 0.93896484375
Car -1 -1 -10 805.0 187.0 996.0 266.0 -1 -1 -1 -1000 -1000 -1000 -10 0.93701171875
Car -1 -1 -10 907.0 179.0 1238.0 307.0 -1 -1 -1 -1000 -1000 -1000 -10 0.93505859375
Car -1 -1 -10 293.0 166.0 463.0 241.0 -1 -1 -1 -1000 -1000 -1000 -10 0.9326171875
Car -1 -1 -10 5.0 179.0 256.0 306.0 -1 -1 -1 -1000 -1000 -1000 -10 0.9296875
Car -1 -1 -10 0.0 178.0 242.0 367.0 -1 -1 -1 -1000 -1000 -1000 -10 0.9267578125
Car -1 -1 -10 270.0 179.0 435.0 247.0 -1 -1 -1 -1000 -1000 -1000 -10 0.92138671875
Car -1 -1 -10 745.0 184.0 906.0 245.0 -1 -1 -1 -1000 -1000 -1000 -10 0.9189453125
Car -1 -1 -10 406.0 182.0 510.0 218.0 -1 -1 -1 -1000 -1000 -1000 -10 0.9091796875
Car -1 -1 -10 434.0 184.0 523.0 215.0 -1 -1 -1 -1000 -1000 -1000 -10 0.90478515625
Cyclist -1 -1 -10 536.0 183.0 550.0 218.0 -1 -1 -1 -1000 -1000 -1000 -10 0.88232421875
Car -1 -1 -10 611.0 173.0 626.0 190.0 -1 -1 -1 -1000 -1000 -1000 -10 0.87841796875
Car -1 -1 -10 793.0 185.0 930.0 250.0 -1 -1 -1 -1000 -1000 -1000 -10 0.87158203125
Car -1 -1 -10 719.0 178.0 841.0 232.0 -1 -1 -1 -1000 -1000 -1000 -10 0.87060546875
Car -1 -1 -10 721.0 185.0 860.0 237.0 -1 -1 -1 -1000 -1000 -1000 -10 0.8564453125
Car -1 -1 -10 624.0 182.0 647.0 202.0 -1 -1 -1 -1000 -1000 -1000 -10 0.833984375
Car -1 -1 -10 280.0 171.0 454.0 244.0 -1 -1 -1 -1000 -1000 -1000 -10 0.72216796875
Car -1 -1 -10 419.0 184.0 521.0 216.0 -1 -1 -1 -1000 -1000 -1000 -10 0.70263671875
Car -1 -1 -10 628.0 184.0 659.0 206.0 -1 -1 -1 -1000 -1000 -1000 -10 0.433349609375
Car -1 -1 -10 851.0 183.0 1133.0 293.0 -1 -1 -1 -1000 -1000 -1000 -10 0.17724609375
Car -1 -1 -10 803.0 188.0 970.0 262.0 -1 -1 -1 -1000 -1000 -1000 -10 0.05853271484375
Car -1 -1 -10 795.0 188.0 952.0 252.0 -1 -1 -1 -1000 -1000 -1000 -10 0.057037353515625
Car -1 -1 -10 268.0 186.0 414.0 246.0 -1 -1 -1 -1000 -1000 -1000 -10 0.03558349609375
Car -1 -1 -10 789.0 183.0 921.0 242.0 -1 -1 -1 -1000 -1000 -1000 -10 0.02947998046875
Car -1 -1 -10 0.0 182.0 38.0 373.0 -1 -1 -1 -1000 -1000 -1000 -10 0.0290374755859375
Car -1 -1 -10 631.0 183.0 665.0 210.0 -1 -1 -1 -1000 -1000 -1000 -10 0.027587890625
Car -1 -1 -10 0.0 168.0 31.0 368.0 -1 -1 -1 -1000 -1000 -1000 -10 0.02410888671875
Car -1 -1 -10 0.0 172.0 47.0 369.0 -1 -1 -1 -1000 -1000 -1000 -10 0.01288604736328125
Car -1 -1 -10 737.0 186.0 885.0 235.0 -1 -1 -1 -1000 -1000 -1000 -10 0.00897979736328125
Car -1 -1 -10 886.0 183.0 1137.0 279.0 -1 -1 -1 -1000 -1000 -1000 -10 0.00849151611328125
Car -1 -1 -10 611.0 172.0 627.0 192.0 -1 -1 -1 -1000 -1000 -1000 -10 0.00782012939453125
Car -1 -1 -10 847.0 189.0 1087.0 293.0 -1 -1 -1 -1000 -1000 -1000 -10 0.00699615478515625
Car -1 -1 -10 823.0 188.0 986.0 254.0 -1 -1 -1 -1000 -1000 -1000 -10 0.00658416748046875
Car -1 -1 -10 0.0 167.0 28.0 317.0 -1 -1 -1 -1000 -1000 -1000 -10 0.00640106201171875
Car -1 -1 -10 729.0 189.0 878.0 242.0 -1 -1 -1 -1000 -1000 -1000 -10 0.006282806396484375
Car -1 -1 -10 0.0 202.0 29.0 373.0 -1 -1 -1 -1000 -1000 -1000 -10 0.00463104248046875
Car -1 -1 -10 312.0 188.0 461.0 241.0 -1 -1 -1 -1000 -1000 -1000 -10 0.00396728515625
Car -1 -1 -10 284.0 168.0 435.0 235.0 -1 -1 -1 -1000 -1000 -1000 -10 0.0036907196044921875
Car -1 -1 -10 0.0 177.0 121.0 315.0 -1 -1 -1 -1000 -1000 -1000 -10 0.0035724639892578125
Car -1 -1 -10 820.0 187.0 897.0 247.0 -1 -1 -1 -1000 -1000 -1000 -10 0.003360748291015625
Car -1 -1 -10 400.0 180.0 507.0 214.0 -1 -1 -1 -1000 -1000 -1000 -10 0.00335693359375
Car -1 -1 -10 333.0 170.0 406.0 236.0 -1 -1 -1 -1000 -1000 -1000 -10 0.0029468536376953125
Car -1 -1 -10 608.0 173.0 624.0 189.0 -1 -1 -1 -1000 -1000 -1000 -10 0.0028896331787109375
Car -1 -1 -10 1212.0 186.0 1242.0 375.0 -1 -1 -1 -1000 -1000 -1000 -10 0.0027675628662109375
Car -1 -1 -10 759.0 189.0 923.0 252.0 -1 -1 -1 -1000 -1000 -1000 -10 0.00272369384765625
Car -1 -1 -10 2.0 181.0 192.0 296.0 -1 -1 -1 -1000 -1000 -1000 -10 0.0026760101318359375
Car -1 -1 -10 1199.0 186.0 1242.0 373.0 -1 -1 -1 -1000 -1000 -1000 -10 0.00250244140625
Car -1 -1 -10 0.0 168.0 43.0 310.0 -1 -1 -1 -1000 -1000 -1000 -10 0.002460479736328125
Car -1 -1 -10 248.0 182.0 409.0 247.0 -1 -1 -1 -1000 -1000 -1000 -10 0.0024509429931640625
Car -1 -1 -10 1216.0 177.0 1242.0 351.0 -1 -1 -1 -1000 -1000 -1000 -10 0.0023822784423828125
Car -1 -1 -10 416.0 182.0 497.0 217.0 -1 -1 -1 -1000 -1000 -1000 -10 0.00225067138671875
Car -1 -1 -10 593.0 177.0 603.0 187.0 -1 -1 -1 -1000 -1000 -1000 -10 0.002101898193359375
Car -1 -1 -10 0.0 183.0 70.0 366.0 -1 -1 -1 -1000 -1000 -1000 -10 0.0020999908447265625
Car -1 -1 -10 0.0 171.0 28.0 286.0 -1 -1 -1 -1000 -1000 -1000 -10 0.0018911361694335938
Cyclist -1 -1 -10 534.0 181.0 550.0 217.0 -1 -1 -1 -1000 -1000 -1000 -10 0.001842498779296875
Car -1 -1 -10 423.0 188.0 518.0 219.0 -1 -1 -1 -1000 -1000 -1000 -10 0.0017194747924804688
Car -1 -1 -10 433.0 180.0 526.0 219.0 -1 -1 -1 -1000 -1000 -1000 -10 0.0015726089477539062
Car -1 -1 -10 122.0 176.0 394.0 280.0 -1 -1 -1 -1000 -1000 -1000 -10 0.0015459060668945312
Car -1 -1 -10 714.0 178.0 826.0 228.0 -1 -1 -1 -1000 -1000 -1000 -10 0.0015420913696289062
Car -1 -1 -10 59.0 182.0 192.0 290.0 -1 -1 -1 -1000 -1000 -1000 -10 0.0014896392822265625
Cyclist -1 -1 -10 536.0 180.0 551.0 214.0 -1 -1 -1 -1000 -1000 -1000 -10 0.0014696121215820312
Car -1 -1 -10 55.0 180.0 181.0 347.0 -1 -1 -1 -1000 -1000 -1000 -10 0.0014543533325195312
Car -1 -1 -10 1195.0 176.0 1242.0 350.0 -1 -1 -1 -1000 -1000 -1000 -10 0.0014362335205078125
Car -1 -1 -10 0.0 170.0 53.0 298.0 -1 -1 -1 -1000 -1000 -1000 -10 0.0013666152954101562
Car -1 -1 -10 623.0 175.0 649.0 207.0 -1 -1 -1 -1000 -1000 -1000 -10 0.0013551712036132812
Car -1 -1 -10 225.0 181.0 425.0 252.0 -1 -1 -1 -1000 -1000 -1000 -10 0.0013551712036132812
Car -1 -1 -10 0.0 173.0 18.0 295.0 -1 -1 -1 -1000 -1000 -1000 -10 0.0013446807861328125
Car -1 -1 -10 0.0 175.0 165.0 327.0 -1 -1 -1 -1000 -1000 -1000 -10 0.001251220703125
Cyclist -1 -1 -10 532.0 183.0 552.0 218.0 -1 -1 -1 -1000 -1000 -1000 -10 0.0012149810791015625
Car -1 -1 -10 955.0 181.0 1234.0 316.0 -1 -1 -1 -1000 -1000 -1000 -10 0.00112152099609375
Car -1 -1 -10 592.0 174.0 602.0 186.0 -1 -1 -1 -1000 -1000 -1000 -10 0.0010709762573242188
Car -1 -1 -10 69.0 183.0 193.0 337.0 -1 -1 -1 -1000 -1000 -1000 -10 0.0010690689086914062
Car -1 -1 -10 289.0 155.0 466.0 246.0 -1 -1 -1 -1000 -1000 -1000 -10 0.0010423660278320312
Car -1 -1 -10 261.0 188.0 434.0 251.0 -1 -1 -1 -1000 -1000 -1000 -10 0.0010118484497070312
Car -1 -1 -10 842.0 188.0 1068.0 279.0 -1 -1 -1 -1000 -1000 -1000 -10 0.0010023117065429688
Car -1 -1 -10 383.0 171.0 514.0 232.0 -1 -1 -1 -1000 -1000 -1000 -10 0.0009813308715820312
Car -1 -1 -10 620.0 184.0 642.0 204.0 -1 -1 -1 -1000 -1000 -1000 -10 0.0008139610290527344
Car -1 -1 -10 0.0 168.0 49.0 282.0 -1 -1 -1 -1000 -1000 -1000 -10 0.0008082389831542969
Car -1 -1 -10 1221.0 174.0 1241.0 305.0 -1 -1 -1 -1000 -1000 -1000 -10 0.0007905960083007812
Cyclist -1 -1 -10 532.0 185.0 546.0 219.0 -1 -1 -1 -1000 -1000 -1000 -10 0.0007786750793457031
Car -1 -1 -10 400.0 185.0 508.0 222.0 -1 -1 -1 -1000 -1000 -1000 -10 0.0007781982421875
Car -1 -1 -10 632.0 180.0 654.0 202.0 -1 -1 -1 -1000 -1000 -1000 -10 0.0007619857788085938
Car -1 -1 -10 910.0 202.0 1239.0 360.0 -1 -1 -1 -1000 -1000 -1000 -10 0.0007548332214355469
Car -1 -1 -10 0.0 172.0 137.0 295.0 -1 -1 -1 -1000 -1000 -1000 -10 0.0007243156433105469
Cyclist -1 -1 -10 536.0 182.0 552.0 211.0 -1 -1 -1 -1000 -1000 -1000 -10 0.000701904296875
Car -1 -1 -10 310.0 176.0 470.0 240.0 -1 -1 -1 -1000 -1000 -1000 -10 0.0006928443908691406
Car -1 -1 -10 319.0 175.0 393.0 240.0 -1 -1 -1 -1000 -1000 -1000 -10 0.0006833076477050781
Car -1 -1 -10 834.0 189.0 906.0 248.0 -1 -1 -1 -1000 -1000 -1000 -10 0.0006785392761230469
Car -1 -1 -10 182.0 184.0 398.0 264.0 -1 -1 -1 -1000 -1000 -1000 -10 0.0006709098815917969
Car -1 -1 -10 801.0 180.0 998.0 281.0 -1 -1 -1 -1000 -1000 -1000 -10 0.0006699562072753906
Car -1 -1 -10 268.0 158.0 456.0 259.0 -1 -1 -1 -1000 -1000 -1000 -10 0.0006299018859863281
Car -1 -1 -10 806.0 186.0 935.0 238.0 -1 -1 -1 -1000 -1000 -1000 -10 0.0006284713745117188
Car -1 -1 -10 429.0 185.0 478.0 211.0 -1 -1 -1 -1000 -1000 -1000 -10 0.0006227493286132812
Car -1 -1 -10 1196.0 176.0 1242.0 304.0 -1 -1 -1 -1000 -1000 -1000 -10 0.0005993843078613281
Car -1 -1 -10 1212.0 185.0 1242.0 303.0 -1 -1 -1 -1000 -1000 -1000 -10 0.0005917549133300781
Car -1 -1 -10 403.0 171.0 524.0 234.0 -1 -1 -1 -1000 -1000 -1000 -10 0.0005731582641601562
Car -1 -1 -10 404.0 181.0 494.0 215.0 -1 -1 -1 -1000 -1000 -1000 -10 0.0005674362182617188
Car -1 -1 -10 801.0 187.0 845.0 236.0 -1 -1 -1 -1000 -1000 -1000 -10 0.0005402565002441406
Car -1 -1 -10 714.0 176.0 854.0 240.0 -1 -1 -1 -1000 -1000 -1000 -10 0.0005393028259277344
Car -1 -1 -10 893.0 190.0 1040.0 275.0 -1 -1 -1 -1000 -1000 -1000 -10 0.0005116462707519531
Car -1 -1 -10 1211.0 194.0 1242.0 333.0 -1 -1 -1 -1000 -1000 -1000 -10 0.0005030632019042969
Car -1 -1 -10 1224.0 174.0 1242.0 267.0 -1 -1 -1 -1000 -1000 -1000 -10 0.0005002021789550781
Car -1 -1 -10 337.0 183.0 377.0 236.0 -1 -1 -1 -1000 -1000 -1000 -10 0.0004954338073730469
Car -1 -1 -10 299.0 160.0 461.0 233.0 -1 -1 -1 -1000 -1000 -1000 -10 0.0004897117614746094
Car -1 -1 -10 1184.0 189.0 1242.0 372.0 -1 -1 -1 -1000 -1000 -1000 -10 0.00048279762268066406
Car -1 -1 -10 1230.0 171.0 1242.0 256.0 -1 -1 -1 -1000 -1000 -1000 -10 0.00047850608825683594
Car -1 -1 -10 0.0 212.0 31.0 357.0 -1 -1 -1 -1000 -1000 -1000 -10 0.00046825408935546875
Car -1 -1 -10 151.0 171.0 410.0 271.0 -1 -1 -1 -1000 -1000 -1000 -10 0.00046443939208984375
Car -1 -1 -10 842.0 188.0 999.0 257.0 -1 -1 -1 -1000 -1000 -1000 -10 0.00046181678771972656
Car -1 -1 -10 791.0 195.0 935.0 253.0 -1 -1 -1 -1000 -1000 -1000 -10 0.00045943260192871094
Car -1 -1 -10 435.0 186.0 485.0 210.0 -1 -1 -1 -1000 -1000 -1000 -10 0.00045871734619140625
Car -1 -1 -10 768.0 167.0 942.0 268.0 -1 -1 -1 -1000 -1000 -1000 -10 0.0004382133483886719
Car -1 -1 -10 0.0 174.0 70.0 296.0 -1 -1 -1 -1000 -1000 -1000 -10 0.00042700767517089844
Car -1 -1 -10 260.0 168.0 449.0 264.0 -1 -1 -1 -1000 -1000 -1000 -10 0.00041413307189941406
Car -1 -1 -10 1214.0 178.0 1242.0 289.0 -1 -1 -1 -1000 -1000 -1000 -10 0.0004124641418457031
Car -1 -1 -10 628.0 179.0 663.0 216.0 -1 -1 -1 -1000 -1000 -1000 -10 0.0004105567932128906
Car -1 -1 -10 750.0 187.0 898.0 251.0 -1 -1 -1 -1000 -1000 -1000 -10 0.0004055500030517578
Car -1 -1 -10 728.0 157.0 913.0 269.0 -1 -1 -1 -1000 -1000 -1000 -10 0.0003769397735595703
Car -1 -1 -10 835.0 186.0 1047.0 269.0 -1 -1 -1 -1000 -1000 -1000 -10 0.0003559589385986328
Car -1 -1 -10 521.0 79.0 535.0 90.0 -1 -1 -1 -1000 -1000 -1000 -10 0.0003490447998046875
Car -1 -1 -10 375.0 130.0 559.0 251.0 -1 -1 -1 -1000 -1000 -1000 -10 0.0003478527069091797
Car -1 -1 -10 756.0 188.0 836.0 234.0 -1 -1 -1 -1000 -1000 -1000 -10 0.00034546852111816406
Car -1 -1 -10 1225.0 167.0 1241.0 236.0 -1 -1 -1 -1000 -1000 -1000 -10 0.0003325939178466797
Car -1 -1 -10 1174.0 189.0 1242.0 301.0 -1 -1 -1 -1000 -1000 -1000 -10 0.0003323554992675781
Car -1 -1 -10 715.0 182.0 830.0 234.0 -1 -1 -1 -1000 -1000 -1000 -10 0.0003323554992675781
Car -1 -1 -10 1229.0 183.0 1242.0 283.0 -1 -1 -1 -1000 -1000 -1000 -10 0.00033164024353027344
Car -1 -1 -10 1217.0 175.0 1242.0 270.0 -1 -1 -1 -1000 -1000 -1000 -10 0.0003218650817871094
Car -1 -1 -10 195.0 178.0 404.0 251.0 -1 -1 -1 -1000 -1000 -1000 -10 0.0003151893615722656
Car -1 -1 -10 1195.0 190.0 1241.0 316.0 -1 -1 -1 -1000 -1000 -1000 -10 0.0003058910369873047
Car -1 -1 -10 697.0 149.0 867.0 253.0 -1 -1 -1 -1000 -1000 -1000 -10 0.00030040740966796875
Car -1 -1 -10 1230.0 167.0 1242.0 241.0 -1 -1 -1 -1000 -1000 -1000 -10 0.0002982616424560547
Car -1 -1 -10 613.0 172.0 627.0 190.0 -1 -1 -1 -1000 -1000 -1000 -10 0.00029778480529785156
Car -1 -1 -10 593.0 176.0 604.0 187.0 -1 -1 -1 -1000 -1000 -1000 -10 0.00029468536376953125
Car -1 -1 -10 348.0 137.0 540.0 275.0 -1 -1 -1 -1000 -1000 -1000 -10 0.0002923011779785156
Car -1 -1 -10 0.0 164.0 161.0 307.0 -1 -1 -1 -1000 -1000 -1000 -10 0.00027751922607421875
Car -1 -1 -10 0.0 166.0 32.0 268.0 -1 -1 -1 -1000 -1000 -1000 -10 0.00027108192443847656
Car -1 -1 -10 1.0 170.0 47.0 266.0 -1 -1 -1 -1000 -1000 -1000 -10 0.00026869773864746094
Car -1 -1 -10 198.0 184.0 343.0 256.0 -1 -1 -1 -1000 -1000 -1000 -10 0.00026416778564453125
Car -1 -1 -10 569.0 80.0 600.0 103.0 -1 -1 -1 -1000 -1000 -1000 -10 0.0002627372741699219
Car -1 -1 -10 423.0 171.0 545.0 235.0 -1 -1 -1 -1000 -1000 -1000 -10 0.00025463104248046875
Car -1 -1 -10 1203.0 174.0 1242.0 269.0 -1 -1 -1 -1000 -1000 -1000 -10 0.0002510547637939453
Car -1 -1 -10 1230.0 164.0 1242.0 220.0 -1 -1 -1 -1000 -1000 -1000 -10 0.00024056434631347656
Car -1 -1 -10 631.0 181.0 673.0 216.0 -1 -1 -1 -1000 -1000 -1000 -10 0.00023734569549560547
Car -1 -1 -10 757.0 182.0 805.0 226.0 -1 -1 -1 -1000 -1000 -1000 -10 0.00023543834686279297
Car -1 -1 -10 1228.0 190.0 1242.0 296.0 -1 -1 -1 -1000 -1000 -1000 -10 0.00022780895233154297
Car -1 -1 -10 611.0 164.0 626.0 187.0 -1 -1 -1 -1000 -1000 -1000 -10 0.00022721290588378906
Car -1 -1 -10 0.0 180.0 146.0 369.0 -1 -1 -1 -1000 -1000 -1000 -10 0.00022685527801513672
Car -1 -1 -10 1192.0 215.0 1242.0 375.0 -1 -1 -1 -1000 -1000 -1000 -10 0.0002262592315673828
Car -1 -1 -10 686.0 145.0 880.0 273.0 -1 -1 -1 -1000 -1000 -1000 -10 0.00022482872009277344
Car -1 -1 -10 3.0 176.0 141.0 278.0 -1 -1 -1 -1000 -1000 -1000 -10 0.00021946430206298828
Car -1 -1 -10 415.0 190.0 518.0 231.0 -1 -1 -1 -1000 -1000 -1000 -10 0.0002123117446899414
Car -1 -1 -10 812.0 187.0 978.0 246.0 -1 -1 -1 -1000 -1000 -1000 -10 0.00021159648895263672
Car -1 -1 -10 366.0 136.0 566.0 279.0 -1 -1 -1 -1000 -1000 -1000 -10 0.0002008676528930664
Car -1 -1 -10 906.0 179.0 1180.0 283.0 -1 -1 -1 -1000 -1000 -1000 -10 0.00019860267639160156
Car -1 -1 -10 1230.0 168.0 1242.0 214.0 -1 -1 -1 -1000 -1000 -1000 -10 0.00019860267639160156
Car -1 -1 -10 338.0 168.0 415.0 234.0 -1 -1 -1 -1000 -1000 -1000 -10 0.0001971721649169922
Car -1 -1 -10 1171.0 194.0 1242.0 374.0 -1 -1 -1 -1000 -1000 -1000 -10 0.00019466876983642578
Car -1 -1 -10 448.0 185.0 530.0 213.0 -1 -1 -1 -1000 -1000 -1000 -10 0.00019288063049316406
Car -1 -1 -10 1229.0 182.0 1242.0 264.0 -1 -1 -1 -1000 -1000 -1000 -10 0.00018894672393798828
Car -1 -1 -10 1.0 184.0 97.0 372.0 -1 -1 -1 -1000 -1000 -1000 -10 0.00018203258514404297
Car -1 -1 -10 1225.0 192.0 1242.0 314.0 -1 -1 -1 -1000 -1000 -1000 -10 0.00017940998077392578
Car -1 -1 -10 1229.0 159.0 1242.0 206.0 -1 -1 -1 -1000 -1000 -1000 -10 0.00017905235290527344
Car -1 -1 -10 0.0 186.0 28.0 299.0 -1 -1 -1 -1000 -1000 -1000 -10 0.0001786947250366211
Car -1 -1 -10 450.0 186.0 500.0 210.0 -1 -1 -1 -1000 -1000 -1000 -10 0.0001773834228515625
Car -1 -1 -10 415.0 178.0 516.0 216.0 -1 -1 -1 -1000 -1000 -1000 -10 0.00017440319061279297
Car -1 -1 -10 345.0 178.0 387.0 235.0 -1 -1 -1 -1000 -1000 -1000 -10 0.00017380714416503906
Car -1 -1 -10 1230.0 162.0 1242.0 202.0 -1 -1 -1 -1000 -1000 -1000 -10 0.00017321109771728516
Car -1 -1 -10 1218.0 168.0 1242.0 258.0 -1 -1 -1 -1000 -1000 -1000 -10 0.00017249584197998047
Car -1 -1 -10 4.0 172.0 104.0 305.0 -1 -1 -1 -1000 -1000 -1000 -10 0.00017154216766357422
Car -1 -1 -10 767.0 187.0 814.0 230.0 -1 -1 -1 -1000 -1000 -1000 -10 0.00016927719116210938
Car -1 -1 -10 396.0 139.0 584.0 275.0 -1 -1 -1 -1000 -1000 -1000 -10 0.0001685619354248047
Car -1 -1 -10 522.0 81.0 535.0 92.0 -1 -1 -1 -1000 -1000 -1000 -10 0.00016748905181884766
Car -1 -1 -10 455.0 187.0 506.0 209.0 -1 -1 -1 -1000 -1000 -1000 -10 0.00016570091247558594
Car -1 -1 -10 835.0 188.0 884.0 244.0 -1 -1 -1 -1000 -1000 -1000 -10 0.0001652240753173828
Car -1 -1 -10 1167.0 182.0 1242.0 325.0 -1 -1 -1 -1000 -1000 -1000 -10 0.00016510486602783203
Car -1 -1 -10 780.0 181.0 921.0 234.0 -1 -1 -1 -1000 -1000 -1000 -10 0.00016450881958007812
Car -1 -1 -10 1196.0 184.0 1241.0 286.0 -1 -1 -1 -1000 -1000 -1000 -10 0.0001634359359741211
Car -1 -1 -10 845.0 190.0 919.0 243.0 -1 -1 -1 -1000 -1000 -1000 -10 0.0001633167266845703
Car -1 -1 -10 348.0 174.0 394.0 233.0 -1 -1 -1 -1000 -1000 -1000 -10 0.00015103816986083984
Car -1 -1 -10 0.0 229.0 31.0 372.0 -1 -1 -1 -1000 -1000 -1000 -10 0.0001475811004638672
Car -1 -1 -10 1225.0 156.0 1242.0 210.0 -1 -1 -1 -1000 -1000 -1000 -10 0.0001475811004638672
Car -1 -1 -10 313.0 186.0 388.0 243.0 -1 -1 -1 -1000 -1000 -1000 -10 0.0001430511474609375
Car -1 -1 -10 0.0 248.0 27.0 372.0 -1 -1 -1 -1000 -1000 -1000 -10 0.00014293193817138672
Car -1 -1 -10 302.0 189.0 381.0 242.0 -1 -1 -1 -1000 -1000 -1000 -10 0.0001423358917236328
Car -1 -1 -10 0.0 155.0 25.0 264.0 -1 -1 -1 -1000 -1000 -1000 -10 0.00013816356658935547
Car -1 -1 -10 723.0 175.0 839.0 220.0 -1 -1 -1 -1000 -1000 -1000 -10 0.00013685226440429688
Car -1 -1 -10 783.0 187.0 859.0 242.0 -1 -1 -1 -1000 -1000 -1000 -10 0.0001367330551147461
Car -1 -1 -10 0.0 223.0 17.0 362.0 -1 -1 -1 -1000 -1000 -1000 -10 0.00013518333435058594
Car -1 -1 -10 858.0 189.0 1017.0 258.0 -1 -1 -1 -1000 -1000 -1000 -10 0.00013256072998046875
Car -1 -1 -10 62.0 185.0 342.0 281.0 -1 -1 -1 -1000 -1000 -1000 -10 0.00013005733489990234
Car -1 -1 -10 609.0 172.0 629.0 192.0 -1 -1 -1 -1000 -1000 -1000 -10 0.00012874603271484375
Car -1 -1 -10 0.0 214.0 45.0 357.0 -1 -1 -1 -1000 -1000 -1000 -10 0.0001285076141357422
Car -1 -1 -10 520.0 76.0 533.0 87.0 -1 -1 -1 -1000 -1000 -1000 -10 0.00012576580047607422
Car -1 -1 -10 0.0 165.0 15.0 266.0 -1 -1 -1 -1000 -1000 -1000 -10 0.00012385845184326172
Car -1 -1 -10 326.0 176.0 401.0 237.0 -1 -1 -1 -1000 -1000 -1000 -10 0.0001232624053955078
Car -1 -1 -10 915.0 182.0 1188.0 310.0 -1 -1 -1 -1000 -1000 -1000 -10 0.00012218952178955078
Car -1 -1 -10 1217.0 159.0 1242.0 247.0 -1 -1 -1 -1000 -1000 -1000 -10 0.00012135505676269531
Car -1 -1 -10 1230.0 153.0 1242.0 194.0 -1 -1 -1 -1000 -1000 -1000 -10 0.00012028217315673828
Car -1 -1 -10 56.0 175.0 358.0 288.0 -1 -1 -1 -1000 -1000 -1000 -10 0.00011873245239257812
Car -1 -1 -10 2.0 172.0 103.0 355.0 -1 -1 -1 -1000 -1000 -1000 -10 0.00011801719665527344
Car -1 -1 -10 1229.0 150.0 1242.0 199.0 -1 -1 -1 -1000 -1000 -1000 -10 0.00011444091796875
Car -1 -1 -10 2.0 171.0 100.0 281.0 -1 -1 -1 -1000 -1000 -1000 -10 0.00011169910430908203
Car -1 -1 -10 849.0 191.0 895.0 246.0 -1 -1 -1 -1000 -1000 -1000 -10 0.00011116266250610352
Car -1 -1 -10 1157.0 181.0 1242.0 338.0 -1 -1 -1 -1000 -1000 -1000 -10 0.00010752677917480469
Car -1 -1 -10 1218.0 170.0 1242.0 235.0 -1 -1 -1 -1000 -1000 -1000 -10 0.0001074671745300293
Car -1 -1 -10 710.0 181.0 811.0 226.0 -1 -1 -1 -1000 -1000 -1000 -10 0.00010478496551513672
Car -1 -1 -10 0.0 171.0 69.0 261.0 -1 -1 -1 -1000 -1000 -1000 -10 0.00010466575622558594
Car -1 -1 -10 0.0 186.0 18.0 318.0 -1 -1 -1 -1000 -1000 -1000 -10 0.00010323524475097656
Car -1 -1 -10 750.0 180.0 798.0 222.0 -1 -1 -1 -1000 -1000 -1000 -10 0.00010317564010620117
Car -1 -1 -10 0.0 151.0 29.0 268.0 -1 -1 -1 -1000 -1000 -1000 -10 0.00010305643081665039
Car -1 -1 -10 772.0 188.0 822.0 231.0 -1 -1 -1 -1000 -1000 -1000 -10 0.00010251998901367188
Pedestrian -1 -1 -10 417.0 0.0 438.0 3.0 -1 -1 -1 -1000 -1000 -1000 -10 0.00010210275650024414
