Cyclist -1 -1 -10 115.0 159.0 308.0 372.0 -1 -1 -1 -1000 -1000 -1000 -10 0.95654296875
Cyclist -1 -1 -10 348.0 152.0 429.0 319.0 -1 -1 -1 -1000 -1000 -1000 -10 0.94775390625
Pedestrian -1 -1 -10 529.0 173.0 549.0 227.0 -1 -1 -1 -1000 -1000 -1000 -10 0.88623046875
Pedestrian -1 -1 -10 509.0 172.0 530.0 228.0 -1 -1 -1 -1000 -1000 -1000 -10 0.8583984375
Pedestrian -1 -1 -10 628.0 168.0 643.0 209.0 -1 -1 -1 -1000 -1000 -1000 -10 0.8115234375
Pedestrian -1 -1 -10 646.0 167.0 661.0 211.0 -1 -1 -1 -1000 -1000 -1000 -10 0.77587890625
Pedestrian -1 -1 -10 512.0 172.0 550.0 227.0 -1 -1 -1 -1000 -1000 -1000 -10 0.513671875
Pedestrian -1 -1 -10 511.0 177.0 529.0 229.0 -1 -1 -1 -1000 -1000 -1000 -10 0.01342010498046875
Pedestrian -1 -1 -10 528.0 170.0 550.0 224.0 -1 -1 -1 -1000 -1000 -1000 -10 0.01325225830078125
Pedestrian -1 -1 -10 644.0 166.0 663.0 212.0 -1 -1 -1 -1000 -1000 -1000 -10 0.01273345947265625
Pedestrian -1 -1 -10 626.0 166.0 645.0 210.0 -1 -1 -1 -1000 -1000 -1000 -10 0.00554656982421875
Pedestrian -1 -1 -10 507.0 170.0 527.0 223.0 -1 -1 -1 -1000 -1000 -1000 -10 0.005489349365234375
Pedestrian -1 -1 -10 649.0 173.0 662.0 214.0 -1 -1 -1 -1000 -1000 -1000 -10 0.0050048828125
Pedestrian -1 -1 -10 528.0 177.0 547.0 230.0 -1 -1 -1 -1000 -1000 -1000 -10 0.003986358642578125
Pedestrian -1 -1 -10 641.0 167.0 666.0 211.0 -1 -1 -1 -1000 -1000 -1000 -10 0.0016775131225585938
Cyclist -1 -1 -10 327.0 149.0 441.0 322.0 -1 -1 -1 -1000 -1000 -1000 -10 0.0016660690307617188
Cyclist -1 -1 -10 1.0 138.0 75.0 375.0 -1 -1 -1 -1000 -1000 -1000 -10 0.0016584396362304688
Pedestrian -1 -1 -10 631.0 175.0 643.0 211.0 -1 -1 -1 -1000 -1000 -1000 -10 0.0015802383422851562
Pedestrian -1 -1 -10 642.0 174.0 655.0 213.0 -1 -1 -1 -1000 -1000 -1000 -10 0.0015468597412109375
Pedestrian -1 -1 -10 2.0 142.0 55.0 375.0 -1 -1 -1 -1000 -1000 -1000 -10 0.0014057159423828125
Pedestrian -1 -1 -10 651.0 171.0 666.0 211.0 -1 -1 -1 -1000 -1000 -1000 -10 0.0013856887817382812
Pedestrian -1 -1 -10 622.0 171.0 637.0 211.0 -1 -1 -1 -1000 -1000 -1000 -10 0.001209259033203125
Pedestrian -1 -1 -10 0.0 146.0 30.0 375.0 -1 -1 -1 -1000 -1000 -1000 -10 0.001155853271484375
Pedestrian -1 -1 -10 840.0 168.0 878.0 237.0 -1 -1 -1 -1000 -1000 -1000 -10 0.0010709762573242188
Cyclist -1 -1 -10 0.0 142.0 58.0 375.0 -1 -1 -1 -1000 -1000 -1000 -10 0.0010499954223632812
Pedestrian -1 -1 -10 836.0 166.0 873.0 238.0 -1 -1 -1 -1000 -1000 -1000 -10 0.0008730888366699219
Cyclist -1 -1 -10 134.0 159.0 285.0 371.0 -1 -1 -1 -1000 -1000 -1000 -10 0.0007915496826171875
Pedestrian -1 -1 -10 654.0 168.0 667.0 209.0 -1 -1 -1 -1000 -1000 -1000 -10 0.00048065185546875
Pedestrian -1 -1 -10 617.0 168.0 636.0 205.0 -1 -1 -1 -1000 -1000 -1000 -10 0.0004627704620361328
Pedestrian -1 -1 -10 842.0 165.0 883.0 240.0 -1 -1 -1 -1000 -1000 -1000 -10 0.0004088878631591797
Pedestrian -1 -1 -10 1223.0 122.0 1242.0 325.0 -1 -1 -1 -1000 -1000 -1000 -10 0.0003936290740966797
Pedestrian -1 -1 -10 2.0 105.0 48.0 375.0 -1 -1 -1 -1000 -1000 -1000 -10 0.0003795623779296875
Cyclist -1 -1 -10 356.0 152.0 426.0 289.0 -1 -1 -1 -1000 -1000 -1000 -10 0.0003483295440673828
Cyclist -1 -1 -10 4.0 153.0 86.0 371.0 -1 -1 -1 -1000 -1000 -1000 -10 0.00032639503479003906
Cyclist -1 -1 -10 0.0 91.0 89.0 368.0 -1 -1 -1 -1000 -1000 -1000 -10 0.00032401084899902344
Cyclist -1 -1 -10 0.0 91.0 57.0 372.0 -1 -1 -1 -1000 -1000 -1000 -10 0.00030541419982910156
Pedestrian -1 -1 -10 0.0 131.0 28.0 352.0 -1 -1 -1 -1000 -1000 -1000 -10 0.00028967857360839844
Pedestrian -1 -1 -10 1224.0 194.0 1242.0 373.0 -1 -1 -1 -1000 -1000 -1000 -10 0.0002872943878173828
Pedestrian -1 -1 -10 1226.0 159.0 1242.0 358.0 -1 -1 -1 -1000 -1000 -1000 -10 0.00027823448181152344
Pedestrian -1 -1 -10 1217.0 108.0 1242.0 339.0 -1 -1 -1 -1000 -1000 -1000 -10 0.00026416778564453125
Pedestrian -1 -1 -10 0.0 112.0 33.0 370.0 -1 -1 -1 -1000 -1000 -1000 -10 0.0002617835998535156
Pedestrian -1 -1 -10 509.0 177.0 527.0 230.0 -1 -1 -1 -1000 -1000 -1000 -10 0.00024700164794921875
Pedestrian -1 -1 -10 681.0 174.0 692.0 208.0 -1 -1 -1 -1000 -1000 -1000 -10 0.0002446174621582031
Pedestrian -1 -1 -10 673.0 174.0 686.0 209.0 -1 -1 -1 -1000 -1000 -1000 -10 0.00024080276489257812
Pedestrian -1 -1 -10 1225.0 138.0 1242.0 345.0 -1 -1 -1 -1000 -1000 -1000 -10 0.00022852420806884766
Cyclist -1 -1 -10 0.0 87.0 70.0 373.0 -1 -1 -1 -1000 -1000 -1000 -10 0.00021958351135253906
Pedestrian -1 -1 -10 1224.0 113.0 1242.0 294.0 -1 -1 -1 -1000 -1000 -1000 -10 0.00018167495727539062
Pedestrian -1 -1 -10 834.0 169.0 869.0 236.0 -1 -1 -1 -1000 -1000 -1000 -10 0.00017368793487548828
Cyclist -1 -1 -10 0.0 135.0 127.0 375.0 -1 -1 -1 -1000 -1000 -1000 -10 0.00017273426055908203
Pedestrian -1 -1 -10 616.0 171.0 630.0 203.0 -1 -1 -1 -1000 -1000 -1000 -10 0.0001703500747680664
Cyclist -1 -1 -10 359.0 161.0 431.0 317.0 -1 -1 -1 -1000 -1000 -1000 -10 0.00015044212341308594
Pedestrian -1 -1 -10 0.0 176.0 34.0 373.0 -1 -1 -1 -1000 -1000 -1000 -10 0.00014960765838623047
Pedestrian -1 -1 -10 1.0 174.0 53.0 375.0 -1 -1 -1 -1000 -1000 -1000 -10 0.00014841556549072266
Pedestrian -1 -1 -10 0.0 137.0 47.0 344.0 -1 -1 -1 -1000 -1000 -1000 -10 0.0001462697982788086
Car -1 -1 -10 1223.0 229.0 1242.0 372.0 -1 -1 -1 -1000 -1000 -1000 -10 0.00013637542724609375
Pedestrian -1 -1 -10 692.0 174.0 704.0 206.0 -1 -1 -1 -1000 -1000 -1000 -10 0.00013494491577148438
Pedestrian -1 -1 -10 833.0 166.0 884.0 235.0 -1 -1 -1 -1000 -1000 -1000 -10 0.00012993812561035156
Pedestrian -1 -1 -10 679.0 175.0 693.0 207.0 -1 -1 -1 -1000 -1000 -1000 -10 0.0001266002655029297
Pedestrian -1 -1 -10 0.0 141.0 33.0 340.0 -1 -1 -1 -1000 -1000 -1000 -10 0.00012069940567016602
Pedestrian -1 -1 -10 679.0 173.0 697.0 210.0 -1 -1 -1 -1000 -1000 -1000 -10 0.00011920928955078125
Pedestrian -1 -1 -10 1218.0 98.0 1242.0 310.0 -1 -1 -1 -1000 -1000 -1000 -10 0.00011628866195678711
Car -1 -1 -10 470.0 0.0 516.0 16.0 -1 -1 -1 -1000 -1000 -1000 -10 0.00010371208190917969
Pedestrian -1 -1 -10 690.0 175.0 706.0 203.0 -1 -1 -1 -1000 -1000 -1000 -10 0.0001035928726196289
Cyclist -1 -1 -10 0.0 83.0 140.0 370.0 -1 -1 -1 -1000 -1000 -1000 -10 0.00010150671005249023
Pedestrian -1 -1 -10 618.0 175.0 631.0 209.0 -1 -1 -1 -1000 -1000 -1000 -10 0.00010091066360473633
