Car -1 -1 -10 805.0 191.0 1041.0 322.0 -1 -1 -1 -1000 -1000 -1000 -10 0.96875
Car -1 -1 -10 732.0 171.0 849.0 250.0 -1 -1 -1 -1000 -1000 -1000 -10 0.96240234375
Car -1 -1 -10 343.0 175.0 497.0 256.0 -1 -1 -1 -1000 -1000 -1000 -10 0.9521484375
Car -1 -1 -10 595.0 182.0 658.0 232.0 -1 -1 -1 -1000 -1000 -1000 -10 0.951171875
Car -1 -1 -10 0.0 180.0 156.0 373.0 -1 -1 -1 -1000 -1000 -1000 -10 0.94482421875
Car -1 -1 -10 465.0 174.0 557.0 212.0 -1 -1 -1 -1000 -1000 -1000 -10 0.9443359375
Car -1 -1 -10 14.0 165.0 178.0 223.0 -1 -1 -1 -1000 -1000 -1000 -10 0.935546875
Car -1 -1 -10 807.0 160.0 913.0 200.0 -1 -1 -1 -1000 -1000 -1000 -10 0.92822265625
Car -1 -1 -10 547.0 159.0 600.0 186.0 -1 -1 -1 -1000 -1000 -1000 -10 0.91357421875
Car -1 -1 -10 607.0 173.0 643.0 204.0 -1 -1 -1 -1000 -1000 -1000 -10 0.89208984375
Car -1 -1 -10 681.0 171.0 732.0 209.0 -1 -1 -1 -1000 -1000 -1000 -10 0.890625
Car -1 -1 -10 30.0 180.0 377.0 360.0 -1 -1 -1 -1000 -1000 -1000 -10 0.8525390625
Car -1 -1 -10 379.0 175.0 500.0 237.0 -1 -1 -1 -1000 -1000 -1000 -10 0.85107421875
Car -1 -1 -10 690.0 180.0 741.0 215.0 -1 -1 -1 -1000 -1000 -1000 -10 0.79931640625
Car -1 -1 -10 355.0 177.0 496.0 247.0 -1 -1 -1 -1000 -1000 -1000 -10 0.78857421875
Car -1 -1 -10 684.0 174.0 738.0 212.0 -1 -1 -1 -1000 -1000 -1000 -10 0.74072265625
Pedestrian -1 -1 -10 712.0 178.0 739.0 239.0 -1 -1 -1 -1000 -1000 -1000 -10 0.7392578125
Pedestrian -1 -1 -10 707.0 178.0 745.0 235.0 -1 -1 -1 -1000 -1000 -1000 -10 0.397216796875
Car -1 -1 -10 701.0 179.0 771.0 225.0 -1 -1 -1 -1000 -1000 -1000 -10 0.3681640625
Car -1 -1 -10 706.0 178.0 745.0 232.0 -1 -1 -1 -1000 -1000 -1000 -10 0.3251953125
Car -1 -1 -10 698.0 179.0 738.0 217.0 -1 -1 -1 -1000 -1000 -1000 -10 0.3125
Pedestrian -1 -1 -10 675.0 174.0 687.0 197.0 -1 -1 -1 -1000 -1000 -1000 -10 0.26123046875
Car -1 -1 -10 690.0 174.0 743.0 219.0 -1 -1 -1 -1000 -1000 -1000 -10 0.258056640625
Car -1 -1 -10 608.0 175.0 646.0 208.0 -1 -1 -1 -1000 -1000 -1000 -10 0.0762939453125
Pedestrian -1 -1 -10 675.0 171.0 688.0 198.0 -1 -1 -1 -1000 -1000 -1000 -10 0.0579833984375
Car -1 -1 -10 0.0 174.0 23.0 227.0 -1 -1 -1 -1000 -1000 -1000 -10 0.028900146484375
Car -1 -1 -10 697.0 180.0 756.0 221.0 -1 -1 -1 -1000 -1000 -1000 -10 0.0271148681640625
Car -1 -1 -10 389.0 174.0 501.0 229.0 -1 -1 -1 -1000 -1000 -1000 -10 0.022918701171875
Pedestrian -1 -1 -10 676.0 173.0 690.0 199.0 -1 -1 -1 -1000 -1000 -1000 -10 0.0207366943359375
Car -1 -1 -10 708.0 177.0 776.0 223.0 -1 -1 -1 -1000 -1000 -1000 -10 0.01885986328125
Pedestrian -1 -1 -10 671.0 172.0 682.0 196.0 -1 -1 -1 -1000 -1000 -1000 -10 0.0174407958984375
Car -1 -1 -10 0.0 173.0 27.0 229.0 -1 -1 -1 -1000 -1000 -1000 -10 0.0164337158203125
Car -1 -1 -10 603.0 180.0 653.0 226.0 -1 -1 -1 -1000 -1000 -1000 -10 0.01381683349609375
Car -1 -1 -10 714.0 178.0 761.0 224.0 -1 -1 -1 -1000 -1000 -1000 -10 0.013580322265625
Car -1 -1 -10 0.0 173.0 33.0 227.0 -1 -1 -1 -1000 -1000 -1000 -10 0.01355743408203125
Car -1 -1 -10 372.0 183.0 505.0 248.0 -1 -1 -1 -1000 -1000 -1000 -10 0.01311492919921875
Car -1 -1 -10 516.0 172.0 573.0 197.0 -1 -1 -1 -1000 -1000 -1000 -10 0.01189422607421875
Car -1 -1 -10 0.0 170.0 18.0 218.0 -1 -1 -1 -1000 -1000 -1000 -10 0.01099395751953125
Car -1 -1 -10 0.0 175.0 29.0 238.0 -1 -1 -1 -1000 -1000 -1000 -10 0.01041412353515625
Car -1 -1 -10 0.0 171.0 16.0 223.0 -1 -1 -1 -1000 -1000 -1000 -10 0.0103759765625
Pedestrian -1 -1 -10 674.0 170.0 687.0 194.0 -1 -1 -1 -1000 -1000 -1000 -10 0.01003265380859375
Car -1 -1 -10 0.0 172.0 17.0 232.0 -1 -1 -1 -1000 -1000 -1000 -10 0.00862884521484375
Car -1 -1 -10 558.0 161.0 615.0 189.0 -1 -1 -1 -1000 -1000 -1000 -10 0.007213592529296875
Car -1 -1 -10 0.0 176.0 43.0 246.0 -1 -1 -1 -1000 -1000 -1000 -10 0.006137847900390625
Car -1 -1 -10 546.0 160.0 602.0 191.0 -1 -1 -1 -1000 -1000 -1000 -10 0.005870819091796875
Car -1 -1 -10 704.0 180.0 750.0 221.0 -1 -1 -1 -1000 -1000 -1000 -10 0.00582122802734375
Car -1 -1 -10 1.0 171.0 42.0 238.0 -1 -1 -1 -1000 -1000 -1000 -10 0.0055694580078125
Car -1 -1 -10 533.0 163.0 593.0 189.0 -1 -1 -1 -1000 -1000 -1000 -10 0.00504302978515625
Car -1 -1 -10 0.0 171.0 25.0 217.0 -1 -1 -1 -1000 -1000 -1000 -10 0.00445556640625
Pedestrian -1 -1 -10 670.0 173.0 690.0 197.0 -1 -1 -1 -1000 -1000 -1000 -10 0.004055023193359375
Car -1 -1 -10 0.0 175.0 15.0 243.0 -1 -1 -1 -1000 -1000 -1000 -10 0.003681182861328125
Car -1 -1 -10 548.0 159.0 608.0 194.0 -1 -1 -1 -1000 -1000 -1000 -10 0.00348663330078125
Car -1 -1 -10 706.0 175.0 768.0 219.0 -1 -1 -1 -1000 -1000 -1000 -10 0.00333404541015625
Car -1 -1 -10 543.0 157.0 597.0 184.0 -1 -1 -1 -1000 -1000 -1000 -10 0.0031185150146484375
Car -1 -1 -10 0.0 172.0 47.0 233.0 -1 -1 -1 -1000 -1000 -1000 -10 0.0030956268310546875
Car -1 -1 -10 0.0 164.0 13.0 215.0 -1 -1 -1 -1000 -1000 -1000 -10 0.0028934478759765625
Car -1 -1 -10 315.0 176.0 398.0 217.0 -1 -1 -1 -1000 -1000 -1000 -10 0.0028209686279296875
Car -1 -1 -10 462.0 173.0 552.0 207.0 -1 -1 -1 -1000 -1000 -1000 -10 0.002712249755859375
Car -1 -1 -10 1.0 170.0 39.0 224.0 -1 -1 -1 -1000 -1000 -1000 -10 0.0025081634521484375
Car -1 -1 -10 306.0 175.0 392.0 220.0 -1 -1 -1 -1000 -1000 -1000 -10 0.0023708343505859375
Car -1 -1 -10 688.0 161.0 774.0 227.0 -1 -1 -1 -1000 -1000 -1000 -10 0.0019388198852539062
Car -1 -1 -10 362.0 174.0 482.0 229.0 -1 -1 -1 -1000 -1000 -1000 -10 0.001865386962890625
Pedestrian -1 -1 -10 714.0 177.0 750.0 234.0 -1 -1 -1 -1000 -1000 -1000 -10 0.0018157958984375
Car -1 -1 -10 372.0 173.0 494.0 231.0 -1 -1 -1 -1000 -1000 -1000 -10 0.0017938613891601562
Car -1 -1 -10 0.0 180.0 14.0 237.0 -1 -1 -1 -1000 -1000 -1000 -10 0.0017766952514648438
Car -1 -1 -10 33.0 164.0 176.0 216.0 -1 -1 -1 -1000 -1000 -1000 -10 0.0017328262329101562
Car -1 -1 -10 682.0 178.0 725.0 209.0 -1 -1 -1 -1000 -1000 -1000 -10 0.0015859603881835938
Car -1 -1 -10 501.0 170.0 567.0 196.0 -1 -1 -1 -1000 -1000 -1000 -10 0.0015411376953125
Car -1 -1 -10 809.0 164.0 909.0 203.0 -1 -1 -1 -1000 -1000 -1000 -10 0.0013647079467773438
Car -1 -1 -10 391.0 178.0 502.0 241.0 -1 -1 -1 -1000 -1000 -1000 -10 0.0013513565063476562
Car -1 -1 -10 0.0 177.0 57.0 281.0 -1 -1 -1 -1000 -1000 -1000 -10 0.0012578964233398438
Car -1 -1 -10 708.0 178.0 772.0 233.0 -1 -1 -1 -1000 -1000 -1000 -10 0.0011911392211914062
Car -1 -1 -10 591.0 174.0 661.0 237.0 -1 -1 -1 -1000 -1000 -1000 -10 0.00115203857421875
Car -1 -1 -10 483.0 176.0 532.0 205.0 -1 -1 -1 -1000 -1000 -1000 -10 0.0011358261108398438
Car -1 -1 -10 0.0 164.0 23.0 214.0 -1 -1 -1 -1000 -1000 -1000 -10 0.0010986328125
Car -1 -1 -10 0.0 182.0 138.0 288.0 -1 -1 -1 -1000 -1000 -1000 -10 0.0010957717895507812
Car -1 -1 -10 0.0 143.0 201.0 264.0 -1 -1 -1 -1000 -1000 -1000 -10 0.0010747909545898438
Car -1 -1 -10 338.0 167.0 501.0 265.0 -1 -1 -1 -1000 -1000 -1000 -10 0.0010356903076171875
Car -1 -1 -10 0.0 174.0 42.0 226.0 -1 -1 -1 -1000 -1000 -1000 -10 0.0009794235229492188
Pedestrian -1 -1 -10 715.0 185.0 738.0 243.0 -1 -1 -1 -1000 -1000 -1000 -10 0.0009093284606933594
Car -1 -1 -10 459.0 163.0 563.0 227.0 -1 -1 -1 -1000 -1000 -1000 -10 0.0008707046508789062
Car -1 -1 -10 381.0 177.0 457.0 248.0 -1 -1 -1 -1000 -1000 -1000 -10 0.0008115768432617188
Car -1 -1 -10 605.0 170.0 642.0 208.0 -1 -1 -1 -1000 -1000 -1000 -10 0.0007762908935546875
Car -1 -1 -10 1.0 180.0 41.0 240.0 -1 -1 -1 -1000 -1000 -1000 -10 0.000743865966796875
Car -1 -1 -10 711.0 176.0 785.0 228.0 -1 -1 -1 -1000 -1000 -1000 -10 0.0007290840148925781
Car -1 -1 -10 0.0 178.0 23.0 286.0 -1 -1 -1 -1000 -1000 -1000 -10 0.0006823539733886719
Pedestrian -1 -1 -10 678.0 170.0 695.0 193.0 -1 -1 -1 -1000 -1000 -1000 -10 0.0006651878356933594
Car -1 -1 -10 556.0 149.0 714.0 257.0 -1 -1 -1 -1000 -1000 -1000 -10 0.0006489753723144531
Car -1 -1 -10 486.0 177.0 537.0 204.0 -1 -1 -1 -1000 -1000 -1000 -10 0.0006132125854492188
Car -1 -1 -10 546.0 161.0 593.0 186.0 -1 -1 -1 -1000 -1000 -1000 -10 0.0006012916564941406
Car -1 -1 -10 0.0 136.0 198.0 240.0 -1 -1 -1 -1000 -1000 -1000 -10 0.0005960464477539062
Car -1 -1 -10 0.0 178.0 30.0 261.0 -1 -1 -1 -1000 -1000 -1000 -10 0.00057220458984375
Car -1 -1 -10 727.0 163.0 859.0 261.0 -1 -1 -1 -1000 -1000 -1000 -10 0.0005664825439453125
Car -1 -1 -10 29.0 168.0 195.0 222.0 -1 -1 -1 -1000 -1000 -1000 -10 0.0005559921264648438
Car -1 -1 -10 801.0 147.0 917.0 213.0 -1 -1 -1 -1000 -1000 -1000 -10 0.0005373954772949219
Car -1 -1 -10 0.0 170.0 56.0 252.0 -1 -1 -1 -1000 -1000 -1000 -10 0.0005288124084472656
Car -1 -1 -10 2.0 177.0 49.0 263.0 -1 -1 -1 -1000 -1000 -1000 -10 0.00051116943359375
Car -1 -1 -10 482.0 172.0 560.0 202.0 -1 -1 -1 -1000 -1000 -1000 -10 0.0005102157592773438
Car -1 -1 -10 392.0 177.0 470.0 241.0 -1 -1 -1 -1000 -1000 -1000 -10 0.0005092620849609375
Car -1 -1 -10 861.0 195.0 983.0 312.0 -1 -1 -1 -1000 -1000 -1000 -10 0.000499725341796875
Car -1 -1 -10 658.0 130.0 810.0 244.0 -1 -1 -1 -1000 -1000 -1000 -10 0.00048232078552246094
Car -1 -1 -10 798.0 153.0 915.0 222.0 -1 -1 -1 -1000 -1000 -1000 -10 0.00047707557678222656
Car -1 -1 -10 326.0 176.0 401.0 216.0 -1 -1 -1 -1000 -1000 -1000 -10 0.0004756450653076172
Car -1 -1 -10 0.0 176.0 14.0 262.0 -1 -1 -1 -1000 -1000 -1000 -10 0.00047135353088378906
Car -1 -1 -10 75.0 182.0 372.0 350.0 -1 -1 -1 -1000 -1000 -1000 -10 0.0004658699035644531
Car -1 -1 -10 1.0 166.0 40.0 216.0 -1 -1 -1 -1000 -1000 -1000 -10 0.0004630088806152344
Car -1 -1 -10 2.0 174.0 67.0 253.0 -1 -1 -1 -1000 -1000 -1000 -10 0.0004458427429199219
Car -1 -1 -10 673.0 162.0 742.0 225.0 -1 -1 -1 -1000 -1000 -1000 -10 0.0004382133483886719
Car -1 -1 -10 778.0 106.0 963.0 244.0 -1 -1 -1 -1000 -1000 -1000 -10 0.00039649009704589844
Car -1 -1 -10 294.0 173.0 385.0 217.0 -1 -1 -1 -1000 -1000 -1000 -10 0.0003936290740966797
Car -1 -1 -10 762.0 131.0 951.0 263.0 -1 -1 -1 -1000 -1000 -1000 -10 0.0003886222839355469
Car -1 -1 -10 0.0 178.0 29.0 285.0 -1 -1 -1 -1000 -1000 -1000 -10 0.00038552284240722656
Car -1 -1 -10 300.0 172.0 390.0 214.0 -1 -1 -1 -1000 -1000 -1000 -10 0.00037598609924316406
Car -1 -1 -10 0.0 178.0 72.0 262.0 -1 -1 -1 -1000 -1000 -1000 -10 0.0003719329833984375
Car -1 -1 -10 609.0 136.0 781.0 271.0 -1 -1 -1 -1000 -1000 -1000 -10 0.0003609657287597656
Car -1 -1 -10 0.0 169.0 68.0 238.0 -1 -1 -1 -1000 -1000 -1000 -10 0.00035643577575683594
Car -1 -1 -10 618.0 181.0 651.0 214.0 -1 -1 -1 -1000 -1000 -1000 -10 0.000354766845703125
Car -1 -1 -10 0.0 176.0 26.0 355.0 -1 -1 -1 -1000 -1000 -1000 -10 0.00034308433532714844
Car -1 -1 -10 494.0 172.0 562.0 200.0 -1 -1 -1 -1000 -1000 -1000 -10 0.00033783912658691406
Car -1 -1 -10 520.0 173.0 570.0 196.0 -1 -1 -1 -1000 -1000 -1000 -10 0.00033402442932128906
Pedestrian -1 -1 -10 670.0 170.0 691.0 205.0 -1 -1 -1 -1000 -1000 -1000 -10 0.0003311634063720703
Car -1 -1 -10 529.0 142.0 695.0 275.0 -1 -1 -1 -1000 -1000 -1000 -10 0.0003306865692138672
Car -1 -1 -10 0.0 173.0 67.0 302.0 -1 -1 -1 -1000 -1000 -1000 -10 0.0003275871276855469
Car -1 -1 -10 5.0 181.0 101.0 371.0 -1 -1 -1 -1000 -1000 -1000 -10 0.0003190040588378906
Car -1 -1 -10 0.0 179.0 14.0 283.0 -1 -1 -1 -1000 -1000 -1000 -10 0.0002989768981933594
Car -1 -1 -10 545.0 154.0 602.0 189.0 -1 -1 -1 -1000 -1000 -1000 -10 0.0002880096435546875
Car -1 -1 -10 3.0 172.0 146.0 322.0 -1 -1 -1 -1000 -1000 -1000 -10 0.0002880096435546875
Car -1 -1 -10 552.0 139.0 720.0 274.0 -1 -1 -1 -1000 -1000 -1000 -10 0.0002837181091308594
Pedestrian -1 -1 -10 672.0 175.0 680.0 197.0 -1 -1 -1 -1000 -1000 -1000 -10 0.0002732276916503906
Car -1 -1 -10 9.0 159.0 157.0 225.0 -1 -1 -1 -1000 -1000 -1000 -10 0.0002646446228027344
Car -1 -1 -10 20.0 169.0 171.0 228.0 -1 -1 -1 -1000 -1000 -1000 -10 0.0002644062042236328
Car -1 -1 -10 513.0 167.0 572.0 193.0 -1 -1 -1 -1000 -1000 -1000 -10 0.0002543926239013672
Car -1 -1 -10 275.0 176.0 392.0 224.0 -1 -1 -1 -1000 -1000 -1000 -10 0.0002541542053222656
Car -1 -1 -10 416.0 131.0 608.0 274.0 -1 -1 -1 -1000 -1000 -1000 -10 0.00024378299713134766
Car -1 -1 -10 420.0 119.0 605.0 241.0 -1 -1 -1 -1000 -1000 -1000 -10 0.00022673606872558594
Cyclist -1 -1 -10 0.0 152.0 10.0 206.0 -1 -1 -1 -1000 -1000 -1000 -10 0.0002244710922241211
Car -1 -1 -10 718.0 177.0 767.0 223.0 -1 -1 -1 -1000 -1000 -1000 -10 0.00021505355834960938
Cyclist -1 -1 -10 0.0 139.0 9.0 191.0 -1 -1 -1 -1000 -1000 -1000 -10 0.0002129077911376953
Car -1 -1 -10 379.0 74.0 399.0 95.0 -1 -1 -1 -1000 -1000 -1000 -10 0.0002117156982421875
Car -1 -1 -10 389.0 170.0 492.0 223.0 -1 -1 -1 -1000 -1000 -1000 -10 0.0002014636993408203
Car -1 -1 -10 0.0 175.0 205.0 353.0 -1 -1 -1 -1000 -1000 -1000 -10 0.0001958608627319336
Car -1 -1 -10 0.0 172.0 115.0 309.0 -1 -1 -1 -1000 -1000 -1000 -10 0.00019478797912597656
Car -1 -1 -10 281.0 172.0 373.0 217.0 -1 -1 -1 -1000 -1000 -1000 -10 0.0001932382583618164
Car -1 -1 -10 318.0 174.0 395.0 209.0 -1 -1 -1 -1000 -1000 -1000 -10 0.00019037723541259766
Car -1 -1 -10 376.0 74.0 401.0 94.0 -1 -1 -1 -1000 -1000 -1000 -10 0.0001882314682006836
Car -1 -1 -10 399.0 180.0 441.0 242.0 -1 -1 -1 -1000 -1000 -1000 -10 0.00018107891082763672
Car -1 -1 -10 0.0 173.0 96.0 256.0 -1 -1 -1 -1000 -1000 -1000 -10 0.0001786947250366211
Car -1 -1 -10 0.0 157.0 9.0 201.0 -1 -1 -1 -1000 -1000 -1000 -10 0.00017654895782470703
Car -1 -1 -10 408.0 180.0 455.0 237.0 -1 -1 -1 -1000 -1000 -1000 -10 0.00016760826110839844
Car -1 -1 -10 501.0 166.0 564.0 194.0 -1 -1 -1 -1000 -1000 -1000 -10 0.00016427040100097656
Car -1 -1 -10 51.0 168.0 186.0 213.0 -1 -1 -1 -1000 -1000 -1000 -10 0.0001558065414428711
Car -1 -1 -10 1219.0 184.0 1242.0 372.0 -1 -1 -1 -1000 -1000 -1000 -10 0.00015532970428466797
Car -1 -1 -10 830.0 164.0 879.0 190.0 -1 -1 -1 -1000 -1000 -1000 -10 0.0001550912857055664
Car -1 -1 -10 523.0 169.0 574.0 192.0 -1 -1 -1 -1000 -1000 -1000 -10 0.00015437602996826172
Car -1 -1 -10 374.0 191.0 504.0 254.0 -1 -1 -1 -1000 -1000 -1000 -10 0.00015437602996826172
Car -1 -1 -10 460.0 171.0 532.0 208.0 -1 -1 -1 -1000 -1000 -1000 -10 0.0001456737518310547
Car -1 -1 -10 0.0 167.0 144.0 233.0 -1 -1 -1 -1000 -1000 -1000 -10 0.0001399517059326172
Car -1 -1 -10 76.0 169.0 120.0 214.0 -1 -1 -1 -1000 -1000 -1000 -10 0.00013458728790283203
Car -1 -1 -10 537.0 163.0 587.0 186.0 -1 -1 -1 -1000 -1000 -1000 -10 0.00013399124145507812
Car -1 -1 -10 1211.0 125.0 1242.0 325.0 -1 -1 -1 -1000 -1000 -1000 -10 0.00013315677642822266
Car -1 -1 -10 396.0 175.0 475.0 235.0 -1 -1 -1 -1000 -1000 -1000 -10 0.00013267993927001953
Car -1 -1 -10 0.0 213.0 23.0 373.0 -1 -1 -1 -1000 -1000 -1000 -10 0.00013005733489990234
Car -1 -1 -10 816.0 166.0 919.0 204.0 -1 -1 -1 -1000 -1000 -1000 -10 0.00012803077697753906
Car -1 -1 -10 0.0 186.0 31.0 371.0 -1 -1 -1 -1000 -1000 -1000 -10 0.00012636184692382812
Cyclist -1 -1 -10 0.0 143.0 7.0 185.0 -1 -1 -1 -1000 -1000 -1000 -10 0.00012612342834472656
Pedestrian -1 -1 -10 869.0 0.0 913.0 3.0 -1 -1 -1 -1000 -1000 -1000 -10 0.0001227855682373047
Car -1 -1 -10 0.0 175.0 140.0 240.0 -1 -1 -1 -1000 -1000 -1000 -10 0.00012254714965820312
Car -1 -1 -10 1221.0 171.0 1241.0 351.0 -1 -1 -1 -1000 -1000 -1000 -10 0.00012153387069702148
Pedestrian -1 -1 -10 659.0 169.0 674.0 191.0 -1 -1 -1 -1000 -1000 -1000 -10 0.00011873245239257812
Car -1 -1 -10 327.0 173.0 425.0 225.0 -1 -1 -1 -1000 -1000 -1000 -10 0.00011819601058959961
Car -1 -1 -10 1214.0 153.0 1241.0 370.0 -1 -1 -1 -1000 -1000 -1000 -10 0.00011104345321655273
Car -1 -1 -10 1215.0 140.0 1242.0 310.0 -1 -1 -1 -1000 -1000 -1000 -10 0.00011038780212402344
Car -1 -1 -10 71.0 167.0 189.0 208.0 -1 -1 -1 -1000 -1000 -1000 -10 0.0001099705696105957
Car -1 -1 -10 279.0 171.0 380.0 222.0 -1 -1 -1 -1000 -1000 -1000 -10 0.0001068115234375
Car -1 -1 -10 354.0 155.0 515.0 254.0 -1 -1 -1 -1000 -1000 -1000 -10 0.00010627508163452148
Car -1 -1 -10 367.0 154.0 547.0 258.0 -1 -1 -1 -1000 -1000 -1000 -10 0.00010478496551513672
Car -1 -1 -10 803.0 158.0 903.0 197.0 -1 -1 -1 -1000 -1000 -1000 -10 0.00010383129119873047
Car -1 -1 -10 608.0 177.0 657.0 228.0 -1 -1 -1 -1000 -1000 -1000 -10 0.00010061264038085938
