Car -1 -1 -10 247.0 190.0 323.0 227.0 -1 -1 -1 -1000 -1000 -1000 -10 0.95703125
Car -1 -1 -10 626.0 147.0 678.0 203.0 -1 -1 -1 -1000 -1000 -1000 -10 0.9501953125
Car -1 -1 -10 402.0 181.0 441.0 204.0 -1 -1 -1 -1000 -1000 -1000 -10 0.94970703125
Car -1 -1 -10 0.0 204.0 48.0 268.0 -1 -1 -1 -1000 -1000 -1000 -10 0.8857421875
Car -1 -1 -10 2.0 208.0 54.0 269.0 -1 -1 -1 -1000 -1000 -1000 -10 0.013397216796875
Car -1 -1 -10 0.0 199.0 48.0 260.0 -1 -1 -1 -1000 -1000 -1000 -10 0.005588531494140625
Car -1 -1 -10 0.0 204.0 39.0 280.0 -1 -1 -1 -1000 -1000 -1000 -10 0.0017986297607421875
Car -1 -1 -10 1215.0 197.0 1242.0 373.0 -1 -1 -1 -1000 -1000 -1000 -10 0.0012044906616210938
Car -1 -1 -10 401.0 177.0 442.0 209.0 -1 -1 -1 -1000 -1000 -1000 -10 0.0009150505065917969
Car -1 -1 -10 623.0 141.0 680.0 206.0 -1 -1 -1 -1000 -1000 -1000 -10 0.0008335113525390625
Car -1 -1 -10 243.0 175.0 330.0 240.0 -1 -1 -1 -1000 -1000 -1000 -10 0.000751495361328125
Car -1 -1 -10 1206.0 193.0 1242.0 373.0 -1 -1 -1 -1000 -1000 -1000 -10 0.0007219314575195312
Car -1 -1 -10 0.0 194.0 45.0 251.0 -1 -1 -1 -1000 -1000 -1000 -10 0.0006270408630371094
Car -1 -1 -10 1217.0 226.0 1241.0 366.0 -1 -1 -1 -1000 -1000 -1000 -10 0.0006074905395507812
Car -1 -1 -10 0.0 203.0 15.0 252.0 -1 -1 -1 -1000 -1000 -1000 -10 0.0004761219024658203
Car -1 -1 -10 0.0 207.0 26.0 264.0 -1 -1 -1 -1000 -1000 -1000 -10 0.0004630088806152344
Car -1 -1 -10 566.0 122.0 726.0 247.0 -1 -1 -1 -1000 -1000 -1000 -10 0.00040149688720703125
Car -1 -1 -10 1206.0 227.0 1241.0 369.0 -1 -1 -1 -1000 -1000 -1000 -10 0.0003695487976074219
Car -1 -1 -10 1219.0 175.0 1242.0 361.0 -1 -1 -1 -1000 -1000 -1000 -10 0.0003497600555419922
Car -1 -1 -10 249.0 187.0 319.0 217.0 -1 -1 -1 -1000 -1000 -1000 -10 0.0003228187561035156
Car -1 -1 -10 598.0 111.0 740.0 236.0 -1 -1 -1 -1000 -1000 -1000 -10 0.00030875205993652344
Car -1 -1 -10 0.0 202.0 19.0 254.0 -1 -1 -1 -1000 -1000 -1000 -10 0.0003056526184082031
Car -1 -1 -10 0.0 193.0 56.0 263.0 -1 -1 -1 -1000 -1000 -1000 -10 0.0002818107604980469
Car -1 -1 -10 0.0 178.0 87.0 283.0 -1 -1 -1 -1000 -1000 -1000 -10 0.0002751350402832031
Car -1 -1 -10 1211.0 238.0 1242.0 372.0 -1 -1 -1 -1000 -1000 -1000 -10 0.0002722740173339844
Car -1 -1 -10 568.0 109.0 721.0 235.0 -1 -1 -1 -1000 -1000 -1000 -10 0.0002627372741699219
Car -1 -1 -10 214.0 134.0 378.0 281.0 -1 -1 -1 -1000 -1000 -1000 -10 0.0002484321594238281
Car -1 -1 -10 189.0 134.0 363.0 280.0 -1 -1 -1 -1000 -1000 -1000 -10 0.00023221969604492188
Car -1 -1 -10 0.0 192.0 14.0 246.0 -1 -1 -1 -1000 -1000 -1000 -10 0.00021255016326904297
Car -1 -1 -10 0.0 185.0 105.0 297.0 -1 -1 -1 -1000 -1000 -1000 -10 0.00020968914031982422
Car -1 -1 -10 0.0 182.0 91.0 301.0 -1 -1 -1 -1000 -1000 -1000 -10 0.00019931793212890625
Car -1 -1 -10 1195.0 204.0 1242.0 371.0 -1 -1 -1 -1000 -1000 -1000 -10 0.0001970529556274414
Car -1 -1 -10 1203.0 162.0 1242.0 367.0 -1 -1 -1 -1000 -1000 -1000 -10 0.00019621849060058594
Car -1 -1 -10 1223.0 242.0 1242.0 369.0 -1 -1 -1 -1000 -1000 -1000 -10 0.0001938343048095703
Car -1 -1 -10 0.0 198.0 13.0 239.0 -1 -1 -1 -1000 -1000 -1000 -10 0.00019097328186035156
Car -1 -1 -10 0.0 187.0 29.0 242.0 -1 -1 -1 -1000 -1000 -1000 -10 0.0001876354217529297
Car -1 -1 -10 1178.0 215.0 1242.0 371.0 -1 -1 -1 -1000 -1000 -1000 -10 0.00018584728240966797
Car -1 -1 -10 0.0 194.0 17.0 244.0 -1 -1 -1 -1000 -1000 -1000 -10 0.00018513202667236328
Car -1 -1 -10 1201.0 240.0 1241.0 373.0 -1 -1 -1 -1000 -1000 -1000 -10 0.00015473365783691406
Car -1 -1 -10 1.0 204.0 64.0 269.0 -1 -1 -1 -1000 -1000 -1000 -10 0.00015270709991455078
Car -1 -1 -10 0.0 198.0 39.0 247.0 -1 -1 -1 -1000 -1000 -1000 -10 0.0001506805419921875
Car -1 -1 -10 5.0 202.0 52.0 256.0 -1 -1 -1 -1000 -1000 -1000 -10 0.00014412403106689453
Car -1 -1 -10 1.0 212.0 49.0 291.0 -1 -1 -1 -1000 -1000 -1000 -10 0.00014030933380126953
Car -1 -1 -10 406.0 180.0 442.0 199.0 -1 -1 -1 -1000 -1000 -1000 -10 0.00014030933380126953
Car -1 -1 -10 1225.0 233.0 1242.0 359.0 -1 -1 -1 -1000 -1000 -1000 -10 0.00012886524200439453
Car -1 -1 -10 4.0 208.0 62.0 263.0 -1 -1 -1 -1000 -1000 -1000 -10 0.00012505054473876953
Car -1 -1 -10 194.0 156.0 356.0 270.0 -1 -1 -1 -1000 -1000 -1000 -10 0.00011438131332397461
Cyclist -1 -1 -10 124.0 74.0 148.0 90.0 -1 -1 -1 -1000 -1000 -1000 -10 0.00010913610458374023
Cyclist -1 -1 -10 199.0 54.0 223.0 81.0 -1 -1 -1 -1000 -1000 -1000 -10 0.00010335445404052734
Car -1 -1 -10 254.0 188.0 324.0 222.0 -1 -1 -1 -1000 -1000 -1000 -10 0.00010025501251220703
