Car -1 -1 -10 559.0 176.0 608.0 221.0 -1 -1 -1 -1000 -1000 -1000 -10 0.97119140625
Car -1 -1 -10 466.0 180.0 524.0 224.0 -1 -1 -1 -1000 -1000 -1000 -10 0.96826171875
Car -1 -1 -10 260.0 182.0 370.0 242.0 -1 -1 -1 -1000 -1000 -1000 -10 0.9619140625
Car -1 -1 -10 0.0 175.0 197.0 323.0 -1 -1 -1 -1000 -1000 -1000 -10 0.9609375
Car -1 -1 -10 335.0 177.0 492.0 285.0 -1 -1 -1 -1000 -1000 -1000 -10 0.94384765625
Car -1 -1 -10 238.0 181.0 325.0 223.0 -1 -1 -1 -1000 -1000 -1000 -10 0.943359375
Car -1 -1 -10 97.0 181.0 235.0 238.0 -1 -1 -1 -1000 -1000 -1000 -10 0.93896484375
Car -1 -1 -10 511.0 181.0 549.0 208.0 -1 -1 -1 -1000 -1000 -1000 -10 0.93701171875
Car -1 -1 -10 534.0 165.0 558.0 194.0 -1 -1 -1 -1000 -1000 -1000 -10 0.9169921875
Car -1 -1 -10 0.0 169.0 68.0 257.0 -1 -1 -1 -1000 -1000 -1000 -10 0.1356201171875
Car -1 -1 -10 1.0 171.0 80.0 255.0 -1 -1 -1 -1000 -1000 -1000 -10 0.0794677734375
Car -1 -1 -10 0.0 167.0 55.0 257.0 -1 -1 -1 -1000 -1000 -1000 -10 0.06781005859375
Car -1 -1 -10 0.0 168.0 39.0 258.0 -1 -1 -1 -1000 -1000 -1000 -10 0.046783447265625
Car -1 -1 -10 538.0 166.0 560.0 193.0 -1 -1 -1 -1000 -1000 -1000 -10 0.0207672119140625
Car -1 -1 -10 0.0 162.0 35.0 252.0 -1 -1 -1 -1000 -1000 -1000 -10 0.0157318115234375
Car -1 -1 -10 0.0 167.0 85.0 246.0 -1 -1 -1 -1000 -1000 -1000 -10 0.01258087158203125
Car -1 -1 -10 479.0 182.0 531.0 215.0 -1 -1 -1 -1000 -1000 -1000 -10 0.00983428955078125
Car -1 -1 -10 0.0 166.0 21.0 261.0 -1 -1 -1 -1000 -1000 -1000 -10 0.0086212158203125
Car -1 -1 -10 71.0 177.0 233.0 258.0 -1 -1 -1 -1000 -1000 -1000 -10 0.00745391845703125
Car -1 -1 -10 257.0 182.0 357.0 233.0 -1 -1 -1 -1000 -1000 -1000 -10 0.0070037841796875
Car -1 -1 -10 461.0 180.0 519.0 220.0 -1 -1 -1 -1000 -1000 -1000 -10 0.006134033203125
Car -1 -1 -10 518.0 178.0 550.0 204.0 -1 -1 -1 -1000 -1000 -1000 -10 0.0060577392578125
Car -1 -1 -10 1.0 175.0 56.0 273.0 -1 -1 -1 -1000 -1000 -1000 -10 0.005077362060546875
Car -1 -1 -10 0.0 175.0 27.0 275.0 -1 -1 -1 -1000 -1000 -1000 -10 0.004909515380859375
Car -1 -1 -10 0.0 173.0 33.0 265.0 -1 -1 -1 -1000 -1000 -1000 -10 0.0037364959716796875
Car -1 -1 -10 450.0 181.0 481.0 204.0 -1 -1 -1 -1000 -1000 -1000 -10 0.002483367919921875
Car -1 -1 -10 32.0 170.0 230.0 291.0 -1 -1 -1 -1000 -1000 -1000 -10 0.0023250579833984375
Car -1 -1 -10 254.0 184.0 346.0 228.0 -1 -1 -1 -1000 -1000 -1000 -10 0.0021877288818359375
Car -1 -1 -10 469.0 180.0 520.0 215.0 -1 -1 -1 -1000 -1000 -1000 -10 0.0021076202392578125
Car -1 -1 -10 0.0 175.0 18.0 266.0 -1 -1 -1 -1000 -1000 -1000 -10 0.002094268798828125
Car -1 -1 -10 0.0 159.0 95.0 250.0 -1 -1 -1 -1000 -1000 -1000 -10 0.0017251968383789062
Car -1 -1 -10 90.0 186.0 220.0 246.0 -1 -1 -1 -1000 -1000 -1000 -10 0.0013875961303710938
Car -1 -1 -10 0.0 157.0 32.0 243.0 -1 -1 -1 -1000 -1000 -1000 -10 0.0013446807861328125
Car -1 -1 -10 244.0 183.0 335.0 227.0 -1 -1 -1 -1000 -1000 -1000 -10 0.0012044906616210938
Car -1 -1 -10 449.0 179.0 485.0 202.0 -1 -1 -1 -1000 -1000 -1000 -10 0.0011606216430664062
Car -1 -1 -10 454.0 170.0 526.0 236.0 -1 -1 -1 -1000 -1000 -1000 -10 0.0011386871337890625
Car -1 -1 -10 256.0 180.0 379.0 246.0 -1 -1 -1 -1000 -1000 -1000 -10 0.0011281967163085938
Car -1 -1 -10 0.0 159.0 56.0 243.0 -1 -1 -1 -1000 -1000 -1000 -10 0.0010652542114257812
Car -1 -1 -10 0.0 175.0 16.0 283.0 -1 -1 -1 -1000 -1000 -1000 -10 0.0009570121765136719
Car -1 -1 -10 0.0 173.0 133.0 266.0 -1 -1 -1 -1000 -1000 -1000 -10 0.0009450912475585938
Car -1 -1 -10 510.0 179.0 550.0 212.0 -1 -1 -1 -1000 -1000 -1000 -10 0.0008707046508789062
Car -1 -1 -10 449.0 179.0 489.0 205.0 -1 -1 -1 -1000 -1000 -1000 -10 0.0008168220520019531
Car -1 -1 -10 556.0 166.0 615.0 232.0 -1 -1 -1 -1000 -1000 -1000 -10 0.0008039474487304688
Car -1 -1 -10 0.0 156.0 17.0 240.0 -1 -1 -1 -1000 -1000 -1000 -10 0.0008034706115722656
Car -1 -1 -10 468.0 177.0 523.0 218.0 -1 -1 -1 -1000 -1000 -1000 -10 0.0007882118225097656
Car -1 -1 -10 0.0 192.0 25.0 373.0 -1 -1 -1 -1000 -1000 -1000 -10 0.000759124755859375
Car -1 -1 -10 241.0 177.0 328.0 219.0 -1 -1 -1 -1000 -1000 -1000 -10 0.0007214546203613281
Car -1 -1 -10 435.0 177.0 479.0 208.0 -1 -1 -1 -1000 -1000 -1000 -10 0.0006885528564453125
Car -1 -1 -10 0.0 151.0 26.0 236.0 -1 -1 -1 -1000 -1000 -1000 -10 0.0006861686706542969
Car -1 -1 -10 234.0 149.0 415.0 276.0 -1 -1 -1 -1000 -1000 -1000 -10 0.0006766319274902344
Car -1 -1 -10 290.0 187.0 339.0 234.0 -1 -1 -1 -1000 -1000 -1000 -10 0.0006666183471679688
Car -1 -1 -10 0.0 164.0 130.0 279.0 -1 -1 -1 -1000 -1000 -1000 -10 0.0005927085876464844
Car -1 -1 -10 0.0 174.0 35.0 239.0 -1 -1 -1 -1000 -1000 -1000 -10 0.0005650520324707031
Car -1 -1 -10 461.0 180.0 507.0 212.0 -1 -1 -1 -1000 -1000 -1000 -10 0.0005307197570800781
Car -1 -1 -10 509.0 180.0 544.0 204.0 -1 -1 -1 -1000 -1000 -1000 -10 0.000530242919921875
Car -1 -1 -10 461.0 171.0 527.0 228.0 -1 -1 -1 -1000 -1000 -1000 -10 0.0005230903625488281
Car -1 -1 -10 1.0 171.0 130.0 244.0 -1 -1 -1 -1000 -1000 -1000 -10 0.000507354736328125
Car -1 -1 -10 0.0 173.0 19.0 236.0 -1 -1 -1 -1000 -1000 -1000 -10 0.0005068778991699219
Car -1 -1 -10 22.0 177.0 168.0 319.0 -1 -1 -1 -1000 -1000 -1000 -10 0.0004897117614746094
Car -1 -1 -10 0.0 169.0 31.0 230.0 -1 -1 -1 -1000 -1000 -1000 -10 0.0004892349243164062
Car -1 -1 -10 0.0 161.0 74.0 241.0 -1 -1 -1 -1000 -1000 -1000 -10 0.00048279762268066406
Car -1 -1 -10 0.0 172.0 72.0 287.0 -1 -1 -1 -1000 -1000 -1000 -10 0.0004658699035644531
Car -1 -1 -10 71.0 145.0 265.0 275.0 -1 -1 -1 -1000 -1000 -1000 -10 0.0004603862762451172
Car -1 -1 -10 464.0 168.0 532.0 236.0 -1 -1 -1 -1000 -1000 -1000 -10 0.00041961669921875
Car -1 -1 -10 455.0 179.0 485.0 201.0 -1 -1 -1 -1000 -1000 -1000 -10 0.00040078163146972656
Car -1 -1 -10 0.0 160.0 98.0 272.0 -1 -1 -1 -1000 -1000 -1000 -10 0.00038552284240722656
Car -1 -1 -10 1.0 169.0 50.0 286.0 -1 -1 -1 -1000 -1000 -1000 -10 0.00036454200744628906
Car -1 -1 -10 0.0 180.0 20.0 245.0 -1 -1 -1 -1000 -1000 -1000 -10 0.0003390312194824219
Car -1 -1 -10 0.0 182.0 23.0 329.0 -1 -1 -1 -1000 -1000 -1000 -10 0.00033473968505859375
Car -1 -1 -10 520.0 130.0 667.0 245.0 -1 -1 -1 -1000 -1000 -1000 -10 0.00031638145446777344
Car -1 -1 -10 0.0 168.0 16.0 227.0 -1 -1 -1 -1000 -1000 -1000 -10 0.0003120899200439453
Car -1 -1 -10 513.0 133.0 677.0 274.0 -1 -1 -1 -1000 -1000 -1000 -10 0.00030612945556640625
Car -1 -1 -10 0.0 202.0 41.0 376.0 -1 -1 -1 -1000 -1000 -1000 -10 0.00030303001403808594
Car -1 -1 -10 483.0 135.0 648.0 271.0 -1 -1 -1 -1000 -1000 -1000 -10 0.00029468536376953125
Car -1 -1 -10 393.0 135.0 563.0 277.0 -1 -1 -1 -1000 -1000 -1000 -10 0.0002923011779785156
Car -1 -1 -10 0.0 205.0 28.0 376.0 -1 -1 -1 -1000 -1000 -1000 -10 0.0002892017364501953
Car -1 -1 -10 0.0 174.0 106.0 281.0 -1 -1 -1 -1000 -1000 -1000 -10 0.0002875328063964844
Car -1 -1 -10 259.0 185.0 309.0 218.0 -1 -1 -1 -1000 -1000 -1000 -10 0.000286102294921875
Car -1 -1 -10 178.0 135.0 378.0 282.0 -1 -1 -1 -1000 -1000 -1000 -10 0.00028133392333984375
Car -1 -1 -10 0.0 174.0 48.0 238.0 -1 -1 -1 -1000 -1000 -1000 -10 0.0002741813659667969
Car -1 -1 -10 79.0 161.0 258.0 268.0 -1 -1 -1 -1000 -1000 -1000 -10 0.0002701282501220703
Car -1 -1 -10 234.0 170.0 330.0 229.0 -1 -1 -1 -1000 -1000 -1000 -10 0.00026416778564453125
Car -1 -1 -10 0.0 188.0 16.0 251.0 -1 -1 -1 -1000 -1000 -1000 -10 0.0002608299255371094
Car -1 -1 -10 512.0 173.0 552.0 211.0 -1 -1 -1 -1000 -1000 -1000 -10 0.000244140625
Car -1 -1 -10 461.0 179.0 493.0 202.0 -1 -1 -1 -1000 -1000 -1000 -10 0.00022900104522705078
Car -1 -1 -10 2.0 175.0 86.0 268.0 -1 -1 -1 -1000 -1000 -1000 -10 0.00022649765014648438
Car -1 -1 -10 0.0 190.0 47.0 361.0 -1 -1 -1 -1000 -1000 -1000 -10 0.00021159648895263672
Car -1 -1 -10 429.0 131.0 589.0 279.0 -1 -1 -1 -1000 -1000 -1000 -10 0.00020360946655273438
Car -1 -1 -10 230.0 172.0 336.0 239.0 -1 -1 -1 -1000 -1000 -1000 -10 0.00020074844360351562
Car -1 -1 -10 499.0 182.0 531.0 205.0 -1 -1 -1 -1000 -1000 -1000 -10 0.0001983642578125
Car -1 -1 -10 0.0 232.0 27.0 376.0 -1 -1 -1 -1000 -1000 -1000 -10 0.0001983642578125
Car -1 -1 -10 193.0 133.0 364.0 252.0 -1 -1 -1 -1000 -1000 -1000 -10 0.0001958608627319336
Car -1 -1 -10 0.0 186.0 32.0 251.0 -1 -1 -1 -1000 -1000 -1000 -10 0.00019562244415283203
Car -1 -1 -10 408.0 139.0 557.0 248.0 -1 -1 -1 -1000 -1000 -1000 -10 0.0001952648162841797
Car -1 -1 -10 490.0 178.0 531.0 204.0 -1 -1 -1 -1000 -1000 -1000 -10 0.0001888275146484375
Car -1 -1 -10 0.0 188.0 15.0 298.0 -1 -1 -1 -1000 -1000 -1000 -10 0.00017559528350830078
Car -1 -1 -10 0.0 174.0 193.0 296.0 -1 -1 -1 -1000 -1000 -1000 -10 0.00017154216766357422
Car -1 -1 -10 433.0 174.0 476.0 203.0 -1 -1 -1 -1000 -1000 -1000 -10 0.00017118453979492188
Car -1 -1 -10 494.0 176.0 532.0 206.0 -1 -1 -1 -1000 -1000 -1000 -10 0.00016820430755615234
Car -1 -1 -10 447.0 179.0 478.0 202.0 -1 -1 -1 -1000 -1000 -1000 -10 0.0001672506332397461
Car -1 -1 -10 0.0 170.0 45.0 230.0 -1 -1 -1 -1000 -1000 -1000 -10 0.0001361370086669922
Car -1 -1 -10 0.0 238.0 51.0 376.0 -1 -1 -1 -1000 -1000 -1000 -10 0.0001189112663269043
Car -1 -1 -10 285.0 184.0 334.0 232.0 -1 -1 -1 -1000 -1000 -1000 -10 0.00011873245239257812
Car -1 -1 -10 0.0 242.0 31.0 364.0 -1 -1 -1 -1000 -1000 -1000 -10 0.0001131296157836914
Car -1 -1 -10 538.0 165.0 565.0 204.0 -1 -1 -1 -1000 -1000 -1000 -10 0.000102996826171875
Car -1 -1 -10 534.0 164.0 560.0 199.0 -1 -1 -1 -1000 -1000 -1000 -10 0.00010293722152709961
