Car -1 -1 -10 426.0 180.0 491.0 230.0 -1 -1 -1 -1000 -1000 -1000 -10 0.9609375
Car -1 -1 -10 746.0 156.0 990.0 242.0 -1 -1 -1 -1000 -1000 -1000 -10 0.9599609375
Car -1 -1 -10 518.0 177.0 567.0 215.0 -1 -1 -1 -1000 -1000 -1000 -10 0.9501953125
Car -1 -1 -10 455.0 181.0 511.0 219.0 -1 -1 -1 -1000 -1000 -1000 -10 0.9365234375
Car -1 -1 -10 998.0 143.0 1062.0 180.0 -1 -1 -1 -1000 -1000 -1000 -10 0.92138671875
Car -1 -1 -10 765.0 155.0 874.0 196.0 -1 -1 -1 -1000 -1000 -1000 -10 0.91845703125
Car -1 -1 -10 901.0 151.0 954.0 182.0 -1 -1 -1 -1000 -1000 -1000 -10 0.91748046875
Car -1 -1 -10 1076.0 146.0 1203.0 185.0 -1 -1 -1 -1000 -1000 -1000 -10 0.91552734375
Car -1 -1 -10 933.0 154.0 996.0 182.0 -1 -1 -1 -1000 -1000 -1000 -10 0.91552734375
Car -1 -1 -10 596.0 177.0 624.0 199.0 -1 -1 -1 -1000 -1000 -1000 -10 0.9140625
Car -1 -1 -10 643.0 173.0 681.0 199.0 -1 -1 -1 -1000 -1000 -1000 -10 0.90625
Car -1 -1 -10 1043.0 151.0 1166.0 185.0 -1 -1 -1 -1000 -1000 -1000 -10 0.8896484375
Car -1 -1 -10 1010.0 150.0 1136.0 185.0 -1 -1 -1 -1000 -1000 -1000 -10 0.84130859375
Car -1 -1 -10 453.0 182.0 544.0 220.0 -1 -1 -1 -1000 -1000 -1000 -10 0.65673828125
Car -1 -1 -10 427.0 181.0 511.0 224.0 -1 -1 -1 -1000 -1000 -1000 -10 0.65185546875
Car -1 -1 -10 1017.0 149.0 1128.0 182.0 -1 -1 -1 -1000 -1000 -1000 -10 0.1851806640625
Car -1 -1 -10 447.0 181.0 505.0 222.0 -1 -1 -1 -1000 -1000 -1000 -10 0.163330078125
Car -1 -1 -10 1051.0 149.0 1181.0 185.0 -1 -1 -1 -1000 -1000 -1000 -10 0.06317138671875
Car -1 -1 -10 1013.0 148.0 1145.0 187.0 -1 -1 -1 -1000 -1000 -1000 -10 0.042510986328125
Car -1 -1 -10 1003.0 147.0 1091.0 181.0 -1 -1 -1 -1000 -1000 -1000 -10 0.0419921875
Car -1 -1 -10 899.0 150.0 948.0 180.0 -1 -1 -1 -1000 -1000 -1000 -10 0.034637451171875
Car -1 -1 -10 765.0 149.0 994.0 237.0 -1 -1 -1 -1000 -1000 -1000 -10 0.03228759765625
Car -1 -1 -10 999.0 146.0 1071.0 180.0 -1 -1 -1 -1000 -1000 -1000 -10 0.031280517578125
Car -1 -1 -10 533.0 173.0 566.0 186.0 -1 -1 -1 -1000 -1000 -1000 -10 0.023956298828125
Car -1 -1 -10 994.0 145.0 1055.0 181.0 -1 -1 -1 -1000 -1000 -1000 -10 0.01171875
Car -1 -1 -10 944.0 154.0 1000.0 180.0 -1 -1 -1 -1000 -1000 -1000 -10 0.01123046875
Car -1 -1 -10 940.0 155.0 992.0 181.0 -1 -1 -1 -1000 -1000 -1000 -10 0.01030731201171875
Car -1 -1 -10 927.0 152.0 986.0 182.0 -1 -1 -1 -1000 -1000 -1000 -10 0.00855255126953125
Car -1 -1 -10 523.0 176.0 565.0 203.0 -1 -1 -1 -1000 -1000 -1000 -10 0.0081024169921875
Car -1 -1 -10 1006.0 144.0 1058.0 177.0 -1 -1 -1 -1000 -1000 -1000 -10 0.0075531005859375
Car -1 -1 -10 598.0 174.0 635.0 196.0 -1 -1 -1 -1000 -1000 -1000 -10 0.00743865966796875
Car -1 -1 -10 1005.0 146.0 1082.0 179.0 -1 -1 -1 -1000 -1000 -1000 -10 0.006114959716796875
Car -1 -1 -10 807.0 160.0 935.0 231.0 -1 -1 -1 -1000 -1000 -1000 -10 0.0031909942626953125
Car -1 -1 -10 638.0 173.0 670.0 195.0 -1 -1 -1 -1000 -1000 -1000 -10 0.00235748291015625
Car -1 -1 -10 928.0 155.0 982.0 182.0 -1 -1 -1 -1000 -1000 -1000 -10 0.0022754669189453125
Car -1 -1 -10 1040.0 157.0 1167.0 188.0 -1 -1 -1 -1000 -1000 -1000 -10 0.0016603469848632812
Car -1 -1 -10 1219.0 191.0 1242.0 364.0 -1 -1 -1 -1000 -1000 -1000 -10 0.0015106201171875
Car -1 -1 -10 758.0 144.0 881.0 210.0 -1 -1 -1 -1000 -1000 -1000 -10 0.0014696121215820312
Car -1 -1 -10 762.0 127.0 1005.0 252.0 -1 -1 -1 -1000 -1000 -1000 -10 0.00118255615234375
Car -1 -1 -10 1027.0 149.0 1107.0 183.0 -1 -1 -1 -1000 -1000 -1000 -10 0.0011205673217773438
Car -1 -1 -10 422.0 166.0 496.0 238.0 -1 -1 -1 -1000 -1000 -1000 -10 0.00103759765625
Car -1 -1 -10 1203.0 185.0 1242.0 370.0 -1 -1 -1 -1000 -1000 -1000 -10 0.001033782958984375
Car -1 -1 -10 753.0 150.0 886.0 215.0 -1 -1 -1 -1000 -1000 -1000 -10 0.0010042190551757812
Car -1 -1 -10 518.0 175.0 560.0 205.0 -1 -1 -1 -1000 -1000 -1000 -10 0.0009717941284179688
Car -1 -1 -10 1078.0 143.0 1206.0 180.0 -1 -1 -1 -1000 -1000 -1000 -10 0.0008854866027832031
Car -1 -1 -10 887.0 135.0 975.0 201.0 -1 -1 -1 -1000 -1000 -1000 -10 0.0008587837219238281
Car -1 -1 -10 594.0 175.0 625.0 207.0 -1 -1 -1 -1000 -1000 -1000 -10 0.0008521080017089844
Car -1 -1 -10 998.0 146.0 1049.0 180.0 -1 -1 -1 -1000 -1000 -1000 -10 0.0008416175842285156
Car -1 -1 -10 900.0 149.0 959.0 188.0 -1 -1 -1 -1000 -1000 -1000 -10 0.0008268356323242188
Car -1 -1 -10 996.0 145.0 1089.0 186.0 -1 -1 -1 -1000 -1000 -1000 -10 0.0008230209350585938
Car -1 -1 -10 746.0 158.0 952.0 238.0 -1 -1 -1 -1000 -1000 -1000 -10 0.0008196830749511719
Car -1 -1 -10 1214.0 174.0 1242.0 354.0 -1 -1 -1 -1000 -1000 -1000 -10 0.0008158683776855469
Car -1 -1 -10 467.0 182.0 520.0 215.0 -1 -1 -1 -1000 -1000 -1000 -10 0.0008120536804199219
Car -1 -1 -10 1038.0 151.0 1118.0 182.0 -1 -1 -1 -1000 -1000 -1000 -10 0.0007643699645996094
Car -1 -1 -10 660.0 173.0 701.0 195.0 -1 -1 -1 -1000 -1000 -1000 -10 0.0006957054138183594
Car -1 -1 -10 1012.0 150.0 1090.0 180.0 -1 -1 -1 -1000 -1000 -1000 -10 0.0006866455078125
Car -1 -1 -10 457.0 177.0 509.0 216.0 -1 -1 -1 -1000 -1000 -1000 -10 0.0006632804870605469
Car -1 -1 -10 594.0 172.0 626.0 203.0 -1 -1 -1 -1000 -1000 -1000 -10 0.0006604194641113281
Car -1 -1 -10 1119.0 149.0 1166.0 176.0 -1 -1 -1 -1000 -1000 -1000 -10 0.0006451606750488281
Car -1 -1 -10 626.0 174.0 654.0 194.0 -1 -1 -1 -1000 -1000 -1000 -10 0.0006198883056640625
Car -1 -1 -10 514.0 165.0 578.0 229.0 -1 -1 -1 -1000 -1000 -1000 -10 0.00058746337890625
Car -1 -1 -10 1197.0 173.0 1242.0 351.0 -1 -1 -1 -1000 -1000 -1000 -10 0.0005664825439453125
Car -1 -1 -10 429.0 184.0 491.0 235.0 -1 -1 -1 -1000 -1000 -1000 -10 0.0005044937133789062
Car -1 -1 -10 641.0 170.0 677.0 194.0 -1 -1 -1 -1000 -1000 -1000 -10 0.00049591064453125
Car -1 -1 -10 935.0 150.0 995.0 180.0 -1 -1 -1 -1000 -1000 -1000 -10 0.0004949569702148438
Car -1 -1 -10 930.0 150.0 997.0 185.0 -1 -1 -1 -1000 -1000 -1000 -10 0.00045609474182128906
Car -1 -1 -10 1045.0 154.0 1093.0 177.0 -1 -1 -1 -1000 -1000 -1000 -10 0.0004324913024902344
Car -1 -1 -10 988.0 129.0 1068.0 192.0 -1 -1 -1 -1000 -1000 -1000 -10 0.00041174888610839844
Car -1 -1 -10 800.0 162.0 926.0 238.0 -1 -1 -1 -1000 -1000 -1000 -10 0.0003910064697265625
Car -1 -1 -10 656.0 171.0 697.0 197.0 -1 -1 -1 -1000 -1000 -1000 -10 0.00037932395935058594
Car -1 -1 -10 514.0 163.0 571.0 221.0 -1 -1 -1 -1000 -1000 -1000 -10 0.00037407875061035156
Car -1 -1 -10 758.0 161.0 886.0 204.0 -1 -1 -1 -1000 -1000 -1000 -10 0.0003647804260253906
Car -1 -1 -10 641.0 170.0 681.0 205.0 -1 -1 -1 -1000 -1000 -1000 -10 0.0003631114959716797
Car -1 -1 -10 779.0 155.0 861.0 195.0 -1 -1 -1 -1000 -1000 -1000 -10 0.0003616809844970703
Car -1 -1 -10 1066.0 134.0 1219.0 197.0 -1 -1 -1 -1000 -1000 -1000 -10 0.00034809112548828125
Car -1 -1 -10 781.0 153.0 884.0 194.0 -1 -1 -1 -1000 -1000 -1000 -10 0.00034809112548828125
Car -1 -1 -10 887.0 150.0 948.0 181.0 -1 -1 -1 -1000 -1000 -1000 -10 0.0003383159637451172
Car -1 -1 -10 928.0 92.0 1113.0 236.0 -1 -1 -1 -1000 -1000 -1000 -10 0.0003304481506347656
Car -1 -1 -10 436.0 181.0 497.0 227.0 -1 -1 -1 -1000 -1000 -1000 -10 0.00032138824462890625
Car -1 -1 -10 475.0 167.0 558.0 229.0 -1 -1 -1 -1000 -1000 -1000 -10 0.0003197193145751953
Car -1 -1 -10 635.0 169.0 664.0 189.0 -1 -1 -1 -1000 -1000 -1000 -10 0.0003197193145751953
Car -1 -1 -10 1057.0 133.0 1203.0 194.0 -1 -1 -1 -1000 -1000 -1000 -10 0.0003178119659423828
Car -1 -1 -10 763.0 152.0 871.0 191.0 -1 -1 -1 -1000 -1000 -1000 -10 0.0003173351287841797
Car -1 -1 -10 1221.0 207.0 1242.0 374.0 -1 -1 -1 -1000 -1000 -1000 -10 0.00031685829162597656
Car -1 -1 -10 724.0 106.0 911.0 244.0 -1 -1 -1 -1000 -1000 -1000 -10 0.0003116130828857422
Car -1 -1 -10 491.0 209.0 688.0 366.0 -1 -1 -1 -1000 -1000 -1000 -10 0.0003094673156738281
Car -1 -1 -10 892.0 137.0 959.0 192.0 -1 -1 -1 -1000 -1000 -1000 -10 0.0003056526184082031
Car -1 -1 -10 366.0 139.0 527.0 274.0 -1 -1 -1 -1000 -1000 -1000 -10 0.0003027915954589844
Car -1 -1 -10 657.0 173.0 690.0 197.0 -1 -1 -1 -1000 -1000 -1000 -10 0.00029468536376953125
Car -1 -1 -10 904.0 157.0 955.0 188.0 -1 -1 -1 -1000 -1000 -1000 -10 0.0002930164337158203
Car -1 -1 -10 1010.0 147.0 1061.0 179.0 -1 -1 -1 -1000 -1000 -1000 -10 0.00029277801513671875
Car -1 -1 -10 994.0 131.0 1065.0 187.0 -1 -1 -1 -1000 -1000 -1000 -10 0.0002918243408203125
Car -1 -1 -10 880.0 134.0 978.0 209.0 -1 -1 -1 -1000 -1000 -1000 -10 0.000274658203125
Car -1 -1 -10 533.0 172.0 572.0 192.0 -1 -1 -1 -1000 -1000 -1000 -10 0.0002727508544921875
Car -1 -1 -10 992.0 115.0 1208.0 240.0 -1 -1 -1 -1000 -1000 -1000 -10 0.0002701282501220703
Car -1 -1 -10 488.0 180.0 539.0 215.0 -1 -1 -1 -1000 -1000 -1000 -10 0.00026488304138183594
Car -1 -1 -10 1192.0 183.0 1242.0 364.0 -1 -1 -1 -1000 -1000 -1000 -10 0.0002617835998535156
Car -1 -1 -10 718.0 131.0 917.0 252.0 -1 -1 -1 -1000 -1000 -1000 -10 0.00025963783264160156
Car -1 -1 -10 1206.0 208.0 1242.0 375.0 -1 -1 -1 -1000 -1000 -1000 -10 0.00025391578674316406
Car -1 -1 -10 468.0 132.0 638.0 274.0 -1 -1 -1 -1000 -1000 -1000 -10 0.0002529621124267578
Car -1 -1 -10 1040.0 151.0 1088.0 176.0 -1 -1 -1 -1000 -1000 -1000 -10 0.00024247169494628906
Car -1 -1 -10 1215.0 200.0 1241.0 375.0 -1 -1 -1 -1000 -1000 -1000 -10 0.0002415180206298828
Car -1 -1 -10 889.0 156.0 941.0 184.0 -1 -1 -1 -1000 -1000 -1000 -10 0.00023996829986572266
Car -1 -1 -10 1053.0 154.0 1102.0 177.0 -1 -1 -1 -1000 -1000 -1000 -10 0.00023245811462402344
Car -1 -1 -10 1030.0 137.0 1172.0 207.0 -1 -1 -1 -1000 -1000 -1000 -10 0.00022459030151367188
Car -1 -1 -10 941.0 96.0 1100.0 207.0 -1 -1 -1 -1000 -1000 -1000 -10 0.00022292137145996094
Car -1 -1 -10 1047.0 106.0 1229.0 215.0 -1 -1 -1 -1000 -1000 -1000 -10 0.00021386146545410156
Car -1 -1 -10 1219.0 161.0 1242.0 330.0 -1 -1 -1 -1000 -1000 -1000 -10 0.0002110004425048828
Car -1 -1 -10 1224.0 110.0 1242.0 173.0 -1 -1 -1 -1000 -1000 -1000 -10 0.0002105236053466797
Car -1 -1 -10 1111.0 149.0 1159.0 177.0 -1 -1 -1 -1000 -1000 -1000 -10 0.00021016597747802734
Car -1 -1 -10 522.0 171.0 550.0 186.0 -1 -1 -1 -1000 -1000 -1000 -10 0.00020778179168701172
Car -1 -1 -10 1232.0 130.0 1242.0 191.0 -1 -1 -1 -1000 -1000 -1000 -10 0.0002052783966064453
Car -1 -1 -10 1020.0 97.0 1237.0 236.0 -1 -1 -1 -1000 -1000 -1000 -10 0.00019991397857666016
Car -1 -1 -10 475.0 125.0 629.0 242.0 -1 -1 -1 -1000 -1000 -1000 -10 0.00019872188568115234
Car -1 -1 -10 1159.0 175.0 1242.0 347.0 -1 -1 -1 -1000 -1000 -1000 -10 0.0001977682113647461
Car -1 -1 -10 609.0 175.0 637.0 194.0 -1 -1 -1 -1000 -1000 -1000 -10 0.0001976490020751953
Car -1 -1 -10 881.0 153.0 944.0 183.0 -1 -1 -1 -1000 -1000 -1000 -10 0.00019752979278564453
Car -1 -1 -10 984.0 144.0 1052.0 181.0 -1 -1 -1 -1000 -1000 -1000 -10 0.00019216537475585938
Car -1 -1 -10 1024.0 145.0 1144.0 177.0 -1 -1 -1 -1000 -1000 -1000 -10 0.00018799304962158203
Car -1 -1 -10 953.0 152.0 1007.0 178.0 -1 -1 -1 -1000 -1000 -1000 -10 0.0001850128173828125
Car -1 -1 -10 977.0 96.0 1208.0 242.0 -1 -1 -1 -1000 -1000 -1000 -10 0.00018334388732910156
Car -1 -1 -10 1214.0 207.0 1242.0 343.0 -1 -1 -1 -1000 -1000 -1000 -10 0.00018072128295898438
Car -1 -1 -10 636.0 174.0 666.0 198.0 -1 -1 -1 -1000 -1000 -1000 -10 0.00017714500427246094
Car -1 -1 -10 389.0 139.0 543.0 256.0 -1 -1 -1 -1000 -1000 -1000 -10 0.0001761913299560547
Car -1 -1 -10 1019.0 136.0 1170.0 198.0 -1 -1 -1 -1000 -1000 -1000 -10 0.00017547607421875
Car -1 -1 -10 833.0 101.0 1027.0 240.0 -1 -1 -1 -1000 -1000 -1000 -10 0.0001735687255859375
Car -1 -1 -10 458.0 185.0 509.0 221.0 -1 -1 -1 -1000 -1000 -1000 -10 0.00017011165618896484
Car -1 -1 -10 798.0 158.0 847.0 186.0 -1 -1 -1 -1000 -1000 -1000 -10 0.00016582012176513672
Car -1 -1 -10 1227.0 125.0 1242.0 183.0 -1 -1 -1 -1000 -1000 -1000 -10 0.00016319751739501953
Car -1 -1 -10 1233.0 138.0 1242.0 182.0 -1 -1 -1 -1000 -1000 -1000 -10 0.00016224384307861328
Car -1 -1 -10 900.0 148.0 951.0 175.0 -1 -1 -1 -1000 -1000 -1000 -10 0.0001615285873413086
Car -1 -1 -10 1019.0 147.0 1068.0 173.0 -1 -1 -1 -1000 -1000 -1000 -10 0.0001590251922607422
Car -1 -1 -10 389.0 138.0 553.0 276.0 -1 -1 -1 -1000 -1000 -1000 -10 0.00015878677368164062
Car -1 -1 -10 1017.0 145.0 1098.0 177.0 -1 -1 -1 -1000 -1000 -1000 -10 0.00015747547149658203
Car -1 -1 -10 1042.0 144.0 1175.0 178.0 -1 -1 -1 -1000 -1000 -1000 -10 0.0001571178436279297
Car -1 -1 -10 625.0 169.0 653.0 186.0 -1 -1 -1 -1000 -1000 -1000 -10 0.00015652179718017578
Car -1 -1 -10 1213.0 154.0 1242.0 337.0 -1 -1 -1 -1000 -1000 -1000 -10 0.00015354156494140625
Car -1 -1 -10 654.0 175.0 702.0 199.0 -1 -1 -1 -1000 -1000 -1000 -10 0.0001519918441772461
Car -1 -1 -10 1229.0 111.0 1242.0 178.0 -1 -1 -1 -1000 -1000 -1000 -10 0.00015163421630859375
Car -1 -1 -10 790.0 158.0 838.0 186.0 -1 -1 -1 -1000 -1000 -1000 -10 0.0001499652862548828
Car -1 -1 -10 627.0 175.0 654.0 196.0 -1 -1 -1 -1000 -1000 -1000 -10 0.00014483928680419922
Car -1 -1 -10 1233.0 139.0 1242.0 198.0 -1 -1 -1 -1000 -1000 -1000 -10 0.00013506412506103516
Car -1 -1 -10 992.0 131.0 1123.0 193.0 -1 -1 -1 -1000 -1000 -1000 -10 0.0001342296600341797
Car -1 -1 -10 519.0 174.0 556.0 195.0 -1 -1 -1 -1000 -1000 -1000 -10 0.0001323223114013672
Car -1 -1 -10 457.0 177.0 522.0 223.0 -1 -1 -1 -1000 -1000 -1000 -10 0.00013053417205810547
Car -1 -1 -10 529.0 163.0 572.0 185.0 -1 -1 -1 -1000 -1000 -1000 -10 0.0001304149627685547
Car -1 -1 -10 432.0 180.0 484.0 228.0 -1 -1 -1 -1000 -1000 -1000 -10 0.0001285076141357422
Car -1 -1 -10 1231.0 121.0 1242.0 185.0 -1 -1 -1 -1000 -1000 -1000 -10 0.0001270771026611328
Car -1 -1 -10 1223.0 89.0 1242.0 156.0 -1 -1 -1 -1000 -1000 -1000 -10 0.0001251697540283203
Car -1 -1 -10 1001.0 137.0 1062.0 174.0 -1 -1 -1 -1000 -1000 -1000 -10 0.0001232624053955078
Car -1 -1 -10 491.0 182.0 527.0 211.0 -1 -1 -1 -1000 -1000 -1000 -10 0.00011754035949707031
Car -1 -1 -10 787.0 159.0 887.0 193.0 -1 -1 -1 -1000 -1000 -1000 -10 0.00011742115020751953
Car -1 -1 -10 757.0 157.0 865.0 198.0 -1 -1 -1 -1000 -1000 -1000 -10 0.00011670589447021484
Car -1 -1 -10 611.0 168.0 640.0 186.0 -1 -1 -1 -1000 -1000 -1000 -10 0.00011646747589111328
Car -1 -1 -10 1163.0 189.0 1242.0 368.0 -1 -1 -1 -1000 -1000 -1000 -10 0.0001163482666015625
Car -1 -1 -10 426.0 180.0 485.0 222.0 -1 -1 -1 -1000 -1000 -1000 -10 0.00011551380157470703
Car -1 -1 -10 849.0 106.0 1008.0 218.0 -1 -1 -1 -1000 -1000 -1000 -10 0.00011515617370605469
Car -1 -1 -10 1234.0 147.0 1242.0 188.0 -1 -1 -1 -1000 -1000 -1000 -10 0.00011497735977172852
Car -1 -1 -10 1015.0 144.0 1078.0 176.0 -1 -1 -1 -1000 -1000 -1000 -10 0.00011426210403442383
Car -1 -1 -10 1074.0 150.0 1155.0 183.0 -1 -1 -1 -1000 -1000 -1000 -10 0.00010973215103149414
Car -1 -1 -10 500.0 197.0 717.0 374.0 -1 -1 -1 -1000 -1000 -1000 -10 0.00010865926742553711
Car -1 -1 -10 1179.0 176.0 1242.0 352.0 -1 -1 -1 -1000 -1000 -1000 -10 0.00010776519775390625
Car -1 -1 -10 998.0 137.0 1135.0 204.0 -1 -1 -1 -1000 -1000 -1000 -10 0.00010514259338378906
