Car -1 -1 -10 190.0 195.0 454.0 369.0 -1 -1 -1 -1000 -1000 -1000 -10 0.9658203125
Car -1 -1 -10 677.0 170.0 853.0 296.0 -1 -1 -1 -1000 -1000 -1000 -10 0.96484375
Car -1 -1 -10 128.0 182.0 374.0 259.0 -1 -1 -1 -1000 -1000 -1000 -10 0.94677734375
Car -1 -1 -10 607.0 166.0 640.0 196.0 -1 -1 -1 -1000 -1000 -1000 -10 0.93212890625
Car -1 -1 -10 620.0 179.0 651.0 203.0 -1 -1 -1 -1000 -1000 -1000 -10 0.91552734375
Car -1 -1 -10 436.0 166.0 529.0 201.0 -1 -1 -1 -1000 -1000 -1000 -10 0.9140625
Car -1 -1 -10 273.0 182.0 429.0 239.0 -1 -1 -1 -1000 -1000 -1000 -10 0.88134765625
Car -1 -1 -10 614.0 174.0 649.0 201.0 -1 -1 -1 -1000 -1000 -1000 -10 0.52392578125
Car -1 -1 -10 608.0 166.0 643.0 198.0 -1 -1 -1 -1000 -1000 -1000 -10 0.319580078125
Car -1 -1 -10 376.0 180.0 489.0 222.0 -1 -1 -1 -1000 -1000 -1000 -10 0.129150390625
Car -1 -1 -10 265.0 187.0 423.0 243.0 -1 -1 -1 -1000 -1000 -1000 -10 0.022613525390625
Car -1 -1 -10 394.0 181.0 496.0 219.0 -1 -1 -1 -1000 -1000 -1000 -10 0.018707275390625
Car -1 -1 -10 431.0 173.0 527.0 202.0 -1 -1 -1 -1000 -1000 -1000 -10 0.01702880859375
Car -1 -1 -10 252.0 183.0 434.0 252.0 -1 -1 -1 -1000 -1000 -1000 -10 0.01070404052734375
Car -1 -1 -10 436.0 170.0 529.0 205.0 -1 -1 -1 -1000 -1000 -1000 -10 0.0080413818359375
Car -1 -1 -10 361.0 179.0 480.0 223.0 -1 -1 -1 -1000 -1000 -1000 -10 0.005748748779296875
Car -1 -1 -10 236.0 168.0 454.0 288.0 -1 -1 -1 -1000 -1000 -1000 -10 0.00414276123046875
Car -1 -1 -10 440.0 165.0 521.0 199.0 -1 -1 -1 -1000 -1000 -1000 -10 0.003894805908203125
Car -1 -1 -10 575.0 167.0 602.0 189.0 -1 -1 -1 -1000 -1000 -1000 -10 0.0028362274169921875
Car -1 -1 -10 609.0 162.0 648.0 204.0 -1 -1 -1 -1000 -1000 -1000 -10 0.0022640228271484375
Car -1 -1 -10 404.0 183.0 505.0 217.0 -1 -1 -1 -1000 -1000 -1000 -10 0.0019855499267578125
Car -1 -1 -10 393.0 174.0 499.0 216.0 -1 -1 -1 -1000 -1000 -1000 -10 0.0016298294067382812
Car -1 -1 -10 411.0 169.0 518.0 213.0 -1 -1 -1 -1000 -1000 -1000 -10 0.0014820098876953125
Car -1 -1 -10 443.0 171.0 536.0 204.0 -1 -1 -1 -1000 -1000 -1000 -10 0.0013751983642578125
Car -1 -1 -10 607.0 162.0 640.0 192.0 -1 -1 -1 -1000 -1000 -1000 -10 0.0012531280517578125
Car -1 -1 -10 175.0 185.0 310.0 252.0 -1 -1 -1 -1000 -1000 -1000 -10 0.0012187957763671875
Car -1 -1 -10 385.0 185.0 489.0 222.0 -1 -1 -1 -1000 -1000 -1000 -10 0.00113677978515625
Car -1 -1 -10 606.0 168.0 638.0 198.0 -1 -1 -1 -1000 -1000 -1000 -10 0.0010738372802734375
Car -1 -1 -10 573.0 166.0 599.0 190.0 -1 -1 -1 -1000 -1000 -1000 -10 0.0010499954223632812
Car -1 -1 -10 121.0 172.0 376.0 269.0 -1 -1 -1 -1000 -1000 -1000 -10 0.0009570121765136719
Car -1 -1 -10 375.0 174.0 487.0 218.0 -1 -1 -1 -1000 -1000 -1000 -10 0.00092315673828125
Car -1 -1 -10 578.0 168.0 606.0 190.0 -1 -1 -1 -1000 -1000 -1000 -10 0.0008568763732910156
Car -1 -1 -10 615.0 173.0 650.0 207.0 -1 -1 -1 -1000 -1000 -1000 -10 0.0008554458618164062
Car -1 -1 -10 440.0 173.0 518.0 201.0 -1 -1 -1 -1000 -1000 -1000 -10 0.0008373260498046875
Car -1 -1 -10 402.0 177.0 512.0 211.0 -1 -1 -1 -1000 -1000 -1000 -10 0.0007781982421875
Car -1 -1 -10 621.0 177.0 654.0 201.0 -1 -1 -1 -1000 -1000 -1000 -10 0.0006442070007324219
Car -1 -1 -10 266.0 201.0 377.0 354.0 -1 -1 -1 -1000 -1000 -1000 -10 0.0006256103515625
Car -1 -1 -10 572.0 165.0 601.0 187.0 -1 -1 -1 -1000 -1000 -1000 -10 0.0005908012390136719
Car -1 -1 -10 444.0 181.0 524.0 206.0 -1 -1 -1 -1000 -1000 -1000 -10 0.0005841255187988281
Car -1 -1 -10 1221.0 184.0 1242.0 344.0 -1 -1 -1 -1000 -1000 -1000 -10 0.0005412101745605469
Car -1 -1 -10 248.0 150.0 455.0 278.0 -1 -1 -1 -1000 -1000 -1000 -10 0.0005168914794921875
Car -1 -1 -10 1219.0 195.0 1241.0 362.0 -1 -1 -1 -1000 -1000 -1000 -10 0.0004649162292480469
Car -1 -1 -10 429.0 151.0 534.0 214.0 -1 -1 -1 -1000 -1000 -1000 -10 0.0004563331604003906
Car -1 -1 -10 1216.0 177.0 1242.0 351.0 -1 -1 -1 -1000 -1000 -1000 -10 0.00039267539978027344
Car -1 -1 -10 1215.0 188.0 1241.0 370.0 -1 -1 -1 -1000 -1000 -1000 -10 0.00038695335388183594
Car -1 -1 -10 405.0 110.0 579.0 239.0 -1 -1 -1 -1000 -1000 -1000 -10 0.0003571510314941406
Car -1 -1 -10 701.0 169.0 850.0 278.0 -1 -1 -1 -1000 -1000 -1000 -10 0.0003566741943359375
Car -1 -1 -10 1207.0 185.0 1242.0 375.0 -1 -1 -1 -1000 -1000 -1000 -10 0.0003418922424316406
Car -1 -1 -10 415.0 186.0 504.0 217.0 -1 -1 -1 -1000 -1000 -1000 -10 0.00030541419982910156
Car -1 -1 -10 246.0 183.0 417.0 236.0 -1 -1 -1 -1000 -1000 -1000 -10 0.00029778480529785156
Car -1 -1 -10 620.0 176.0 653.0 209.0 -1 -1 -1 -1000 -1000 -1000 -10 0.00029015541076660156
Car -1 -1 -10 398.0 187.0 497.0 220.0 -1 -1 -1 -1000 -1000 -1000 -10 0.00026488304138183594
Car -1 -1 -10 277.0 189.0 435.0 254.0 -1 -1 -1 -1000 -1000 -1000 -10 0.0002639293670654297
Car -1 -1 -10 424.0 157.0 533.0 219.0 -1 -1 -1 -1000 -1000 -1000 -10 0.0002562999725341797
Car -1 -1 -10 415.0 170.0 516.0 202.0 -1 -1 -1 -1000 -1000 -1000 -10 0.0002548694610595703
Car -1 -1 -10 1220.0 216.0 1242.0 369.0 -1 -1 -1 -1000 -1000 -1000 -10 0.0002503395080566406
Car -1 -1 -10 450.0 180.0 528.0 207.0 -1 -1 -1 -1000 -1000 -1000 -10 0.0002410411834716797
Car -1 -1 -10 424.0 182.0 514.0 210.0 -1 -1 -1 -1000 -1000 -1000 -10 0.00024080276489257812
Car -1 -1 -10 282.0 193.0 409.0 248.0 -1 -1 -1 -1000 -1000 -1000 -10 0.00022101402282714844
Car -1 -1 -10 274.0 179.0 421.0 225.0 -1 -1 -1 -1000 -1000 -1000 -10 0.00021469593048095703
Car -1 -1 -10 338.0 180.0 476.0 235.0 -1 -1 -1 -1000 -1000 -1000 -10 0.00020253658294677734
Car -1 -1 -10 1223.0 173.0 1242.0 316.0 -1 -1 -1 -1000 -1000 -1000 -10 0.00019371509552001953
Car -1 -1 -10 373.0 126.0 575.0 272.0 -1 -1 -1 -1000 -1000 -1000 -10 0.00017690658569335938
Car -1 -1 -10 1206.0 183.0 1242.0 343.0 -1 -1 -1 -1000 -1000 -1000 -10 0.0001728534698486328
Car -1 -1 -10 457.0 170.0 507.0 197.0 -1 -1 -1 -1000 -1000 -1000 -10 0.00016069412231445312
Car -1 -1 -10 400.0 173.0 499.0 206.0 -1 -1 -1 -1000 -1000 -1000 -10 0.0001556873321533203
Car -1 -1 -10 247.0 197.0 387.0 360.0 -1 -1 -1 -1000 -1000 -1000 -10 0.00015056133270263672
Car -1 -1 -10 351.0 182.0 472.0 231.0 -1 -1 -1 -1000 -1000 -1000 -10 0.00014901161193847656
Car -1 -1 -10 1216.0 163.0 1242.0 326.0 -1 -1 -1 -1000 -1000 -1000 -10 0.0001399517059326172
Car -1 -1 -10 1217.0 208.0 1242.0 324.0 -1 -1 -1 -1000 -1000 -1000 -10 0.00013756752014160156
Car -1 -1 -10 248.0 191.0 409.0 245.0 -1 -1 -1 -1000 -1000 -1000 -10 0.00013530254364013672
Car -1 -1 -10 0.0 222.0 136.0 371.0 -1 -1 -1 -1000 -1000 -1000 -10 0.00013172626495361328
Car -1 -1 -10 1.0 214.0 116.0 374.0 -1 -1 -1 -1000 -1000 -1000 -10 0.00012969970703125
Car -1 -1 -10 233.0 190.0 396.0 248.0 -1 -1 -1 -1000 -1000 -1000 -10 0.00012803077697753906
Car -1 -1 -10 283.0 182.0 451.0 243.0 -1 -1 -1 -1000 -1000 -1000 -10 0.0001270771026611328
Car -1 -1 -10 440.0 165.0 537.0 204.0 -1 -1 -1 -1000 -1000 -1000 -10 0.00012314319610595703
Car -1 -1 -10 456.0 169.0 507.0 193.0 -1 -1 -1 -1000 -1000 -1000 -10 0.00011408329010009766
Car -1 -1 -10 382.0 186.0 481.0 236.0 -1 -1 -1 -1000 -1000 -1000 -10 0.0001093149185180664
Car -1 -1 -10 603.0 163.0 642.0 197.0 -1 -1 -1 -1000 -1000 -1000 -10 0.00010710954666137695
Car -1 -1 -10 1228.0 202.0 1242.0 309.0 -1 -1 -1 -1000 -1000 -1000 -10 0.0001016855239868164
