Car -1 -1 -10 415.0 177.0 492.0 207.0 -1 -1 -1 -1000 -1000 -1000 -10 0.91943359375
Car -1 -1 -10 412.0 174.0 494.0 211.0 -1 -1 -1 -1000 -1000 -1000 -10 0.000507354736328125
Car -1 -1 -10 406.0 161.0 497.0 216.0 -1 -1 -1 -1000 -1000 -1000 -10 0.00033473968505859375
Car -1 -1 -10 406.0 165.0 506.0 227.0 -1 -1 -1 -1000 -1000 -1000 -10 0.0003247261047363281
Car -1 -1 -10 0.0 171.0 19.0 349.0 -1 -1 -1 -1000 -1000 -1000 -10 0.0002911090850830078
Car -1 -1 -10 662.0 330.0 704.0 351.0 -1 -1 -1 -1000 -1000 -1000 -10 0.00025963783264160156
Car -1 -1 -10 426.0 178.0 477.0 203.0 -1 -1 -1 -1000 -1000 -1000 -10 0.00024020671844482422
Car -1 -1 -10 480.0 178.0 537.0 202.0 -1 -1 -1 -1000 -1000 -1000 -10 0.0002084970474243164
Car -1 -1 -10 478.0 171.0 536.0 196.0 -1 -1 -1 -1000 -1000 -1000 -10 0.00020813941955566406
Car -1 -1 -10 657.0 330.0 709.0 352.0 -1 -1 -1 -1000 -1000 -1000 -10 0.00020515918731689453
Pedestrian -1 -1 -10 0.0 155.0 17.0 290.0 -1 -1 -1 -1000 -1000 -1000 -10 0.00018668174743652344
Car -1 -1 -10 374.0 135.0 553.0 275.0 -1 -1 -1 -1000 -1000 -1000 -10 0.00017440319061279297
Car -1 -1 -10 1.0 162.0 17.0 313.0 -1 -1 -1 -1000 -1000 -1000 -10 0.00016951560974121094
Car -1 -1 -10 430.0 178.0 481.0 203.0 -1 -1 -1 -1000 -1000 -1000 -10 0.00013554096221923828
Car -1 -1 -10 356.0 120.0 527.0 238.0 -1 -1 -1 -1000 -1000 -1000 -10 0.00013399124145507812
Car -1 -1 -10 345.0 133.0 532.0 275.0 -1 -1 -1 -1000 -1000 -1000 -10 0.00012350082397460938
Car -1 -1 -10 0.0 198.0 22.0 367.0 -1 -1 -1 -1000 -1000 -1000 -10 0.0001207590103149414
Car -1 -1 -10 0.0 162.0 24.0 358.0 -1 -1 -1 -1000 -1000 -1000 -10 0.00011754035949707031
Car -1 -1 -10 477.0 175.0 531.0 196.0 -1 -1 -1 -1000 -1000 -1000 -10 0.00011116266250610352
Car -1 -1 -10 1223.0 198.0 1242.0 364.0 -1 -1 -1 -1000 -1000 -1000 -10 0.00010222196578979492
