Car -1 -1 -10 564.0 171.0 627.0 228.0 -1 -1 -1 -1000 -1000 -1000 -10 0.9697265625
Car -1 -1 -10 336.0 28.0 544.0 257.0 -1 -1 -1 -1000 -1000 -1000 -10 0.9697265625
Car -1 -1 -10 0.0 209.0 250.0 374.0 -1 -1 -1 -1000 -1000 -1000 -10 0.9609375
Car -1 -1 -10 292.0 179.0 391.0 230.0 -1 -1 -1 -1000 -1000 -1000 -10 0.94677734375
Car -1 -1 -10 0.0 187.0 180.0 311.0 -1 -1 -1 -1000 -1000 -1000 -10 0.93212890625
Car -1 -1 -10 282.0 174.0 356.0 212.0 -1 -1 -1 -1000 -1000 -1000 -10 0.92431640625
Car -1 -1 -10 518.0 176.0 557.0 205.0 -1 -1 -1 -1000 -1000 -1000 -10 0.91552734375
Car -1 -1 -10 287.0 175.0 369.0 217.0 -1 -1 -1 -1000 -1000 -1000 -10 0.49267578125
Car -1 -1 -10 286.0 177.0 382.0 223.0 -1 -1 -1 -1000 -1000 -1000 -10 0.313720703125
Car -1 -1 -10 4.0 186.0 188.0 330.0 -1 -1 -1 -1000 -1000 -1000 -10 0.044525146484375
Car -1 -1 -10 0.0 186.0 32.0 290.0 -1 -1 -1 -1000 -1000 -1000 -10 0.03375244140625
Car -1 -1 -10 0.0 188.0 51.0 295.0 -1 -1 -1 -1000 -1000 -1000 -10 0.030181884765625
Car -1 -1 -10 0.0 189.0 166.0 293.0 -1 -1 -1 -1000 -1000 -1000 -10 0.0215606689453125
Car -1 -1 -10 0.0 183.0 29.0 267.0 -1 -1 -1 -1000 -1000 -1000 -10 0.01654052734375
Car -1 -1 -10 0.0 193.0 33.0 310.0 -1 -1 -1 -1000 -1000 -1000 -10 0.01543426513671875
Car -1 -1 -10 3.0 199.0 196.0 361.0 -1 -1 -1 -1000 -1000 -1000 -10 0.0154266357421875
Car -1 -1 -10 0.0 180.0 43.0 269.0 -1 -1 -1 -1000 -1000 -1000 -10 0.014862060546875
Car -1 -1 -10 0.0 190.0 130.0 294.0 -1 -1 -1 -1000 -1000 -1000 -10 0.01052093505859375
Car -1 -1 -10 0.0 181.0 29.0 252.0 -1 -1 -1 -1000 -1000 -1000 -10 0.01052093505859375
Car -1 -1 -10 0.0 195.0 58.0 310.0 -1 -1 -1 -1000 -1000 -1000 -10 0.00986480712890625
Car -1 -1 -10 0.0 190.0 72.0 302.0 -1 -1 -1 -1000 -1000 -1000 -10 0.008514404296875
Car -1 -1 -10 0.0 187.0 64.0 289.0 -1 -1 -1 -1000 -1000 -1000 -10 0.0062713623046875
Car -1 -1 -10 2.0 191.0 156.0 351.0 -1 -1 -1 -1000 -1000 -1000 -10 0.00600433349609375
Car -1 -1 -10 0.0 197.0 146.0 306.0 -1 -1 -1 -1000 -1000 -1000 -10 0.004642486572265625
Car -1 -1 -10 0.0 181.0 44.0 254.0 -1 -1 -1 -1000 -1000 -1000 -10 0.004436492919921875
Car -1 -1 -10 1.0 187.0 29.0 246.0 -1 -1 -1 -1000 -1000 -1000 -10 0.00435638427734375
Car -1 -1 -10 0.0 189.0 109.0 299.0 -1 -1 -1 -1000 -1000 -1000 -10 0.00424957275390625
Car -1 -1 -10 0.0 180.0 20.0 251.0 -1 -1 -1 -1000 -1000 -1000 -10 0.004009246826171875
Car -1 -1 -10 0.0 198.0 51.0 320.0 -1 -1 -1 -1000 -1000 -1000 -10 0.0032863616943359375
Car -1 -1 -10 0.0 181.0 21.0 264.0 -1 -1 -1 -1000 -1000 -1000 -10 0.0025424957275390625
Car -1 -1 -10 0.0 196.0 114.0 311.0 -1 -1 -1 -1000 -1000 -1000 -10 0.002422332763671875
Car -1 -1 -10 0.0 204.0 75.0 319.0 -1 -1 -1 -1000 -1000 -1000 -10 0.00209808349609375
Car -1 -1 -10 296.0 176.0 347.0 209.0 -1 -1 -1 -1000 -1000 -1000 -10 0.0019893646240234375
Car -1 -1 -10 8.0 206.0 170.0 311.0 -1 -1 -1 -1000 -1000 -1000 -10 0.0019550323486328125
Car -1 -1 -10 519.0 181.0 555.0 206.0 -1 -1 -1 -1000 -1000 -1000 -10 0.001922607421875
Car -1 -1 -10 0.0 186.0 19.0 244.0 -1 -1 -1 -1000 -1000 -1000 -10 0.0018520355224609375
Car -1 -1 -10 0.0 196.0 64.0 326.0 -1 -1 -1 -1000 -1000 -1000 -10 0.0017261505126953125
Car -1 -1 -10 0.0 185.0 19.0 279.0 -1 -1 -1 -1000 -1000 -1000 -10 0.001708984375
Car -1 -1 -10 1.0 182.0 28.0 239.0 -1 -1 -1 -1000 -1000 -1000 -10 0.0016307830810546875
Car -1 -1 -10 0.0 181.0 104.0 275.0 -1 -1 -1 -1000 -1000 -1000 -10 0.0015325546264648438
Car -1 -1 -10 289.0 171.0 393.0 234.0 -1 -1 -1 -1000 -1000 -1000 -10 0.0014705657958984375
Car -1 -1 -10 0.0 202.0 29.0 347.0 -1 -1 -1 -1000 -1000 -1000 -10 0.0014638900756835938
Car -1 -1 -10 1.0 193.0 29.0 254.0 -1 -1 -1 -1000 -1000 -1000 -10 0.0014247894287109375
Car -1 -1 -10 370.0 31.0 514.0 256.0 -1 -1 -1 -1000 -1000 -1000 -10 0.0014209747314453125
Car -1 -1 -10 53.0 212.0 182.0 364.0 -1 -1 -1 -1000 -1000 -1000 -10 0.0014190673828125
Car -1 -1 -10 1.0 186.0 39.0 246.0 -1 -1 -1 -1000 -1000 -1000 -10 0.0013942718505859375
Car -1 -1 -10 0.0 189.0 19.0 298.0 -1 -1 -1 -1000 -1000 -1000 -10 0.00135040283203125
Car -1 -1 -10 0.0 209.0 140.0 313.0 -1 -1 -1 -1000 -1000 -1000 -10 0.0012235641479492188
Car -1 -1 -10 0.0 174.0 18.0 246.0 -1 -1 -1 -1000 -1000 -1000 -10 0.0012178421020507812
Car -1 -1 -10 0.0 175.0 49.0 250.0 -1 -1 -1 -1000 -1000 -1000 -10 0.0011882781982421875
Car -1 -1 -10 560.0 167.0 630.0 232.0 -1 -1 -1 -1000 -1000 -1000 -10 0.0009598731994628906
Car -1 -1 -10 0.0 200.0 21.0 306.0 -1 -1 -1 -1000 -1000 -1000 -10 0.0008587837219238281
Car -1 -1 -10 0.0 183.0 68.0 271.0 -1 -1 -1 -1000 -1000 -1000 -10 0.0008487701416015625
Car -1 -1 -10 0.0 203.0 57.0 342.0 -1 -1 -1 -1000 -1000 -1000 -10 0.0007867813110351562
Car -1 -1 -10 0.0 194.0 39.0 255.0 -1 -1 -1 -1000 -1000 -1000 -10 0.0007190704345703125
Car -1 -1 -10 0.0 186.0 155.0 253.0 -1 -1 -1 -1000 -1000 -1000 -10 0.0007176399230957031
Car -1 -1 -10 0.0 179.0 70.0 254.0 -1 -1 -1 -1000 -1000 -1000 -10 0.0006666183471679688
Car -1 -1 -10 0.0 187.0 160.0 275.0 -1 -1 -1 -1000 -1000 -1000 -10 0.0006656646728515625
Car -1 -1 -10 512.0 179.0 550.0 205.0 -1 -1 -1 -1000 -1000 -1000 -10 0.000640869140625
Car -1 -1 -10 0.0 209.0 98.0 315.0 -1 -1 -1 -1000 -1000 -1000 -10 0.0006380081176757812
Car -1 -1 -10 312.0 181.0 362.0 220.0 -1 -1 -1 -1000 -1000 -1000 -10 0.0006232261657714844
Car -1 -1 -10 308.0 180.0 358.0 215.0 -1 -1 -1 -1000 -1000 -1000 -10 0.0006079673767089844
Car -1 -1 -10 22.0 190.0 171.0 324.0 -1 -1 -1 -1000 -1000 -1000 -10 0.0006079673767089844
Car -1 -1 -10 0.0 181.0 17.0 238.0 -1 -1 -1 -1000 -1000 -1000 -10 0.0005869865417480469
Car -1 -1 -10 68.0 215.0 195.0 358.0 -1 -1 -1 -1000 -1000 -1000 -10 0.0005059242248535156
Car -1 -1 -10 266.0 142.0 425.0 253.0 -1 -1 -1 -1000 -1000 -1000 -10 0.0004944801330566406
Car -1 -1 -10 0.0 192.0 18.0 252.0 -1 -1 -1 -1000 -1000 -1000 -10 0.00047206878662109375
Car -1 -1 -10 0.0 208.0 18.0 315.0 -1 -1 -1 -1000 -1000 -1000 -10 0.00044608116149902344
Car -1 -1 -10 2.0 216.0 156.0 373.0 -1 -1 -1 -1000 -1000 -1000 -10 0.0004439353942871094
Car -1 -1 -10 2.0 181.0 40.0 237.0 -1 -1 -1 -1000 -1000 -1000 -10 0.0004162788391113281
Car -1 -1 -10 0.0 186.0 108.0 316.0 -1 -1 -1 -1000 -1000 -1000 -10 0.0004153251647949219
Car -1 -1 -10 276.0 159.0 361.0 220.0 -1 -1 -1 -1000 -1000 -1000 -10 0.00036454200744628906
Car -1 -1 -10 300.0 179.0 382.0 228.0 -1 -1 -1 -1000 -1000 -1000 -10 0.0003407001495361328
Car -1 -1 -10 1.0 200.0 31.0 265.0 -1 -1 -1 -1000 -1000 -1000 -10 0.0003294944763183594
Car -1 -1 -10 235.0 141.0 421.0 275.0 -1 -1 -1 -1000 -1000 -1000 -10 0.0003190040588378906
Car -1 -1 -10 522.0 136.0 675.0 245.0 -1 -1 -1 -1000 -1000 -1000 -10 0.00031828880310058594
Car -1 -1 -10 532.0 174.0 560.0 199.0 -1 -1 -1 -1000 -1000 -1000 -10 0.0002994537353515625
Car -1 -1 -10 20.0 202.0 169.0 354.0 -1 -1 -1 -1000 -1000 -1000 -10 0.0002918243408203125
Car -1 -1 -10 509.0 135.0 686.0 271.0 -1 -1 -1 -1000 -1000 -1000 -10 0.0002911090850830078
Car -1 -1 -10 518.0 173.0 558.0 209.0 -1 -1 -1 -1000 -1000 -1000 -10 0.00028252601623535156
Car -1 -1 -10 229.0 120.0 404.0 246.0 -1 -1 -1 -1000 -1000 -1000 -10 0.0002777576446533203
Car -1 -1 -10 294.0 171.0 382.0 221.0 -1 -1 -1 -1000 -1000 -1000 -10 0.00027298927307128906
Car -1 -1 -10 319.0 180.0 369.0 223.0 -1 -1 -1 -1000 -1000 -1000 -10 0.0002567768096923828
Car -1 -1 -10 513.0 176.0 548.0 201.0 -1 -1 -1 -1000 -1000 -1000 -10 0.0002532005310058594
Car -1 -1 -10 0.0 218.0 26.0 372.0 -1 -1 -1 -1000 -1000 -1000 -10 0.00024580955505371094
Car -1 -1 -10 544.0 171.0 575.0 199.0 -1 -1 -1 -1000 -1000 -1000 -10 0.0002105236053466797
Car -1 -1 -10 256.0 139.0 438.0 274.0 -1 -1 -1 -1000 -1000 -1000 -10 0.00021016597747802734
Car -1 -1 -10 0.0 174.0 71.0 244.0 -1 -1 -1 -1000 -1000 -1000 -10 0.00020706653594970703
Car -1 -1 -10 1.0 200.0 17.0 262.0 -1 -1 -1 -1000 -1000 -1000 -10 0.00017178058624267578
Car -1 -1 -10 491.0 137.0 666.0 268.0 -1 -1 -1 -1000 -1000 -1000 -10 0.00015497207641601562
Car -1 -1 -10 279.0 170.0 336.0 204.0 -1 -1 -1 -1000 -1000 -1000 -10 0.00014138221740722656
Car -1 -1 -10 2.0 203.0 103.0 348.0 -1 -1 -1 -1000 -1000 -1000 -10 0.0001373291015625
Car -1 -1 -10 0.0 178.0 102.0 299.0 -1 -1 -1 -1000 -1000 -1000 -10 0.0001289844512939453
Car -1 -1 -10 277.0 176.0 347.0 213.0 -1 -1 -1 -1000 -1000 -1000 -10 0.00012803077697753906
Car -1 -1 -10 0.0 212.0 17.0 334.0 -1 -1 -1 -1000 -1000 -1000 -10 0.0001245737075805664
Car -1 -1 -10 0.0 223.0 57.0 370.0 -1 -1 -1 -1000 -1000 -1000 -10 0.00012159347534179688
Car -1 -1 -10 0.0 165.0 48.0 239.0 -1 -1 -1 -1000 -1000 -1000 -10 0.00012135505676269531
Car -1 -1 -10 4.0 220.0 111.0 372.0 -1 -1 -1 -1000 -1000 -1000 -10 0.00011342763900756836
Car -1 -1 -10 272.0 176.0 340.0 211.0 -1 -1 -1 -1000 -1000 -1000 -10 0.00010377168655395508
