Car -1 -1 -10 187.0 183.0 430.0 341.0 -1 -1 -1 -1000 -1000 -1000 -10 0.9697265625
Car -1 -1 -10 506.0 181.0 550.0 217.0 -1 -1 -1 -1000 -1000 -1000 -10 0.95654296875
Cyclist -1 -1 -10 373.0 185.0 397.0 218.0 -1 -1 -1 -1000 -1000 -1000 -10 0.77490234375
Cyclist -1 -1 -10 377.0 185.0 399.0 216.0 -1 -1 -1 -1000 -1000 -1000 -10 0.58447265625
Cyclist -1 -1 -10 370.0 185.0 392.0 216.0 -1 -1 -1 -1000 -1000 -1000 -10 0.1954345703125
Cyclist -1 -1 -10 380.0 184.0 402.0 214.0 -1 -1 -1 -1000 -1000 -1000 -10 0.040924072265625
Cyclist -1 -1 -10 331.0 185.0 352.0 219.0 -1 -1 -1 -1000 -1000 -1000 -10 0.0213470458984375
Cyclist -1 -1 -10 375.0 187.0 398.0 220.0 -1 -1 -1 -1000 -1000 -1000 -10 0.0210418701171875
Cyclist -1 -1 -10 370.0 188.0 393.0 220.0 -1 -1 -1 -1000 -1000 -1000 -10 0.0125732421875
Cyclist -1 -1 -10 335.0 187.0 354.0 220.0 -1 -1 -1 -1000 -1000 -1000 -10 0.01239776611328125
Cyclist -1 -1 -10 372.0 182.0 398.0 221.0 -1 -1 -1 -1000 -1000 -1000 -10 0.01190948486328125
Cyclist -1 -1 -10 390.0 186.0 410.0 215.0 -1 -1 -1 -1000 -1000 -1000 -10 0.0110931396484375
Cyclist -1 -1 -10 377.0 183.0 398.0 212.0 -1 -1 -1 -1000 -1000 -1000 -10 0.0083770751953125
Cyclist -1 -1 -10 367.0 186.0 387.0 217.0 -1 -1 -1 -1000 -1000 -1000 -10 0.008056640625
Cyclist -1 -1 -10 386.0 185.0 405.0 215.0 -1 -1 -1 -1000 -1000 -1000 -10 0.007198333740234375
Cyclist -1 -1 -10 368.0 184.0 393.0 222.0 -1 -1 -1 -1000 -1000 -1000 -10 0.00536346435546875
Cyclist -1 -1 -10 391.0 183.0 410.0 211.0 -1 -1 -1 -1000 -1000 -1000 -10 0.0023937225341796875
Cyclist -1 -1 -10 387.0 182.0 406.0 211.0 -1 -1 -1 -1000 -1000 -1000 -10 0.0018701553344726562
Cyclist -1 -1 -10 343.0 185.0 364.0 217.0 -1 -1 -1 -1000 -1000 -1000 -10 0.0015172958374023438
Cyclist -1 -1 -10 332.0 187.0 355.0 220.0 -1 -1 -1 -1000 -1000 -1000 -10 0.0014848709106445312
Car -1 -1 -10 497.0 167.0 554.0 231.0 -1 -1 -1 -1000 -1000 -1000 -10 0.0013895034790039062
Car -1 -1 -10 503.0 168.0 567.0 234.0 -1 -1 -1 -1000 -1000 -1000 -10 0.0012722015380859375
Cyclist -1 -1 -10 329.0 186.0 353.0 224.0 -1 -1 -1 -1000 -1000 -1000 -10 0.001140594482421875
Cyclist -1 -1 -10 325.0 185.0 349.0 221.0 -1 -1 -1 -1000 -1000 -1000 -10 0.0010042190551757812
Cyclist -1 -1 -10 384.0 189.0 404.0 219.0 -1 -1 -1 -1000 -1000 -1000 -10 0.0009732246398925781
Car -1 -1 -10 242.0 187.0 366.0 330.0 -1 -1 -1 -1000 -1000 -1000 -10 0.0009546279907226562
Cyclist -1 -1 -10 385.0 183.0 408.0 210.0 -1 -1 -1 -1000 -1000 -1000 -10 0.0005521774291992188
Car -1 -1 -10 441.0 129.0 595.0 245.0 -1 -1 -1 -1000 -1000 -1000 -10 0.0004949569702148438
Cyclist -1 -1 -10 322.0 185.0 343.0 223.0 -1 -1 -1 -1000 -1000 -1000 -10 0.0004756450653076172
Cyclist -1 -1 -10 335.0 184.0 356.0 214.0 -1 -1 -1 -1000 -1000 -1000 -10 0.00045609474182128906
Car -1 -1 -10 474.0 136.0 620.0 276.0 -1 -1 -1 -1000 -1000 -1000 -10 0.0004553794860839844
Cyclist -1 -1 -10 0.0 198.0 23.0 359.0 -1 -1 -1 -1000 -1000 -1000 -10 0.00044345855712890625
Car -1 -1 -10 436.0 133.0 601.0 276.0 -1 -1 -1 -1000 -1000 -1000 -10 0.00041365623474121094
Cyclist -1 -1 -10 330.0 183.0 356.0 226.0 -1 -1 -1 -1000 -1000 -1000 -10 0.00041031837463378906
Cyclist -1 -1 -10 365.0 183.0 386.0 214.0 -1 -1 -1 -1000 -1000 -1000 -10 0.0003914833068847656
Cyclist -1 -1 -10 0.0 192.0 22.0 338.0 -1 -1 -1 -1000 -1000 -1000 -10 0.0003643035888671875
Cyclist -1 -1 -10 0.0 184.0 25.0 345.0 -1 -1 -1 -1000 -1000 -1000 -10 0.0002758502960205078
Cyclist -1 -1 -10 0.0 188.0 33.0 375.0 -1 -1 -1 -1000 -1000 -1000 -10 0.00023043155670166016
Cyclist -1 -1 -10 374.0 178.0 398.0 216.0 -1 -1 -1 -1000 -1000 -1000 -10 0.00020647048950195312
Cyclist -1 -1 -10 332.0 183.0 353.0 214.0 -1 -1 -1 -1000 -1000 -1000 -10 0.00015342235565185547
Cyclist -1 -1 -10 320.0 183.0 350.0 226.0 -1 -1 -1 -1000 -1000 -1000 -10 0.0001506805419921875
Car -1 -1 -10 0.0 207.0 23.0 375.0 -1 -1 -1 -1000 -1000 -1000 -10 0.0001475811004638672
Cyclist -1 -1 -10 319.0 186.0 343.0 228.0 -1 -1 -1 -1000 -1000 -1000 -10 0.00013768672943115234
Cyclist -1 -1 -10 0.0 176.0 34.0 351.0 -1 -1 -1 -1000 -1000 -1000 -10 0.0001322031021118164
Cyclist -1 -1 -10 380.0 181.0 406.0 223.0 -1 -1 -1 -1000 -1000 -1000 -10 0.0001232624053955078
Cyclist -1 -1 -10 398.0 184.0 418.0 210.0 -1 -1 -1 -1000 -1000 -1000 -10 0.00011479854583740234
