Car -1 -1 -10 781.0 191.0 1095.0 371.0 -1 -1 -1 -1000 -1000 -1000 -10 0.966796875
Car -1 -1 -10 634.0 188.0 956.0 329.0 -1 -1 -1 -1000 -1000 -1000 -10 0.962890625
Car -1 -1 -10 340.0 177.0 520.0 255.0 -1 -1 -1 -1000 -1000 -1000 -10 0.96240234375
Car -1 -1 -10 425.0 189.0 637.0 272.0 -1 -1 -1 -1000 -1000 -1000 -10 0.9609375
Car -1 -1 -10 0.0 197.0 29.0 236.0 -1 -1 -1 -1000 -1000 -1000 -10 0.712890625
Car -1 -1 -10 0.0 196.0 34.0 235.0 -1 -1 -1 -1000 -1000 -1000 -10 0.1292724609375
Cyclist -1 -1 -10 194.0 186.0 218.0 233.0 -1 -1 -1 -1000 -1000 -1000 -10 0.0242462158203125
Car -1 -1 -10 0.0 192.0 29.0 234.0 -1 -1 -1 -1000 -1000 -1000 -10 0.0167999267578125
Car -1 -1 -10 0.0 197.0 41.0 234.0 -1 -1 -1 -1000 -1000 -1000 -10 0.0135955810546875
Car -1 -1 -10 0.0 191.0 19.0 233.0 -1 -1 -1 -1000 -1000 -1000 -10 0.0025691986083984375
Car -1 -1 -10 462.0 192.0 596.0 267.0 -1 -1 -1 -1000 -1000 -1000 -10 0.00150299072265625
Car -1 -1 -10 420.0 182.0 640.0 284.0 -1 -1 -1 -1000 -1000 -1000 -10 0.0014677047729492188
Car -1 -1 -10 0.0 189.0 40.0 238.0 -1 -1 -1 -1000 -1000 -1000 -10 0.0012826919555664062
Cyclist -1 -1 -10 1221.0 171.0 1242.0 344.0 -1 -1 -1 -1000 -1000 -1000 -10 0.0010728836059570312
Car -1 -1 -10 0.0 202.0 36.0 241.0 -1 -1 -1 -1000 -1000 -1000 -10 0.0008654594421386719
Cyclist -1 -1 -10 1223.0 182.0 1242.0 368.0 -1 -1 -1 -1000 -1000 -1000 -10 0.0007839202880859375
Car -1 -1 -10 335.0 167.0 524.0 263.0 -1 -1 -1 -1000 -1000 -1000 -10 0.0007638931274414062
Cyclist -1 -1 -10 1217.0 166.0 1242.0 348.0 -1 -1 -1 -1000 -1000 -1000 -10 0.0007619857788085938
Pedestrian -1 -1 -10 1220.0 140.0 1242.0 302.0 -1 -1 -1 -1000 -1000 -1000 -10 0.0006527900695800781
Cyclist -1 -1 -10 1218.0 174.0 1242.0 375.0 -1 -1 -1 -1000 -1000 -1000 -10 0.0005941390991210938
Car -1 -1 -10 0.0 205.0 28.0 243.0 -1 -1 -1 -1000 -1000 -1000 -10 0.0004286766052246094
Cyclist -1 -1 -10 1216.0 156.0 1242.0 327.0 -1 -1 -1 -1000 -1000 -1000 -10 0.00038933753967285156
Pedestrian -1 -1 -10 1215.0 135.0 1242.0 307.0 -1 -1 -1 -1000 -1000 -1000 -10 0.0003821849822998047
Car -1 -1 -10 1.0 197.0 60.0 232.0 -1 -1 -1 -1000 -1000 -1000 -10 0.0003726482391357422
Cyclist -1 -1 -10 190.0 188.0 211.0 231.0 -1 -1 -1 -1000 -1000 -1000 -10 0.0003712177276611328
Car -1 -1 -10 1.0 200.0 63.0 236.0 -1 -1 -1 -1000 -1000 -1000 -10 0.0003581047058105469
Car -1 -1 -10 1219.0 123.0 1242.0 282.0 -1 -1 -1 -1000 -1000 -1000 -10 0.0003504753112792969
Car -1 -1 -10 1.0 191.0 37.0 231.0 -1 -1 -1 -1000 -1000 -1000 -10 0.0003495216369628906
Car -1 -1 -10 1213.0 183.0 1241.0 375.0 -1 -1 -1 -1000 -1000 -1000 -10 0.00034332275390625
Car -1 -1 -10 871.0 201.0 990.0 354.0 -1 -1 -1 -1000 -1000 -1000 -10 0.00032711029052734375
Cyclist -1 -1 -10 1211.0 144.0 1242.0 333.0 -1 -1 -1 -1000 -1000 -1000 -10 0.00032258033752441406
Pedestrian -1 -1 -10 1209.0 128.0 1241.0 313.0 -1 -1 -1 -1000 -1000 -1000 -10 0.0003197193145751953
Cyclist -1 -1 -10 1228.0 212.0 1242.0 335.0 -1 -1 -1 -1000 -1000 -1000 -10 0.0003135204315185547
Car -1 -1 -10 1220.0 125.0 1242.0 206.0 -1 -1 -1 -1000 -1000 -1000 -10 0.00030612945556640625
Car -1 -1 -10 1219.0 129.0 1242.0 228.0 -1 -1 -1 -1000 -1000 -1000 -10 0.0002472400665283203
Cyclist -1 -1 -10 1213.0 173.0 1242.0 345.0 -1 -1 -1 -1000 -1000 -1000 -10 0.00023317337036132812
Car -1 -1 -10 1222.0 201.0 1242.0 375.0 -1 -1 -1 -1000 -1000 -1000 -10 0.00021696090698242188
Car -1 -1 -10 1210.0 132.0 1242.0 217.0 -1 -1 -1 -1000 -1000 -1000 -10 0.00021064281463623047
Car -1 -1 -10 1214.0 121.0 1242.0 212.0 -1 -1 -1 -1000 -1000 -1000 -10 0.00020742416381835938
Cyclist -1 -1 -10 1228.0 184.0 1242.0 307.0 -1 -1 -1 -1000 -1000 -1000 -10 0.00018310546875
Pedestrian -1 -1 -10 1228.0 165.0 1242.0 284.0 -1 -1 -1 -1000 -1000 -1000 -10 0.00017952919006347656
Car -1 -1 -10 1214.0 125.0 1241.0 233.0 -1 -1 -1 -1000 -1000 -1000 -10 0.00017690658569335938
Pedestrian -1 -1 -10 1214.0 162.0 1242.0 286.0 -1 -1 -1 -1000 -1000 -1000 -10 0.00015938282012939453
Car -1 -1 -10 984.0 235.0 1187.0 375.0 -1 -1 -1 -1000 -1000 -1000 -10 0.00014579296112060547
Car -1 -1 -10 1211.0 126.0 1242.0 207.0 -1 -1 -1 -1000 -1000 -1000 -10 0.00014543533325195312
Car -1 -1 -10 1223.0 111.0 1242.0 176.0 -1 -1 -1 -1000 -1000 -1000 -10 0.00014269351959228516
Car -1 -1 -10 1210.0 209.0 1242.0 375.0 -1 -1 -1 -1000 -1000 -1000 -10 0.00013887882232666016
Car -1 -1 -10 805.0 190.0 1093.0 344.0 -1 -1 -1 -1000 -1000 -1000 -10 0.00013875961303710938
Car -1 -1 -10 1217.0 193.0 1242.0 375.0 -1 -1 -1 -1000 -1000 -1000 -10 0.00013530254364013672
Car -1 -1 -10 0.0 198.0 37.0 248.0 -1 -1 -1 -1000 -1000 -1000 -10 0.0001327991485595703
Cyclist -1 -1 -10 181.0 186.0 227.0 229.0 -1 -1 -1 -1000 -1000 -1000 -10 0.0001271963119506836
Cyclist -1 -1 -10 1220.0 206.0 1242.0 340.0 -1 -1 -1 -1000 -1000 -1000 -10 0.00012695789337158203
Car -1 -1 -10 1206.0 127.0 1241.0 226.0 -1 -1 -1 -1000 -1000 -1000 -10 0.000125885009765625
Car -1 -1 -10 1223.0 132.0 1241.0 214.0 -1 -1 -1 -1000 -1000 -1000 -10 0.00011616945266723633
Cyclist -1 -1 -10 1215.0 170.0 1242.0 296.0 -1 -1 -1 -1000 -1000 -1000 -10 0.00010055303573608398
