Car -1 -1 -10 271.0 191.0 432.0 247.0 -1 -1 -1 -1000 -1000 -1000 -10 0.958984375
Car -1 -1 -10 491.0 181.0 537.0 200.0 -1 -1 -1 -1000 -1000 -1000 -10 0.8740234375
Car -1 -1 -10 0.0 194.0 25.0 276.0 -1 -1 -1 -1000 -1000 -1000 -10 0.11407470703125
Car -1 -1 -10 491.0 183.0 538.0 203.0 -1 -1 -1 -1000 -1000 -1000 -10 0.0343017578125
Car -1 -1 -10 0.0 182.0 28.0 277.0 -1 -1 -1 -1000 -1000 -1000 -10 0.02423095703125
Car -1 -1 -10 0.0 203.0 22.0 280.0 -1 -1 -1 -1000 -1000 -1000 -10 0.01326751708984375
Car -1 -1 -10 496.0 181.0 541.0 199.0 -1 -1 -1 -1000 -1000 -1000 -10 0.0110015869140625
Car -1 -1 -10 1.0 202.0 24.0 266.0 -1 -1 -1 -1000 -1000 -1000 -10 0.006946563720703125
Car -1 -1 -10 486.0 181.0 532.0 199.0 -1 -1 -1 -1000 -1000 -1000 -10 0.0058135986328125
Car -1 -1 -10 0.0 189.0 33.0 278.0 -1 -1 -1 -1000 -1000 -1000 -10 0.005802154541015625
Car -1 -1 -10 0.0 181.0 23.0 279.0 -1 -1 -1 -1000 -1000 -1000 -10 0.004974365234375
Car -1 -1 -10 503.0 181.0 543.0 199.0 -1 -1 -1 -1000 -1000 -1000 -10 0.0014085769653320312
Car -1 -1 -10 483.0 182.0 525.0 200.0 -1 -1 -1 -1000 -1000 -1000 -10 0.001232147216796875
Car -1 -1 -10 483.0 183.0 519.0 201.0 -1 -1 -1 -1000 -1000 -1000 -10 0.0010156631469726562
Car -1 -1 -10 1.0 202.0 32.0 263.0 -1 -1 -1 -1000 -1000 -1000 -10 0.0008740425109863281
Car -1 -1 -10 0.0 206.0 20.0 287.0 -1 -1 -1 -1000 -1000 -1000 -10 0.000827789306640625
Car -1 -1 -10 0.0 143.0 24.0 283.0 -1 -1 -1 -1000 -1000 -1000 -10 0.0007352828979492188
Car -1 -1 -10 337.0 196.0 375.0 240.0 -1 -1 -1 -1000 -1000 -1000 -10 0.0007061958312988281
Car -1 -1 -10 487.0 176.0 539.0 206.0 -1 -1 -1 -1000 -1000 -1000 -10 0.0005860328674316406
Car -1 -1 -10 0.0 190.0 39.0 276.0 -1 -1 -1 -1000 -1000 -1000 -10 0.0005259513854980469
Car -1 -1 -10 246.0 166.0 461.0 291.0 -1 -1 -1 -1000 -1000 -1000 -10 0.0005164146423339844
Car -1 -1 -10 0.0 206.0 28.0 289.0 -1 -1 -1 -1000 -1000 -1000 -10 0.0003998279571533203
Car -1 -1 -10 495.0 184.0 540.0 202.0 -1 -1 -1 -1000 -1000 -1000 -10 0.00039315223693847656
Car -1 -1 -10 489.0 179.0 540.0 210.0 -1 -1 -1 -1000 -1000 -1000 -10 0.0003712177276611328
Car -1 -1 -10 0.0 217.0 19.0 277.0 -1 -1 -1 -1000 -1000 -1000 -10 0.0003619194030761719
Car -1 -1 -10 249.0 154.0 456.0 278.0 -1 -1 -1 -1000 -1000 -1000 -10 0.0003039836883544922
Car -1 -1 -10 1.0 196.0 27.0 261.0 -1 -1 -1 -1000 -1000 -1000 -10 0.0002872943878173828
Car -1 -1 -10 617.0 178.0 634.0 192.0 -1 -1 -1 -1000 -1000 -1000 -10 0.00026345252990722656
Car -1 -1 -10 0.0 216.0 14.0 301.0 -1 -1 -1 -1000 -1000 -1000 -10 0.00021076202392578125
Car -1 -1 -10 0.0 120.0 41.0 290.0 -1 -1 -1 -1000 -1000 -1000 -10 0.0001856088638305664
Car -1 -1 -10 618.0 177.0 637.0 192.0 -1 -1 -1 -1000 -1000 -1000 -10 0.0001767873764038086
Car -1 -1 -10 0.0 220.0 19.0 375.0 -1 -1 -1 -1000 -1000 -1000 -10 0.00016438961029052734
Car -1 -1 -10 0.0 199.0 16.0 356.0 -1 -1 -1 -1000 -1000 -1000 -10 0.0001577138900756836
Car -1 -1 -10 1.0 216.0 24.0 277.0 -1 -1 -1 -1000 -1000 -1000 -10 0.0001456737518310547
Car -1 -1 -10 328.0 194.0 370.0 243.0 -1 -1 -1 -1000 -1000 -1000 -10 0.00013911724090576172
Car -1 -1 -10 1046.0 78.0 1086.0 113.0 -1 -1 -1 -1000 -1000 -1000 -10 0.000125885009765625
Car -1 -1 -10 0.0 162.0 26.0 272.0 -1 -1 -1 -1000 -1000 -1000 -10 0.00011491775512695312
Car -1 -1 -10 0.0 196.0 22.0 261.0 -1 -1 -1 -1000 -1000 -1000 -10 0.0001087188720703125
Car -1 -1 -10 489.0 185.0 528.0 203.0 -1 -1 -1 -1000 -1000 -1000 -10 0.00010752677917480469
