Car -1 -1 -10 348.0 156.0 456.0 245.0 -1 -1 -1 -1000 -1000 -1000 -10 0.9619140625
Car -1 -1 -10 127.0 198.0 242.0 253.0 -1 -1 -1 -1000 -1000 -1000 -10 0.95263671875
Car -1 -1 -10 496.0 186.0 553.0 209.0 -1 -1 -1 -1000 -1000 -1000 -10 0.0009603500366210938
Car -1 -1 -10 340.0 150.0 462.0 252.0 -1 -1 -1 -1000 -1000 -1000 -10 0.0006146430969238281
Car -1 -1 -10 94.0 170.0 276.0 300.0 -1 -1 -1 -1000 -1000 -1000 -10 0.0005383491516113281
Pedestrian -1 -1 -10 626.0 0.0 687.0 42.0 -1 -1 -1 -1000 -1000 -1000 -10 0.0005345344543457031
Car -1 -1 -10 99.0 162.0 270.0 279.0 -1 -1 -1 -1000 -1000 -1000 -10 0.0003974437713623047
Car -1 -1 -10 0.0 186.0 22.0 375.0 -1 -1 -1 -1000 -1000 -1000 -10 0.00021755695343017578
Car -1 -1 -10 0.0 247.0 22.0 375.0 -1 -1 -1 -1000 -1000 -1000 -10 0.0001647472381591797
Car -1 -1 -10 156.0 202.0 204.0 248.0 -1 -1 -1 -1000 -1000 -1000 -10 0.00015652179718017578
Pedestrian -1 -1 -10 563.0 0.0 627.0 27.0 -1 -1 -1 -1000 -1000 -1000 -10 0.0001327991485595703
Car -1 -1 -10 163.0 201.0 211.0 243.0 -1 -1 -1 -1000 -1000 -1000 -10 0.00012767314910888672
Car -1 -1 -10 0.0 173.0 26.0 375.0 -1 -1 -1 -1000 -1000 -1000 -10 0.0001233816146850586
Car -1 -1 -10 0.0 220.0 26.0 375.0 -1 -1 -1 -1000 -1000 -1000 -10 0.00010573863983154297
Car -1 -1 -10 490.0 185.0 550.0 212.0 -1 -1 -1 -1000 -1000 -1000 -10 0.00010484457015991211
