Car -1 -1 -10 1.0 142.0 282.0 307.0 -1 -1 -1 -1000 -1000 -1000 -10 0.96337890625
Car -1 -1 -10 896.0 184.0 1241.0 331.0 -1 -1 -1 -1000 -1000 -1000 -10 0.96337890625
Car -1 -1 -10 1071.0 187.0 1242.0 375.0 -1 -1 -1 -1000 -1000 -1000 -10 0.9599609375
Car -1 -1 -10 629.0 179.0 686.0 220.0 -1 -1 -1 -1000 -1000 -1000 -10 0.95947265625
Car -1 -1 -10 0.0 178.0 184.0 356.0 -1 -1 -1 -1000 -1000 -1000 -10 0.95751953125
Car -1 -1 -10 790.0 169.0 1031.0 270.0 -1 -1 -1 -1000 -1000 -1000 -10 0.94970703125
Car -1 -1 -10 811.0 186.0 1120.0 289.0 -1 -1 -1 -1000 -1000 -1000 -10 0.9443359375
Car -1 -1 -10 276.0 182.0 442.0 236.0 -1 -1 -1 -1000 -1000 -1000 -10 0.94287109375
Car -1 -1 -10 616.0 177.0 647.0 202.0 -1 -1 -1 -1000 -1000 -1000 -10 0.93896484375
Cyclist -1 -1 -10 452.0 177.0 487.0 249.0 -1 -1 -1 -1000 -1000 -1000 -10 0.92724609375
Car -1 -1 -10 328.0 180.0 466.0 228.0 -1 -1 -1 -1000 -1000 -1000 -10 0.9267578125
Car -1 -1 -10 600.0 166.0 617.0 186.0 -1 -1 -1 -1000 -1000 -1000 -10 0.87939453125
Car -1 -1 -10 439.0 177.0 502.0 204.0 -1 -1 -1 -1000 -1000 -1000 -10 0.2451171875
Cyclist -1 -1 -10 451.0 178.0 491.0 236.0 -1 -1 -1 -1000 -1000 -1000 -10 0.1512451171875
Car -1 -1 -10 449.0 178.0 496.0 209.0 -1 -1 -1 -1000 -1000 -1000 -10 0.1097412109375
Car -1 -1 -10 445.0 177.0 499.0 207.0 -1 -1 -1 -1000 -1000 -1000 -10 0.054779052734375
Car -1 -1 -10 447.0 176.0 507.0 205.0 -1 -1 -1 -1000 -1000 -1000 -10 0.02349853515625
Car -1 -1 -10 788.0 175.0 1067.0 278.0 -1 -1 -1 -1000 -1000 -1000 -10 0.0198822021484375
Car -1 -1 -10 299.0 181.0 460.0 231.0 -1 -1 -1 -1000 -1000 -1000 -10 0.0104827880859375
Car -1 -1 -10 430.0 177.0 495.0 204.0 -1 -1 -1 -1000 -1000 -1000 -10 0.006168365478515625
Cyclist -1 -1 -10 444.0 178.0 496.0 223.0 -1 -1 -1 -1000 -1000 -1000 -10 0.00437164306640625
Car -1 -1 -10 0.0 197.0 25.0 371.0 -1 -1 -1 -1000 -1000 -1000 -10 0.004024505615234375
Car -1 -1 -10 441.0 177.0 489.0 204.0 -1 -1 -1 -1000 -1000 -1000 -10 0.0038433074951171875
Car -1 -1 -10 1210.0 190.0 1242.0 373.0 -1 -1 -1 -1000 -1000 -1000 -10 0.003017425537109375
Car -1 -1 -10 314.0 186.0 462.0 232.0 -1 -1 -1 -1000 -1000 -1000 -10 0.0025997161865234375
Car -1 -1 -10 1215.0 210.0 1242.0 373.0 -1 -1 -1 -1000 -1000 -1000 -10 0.0023651123046875
Car -1 -1 -10 433.0 175.0 490.0 210.0 -1 -1 -1 -1000 -1000 -1000 -10 0.002307891845703125
Car -1 -1 -10 0.0 177.0 290.0 310.0 -1 -1 -1 -1000 -1000 -1000 -10 0.002166748046875
Car -1 -1 -10 5.0 150.0 248.0 321.0 -1 -1 -1 -1000 -1000 -1000 -10 0.0019216537475585938
Car -1 -1 -10 453.0 175.0 507.0 211.0 -1 -1 -1 -1000 -1000 -1000 -10 0.001491546630859375
Car -1 -1 -10 1197.0 191.0 1242.0 373.0 -1 -1 -1 -1000 -1000 -1000 -10 0.001377105712890625
Car -1 -1 -10 0.0 240.0 17.0 369.0 -1 -1 -1 -1000 -1000 -1000 -10 0.0013494491577148438
Car -1 -1 -10 628.0 178.0 673.0 213.0 -1 -1 -1 -1000 -1000 -1000 -10 0.0013370513916015625
Car -1 -1 -10 598.0 166.0 619.0 186.0 -1 -1 -1 -1000 -1000 -1000 -10 0.0011577606201171875
Car -1 -1 -10 0.0 218.0 38.0 374.0 -1 -1 -1 -1000 -1000 -1000 -10 0.001079559326171875
Car -1 -1 -10 0.0 196.0 43.0 366.0 -1 -1 -1 -1000 -1000 -1000 -10 0.001071929931640625
Car -1 -1 -10 625.0 166.0 689.0 233.0 -1 -1 -1 -1000 -1000 -1000 -10 0.0008997917175292969
Car -1 -1 -10 434.0 172.0 503.0 212.0 -1 -1 -1 -1000 -1000 -1000 -10 0.0007853507995605469
Car -1 -1 -10 418.0 178.0 494.0 214.0 -1 -1 -1 -1000 -1000 -1000 -10 0.0007638931274414062
Car -1 -1 -10 0.0 238.0 24.0 370.0 -1 -1 -1 -1000 -1000 -1000 -10 0.00074005126953125
Car -1 -1 -10 277.0 188.0 436.0 239.0 -1 -1 -1 -1000 -1000 -1000 -10 0.0007119178771972656
Car -1 -1 -10 345.0 181.0 475.0 226.0 -1 -1 -1 -1000 -1000 -1000 -10 0.00066375732421875
Car -1 -1 -10 626.0 169.0 688.0 225.0 -1 -1 -1 -1000 -1000 -1000 -10 0.0006403923034667969
Car -1 -1 -10 271.0 178.0 445.0 243.0 -1 -1 -1 -1000 -1000 -1000 -10 0.0006108283996582031
Car -1 -1 -10 615.0 175.0 649.0 209.0 -1 -1 -1 -1000 -1000 -1000 -10 0.0005855560302734375
Cyclist -1 -1 -10 458.0 177.0 495.0 217.0 -1 -1 -1 -1000 -1000 -1000 -10 0.0005474090576171875
Car -1 -1 -10 0.0 181.0 28.0 354.0 -1 -1 -1 -1000 -1000 -1000 -10 0.0005269050598144531
Car -1 -1 -10 1193.0 212.0 1242.0 369.0 -1 -1 -1 -1000 -1000 -1000 -10 0.0005173683166503906
Car -1 -1 -10 424.0 174.0 492.0 202.0 -1 -1 -1 -1000 -1000 -1000 -10 0.00044727325439453125
Car -1 -1 -10 598.0 166.0 612.0 184.0 -1 -1 -1 -1000 -1000 -1000 -10 0.00043272972106933594
Car -1 -1 -10 616.0 182.0 647.0 204.0 -1 -1 -1 -1000 -1000 -1000 -10 0.00041413307189941406
Car -1 -1 -10 582.0 167.0 593.0 180.0 -1 -1 -1 -1000 -1000 -1000 -10 0.0004000663757324219
Car -1 -1 -10 833.0 171.0 978.0 262.0 -1 -1 -1 -1000 -1000 -1000 -10 0.0003941059112548828
Car -1 -1 -10 1190.0 176.0 1242.0 359.0 -1 -1 -1 -1000 -1000 -1000 -10 0.00039315223693847656
Car -1 -1 -10 81.0 152.0 195.0 298.0 -1 -1 -1 -1000 -1000 -1000 -10 0.0003859996795654297
Car -1 -1 -10 873.0 184.0 1164.0 302.0 -1 -1 -1 -1000 -1000 -1000 -10 0.0003447532653808594
Car -1 -1 -10 565.0 132.0 727.0 274.0 -1 -1 -1 -1000 -1000 -1000 -10 0.0003287792205810547
Car -1 -1 -10 323.0 172.0 471.0 232.0 -1 -1 -1 -1000 -1000 -1000 -10 0.0003235340118408203
Cyclist -1 -1 -10 340.0 176.0 481.0 240.0 -1 -1 -1 -1000 -1000 -1000 -10 0.0003058910369873047
Car -1 -1 -10 454.0 176.0 514.0 203.0 -1 -1 -1 -1000 -1000 -1000 -10 0.00029754638671875
Car -1 -1 -10 0.0 258.0 19.0 367.0 -1 -1 -1 -1000 -1000 -1000 -10 0.00027060508728027344
Car -1 -1 -10 575.0 136.0 719.0 243.0 -1 -1 -1 -1000 -1000 -1000 -10 0.0002474784851074219
Car -1 -1 -10 0.0 220.0 17.0 351.0 -1 -1 -1 -1000 -1000 -1000 -10 0.00024211406707763672
Car -1 -1 -10 578.0 168.0 588.0 181.0 -1 -1 -1 -1000 -1000 -1000 -10 0.0002396106719970703
Car -1 -1 -10 597.0 133.0 752.0 275.0 -1 -1 -1 -1000 -1000 -1000 -10 0.00023746490478515625
Car -1 -1 -10 581.0 169.0 592.0 182.0 -1 -1 -1 -1000 -1000 -1000 -10 0.00022411346435546875
Car -1 -1 -10 428.0 174.0 490.0 217.0 -1 -1 -1 -1000 -1000 -1000 -10 0.00022125244140625
Car -1 -1 -10 615.0 175.0 657.0 206.0 -1 -1 -1 -1000 -1000 -1000 -10 0.00021636486053466797
Car -1 -1 -10 905.0 177.0 1231.0 311.0 -1 -1 -1 -1000 -1000 -1000 -10 0.00021338462829589844
Car -1 -1 -10 298.0 143.0 496.0 252.0 -1 -1 -1 -1000 -1000 -1000 -10 0.0001996755599975586
Car -1 -1 -10 472.0 171.0 531.0 197.0 -1 -1 -1 -1000 -1000 -1000 -10 0.0001995563507080078
Car -1 -1 -10 243.0 141.0 474.0 275.0 -1 -1 -1 -1000 -1000 -1000 -10 0.00019037723541259766
Car -1 -1 -10 1172.0 187.0 1241.0 365.0 -1 -1 -1 -1000 -1000 -1000 -10 0.0001690387725830078
Car -1 -1 -10 939.0 194.0 1226.0 334.0 -1 -1 -1 -1000 -1000 -1000 -10 0.00016200542449951172
Car -1 -1 -10 0.0 198.0 65.0 367.0 -1 -1 -1 -1000 -1000 -1000 -10 0.0001571178436279297
Car -1 -1 -10 0.0 180.0 53.0 347.0 -1 -1 -1 -1000 -1000 -1000 -10 0.00015676021575927734
Car -1 -1 -10 456.0 177.0 506.0 203.0 -1 -1 -1 -1000 -1000 -1000 -10 0.00015664100646972656
Car -1 -1 -10 11.0 197.0 280.0 308.0 -1 -1 -1 -1000 -1000 -1000 -10 0.00015401840209960938
Car -1 -1 -10 481.0 173.0 534.0 195.0 -1 -1 -1 -1000 -1000 -1000 -10 0.00015282630920410156
Cyclist -1 -1 -10 440.0 178.0 487.0 246.0 -1 -1 -1 -1000 -1000 -1000 -10 0.0001462697982788086
Car -1 -1 -10 250.0 157.0 467.0 268.0 -1 -1 -1 -1000 -1000 -1000 -10 0.00014531612396240234
Car -1 -1 -10 0.0 257.0 25.0 367.0 -1 -1 -1 -1000 -1000 -1000 -10 0.00014483928680419922
Car -1 -1 -10 374.0 184.0 422.0 218.0 -1 -1 -1 -1000 -1000 -1000 -10 0.0001285076141357422
Car -1 -1 -10 463.0 176.0 531.0 204.0 -1 -1 -1 -1000 -1000 -1000 -10 0.00012445449829101562
Car -1 -1 -10 0.0 216.0 29.0 352.0 -1 -1 -1 -1000 -1000 -1000 -10 0.00012218952178955078
Pedestrian -1 -1 -10 644.0 0.0 666.0 0.0 -1 -1 -1 -1000 -1000 -1000 -10 0.00011515617370605469
Car -1 -1 -10 356.0 182.0 436.0 223.0 -1 -1 -1 -1000 -1000 -1000 -10 0.00011479854583740234
Car -1 -1 -10 1211.0 233.0 1242.0 373.0 -1 -1 -1 -1000 -1000 -1000 -10 0.00011342763900756836
Car -1 -1 -10 268.0 186.0 420.0 235.0 -1 -1 -1 -1000 -1000 -1000 -10 0.00011050701141357422
Car -1 -1 -10 357.0 178.0 471.0 218.0 -1 -1 -1 -1000 -1000 -1000 -10 0.00010961294174194336
Car -1 -1 -10 86.0 151.0 212.0 290.0 -1 -1 -1 -1000 -1000 -1000 -10 0.00010687112808227539
Car -1 -1 -10 580.0 167.0 594.0 180.0 -1 -1 -1 -1000 -1000 -1000 -10 0.00010669231414794922
Car -1 -1 -10 1222.0 239.0 1242.0 371.0 -1 -1 -1 -1000 -1000 -1000 -10 0.0001055002212524414
