Car -1 -1 -10 452.0 187.0 532.0 236.0 -1 -1 -1 -1000 -1000 -1000 -10 0.95361328125
Car -1 -1 -10 389.0 182.0 491.0 216.0 -1 -1 -1 -1000 -1000 -1000 -10 0.93017578125
Car -1 -1 -10 457.0 183.0 532.0 225.0 -1 -1 -1 -1000 -1000 -1000 -10 0.00399017333984375
Car -1 -1 -10 442.0 186.0 527.0 223.0 -1 -1 -1 -1000 -1000 -1000 -10 0.0018815994262695312
Car -1 -1 -10 509.0 177.0 548.0 194.0 -1 -1 -1 -1000 -1000 -1000 -10 0.0018701553344726562
Car -1 -1 -10 451.0 183.0 522.0 206.0 -1 -1 -1 -1000 -1000 -1000 -10 0.0016460418701171875
Car -1 -1 -10 547.0 45.0 565.0 59.0 -1 -1 -1 -1000 -1000 -1000 -10 0.0013637542724609375
Car -1 -1 -10 401.0 182.0 482.0 211.0 -1 -1 -1 -1000 -1000 -1000 -10 0.0012359619140625
Car -1 -1 -10 543.0 43.0 569.0 59.0 -1 -1 -1 -1000 -1000 -1000 -10 0.0008168220520019531
Car -1 -1 -10 415.0 186.0 463.0 209.0 -1 -1 -1 -1000 -1000 -1000 -10 0.0007166862487792969
Car -1 -1 -10 447.0 180.0 519.0 203.0 -1 -1 -1 -1000 -1000 -1000 -10 0.0006666183471679688
Car -1 -1 -10 337.0 130.0 540.0 281.0 -1 -1 -1 -1000 -1000 -1000 -10 0.0005536079406738281
Car -1 -1 -10 502.0 176.0 549.0 195.0 -1 -1 -1 -1000 -1000 -1000 -10 0.000476837158203125
Car -1 -1 -10 483.0 177.0 538.0 199.0 -1 -1 -1 -1000 -1000 -1000 -10 0.0004239082336425781
Car -1 -1 -10 349.0 127.0 532.0 247.0 -1 -1 -1 -1000 -1000 -1000 -10 0.00035834312438964844
Car -1 -1 -10 381.0 168.0 500.0 233.0 -1 -1 -1 -1000 -1000 -1000 -10 0.0003402233123779297
Car -1 -1 -10 449.0 182.0 535.0 246.0 -1 -1 -1 -1000 -1000 -1000 -10 0.00030517578125
Car -1 -1 -10 501.0 180.0 545.0 201.0 -1 -1 -1 -1000 -1000 -1000 -10 0.0002808570861816406
Car -1 -1 -10 395.0 179.0 498.0 218.0 -1 -1 -1 -1000 -1000 -1000 -10 0.00025010108947753906
Car -1 -1 -10 450.0 186.0 530.0 228.0 -1 -1 -1 -1000 -1000 -1000 -10 0.00023376941680908203
Car -1 -1 -10 398.0 160.0 568.0 281.0 -1 -1 -1 -1000 -1000 -1000 -10 0.0001983642578125
Car -1 -1 -10 418.0 140.0 590.0 280.0 -1 -1 -1 -1000 -1000 -1000 -10 0.00016868114471435547
Car -1 -1 -10 455.0 181.0 521.0 201.0 -1 -1 -1 -1000 -1000 -1000 -10 0.00015783309936523438
Car -1 -1 -10 0.0 203.0 17.0 318.0 -1 -1 -1 -1000 -1000 -1000 -10 0.00015556812286376953
Car -1 -1 -10 467.0 189.0 518.0 231.0 -1 -1 -1 -1000 -1000 -1000 -10 0.00012755393981933594
Car -1 -1 -10 0.0 225.0 12.0 326.0 -1 -1 -1 -1000 -1000 -1000 -10 0.00011807680130004883
Car -1 -1 -10 0.0 217.0 18.0 342.0 -1 -1 -1 -1000 -1000 -1000 -10 0.00011277198791503906
