Car -1 -1 -10 35.0 192.0 186.0 253.0 -1 -1 -1 -1000 -1000 -1000 -10 0.9482421875
Car -1 -1 -10 344.0 182.0 396.0 210.0 -1 -1 -1 -1000 -1000 -1000 -10 0.919921875
Car -1 -1 -10 4.0 185.0 149.0 245.0 -1 -1 -1 -1000 -1000 -1000 -10 0.9169921875
Pedestrian -1 -1 -10 726.0 175.0 739.0 212.0 -1 -1 -1 -1000 -1000 -1000 -10 0.82861328125
Pedestrian -1 -1 -10 728.0 175.0 743.0 213.0 -1 -1 -1 -1000 -1000 -1000 -10 0.022674560546875
Car -1 -1 -10 26.0 190.0 177.0 248.0 -1 -1 -1 -1000 -1000 -1000 -10 0.022064208984375
Pedestrian -1 -1 -10 728.0 176.0 741.0 213.0 -1 -1 -1 -1000 -1000 -1000 -10 0.0193328857421875
Car -1 -1 -10 2.0 196.0 126.0 245.0 -1 -1 -1 -1000 -1000 -1000 -10 0.0110626220703125
Car -1 -1 -10 345.0 182.0 389.0 208.0 -1 -1 -1 -1000 -1000 -1000 -10 0.006557464599609375
Car -1 -1 -10 22.0 197.0 166.0 249.0 -1 -1 -1 -1000 -1000 -1000 -10 0.0038967132568359375
Car -1 -1 -10 89.0 193.0 130.0 246.0 -1 -1 -1 -1000 -1000 -1000 -10 0.0021820068359375
Car -1 -1 -10 0.0 195.0 14.0 268.0 -1 -1 -1 -1000 -1000 -1000 -10 0.0021305084228515625
Car -1 -1 -10 343.0 186.0 389.0 210.0 -1 -1 -1 -1000 -1000 -1000 -10 0.002044677734375
Car -1 -1 -10 0.0 197.0 17.0 270.0 -1 -1 -1 -1000 -1000 -1000 -10 0.0015707015991210938
Car -1 -1 -10 0.0 197.0 15.0 284.0 -1 -1 -1 -1000 -1000 -1000 -10 0.0011568069458007812
Pedestrian -1 -1 -10 723.0 174.0 735.0 212.0 -1 -1 -1 -1000 -1000 -1000 -10 0.0010061264038085938
Car -1 -1 -10 0.0 191.0 16.0 251.0 -1 -1 -1 -1000 -1000 -1000 -10 0.0009918212890625
Car -1 -1 -10 0.0 204.0 13.0 259.0 -1 -1 -1 -1000 -1000 -1000 -10 0.0009832382202148438
Car -1 -1 -10 344.0 179.0 394.0 205.0 -1 -1 -1 -1000 -1000 -1000 -10 0.0009484291076660156
Car -1 -1 -10 7.0 180.0 148.0 235.0 -1 -1 -1 -1000 -1000 -1000 -10 0.0008387565612792969
Car -1 -1 -10 0.0 202.0 18.0 300.0 -1 -1 -1 -1000 -1000 -1000 -10 0.0007824897766113281
Pedestrian -1 -1 -10 724.0 174.0 742.0 214.0 -1 -1 -1 -1000 -1000 -1000 -10 0.0007147789001464844
Car -1 -1 -10 342.0 178.0 396.0 213.0 -1 -1 -1 -1000 -1000 -1000 -10 0.0007085800170898438
Pedestrian -1 -1 -10 704.0 174.0 723.0 202.0 -1 -1 -1 -1000 -1000 -1000 -10 0.0006585121154785156
Car -1 -1 -10 0.0 193.0 14.0 252.0 -1 -1 -1 -1000 -1000 -1000 -10 0.0006413459777832031
Car -1 -1 -10 0.0 195.0 24.0 272.0 -1 -1 -1 -1000 -1000 -1000 -10 0.0005955696105957031
Car -1 -1 -10 12.0 172.0 203.0 287.0 -1 -1 -1 -1000 -1000 -1000 -10 0.0005779266357421875
Car -1 -1 -10 0.0 203.0 14.0 297.0 -1 -1 -1 -1000 -1000 -1000 -10 0.0004863739013671875
Car -1 -1 -10 0.0 165.0 170.0 283.0 -1 -1 -1 -1000 -1000 -1000 -10 0.00045371055603027344
Car -1 -1 -10 0.0 197.0 12.0 247.0 -1 -1 -1 -1000 -1000 -1000 -10 0.00039958953857421875
Car -1 -1 -10 54.0 187.0 101.0 237.0 -1 -1 -1 -1000 -1000 -1000 -10 0.00039267539978027344
Car -1 -1 -10 4.0 192.0 93.0 243.0 -1 -1 -1 -1000 -1000 -1000 -10 0.0003883838653564453
Car -1 -1 -10 0.0 189.0 24.0 254.0 -1 -1 -1 -1000 -1000 -1000 -10 0.0003604888916015625
Cyclist -1 -1 -10 1222.0 162.0 1242.0 329.0 -1 -1 -1 -1000 -1000 -1000 -10 0.0003600120544433594
Car -1 -1 -10 0.0 212.0 13.0 268.0 -1 -1 -1 -1000 -1000 -1000 -10 0.0003478527069091797
Car -1 -1 -10 16.0 167.0 195.0 270.0 -1 -1 -1 -1000 -1000 -1000 -10 0.0003464221954345703
Pedestrian -1 -1 -10 695.0 177.0 708.0 202.0 -1 -1 -1 -1000 -1000 -1000 -10 0.00033664703369140625
Car -1 -1 -10 0.0 199.0 24.0 260.0 -1 -1 -1 -1000 -1000 -1000 -10 0.00032973289489746094
Car -1 -1 -10 1217.0 204.0 1242.0 364.0 -1 -1 -1 -1000 -1000 -1000 -10 0.0003292560577392578
Car -1 -1 -10 1217.0 225.0 1242.0 370.0 -1 -1 -1 -1000 -1000 -1000 -10 0.0002923011779785156
Pedestrian -1 -1 -10 726.0 173.0 745.0 218.0 -1 -1 -1 -1000 -1000 -1000 -10 0.0002906322479248047
Cyclist -1 -1 -10 1221.0 186.0 1242.0 338.0 -1 -1 -1 -1000 -1000 -1000 -10 0.0002872943878173828
Car -1 -1 -10 0.0 202.0 24.0 299.0 -1 -1 -1 -1000 -1000 -1000 -10 0.0002741813659667969
Car -1 -1 -10 0.0 187.0 13.0 241.0 -1 -1 -1 -1000 -1000 -1000 -10 0.0002646446228027344
Cyclist -1 -1 -10 1217.0 152.0 1242.0 339.0 -1 -1 -1 -1000 -1000 -1000 -10 0.0002601146697998047
Car -1 -1 -10 1214.0 195.0 1242.0 373.0 -1 -1 -1 -1000 -1000 -1000 -10 0.00025391578674316406
Car -1 -1 -10 0.0 203.0 22.0 356.0 -1 -1 -1 -1000 -1000 -1000 -10 0.0002434253692626953
Car -1 -1 -10 35.0 190.0 115.0 241.0 -1 -1 -1 -1000 -1000 -1000 -10 0.00023436546325683594
Cyclist -1 -1 -10 1208.0 165.0 1242.0 362.0 -1 -1 -1 -1000 -1000 -1000 -10 0.00022530555725097656
Cyclist -1 -1 -10 1221.0 137.0 1242.0 310.0 -1 -1 -1 -1000 -1000 -1000 -10 0.00021660327911376953
Car -1 -1 -10 0.0 178.0 14.0 237.0 -1 -1 -1 -1000 -1000 -1000 -10 0.00021469593048095703
Car -1 -1 -10 0.0 195.0 66.0 242.0 -1 -1 -1 -1000 -1000 -1000 -10 0.0002105236053466797
Cyclist -1 -1 -10 1216.0 172.0 1242.0 352.0 -1 -1 -1 -1000 -1000 -1000 -10 0.00020372867584228516
Pedestrian -1 -1 -10 725.0 180.0 739.0 217.0 -1 -1 -1 -1000 -1000 -1000 -10 0.00020003318786621094
Car -1 -1 -10 0.0 191.0 12.0 237.0 -1 -1 -1 -1000 -1000 -1000 -10 0.00019729137420654297
Car -1 -1 -10 1204.0 223.0 1242.0 374.0 -1 -1 -1 -1000 -1000 -1000 -10 0.00019490718841552734
Car -1 -1 -10 0.0 188.0 15.0 239.0 -1 -1 -1 -1000 -1000 -1000 -10 0.00019061565399169922
Pedestrian -1 -1 -10 698.0 176.0 714.0 208.0 -1 -1 -1 -1000 -1000 -1000 -10 0.00018930435180664062
Cyclist -1 -1 -10 1203.0 144.0 1242.0 338.0 -1 -1 -1 -1000 -1000 -1000 -10 0.00018322467803955078
Cyclist -1 -1 -10 1215.0 123.0 1242.0 324.0 -1 -1 -1 -1000 -1000 -1000 -10 0.0001825094223022461
Pedestrian -1 -1 -10 701.0 177.0 714.0 202.0 -1 -1 -1 -1000 -1000 -1000 -10 0.00017821788787841797
Car -1 -1 -10 0.0 179.0 11.0 236.0 -1 -1 -1 -1000 -1000 -1000 -10 0.00017702579498291016
Car -1 -1 -10 330.0 167.0 402.0 228.0 -1 -1 -1 -1000 -1000 -1000 -10 0.00017333030700683594
Cyclist -1 -1 -10 1209.0 179.0 1241.0 349.0 -1 -1 -1 -1000 -1000 -1000 -10 0.00017261505126953125
Car -1 -1 -10 0.0 223.0 23.0 371.0 -1 -1 -1 -1000 -1000 -1000 -10 0.00016748905181884766
Car -1 -1 -10 72.0 193.0 149.0 247.0 -1 -1 -1 -1000 -1000 -1000 -10 0.0001672506332397461
Car -1 -1 -10 0.0 196.0 23.0 247.0 -1 -1 -1 -1000 -1000 -1000 -10 0.00015592575073242188
Pedestrian -1 -1 -10 699.0 176.0 710.0 204.0 -1 -1 -1 -1000 -1000 -1000 -10 0.0001558065414428711
Car -1 -1 -10 337.0 167.0 414.0 230.0 -1 -1 -1 -1000 -1000 -1000 -10 0.00015044212341308594
Car -1 -1 -10 1.0 205.0 60.0 258.0 -1 -1 -1 -1000 -1000 -1000 -10 0.00014400482177734375
Car -1 -1 -10 0.0 203.0 52.0 262.0 -1 -1 -1 -1000 -1000 -1000 -10 0.00014221668243408203
Car -1 -1 -10 354.0 181.0 396.0 202.0 -1 -1 -1 -1000 -1000 -1000 -10 0.00014078617095947266
Car -1 -1 -10 0.0 209.0 14.0 311.0 -1 -1 -1 -1000 -1000 -1000 -10 0.0001404285430908203
Car -1 -1 -10 0.0 205.0 21.0 293.0 -1 -1 -1 -1000 -1000 -1000 -10 0.00013685226440429688
Car -1 -1 -10 0.0 194.0 110.0 238.0 -1 -1 -1 -1000 -1000 -1000 -10 0.00013649463653564453
Cyclist -1 -1 -10 1219.0 209.0 1242.0 306.0 -1 -1 -1 -1000 -1000 -1000 -10 0.00013124942779541016
Pedestrian -1 -1 -10 780.0 0.0 825.0 2.0 -1 -1 -1 -1000 -1000 -1000 -10 0.00012826919555664062
Pedestrian -1 -1 -10 1217.0 117.0 1242.0 285.0 -1 -1 -1 -1000 -1000 -1000 -10 0.00012540817260742188
Car -1 -1 -10 1203.0 189.0 1242.0 375.0 -1 -1 -1 -1000 -1000 -1000 -10 0.0001227855682373047
Pedestrian -1 -1 -10 1213.0 96.0 1242.0 307.0 -1 -1 -1 -1000 -1000 -1000 -10 0.00012183189392089844
Car -1 -1 -10 0.0 198.0 57.0 266.0 -1 -1 -1 -1000 -1000 -1000 -10 0.00012111663818359375
Car -1 -1 -10 59.0 193.0 106.0 239.0 -1 -1 -1 -1000 -1000 -1000 -10 0.00012063980102539062
Car -1 -1 -10 81.0 194.0 126.0 242.0 -1 -1 -1 -1000 -1000 -1000 -10 0.00012022256851196289
Car -1 -1 -10 0.0 183.0 10.0 231.0 -1 -1 -1 -1000 -1000 -1000 -10 0.00011557340621948242
Car -1 -1 -10 0.0 188.0 121.0 237.0 -1 -1 -1 -1000 -1000 -1000 -10 0.00011223554611206055
Cyclist -1 -1 -10 1229.0 202.0 1242.0 295.0 -1 -1 -1 -1000 -1000 -1000 -10 0.00010663270950317383
