Car -1 -1 -10 240.0 187.0 310.0 220.0 -1 -1 -1 -1000 -1000 -1000 -10 0.9560546875
Car -1 -1 -10 0.0 192.0 150.0 249.0 -1 -1 -1 -1000 -1000 -1000 -10 0.9521484375
Car -1 -1 -10 402.0 182.0 438.0 200.0 -1 -1 -1 -1000 -1000 -1000 -10 0.58935546875
Cyclist -1 -1 -10 367.0 180.0 381.0 201.0 -1 -1 -1 -1000 -1000 -1000 -10 0.328125
Cyclist -1 -1 -10 366.0 179.0 380.0 200.0 -1 -1 -1 -1000 -1000 -1000 -10 0.032440185546875
Car -1 -1 -10 0.0 191.0 14.0 245.0 -1 -1 -1 -1000 -1000 -1000 -10 0.0107574462890625
Car -1 -1 -10 0.0 195.0 19.0 247.0 -1 -1 -1 -1000 -1000 -1000 -10 0.0102386474609375
Cyclist -1 -1 -10 303.0 184.0 317.0 205.0 -1 -1 -1 -1000 -1000 -1000 -10 0.007476806640625
Car -1 -1 -10 0.0 197.0 23.0 248.0 -1 -1 -1 -1000 -1000 -1000 -10 0.00708770751953125
Car -1 -1 -10 403.0 184.0 437.0 202.0 -1 -1 -1 -1000 -1000 -1000 -10 0.00699615478515625
Cyclist -1 -1 -10 300.0 184.0 318.0 205.0 -1 -1 -1 -1000 -1000 -1000 -10 0.00376129150390625
Cyclist -1 -1 -10 364.0 180.0 384.0 200.0 -1 -1 -1 -1000 -1000 -1000 -10 0.00293731689453125
Car -1 -1 -10 0.0 183.0 17.0 245.0 -1 -1 -1 -1000 -1000 -1000 -10 0.0025806427001953125
Car -1 -1 -10 0.0 204.0 28.0 251.0 -1 -1 -1 -1000 -1000 -1000 -10 0.0020618438720703125
Car -1 -1 -10 0.0 195.0 38.0 248.0 -1 -1 -1 -1000 -1000 -1000 -10 0.0017328262329101562
Car -1 -1 -10 0.0 200.0 17.0 252.0 -1 -1 -1 -1000 -1000 -1000 -10 0.0012521743774414062
Car -1 -1 -10 0.0 181.0 12.0 236.0 -1 -1 -1 -1000 -1000 -1000 -10 0.0012187957763671875
Car -1 -1 -10 233.0 171.0 316.0 236.0 -1 -1 -1 -1000 -1000 -1000 -10 0.0011272430419921875
Car -1 -1 -10 0.0 198.0 46.0 251.0 -1 -1 -1 -1000 -1000 -1000 -10 0.0010509490966796875
Car -1 -1 -10 389.0 175.0 431.0 198.0 -1 -1 -1 -1000 -1000 -1000 -10 0.00092315673828125
Car -1 -1 -10 0.0 179.0 23.0 248.0 -1 -1 -1 -1000 -1000 -1000 -10 0.0008282661437988281
Cyclist -1 -1 -10 367.0 184.0 380.0 203.0 -1 -1 -1 -1000 -1000 -1000 -10 0.0007786750793457031
Cyclist -1 -1 -10 301.0 183.0 322.0 206.0 -1 -1 -1 -1000 -1000 -1000 -10 0.000774383544921875
Cyclist -1 -1 -10 294.0 184.0 316.0 207.0 -1 -1 -1 -1000 -1000 -1000 -10 0.00061798095703125
Car -1 -1 -10 0.0 195.0 59.0 249.0 -1 -1 -1 -1000 -1000 -1000 -10 0.0005664825439453125
Cyclist -1 -1 -10 301.0 181.0 316.0 202.0 -1 -1 -1 -1000 -1000 -1000 -10 0.0005340576171875
Cyclist -1 -1 -10 291.0 185.0 321.0 205.0 -1 -1 -1 -1000 -1000 -1000 -10 0.0005030632019042969
Car -1 -1 -10 0.0 169.0 171.0 289.0 -1 -1 -1 -1000 -1000 -1000 -10 0.0004856586456298828
Car -1 -1 -10 0.0 203.0 54.0 255.0 -1 -1 -1 -1000 -1000 -1000 -10 0.00047087669372558594
Car -1 -1 -10 1.0 180.0 21.0 235.0 -1 -1 -1 -1000 -1000 -1000 -10 0.00045800209045410156
Car -1 -1 -10 55.0 193.0 99.0 244.0 -1 -1 -1 -1000 -1000 -1000 -10 0.0004248619079589844
Car -1 -1 -10 0.0 159.0 167.0 275.0 -1 -1 -1 -1000 -1000 -1000 -10 0.00036406517028808594
Car -1 -1 -10 188.0 134.0 351.0 252.0 -1 -1 -1 -1000 -1000 -1000 -10 0.0003631114959716797
Car -1 -1 -10 180.0 133.0 362.0 281.0 -1 -1 -1 -1000 -1000 -1000 -10 0.0003533363342285156
Car -1 -1 -10 207.0 135.0 369.0 279.0 -1 -1 -1 -1000 -1000 -1000 -10 0.0003211498260498047
Car -1 -1 -10 408.0 182.0 444.0 202.0 -1 -1 -1 -1000 -1000 -1000 -10 0.00031757354736328125
Car -1 -1 -10 377.0 177.0 416.0 197.0 -1 -1 -1 -1000 -1000 -1000 -10 0.00030732154846191406
Cyclist -1 -1 -10 301.0 185.0 317.0 206.0 -1 -1 -1 -1000 -1000 -1000 -10 0.0003008842468261719
Car -1 -1 -10 368.0 179.0 396.0 199.0 -1 -1 -1 -1000 -1000 -1000 -10 0.0002815723419189453
Car -1 -1 -10 0.0 190.0 40.0 242.0 -1 -1 -1 -1000 -1000 -1000 -10 0.00027871131896972656
Car -1 -1 -10 377.0 179.0 416.0 198.0 -1 -1 -1 -1000 -1000 -1000 -10 0.00027108192443847656
Cyclist -1 -1 -10 303.0 181.0 319.0 203.0 -1 -1 -1 -1000 -1000 -1000 -10 0.0002620220184326172
Cyclist -1 -1 -10 297.0 183.0 321.0 204.0 -1 -1 -1 -1000 -1000 -1000 -10 0.00021958351135253906
Car -1 -1 -10 0.0 204.0 16.0 273.0 -1 -1 -1 -1000 -1000 -1000 -10 0.00020515918731689453
Pedestrian -1 -1 -10 722.0 0.0 752.0 0.0 -1 -1 -1 -1000 -1000 -1000 -10 0.00019752979278564453
Car -1 -1 -10 47.0 194.0 91.0 244.0 -1 -1 -1 -1000 -1000 -1000 -10 0.00019419193267822266
Car -1 -1 -10 0.0 205.0 18.0 297.0 -1 -1 -1 -1000 -1000 -1000 -10 0.0001850128173828125
Car -1 -1 -10 957.0 10.0 1062.0 218.0 -1 -1 -1 -1000 -1000 -1000 -10 0.0001684427261352539
Car -1 -1 -10 0.0 167.0 10.0 224.0 -1 -1 -1 -1000 -1000 -1000 -10 0.0001652240753173828
Car -1 -1 -10 401.0 178.0 441.0 210.0 -1 -1 -1 -1000 -1000 -1000 -10 0.00016260147094726562
Car -1 -1 -10 0.0 202.0 15.0 298.0 -1 -1 -1 -1000 -1000 -1000 -10 0.00014483928680419922
Car -1 -1 -10 405.0 179.0 438.0 197.0 -1 -1 -1 -1000 -1000 -1000 -10 0.0001418590545654297
Car -1 -1 -10 374.0 176.0 406.0 197.0 -1 -1 -1 -1000 -1000 -1000 -10 0.00012934207916259766
Car -1 -1 -10 0.0 173.0 9.0 218.0 -1 -1 -1 -1000 -1000 -1000 -10 0.00011998414993286133
Car -1 -1 -10 2.0 178.0 44.0 242.0 -1 -1 -1 -1000 -1000 -1000 -10 0.00011867284774780273
Car -1 -1 -10 718.0 0.0 756.0 0.0 -1 -1 -1 -1000 -1000 -1000 -10 0.00011104345321655273
Car -1 -1 -10 0.0 208.0 29.0 265.0 -1 -1 -1 -1000 -1000 -1000 -10 0.00010764598846435547
Car -1 -1 -10 396.0 177.0 429.0 196.0 -1 -1 -1 -1000 -1000 -1000 -10 0.00010353326797485352
Car -1 -1 -10 400.0 174.0 441.0 205.0 -1 -1 -1 -1000 -1000 -1000 -10 0.00010186433792114258
Pedestrian -1 -1 -10 733.0 0.0 760.0 1.0 -1 -1 -1 -1000 -1000 -1000 -10 0.0001017451286315918
