Car -1 -1 -10 948.0 128.0 1240.0 371.0 -1 -1 -1 -1000 -1000 -1000 -10 0.96923828125
Car -1 -1 -10 294.0 182.0 383.0 232.0 -1 -1 -1 -1000 -1000 -1000 -10 0.95703125
Car -1 -1 -10 183.0 166.0 295.0 233.0 -1 -1 -1 -1000 -1000 -1000 -10 0.95703125
Car -1 -1 -10 440.0 171.0 485.0 206.0 -1 -1 -1 -1000 -1000 -1000 -10 0.95458984375
Car -1 -1 -10 832.0 124.0 1098.0 225.0 -1 -1 -1 -1000 -1000 -1000 -10 0.95263671875
Car -1 -1 -10 1.0 188.0 138.0 240.0 -1 -1 -1 -1000 -1000 -1000 -10 0.9521484375
Car -1 -1 -10 518.0 161.0 574.0 225.0 -1 -1 -1 -1000 -1000 -1000 -10 0.9501953125
Car -1 -1 -10 740.0 166.0 824.0 213.0 -1 -1 -1 -1000 -1000 -1000 -10 0.94873046875
Car -1 -1 -10 686.0 170.0 768.0 216.0 -1 -1 -1 -1000 -1000 -1000 -10 0.9443359375
Car -1 -1 -10 555.0 135.0 592.0 189.0 -1 -1 -1 -1000 -1000 -1000 -10 0.91015625
Car -1 -1 -10 602.0 149.0 638.0 187.0 -1 -1 -1 -1000 -1000 -1000 -10 0.90478515625
Car -1 -1 -10 1127.0 125.0 1242.0 198.0 -1 -1 -1 -1000 -1000 -1000 -10 0.89501953125
Car -1 -1 -10 565.0 164.0 598.0 194.0 -1 -1 -1 -1000 -1000 -1000 -10 0.861328125
Car -1 -1 -10 561.0 149.0 595.0 192.0 -1 -1 -1 -1000 -1000 -1000 -10 0.5869140625
Car -1 -1 -10 722.0 166.0 825.0 214.0 -1 -1 -1 -1000 -1000 -1000 -10 0.275146484375
Car -1 -1 -10 578.0 146.0 635.0 190.0 -1 -1 -1 -1000 -1000 -1000 -10 0.09375
Car -1 -1 -10 1148.0 124.0 1241.0 196.0 -1 -1 -1 -1000 -1000 -1000 -10 0.058502197265625
Car -1 -1 -10 1190.0 191.0 1241.0 367.0 -1 -1 -1 -1000 -1000 -1000 -10 0.02734375
Car -1 -1 -10 1180.0 188.0 1242.0 373.0 -1 -1 -1 -1000 -1000 -1000 -10 0.0260467529296875
Car -1 -1 -10 1202.0 174.0 1242.0 355.0 -1 -1 -1 -1000 -1000 -1000 -10 0.0248870849609375
Car -1 -1 -10 1213.0 122.0 1242.0 197.0 -1 -1 -1 -1000 -1000 -1000 -10 0.0234222412109375
Car -1 -1 -10 0.0 193.0 13.0 241.0 -1 -1 -1 -1000 -1000 -1000 -10 0.023284912109375
Car -1 -1 -10 1225.0 123.0 1242.0 214.0 -1 -1 -1 -1000 -1000 -1000 -10 0.021697998046875
Car -1 -1 -10 1216.0 171.0 1242.0 351.0 -1 -1 -1 -1000 -1000 -1000 -10 0.0216217041015625
Car -1 -1 -10 553.0 139.0 587.0 188.0 -1 -1 -1 -1000 -1000 -1000 -10 0.0200042724609375
Car -1 -1 -10 1208.0 190.0 1242.0 364.0 -1 -1 -1 -1000 -1000 -1000 -10 0.019866943359375
Car -1 -1 -10 1207.0 123.0 1241.0 198.0 -1 -1 -1 -1000 -1000 -1000 -10 0.0191497802734375
Car -1 -1 -10 1223.0 122.0 1242.0 199.0 -1 -1 -1 -1000 -1000 -1000 -10 0.0183563232421875
Car -1 -1 -10 1219.0 151.0 1242.0 332.0 -1 -1 -1 -1000 -1000 -1000 -10 0.01806640625
Car -1 -1 -10 1220.0 125.0 1242.0 208.0 -1 -1 -1 -1000 -1000 -1000 -10 0.017852783203125
Car -1 -1 -10 1182.0 121.0 1241.0 194.0 -1 -1 -1 -1000 -1000 -1000 -10 0.0142059326171875
Car -1 -1 -10 558.0 163.0 594.0 202.0 -1 -1 -1 -1000 -1000 -1000 -10 0.01374053955078125
Car -1 -1 -10 1222.0 128.0 1242.0 307.0 -1 -1 -1 -1000 -1000 -1000 -10 0.01342010498046875
Car -1 -1 -10 598.0 144.0 640.0 187.0 -1 -1 -1 -1000 -1000 -1000 -10 0.01119232177734375
Car -1 -1 -10 0.0 190.0 17.0 239.0 -1 -1 -1 -1000 -1000 -1000 -10 0.01064300537109375
Car -1 -1 -10 1210.0 121.0 1242.0 189.0 -1 -1 -1 -1000 -1000 -1000 -10 0.0083465576171875
Car -1 -1 -10 1208.0 146.0 1242.0 337.0 -1 -1 -1 -1000 -1000 -1000 -10 0.0082244873046875
Car -1 -1 -10 1217.0 125.0 1242.0 310.0 -1 -1 -1 -1000 -1000 -1000 -10 0.008026123046875
Car -1 -1 -10 1224.0 123.0 1242.0 276.0 -1 -1 -1 -1000 -1000 -1000 -10 0.00787353515625
Car -1 -1 -10 537.0 158.0 583.0 213.0 -1 -1 -1 -1000 -1000 -1000 -10 0.007442474365234375
Car -1 -1 -10 1166.0 195.0 1241.0 367.0 -1 -1 -1 -1000 -1000 -1000 -10 0.007274627685546875
Car -1 -1 -10 549.0 137.0 585.0 192.0 -1 -1 -1 -1000 -1000 -1000 -10 0.0070648193359375
Car -1 -1 -10 1211.0 128.0 1242.0 312.0 -1 -1 -1 -1000 -1000 -1000 -10 0.006404876708984375
Car -1 -1 -10 1206.0 210.0 1242.0 370.0 -1 -1 -1 -1000 -1000 -1000 -10 0.00627899169921875
Car -1 -1 -10 1105.0 125.0 1237.0 204.0 -1 -1 -1 -1000 -1000 -1000 -10 0.005176544189453125
Car -1 -1 -10 1215.0 118.0 1241.0 185.0 -1 -1 -1 -1000 -1000 -1000 -10 0.004962921142578125
Car -1 -1 -10 1226.0 125.0 1242.0 231.0 -1 -1 -1 -1000 -1000 -1000 -10 0.0049285888671875
Car -1 -1 -10 1172.0 125.0 1242.0 197.0 -1 -1 -1 -1000 -1000 -1000 -10 0.00461578369140625
Car -1 -1 -10 1.0 196.0 20.0 241.0 -1 -1 -1 -1000 -1000 -1000 -10 0.00457000732421875
Car -1 -1 -10 0.0 191.0 23.0 241.0 -1 -1 -1 -1000 -1000 -1000 -10 0.00421142578125
Car -1 -1 -10 0.0 194.0 16.0 249.0 -1 -1 -1 -1000 -1000 -1000 -10 0.003948211669921875
Car -1 -1 -10 1157.0 211.0 1242.0 371.0 -1 -1 -1 -1000 -1000 -1000 -10 0.0038471221923828125
Car -1 -1 -10 1219.0 124.0 1242.0 276.0 -1 -1 -1 -1000 -1000 -1000 -10 0.0035686492919921875
Car -1 -1 -10 1175.0 220.0 1242.0 375.0 -1 -1 -1 -1000 -1000 -1000 -10 0.0033740997314453125
Car -1 -1 -10 1215.0 188.0 1242.0 319.0 -1 -1 -1 -1000 -1000 -1000 -10 0.0030670166015625
Car -1 -1 -10 1113.0 128.0 1237.0 218.0 -1 -1 -1 -1000 -1000 -1000 -10 0.002838134765625
Car -1 -1 -10 1224.0 128.0 1242.0 191.0 -1 -1 -1 -1000 -1000 -1000 -10 0.0028018951416015625
Car -1 -1 -10 0.0 189.0 11.0 232.0 -1 -1 -1 -1000 -1000 -1000 -10 0.002655029296875
Car -1 -1 -10 572.0 163.0 600.0 193.0 -1 -1 -1 -1000 -1000 -1000 -10 0.0024776458740234375
Car -1 -1 -10 1222.0 165.0 1241.0 282.0 -1 -1 -1 -1000 -1000 -1000 -10 0.0023956298828125
Car -1 -1 -10 1162.0 124.0 1242.0 189.0 -1 -1 -1 -1000 -1000 -1000 -10 0.00220489501953125
Car -1 -1 -10 1223.0 123.0 1242.0 182.0 -1 -1 -1 -1000 -1000 -1000 -10 0.00217437744140625
Car -1 -1 -10 0.0 189.0 14.0 232.0 -1 -1 -1 -1000 -1000 -1000 -10 0.002124786376953125
Car -1 -1 -10 1225.0 136.0 1242.0 200.0 -1 -1 -1 -1000 -1000 -1000 -10 0.0021152496337890625
Car -1 -1 -10 1228.0 171.0 1242.0 275.0 -1 -1 -1 -1000 -1000 -1000 -10 0.002025604248046875
Car -1 -1 -10 1217.0 174.0 1242.0 296.0 -1 -1 -1 -1000 -1000 -1000 -10 0.001918792724609375
Car -1 -1 -10 1164.0 172.0 1240.0 358.0 -1 -1 -1 -1000 -1000 -1000 -10 0.0017538070678710938
Car -1 -1 -10 1213.0 121.0 1241.0 276.0 -1 -1 -1 -1000 -1000 -1000 -10 0.00171661376953125
Car -1 -1 -10 0.0 193.0 30.0 239.0 -1 -1 -1 -1000 -1000 -1000 -10 0.001678466796875
Car -1 -1 -10 1223.0 191.0 1242.0 318.0 -1 -1 -1 -1000 -1000 -1000 -10 0.0016183853149414062
Car -1 -1 -10 1176.0 118.0 1242.0 188.0 -1 -1 -1 -1000 -1000 -1000 -10 0.0015115737915039062
Car -1 -1 -10 1217.0 133.0 1241.0 198.0 -1 -1 -1 -1000 -1000 -1000 -10 0.0015058517456054688
Car -1 -1 -10 1170.0 212.0 1241.0 356.0 -1 -1 -1 -1000 -1000 -1000 -10 0.0014753341674804688
Car -1 -1 -10 1226.0 182.0 1242.0 286.0 -1 -1 -1 -1000 -1000 -1000 -10 0.0014257431030273438
Car -1 -1 -10 1200.0 189.0 1241.0 321.0 -1 -1 -1 -1000 -1000 -1000 -10 0.0014247894287109375
Car -1 -1 -10 1219.0 122.0 1241.0 229.0 -1 -1 -1 -1000 -1000 -1000 -10 0.0012998580932617188
Car -1 -1 -10 1209.0 221.0 1242.0 363.0 -1 -1 -1 -1000 -1000 -1000 -10 0.0012712478637695312
Car -1 -1 -10 1191.0 213.0 1241.0 355.0 -1 -1 -1 -1000 -1000 -1000 -10 0.0012598037719726562
Car -1 -1 -10 1227.0 129.0 1242.0 255.0 -1 -1 -1 -1000 -1000 -1000 -10 0.0012187957763671875
Car -1 -1 -10 1123.0 114.0 1242.0 214.0 -1 -1 -1 -1000 -1000 -1000 -10 0.0011758804321289062
Car -1 -1 -10 0.0 195.0 25.0 248.0 -1 -1 -1 -1000 -1000 -1000 -10 0.0011472702026367188
Car -1 -1 -10 0.0 201.0 14.0 250.0 -1 -1 -1 -1000 -1000 -1000 -10 0.0010919570922851562
Car -1 -1 -10 1192.0 233.0 1241.0 371.0 -1 -1 -1 -1000 -1000 -1000 -10 0.0010833740234375
Car -1 -1 -10 0.0 182.0 139.0 245.0 -1 -1 -1 -1000 -1000 -1000 -10 0.0009436607360839844
Car -1 -1 -10 0.0 192.0 35.0 242.0 -1 -1 -1 -1000 -1000 -1000 -10 0.0008821487426757812
Car -1 -1 -10 2.0 188.0 21.0 231.0 -1 -1 -1 -1000 -1000 -1000 -10 0.0008068084716796875
Car -1 -1 -10 829.0 135.0 1074.0 224.0 -1 -1 -1 -1000 -1000 -1000 -10 0.0007829666137695312
Car -1 -1 -10 732.0 167.0 810.0 213.0 -1 -1 -1 -1000 -1000 -1000 -10 0.0007634162902832031
Car -1 -1 -10 1220.0 149.0 1242.0 274.0 -1 -1 -1 -1000 -1000 -1000 -10 0.0007634162902832031
Car -1 -1 -10 1184.0 118.0 1241.0 244.0 -1 -1 -1 -1000 -1000 -1000 -10 0.0007543563842773438
Car -1 -1 -10 1215.0 192.0 1242.0 300.0 -1 -1 -1 -1000 -1000 -1000 -10 0.0007295608520507812
Car -1 -1 -10 171.0 154.0 302.0 250.0 -1 -1 -1 -1000 -1000 -1000 -10 0.000728607177734375
Car -1 -1 -10 1118.0 124.0 1228.0 192.0 -1 -1 -1 -1000 -1000 -1000 -10 0.0007038116455078125
Car -1 -1 -10 435.0 155.0 490.0 213.0 -1 -1 -1 -1000 -1000 -1000 -10 0.0006837844848632812
Car -1 -1 -10 290.0 173.0 386.0 237.0 -1 -1 -1 -1000 -1000 -1000 -10 0.0006732940673828125
Car -1 -1 -10 435.0 160.0 496.0 221.0 -1 -1 -1 -1000 -1000 -1000 -10 0.0006642341613769531
Car -1 -1 -10 5.0 191.0 79.0 239.0 -1 -1 -1 -1000 -1000 -1000 -10 0.00063323974609375
Car -1 -1 -10 1226.0 112.0 1242.0 181.0 -1 -1 -1 -1000 -1000 -1000 -10 0.0006237030029296875
Car -1 -1 -10 1214.0 204.0 1242.0 340.0 -1 -1 -1 -1000 -1000 -1000 -10 0.0006184577941894531
Car -1 -1 -10 430.0 161.0 489.0 220.0 -1 -1 -1 -1000 -1000 -1000 -10 0.0006041526794433594
Car -1 -1 -10 1095.0 118.0 1242.0 218.0 -1 -1 -1 -1000 -1000 -1000 -10 0.0005960464477539062
Car -1 -1 -10 598.0 152.0 628.0 186.0 -1 -1 -1 -1000 -1000 -1000 -10 0.0005908012390136719
Car -1 -1 -10 578.0 156.0 602.0 188.0 -1 -1 -1 -1000 -1000 -1000 -10 0.0005869865417480469
Car -1 -1 -10 1146.0 229.0 1242.0 375.0 -1 -1 -1 -1000 -1000 -1000 -10 0.0005865097045898438
Car -1 -1 -10 470.0 144.0 594.0 249.0 -1 -1 -1 -1000 -1000 -1000 -10 0.0005784034729003906
Car -1 -1 -10 310.0 184.0 361.0 224.0 -1 -1 -1 -1000 -1000 -1000 -10 0.0005707740783691406
Car -1 -1 -10 45.0 191.0 89.0 233.0 -1 -1 -1 -1000 -1000 -1000 -10 0.0005621910095214844
Car -1 -1 -10 1114.0 196.0 1242.0 372.0 -1 -1 -1 -1000 -1000 -1000 -10 0.0005578994750976562
Car -1 -1 -10 1200.0 176.0 1240.0 299.0 -1 -1 -1 -1000 -1000 -1000 -10 0.0005564689636230469
Car -1 -1 -10 0.0 210.0 19.0 354.0 -1 -1 -1 -1000 -1000 -1000 -10 0.0005393028259277344
Car -1 -1 -10 1224.0 193.0 1242.0 297.0 -1 -1 -1 -1000 -1000 -1000 -10 0.0005373954772949219
Car -1 -1 -10 1210.0 116.0 1242.0 182.0 -1 -1 -1 -1000 -1000 -1000 -10 0.0005102157592773438
Car -1 -1 -10 681.0 161.0 772.0 228.0 -1 -1 -1 -1000 -1000 -1000 -10 0.0004940032958984375
Car -1 -1 -10 0.0 196.0 54.0 244.0 -1 -1 -1 -1000 -1000 -1000 -10 0.00048422813415527344
Car -1 -1 -10 1033.0 138.0 1147.0 357.0 -1 -1 -1 -1000 -1000 -1000 -10 0.00048041343688964844
Car -1 -1 -10 564.0 161.0 601.0 199.0 -1 -1 -1 -1000 -1000 -1000 -10 0.0004775524139404297
Car -1 -1 -10 0.0 195.0 16.0 334.0 -1 -1 -1 -1000 -1000 -1000 -10 0.0004668235778808594
Car -1 -1 -10 905.0 130.0 1023.0 213.0 -1 -1 -1 -1000 -1000 -1000 -10 0.0004658699035644531
Car -1 -1 -10 1223.0 219.0 1242.0 348.0 -1 -1 -1 -1000 -1000 -1000 -10 0.000461578369140625
Car -1 -1 -10 0.0 163.0 165.0 285.0 -1 -1 -1 -1000 -1000 -1000 -10 0.0003883838653564453
Car -1 -1 -10 1179.0 245.0 1242.0 372.0 -1 -1 -1 -1000 -1000 -1000 -10 0.0003726482391357422
Car -1 -1 -10 1226.0 119.0 1242.0 173.0 -1 -1 -1 -1000 -1000 -1000 -10 0.00036025047302246094
Car -1 -1 -10 0.0 192.0 40.0 237.0 -1 -1 -1 -1000 -1000 -1000 -10 0.00035834312438964844
Car -1 -1 -10 299.0 179.0 383.0 225.0 -1 -1 -1 -1000 -1000 -1000 -10 0.00033736228942871094
Car -1 -1 -10 0.0 146.0 175.0 277.0 -1 -1 -1 -1000 -1000 -1000 -10 0.0003323554992675781
Car -1 -1 -10 734.0 156.0 827.0 215.0 -1 -1 -1 -1000 -1000 -1000 -10 0.0003254413604736328
Car -1 -1 -10 1.0 202.0 23.0 249.0 -1 -1 -1 -1000 -1000 -1000 -10 0.00031065940856933594
Car -1 -1 -10 1228.0 192.0 1242.0 251.0 -1 -1 -1 -1000 -1000 -1000 -10 0.0003039836883544922
Car -1 -1 -10 1227.0 145.0 1242.0 209.0 -1 -1 -1 -1000 -1000 -1000 -10 0.00029754638671875
Car -1 -1 -10 632.0 130.0 818.0 273.0 -1 -1 -1 -1000 -1000 -1000 -10 0.00029468536376953125
Car -1 -1 -10 0.0 227.0 20.0 366.0 -1 -1 -1 -1000 -1000 -1000 -10 0.00029015541076660156
Car -1 -1 -10 1212.0 245.0 1242.0 373.0 -1 -1 -1 -1000 -1000 -1000 -10 0.00028204917907714844
Car -1 -1 -10 1193.0 125.0 1241.0 203.0 -1 -1 -1 -1000 -1000 -1000 -10 0.00028061866760253906
Car -1 -1 -10 1222.0 239.0 1242.0 369.0 -1 -1 -1 -1000 -1000 -1000 -10 0.00027561187744140625
Car -1 -1 -10 239.0 141.0 413.0 275.0 -1 -1 -1 -1000 -1000 -1000 -10 0.00027489662170410156
Car -1 -1 -10 490.0 144.0 618.0 251.0 -1 -1 -1 -1000 -1000 -1000 -10 0.00026726722717285156
Car -1 -1 -10 255.0 137.0 431.0 276.0 -1 -1 -1 -1000 -1000 -1000 -10 0.00026416778564453125
Car -1 -1 -10 493.0 140.0 614.0 234.0 -1 -1 -1 -1000 -1000 -1000 -10 0.00026226043701171875
Car -1 -1 -10 732.0 159.0 832.0 223.0 -1 -1 -1 -1000 -1000 -1000 -10 0.00025844573974609375
Car -1 -1 -10 393.0 115.0 551.0 237.0 -1 -1 -1 -1000 -1000 -1000 -10 0.0002498626708984375
Car -1 -1 -10 638.0 122.0 811.0 241.0 -1 -1 -1 -1000 -1000 -1000 -10 0.0002484321594238281
Car -1 -1 -10 600.0 140.0 632.0 181.0 -1 -1 -1 -1000 -1000 -1000 -10 0.000247955322265625
Car -1 -1 -10 0.0 221.0 13.0 331.0 -1 -1 -1 -1000 -1000 -1000 -10 0.00024366378784179688
Car -1 -1 -10 1179.0 188.0 1239.0 323.0 -1 -1 -1 -1000 -1000 -1000 -10 0.00024199485778808594
Car -1 -1 -10 389.0 132.0 554.0 269.0 -1 -1 -1 -1000 -1000 -1000 -10 0.00024056434631347656
Car -1 -1 -10 0.0 230.0 14.0 339.0 -1 -1 -1 -1000 -1000 -1000 -10 0.0002263784408569336
Car -1 -1 -10 0.0 205.0 25.0 359.0 -1 -1 -1 -1000 -1000 -1000 -10 0.00022470951080322266
Car -1 -1 -10 356.0 136.0 528.0 264.0 -1 -1 -1 -1000 -1000 -1000 -10 0.00022161006927490234
Car -1 -1 -10 706.0 160.0 809.0 222.0 -1 -1 -1 -1000 -1000 -1000 -10 0.0002186298370361328
Car -1 -1 -10 603.0 155.0 637.0 190.0 -1 -1 -1 -1000 -1000 -1000 -10 0.00021660327911376953
Car -1 -1 -10 1.0 187.0 47.0 232.0 -1 -1 -1 -1000 -1000 -1000 -10 0.00021576881408691406
Car -1 -1 -10 8.0 184.0 128.0 229.0 -1 -1 -1 -1000 -1000 -1000 -10 0.00020396709442138672
Car -1 -1 -10 598.0 146.0 626.0 183.0 -1 -1 -1 -1000 -1000 -1000 -10 0.00020170211791992188
Car -1 -1 -10 263.0 147.0 420.0 256.0 -1 -1 -1 -1000 -1000 -1000 -10 0.00019848346710205078
Car -1 -1 -10 1204.0 126.0 1239.0 257.0 -1 -1 -1 -1000 -1000 -1000 -10 0.00019562244415283203
Car -1 -1 -10 50.0 191.0 95.0 230.0 -1 -1 -1 -1000 -1000 -1000 -10 0.0001895427703857422
Car -1 -1 -10 0.0 198.0 41.0 242.0 -1 -1 -1 -1000 -1000 -1000 -10 0.00018095970153808594
Car -1 -1 -10 699.0 131.0 883.0 266.0 -1 -1 -1 -1000 -1000 -1000 -10 0.00017845630645751953
Car -1 -1 -10 1111.0 128.0 1221.0 196.0 -1 -1 -1 -1000 -1000 -1000 -10 0.00017786026000976562
Car -1 -1 -10 1219.0 135.0 1241.0 247.0 -1 -1 -1 -1000 -1000 -1000 -10 0.0001761913299560547
Car -1 -1 -10 1222.0 191.0 1241.0 253.0 -1 -1 -1 -1000 -1000 -1000 -10 0.00017118453979492188
Car -1 -1 -10 756.0 168.0 807.0 207.0 -1 -1 -1 -1000 -1000 -1000 -10 0.0001609325408935547
Car -1 -1 -10 0.0 185.0 53.0 236.0 -1 -1 -1 -1000 -1000 -1000 -10 0.00016045570373535156
Car -1 -1 -10 210.0 168.0 257.0 226.0 -1 -1 -1 -1000 -1000 -1000 -10 0.00016045570373535156
Car -1 -1 -10 0.0 194.0 23.0 334.0 -1 -1 -1 -1000 -1000 -1000 -10 0.00015985965728759766
Car -1 -1 -10 549.0 128.0 609.0 199.0 -1 -1 -1 -1000 -1000 -1000 -10 0.00015437602996826172
Car -1 -1 -10 445.0 172.0 492.0 204.0 -1 -1 -1 -1000 -1000 -1000 -10 0.0001533031463623047
Car -1 -1 -10 1203.0 166.0 1240.0 286.0 -1 -1 -1 -1000 -1000 -1000 -10 0.00015270709991455078
Car -1 -1 -10 565.0 168.0 598.0 197.0 -1 -1 -1 -1000 -1000 -1000 -10 0.00015211105346679688
Car -1 -1 -10 1226.0 138.0 1242.0 246.0 -1 -1 -1 -1000 -1000 -1000 -10 0.00015091896057128906
Car -1 -1 -10 1227.0 162.0 1241.0 264.0 -1 -1 -1 -1000 -1000 -1000 -10 0.00014507770538330078
Car -1 -1 -10 1149.0 252.0 1241.0 373.0 -1 -1 -1 -1000 -1000 -1000 -10 0.00014483928680419922
Car -1 -1 -10 1.0 220.0 26.0 374.0 -1 -1 -1 -1000 -1000 -1000 -10 0.00014328956604003906
Car -1 -1 -10 918.0 134.0 1041.0 210.0 -1 -1 -1 -1000 -1000 -1000 -10 0.00014269351959228516
Car -1 -1 -10 545.0 129.0 594.0 193.0 -1 -1 -1 -1000 -1000 -1000 -10 0.0001404285430908203
Car -1 -1 -10 703.0 172.0 754.0 211.0 -1 -1 -1 -1000 -1000 -1000 -10 0.00013899803161621094
Car -1 -1 -10 1166.0 145.0 1242.0 339.0 -1 -1 -1 -1000 -1000 -1000 -10 0.0001380443572998047
Car -1 -1 -10 560.0 164.0 584.0 196.0 -1 -1 -1 -1000 -1000 -1000 -10 0.00013399124145507812
Car -1 -1 -10 218.0 168.0 267.0 227.0 -1 -1 -1 -1000 -1000 -1000 -10 0.00013303756713867188
Car -1 -1 -10 1160.0 232.0 1239.0 370.0 -1 -1 -1 -1000 -1000 -1000 -10 0.00012993812561035156
Car -1 -1 -10 0.0 175.0 10.0 222.0 -1 -1 -1 -1000 -1000 -1000 -10 0.00012576580047607422
Car -1 -1 -10 687.0 122.0 855.0 238.0 -1 -1 -1 -1000 -1000 -1000 -10 0.00012373924255371094
Car -1 -1 -10 288.0 182.0 375.0 226.0 -1 -1 -1 -1000 -1000 -1000 -10 0.00011616945266723633
Car -1 -1 -10 0.0 204.0 33.0 360.0 -1 -1 -1 -1000 -1000 -1000 -10 0.00011360645294189453
Car -1 -1 -10 618.0 154.0 648.0 189.0 -1 -1 -1 -1000 -1000 -1000 -10 0.00011330842971801758
Car -1 -1 -10 0.0 178.0 9.0 218.0 -1 -1 -1 -1000 -1000 -1000 -10 0.00010925531387329102
Car -1 -1 -10 517.0 157.0 568.0 221.0 -1 -1 -1 -1000 -1000 -1000 -10 0.00010764598846435547
Car -1 -1 -10 1190.0 128.0 1239.0 190.0 -1 -1 -1 -1000 -1000 -1000 -10 0.00010478496551513672
Car -1 -1 -10 809.0 168.0 904.0 214.0 -1 -1 -1 -1000 -1000 -1000 -10 0.00010204315185546875
Car -1 -1 -10 583.0 142.0 607.0 186.0 -1 -1 -1 -1000 -1000 -1000 -10 0.00010198354721069336
Car -1 -1 -10 676.0 168.0 754.0 210.0 -1 -1 -1 -1000 -1000 -1000 -10 0.00010126829147338867
