Car -1 -1 -10 13.0 198.0 212.0 278.0 -1 -1 -1 -1000 -1000 -1000 -10 0.9658203125
Car -1 -1 -10 600.0 176.0 628.0 203.0 -1 -1 -1 -1000 -1000 -1000 -10 0.94970703125
Pedestrian -1 -1 -10 847.0 161.0 875.0 237.0 -1 -1 -1 -1000 -1000 -1000 -10 0.88330078125
Car -1 -1 -10 509.0 180.0 531.0 196.0 -1 -1 -1 -1000 -1000 -1000 -10 0.60009765625
Car -1 -1 -10 468.0 183.0 493.0 199.0 -1 -1 -1 -1000 -1000 -1000 -10 0.1497802734375
Pedestrian -1 -1 -10 845.0 161.0 871.0 234.0 -1 -1 -1 -1000 -1000 -1000 -10 0.031341552734375
Car -1 -1 -10 0.0 183.0 10.0 284.0 -1 -1 -1 -1000 -1000 -1000 -10 0.0019664764404296875
Pedestrian -1 -1 -10 785.0 168.0 800.0 213.0 -1 -1 -1 -1000 -1000 -1000 -10 0.0019521713256835938
Pedestrian -1 -1 -10 785.0 169.0 798.0 208.0 -1 -1 -1 -1000 -1000 -1000 -10 0.0016317367553710938
Pedestrian -1 -1 -10 783.0 169.0 797.0 215.0 -1 -1 -1 -1000 -1000 -1000 -10 0.0014486312866210938
Car -1 -1 -10 42.0 200.0 182.0 274.0 -1 -1 -1 -1000 -1000 -1000 -10 0.001415252685546875
Car -1 -1 -10 0.0 189.0 11.0 295.0 -1 -1 -1 -1000 -1000 -1000 -10 0.001407623291015625
Car -1 -1 -10 517.0 180.0 535.0 194.0 -1 -1 -1 -1000 -1000 -1000 -10 0.0013713836669921875
Car -1 -1 -10 601.0 173.0 628.0 200.0 -1 -1 -1 -1000 -1000 -1000 -10 0.0013513565063476562
Car -1 -1 -10 0.0 180.0 13.0 267.0 -1 -1 -1 -1000 -1000 -1000 -10 0.0012750625610351562
Car -1 -1 -10 0.0 183.0 14.0 286.0 -1 -1 -1 -1000 -1000 -1000 -10 0.0012607574462890625
Pedestrian -1 -1 -10 851.0 162.0 877.0 232.0 -1 -1 -1 -1000 -1000 -1000 -10 0.0010614395141601562
Car -1 -1 -10 463.0 179.0 492.0 199.0 -1 -1 -1 -1000 -1000 -1000 -10 0.0009965896606445312
Car -1 -1 -10 468.0 185.0 493.0 201.0 -1 -1 -1 -1000 -1000 -1000 -10 0.0009589195251464844
Car -1 -1 -10 10.0 190.0 213.0 291.0 -1 -1 -1 -1000 -1000 -1000 -10 0.0009264945983886719
Pedestrian -1 -1 -10 781.0 166.0 796.0 212.0 -1 -1 -1 -1000 -1000 -1000 -10 0.0007987022399902344
Car -1 -1 -10 0.0 180.0 9.0 248.0 -1 -1 -1 -1000 -1000 -1000 -10 0.0007348060607910156
Car -1 -1 -10 0.0 182.0 9.0 263.0 -1 -1 -1 -1000 -1000 -1000 -10 0.00067138671875
Pedestrian -1 -1 -10 787.0 168.0 801.0 215.0 -1 -1 -1 -1000 -1000 -1000 -10 0.0006470680236816406
Car -1 -1 -10 0.0 175.0 10.0 241.0 -1 -1 -1 -1000 -1000 -1000 -10 0.0006442070007324219
Pedestrian -1 -1 -10 787.0 168.0 801.0 208.0 -1 -1 -1 -1000 -1000 -1000 -10 0.0004222393035888672
Car -1 -1 -10 526.0 180.0 543.0 193.0 -1 -1 -1 -1000 -1000 -1000 -10 0.0004017353057861328
Car -1 -1 -10 0.0 196.0 13.0 307.0 -1 -1 -1 -1000 -1000 -1000 -10 0.0003509521484375
Pedestrian -1 -1 -10 781.0 167.0 794.0 206.0 -1 -1 -1 -1000 -1000 -1000 -10 0.0003447532653808594
Car -1 -1 -10 0.0 185.0 8.0 241.0 -1 -1 -1 -1000 -1000 -1000 -10 0.0003361701965332031
Car -1 -1 -10 0.0 182.0 9.0 233.0 -1 -1 -1 -1000 -1000 -1000 -10 0.00032901763916015625
Car -1 -1 -10 0.0 171.0 13.0 248.0 -1 -1 -1 -1000 -1000 -1000 -10 0.00032591819763183594
Pedestrian -1 -1 -10 839.0 164.0 883.0 232.0 -1 -1 -1 -1000 -1000 -1000 -10 0.0003070831298828125
Car -1 -1 -10 0.0 190.0 19.0 295.0 -1 -1 -1 -1000 -1000 -1000 -10 0.0002799034118652344
Car -1 -1 -10 0.0 181.0 22.0 288.0 -1 -1 -1 -1000 -1000 -1000 -10 0.0002522468566894531
Car -1 -1 -10 0.0 186.0 17.0 315.0 -1 -1 -1 -1000 -1000 -1000 -10 0.00025200843811035156
Car -1 -1 -10 467.0 181.0 494.0 201.0 -1 -1 -1 -1000 -1000 -1000 -10 0.0002455711364746094
Car -1 -1 -10 0.0 186.0 17.0 281.0 -1 -1 -1 -1000 -1000 -1000 -10 0.00023162364959716797
Car -1 -1 -10 599.0 174.0 629.0 208.0 -1 -1 -1 -1000 -1000 -1000 -10 0.00022590160369873047
Car -1 -1 -10 0.0 176.0 22.0 271.0 -1 -1 -1 -1000 -1000 -1000 -10 0.0002219676971435547
Pedestrian -1 -1 -10 850.0 171.0 875.0 235.0 -1 -1 -1 -1000 -1000 -1000 -10 0.0001983642578125
Car -1 -1 -10 218.0 89.0 233.0 102.0 -1 -1 -1 -1000 -1000 -1000 -10 0.00017976760864257812
Car -1 -1 -10 0.0 177.0 12.0 239.0 -1 -1 -1 -1000 -1000 -1000 -10 0.00017523765563964844
Car -1 -1 -10 0.0 182.0 17.0 265.0 -1 -1 -1 -1000 -1000 -1000 -10 0.00017130374908447266
Pedestrian -1 -1 -10 843.0 162.0 884.0 238.0 -1 -1 -1 -1000 -1000 -1000 -10 0.0001614093780517578
Car -1 -1 -10 0.0 188.0 19.0 279.0 -1 -1 -1 -1000 -1000 -1000 -10 0.00015783309936523438
Car -1 -1 -10 132.0 92.0 158.0 112.0 -1 -1 -1 -1000 -1000 -1000 -10 0.00015163421630859375
Car -1 -1 -10 0.0 194.0 21.0 291.0 -1 -1 -1 -1000 -1000 -1000 -10 0.00015079975128173828
Car -1 -1 -10 1.0 200.0 9.0 263.0 -1 -1 -1 -1000 -1000 -1000 -10 0.0001436471939086914
Car -1 -1 -10 0.0 178.0 17.0 250.0 -1 -1 -1 -1000 -1000 -1000 -10 0.00014162063598632812
Pedestrian -1 -1 -10 847.0 161.0 874.0 224.0 -1 -1 -1 -1000 -1000 -1000 -10 0.00012946128845214844
Car -1 -1 -10 0.0 182.0 11.0 263.0 -1 -1 -1 -1000 -1000 -1000 -10 0.00012934207916259766
Car -1 -1 -10 1.0 210.0 10.0 271.0 -1 -1 -1 -1000 -1000 -1000 -10 0.00011539459228515625
Car -1 -1 -10 0.0 191.0 8.0 251.0 -1 -1 -1 -1000 -1000 -1000 -10 0.00011086463928222656
Car -1 -1 -10 215.0 88.0 236.0 103.0 -1 -1 -1 -1000 -1000 -1000 -10 0.00010579824447631836
