Car -1 -1 -10 0.0 166.0 258.0 296.0 -1 -1 -1 -1000 -1000 -1000 -10 0.96826171875
Car -1 -1 -10 366.0 176.0 464.0 214.0 -1 -1 -1 -1000 -1000 -1000 -10 0.94873046875
Cyclist -1 -1 -10 963.0 150.0 1027.0 231.0 -1 -1 -1 -1000 -1000 -1000 -10 0.93115234375
Cyclist -1 -1 -10 884.0 157.0 917.0 216.0 -1 -1 -1 -1000 -1000 -1000 -10 0.91162109375
Cyclist -1 -1 -10 855.0 160.0 880.0 209.0 -1 -1 -1 -1000 -1000 -1000 -10 0.84228515625
Cyclist -1 -1 -10 847.0 164.0 869.0 211.0 -1 -1 -1 -1000 -1000 -1000 -10 0.106201171875
Cyclist -1 -1 -10 849.0 163.0 871.0 209.0 -1 -1 -1 -1000 -1000 -1000 -10 0.0972900390625
Cyclist -1 -1 -10 856.0 165.0 878.0 207.0 -1 -1 -1 -1000 -1000 -1000 -10 0.08135986328125
Cyclist -1 -1 -10 856.0 159.0 884.0 202.0 -1 -1 -1 -1000 -1000 -1000 -10 0.03851318359375
Cyclist -1 -1 -10 844.0 163.0 866.0 207.0 -1 -1 -1 -1000 -1000 -1000 -10 0.01134490966796875
Cyclist -1 -1 -10 842.0 167.0 864.0 212.0 -1 -1 -1 -1000 -1000 -1000 -10 0.005741119384765625
Cyclist -1 -1 -10 842.0 162.0 864.0 208.0 -1 -1 -1 -1000 -1000 -1000 -10 0.005123138427734375
Cyclist -1 -1 -10 869.0 159.0 894.0 204.0 -1 -1 -1 -1000 -1000 -1000 -10 0.00481414794921875
Cyclist -1 -1 -10 880.0 157.0 915.0 207.0 -1 -1 -1 -1000 -1000 -1000 -10 0.002666473388671875
Cyclist -1 -1 -10 869.0 159.0 896.0 198.0 -1 -1 -1 -1000 -1000 -1000 -10 0.0023040771484375
Car -1 -1 -10 818.0 157.0 839.0 176.0 -1 -1 -1 -1000 -1000 -1000 -10 0.0021209716796875
Car -1 -1 -10 374.0 177.0 470.0 210.0 -1 -1 -1 -1000 -1000 -1000 -10 0.0017251968383789062
Car -1 -1 -10 0.0 196.0 25.0 366.0 -1 -1 -1 -1000 -1000 -1000 -10 0.0011434555053710938
Cyclist -1 -1 -10 1230.0 160.0 1242.0 272.0 -1 -1 -1 -1000 -1000 -1000 -10 0.001129150390625
Cyclist -1 -1 -10 1223.0 126.0 1242.0 280.0 -1 -1 -1 -1000 -1000 -1000 -10 0.001094818115234375
Cyclist -1 -1 -10 1226.0 147.0 1242.0 286.0 -1 -1 -1 -1000 -1000 -1000 -10 0.0010776519775390625
Car -1 -1 -10 64.0 171.0 184.0 286.0 -1 -1 -1 -1000 -1000 -1000 -10 0.0008664131164550781
Car -1 -1 -10 0.0 183.0 23.0 346.0 -1 -1 -1 -1000 -1000 -1000 -10 0.0008382797241210938
Car -1 -1 -10 358.0 163.0 467.0 226.0 -1 -1 -1 -1000 -1000 -1000 -10 0.0008044242858886719
Car -1 -1 -10 0.0 216.0 28.0 375.0 -1 -1 -1 -1000 -1000 -1000 -10 0.0007543563842773438
Cyclist -1 -1 -10 845.0 161.0 866.0 201.0 -1 -1 -1 -1000 -1000 -1000 -10 0.0006437301635742188
Car -1 -1 -10 966.0 37.0 988.0 53.0 -1 -1 -1 -1000 -1000 -1000 -10 0.0006122589111328125
Car -1 -1 -10 0.0 195.0 38.0 372.0 -1 -1 -1 -1000 -1000 -1000 -10 0.0006098747253417969
Cyclist -1 -1 -10 1219.0 112.0 1242.0 294.0 -1 -1 -1 -1000 -1000 -1000 -10 0.0005674362182617188
Car -1 -1 -10 818.0 158.0 841.0 177.0 -1 -1 -1 -1000 -1000 -1000 -10 0.000545501708984375
Car -1 -1 -10 398.0 177.0 483.0 207.0 -1 -1 -1 -1000 -1000 -1000 -10 0.0005044937133789062
Cyclist -1 -1 -10 1227.0 166.0 1242.0 296.0 -1 -1 -1 -1000 -1000 -1000 -10 0.0004916191101074219
Cyclist -1 -1 -10 1230.0 151.0 1242.0 261.0 -1 -1 -1 -1000 -1000 -1000 -10 0.0004725456237792969
Cyclist -1 -1 -10 950.0 140.0 1060.0 236.0 -1 -1 -1 -1000 -1000 -1000 -10 0.00046133995056152344
Cyclist -1 -1 -10 963.0 33.0 992.0 57.0 -1 -1 -1 -1000 -1000 -1000 -10 0.00045371055603027344
Cyclist -1 -1 -10 844.0 171.0 866.0 216.0 -1 -1 -1 -1000 -1000 -1000 -10 0.00043201446533203125
Cyclist -1 -1 -10 965.0 37.0 987.0 53.0 -1 -1 -1 -1000 -1000 -1000 -10 0.00041937828063964844
Cyclist -1 -1 -10 929.0 144.0 1043.0 247.0 -1 -1 -1 -1000 -1000 -1000 -10 0.0004105567932128906
Car -1 -1 -10 385.0 178.0 433.0 203.0 -1 -1 -1 -1000 -1000 -1000 -10 0.00036835670471191406
Car -1 -1 -10 331.0 130.0 514.0 274.0 -1 -1 -1 -1000 -1000 -1000 -10 0.0003445148468017578
Cyclist -1 -1 -10 1230.0 167.0 1241.0 265.0 -1 -1 -1 -1000 -1000 -1000 -10 0.00033783912658691406
Cyclist -1 -1 -10 1230.0 180.0 1242.0 282.0 -1 -1 -1 -1000 -1000 -1000 -10 0.00032329559326171875
Car -1 -1 -10 337.0 124.0 502.0 239.0 -1 -1 -1 -1000 -1000 -1000 -10 0.0003123283386230469
Cyclist -1 -1 -10 1221.0 109.0 1242.0 259.0 -1 -1 -1 -1000 -1000 -1000 -10 0.00030875205993652344
Car -1 -1 -10 0.0 201.0 46.0 375.0 -1 -1 -1 -1000 -1000 -1000 -10 0.0002982616424560547
Car -1 -1 -10 374.0 175.0 456.0 212.0 -1 -1 -1 -1000 -1000 -1000 -10 0.0002903938293457031
Cyclist -1 -1 -10 1209.0 102.0 1242.0 297.0 -1 -1 -1 -1000 -1000 -1000 -10 0.00028252601623535156
Car -1 -1 -10 392.0 178.0 443.0 204.0 -1 -1 -1 -1000 -1000 -1000 -10 0.0002815723419189453
Cyclist -1 -1 -10 962.0 37.0 989.0 53.0 -1 -1 -1 -1000 -1000 -1000 -10 0.0002713203430175781
Cyclist -1 -1 -10 1218.0 128.0 1242.0 278.0 -1 -1 -1 -1000 -1000 -1000 -10 0.000270843505859375
Cyclist -1 -1 -10 1221.0 155.0 1242.0 274.0 -1 -1 -1 -1000 -1000 -1000 -10 0.00027060508728027344
Car -1 -1 -10 0.0 199.0 25.0 329.0 -1 -1 -1 -1000 -1000 -1000 -10 0.00025391578674316406
Car -1 -1 -10 820.0 157.0 842.0 178.0 -1 -1 -1 -1000 -1000 -1000 -10 0.00024247169494628906
Car -1 -1 -10 820.0 158.0 838.0 178.0 -1 -1 -1 -1000 -1000 -1000 -10 0.00021767616271972656
Cyclist -1 -1 -10 854.0 171.0 876.0 215.0 -1 -1 -1 -1000 -1000 -1000 -10 0.00021457672119140625
Car -1 -1 -10 0.0 169.0 20.0 326.0 -1 -1 -1 -1000 -1000 -1000 -10 0.0002086162567138672
Cyclist -1 -1 -10 819.0 158.0 838.0 178.0 -1 -1 -1 -1000 -1000 -1000 -10 0.0002048015594482422
Cyclist -1 -1 -10 1212.0 127.0 1242.0 309.0 -1 -1 -1 -1000 -1000 -1000 -10 0.00019252300262451172
Car -1 -1 -10 409.0 175.0 481.0 204.0 -1 -1 -1 -1000 -1000 -1000 -10 0.00019240379333496094
Car -1 -1 -10 0.0 201.0 16.0 329.0 -1 -1 -1 -1000 -1000 -1000 -10 0.00017154216766357422
Car -1 -1 -10 0.0 220.0 17.0 347.0 -1 -1 -1 -1000 -1000 -1000 -10 0.00017130374908447266
Car -1 -1 -10 0.0 218.0 27.0 349.0 -1 -1 -1 -1000 -1000 -1000 -10 0.00016951560974121094
Cyclist -1 -1 -10 1215.0 102.0 1242.0 266.0 -1 -1 -1 -1000 -1000 -1000 -10 0.00016498565673828125
Cyclist -1 -1 -10 1219.0 148.0 1242.0 285.0 -1 -1 -1 -1000 -1000 -1000 -10 0.00016045570373535156
Cyclist -1 -1 -10 1218.0 149.0 1241.0 315.0 -1 -1 -1 -1000 -1000 -1000 -10 0.0001595020294189453
Car -1 -1 -10 962.0 36.0 993.0 54.0 -1 -1 -1 -1000 -1000 -1000 -10 0.0001595020294189453
Car -1 -1 -10 0.0 177.0 36.0 348.0 -1 -1 -1 -1000 -1000 -1000 -10 0.00015366077423095703
Cyclist -1 -1 -10 967.0 35.0 989.0 53.0 -1 -1 -1 -1000 -1000 -1000 -10 0.00014483928680419922
Car -1 -1 -10 365.0 179.0 461.0 218.0 -1 -1 -1 -1000 -1000 -1000 -10 0.00014257431030273438
Car -1 -1 -10 0.0 204.0 61.0 372.0 -1 -1 -1 -1000 -1000 -1000 -10 0.0001417398452758789
Cyclist -1 -1 -10 1230.0 144.0 1242.0 247.0 -1 -1 -1 -1000 -1000 -1000 -10 0.00013971328735351562
Cyclist -1 -1 -10 1223.0 174.0 1242.0 272.0 -1 -1 -1 -1000 -1000 -1000 -10 0.00013387203216552734
Car -1 -1 -10 0.0 245.0 31.0 375.0 -1 -1 -1 -1000 -1000 -1000 -10 0.00012969970703125
Car -1 -1 -10 418.0 178.0 485.0 207.0 -1 -1 -1 -1000 -1000 -1000 -10 0.00012636184692382812
Car -1 -1 -10 0.0 228.0 50.0 375.0 -1 -1 -1 -1000 -1000 -1000 -10 0.00011771917343139648
Cyclist -1 -1 -10 1230.0 194.0 1242.0 292.0 -1 -1 -1 -1000 -1000 -1000 -10 0.00011664628982543945
Cyclist -1 -1 -10 1231.0 192.0 1242.0 253.0 -1 -1 -1 -1000 -1000 -1000 -10 0.00010913610458374023
Cyclist -1 -1 -10 1208.0 125.0 1242.0 277.0 -1 -1 -1 -1000 -1000 -1000 -10 0.00010180473327636719
