Car -1 -1 -10 701.0 172.0 831.0 270.0 -1 -1 -1 -1000 -1000 -1000 -10 0.966796875
Car -1 -1 -10 29.0 193.0 343.0 348.0 -1 -1 -1 -1000 -1000 -1000 -10 0.95751953125
Car -1 -1 -10 665.0 163.0 753.0 242.0 -1 -1 -1 -1000 -1000 -1000 -10 0.95654296875
Pedestrian -1 -1 -10 862.0 149.0 906.0 251.0 -1 -1 -1 -1000 -1000 -1000 -10 0.94873046875
Car -1 -1 -10 278.0 184.0 418.0 273.0 -1 -1 -1 -1000 -1000 -1000 -10 0.93798828125
Car -1 -1 -10 463.0 176.0 510.0 210.0 -1 -1 -1 -1000 -1000 -1000 -10 0.9345703125
Cyclist -1 -1 -10 349.0 175.0 420.0 307.0 -1 -1 -1 -1000 -1000 -1000 -10 0.93408203125
Car -1 -1 -10 0.0 11.0 218.0 375.0 -1 -1 -1 -1000 -1000 -1000 -10 0.93115234375
Car -1 -1 -10 529.0 168.0 554.0 193.0 -1 -1 -1 -1000 -1000 -1000 -10 0.9306640625
Cyclist -1 -1 -10 439.0 169.0 477.0 247.0 -1 -1 -1 -1000 -1000 -1000 -10 0.90380859375
Car -1 -1 -10 653.0 164.0 720.0 226.0 -1 -1 -1 -1000 -1000 -1000 -10 0.89453125
Pedestrian -1 -1 -10 621.0 164.0 634.0 194.0 -1 -1 -1 -1000 -1000 -1000 -10 0.69140625
Pedestrian -1 -1 -10 619.0 163.0 632.0 194.0 -1 -1 -1 -1000 -1000 -1000 -10 0.681640625
Pedestrian -1 -1 -10 623.0 164.0 635.0 194.0 -1 -1 -1 -1000 -1000 -1000 -10 0.6748046875
Pedestrian -1 -1 -10 618.0 163.0 629.0 194.0 -1 -1 -1 -1000 -1000 -1000 -10 0.65771484375
Car -1 -1 -10 655.0 163.0 740.0 233.0 -1 -1 -1 -1000 -1000 -1000 -10 0.578125
Pedestrian -1 -1 -10 580.0 167.0 589.0 190.0 -1 -1 -1 -1000 -1000 -1000 -10 0.421142578125
Car -1 -1 -10 296.0 182.0 420.0 286.0 -1 -1 -1 -1000 -1000 -1000 -10 0.417236328125
Car -1 -1 -10 647.0 170.0 695.0 216.0 -1 -1 -1 -1000 -1000 -1000 -10 0.3984375
Cyclist -1 -1 -10 298.0 181.0 420.0 285.0 -1 -1 -1 -1000 -1000 -1000 -10 0.383056640625
Car -1 -1 -10 649.0 168.0 705.0 220.0 -1 -1 -1 -1000 -1000 -1000 -10 0.33251953125
Car -1 -1 -10 0.0 0.0 240.0 375.0 -1 -1 -1 -1000 -1000 -1000 -10 0.31982421875
Car -1 -1 -10 659.0 162.0 731.0 228.0 -1 -1 -1 -1000 -1000 -1000 -10 0.2364501953125
Car -1 -1 -10 303.0 185.0 428.0 278.0 -1 -1 -1 -1000 -1000 -1000 -10 0.2103271484375
Pedestrian -1 -1 -10 582.0 167.0 590.0 190.0 -1 -1 -1 -1000 -1000 -1000 -10 0.2060546875
Pedestrian -1 -1 -10 616.0 163.0 627.0 195.0 -1 -1 -1 -1000 -1000 -1000 -10 0.14697265625
Pedestrian -1 -1 -10 625.0 162.0 636.0 193.0 -1 -1 -1 -1000 -1000 -1000 -10 0.09759521484375
Pedestrian -1 -1 -10 620.0 161.0 633.0 192.0 -1 -1 -1 -1000 -1000 -1000 -10 0.045196533203125
Car -1 -1 -10 0.0 0.0 181.0 375.0 -1 -1 -1 -1000 -1000 -1000 -10 0.042449951171875
Car -1 -1 -10 646.0 168.0 689.0 213.0 -1 -1 -1 -1000 -1000 -1000 -10 0.029693603515625
Car -1 -1 -10 655.0 169.0 717.0 231.0 -1 -1 -1 -1000 -1000 -1000 -10 0.029144287109375
Pedestrian -1 -1 -10 579.0 168.0 590.0 191.0 -1 -1 -1 -1000 -1000 -1000 -10 0.0212554931640625
Cyclist -1 -1 -10 439.0 168.0 479.0 233.0 -1 -1 -1 -1000 -1000 -1000 -10 0.0181884765625
Pedestrian -1 -1 -10 627.0 164.0 639.0 197.0 -1 -1 -1 -1000 -1000 -1000 -10 0.0178985595703125
Cyclist -1 -1 -10 446.0 170.0 480.0 234.0 -1 -1 -1 -1000 -1000 -1000 -10 0.0172271728515625
Car -1 -1 -10 645.0 164.0 711.0 227.0 -1 -1 -1 -1000 -1000 -1000 -10 0.01465606689453125
Car -1 -1 -10 15.0 0.0 268.0 365.0 -1 -1 -1 -1000 -1000 -1000 -10 0.01392364501953125
Cyclist -1 -1 -10 276.0 177.0 419.0 303.0 -1 -1 -1 -1000 -1000 -1000 -10 0.01236724853515625
Car -1 -1 -10 0.0 0.0 80.0 375.0 -1 -1 -1 -1000 -1000 -1000 -10 0.0120849609375
Car -1 -1 -10 0.0 14.0 65.0 372.0 -1 -1 -1 -1000 -1000 -1000 -10 0.01165771484375
Car -1 -1 -10 658.0 167.0 710.0 224.0 -1 -1 -1 -1000 -1000 -1000 -10 0.00931549072265625
Car -1 -1 -10 0.0 177.0 55.0 336.0 -1 -1 -1 -1000 -1000 -1000 -10 0.00876617431640625
Car -1 -1 -10 0.0 0.0 122.0 375.0 -1 -1 -1 -1000 -1000 -1000 -10 0.00762176513671875
Car -1 -1 -10 8.0 183.0 229.0 369.0 -1 -1 -1 -1000 -1000 -1000 -10 0.0075531005859375
Pedestrian -1 -1 -10 579.0 167.0 588.0 189.0 -1 -1 -1 -1000 -1000 -1000 -10 0.00698089599609375
Car -1 -1 -10 0.0 6.0 79.0 375.0 -1 -1 -1 -1000 -1000 -1000 -10 0.00589752197265625
Pedestrian -1 -1 -10 613.0 161.0 626.0 191.0 -1 -1 -1 -1000 -1000 -1000 -10 0.0047149658203125
Cyclist -1 -1 -10 441.0 176.0 475.0 242.0 -1 -1 -1 -1000 -1000 -1000 -10 0.0036716461181640625
Pedestrian -1 -1 -10 582.0 167.0 591.0 187.0 -1 -1 -1 -1000 -1000 -1000 -10 0.00366973876953125
Car -1 -1 -10 1.0 170.0 104.0 323.0 -1 -1 -1 -1000 -1000 -1000 -10 0.0034961700439453125
Cyclist -1 -1 -10 432.0 170.0 481.0 241.0 -1 -1 -1 -1000 -1000 -1000 -10 0.00347900390625
Car -1 -1 -10 1219.0 199.0 1242.0 368.0 -1 -1 -1 -1000 -1000 -1000 -10 0.0032405853271484375
Cyclist -1 -1 -10 434.0 171.0 477.0 230.0 -1 -1 -1 -1000 -1000 -1000 -10 0.0032291412353515625
Cyclist -1 -1 -10 434.0 176.0 473.0 252.0 -1 -1 -1 -1000 -1000 -1000 -10 0.003131866455078125
Car -1 -1 -10 460.0 173.0 500.0 215.0 -1 -1 -1 -1000 -1000 -1000 -10 0.0030689239501953125
Car -1 -1 -10 0.0 10.0 37.0 375.0 -1 -1 -1 -1000 -1000 -1000 -10 0.0028476715087890625
Car -1 -1 -10 14.0 190.0 256.0 352.0 -1 -1 -1 -1000 -1000 -1000 -10 0.0027828216552734375
Cyclist -1 -1 -10 461.0 173.0 499.0 215.0 -1 -1 -1 -1000 -1000 -1000 -10 0.002742767333984375
Car -1 -1 -10 15.0 159.0 216.0 357.0 -1 -1 -1 -1000 -1000 -1000 -10 0.00254058837890625
Car -1 -1 -10 7.0 117.0 214.0 354.0 -1 -1 -1 -1000 -1000 -1000 -10 0.0024394989013671875
Car -1 -1 -10 1206.0 197.0 1242.0 371.0 -1 -1 -1 -1000 -1000 -1000 -10 0.0019426345825195312
Car -1 -1 -10 0.0 156.0 56.0 358.0 -1 -1 -1 -1000 -1000 -1000 -10 0.0017709732055664062
Car -1 -1 -10 0.0 192.0 30.0 359.0 -1 -1 -1 -1000 -1000 -1000 -10 0.0017671585083007812
Car -1 -1 -10 0.0 184.0 58.0 367.0 -1 -1 -1 -1000 -1000 -1000 -10 0.0016794204711914062
Car -1 -1 -10 644.0 167.0 699.0 213.0 -1 -1 -1 -1000 -1000 -1000 -10 0.0016393661499023438
Car -1 -1 -10 0.0 30.0 71.0 375.0 -1 -1 -1 -1000 -1000 -1000 -10 0.001514434814453125
Pedestrian -1 -1 -10 858.0 154.0 892.0 247.0 -1 -1 -1 -1000 -1000 -1000 -10 0.0014972686767578125
Cyclist -1 -1 -10 345.0 172.0 418.0 293.0 -1 -1 -1 -1000 -1000 -1000 -10 0.0014057159423828125
Car -1 -1 -10 23.0 207.0 294.0 366.0 -1 -1 -1 -1000 -1000 -1000 -10 0.0013265609741210938
Car -1 -1 -10 668.0 154.0 802.0 265.0 -1 -1 -1 -1000 -1000 -1000 -10 0.0013151168823242188
Car -1 -1 -10 11.0 213.0 251.0 365.0 -1 -1 -1 -1000 -1000 -1000 -10 0.001312255859375
Pedestrian -1 -1 -10 579.0 161.0 592.0 190.0 -1 -1 -1 -1000 -1000 -1000 -10 0.0012788772583007812
Car -1 -1 -10 1215.0 210.0 1242.0 372.0 -1 -1 -1 -1000 -1000 -1000 -10 0.0012302398681640625
Car -1 -1 -10 0.0 171.0 33.0 352.0 -1 -1 -1 -1000 -1000 -1000 -10 0.0011968612670898438
Car -1 -1 -10 1216.0 174.0 1242.0 367.0 -1 -1 -1 -1000 -1000 -1000 -10 0.0011854171752929688
Cyclist -1 -1 -10 432.0 157.0 498.0 238.0 -1 -1 -1 -1000 -1000 -1000 -10 0.0011129379272460938
Cyclist -1 -1 -10 444.0 171.0 479.0 245.0 -1 -1 -1 -1000 -1000 -1000 -10 0.001094818115234375
Cyclist -1 -1 -10 333.0 171.0 441.0 306.0 -1 -1 -1 -1000 -1000 -1000 -10 0.0010824203491210938
Car -1 -1 -10 15.0 85.0 212.0 373.0 -1 -1 -1 -1000 -1000 -1000 -10 0.0010614395141601562
Cyclist -1 -1 -10 415.0 163.0 480.0 245.0 -1 -1 -1 -1000 -1000 -1000 -10 0.0010585784912109375
Car -1 -1 -10 267.0 180.0 425.0 282.0 -1 -1 -1 -1000 -1000 -1000 -10 0.0008406639099121094
Car -1 -1 -10 115.0 202.0 243.0 336.0 -1 -1 -1 -1000 -1000 -1000 -10 0.0008301734924316406
Pedestrian -1 -1 -10 581.0 172.0 588.0 193.0 -1 -1 -1 -1000 -1000 -1000 -10 0.0007662773132324219
Car -1 -1 -10 532.0 167.0 555.0 192.0 -1 -1 -1 -1000 -1000 -1000 -10 0.0007557868957519531
Car -1 -1 -10 528.0 164.0 554.0 195.0 -1 -1 -1 -1000 -1000 -1000 -10 0.0007195472717285156
Car -1 -1 -10 0.0 192.0 117.0 368.0 -1 -1 -1 -1000 -1000 -1000 -10 0.000675201416015625
Car -1 -1 -10 0.0 131.0 35.0 362.0 -1 -1 -1 -1000 -1000 -1000 -10 0.0006728172302246094
Car -1 -1 -10 1193.0 199.0 1242.0 369.0 -1 -1 -1 -1000 -1000 -1000 -10 0.000606536865234375
Car -1 -1 -10 3.0 27.0 171.0 375.0 -1 -1 -1 -1000 -1000 -1000 -10 0.0006031990051269531
Car -1 -1 -10 634.0 155.0 763.0 254.0 -1 -1 -1 -1000 -1000 -1000 -10 0.0005998611450195312
Car -1 -1 -10 333.0 182.0 417.0 287.0 -1 -1 -1 -1000 -1000 -1000 -10 0.0005993843078613281
Car -1 -1 -10 1218.0 215.0 1242.0 358.0 -1 -1 -1 -1000 -1000 -1000 -10 0.0005664825439453125
Car -1 -1 -10 458.0 165.0 526.0 229.0 -1 -1 -1 -1000 -1000 -1000 -10 0.0005507469177246094
Car -1 -1 -10 531.0 164.0 555.0 189.0 -1 -1 -1 -1000 -1000 -1000 -10 0.0005278587341308594
Pedestrian -1 -1 -10 859.0 153.0 902.0 254.0 -1 -1 -1 -1000 -1000 -1000 -10 0.0005087852478027344
Pedestrian -1 -1 -10 616.0 163.0 639.0 194.0 -1 -1 -1 -1000 -1000 -1000 -10 0.0005030632019042969
Car -1 -1 -10 18.0 209.0 160.0 280.0 -1 -1 -1 -1000 -1000 -1000 -10 0.0004551410675048828
Pedestrian -1 -1 -10 627.0 163.0 660.0 210.0 -1 -1 -1 -1000 -1000 -1000 -10 0.00045180320739746094
Car -1 -1 -10 1182.0 204.0 1242.0 368.0 -1 -1 -1 -1000 -1000 -1000 -10 0.000446319580078125
Car -1 -1 -10 37.0 61.0 184.0 351.0 -1 -1 -1 -1000 -1000 -1000 -10 0.0004394054412841797
Car -1 -1 -10 668.0 164.0 719.0 219.0 -1 -1 -1 -1000 -1000 -1000 -10 0.0004074573516845703
Car -1 -1 -10 0.0 201.0 34.0 293.0 -1 -1 -1 -1000 -1000 -1000 -10 0.00040340423583984375
Cyclist -1 -1 -10 356.0 178.0 423.0 294.0 -1 -1 -1 -1000 -1000 -1000 -10 0.000385284423828125
Car -1 -1 -10 0.0 192.0 154.0 365.0 -1 -1 -1 -1000 -1000 -1000 -10 0.0003662109375
Car -1 -1 -10 0.0 152.0 152.0 339.0 -1 -1 -1 -1000 -1000 -1000 -10 0.00036454200744628906
Pedestrian -1 -1 -10 620.0 165.0 648.0 197.0 -1 -1 -1 -1000 -1000 -1000 -10 0.0003628730773925781
Car -1 -1 -10 21.0 8.0 285.0 313.0 -1 -1 -1 -1000 -1000 -1000 -10 0.00035953521728515625
Pedestrian -1 -1 -10 580.0 167.0 593.0 188.0 -1 -1 -1 -1000 -1000 -1000 -10 0.00034737586975097656
Car -1 -1 -10 1201.0 218.0 1241.0 359.0 -1 -1 -1 -1000 -1000 -1000 -10 0.0003285408020019531
Car -1 -1 -10 0.0 108.0 63.0 371.0 -1 -1 -1 -1000 -1000 -1000 -10 0.00030875205993652344
Cyclist -1 -1 -10 337.0 181.0 413.0 289.0 -1 -1 -1 -1000 -1000 -1000 -10 0.0002999305725097656
Car -1 -1 -10 622.0 144.0 753.0 240.0 -1 -1 -1 -1000 -1000 -1000 -10 0.00029778480529785156
Car -1 -1 -10 0.0 10.0 107.0 369.0 -1 -1 -1 -1000 -1000 -1000 -10 0.0002911090850830078
Car -1 -1 -10 1225.0 217.0 1242.0 354.0 -1 -1 -1 -1000 -1000 -1000 -10 0.0002834796905517578
Pedestrian -1 -1 -10 605.0 167.0 616.0 190.0 -1 -1 -1 -1000 -1000 -1000 -10 0.0002777576446533203
Pedestrian -1 -1 -10 815.0 128.0 963.0 265.0 -1 -1 -1 -1000 -1000 -1000 -10 0.0002734661102294922
Pedestrian -1 -1 -10 614.0 163.0 635.0 194.0 -1 -1 -1 -1000 -1000 -1000 -10 0.0002701282501220703
Car -1 -1 -10 0.0 196.0 30.0 312.0 -1 -1 -1 -1000 -1000 -1000 -10 0.0002646446228027344
Car -1 -1 -10 454.0 173.0 498.0 210.0 -1 -1 -1 -1000 -1000 -1000 -10 0.0002586841583251953
Car -1 -1 -10 0.0 169.0 202.0 374.0 -1 -1 -1 -1000 -1000 -1000 -10 0.0002548694610595703
Cyclist -1 -1 -10 353.0 177.0 437.0 269.0 -1 -1 -1 -1000 -1000 -1000 -10 0.0002422332763671875
Car -1 -1 -10 137.0 208.0 253.0 327.0 -1 -1 -1 -1000 -1000 -1000 -10 0.00024211406707763672
Car -1 -1 -10 0.0 213.0 28.0 372.0 -1 -1 -1 -1000 -1000 -1000 -10 0.0002415180206298828
Cyclist -1 -1 -10 392.0 168.0 448.0 270.0 -1 -1 -1 -1000 -1000 -1000 -10 0.00023615360260009766
Cyclist -1 -1 -10 384.0 124.0 547.0 255.0 -1 -1 -1 -1000 -1000 -1000 -10 0.00023257732391357422
Car -1 -1 -10 0.0 87.0 68.0 355.0 -1 -1 -1 -1000 -1000 -1000 -10 0.0002315044403076172
Car -1 -1 -10 1.0 33.0 110.0 375.0 -1 -1 -1 -1000 -1000 -1000 -10 0.0002218484878540039
Car -1 -1 -10 19.0 136.0 206.0 333.0 -1 -1 -1 -1000 -1000 -1000 -10 0.0002155303955078125
Pedestrian -1 -1 -10 616.0 161.0 637.0 192.0 -1 -1 -1 -1000 -1000 -1000 -10 0.00021457672119140625
Car -1 -1 -10 31.0 203.0 188.0 290.0 -1 -1 -1 -1000 -1000 -1000 -10 0.00021326541900634766
Car -1 -1 -10 1190.0 218.0 1242.0 375.0 -1 -1 -1 -1000 -1000 -1000 -10 0.0002130270004272461
Car -1 -1 -10 655.0 153.0 776.0 247.0 -1 -1 -1 -1000 -1000 -1000 -10 0.00021159648895263672
Car -1 -1 -10 0.0 214.0 57.0 374.0 -1 -1 -1 -1000 -1000 -1000 -10 0.0002028942108154297
Car -1 -1 -10 0.0 135.0 62.0 350.0 -1 -1 -1 -1000 -1000 -1000 -10 0.0001989603042602539
Car -1 -1 -10 426.0 136.0 581.0 275.0 -1 -1 -1 -1000 -1000 -1000 -10 0.00019848346710205078
Pedestrian -1 -1 -10 794.0 130.0 941.0 272.0 -1 -1 -1 -1000 -1000 -1000 -10 0.0001970529556274414
Car -1 -1 -10 682.0 168.0 732.0 229.0 -1 -1 -1 -1000 -1000 -1000 -10 0.00019621849060058594
Car -1 -1 -10 0.0 188.0 99.0 364.0 -1 -1 -1 -1000 -1000 -1000 -10 0.0001811981201171875
Car -1 -1 -10 1222.0 165.0 1242.0 322.0 -1 -1 -1 -1000 -1000 -1000 -10 0.00018024444580078125
Car -1 -1 -10 46.0 207.0 338.0 358.0 -1 -1 -1 -1000 -1000 -1000 -10 0.00017940998077392578
Cyclist -1 -1 -10 426.0 173.0 471.0 241.0 -1 -1 -1 -1000 -1000 -1000 -10 0.00017786026000976562
Car -1 -1 -10 462.0 181.0 509.0 216.0 -1 -1 -1 -1000 -1000 -1000 -10 0.00017249584197998047
Pedestrian -1 -1 -10 618.0 161.0 638.0 198.0 -1 -1 -1 -1000 -1000 -1000 -10 0.00017118453979492188
Pedestrian -1 -1 -10 620.0 168.0 633.0 196.0 -1 -1 -1 -1000 -1000 -1000 -10 0.00017118453979492188
Car -1 -1 -10 29.0 178.0 175.0 234.0 -1 -1 -1 -1000 -1000 -1000 -10 0.00016641616821289062
Car -1 -1 -10 32.0 170.0 171.0 227.0 -1 -1 -1 -1000 -1000 -1000 -10 0.0001615285873413086
Car -1 -1 -10 649.0 169.0 675.0 201.0 -1 -1 -1 -1000 -1000 -1000 -10 0.00016129016876220703
Car -1 -1 -10 12.0 157.0 243.0 325.0 -1 -1 -1 -1000 -1000 -1000 -10 0.00015461444854736328
Car -1 -1 -10 442.0 169.0 496.0 217.0 -1 -1 -1 -1000 -1000 -1000 -10 0.000148773193359375
Car -1 -1 -10 0.0 218.0 33.0 276.0 -1 -1 -1 -1000 -1000 -1000 -10 0.0001423358917236328
Car -1 -1 -10 0.0 89.0 214.0 312.0 -1 -1 -1 -1000 -1000 -1000 -10 0.0001418590545654297
Car -1 -1 -10 27.0 43.0 171.0 333.0 -1 -1 -1 -1000 -1000 -1000 -10 0.00013756752014160156
Car -1 -1 -10 522.0 169.0 550.0 194.0 -1 -1 -1 -1000 -1000 -1000 -10 0.0001316070556640625
Car -1 -1 -10 593.0 148.0 745.0 255.0 -1 -1 -1 -1000 -1000 -1000 -10 0.00012218952178955078
Car -1 -1 -10 1217.0 154.0 1242.0 334.0 -1 -1 -1 -1000 -1000 -1000 -10 0.0001220703125
Car -1 -1 -10 0.0 87.0 32.0 319.0 -1 -1 -1 -1000 -1000 -1000 -10 0.00012105703353881836
Pedestrian -1 -1 -10 616.0 169.0 626.0 196.0 -1 -1 -1 -1000 -1000 -1000 -10 0.00011676549911499023
Car -1 -1 -10 4.0 105.0 239.0 319.0 -1 -1 -1 -1000 -1000 -1000 -10 0.00011652708053588867
Car -1 -1 -10 1221.0 154.0 1242.0 288.0 -1 -1 -1 -1000 -1000 -1000 -10 0.00011110305786132812
Car -1 -1 -10 0.0 71.0 30.0 294.0 -1 -1 -1 -1000 -1000 -1000 -10 0.00010675191879272461
Car -1 -1 -10 1.0 195.0 54.0 315.0 -1 -1 -1 -1000 -1000 -1000 -10 0.00010436773300170898
Pedestrian -1 -1 -10 862.0 166.0 908.0 233.0 -1 -1 -1 -1000 -1000 -1000 -10 0.0001036524772644043
Car -1 -1 -10 1159.0 197.0 1242.0 369.0 -1 -1 -1 -1000 -1000 -1000 -10 0.00010228157043457031
Cyclist -1 -1 -10 429.0 175.0 469.0 247.0 -1 -1 -1 -1000 -1000 -1000 -10 0.00010180473327636719
