Car -1 -1 -10 794.0 169.0 869.0 234.0 -1 -1 -1 -1000 -1000 -1000 -10 0.9658203125
Car -1 -1 -10 299.0 185.0 486.0 263.0 -1 -1 -1 -1000 -1000 -1000 -10 0.95751953125
Car -1 -1 -10 1149.0 160.0 1241.0 199.0 -1 -1 -1 -1000 -1000 -1000 -10 0.943359375
Car -1 -1 -10 1228.0 155.0 1242.0 195.0 -1 -1 -1 -1000 -1000 -1000 -10 0.00402069091796875
Car -1 -1 -10 1227.0 158.0 1241.0 200.0 -1 -1 -1 -1000 -1000 -1000 -10 0.002964019775390625
Car -1 -1 -10 1223.0 158.0 1242.0 198.0 -1 -1 -1 -1000 -1000 -1000 -10 0.0024967193603515625
Car -1 -1 -10 1223.0 160.0 1242.0 203.0 -1 -1 -1 -1000 -1000 -1000 -10 0.0024356842041015625
Car -1 -1 -10 1169.0 160.0 1241.0 200.0 -1 -1 -1 -1000 -1000 -1000 -10 0.0014276504516601562
Car -1 -1 -10 1146.0 144.0 1242.0 208.0 -1 -1 -1 -1000 -1000 -1000 -10 0.0011777877807617188
Car -1 -1 -10 1225.0 151.0 1242.0 195.0 -1 -1 -1 -1000 -1000 -1000 -10 0.0010318756103515625
Car -1 -1 -10 1217.0 161.0 1242.0 203.0 -1 -1 -1 -1000 -1000 -1000 -10 0.00102996826171875
Car -1 -1 -10 1143.0 152.0 1242.0 215.0 -1 -1 -1 -1000 -1000 -1000 -10 0.0009775161743164062
Car -1 -1 -10 295.0 177.0 490.0 277.0 -1 -1 -1 -1000 -1000 -1000 -10 0.00090789794921875
Car -1 -1 -10 761.0 153.0 884.0 256.0 -1 -1 -1 -1000 -1000 -1000 -10 0.0007181167602539062
Car -1 -1 -10 1232.0 146.0 1242.0 187.0 -1 -1 -1 -1000 -1000 -1000 -10 0.0007066726684570312
Car -1 -1 -10 1229.0 160.0 1242.0 211.0 -1 -1 -1 -1000 -1000 -1000 -10 0.0005016326904296875
Car -1 -1 -10 775.0 152.0 906.0 257.0 -1 -1 -1 -1000 -1000 -1000 -10 0.0004963874816894531
Pedestrian -1 -1 -10 0.0 138.0 22.0 308.0 -1 -1 -1 -1000 -1000 -1000 -10 0.0004284381866455078
Car -1 -1 -10 315.0 186.0 464.0 260.0 -1 -1 -1 -1000 -1000 -1000 -10 0.00036787986755371094
Car -1 -1 -10 1170.0 164.0 1221.0 193.0 -1 -1 -1 -1000 -1000 -1000 -10 0.0003657341003417969
Car -1 -1 -10 1096.0 128.0 1242.0 261.0 -1 -1 -1 -1000 -1000 -1000 -10 0.0002963542938232422
Car -1 -1 -10 1102.0 106.0 1242.0 239.0 -1 -1 -1 -1000 -1000 -1000 -10 0.0002658367156982422
Pedestrian -1 -1 -10 0.0 129.0 25.0 316.0 -1 -1 -1 -1000 -1000 -1000 -10 0.00024628639221191406
Car -1 -1 -10 799.0 170.0 867.0 221.0 -1 -1 -1 -1000 -1000 -1000 -10 0.0002300739288330078
Car -1 -1 -10 911.0 87.0 926.0 103.0 -1 -1 -1 -1000 -1000 -1000 -10 0.0002205371856689453
Car -1 -1 -10 906.0 86.0 930.0 104.0 -1 -1 -1 -1000 -1000 -1000 -10 0.00021028518676757812
Car -1 -1 -10 1218.0 153.0 1242.0 193.0 -1 -1 -1 -1000 -1000 -1000 -10 0.0001971721649169922
Car -1 -1 -10 794.0 172.0 857.0 233.0 -1 -1 -1 -1000 -1000 -1000 -10 0.0001875162124633789
Car -1 -1 -10 1175.0 152.0 1242.0 197.0 -1 -1 -1 -1000 -1000 -1000 -10 0.00018727779388427734
Car -1 -1 -10 310.0 188.0 463.0 240.0 -1 -1 -1 -1000 -1000 -1000 -10 0.00016939640045166016
Pedestrian -1 -1 -10 0.0 131.0 19.0 283.0 -1 -1 -1 -1000 -1000 -1000 -10 0.0001590251922607422
Car -1 -1 -10 871.0 172.0 895.0 192.0 -1 -1 -1 -1000 -1000 -1000 -10 0.00014090538024902344
Car -1 -1 -10 85.0 53.0 124.0 79.0 -1 -1 -1 -1000 -1000 -1000 -10 0.00014007091522216797
Car -1 -1 -10 1219.0 144.0 1242.0 201.0 -1 -1 -1 -1000 -1000 -1000 -10 0.00013077259063720703
Pedestrian -1 -1 -10 1004.0 0.0 1025.0 1.0 -1 -1 -1 -1000 -1000 -1000 -10 0.00012433528900146484
Pedestrian -1 -1 -10 0.0 133.0 32.0 310.0 -1 -1 -1 -1000 -1000 -1000 -10 0.00012218952178955078
Pedestrian -1 -1 -10 994.0 0.0 1018.0 1.0 -1 -1 -1 -1000 -1000 -1000 -10 0.00011992454528808594
Car -1 -1 -10 312.0 185.0 485.0 243.0 -1 -1 -1 -1000 -1000 -1000 -10 0.00011897087097167969
Car -1 -1 -10 90.0 54.0 119.0 79.0 -1 -1 -1 -1000 -1000 -1000 -10 0.0001112222671508789
Car -1 -1 -10 93.0 54.0 122.0 79.0 -1 -1 -1 -1000 -1000 -1000 -10 0.00011086463928222656
Pedestrian -1 -1 -10 484.0 0.0 514.0 8.0 -1 -1 -1 -1000 -1000 -1000 -10 0.00010824203491210938
