Car -1 -1 -10 0.0 201.0 301.0 367.0 -1 -1 -1 -1000 -1000 -1000 -10 0.9736328125
Cyclist -1 -1 -10 991.0 147.0 1029.0 216.0 -1 -1 -1 -1000 -1000 -1000 -10 0.96533203125
Car -1 -1 -10 463.0 172.0 491.0 191.0 -1 -1 -1 -1000 -1000 -1000 -10 0.9296875
Car -1 -1 -10 460.0 173.0 486.0 190.0 -1 -1 -1 -1000 -1000 -1000 -10 0.0026035308837890625
Pedestrian -1 -1 -10 540.0 165.0 555.0 192.0 -1 -1 -1 -1000 -1000 -1000 -10 0.0025081634521484375
Pedestrian -1 -1 -10 543.0 167.0 556.0 194.0 -1 -1 -1 -1000 -1000 -1000 -10 0.0019197463989257812
Car -1 -1 -10 0.0 186.0 16.0 259.0 -1 -1 -1 -1000 -1000 -1000 -10 0.0013303756713867188
Car -1 -1 -10 0.0 189.0 17.0 273.0 -1 -1 -1 -1000 -1000 -1000 -10 0.0012874603271484375
Pedestrian -1 -1 -10 542.0 167.0 554.0 190.0 -1 -1 -1 -1000 -1000 -1000 -10 0.0012674331665039062
Pedestrian -1 -1 -10 544.0 165.0 558.0 193.0 -1 -1 -1 -1000 -1000 -1000 -10 0.0012302398681640625
Cyclist -1 -1 -10 1215.0 132.0 1224.0 221.0 -1 -1 -1 -1000 -1000 -1000 -10 0.0012083053588867188
Car -1 -1 -10 0.0 184.0 12.0 261.0 -1 -1 -1 -1000 -1000 -1000 -10 0.0009889602661132812
Car -1 -1 -10 0.0 188.0 13.0 272.0 -1 -1 -1 -1000 -1000 -1000 -10 0.0008678436279296875
Car -1 -1 -10 461.0 170.0 492.0 200.0 -1 -1 -1 -1000 -1000 -1000 -10 0.0006871223449707031
Pedestrian -1 -1 -10 541.0 169.0 554.0 194.0 -1 -1 -1 -1000 -1000 -1000 -10 0.0006709098815917969
Cyclist -1 -1 -10 1214.0 137.0 1224.0 236.0 -1 -1 -1 -1000 -1000 -1000 -10 0.0006093978881835938
Pedestrian -1 -1 -10 1212.0 132.0 1224.0 247.0 -1 -1 -1 -1000 -1000 -1000 -10 0.0005307197570800781
Car -1 -1 -10 0.0 174.0 12.0 248.0 -1 -1 -1 -1000 -1000 -1000 -10 0.0005154609680175781
Car -1 -1 -10 466.0 170.0 495.0 190.0 -1 -1 -1 -1000 -1000 -1000 -10 0.00048732757568359375
Car -1 -1 -10 0.0 188.0 24.0 274.0 -1 -1 -1 -1000 -1000 -1000 -10 0.00048351287841796875
Car -1 -1 -10 0.0 183.0 24.0 261.0 -1 -1 -1 -1000 -1000 -1000 -10 0.0004315376281738281
Car -1 -1 -10 462.0 168.0 493.0 195.0 -1 -1 -1 -1000 -1000 -1000 -10 0.000431060791015625
Car -1 -1 -10 0.0 194.0 13.0 283.0 -1 -1 -1 -1000 -1000 -1000 -10 0.0004277229309082031
Pedestrian -1 -1 -10 1209.0 138.0 1224.0 283.0 -1 -1 -1 -1000 -1000 -1000 -10 0.0004241466522216797
Car -1 -1 -10 457.0 174.0 484.0 192.0 -1 -1 -1 -1000 -1000 -1000 -10 0.0004143714904785156
Cyclist -1 -1 -10 1216.0 149.0 1223.0 202.0 -1 -1 -1 -1000 -1000 -1000 -10 0.00040340423583984375
Cyclist -1 -1 -10 1216.0 143.0 1224.0 190.0 -1 -1 -1 -1000 -1000 -1000 -10 0.0003666877746582031
Pedestrian -1 -1 -10 1212.0 130.0 1224.0 215.0 -1 -1 -1 -1000 -1000 -1000 -10 0.00036597251892089844
Car -1 -1 -10 87.0 210.0 202.0 352.0 -1 -1 -1 -1000 -1000 -1000 -10 0.0003657341003417969
Car -1 -1 -10 454.0 175.0 474.0 189.0 -1 -1 -1 -1000 -1000 -1000 -10 0.0003399848937988281
Car -1 -1 -10 0.0 187.0 20.0 314.0 -1 -1 -1 -1000 -1000 -1000 -10 0.00031447410583496094
Pedestrian -1 -1 -10 541.0 167.0 557.0 196.0 -1 -1 -1 -1000 -1000 -1000 -10 0.0003027915954589844
Pedestrian -1 -1 -10 1207.0 154.0 1224.0 309.0 -1 -1 -1 -1000 -1000 -1000 -10 0.00029206275939941406
Car -1 -1 -10 0.0 177.0 14.0 245.0 -1 -1 -1 -1000 -1000 -1000 -10 0.0002872943878173828
Pedestrian -1 -1 -10 1213.0 152.0 1224.0 264.0 -1 -1 -1 -1000 -1000 -1000 -10 0.00027751922607421875
Cyclist -1 -1 -10 1215.0 134.0 1224.0 190.0 -1 -1 -1 -1000 -1000 -1000 -10 0.000274658203125
Cyclist -1 -1 -10 1214.0 138.0 1224.0 215.0 -1 -1 -1 -1000 -1000 -1000 -10 0.00026416778564453125
Pedestrian -1 -1 -10 548.0 167.0 560.0 189.0 -1 -1 -1 -1000 -1000 -1000 -10 0.00026035308837890625
Car -1 -1 -10 0.0 170.0 12.0 234.0 -1 -1 -1 -1000 -1000 -1000 -10 0.00023567676544189453
Car -1 -1 -10 0.0 194.0 11.0 251.0 -1 -1 -1 -1000 -1000 -1000 -10 0.00023543834686279297
Car -1 -1 -10 0.0 185.0 34.0 257.0 -1 -1 -1 -1000 -1000 -1000 -10 0.0002351999282836914
Car -1 -1 -10 1.0 176.0 22.0 246.0 -1 -1 -1 -1000 -1000 -1000 -10 0.00021469593048095703
Pedestrian -1 -1 -10 1216.0 139.0 1223.0 183.0 -1 -1 -1 -1000 -1000 -1000 -10 0.00021326541900634766
Car -1 -1 -10 0.0 165.0 16.0 245.0 -1 -1 -1 -1000 -1000 -1000 -10 0.00021278858184814453
Car -1 -1 -10 0.0 191.0 34.0 274.0 -1 -1 -1 -1000 -1000 -1000 -10 0.00019347667694091797
Pedestrian -1 -1 -10 1212.0 128.0 1224.0 189.0 -1 -1 -1 -1000 -1000 -1000 -10 0.00017404556274414062
Car -1 -1 -10 469.0 170.0 494.0 188.0 -1 -1 -1 -1000 -1000 -1000 -10 0.000171661376953125
Car -1 -1 -10 0.0 184.0 11.0 238.0 -1 -1 -1 -1000 -1000 -1000 -10 0.00016939640045166016
Car -1 -1 -10 0.0 189.0 25.0 311.0 -1 -1 -1 -1000 -1000 -1000 -10 0.00016224384307861328
Cyclist -1 -1 -10 1207.0 131.0 1224.0 222.0 -1 -1 -1 -1000 -1000 -1000 -10 0.0001499652862548828
Pedestrian -1 -1 -10 547.0 167.0 563.0 189.0 -1 -1 -1 -1000 -1000 -1000 -10 0.0001494884490966797
Pedestrian -1 -1 -10 536.0 166.0 558.0 192.0 -1 -1 -1 -1000 -1000 -1000 -10 0.00014543533325195312
Car -1 -1 -10 0.0 195.0 14.0 303.0 -1 -1 -1 -1000 -1000 -1000 -10 0.0001405477523803711
Car -1 -1 -10 0.0 199.0 11.0 258.0 -1 -1 -1 -1000 -1000 -1000 -10 0.00013363361358642578
Cyclist -1 -1 -10 1214.0 136.0 1224.0 199.0 -1 -1 -1 -1000 -1000 -1000 -10 0.00013005733489990234
Pedestrian -1 -1 -10 1202.0 132.0 1224.0 291.0 -1 -1 -1 -1000 -1000 -1000 -10 0.00012993812561035156
Pedestrian -1 -1 -10 1200.0 149.0 1224.0 317.0 -1 -1 -1 -1000 -1000 -1000 -10 0.0001285076141357422
Car -1 -1 -10 1.0 170.0 21.0 235.0 -1 -1 -1 -1000 -1000 -1000 -10 0.00012254714965820312
Cyclist -1 -1 -10 981.0 147.0 1033.0 217.0 -1 -1 -1 -1000 -1000 -1000 -10 0.0001195669174194336
Pedestrian -1 -1 -10 1205.0 175.0 1224.0 325.0 -1 -1 -1 -1000 -1000 -1000 -10 0.00011044740676879883
Car -1 -1 -10 454.0 173.0 471.0 188.0 -1 -1 -1 -1000 -1000 -1000 -10 0.00010979175567626953
Car -1 -1 -10 0.0 177.0 11.0 226.0 -1 -1 -1 -1000 -1000 -1000 -10 0.00010770559310913086
Car -1 -1 -10 0.0 196.0 20.0 356.0 -1 -1 -1 -1000 -1000 -1000 -10 0.00010448694229125977
Cyclist -1 -1 -10 1206.0 137.0 1224.0 215.0 -1 -1 -1 -1000 -1000 -1000 -10 0.00010162591934204102
