Car -1 -1 -10 747.0 176.0 917.0 297.0 -1 -1 -1 -1000 -1000 -1000 -10 0.97216796875
Car -1 -1 -10 930.0 133.0 1240.0 373.0 -1 -1 -1 -1000 -1000 -1000 -10 0.96337890625
Car -1 -1 -10 669.0 173.0 721.0 217.0 -1 -1 -1 -1000 -1000 -1000 -10 0.9619140625
Car -1 -1 -10 578.0 176.0 629.0 226.0 -1 -1 -1 -1000 -1000 -1000 -10 0.9541015625
Car -1 -1 -10 652.0 175.0 695.0 211.0 -1 -1 -1 -1000 -1000 -1000 -10 0.93896484375
Car -1 -1 -10 597.0 171.0 638.0 212.0 -1 -1 -1 -1000 -1000 -1000 -10 0.9267578125
Car -1 -1 -10 644.0 174.0 681.0 206.0 -1 -1 -1 -1000 -1000 -1000 -10 0.83544921875
Car -1 -1 -10 594.0 173.0 636.0 215.0 -1 -1 -1 -1000 -1000 -1000 -10 0.3671875
Car -1 -1 -10 656.0 173.0 703.0 214.0 -1 -1 -1 -1000 -1000 -1000 -10 0.203369140625
Car -1 -1 -10 644.0 172.0 687.0 209.0 -1 -1 -1 -1000 -1000 -1000 -10 0.0924072265625
Car -1 -1 -10 384.0 179.0 419.0 194.0 -1 -1 -1 -1000 -1000 -1000 -10 0.0237884521484375
Car -1 -1 -10 382.0 178.0 421.0 193.0 -1 -1 -1 -1000 -1000 -1000 -10 0.018310546875
Car -1 -1 -10 366.0 176.0 418.0 194.0 -1 -1 -1 -1000 -1000 -1000 -10 0.00534820556640625
Car -1 -1 -10 0.0 204.0 21.0 302.0 -1 -1 -1 -1000 -1000 -1000 -10 0.004291534423828125
Car -1 -1 -10 341.0 174.0 392.0 193.0 -1 -1 -1 -1000 -1000 -1000 -10 0.004192352294921875
Car -1 -1 -10 376.0 180.0 417.0 198.0 -1 -1 -1 -1000 -1000 -1000 -10 0.0033779144287109375
Car -1 -1 -10 342.0 170.0 393.0 189.0 -1 -1 -1 -1000 -1000 -1000 -10 0.002635955810546875
Car -1 -1 -10 0.0 197.0 18.0 296.0 -1 -1 -1 -1000 -1000 -1000 -10 0.0024127960205078125
Car -1 -1 -10 383.0 180.0 420.0 196.0 -1 -1 -1 -1000 -1000 -1000 -10 0.00193023681640625
Car -1 -1 -10 0.0 199.0 23.0 292.0 -1 -1 -1 -1000 -1000 -1000 -10 0.0019130706787109375
Car -1 -1 -10 588.0 170.0 627.0 213.0 -1 -1 -1 -1000 -1000 -1000 -10 0.0017709732055664062
Car -1 -1 -10 0.0 202.0 22.0 349.0 -1 -1 -1 -1000 -1000 -1000 -10 0.0013189315795898438
Car -1 -1 -10 604.0 170.0 638.0 207.0 -1 -1 -1 -1000 -1000 -1000 -10 0.0012044906616210938
Car -1 -1 -10 0.0 210.0 18.0 311.0 -1 -1 -1 -1000 -1000 -1000 -10 0.0010671615600585938
Car -1 -1 -10 345.0 180.0 390.0 198.0 -1 -1 -1 -1000 -1000 -1000 -10 0.0010118484497070312
Car -1 -1 -10 575.0 166.0 633.0 234.0 -1 -1 -1 -1000 -1000 -1000 -10 0.0009665489196777344
Car -1 -1 -10 664.0 160.0 723.0 220.0 -1 -1 -1 -1000 -1000 -1000 -10 0.0009608268737792969
Car -1 -1 -10 0.0 211.0 24.0 312.0 -1 -1 -1 -1000 -1000 -1000 -10 0.0008955001831054688
Car -1 -1 -10 644.0 179.0 675.0 207.0 -1 -1 -1 -1000 -1000 -1000 -10 0.0008759498596191406
Car -1 -1 -10 666.0 164.0 731.0 232.0 -1 -1 -1 -1000 -1000 -1000 -10 0.0008144378662109375
Car -1 -1 -10 375.0 178.0 414.0 194.0 -1 -1 -1 -1000 -1000 -1000 -10 0.0007319450378417969
Car -1 -1 -10 0.0 195.0 28.0 294.0 -1 -1 -1 -1000 -1000 -1000 -10 0.0006823539733886719
Car -1 -1 -10 0.0 203.0 27.0 315.0 -1 -1 -1 -1000 -1000 -1000 -10 0.0006256103515625
Car -1 -1 -10 575.0 177.0 623.0 220.0 -1 -1 -1 -1000 -1000 -1000 -10 0.0005936622619628906
Car -1 -1 -10 389.0 176.0 428.0 193.0 -1 -1 -1 -1000 -1000 -1000 -10 0.0005731582641601562
Car -1 -1 -10 0.0 191.0 16.0 283.0 -1 -1 -1 -1000 -1000 -1000 -10 0.0005311965942382812
Car -1 -1 -10 0.0 177.0 21.0 291.0 -1 -1 -1 -1000 -1000 -1000 -10 0.0005269050598144531
Car -1 -1 -10 0.0 168.0 24.0 300.0 -1 -1 -1 -1000 -1000 -1000 -10 0.0004658699035644531
Car -1 -1 -10 348.0 174.0 398.0 193.0 -1 -1 -1 -1000 -1000 -1000 -10 0.00043892860412597656
Car -1 -1 -10 640.0 175.0 673.0 205.0 -1 -1 -1 -1000 -1000 -1000 -10 0.0004029273986816406
Car -1 -1 -10 0.0 217.0 24.0 375.0 -1 -1 -1 -1000 -1000 -1000 -10 0.00038814544677734375
Car -1 -1 -10 457.0 180.0 479.0 192.0 -1 -1 -1 -1000 -1000 -1000 -10 0.0003325939178466797
Car -1 -1 -10 0.0 192.0 21.0 280.0 -1 -1 -1 -1000 -1000 -1000 -10 0.000324249267578125
Car -1 -1 -10 522.0 136.0 676.0 246.0 -1 -1 -1 -1000 -1000 -1000 -10 0.00031828880310058594
Car -1 -1 -10 661.0 163.0 722.0 228.0 -1 -1 -1 -1000 -1000 -1000 -10 0.0003039836883544922
Car -1 -1 -10 0.0 209.0 17.0 330.0 -1 -1 -1 -1000 -1000 -1000 -10 0.00029015541076660156
Car -1 -1 -10 518.0 134.0 684.0 274.0 -1 -1 -1 -1000 -1000 -1000 -10 0.00028586387634277344
Car -1 -1 -10 635.0 134.0 788.0 273.0 -1 -1 -1 -1000 -1000 -1000 -10 0.00026345252990722656
Car -1 -1 -10 0.0 220.0 22.0 283.0 -1 -1 -1 -1000 -1000 -1000 -10 0.00022721290588378906
Car -1 -1 -10 380.0 173.0 422.0 189.0 -1 -1 -1 -1000 -1000 -1000 -10 0.0002257823944091797
Car -1 -1 -10 0.0 198.0 34.0 366.0 -1 -1 -1 -1000 -1000 -1000 -10 0.00022494792938232422
Car -1 -1 -10 930.0 132.0 1227.0 332.0 -1 -1 -1 -1000 -1000 -1000 -10 0.00022149085998535156
Car -1 -1 -10 575.0 163.0 649.0 234.0 -1 -1 -1 -1000 -1000 -1000 -10 0.0002205371856689453
Car -1 -1 -10 342.0 171.0 393.0 195.0 -1 -1 -1 -1000 -1000 -1000 -10 0.0002027750015258789
Car -1 -1 -10 344.0 178.0 391.0 201.0 -1 -1 -1 -1000 -1000 -1000 -10 0.00020003318786621094
Car -1 -1 -10 444.0 307.0 659.0 372.0 -1 -1 -1 -1000 -1000 -1000 -10 0.00018858909606933594
Car -1 -1 -10 382.0 176.0 422.0 199.0 -1 -1 -1 -1000 -1000 -1000 -10 0.0001882314682006836
Car -1 -1 -10 367.0 173.0 417.0 196.0 -1 -1 -1 -1000 -1000 -1000 -10 0.00017058849334716797
Car -1 -1 -10 0.0 221.0 18.0 284.0 -1 -1 -1 -1000 -1000 -1000 -10 0.00017023086547851562
Car -1 -1 -10 602.0 128.0 760.0 241.0 -1 -1 -1 -1000 -1000 -1000 -10 0.0001512765884399414
Car -1 -1 -10 392.0 180.0 432.0 198.0 -1 -1 -1 -1000 -1000 -1000 -10 0.0001367330551147461
Car -1 -1 -10 377.0 178.0 416.0 201.0 -1 -1 -1 -1000 -1000 -1000 -10 0.00013566017150878906
Car -1 -1 -10 338.0 168.0 391.0 188.0 -1 -1 -1 -1000 -1000 -1000 -10 0.0001348257064819336
Car -1 -1 -10 342.0 182.0 381.0 200.0 -1 -1 -1 -1000 -1000 -1000 -10 0.00012993812561035156
Car -1 -1 -10 0.0 214.0 17.0 277.0 -1 -1 -1 -1000 -1000 -1000 -10 0.0001252889633178711
Car -1 -1 -10 1018.0 144.0 1142.0 359.0 -1 -1 -1 -1000 -1000 -1000 -10 0.00012445449829101562
Car -1 -1 -10 0.0 221.0 17.0 347.0 -1 -1 -1 -1000 -1000 -1000 -10 0.00012230873107910156
Car -1 -1 -10 0.0 181.0 14.0 274.0 -1 -1 -1 -1000 -1000 -1000 -10 0.00011581182479858398
Car -1 -1 -10 0.0 199.0 37.0 318.0 -1 -1 -1 -1000 -1000 -1000 -10 0.00011479854583740234
Car -1 -1 -10 456.0 181.0 478.0 193.0 -1 -1 -1 -1000 -1000 -1000 -10 0.00010734796524047852
Car -1 -1 -10 0.0 229.0 17.0 291.0 -1 -1 -1 -1000 -1000 -1000 -10 0.00010132789611816406
Car -1 -1 -10 579.0 173.0 620.0 216.0 -1 -1 -1 -1000 -1000 -1000 -10 0.0001004338264465332
