Car -1 -1 -10 632.0 170.0 677.0 206.0 -1 -1 -1 -1000 -1000 -1000 -10 0.95556640625
Car -1 -1 -10 594.0 177.0 621.0 197.0 -1 -1 -1 -1000 -1000 -1000 -10 0.92431640625
Car -1 -1 -10 548.0 177.0 576.0 191.0 -1 -1 -1 -1000 -1000 -1000 -10 0.86279296875
Car -1 -1 -10 516.0 178.0 540.0 189.0 -1 -1 -1 -1000 -1000 -1000 -10 0.033782958984375
Car -1 -1 -10 545.0 178.0 573.0 191.0 -1 -1 -1 -1000 -1000 -1000 -10 0.017669677734375
Car -1 -1 -10 548.0 176.0 576.0 189.0 -1 -1 -1 -1000 -1000 -1000 -10 0.00925445556640625
Car -1 -1 -10 518.0 179.0 541.0 191.0 -1 -1 -1 -1000 -1000 -1000 -10 0.0038700103759765625
Car -1 -1 -10 534.0 178.0 556.0 190.0 -1 -1 -1 -1000 -1000 -1000 -10 0.0025882720947265625
Car -1 -1 -10 515.0 179.0 538.0 192.0 -1 -1 -1 -1000 -1000 -1000 -10 0.0021686553955078125
Car -1 -1 -10 593.0 177.0 616.0 196.0 -1 -1 -1 -1000 -1000 -1000 -10 0.002063751220703125
Car -1 -1 -10 637.0 170.0 677.0 202.0 -1 -1 -1 -1000 -1000 -1000 -10 0.0016870498657226562
Car -1 -1 -10 505.0 177.0 529.0 189.0 -1 -1 -1 -1000 -1000 -1000 -10 0.0013866424560546875
Car -1 -1 -10 626.0 155.0 679.0 212.0 -1 -1 -1 -1000 -1000 -1000 -10 0.0010232925415039062
Car -1 -1 -10 624.0 159.0 681.0 219.0 -1 -1 -1 -1000 -1000 -1000 -10 0.0009083747863769531
Car -1 -1 -10 592.0 174.0 623.0 204.0 -1 -1 -1 -1000 -1000 -1000 -10 0.0008530616760253906
Car -1 -1 -10 591.0 178.0 614.0 197.0 -1 -1 -1 -1000 -1000 -1000 -10 0.0006909370422363281
Car -1 -1 -10 512.0 174.0 534.0 186.0 -1 -1 -1 -1000 -1000 -1000 -10 0.0004725456237792969
Car -1 -1 -10 504.0 180.0 528.0 194.0 -1 -1 -1 -1000 -1000 -1000 -10 0.0004215240478515625
Car -1 -1 -10 518.0 175.0 541.0 186.0 -1 -1 -1 -1000 -1000 -1000 -10 0.0003864765167236328
Car -1 -1 -10 592.0 171.0 621.0 199.0 -1 -1 -1 -1000 -1000 -1000 -10 0.0003571510314941406
Car -1 -1 -10 559.0 130.0 729.0 267.0 -1 -1 -1 -1000 -1000 -1000 -10 0.0003407001495361328
Car -1 -1 -10 566.0 117.0 720.0 235.0 -1 -1 -1 -1000 -1000 -1000 -10 0.0003364086151123047
Car -1 -1 -10 546.0 177.0 576.0 194.0 -1 -1 -1 -1000 -1000 -1000 -10 0.000301361083984375
Car -1 -1 -10 615.0 173.0 650.0 198.0 -1 -1 -1 -1000 -1000 -1000 -10 0.00029754638671875
Car -1 -1 -10 620.0 173.0 652.0 199.0 -1 -1 -1 -1000 -1000 -1000 -10 0.00029087066650390625
Car -1 -1 -10 535.0 179.0 557.0 192.0 -1 -1 -1 -1000 -1000 -1000 -10 0.00026106834411621094
Car -1 -1 -10 556.0 178.0 578.0 191.0 -1 -1 -1 -1000 -1000 -1000 -10 0.00024437904357910156
Car -1 -1 -10 0.0 187.0 18.0 335.0 -1 -1 -1 -1000 -1000 -1000 -10 0.00022029876708984375
Car -1 -1 -10 0.0 194.0 18.0 367.0 -1 -1 -1 -1000 -1000 -1000 -10 0.00021278858184814453
Car -1 -1 -10 613.0 177.0 646.0 199.0 -1 -1 -1 -1000 -1000 -1000 -10 0.00020706653594970703
Car -1 -1 -10 628.0 160.0 693.0 223.0 -1 -1 -1 -1000 -1000 -1000 -10 0.00018525123596191406
Car -1 -1 -10 600.0 119.0 741.0 235.0 -1 -1 -1 -1000 -1000 -1000 -10 0.00016772747039794922
Car -1 -1 -10 636.0 168.0 674.0 196.0 -1 -1 -1 -1000 -1000 -1000 -10 0.00013911724090576172
Car -1 -1 -10 618.0 176.0 648.0 200.0 -1 -1 -1 -1000 -1000 -1000 -10 0.00013828277587890625
Car -1 -1 -10 0.0 218.0 13.0 332.0 -1 -1 -1 -1000 -1000 -1000 -10 0.00013577938079833984
Car -1 -1 -10 546.0 176.0 571.0 188.0 -1 -1 -1 -1000 -1000 -1000 -10 0.0001291036605834961
Car -1 -1 -10 502.0 174.0 525.0 185.0 -1 -1 -1 -1000 -1000 -1000 -10 0.00012290477752685547
Car -1 -1 -10 0.0 177.0 20.0 304.0 -1 -1 -1 -1000 -1000 -1000 -10 0.00011938810348510742
Car -1 -1 -10 0.0 187.0 23.0 374.0 -1 -1 -1 -1000 -1000 -1000 -10 0.00011241436004638672
Car -1 -1 -10 0.0 181.0 24.0 341.0 -1 -1 -1 -1000 -1000 -1000 -10 0.00010710954666137695
