Car -1 -1 -10 712.0 185.0 890.0 300.0 -1 -1 -1 -1000 -1000 -1000 -10 0.97021484375
Car -1 -1 -10 137.0 105.0 459.0 257.0 -1 -1 -1 -1000 -1000 -1000 -10 0.95751953125
Car -1 -1 -10 811.0 181.0 990.0 247.0 -1 -1 -1 -1000 -1000 -1000 -10 0.95068359375
Car -1 -1 -10 112.0 175.0 416.0 273.0 -1 -1 -1 -1000 -1000 -1000 -10 0.94580078125
Car -1 -1 -10 0.0 171.0 214.0 331.0 -1 -1 -1 -1000 -1000 -1000 -10 0.9365234375
Car -1 -1 -10 678.0 174.0 752.0 203.0 -1 -1 -1 -1000 -1000 -1000 -10 0.923828125
Car -1 -1 -10 718.0 173.0 806.0 211.0 -1 -1 -1 -1000 -1000 -1000 -10 0.916015625
Car -1 -1 -10 632.0 177.0 656.0 195.0 -1 -1 -1 -1000 -1000 -1000 -10 0.91015625
Car -1 -1 -10 328.0 173.0 472.0 225.0 -1 -1 -1 -1000 -1000 -1000 -10 0.9033203125
Car -1 -1 -10 8.0 164.0 244.0 290.0 -1 -1 -1 -1000 -1000 -1000 -10 0.89453125
Car -1 -1 -10 484.0 172.0 550.0 197.0 -1 -1 -1 -1000 -1000 -1000 -10 0.8798828125
Car -1 -1 -10 139.0 128.0 437.0 249.0 -1 -1 -1 -1000 -1000 -1000 -10 0.0687255859375
Car -1 -1 -10 332.0 178.0 467.0 230.0 -1 -1 -1 -1000 -1000 -1000 -10 0.040802001953125
Car -1 -1 -10 762.0 179.0 886.0 225.0 -1 -1 -1 -1000 -1000 -1000 -10 0.035980224609375
Car -1 -1 -10 482.0 170.0 548.0 194.0 -1 -1 -1 -1000 -1000 -1000 -10 0.032501220703125
Car -1 -1 -10 0.0 172.0 66.0 275.0 -1 -1 -1 -1000 -1000 -1000 -10 0.024658203125
Car -1 -1 -10 0.0 174.0 54.0 279.0 -1 -1 -1 -1000 -1000 -1000 -10 0.0239715576171875
Car -1 -1 -10 0.0 174.0 30.0 283.0 -1 -1 -1 -1000 -1000 -1000 -10 0.0219268798828125
Car -1 -1 -10 414.0 174.0 523.0 213.0 -1 -1 -1 -1000 -1000 -1000 -10 0.02117919921875
Car -1 -1 -10 0.0 175.0 36.0 274.0 -1 -1 -1 -1000 -1000 -1000 -10 0.0164031982421875
Car -1 -1 -10 488.0 171.0 550.0 193.0 -1 -1 -1 -1000 -1000 -1000 -10 0.01483154296875
Car -1 -1 -10 52.0 169.0 176.0 305.0 -1 -1 -1 -1000 -1000 -1000 -10 0.005466461181640625
Car -1 -1 -10 754.0 180.0 891.0 232.0 -1 -1 -1 -1000 -1000 -1000 -10 0.004863739013671875
Car -1 -1 -10 491.0 172.0 555.0 195.0 -1 -1 -1 -1000 -1000 -1000 -10 0.00485992431640625
Car -1 -1 -10 259.0 170.0 474.0 249.0 -1 -1 -1 -1000 -1000 -1000 -10 0.00479888916015625
Car -1 -1 -10 179.0 181.0 444.0 256.0 -1 -1 -1 -1000 -1000 -1000 -10 0.004749298095703125
Car -1 -1 -10 480.0 171.0 542.0 196.0 -1 -1 -1 -1000 -1000 -1000 -10 0.004497528076171875
Car -1 -1 -10 330.0 167.0 472.0 217.0 -1 -1 -1 -1000 -1000 -1000 -10 0.00443267822265625
Car -1 -1 -10 419.0 172.0 519.0 208.0 -1 -1 -1 -1000 -1000 -1000 -10 0.004131317138671875
Car -1 -1 -10 0.0 176.0 17.0 270.0 -1 -1 -1 -1000 -1000 -1000 -10 0.0036373138427734375
Car -1 -1 -10 0.0 171.0 29.0 265.0 -1 -1 -1 -1000 -1000 -1000 -10 0.0035953521728515625
Car -1 -1 -10 319.0 169.0 472.0 234.0 -1 -1 -1 -1000 -1000 -1000 -10 0.0033931732177734375
Car -1 -1 -10 0.0 171.0 89.0 281.0 -1 -1 -1 -1000 -1000 -1000 -10 0.003238677978515625
Car -1 -1 -10 190.0 173.0 466.0 256.0 -1 -1 -1 -1000 -1000 -1000 -10 0.0028820037841796875
Car -1 -1 -10 803.0 181.0 950.0 231.0 -1 -1 -1 -1000 -1000 -1000 -10 0.0027446746826171875
Car -1 -1 -10 324.0 184.0 465.0 235.0 -1 -1 -1 -1000 -1000 -1000 -10 0.00270843505859375
Car -1 -1 -10 717.0 175.0 796.0 213.0 -1 -1 -1 -1000 -1000 -1000 -10 0.0026683807373046875
Car -1 -1 -10 711.0 165.0 807.0 225.0 -1 -1 -1 -1000 -1000 -1000 -10 0.002628326416015625
Car -1 -1 -10 398.0 175.0 516.0 219.0 -1 -1 -1 -1000 -1000 -1000 -10 0.002231597900390625
Car -1 -1 -10 255.0 177.0 453.0 251.0 -1 -1 -1 -1000 -1000 -1000 -10 0.002132415771484375
Car -1 -1 -10 220.0 178.0 450.0 254.0 -1 -1 -1 -1000 -1000 -1000 -10 0.0020885467529296875
Car -1 -1 -10 0.0 166.0 26.0 261.0 -1 -1 -1 -1000 -1000 -1000 -10 0.00206756591796875
Car -1 -1 -10 142.0 172.0 421.0 260.0 -1 -1 -1 -1000 -1000 -1000 -10 0.0019664764404296875
Car -1 -1 -10 801.0 180.0 958.0 240.0 -1 -1 -1 -1000 -1000 -1000 -10 0.00196075439453125
Car -1 -1 -10 0.0 163.0 56.0 261.0 -1 -1 -1 -1000 -1000 -1000 -10 0.0018777847290039062
Car -1 -1 -10 493.0 173.0 544.0 194.0 -1 -1 -1 -1000 -1000 -1000 -10 0.0018014907836914062
Car -1 -1 -10 469.0 171.0 546.0 202.0 -1 -1 -1 -1000 -1000 -1000 -10 0.001567840576171875
Car -1 -1 -10 0.0 175.0 25.0 325.0 -1 -1 -1 -1000 -1000 -1000 -10 0.0015201568603515625
Car -1 -1 -10 372.0 175.0 504.0 220.0 -1 -1 -1 -1000 -1000 -1000 -10 0.0014495849609375
Car -1 -1 -10 762.0 178.0 871.0 218.0 -1 -1 -1 -1000 -1000 -1000 -10 0.0013189315795898438
Car -1 -1 -10 479.0 169.0 551.0 201.0 -1 -1 -1 -1000 -1000 -1000 -10 0.0012865066528320312
Car -1 -1 -10 50.0 167.0 187.0 280.0 -1 -1 -1 -1000 -1000 -1000 -10 0.0012502670288085938
Car -1 -1 -10 0.0 179.0 19.0 284.0 -1 -1 -1 -1000 -1000 -1000 -10 0.001163482666015625
Car -1 -1 -10 805.0 165.0 994.0 263.0 -1 -1 -1 -1000 -1000 -1000 -10 0.0011529922485351562
Car -1 -1 -10 218.0 157.0 452.0 255.0 -1 -1 -1 -1000 -1000 -1000 -10 0.0011138916015625
Car -1 -1 -10 3.0 169.0 77.0 278.0 -1 -1 -1 -1000 -1000 -1000 -10 0.0010833740234375
Car -1 -1 -10 345.0 180.0 483.0 227.0 -1 -1 -1 -1000 -1000 -1000 -10 0.001071929931640625
Car -1 -1 -10 443.0 171.0 533.0 204.0 -1 -1 -1 -1000 -1000 -1000 -10 0.0010509490966796875
Car -1 -1 -10 715.0 174.0 829.0 251.0 -1 -1 -1 -1000 -1000 -1000 -10 0.0009899139404296875
Car -1 -1 -10 686.0 149.0 861.0 289.0 -1 -1 -1 -1000 -1000 -1000 -10 0.0009822845458984375
Car -1 -1 -10 489.0 173.0 540.0 196.0 -1 -1 -1 -1000 -1000 -1000 -10 0.0008554458618164062
Car -1 -1 -10 1.0 165.0 67.0 251.0 -1 -1 -1 -1000 -1000 -1000 -10 0.0007405281066894531
Car -1 -1 -10 692.0 175.0 743.0 199.0 -1 -1 -1 -1000 -1000 -1000 -10 0.0007224082946777344
Car -1 -1 -10 712.0 159.0 812.0 219.0 -1 -1 -1 -1000 -1000 -1000 -10 0.0006809234619140625
Car -1 -1 -10 0.0 179.0 31.0 301.0 -1 -1 -1 -1000 -1000 -1000 -10 0.0006518363952636719
Car -1 -1 -10 0.0 167.0 29.0 250.0 -1 -1 -1 -1000 -1000 -1000 -10 0.0006375312805175781
Pedestrian -1 -1 -10 1214.0 147.0 1242.0 375.0 -1 -1 -1 -1000 -1000 -1000 -10 0.0006070137023925781
Car -1 -1 -10 677.0 171.0 758.0 208.0 -1 -1 -1 -1000 -1000 -1000 -10 0.0006055831909179688
Car -1 -1 -10 675.0 176.0 741.0 203.0 -1 -1 -1 -1000 -1000 -1000 -10 0.0005879402160644531
Car -1 -1 -10 2.0 166.0 52.0 251.0 -1 -1 -1 -1000 -1000 -1000 -10 0.0005388259887695312
Car -1 -1 -10 0.0 179.0 48.0 301.0 -1 -1 -1 -1000 -1000 -1000 -10 0.0005211830139160156
Car -1 -1 -10 735.0 178.0 871.0 221.0 -1 -1 -1 -1000 -1000 -1000 -10 0.000518798828125
Car -1 -1 -10 301.0 175.0 458.0 231.0 -1 -1 -1 -1000 -1000 -1000 -10 0.0005145072937011719
Pedestrian -1 -1 -10 1194.0 145.0 1242.0 375.0 -1 -1 -1 -1000 -1000 -1000 -10 0.0004963874816894531
Car -1 -1 -10 62.0 170.0 201.0 283.0 -1 -1 -1 -1000 -1000 -1000 -10 0.0004832744598388672
Car -1 -1 -10 804.0 180.0 945.0 222.0 -1 -1 -1 -1000 -1000 -1000 -10 0.00048160552978515625
Car -1 -1 -10 796.0 180.0 975.0 233.0 -1 -1 -1 -1000 -1000 -1000 -10 0.0004718303680419922
Car -1 -1 -10 0.0 187.0 22.0 370.0 -1 -1 -1 -1000 -1000 -1000 -10 0.0004525184631347656
Car -1 -1 -10 0.0 161.0 149.0 296.0 -1 -1 -1 -1000 -1000 -1000 -10 0.0004391670227050781
Car -1 -1 -10 1.0 178.0 51.0 320.0 -1 -1 -1 -1000 -1000 -1000 -10 0.0004329681396484375
Car -1 -1 -10 495.0 171.0 546.0 192.0 -1 -1 -1 -1000 -1000 -1000 -10 0.000423431396484375
Car -1 -1 -10 30.0 169.0 177.0 319.0 -1 -1 -1 -1000 -1000 -1000 -10 0.0004184246063232422
Car -1 -1 -10 779.0 178.0 897.0 221.0 -1 -1 -1 -1000 -1000 -1000 -10 0.0004138946533203125
Car -1 -1 -10 475.0 173.0 538.0 199.0 -1 -1 -1 -1000 -1000 -1000 -10 0.00038909912109375
Car -1 -1 -10 0.0 190.0 30.0 255.0 -1 -1 -1 -1000 -1000 -1000 -10 0.0003809928894042969
Car -1 -1 -10 630.0 175.0 659.0 204.0 -1 -1 -1 -1000 -1000 -1000 -10 0.00037670135498046875
Car -1 -1 -10 303.0 139.0 495.0 245.0 -1 -1 -1 -1000 -1000 -1000 -10 0.0003681182861328125
Car -1 -1 -10 0.0 154.0 54.0 250.0 -1 -1 -1 -1000 -1000 -1000 -10 0.0003566741943359375
Car -1 -1 -10 721.0 174.0 825.0 211.0 -1 -1 -1 -1000 -1000 -1000 -10 0.00033473968505859375
Pedestrian -1 -1 -10 1188.0 128.0 1242.0 374.0 -1 -1 -1 -1000 -1000 -1000 -10 0.0003151893615722656
Car -1 -1 -10 0.0 178.0 69.0 303.0 -1 -1 -1 -1000 -1000 -1000 -10 0.0003113746643066406
Car -1 -1 -10 659.0 141.0 838.0 266.0 -1 -1 -1 -1000 -1000 -1000 -10 0.0003066062927246094
Car -1 -1 -10 774.0 179.0 951.0 252.0 -1 -1 -1 -1000 -1000 -1000 -10 0.0003058910369873047
Car -1 -1 -10 426.0 177.0 525.0 213.0 -1 -1 -1 -1000 -1000 -1000 -10 0.00029778480529785156
Car -1 -1 -10 502.0 171.0 561.0 193.0 -1 -1 -1 -1000 -1000 -1000 -10 0.00029754638671875
Car -1 -1 -10 0.0 183.0 17.0 299.0 -1 -1 -1 -1000 -1000 -1000 -10 0.00029468536376953125
Car -1 -1 -10 0.0 185.0 29.0 249.0 -1 -1 -1 -1000 -1000 -1000 -10 0.00028395652770996094
Car -1 -1 -10 1223.0 104.0 1242.0 293.0 -1 -1 -1 -1000 -1000 -1000 -10 0.0002777576446533203
Car -1 -1 -10 1188.0 82.0 1242.0 363.0 -1 -1 -1 -1000 -1000 -1000 -10 0.0002753734588623047
Car -1 -1 -10 675.0 120.0 853.0 242.0 -1 -1 -1 -1000 -1000 -1000 -10 0.00026345252990722656
Car -1 -1 -10 631.0 173.0 659.0 199.0 -1 -1 -1 -1000 -1000 -1000 -10 0.0002613067626953125
Car -1 -1 -10 739.0 175.0 790.0 204.0 -1 -1 -1 -1000 -1000 -1000 -10 0.0002551078796386719
Car -1 -1 -10 298.0 138.0 518.0 268.0 -1 -1 -1 -1000 -1000 -1000 -10 0.0002446174621582031
Car -1 -1 -10 1.0 190.0 16.0 253.0 -1 -1 -1 -1000 -1000 -1000 -10 0.00024080276489257812
Car -1 -1 -10 794.0 182.0 943.0 236.0 -1 -1 -1 -1000 -1000 -1000 -10 0.00023853778839111328
Car -1 -1 -10 1217.0 86.0 1241.0 312.0 -1 -1 -1 -1000 -1000 -1000 -10 0.00023746490478515625
Car -1 -1 -10 781.0 178.0 932.0 228.0 -1 -1 -1 -1000 -1000 -1000 -10 0.00023365020751953125
Car -1 -1 -10 418.0 179.0 517.0 221.0 -1 -1 -1 -1000 -1000 -1000 -10 0.00022649765014648438
Pedestrian -1 -1 -10 1153.0 137.0 1242.0 375.0 -1 -1 -1 -1000 -1000 -1000 -10 0.00022494792938232422
Car -1 -1 -10 1214.0 95.0 1241.0 341.0 -1 -1 -1 -1000 -1000 -1000 -10 0.00022327899932861328
Car -1 -1 -10 1204.0 79.0 1242.0 323.0 -1 -1 -1 -1000 -1000 -1000 -10 0.00021922588348388672
Car -1 -1 -10 1220.0 113.0 1242.0 323.0 -1 -1 -1 -1000 -1000 -1000 -10 0.00021731853485107422
Car -1 -1 -10 274.0 160.0 457.0 243.0 -1 -1 -1 -1000 -1000 -1000 -10 0.0002142190933227539
Car -1 -1 -10 0.0 169.0 14.0 248.0 -1 -1 -1 -1000 -1000 -1000 -10 0.00021076202392578125
Car -1 -1 -10 206.0 147.0 472.0 261.0 -1 -1 -1 -1000 -1000 -1000 -10 0.00020635128021240234
Car -1 -1 -10 231.0 119.0 360.0 242.0 -1 -1 -1 -1000 -1000 -1000 -10 0.00020384788513183594
Car -1 -1 -10 320.0 161.0 469.0 221.0 -1 -1 -1 -1000 -1000 -1000 -10 0.00020313262939453125
Car -1 -1 -10 745.0 181.0 873.0 225.0 -1 -1 -1 -1000 -1000 -1000 -10 0.00019669532775878906
Pedestrian -1 -1 -10 1212.0 104.0 1242.0 374.0 -1 -1 -1 -1000 -1000 -1000 -10 0.00019359588623046875
Car -1 -1 -10 2.0 177.0 234.0 312.0 -1 -1 -1 -1000 -1000 -1000 -10 0.0001842975616455078
Car -1 -1 -10 0.0 178.0 28.0 237.0 -1 -1 -1 -1000 -1000 -1000 -10 0.00017309188842773438
Car -1 -1 -10 671.0 154.0 770.0 214.0 -1 -1 -1 -1000 -1000 -1000 -10 0.0001729726791381836
Pedestrian -1 -1 -10 1215.0 123.0 1242.0 356.0 -1 -1 -1 -1000 -1000 -1000 -10 0.00016605854034423828
Car -1 -1 -10 1157.0 88.0 1242.0 355.0 -1 -1 -1 -1000 -1000 -1000 -10 0.00016486644744873047
Pedestrian -1 -1 -10 1197.0 95.0 1242.0 375.0 -1 -1 -1 -1000 -1000 -1000 -10 0.00016236305236816406
Car -1 -1 -10 831.0 180.0 987.0 241.0 -1 -1 -1 -1000 -1000 -1000 -10 0.00016045570373535156
Car -1 -1 -10 407.0 178.0 512.0 217.0 -1 -1 -1 -1000 -1000 -1000 -10 0.00015926361083984375
Car -1 -1 -10 443.0 173.0 527.0 209.0 -1 -1 -1 -1000 -1000 -1000 -10 0.0001569986343383789
Car -1 -1 -10 1201.0 108.0 1242.0 333.0 -1 -1 -1 -1000 -1000 -1000 -10 0.00015652179718017578
Car -1 -1 -10 1223.0 97.0 1241.0 268.0 -1 -1 -1 -1000 -1000 -1000 -10 0.00015604496002197266
Car -1 -1 -10 0.0 185.0 15.0 247.0 -1 -1 -1 -1000 -1000 -1000 -10 0.00015366077423095703
Car -1 -1 -10 1.0 189.0 45.0 254.0 -1 -1 -1 -1000 -1000 -1000 -10 0.0001513957977294922
Pedestrian -1 -1 -10 1182.0 177.0 1242.0 373.0 -1 -1 -1 -1000 -1000 -1000 -10 0.00014960765838623047
Car -1 -1 -10 2.0 158.0 85.0 257.0 -1 -1 -1 -1000 -1000 -1000 -10 0.00014722347259521484
Car -1 -1 -10 185.0 118.0 464.0 249.0 -1 -1 -1 -1000 -1000 -1000 -10 0.00014722347259521484
Car -1 -1 -10 302.0 184.0 455.0 234.0 -1 -1 -1 -1000 -1000 -1000 -10 0.00014483928680419922
Car -1 -1 -10 0.0 144.0 62.0 254.0 -1 -1 -1 -1000 -1000 -1000 -10 0.00014317035675048828
Pedestrian -1 -1 -10 1215.0 206.0 1242.0 375.0 -1 -1 -1 -1000 -1000 -1000 -10 0.00014281272888183594
Car -1 -1 -10 811.0 174.0 993.0 239.0 -1 -1 -1 -1000 -1000 -1000 -10 0.000141143798828125
Pedestrian -1 -1 -10 1210.0 170.0 1242.0 375.0 -1 -1 -1 -1000 -1000 -1000 -10 0.0001341104507446289
Car -1 -1 -10 0.0 182.0 45.0 343.0 -1 -1 -1 -1000 -1000 -1000 -10 0.00013315677642822266
Car -1 -1 -10 357.0 176.0 436.0 225.0 -1 -1 -1 -1000 -1000 -1000 -10 0.0001316070556640625
Car -1 -1 -10 392.0 177.0 501.0 220.0 -1 -1 -1 -1000 -1000 -1000 -10 0.0001291036605834961
Car -1 -1 -10 430.0 167.0 528.0 213.0 -1 -1 -1 -1000 -1000 -1000 -10 0.00012695789337158203
Car -1 -1 -10 1175.0 87.0 1242.0 362.0 -1 -1 -1 -1000 -1000 -1000 -10 0.00012600421905517578
Car -1 -1 -10 210.0 183.0 335.0 253.0 -1 -1 -1 -1000 -1000 -1000 -10 0.00012552738189697266
Car -1 -1 -10 772.0 180.0 908.0 219.0 -1 -1 -1 -1000 -1000 -1000 -10 0.00011616945266723633
Car -1 -1 -10 127.0 175.0 354.0 254.0 -1 -1 -1 -1000 -1000 -1000 -10 0.00011277198791503906
Car -1 -1 -10 96.0 172.0 312.0 268.0 -1 -1 -1 -1000 -1000 -1000 -10 0.00010854005813598633
Car -1 -1 -10 196.0 184.0 324.0 262.0 -1 -1 -1 -1000 -1000 -1000 -10 0.00010132789611816406
Car -1 -1 -10 3.0 161.0 66.0 236.0 -1 -1 -1 -1000 -1000 -1000 -10 0.00010085105895996094
Pedestrian -1 -1 -10 1136.0 153.0 1242.0 375.0 -1 -1 -1 -1000 -1000 -1000 -10 0.00010079145431518555
Car -1 -1 -10 719.0 178.0 805.0 219.0 -1 -1 -1 -1000 -1000 -1000 -10 0.00010025501251220703
