Car -1 -1 -10 149.0 189.0 347.0 282.0 -1 -1 -1 -1000 -1000 -1000 -10 0.96240234375
Car -1 -1 -10 458.0 178.0 609.0 231.0 -1 -1 -1 -1000 -1000 -1000 -10 0.95361328125
Car -1 -1 -10 1177.0 153.0 1242.0 227.0 -1 -1 -1 -1000 -1000 -1000 -10 0.912109375
Car -1 -1 -10 1225.0 158.0 1242.0 223.0 -1 -1 -1 -1000 -1000 -1000 -10 0.00362396240234375
Car -1 -1 -10 1179.0 145.0 1239.0 217.0 -1 -1 -1 -1000 -1000 -1000 -10 0.0030956268310546875
Car -1 -1 -10 1228.0 155.0 1242.0 216.0 -1 -1 -1 -1000 -1000 -1000 -10 0.0016012191772460938
Car -1 -1 -10 1199.0 156.0 1242.0 226.0 -1 -1 -1 -1000 -1000 -1000 -10 0.0014276504516601562
Car -1 -1 -10 1226.0 165.0 1242.0 231.0 -1 -1 -1 -1000 -1000 -1000 -10 0.0011129379272460938
Car -1 -1 -10 1229.0 159.0 1242.0 212.0 -1 -1 -1 -1000 -1000 -1000 -10 0.0010318756103515625
Car -1 -1 -10 455.0 173.0 612.0 236.0 -1 -1 -1 -1000 -1000 -1000 -10 0.0007624626159667969
Car -1 -1 -10 481.0 178.0 607.0 225.0 -1 -1 -1 -1000 -1000 -1000 -10 0.0007567405700683594
Car -1 -1 -10 172.0 190.0 319.0 277.0 -1 -1 -1 -1000 -1000 -1000 -10 0.0005774497985839844
Car -1 -1 -10 510.0 181.0 555.0 227.0 -1 -1 -1 -1000 -1000 -1000 -10 0.0005469322204589844
Car -1 -1 -10 1173.0 148.0 1237.0 225.0 -1 -1 -1 -1000 -1000 -1000 -10 0.0005197525024414062
Car -1 -1 -10 516.0 181.0 556.0 219.0 -1 -1 -1 -1000 -1000 -1000 -10 0.0005154609680175781
Car -1 -1 -10 1204.0 162.0 1242.0 233.0 -1 -1 -1 -1000 -1000 -1000 -10 0.00042724609375
Car -1 -1 -10 1217.0 162.0 1242.0 245.0 -1 -1 -1 -1000 -1000 -1000 -10 0.00040435791015625
Car -1 -1 -10 438.0 148.0 628.0 251.0 -1 -1 -1 -1000 -1000 -1000 -10 0.0003750324249267578
Car -1 -1 -10 1140.0 145.0 1242.0 243.0 -1 -1 -1 -1000 -1000 -1000 -10 0.0003707408905029297
Car -1 -1 -10 1159.0 139.0 1242.0 233.0 -1 -1 -1 -1000 -1000 -1000 -10 0.0003654956817626953
Car -1 -1 -10 495.0 181.0 570.0 227.0 -1 -1 -1 -1000 -1000 -1000 -10 0.0003237724304199219
Car -1 -1 -10 429.0 137.0 646.0 275.0 -1 -1 -1 -1000 -1000 -1000 -10 0.00030303001403808594
Car -1 -1 -10 1180.0 162.0 1242.0 239.0 -1 -1 -1 -1000 -1000 -1000 -10 0.00029587745666503906
Car -1 -1 -10 1181.0 142.0 1242.0 206.0 -1 -1 -1 -1000 -1000 -1000 -10 0.00028395652770996094
Car -1 -1 -10 1228.0 175.0 1242.0 241.0 -1 -1 -1 -1000 -1000 -1000 -10 0.00025773048400878906
Car -1 -1 -10 776.0 94.0 798.0 108.0 -1 -1 -1 -1000 -1000 -1000 -10 0.0002357959747314453
Car -1 -1 -10 779.0 94.0 796.0 108.0 -1 -1 -1 -1000 -1000 -1000 -10 0.0002186298370361328
Car -1 -1 -10 1211.0 157.0 1242.0 251.0 -1 -1 -1 -1000 -1000 -1000 -10 0.0002181529998779297
Car -1 -1 -10 1065.0 80.0 1091.0 96.0 -1 -1 -1 -1000 -1000 -1000 -10 0.00020205974578857422
Car -1 -1 -10 1137.0 135.0 1242.0 235.0 -1 -1 -1 -1000 -1000 -1000 -10 0.00019919872283935547
Car -1 -1 -10 1068.0 81.0 1089.0 97.0 -1 -1 -1 -1000 -1000 -1000 -10 0.0001900196075439453
Car -1 -1 -10 1187.0 136.0 1241.0 202.0 -1 -1 -1 -1000 -1000 -1000 -10 0.00018215179443359375
Car -1 -1 -10 1230.0 150.0 1242.0 202.0 -1 -1 -1 -1000 -1000 -1000 -10 0.00018084049224853516
Car -1 -1 -10 0.0 222.0 24.0 373.0 -1 -1 -1 -1000 -1000 -1000 -10 0.00017011165618896484
Car -1 -1 -10 1228.0 183.0 1242.0 232.0 -1 -1 -1 -1000 -1000 -1000 -10 0.00016880035400390625
Car -1 -1 -10 1224.0 167.0 1242.0 352.0 -1 -1 -1 -1000 -1000 -1000 -10 0.00016677379608154297
Pedestrian -1 -1 -10 697.0 0.0 757.0 1.0 -1 -1 -1 -1000 -1000 -1000 -10 0.00016021728515625
Car -1 -1 -10 1231.0 154.0 1241.0 198.0 -1 -1 -1 -1000 -1000 -1000 -10 0.00015854835510253906
Cyclist -1 -1 -10 0.0 183.0 9.0 259.0 -1 -1 -1 -1000 -1000 -1000 -10 0.00014197826385498047
Car -1 -1 -10 1215.0 187.0 1242.0 373.0 -1 -1 -1 -1000 -1000 -1000 -10 0.00014126300811767578
Car -1 -1 -10 1215.0 138.0 1242.0 194.0 -1 -1 -1 -1000 -1000 -1000 -10 0.0001405477523803711
Car -1 -1 -10 668.0 88.0 679.0 101.0 -1 -1 -1 -1000 -1000 -1000 -10 0.0001283884048461914
Pedestrian -1 -1 -10 635.0 0.0 688.0 4.0 -1 -1 -1 -1000 -1000 -1000 -10 0.000118255615234375
Car -1 -1 -10 1229.0 182.0 1242.0 252.0 -1 -1 -1 -1000 -1000 -1000 -10 0.00011152029037475586
Car -1 -1 -10 0.0 225.0 41.0 373.0 -1 -1 -1 -1000 -1000 -1000 -10 0.00011080503463745117
Pedestrian -1 -1 -10 675.0 0.0 736.0 1.0 -1 -1 -1 -1000 -1000 -1000 -10 0.00010842084884643555
Car -1 -1 -10 504.0 181.0 550.0 225.0 -1 -1 -1 -1000 -1000 -1000 -10 0.00010728836059570312
Car -1 -1 -10 1176.0 90.0 1242.0 225.0 -1 -1 -1 -1000 -1000 -1000 -10 0.00010633468627929688
Cyclist -1 -1 -10 0.0 179.0 8.0 247.0 -1 -1 -1 -1000 -1000 -1000 -10 0.0001024007797241211
