Car -1 -1 -10 180.0 190.0 443.0 353.0 -1 -1 -1 -1000 -1000 -1000 -10 0.9697265625
Car -1 -1 -10 2.0 189.0 214.0 332.0 -1 -1 -1 -1000 -1000 -1000 -10 0.96484375
Car -1 -1 -10 600.0 172.0 641.0 214.0 -1 -1 -1 -1000 -1000 -1000 -10 0.95556640625
Car -1 -1 -10 493.0 174.0 578.0 250.0 -1 -1 -1 -1000 -1000 -1000 -10 0.95361328125
Car -1 -1 -10 454.0 177.0 502.0 208.0 -1 -1 -1 -1000 -1000 -1000 -10 0.935546875
Car -1 -1 -10 572.0 175.0 612.0 208.0 -1 -1 -1 -1000 -1000 -1000 -10 0.90966796875
Car -1 -1 -10 495.0 173.0 562.0 229.0 -1 -1 -1 -1000 -1000 -1000 -10 0.8564453125
Car -1 -1 -10 492.0 172.0 566.0 236.0 -1 -1 -1 -1000 -1000 -1000 -10 0.81787109375
Car -1 -1 -10 502.0 170.0 566.0 223.0 -1 -1 -1 -1000 -1000 -1000 -10 0.00884246826171875
Car -1 -1 -10 504.0 173.0 555.0 227.0 -1 -1 -1 -1000 -1000 -1000 -10 0.006511688232421875
Car -1 -1 -10 0.0 187.0 30.0 279.0 -1 -1 -1 -1000 -1000 -1000 -10 0.0015439987182617188
Car -1 -1 -10 565.0 175.0 604.0 208.0 -1 -1 -1 -1000 -1000 -1000 -10 0.00152587890625
Car -1 -1 -10 1.0 186.0 49.0 280.0 -1 -1 -1 -1000 -1000 -1000 -10 0.0013723373413085938
Car -1 -1 -10 516.0 174.0 575.0 225.0 -1 -1 -1 -1000 -1000 -1000 -10 0.0009646415710449219
Car -1 -1 -10 0.0 188.0 70.0 279.0 -1 -1 -1 -1000 -1000 -1000 -10 0.0008730888366699219
Car -1 -1 -10 530.0 172.0 583.0 215.0 -1 -1 -1 -1000 -1000 -1000 -10 0.0008645057678222656
Car -1 -1 -10 0.0 185.0 26.0 319.0 -1 -1 -1 -1000 -1000 -1000 -10 0.0007672309875488281
Car -1 -1 -10 245.0 197.0 366.0 343.0 -1 -1 -1 -1000 -1000 -1000 -10 0.0007510185241699219
Car -1 -1 -10 0.0 194.0 25.0 369.0 -1 -1 -1 -1000 -1000 -1000 -10 0.0007176399230957031
Car -1 -1 -10 449.0 164.0 513.0 227.0 -1 -1 -1 -1000 -1000 -1000 -10 0.0007076263427734375
Car -1 -1 -10 0.0 186.0 16.0 279.0 -1 -1 -1 -1000 -1000 -1000 -10 0.0006623268127441406
Car -1 -1 -10 599.0 162.0 662.0 229.0 -1 -1 -1 -1000 -1000 -1000 -10 0.000591278076171875
Car -1 -1 -10 488.0 163.0 603.0 259.0 -1 -1 -1 -1000 -1000 -1000 -10 0.0005345344543457031
Car -1 -1 -10 0.0 178.0 26.0 276.0 -1 -1 -1 -1000 -1000 -1000 -10 0.000522613525390625
Car -1 -1 -10 0.0 187.0 53.0 297.0 -1 -1 -1 -1000 -1000 -1000 -10 0.0004949569702148438
Car -1 -1 -10 0.0 178.0 53.0 275.0 -1 -1 -1 -1000 -1000 -1000 -10 0.00047898292541503906
Car -1 -1 -10 32.0 192.0 177.0 325.0 -1 -1 -1 -1000 -1000 -1000 -10 0.00044465065002441406
Car -1 -1 -10 447.0 160.0 509.0 217.0 -1 -1 -1 -1000 -1000 -1000 -10 0.000400543212890625
Pedestrian -1 -1 -10 1216.0 160.0 1238.0 363.0 -1 -1 -1 -1000 -1000 -1000 -10 0.0003829002380371094
Cyclist -1 -1 -10 639.0 170.0 655.0 198.0 -1 -1 -1 -1000 -1000 -1000 -10 0.0003724098205566406
Car -1 -1 -10 0.0 188.0 65.0 301.0 -1 -1 -1 -1000 -1000 -1000 -10 0.0002903938293457031
Car -1 -1 -10 594.0 159.0 648.0 220.0 -1 -1 -1 -1000 -1000 -1000 -10 0.00028204917907714844
Car -1 -1 -10 0.0 178.0 62.0 286.0 -1 -1 -1 -1000 -1000 -1000 -10 0.00028061866760253906
Car -1 -1 -10 459.0 151.0 595.0 250.0 -1 -1 -1 -1000 -1000 -1000 -10 0.0002791881561279297
Pedestrian -1 -1 -10 1210.0 146.0 1237.0 374.0 -1 -1 -1 -1000 -1000 -1000 -10 0.0002651214599609375
Car -1 -1 -10 568.0 157.0 632.0 219.0 -1 -1 -1 -1000 -1000 -1000 -10 0.0002593994140625
Car -1 -1 -10 555.0 132.0 716.0 271.0 -1 -1 -1 -1000 -1000 -1000 -10 0.0002543926239013672
Car -1 -1 -10 474.0 166.0 587.0 263.0 -1 -1 -1 -1000 -1000 -1000 -10 0.0002522468566894531
Car -1 -1 -10 510.0 171.0 561.0 220.0 -1 -1 -1 -1000 -1000 -1000 -10 0.00024402141571044922
Car -1 -1 -10 447.0 178.0 497.0 210.0 -1 -1 -1 -1000 -1000 -1000 -10 0.00024008750915527344
Car -1 -1 -10 389.0 118.0 564.0 241.0 -1 -1 -1 -1000 -1000 -1000 -10 0.0002391338348388672
Car -1 -1 -10 451.0 176.0 496.0 205.0 -1 -1 -1 -1000 -1000 -1000 -10 0.0002378225326538086
Car -1 -1 -10 492.0 175.0 550.0 223.0 -1 -1 -1 -1000 -1000 -1000 -10 0.00020956993103027344
Car -1 -1 -10 0.0 199.0 42.0 357.0 -1 -1 -1 -1000 -1000 -1000 -10 0.000202178955078125
Car -1 -1 -10 0.0 193.0 18.0 289.0 -1 -1 -1 -1000 -1000 -1000 -10 0.00019180774688720703
Car -1 -1 -10 0.0 192.0 50.0 311.0 -1 -1 -1 -1000 -1000 -1000 -10 0.00018012523651123047
Car -1 -1 -10 510.0 175.0 561.0 234.0 -1 -1 -1 -1000 -1000 -1000 -10 0.00017547607421875
Car -1 -1 -10 555.0 123.0 709.0 241.0 -1 -1 -1 -1000 -1000 -1000 -10 0.00017011165618896484
Car -1 -1 -10 394.0 134.0 562.0 274.0 -1 -1 -1 -1000 -1000 -1000 -10 0.00016558170318603516
Car -1 -1 -10 609.0 172.0 640.0 208.0 -1 -1 -1 -1000 -1000 -1000 -10 0.0001583099365234375
Pedestrian -1 -1 -10 1190.0 146.0 1236.0 374.0 -1 -1 -1 -1000 -1000 -1000 -10 0.00015425682067871094
Car -1 -1 -10 567.0 162.0 623.0 224.0 -1 -1 -1 -1000 -1000 -1000 -10 0.0001499652862548828
Car -1 -1 -10 453.0 173.0 504.0 211.0 -1 -1 -1 -1000 -1000 -1000 -10 0.0001424551010131836
Car -1 -1 -10 1177.0 59.0 1237.0 301.0 -1 -1 -1 -1000 -1000 -1000 -10 0.00014078617095947266
Pedestrian -1 -1 -10 1212.0 176.0 1238.0 374.0 -1 -1 -1 -1000 -1000 -1000 -10 0.00013554096221923828
Car -1 -1 -10 1181.0 87.0 1237.0 311.0 -1 -1 -1 -1000 -1000 -1000 -10 0.00013399124145507812
Pedestrian -1 -1 -10 1217.0 151.0 1238.0 332.0 -1 -1 -1 -1000 -1000 -1000 -10 0.00012814998626708984
Cyclist -1 -1 -10 645.0 169.0 662.0 197.0 -1 -1 -1 -1000 -1000 -1000 -10 0.00012803077697753906
Car -1 -1 -10 511.0 118.0 685.0 245.0 -1 -1 -1 -1000 -1000 -1000 -10 0.00011664628982543945
Car -1 -1 -10 0.0 186.0 99.0 277.0 -1 -1 -1 -1000 -1000 -1000 -10 0.00011581182479858398
Car -1 -1 -10 564.0 178.0 600.0 209.0 -1 -1 -1 -1000 -1000 -1000 -10 0.0001035928726196289
Car -1 -1 -10 0.0 189.0 29.0 310.0 -1 -1 -1 -1000 -1000 -1000 -10 0.00010120868682861328
