Car -1 -1 -10 421.0 81.0 552.0 233.0 -1 -1 -1 -1000 -1000 -1000 -10 0.9677734375
Car -1 -1 -10 568.0 174.0 623.0 224.0 -1 -1 -1 -1000 -1000 -1000 -10 0.9658203125
Car -1 -1 -10 190.0 195.0 422.0 331.0 -1 -1 -1 -1000 -1000 -1000 -10 0.9609375
Car -1 -1 -10 353.0 179.0 422.0 219.0 -1 -1 -1 -1000 -1000 -1000 -10 0.91162109375
Car -1 -1 -10 330.0 175.0 385.0 204.0 -1 -1 -1 -1000 -1000 -1000 -10 0.9052734375
Car -1 -1 -10 532.0 179.0 561.0 202.0 -1 -1 -1 -1000 -1000 -1000 -10 0.8994140625
Car -1 -1 -10 336.0 174.0 384.0 201.0 -1 -1 -1 -1000 -1000 -1000 -10 0.32666015625
Car -1 -1 -10 351.0 178.0 414.0 213.0 -1 -1 -1 -1000 -1000 -1000 -10 0.09661865234375
Car -1 -1 -10 532.0 183.0 561.0 205.0 -1 -1 -1 -1000 -1000 -1000 -10 0.0152740478515625
Car -1 -1 -10 538.0 177.0 564.0 199.0 -1 -1 -1 -1000 -1000 -1000 -10 0.00884246826171875
Car -1 -1 -10 326.0 176.0 388.0 211.0 -1 -1 -1 -1000 -1000 -1000 -10 0.00884246826171875
Car -1 -1 -10 524.0 180.0 558.0 206.0 -1 -1 -1 -1000 -1000 -1000 -10 0.007030487060546875
Car -1 -1 -10 531.0 174.0 560.0 201.0 -1 -1 -1 -1000 -1000 -1000 -10 0.00519561767578125
Car -1 -1 -10 311.0 175.0 375.0 210.0 -1 -1 -1 -1000 -1000 -1000 -10 0.00482177734375
Car -1 -1 -10 347.0 176.0 393.0 203.0 -1 -1 -1 -1000 -1000 -1000 -10 0.004505157470703125
Car -1 -1 -10 357.0 177.0 416.0 208.0 -1 -1 -1 -1000 -1000 -1000 -10 0.0021114349365234375
Car -1 -1 -10 337.0 169.0 422.0 233.0 -1 -1 -1 -1000 -1000 -1000 -10 0.0013055801391601562
Car -1 -1 -10 352.0 181.0 424.0 227.0 -1 -1 -1 -1000 -1000 -1000 -10 0.0012292861938476562
Car -1 -1 -10 334.0 177.0 401.0 213.0 -1 -1 -1 -1000 -1000 -1000 -10 0.0011014938354492188
Car -1 -1 -10 236.0 199.0 369.0 321.0 -1 -1 -1 -1000 -1000 -1000 -10 0.001064300537109375
Car -1 -1 -10 345.0 168.0 429.0 238.0 -1 -1 -1 -1000 -1000 -1000 -10 0.00103759765625
Car -1 -1 -10 331.0 172.0 386.0 208.0 -1 -1 -1 -1000 -1000 -1000 -10 0.0009522438049316406
Car -1 -1 -10 565.0 165.0 625.0 226.0 -1 -1 -1 -1000 -1000 -1000 -10 0.0007963180541992188
Car -1 -1 -10 530.0 177.0 563.0 210.0 -1 -1 -1 -1000 -1000 -1000 -10 0.0007882118225097656
Car -1 -1 -10 531.0 174.0 563.0 206.0 -1 -1 -1 -1000 -1000 -1000 -10 0.0006403923034667969
Car -1 -1 -10 348.0 165.0 425.0 227.0 -1 -1 -1 -1000 -1000 -1000 -10 0.0006160736083984375
Car -1 -1 -10 355.0 178.0 406.0 209.0 -1 -1 -1 -1000 -1000 -1000 -10 0.0005707740783691406
Car -1 -1 -10 312.0 170.0 370.0 204.0 -1 -1 -1 -1000 -1000 -1000 -10 0.0005469322204589844
Car -1 -1 -10 315.0 175.0 372.0 206.0 -1 -1 -1 -1000 -1000 -1000 -10 0.0005145072937011719
Car -1 -1 -10 303.0 172.0 351.0 199.0 -1 -1 -1 -1000 -1000 -1000 -10 0.00046443939208984375
Car -1 -1 -10 359.0 181.0 425.0 222.0 -1 -1 -1 -1000 -1000 -1000 -10 0.0004470348358154297
Car -1 -1 -10 536.0 176.0 572.0 213.0 -1 -1 -1 -1000 -1000 -1000 -10 0.0004317760467529297
Car -1 -1 -10 519.0 132.0 676.0 244.0 -1 -1 -1 -1000 -1000 -1000 -10 0.0003631114959716797
Car -1 -1 -10 305.0 127.0 472.0 248.0 -1 -1 -1 -1000 -1000 -1000 -10 0.0003333091735839844
Car -1 -1 -10 364.0 178.0 428.0 218.0 -1 -1 -1 -1000 -1000 -1000 -10 0.00032401084899902344
Car -1 -1 -10 294.0 138.0 478.0 280.0 -1 -1 -1 -1000 -1000 -1000 -10 0.00031638145446777344
Car -1 -1 -10 272.0 140.0 456.0 274.0 -1 -1 -1 -1000 -1000 -1000 -10 0.0002961158752441406
Car -1 -1 -10 508.0 133.0 685.0 274.0 -1 -1 -1 -1000 -1000 -1000 -10 0.00026488304138183594
Car -1 -1 -10 322.0 154.0 392.0 220.0 -1 -1 -1 -1000 -1000 -1000 -10 0.00025177001953125
Car -1 -1 -10 362.0 180.0 413.0 214.0 -1 -1 -1 -1000 -1000 -1000 -10 0.0002491474151611328
Car -1 -1 -10 524.0 176.0 556.0 203.0 -1 -1 -1 -1000 -1000 -1000 -10 0.0002092123031616211
Car -1 -1 -10 304.0 174.0 358.0 204.0 -1 -1 -1 -1000 -1000 -1000 -10 0.00020897388458251953
Car -1 -1 -10 521.0 175.0 558.0 214.0 -1 -1 -1 -1000 -1000 -1000 -10 0.00019741058349609375
Car -1 -1 -10 261.0 113.0 444.0 249.0 -1 -1 -1 -1000 -1000 -1000 -10 0.00018739700317382812
Car -1 -1 -10 368.0 177.0 423.0 209.0 -1 -1 -1 -1000 -1000 -1000 -10 0.0001690387725830078
Car -1 -1 -10 523.0 165.0 559.0 210.0 -1 -1 -1 -1000 -1000 -1000 -10 0.00015783309936523438
Car -1 -1 -10 489.0 135.0 665.0 272.0 -1 -1 -1 -1000 -1000 -1000 -10 0.00014925003051757812
Car -1 -1 -10 296.0 171.0 347.0 200.0 -1 -1 -1 -1000 -1000 -1000 -10 0.00012493133544921875
Car -1 -1 -10 322.0 176.0 381.0 212.0 -1 -1 -1 -1000 -1000 -1000 -10 0.00012028217315673828
Car -1 -1 -10 519.0 183.0 555.0 209.0 -1 -1 -1 -1000 -1000 -1000 -10 0.00010567903518676758
