Car -1 -1 -10 268.0 191.0 403.0 294.0 -1 -1 -1 -1000 -1000 -1000 -10 0.97216796875
Car -1 -1 -10 480.0 176.0 580.0 211.0 -1 -1 -1 -1000 -1000 -1000 -10 0.9453125
Car -1 -1 -10 621.0 173.0 722.0 205.0 -1 -1 -1 -1000 -1000 -1000 -10 0.943359375
Car -1 -1 -10 230.0 176.0 370.0 227.0 -1 -1 -1 -1000 -1000 -1000 -10 0.9404296875
Car -1 -1 -10 130.0 158.0 266.0 216.0 -1 -1 -1 -1000 -1000 -1000 -10 0.93505859375
Pedestrian -1 -1 -10 869.0 157.0 914.0 265.0 -1 -1 -1 -1000 -1000 -1000 -10 0.908203125
Car -1 -1 -10 0.0 190.0 13.0 248.0 -1 -1 -1 -1000 -1000 -1000 -10 0.131103515625
Car -1 -1 -10 0.0 183.0 15.0 244.0 -1 -1 -1 -1000 -1000 -1000 -10 0.0428466796875
Car -1 -1 -10 0.0 192.0 15.0 251.0 -1 -1 -1 -1000 -1000 -1000 -10 0.0364990234375
Car -1 -1 -10 0.0 183.0 13.0 236.0 -1 -1 -1 -1000 -1000 -1000 -10 0.01263427734375
Car -1 -1 -10 0.0 187.0 20.0 249.0 -1 -1 -1 -1000 -1000 -1000 -10 0.0116119384765625
Pedestrian -1 -1 -10 875.0 160.0 917.0 266.0 -1 -1 -1 -1000 -1000 -1000 -10 0.01052093505859375
Car -1 -1 -10 0.0 196.0 12.0 255.0 -1 -1 -1 -1000 -1000 -1000 -10 0.00579071044921875
Car -1 -1 -10 1191.0 200.0 1241.0 375.0 -1 -1 -1 -1000 -1000 -1000 -10 0.00502777099609375
Car -1 -1 -10 1205.0 203.0 1242.0 375.0 -1 -1 -1 -1000 -1000 -1000 -10 0.00495147705078125
Car -1 -1 -10 0.0 192.0 22.0 253.0 -1 -1 -1 -1000 -1000 -1000 -10 0.004055023193359375
Car -1 -1 -10 1.0 196.0 16.0 262.0 -1 -1 -1 -1000 -1000 -1000 -10 0.00391387939453125
Car -1 -1 -10 1207.0 224.0 1242.0 371.0 -1 -1 -1 -1000 -1000 -1000 -10 0.003772735595703125
Car -1 -1 -10 0.0 189.0 25.0 251.0 -1 -1 -1 -1000 -1000 -1000 -10 0.002841949462890625
Car -1 -1 -10 0.0 173.0 23.0 232.0 -1 -1 -1 -1000 -1000 -1000 -10 0.00258636474609375
Car -1 -1 -10 1184.0 212.0 1242.0 371.0 -1 -1 -1 -1000 -1000 -1000 -10 0.002300262451171875
Pedestrian -1 -1 -10 864.0 152.0 919.0 262.0 -1 -1 -1 -1000 -1000 -1000 -10 0.00228118896484375
Car -1 -1 -10 226.0 170.0 372.0 233.0 -1 -1 -1 -1000 -1000 -1000 -10 0.002124786376953125
Car -1 -1 -10 0.0 198.0 13.0 278.0 -1 -1 -1 -1000 -1000 -1000 -10 0.001922607421875
Car -1 -1 -10 235.0 176.0 387.0 251.0 -1 -1 -1 -1000 -1000 -1000 -10 0.0017871856689453125
Car -1 -1 -10 499.0 178.0 548.0 202.0 -1 -1 -1 -1000 -1000 -1000 -10 0.0017213821411132812
Car -1 -1 -10 0.0 171.0 14.0 218.0 -1 -1 -1 -1000 -1000 -1000 -10 0.0017147064208984375
Car -1 -1 -10 1.0 200.0 15.0 257.0 -1 -1 -1 -1000 -1000 -1000 -10 0.0015783309936523438
Car -1 -1 -10 489.0 175.0 570.0 210.0 -1 -1 -1 -1000 -1000 -1000 -10 0.0015592575073242188
Car -1 -1 -10 0.0 174.0 13.0 215.0 -1 -1 -1 -1000 -1000 -1000 -10 0.0015115737915039062
Car -1 -1 -10 124.0 163.0 258.0 218.0 -1 -1 -1 -1000 -1000 -1000 -10 0.0014772415161132812
Car -1 -1 -10 632.0 172.0 724.0 203.0 -1 -1 -1 -1000 -1000 -1000 -10 0.0012798309326171875
Car -1 -1 -10 1193.0 238.0 1241.0 375.0 -1 -1 -1 -1000 -1000 -1000 -10 0.0012159347534179688
Car -1 -1 -10 0.0 167.0 29.0 217.0 -1 -1 -1 -1000 -1000 -1000 -10 0.001190185546875
Car -1 -1 -10 474.0 164.0 583.0 225.0 -1 -1 -1 -1000 -1000 -1000 -10 0.0011501312255859375
Car -1 -1 -10 643.0 176.0 691.0 197.0 -1 -1 -1 -1000 -1000 -1000 -10 0.00107574462890625
Car -1 -1 -10 0.0 233.0 26.0 366.0 -1 -1 -1 -1000 -1000 -1000 -10 0.0008625984191894531
Car -1 -1 -10 0.0 212.0 23.0 355.0 -1 -1 -1 -1000 -1000 -1000 -10 0.0008378028869628906
Car -1 -1 -10 613.0 162.0 728.0 221.0 -1 -1 -1 -1000 -1000 -1000 -10 0.0008335113525390625
Car -1 -1 -10 1.0 201.0 18.0 279.0 -1 -1 -1 -1000 -1000 -1000 -10 0.0008273124694824219
Car -1 -1 -10 101.0 134.0 289.0 254.0 -1 -1 -1 -1000 -1000 -1000 -10 0.0008244514465332031
Car -1 -1 -10 1214.0 248.0 1242.0 370.0 -1 -1 -1 -1000 -1000 -1000 -10 0.0008139610290527344
Car -1 -1 -10 0.0 198.0 18.0 310.0 -1 -1 -1 -1000 -1000 -1000 -10 0.0008139610290527344
Car -1 -1 -10 1208.0 245.0 1242.0 375.0 -1 -1 -1 -1000 -1000 -1000 -10 0.0008044242858886719
Car -1 -1 -10 1.0 157.0 32.0 214.0 -1 -1 -1 -1000 -1000 -1000 -10 0.0007572174072265625
Car -1 -1 -10 0.0 165.0 38.0 230.0 -1 -1 -1 -1000 -1000 -1000 -10 0.0007524490356445312
Car -1 -1 -10 615.0 157.0 728.0 212.0 -1 -1 -1 -1000 -1000 -1000 -10 0.0007023811340332031
Car -1 -1 -10 198.0 139.0 395.0 271.0 -1 -1 -1 -1000 -1000 -1000 -10 0.0006985664367675781
Car -1 -1 -10 1166.0 199.0 1242.0 374.0 -1 -1 -1 -1000 -1000 -1000 -10 0.0006861686706542969
Pedestrian -1 -1 -10 823.0 144.0 961.0 281.0 -1 -1 -1 -1000 -1000 -1000 -10 0.0006771087646484375
Car -1 -1 -10 0.0 235.0 49.0 370.0 -1 -1 -1 -1000 -1000 -1000 -10 0.0006618499755859375
Car -1 -1 -10 109.0 129.0 284.0 235.0 -1 -1 -1 -1000 -1000 -1000 -10 0.0006127357482910156
Car -1 -1 -10 0.0 153.0 20.0 224.0 -1 -1 -1 -1000 -1000 -1000 -10 0.0005993843078613281
Car -1 -1 -10 0.0 177.0 43.0 244.0 -1 -1 -1 -1000 -1000 -1000 -10 0.0005478858947753906
Car -1 -1 -10 0.0 157.0 39.0 237.0 -1 -1 -1 -1000 -1000 -1000 -10 0.0005393028259277344
Car -1 -1 -10 1.0 208.0 12.0 267.0 -1 -1 -1 -1000 -1000 -1000 -10 0.0005121231079101562
Car -1 -1 -10 0.0 201.0 15.0 299.0 -1 -1 -1 -1000 -1000 -1000 -10 0.0005092620849609375
Car -1 -1 -10 1221.0 240.0 1242.0 375.0 -1 -1 -1 -1000 -1000 -1000 -10 0.0005078315734863281
Car -1 -1 -10 215.0 144.0 412.0 287.0 -1 -1 -1 -1000 -1000 -1000 -10 0.0004875659942626953
Car -1 -1 -10 0.0 194.0 27.0 273.0 -1 -1 -1 -1000 -1000 -1000 -10 0.00047516822814941406
Car -1 -1 -10 580.0 131.0 770.0 273.0 -1 -1 -1 -1000 -1000 -1000 -10 0.00044989585876464844
Car -1 -1 -10 1209.0 172.0 1242.0 368.0 -1 -1 -1 -1000 -1000 -1000 -10 0.0004489421844482422
Car -1 -1 -10 236.0 174.0 376.0 219.0 -1 -1 -1 -1000 -1000 -1000 -10 0.00042700767517089844
Car -1 -1 -10 0.0 161.0 13.0 214.0 -1 -1 -1 -1000 -1000 -1000 -10 0.00037097930908203125
Car -1 -1 -10 206.0 138.0 398.0 249.0 -1 -1 -1 -1000 -1000 -1000 -10 0.0003612041473388672
Car -1 -1 -10 507.0 178.0 557.0 201.0 -1 -1 -1 -1000 -1000 -1000 -10 0.0003485679626464844
Car -1 -1 -10 272.0 179.0 318.0 219.0 -1 -1 -1 -1000 -1000 -1000 -10 0.0003383159637451172
Car -1 -1 -10 0.0 198.0 24.0 311.0 -1 -1 -1 -1000 -1000 -1000 -10 0.00033593177795410156
Pedestrian -1 -1 -10 864.0 160.0 904.0 263.0 -1 -1 -1 -1000 -1000 -1000 -10 0.0003173351287841797
Car -1 -1 -10 0.0 203.0 20.0 300.0 -1 -1 -1 -1000 -1000 -1000 -10 0.000316619873046875
Car -1 -1 -10 0.0 207.0 43.0 364.0 -1 -1 -1 -1000 -1000 -1000 -10 0.0003135204315185547
Car -1 -1 -10 0.0 188.0 42.0 271.0 -1 -1 -1 -1000 -1000 -1000 -10 0.00030231475830078125
Car -1 -1 -10 430.0 130.0 617.0 274.0 -1 -1 -1 -1000 -1000 -1000 -10 0.0002987384796142578
Car -1 -1 -10 0.0 190.0 32.0 280.0 -1 -1 -1 -1000 -1000 -1000 -10 0.00028967857360839844
Car -1 -1 -10 1.0 154.0 45.0 217.0 -1 -1 -1 -1000 -1000 -1000 -10 0.00028252601623535156
Car -1 -1 -10 0.0 228.0 78.0 369.0 -1 -1 -1 -1000 -1000 -1000 -10 0.0002684593200683594
Car -1 -1 -10 0.0 156.0 28.0 221.0 -1 -1 -1 -1000 -1000 -1000 -10 0.0002598762512207031
Car -1 -1 -10 225.0 173.0 357.0 223.0 -1 -1 -1 -1000 -1000 -1000 -10 0.0002567768096923828
Car -1 -1 -10 503.0 174.0 582.0 206.0 -1 -1 -1 -1000 -1000 -1000 -10 0.0002536773681640625
Car -1 -1 -10 583.0 113.0 765.0 237.0 -1 -1 -1 -1000 -1000 -1000 -10 0.00025272369384765625
Car -1 -1 -10 280.0 179.0 325.0 218.0 -1 -1 -1 -1000 -1000 -1000 -10 0.00023996829986572266
Car -1 -1 -10 0.0 166.0 12.0 208.0 -1 -1 -1 -1000 -1000 -1000 -10 0.00023984909057617188
Car -1 -1 -10 1173.0 239.0 1242.0 373.0 -1 -1 -1 -1000 -1000 -1000 -10 0.00022935867309570312
Car -1 -1 -10 1.0 162.0 43.0 220.0 -1 -1 -1 -1000 -1000 -1000 -10 0.00022864341735839844
Pedestrian -1 -1 -10 767.0 0.0 812.0 1.0 -1 -1 -1 -1000 -1000 -1000 -10 0.00022840499877929688
Car -1 -1 -10 0.0 146.0 28.0 230.0 -1 -1 -1 -1000 -1000 -1000 -10 0.000225067138671875
Car -1 -1 -10 0.0 224.0 64.0 370.0 -1 -1 -1 -1000 -1000 -1000 -10 0.00022268295288085938
Car -1 -1 -10 928.0 0.0 983.0 2.0 -1 -1 -1 -1000 -1000 -1000 -10 0.0002186298370361328
Car -1 -1 -10 439.0 122.0 613.0 239.0 -1 -1 -1 -1000 -1000 -1000 -10 0.00020015239715576172
Car -1 -1 -10 0.0 157.0 47.0 229.0 -1 -1 -1 -1000 -1000 -1000 -10 0.00019991397857666016
Pedestrian -1 -1 -10 846.0 0.0 907.0 0.0 -1 -1 -1 -1000 -1000 -1000 -10 0.00019180774688720703
Car -1 -1 -10 1.0 210.0 17.0 269.0 -1 -1 -1 -1000 -1000 -1000 -10 0.00019121170043945312
Car -1 -1 -10 155.0 159.0 274.0 212.0 -1 -1 -1 -1000 -1000 -1000 -10 0.00019085407257080078
Car -1 -1 -10 0.0 235.0 106.0 375.0 -1 -1 -1 -1000 -1000 -1000 -10 0.0001850128173828125
Pedestrian -1 -1 -10 786.0 0.0 844.0 0.0 -1 -1 -1 -1000 -1000 -1000 -10 0.00018453598022460938
Car -1 -1 -10 650.0 177.0 700.0 197.0 -1 -1 -1 -1000 -1000 -1000 -10 0.0001779794692993164
Car -1 -1 -10 0.0 240.0 29.0 369.0 -1 -1 -1 -1000 -1000 -1000 -10 0.00017654895782470703
Car -1 -1 -10 0.0 197.0 35.0 320.0 -1 -1 -1 -1000 -1000 -1000 -10 0.00017547607421875
Pedestrian -1 -1 -10 868.0 154.0 908.0 248.0 -1 -1 -1 -1000 -1000 -1000 -10 0.00016546249389648438
Car -1 -1 -10 1192.0 220.0 1241.0 358.0 -1 -1 -1 -1000 -1000 -1000 -10 0.0001647472381591797
Pedestrian -1 -1 -10 770.0 0.0 808.0 0.0 -1 -1 -1 -1000 -1000 -1000 -10 0.00016176700592041016
Car -1 -1 -10 3.0 151.0 59.0 218.0 -1 -1 -1 -1000 -1000 -1000 -10 0.0001590251922607422
Car -1 -1 -10 0.0 217.0 15.0 327.0 -1 -1 -1 -1000 -1000 -1000 -10 0.0001589059829711914
Pedestrian -1 -1 -10 863.0 0.0 930.0 0.0 -1 -1 -1 -1000 -1000 -1000 -10 0.00015473365783691406
Car -1 -1 -10 1.0 141.0 47.0 225.0 -1 -1 -1 -1000 -1000 -1000 -10 0.00015211105346679688
Car -1 -1 -10 948.0 0.0 1006.0 7.0 -1 -1 -1 -1000 -1000 -1000 -10 0.00015175342559814453
Car -1 -1 -10 0.0 210.0 14.0 311.0 -1 -1 -1 -1000 -1000 -1000 -10 0.00014841556549072266
Pedestrian -1 -1 -10 897.0 0.0 962.0 1.0 -1 -1 -1 -1000 -1000 -1000 -10 0.00014793872833251953
Pedestrian -1 -1 -10 884.0 165.0 920.0 262.0 -1 -1 -1 -1000 -1000 -1000 -10 0.00014734268188476562
Car -1 -1 -10 937.0 0.0 997.0 4.0 -1 -1 -1 -1000 -1000 -1000 -10 0.00014281272888183594
Pedestrian -1 -1 -10 882.0 0.0 950.0 1.0 -1 -1 -1 -1000 -1000 -1000 -10 0.0001424551010131836
Car -1 -1 -10 178.0 160.0 223.0 206.0 -1 -1 -1 -1000 -1000 -1000 -10 0.00014126300811767578
Car -1 -1 -10 1159.0 232.0 1242.0 375.0 -1 -1 -1 -1000 -1000 -1000 -10 0.00013875961303710938
Pedestrian -1 -1 -10 763.0 0.0 817.0 1.0 -1 -1 -1 -1000 -1000 -1000 -10 0.00013756752014160156
Car -1 -1 -10 0.0 177.0 58.0 236.0 -1 -1 -1 -1000 -1000 -1000 -10 0.00013399124145507812
Car -1 -1 -10 1.0 183.0 35.0 241.0 -1 -1 -1 -1000 -1000 -1000 -10 0.000133514404296875
Car -1 -1 -10 630.0 174.0 712.0 204.0 -1 -1 -1 -1000 -1000 -1000 -10 0.00013244152069091797
Car -1 -1 -10 943.0 0.0 1008.0 3.0 -1 -1 -1 -1000 -1000 -1000 -10 0.00012314319610595703
Car -1 -1 -10 1.0 166.0 41.0 215.0 -1 -1 -1 -1000 -1000 -1000 -10 0.00011742115020751953
Car -1 -1 -10 0.0 227.0 26.0 344.0 -1 -1 -1 -1000 -1000 -1000 -10 0.00011479854583740234
Car -1 -1 -10 237.0 178.0 378.0 235.0 -1 -1 -1 -1000 -1000 -1000 -10 0.00011467933654785156
Car -1 -1 -10 0.0 236.0 16.0 354.0 -1 -1 -1 -1000 -1000 -1000 -10 0.00011366605758666992
Pedestrian -1 -1 -10 829.0 0.0 893.0 0.0 -1 -1 -1 -1000 -1000 -1000 -10 0.00011330842971801758
Pedestrian -1 -1 -10 783.0 0.0 816.0 0.0 -1 -1 -1 -1000 -1000 -1000 -10 0.00011080503463745117
Car -1 -1 -10 169.0 162.0 215.0 211.0 -1 -1 -1 -1000 -1000 -1000 -10 0.00010764598846435547
Car -1 -1 -10 1224.0 230.0 1242.0 363.0 -1 -1 -1 -1000 -1000 -1000 -10 0.00010639429092407227
Car -1 -1 -10 915.0 0.0 975.0 0.0 -1 -1 -1 -1000 -1000 -1000 -10 0.00010514259338378906
Car -1 -1 -10 491.0 173.0 585.0 208.0 -1 -1 -1 -1000 -1000 -1000 -10 0.00010085105895996094
