Car -1 -1 -10 519.0 176.0 581.0 220.0 -1 -1 -1 -1000 -1000 -1000 -10 0.95654296875
Car -1 -1 -10 584.0 173.0 616.0 199.0 -1 -1 -1 -1000 -1000 -1000 -10 0.94287109375
Pedestrian -1 -1 -10 800.0 167.0 811.0 199.0 -1 -1 -1 -1000 -1000 -1000 -10 0.7998046875
Pedestrian -1 -1 -10 798.0 166.0 807.0 199.0 -1 -1 -1 -1000 -1000 -1000 -10 0.0101318359375
Pedestrian -1 -1 -10 802.0 168.0 811.0 200.0 -1 -1 -1 -1000 -1000 -1000 -10 0.00830841064453125
Pedestrian -1 -1 -10 803.0 167.0 812.0 195.0 -1 -1 -1 -1000 -1000 -1000 -10 0.0027637481689453125
Pedestrian -1 -1 -10 796.0 166.0 808.0 199.0 -1 -1 -1 -1000 -1000 -1000 -10 0.00223541259765625
Car -1 -1 -10 1217.0 218.0 1242.0 375.0 -1 -1 -1 -1000 -1000 -1000 -10 0.0014553070068359375
Car -1 -1 -10 1206.0 218.0 1242.0 375.0 -1 -1 -1 -1000 -1000 -1000 -10 0.0010614395141601562
Car -1 -1 -10 1219.0 244.0 1242.0 375.0 -1 -1 -1 -1000 -1000 -1000 -10 0.0008106231689453125
Car -1 -1 -10 515.0 166.0 587.0 231.0 -1 -1 -1 -1000 -1000 -1000 -10 0.0007100105285644531
Car -1 -1 -10 1214.0 190.0 1241.0 375.0 -1 -1 -1 -1000 -1000 -1000 -10 0.0005269050598144531
Car -1 -1 -10 452.0 137.0 620.0 271.0 -1 -1 -1 -1000 -1000 -1000 -10 0.0004334449768066406
Pedestrian -1 -1 -10 801.0 168.0 813.0 195.0 -1 -1 -1 -1000 -1000 -1000 -10 0.000362396240234375
Car -1 -1 -10 474.0 130.0 635.0 244.0 -1 -1 -1 -1000 -1000 -1000 -10 0.00033664703369140625
Car -1 -1 -10 1205.0 184.0 1242.0 375.0 -1 -1 -1 -1000 -1000 -1000 -10 0.0003323554992675781
Car -1 -1 -10 582.0 171.0 616.0 205.0 -1 -1 -1 -1000 -1000 -1000 -10 0.0003304481506347656
Car -1 -1 -10 465.0 132.0 645.0 275.0 -1 -1 -1 -1000 -1000 -1000 -10 0.000324249267578125
Car -1 -1 -10 1216.0 265.0 1242.0 375.0 -1 -1 -1 -1000 -1000 -1000 -10 0.0003211498260498047
Car -1 -1 -10 1195.0 230.0 1242.0 375.0 -1 -1 -1 -1000 -1000 -1000 -10 0.0003185272216796875
Car -1 -1 -10 1206.0 250.0 1242.0 375.0 -1 -1 -1 -1000 -1000 -1000 -10 0.0003082752227783203
Pedestrian -1 -1 -10 756.0 170.0 766.0 204.0 -1 -1 -1 -1000 -1000 -1000 -10 0.0002772808074951172
Car -1 -1 -10 830.0 66.0 849.0 86.0 -1 -1 -1 -1000 -1000 -1000 -10 0.00022101402282714844
Pedestrian -1 -1 -10 911.0 0.0 936.0 3.0 -1 -1 -1 -1000 -1000 -1000 -10 0.00018918514251708984
Pedestrian -1 -1 -10 900.0 0.0 930.0 6.0 -1 -1 -1 -1000 -1000 -1000 -10 0.0001666545867919922
Car -1 -1 -10 1203.0 267.0 1241.0 375.0 -1 -1 -1 -1000 -1000 -1000 -10 0.0001627206802368164
Car -1 -1 -10 1226.0 266.0 1242.0 375.0 -1 -1 -1 -1000 -1000 -1000 -10 0.00016164779663085938
Car -1 -1 -10 1175.0 217.0 1242.0 375.0 -1 -1 -1 -1000 -1000 -1000 -10 0.00015914440155029297
Pedestrian -1 -1 -10 754.0 169.0 767.0 203.0 -1 -1 -1 -1000 -1000 -1000 -10 0.00013899803161621094
Pedestrian -1 -1 -10 756.0 169.0 768.0 201.0 -1 -1 -1 -1000 -1000 -1000 -10 0.00013589859008789062
Car -1 -1 -10 1221.0 177.0 1242.0 355.0 -1 -1 -1 -1000 -1000 -1000 -10 0.0001354217529296875
Car -1 -1 -10 823.0 66.0 856.0 87.0 -1 -1 -1 -1000 -1000 -1000 -10 0.00012886524200439453
Car -1 -1 -10 529.0 176.0 581.0 215.0 -1 -1 -1 -1000 -1000 -1000 -10 0.0001220703125
Car -1 -1 -10 1185.0 228.0 1242.0 375.0 -1 -1 -1 -1000 -1000 -1000 -10 0.00011730194091796875
Pedestrian -1 -1 -10 741.0 169.0 752.0 201.0 -1 -1 -1 -1000 -1000 -1000 -10 0.00011354684829711914
Car -1 -1 -10 525.0 177.0 577.0 218.0 -1 -1 -1 -1000 -1000 -1000 -10 0.00011050701141357422
Car -1 -1 -10 825.0 66.0 853.0 86.0 -1 -1 -1 -1000 -1000 -1000 -10 0.00010979175567626953
Pedestrian -1 -1 -10 895.0 0.0 937.0 6.0 -1 -1 -1 -1000 -1000 -1000 -10 0.00010943412780761719
Car -1 -1 -10 1215.0 163.0 1241.0 371.0 -1 -1 -1 -1000 -1000 -1000 -10 0.00010913610458374023
