Car -1 -1 -10 588.0 164.0 615.0 194.0 -1 -1 -1 -1000 -1000 -1000 -10 0.94873046875
Car -1 -1 -10 97.0 200.0 159.0 229.0 -1 -1 -1 -1000 -1000 -1000 -10 0.943359375
Car -1 -1 -10 935.0 177.0 1001.0 199.0 -1 -1 -1 -1000 -1000 -1000 -10 0.939453125
Car -1 -1 -10 0.0 203.0 59.0 252.0 -1 -1 -1 -1000 -1000 -1000 -10 0.8974609375
Car -1 -1 -10 1.0 204.0 50.0 251.0 -1 -1 -1 -1000 -1000 -1000 -10 0.0157928466796875
Car -1 -1 -10 0.0 204.0 14.0 245.0 -1 -1 -1 -1000 -1000 -1000 -10 0.007106781005859375
Car -1 -1 -10 0.0 196.0 60.0 263.0 -1 -1 -1 -1000 -1000 -1000 -10 0.0038242340087890625
Car -1 -1 -10 0.0 202.0 12.0 237.0 -1 -1 -1 -1000 -1000 -1000 -10 0.0033130645751953125
Car -1 -1 -10 565.0 177.0 580.0 191.0 -1 -1 -1 -1000 -1000 -1000 -10 0.002834320068359375
Car -1 -1 -10 0.0 206.0 12.0 249.0 -1 -1 -1 -1000 -1000 -1000 -10 0.0025348663330078125
Car -1 -1 -10 0.0 202.0 16.0 237.0 -1 -1 -1 -1000 -1000 -1000 -10 0.0024623870849609375
Car -1 -1 -10 0.0 207.0 16.0 248.0 -1 -1 -1 -1000 -1000 -1000 -10 0.0017786026000976562
Car -1 -1 -10 939.0 177.0 991.0 198.0 -1 -1 -1 -1000 -1000 -1000 -10 0.0015172958374023438
Car -1 -1 -10 1.0 197.0 61.0 249.0 -1 -1 -1 -1000 -1000 -1000 -10 0.0014972686767578125
Car -1 -1 -10 930.0 179.0 992.0 199.0 -1 -1 -1 -1000 -1000 -1000 -10 0.001007080078125
Car -1 -1 -10 930.0 172.0 1003.0 203.0 -1 -1 -1 -1000 -1000 -1000 -10 0.0009522438049316406
Car -1 -1 -10 585.0 161.0 612.0 191.0 -1 -1 -1 -1000 -1000 -1000 -10 0.0007977485656738281
Car -1 -1 -10 0.0 209.0 57.0 260.0 -1 -1 -1 -1000 -1000 -1000 -10 0.0006127357482910156
Car -1 -1 -10 588.0 161.0 617.0 196.0 -1 -1 -1 -1000 -1000 -1000 -10 0.0005230903625488281
Car -1 -1 -10 0.0 215.0 22.0 344.0 -1 -1 -1 -1000 -1000 -1000 -10 0.0003712177276611328
Car -1 -1 -10 571.0 2.0 631.0 50.0 -1 -1 -1 -1000 -1000 -1000 -10 0.00035881996154785156
Car -1 -1 -10 96.0 197.0 160.0 232.0 -1 -1 -1 -1000 -1000 -1000 -10 0.0003275871276855469
Car -1 -1 -10 103.0 200.0 154.0 228.0 -1 -1 -1 -1000 -1000 -1000 -10 0.00032019615173339844
Car -1 -1 -10 0.0 173.0 102.0 304.0 -1 -1 -1 -1000 -1000 -1000 -10 0.00029349327087402344
Car -1 -1 -10 0.0 160.0 97.0 279.0 -1 -1 -1 -1000 -1000 -1000 -10 0.0002772808074951172
Car -1 -1 -10 89.0 181.0 168.0 246.0 -1 -1 -1 -1000 -1000 -1000 -10 0.00026917457580566406
Car -1 -1 -10 0.0 166.0 111.0 277.0 -1 -1 -1 -1000 -1000 -1000 -10 0.00024771690368652344
Car -1 -1 -10 7.0 200.0 66.0 250.0 -1 -1 -1 -1000 -1000 -1000 -10 0.0002465248107910156
Car -1 -1 -10 0.0 187.0 11.0 233.0 -1 -1 -1 -1000 -1000 -1000 -10 0.0002275705337524414
Car -1 -1 -10 565.0 172.0 582.0 189.0 -1 -1 -1 -1000 -1000 -1000 -10 0.0002161264419555664
Car -1 -1 -10 0.0 230.0 22.0 368.0 -1 -1 -1 -1000 -1000 -1000 -10 0.00019991397857666016
Car -1 -1 -10 93.0 198.0 155.0 227.0 -1 -1 -1 -1000 -1000 -1000 -10 0.00018703937530517578
Car -1 -1 -10 0.0 209.0 28.0 288.0 -1 -1 -1 -1000 -1000 -1000 -10 0.00018274784088134766
Car -1 -1 -10 0.0 191.0 20.0 236.0 -1 -1 -1 -1000 -1000 -1000 -10 0.0001780986785888672
Car -1 -1 -10 0.0 188.0 14.0 232.0 -1 -1 -1 -1000 -1000 -1000 -10 0.00016891956329345703
Car -1 -1 -10 2.0 206.0 62.0 263.0 -1 -1 -1 -1000 -1000 -1000 -10 0.0001621246337890625
Car -1 -1 -10 89.0 188.0 173.0 257.0 -1 -1 -1 -1000 -1000 -1000 -10 0.0001595020294189453
Car -1 -1 -10 0.0 218.0 16.0 303.0 -1 -1 -1 -1000 -1000 -1000 -10 0.00015485286712646484
Car -1 -1 -10 0.0 216.0 27.0 342.0 -1 -1 -1 -1000 -1000 -1000 -10 0.00015211105346679688
Car -1 -1 -10 567.0 6.0 638.0 59.0 -1 -1 -1 -1000 -1000 -1000 -10 0.0001468658447265625
Car -1 -1 -10 0.0 212.0 37.0 285.0 -1 -1 -1 -1000 -1000 -1000 -10 0.00014221668243408203
Car -1 -1 -10 0.0 215.0 32.0 301.0 -1 -1 -1 -1000 -1000 -1000 -10 0.0001417398452758789
Car -1 -1 -10 0.0 201.0 32.0 238.0 -1 -1 -1 -1000 -1000 -1000 -10 0.00013065338134765625
Car -1 -1 -10 0.0 225.0 27.0 372.0 -1 -1 -1 -1000 -1000 -1000 -10 0.00012636184692382812
Car -1 -1 -10 0.0 213.0 12.0 264.0 -1 -1 -1 -1000 -1000 -1000 -10 0.00012505054473876953
Car -1 -1 -10 2.0 190.0 56.0 243.0 -1 -1 -1 -1000 -1000 -1000 -10 0.00011175870895385742
Car -1 -1 -10 0.0 218.0 11.0 259.0 -1 -1 -1 -1000 -1000 -1000 -10 0.00010991096496582031
Car -1 -1 -10 77.0 86.0 94.0 99.0 -1 -1 -1 -1000 -1000 -1000 -10 0.00010263919830322266
