Car -1 -1 -10 3.0 203.0 385.0 373.0 -1 -1 -1 -1000 -1000 -1000 -10 0.97119140625
Car -1 -1 -10 447.0 179.0 530.0 233.0 -1 -1 -1 -1000 -1000 -1000 -10 0.966796875
Car -1 -1 -10 643.0 170.0 708.0 233.0 -1 -1 -1 -1000 -1000 -1000 -10 0.9560546875
Car -1 -1 -10 594.0 164.0 619.0 183.0 -1 -1 -1 -1000 -1000 -1000 -10 0.1778564453125
Car -1 -1 -10 602.0 150.0 728.0 258.0 -1 -1 -1 -1000 -1000 -1000 -10 0.00077056884765625
Car -1 -1 -10 442.0 173.0 533.0 237.0 -1 -1 -1 -1000 -1000 -1000 -10 0.0005593299865722656
Car -1 -1 -10 0.0 200.0 28.0 367.0 -1 -1 -1 -1000 -1000 -1000 -10 0.0005435943603515625
Car -1 -1 -10 616.0 149.0 745.0 243.0 -1 -1 -1 -1000 -1000 -1000 -10 0.0004837512969970703
Car -1 -1 -10 611.0 148.0 749.0 259.0 -1 -1 -1 -1000 -1000 -1000 -10 0.00047898292541503906
Car -1 -1 -10 650.0 171.0 702.0 230.0 -1 -1 -1 -1000 -1000 -1000 -10 0.0004208087921142578
Car -1 -1 -10 0.0 200.0 40.0 366.0 -1 -1 -1 -1000 -1000 -1000 -10 0.0004067420959472656
Car -1 -1 -10 0.0 214.0 44.0 375.0 -1 -1 -1 -1000 -1000 -1000 -10 0.0003719329833984375
Car -1 -1 -10 0.0 187.0 25.0 342.0 -1 -1 -1 -1000 -1000 -1000 -10 0.0003387928009033203
Car -1 -1 -10 703.0 89.0 721.0 104.0 -1 -1 -1 -1000 -1000 -1000 -10 0.00027632713317871094
Car -1 -1 -10 76.0 203.0 385.0 371.0 -1 -1 -1 -1000 -1000 -1000 -10 0.0002620220184326172
Car -1 -1 -10 592.0 0.0 636.0 13.0 -1 -1 -1 -1000 -1000 -1000 -10 0.0002498626708984375
Car -1 -1 -10 417.0 137.0 583.0 277.0 -1 -1 -1 -1000 -1000 -1000 -10 0.00022923946380615234
Car -1 -1 -10 706.0 90.0 717.0 104.0 -1 -1 -1 -1000 -1000 -1000 -10 0.00022125244140625
Car -1 -1 -10 582.0 0.0 626.0 3.0 -1 -1 -1 -1000 -1000 -1000 -10 0.00017595291137695312
Car -1 -1 -10 393.0 138.0 571.0 275.0 -1 -1 -1 -1000 -1000 -1000 -10 0.00017118453979492188
Car -1 -1 -10 409.0 149.0 559.0 254.0 -1 -1 -1 -1000 -1000 -1000 -10 0.00016772747039794922
Car -1 -1 -10 0.0 178.0 42.0 350.0 -1 -1 -1 -1000 -1000 -1000 -10 0.0001575946807861328
Car -1 -1 -10 585.0 0.0 621.0 2.0 -1 -1 -1 -1000 -1000 -1000 -10 0.0001493692398071289
Car -1 -1 -10 570.0 0.0 616.0 0.0 -1 -1 -1 -1000 -1000 -1000 -10 0.00014901161193847656
Car -1 -1 -10 1035.0 345.0 1242.0 375.0 -1 -1 -1 -1000 -1000 -1000 -10 0.0001442432403564453
Pedestrian -1 -1 -10 536.0 0.0 567.0 0.0 -1 -1 -1 -1000 -1000 -1000 -10 0.00014400482177734375
Car -1 -1 -10 574.0 0.0 610.0 0.0 -1 -1 -1 -1000 -1000 -1000 -10 0.00014388561248779297
Car -1 -1 -10 1117.0 348.0 1242.0 375.0 -1 -1 -1 -1000 -1000 -1000 -10 0.00014269351959228516
Car -1 -1 -10 580.0 160.0 614.0 183.0 -1 -1 -1 -1000 -1000 -1000 -10 0.0001417398452758789
Car -1 -1 -10 531.0 0.0 584.0 1.0 -1 -1 -1 -1000 -1000 -1000 -10 0.00011920928955078125
Car -1 -1 -10 594.0 162.0 619.0 181.0 -1 -1 -1 -1000 -1000 -1000 -10 0.0001112818717956543
Pedestrian -1 -1 -10 523.0 0.0 577.0 1.0 -1 -1 -1 -1000 -1000 -1000 -10 0.00010138750076293945
