Car -1 -1 -10 654.0 179.0 688.0 206.0 -1 -1 -1 -1000 -1000 -1000 -10 0.9501953125
Car -1 -1 -10 748.0 184.0 770.0 201.0 -1 -1 -1 -1000 -1000 -1000 -10 0.92724609375
Pedestrian -1 -1 -10 496.0 180.0 509.0 211.0 -1 -1 -1 -1000 -1000 -1000 -10 0.83251953125
Pedestrian -1 -1 -10 495.0 179.0 508.0 210.0 -1 -1 -1 -1000 -1000 -1000 -10 0.2039794921875
Pedestrian -1 -1 -10 498.0 184.0 510.0 212.0 -1 -1 -1 -1000 -1000 -1000 -10 0.026702880859375
Cyclist -1 -1 -10 0.0 131.0 48.0 313.0 -1 -1 -1 -1000 -1000 -1000 -10 0.0021533966064453125
Pedestrian -1 -1 -10 496.0 176.0 510.0 209.0 -1 -1 -1 -1000 -1000 -1000 -10 0.0017404556274414062
Cyclist -1 -1 -10 0.0 141.0 29.0 297.0 -1 -1 -1 -1000 -1000 -1000 -10 0.0016565322875976562
Car -1 -1 -10 695.0 183.0 715.0 200.0 -1 -1 -1 -1000 -1000 -1000 -10 0.0012264251708984375
Car -1 -1 -10 657.0 180.0 693.0 204.0 -1 -1 -1 -1000 -1000 -1000 -10 0.0010986328125
Cyclist -1 -1 -10 0.0 163.0 29.0 311.0 -1 -1 -1 -1000 -1000 -1000 -10 0.0010986328125
Cyclist -1 -1 -10 1.0 137.0 43.0 304.0 -1 -1 -1 -1000 -1000 -1000 -10 0.001071929931640625
Cyclist -1 -1 -10 1.0 159.0 45.0 315.0 -1 -1 -1 -1000 -1000 -1000 -10 0.0010213851928710938
Pedestrian -1 -1 -10 490.0 179.0 502.0 208.0 -1 -1 -1 -1000 -1000 -1000 -10 0.0009593963623046875
Cyclist -1 -1 -10 0.0 124.0 26.0 287.0 -1 -1 -1 -1000 -1000 -1000 -10 0.00087738037109375
Cyclist -1 -1 -10 0.0 125.0 59.0 314.0 -1 -1 -1 -1000 -1000 -1000 -10 0.0008254051208496094
Cyclist -1 -1 -10 1232.0 156.0 1242.0 244.0 -1 -1 -1 -1000 -1000 -1000 -10 0.0007309913635253906
Pedestrian -1 -1 -10 493.0 180.0 514.0 210.0 -1 -1 -1 -1000 -1000 -1000 -10 0.0006799697875976562
Cyclist -1 -1 -10 0.0 110.0 30.0 298.0 -1 -1 -1 -1000 -1000 -1000 -10 0.0006628036499023438
Cyclist -1 -1 -10 1232.0 149.0 1242.0 231.0 -1 -1 -1 -1000 -1000 -1000 -10 0.0006079673767089844
Pedestrian -1 -1 -10 568.0 181.0 577.0 207.0 -1 -1 -1 -1000 -1000 -1000 -10 0.0005908012390136719
Car -1 -1 -10 693.0 183.0 714.0 202.0 -1 -1 -1 -1000 -1000 -1000 -10 0.0005822181701660156
Pedestrian -1 -1 -10 565.0 181.0 574.0 208.0 -1 -1 -1 -1000 -1000 -1000 -10 0.0005655288696289062
Car -1 -1 -10 686.0 183.0 713.0 203.0 -1 -1 -1 -1000 -1000 -1000 -10 0.0005564689636230469
Car -1 -1 -10 653.0 177.0 690.0 210.0 -1 -1 -1 -1000 -1000 -1000 -10 0.0004487037658691406
Car -1 -1 -10 746.0 181.0 771.0 209.0 -1 -1 -1 -1000 -1000 -1000 -10 0.00043702125549316406
Cyclist -1 -1 -10 1228.0 159.0 1242.0 271.0 -1 -1 -1 -1000 -1000 -1000 -10 0.00041365623474121094
Cyclist -1 -1 -10 1.0 108.0 45.0 297.0 -1 -1 -1 -1000 -1000 -1000 -10 0.00040602684020996094
Cyclist -1 -1 -10 1228.0 147.0 1242.0 244.0 -1 -1 -1 -1000 -1000 -1000 -10 0.0004048347473144531
Cyclist -1 -1 -10 1.0 158.0 30.0 272.0 -1 -1 -1 -1000 -1000 -1000 -10 0.0004019737243652344
Cyclist -1 -1 -10 2.0 158.0 59.0 324.0 -1 -1 -1 -1000 -1000 -1000 -10 0.0003991127014160156
Cyclist -1 -1 -10 0.0 129.0 31.0 281.0 -1 -1 -1 -1000 -1000 -1000 -10 0.0003864765167236328
Car -1 -1 -10 738.0 184.0 767.0 202.0 -1 -1 -1 -1000 -1000 -1000 -10 0.00035381317138671875
Car -1 -1 -10 746.0 177.0 772.0 205.0 -1 -1 -1 -1000 -1000 -1000 -10 0.00033545494079589844
Cyclist -1 -1 -10 0.0 71.0 52.0 306.0 -1 -1 -1 -1000 -1000 -1000 -10 0.00033402442932128906
Pedestrian -1 -1 -10 409.0 178.0 424.0 210.0 -1 -1 -1 -1000 -1000 -1000 -10 0.0002951622009277344
Cyclist -1 -1 -10 1231.0 167.0 1241.0 276.0 -1 -1 -1 -1000 -1000 -1000 -10 0.0002834796905517578
Car -1 -1 -10 669.0 180.0 699.0 202.0 -1 -1 -1 -1000 -1000 -1000 -10 0.0002689361572265625
Cyclist -1 -1 -10 0.0 185.0 24.0 329.0 -1 -1 -1 -1000 -1000 -1000 -10 0.0002658367156982422
Cyclist -1 -1 -10 1233.0 162.0 1242.0 216.0 -1 -1 -1 -1000 -1000 -1000 -10 0.0002567768096923828
Pedestrian -1 -1 -10 765.0 0.0 795.0 2.0 -1 -1 -1 -1000 -1000 -1000 -10 0.00024330615997314453
Cyclist -1 -1 -10 2.0 156.0 46.0 278.0 -1 -1 -1 -1000 -1000 -1000 -10 0.00023615360260009766
Cyclist -1 -1 -10 1.0 149.0 15.0 263.0 -1 -1 -1 -1000 -1000 -1000 -10 0.0002351999282836914
Pedestrian -1 -1 -10 501.0 181.0 516.0 212.0 -1 -1 -1 -1000 -1000 -1000 -10 0.00023221969604492188
Cyclist -1 -1 -10 1233.0 171.0 1242.0 227.0 -1 -1 -1 -1000 -1000 -1000 -10 0.00022125244140625
Cyclist -1 -1 -10 1232.0 142.0 1242.0 218.0 -1 -1 -1 -1000 -1000 -1000 -10 0.00022101402282714844
Pedestrian -1 -1 -10 412.0 179.0 424.0 207.0 -1 -1 -1 -1000 -1000 -1000 -10 0.00021564960479736328
Cyclist -1 -1 -10 1225.0 156.0 1242.0 246.0 -1 -1 -1 -1000 -1000 -1000 -10 0.00019156932830810547
Car -1 -1 -10 708.0 182.0 724.0 198.0 -1 -1 -1 -1000 -1000 -1000 -10 0.00017333030700683594
Cyclist -1 -1 -10 0.0 220.0 14.0 328.0 -1 -1 -1 -1000 -1000 -1000 -10 0.00016450881958007812
Cyclist -1 -1 -10 1.0 159.0 16.0 270.0 -1 -1 -1 -1000 -1000 -1000 -10 0.00016200542449951172
Cyclist -1 -1 -10 0.0 63.0 63.0 303.0 -1 -1 -1 -1000 -1000 -1000 -10 0.00015652179718017578
Cyclist -1 -1 -10 1228.0 139.0 1242.0 221.0 -1 -1 -1 -1000 -1000 -1000 -10 0.00015461444854736328
Pedestrian -1 -1 -10 566.0 181.0 580.0 208.0 -1 -1 -1 -1000 -1000 -1000 -10 0.00015401840209960938
Cyclist -1 -1 -10 1232.0 136.0 1242.0 207.0 -1 -1 -1 -1000 -1000 -1000 -10 0.00014853477478027344
Car -1 -1 -10 762.0 0.0 798.0 3.0 -1 -1 -1 -1000 -1000 -1000 -10 0.0001475811004638672
Cyclist -1 -1 -10 1232.0 153.0 1242.0 227.0 -1 -1 -1 -1000 -1000 -1000 -10 0.00014710426330566406
Pedestrian -1 -1 -10 494.0 176.0 512.0 213.0 -1 -1 -1 -1000 -1000 -1000 -10 0.00014531612396240234
Cyclist -1 -1 -10 0.0 95.0 23.0 275.0 -1 -1 -1 -1000 -1000 -1000 -10 0.00013828277587890625
Cyclist -1 -1 -10 1.0 76.0 29.0 293.0 -1 -1 -1 -1000 -1000 -1000 -10 0.0001360177993774414
Cyclist -1 -1 -10 0.0 205.0 22.0 347.0 -1 -1 -1 -1000 -1000 -1000 -10 0.00013566017150878906
Car -1 -1 -10 752.0 179.0 776.0 198.0 -1 -1 -1 -1000 -1000 -1000 -10 0.00013446807861328125
Pedestrian -1 -1 -10 410.0 0.0 427.0 6.0 -1 -1 -1 -1000 -1000 -1000 -10 0.00013399124145507812
Cyclist -1 -1 -10 1225.0 149.0 1242.0 229.0 -1 -1 -1 -1000 -1000 -1000 -10 0.00013327598571777344
Pedestrian -1 -1 -10 567.0 183.0 576.0 208.0 -1 -1 -1 -1000 -1000 -1000 -10 0.00013113021850585938
Cyclist -1 -1 -10 1222.0 161.0 1242.0 242.0 -1 -1 -1 -1000 -1000 -1000 -10 0.00012803077697753906
Cyclist -1 -1 -10 4.0 155.0 79.0 323.0 -1 -1 -1 -1000 -1000 -1000 -10 0.00012445449829101562
Cyclist -1 -1 -10 1229.0 175.0 1242.0 291.0 -1 -1 -1 -1000 -1000 -1000 -10 0.00012052059173583984
Car -1 -1 -10 807.0 95.0 822.0 108.0 -1 -1 -1 -1000 -1000 -1000 -10 0.0001201629638671875
Pedestrian -1 -1 -10 566.0 183.0 575.0 208.0 -1 -1 -1 -1000 -1000 -1000 -10 0.00011819601058959961
Car -1 -1 -10 803.0 94.0 825.0 108.0 -1 -1 -1 -1000 -1000 -1000 -10 0.00011670589447021484
Cyclist -1 -1 -10 1.0 172.0 45.0 293.0 -1 -1 -1 -1000 -1000 -1000 -10 0.00011628866195678711
Car -1 -1 -10 781.0 356.0 891.0 375.0 -1 -1 -1 -1000 -1000 -1000 -10 0.00011163949966430664
Car -1 -1 -10 698.0 185.0 715.0 203.0 -1 -1 -1 -1000 -1000 -1000 -10 0.00010967254638671875
Pedestrian -1 -1 -10 411.0 178.0 422.0 207.0 -1 -1 -1 -1000 -1000 -1000 -10 0.00010758638381958008
Cyclist -1 -1 -10 1232.0 153.0 1242.0 205.0 -1 -1 -1 -1000 -1000 -1000 -10 0.00010353326797485352
Cyclist -1 -1 -10 1221.0 140.0 1242.0 254.0 -1 -1 -1 -1000 -1000 -1000 -10 0.00010186433792114258
Car -1 -1 -10 688.0 180.0 710.0 199.0 -1 -1 -1 -1000 -1000 -1000 -10 0.00010126829147338867
