Car -1 -1 -10 916.0 190.0 1242.0 373.0 -1 -1 -1 -1000 -1000 -1000 -10 0.97216796875
Car -1 -1 -10 730.0 180.0 835.0 253.0 -1 -1 -1 -1000 -1000 -1000 -10 0.96484375
Car -1 -1 -10 288.0 182.0 474.0 298.0 -1 -1 -1 -1000 -1000 -1000 -10 0.96435546875
Car -1 -1 -10 792.0 186.0 997.0 307.0 -1 -1 -1 -1000 -1000 -1000 -10 0.96240234375
Car -1 -1 -10 419.0 186.0 518.0 258.0 -1 -1 -1 -1000 -1000 -1000 -10 0.9541015625
Car -1 -1 -10 549.0 178.0 606.0 219.0 -1 -1 -1 -1000 -1000 -1000 -10 0.953125
Car -1 -1 -10 715.0 178.0 768.0 228.0 -1 -1 -1 -1000 -1000 -1000 -10 0.95166015625
Car -1 -1 -10 484.0 178.0 551.0 233.0 -1 -1 -1 -1000 -1000 -1000 -10 0.94775390625
Car -1 -1 -10 651.0 178.0 706.0 206.0 -1 -1 -1 -1000 -1000 -1000 -10 0.9384765625
Pedestrian -1 -1 -10 986.0 145.0 1052.0 286.0 -1 -1 -1 -1000 -1000 -1000 -10 0.919921875
Car -1 -1 -10 787.0 146.0 836.0 180.0 -1 -1 -1 -1000 -1000 -1000 -10 0.89208984375
Pedestrian -1 -1 -10 990.0 143.0 1063.0 290.0 -1 -1 -1 -1000 -1000 -1000 -10 0.003047943115234375
Car -1 -1 -10 748.0 167.0 801.0 207.0 -1 -1 -1 -1000 -1000 -1000 -10 0.0017232894897460938
Car -1 -1 -10 475.0 178.0 551.0 243.0 -1 -1 -1 -1000 -1000 -1000 -10 0.0015249252319335938
Car -1 -1 -10 726.0 168.0 851.0 263.0 -1 -1 -1 -1000 -1000 -1000 -10 0.001285552978515625
Car -1 -1 -10 716.0 185.0 768.0 233.0 -1 -1 -1 -1000 -1000 -1000 -10 0.0012617111206054688
Pedestrian -1 -1 -10 990.0 154.0 1049.0 294.0 -1 -1 -1 -1000 -1000 -1000 -10 0.00102996826171875
Car -1 -1 -10 713.0 172.0 774.0 235.0 -1 -1 -1 -1000 -1000 -1000 -10 0.0009002685546875
Car -1 -1 -10 1224.0 156.0 1242.0 279.0 -1 -1 -1 -1000 -1000 -1000 -10 0.0008721351623535156
Car -1 -1 -10 510.0 217.0 751.0 364.0 -1 -1 -1 -1000 -1000 -1000 -10 0.000827789306640625
Pedestrian -1 -1 -10 955.0 142.0 1080.0 288.0 -1 -1 -1 -1000 -1000 -1000 -10 0.0008215904235839844
Car -1 -1 -10 0.0 186.0 10.0 263.0 -1 -1 -1 -1000 -1000 -1000 -10 0.000820159912109375
Pedestrian -1 -1 -10 982.0 148.0 1044.0 296.0 -1 -1 -1 -1000 -1000 -1000 -10 0.0007567405700683594
Car -1 -1 -10 1226.0 168.0 1242.0 262.0 -1 -1 -1 -1000 -1000 -1000 -10 0.0007123947143554688
Car -1 -1 -10 546.0 167.0 616.0 233.0 -1 -1 -1 -1000 -1000 -1000 -10 0.0006723403930664062
Car -1 -1 -10 405.0 177.0 535.0 276.0 -1 -1 -1 -1000 -1000 -1000 -10 0.000659942626953125
Car -1 -1 -10 1226.0 143.0 1242.0 258.0 -1 -1 -1 -1000 -1000 -1000 -10 0.0006422996520996094
Car -1 -1 -10 480.0 180.0 542.0 230.0 -1 -1 -1 -1000 -1000 -1000 -10 0.0006246566772460938
Car -1 -1 -10 823.0 188.0 967.0 302.0 -1 -1 -1 -1000 -1000 -1000 -10 0.0006194114685058594
Car -1 -1 -10 1224.0 163.0 1242.0 308.0 -1 -1 -1 -1000 -1000 -1000 -10 0.0005970001220703125
Car -1 -1 -10 1215.0 166.0 1242.0 264.0 -1 -1 -1 -1000 -1000 -1000 -10 0.0005731582641601562
Car -1 -1 -10 394.0 174.0 526.0 270.0 -1 -1 -1 -1000 -1000 -1000 -10 0.00057220458984375
Car -1 -1 -10 776.0 138.0 844.0 203.0 -1 -1 -1 -1000 -1000 -1000 -10 0.0005650520324707031
Car -1 -1 -10 544.0 167.0 608.0 223.0 -1 -1 -1 -1000 -1000 -1000 -10 0.0005121231079101562
Car -1 -1 -10 718.0 177.0 765.0 215.0 -1 -1 -1 -1000 -1000 -1000 -10 0.0004892349243164062
Car -1 -1 -10 306.0 183.0 456.0 294.0 -1 -1 -1 -1000 -1000 -1000 -10 0.0004482269287109375
Car -1 -1 -10 1217.0 153.0 1242.0 284.0 -1 -1 -1 -1000 -1000 -1000 -10 0.0004215240478515625
Pedestrian -1 -1 -10 983.0 154.0 1054.0 271.0 -1 -1 -1 -1000 -1000 -1000 -10 0.0004105567932128906
Car -1 -1 -10 649.0 176.0 706.0 210.0 -1 -1 -1 -1000 -1000 -1000 -10 0.0004057884216308594
Car -1 -1 -10 780.0 134.0 858.0 202.0 -1 -1 -1 -1000 -1000 -1000 -10 0.00040531158447265625
Car -1 -1 -10 1230.0 155.0 1242.0 230.0 -1 -1 -1 -1000 -1000 -1000 -10 0.0003676414489746094
Car -1 -1 -10 0.0 187.0 13.0 274.0 -1 -1 -1 -1000 -1000 -1000 -10 0.0003447532653808594
Car -1 -1 -10 782.0 129.0 839.0 191.0 -1 -1 -1 -1000 -1000 -1000 -10 0.0003414154052734375
Car -1 -1 -10 1226.0 129.0 1242.0 237.0 -1 -1 -1 -1000 -1000 -1000 -10 0.0003333091735839844
Car -1 -1 -10 526.0 170.0 604.0 237.0 -1 -1 -1 -1000 -1000 -1000 -10 0.0003285408020019531
Car -1 -1 -10 473.0 216.0 714.0 367.0 -1 -1 -1 -1000 -1000 -1000 -10 0.0003268718719482422
Car -1 -1 -10 2.0 187.0 20.0 262.0 -1 -1 -1 -1000 -1000 -1000 -10 0.00031828880310058594
Car -1 -1 -10 1228.0 163.0 1242.0 244.0 -1 -1 -1 -1000 -1000 -1000 -10 0.0003094673156738281
Car -1 -1 -10 794.0 148.0 838.0 182.0 -1 -1 -1 -1000 -1000 -1000 -10 0.0002994537353515625
Car -1 -1 -10 1217.0 159.0 1242.0 313.0 -1 -1 -1 -1000 -1000 -1000 -10 0.0002911090850830078
Car -1 -1 -10 556.0 176.0 607.0 215.0 -1 -1 -1 -1000 -1000 -1000 -10 0.0002894401550292969
Car -1 -1 -10 441.0 147.0 592.0 254.0 -1 -1 -1 -1000 -1000 -1000 -10 0.0002892017364501953
Car -1 -1 -10 0.0 197.0 10.0 250.0 -1 -1 -1 -1000 -1000 -1000 -10 0.000286102294921875
Car -1 -1 -10 1221.0 168.0 1242.0 345.0 -1 -1 -1 -1000 -1000 -1000 -10 0.00028395652770996094
Car -1 -1 -10 494.0 178.0 545.0 231.0 -1 -1 -1 -1000 -1000 -1000 -10 0.000274658203125
Car -1 -1 -10 0.0 189.0 12.0 260.0 -1 -1 -1 -1000 -1000 -1000 -10 0.0002696514129638672
Car -1 -1 -10 1232.0 166.0 1242.0 216.0 -1 -1 -1 -1000 -1000 -1000 -10 0.000263214111328125
Car -1 -1 -10 431.0 145.0 602.0 278.0 -1 -1 -1 -1000 -1000 -1000 -10 0.0002589225769042969
Car -1 -1 -10 728.0 92.0 884.0 215.0 -1 -1 -1 -1000 -1000 -1000 -10 0.00025343894958496094
Car -1 -1 -10 511.0 133.0 671.0 276.0 -1 -1 -1 -1000 -1000 -1000 -10 0.00025200843811035156
Pedestrian -1 -1 -10 982.0 146.0 1035.0 282.0 -1 -1 -1 -1000 -1000 -1000 -10 0.00024700164794921875
Car -1 -1 -10 1219.0 135.0 1242.0 268.0 -1 -1 -1 -1000 -1000 -1000 -10 0.0002300739288330078
Car -1 -1 -10 657.0 144.0 807.0 251.0 -1 -1 -1 -1000 -1000 -1000 -10 0.0002218484878540039
Car -1 -1 -10 652.0 139.0 815.0 271.0 -1 -1 -1 -1000 -1000 -1000 -10 0.00021445751190185547
Car -1 -1 -10 1215.0 161.0 1242.0 246.0 -1 -1 -1 -1000 -1000 -1000 -10 0.00020503997802734375
Pedestrian -1 -1 -10 638.0 0.0 652.0 3.0 -1 -1 -1 -1000 -1000 -1000 -10 0.00020015239715576172
Car -1 -1 -10 1226.0 185.0 1242.0 242.0 -1 -1 -1 -1000 -1000 -1000 -10 0.0001850128173828125
Car -1 -1 -10 0.0 184.0 15.0 282.0 -1 -1 -1 -1000 -1000 -1000 -10 0.0001767873764038086
Car -1 -1 -10 1226.0 175.0 1242.0 292.0 -1 -1 -1 -1000 -1000 -1000 -10 0.0001722574234008789
Car -1 -1 -10 1219.0 152.0 1242.0 234.0 -1 -1 -1 -1000 -1000 -1000 -10 0.0001666545867919922
Car -1 -1 -10 1216.0 164.0 1242.0 351.0 -1 -1 -1 -1000 -1000 -1000 -10 0.00016498565673828125
Car -1 -1 -10 1221.0 139.0 1241.0 230.0 -1 -1 -1 -1000 -1000 -1000 -10 0.00016498565673828125
Car -1 -1 -10 1232.0 143.0 1242.0 226.0 -1 -1 -1 -1000 -1000 -1000 -10 0.0001633167266845703
Car -1 -1 -10 487.0 133.0 638.0 243.0 -1 -1 -1 -1000 -1000 -1000 -10 0.00016307830810546875
Car -1 -1 -10 0.0 190.0 21.0 272.0 -1 -1 -1 -1000 -1000 -1000 -10 0.00016105175018310547
Car -1 -1 -10 718.0 101.0 894.0 245.0 -1 -1 -1 -1000 -1000 -1000 -10 0.0001577138900756836
Car -1 -1 -10 1210.0 155.0 1242.0 282.0 -1 -1 -1 -1000 -1000 -1000 -10 0.00014841556549072266
Car -1 -1 -10 752.0 101.0 911.0 241.0 -1 -1 -1 -1000 -1000 -1000 -10 0.00014770030975341797
Car -1 -1 -10 439.0 188.0 487.0 249.0 -1 -1 -1 -1000 -1000 -1000 -10 0.00014698505401611328
Car -1 -1 -10 665.0 174.0 712.0 201.0 -1 -1 -1 -1000 -1000 -1000 -10 0.0001423358917236328
Car -1 -1 -10 1229.0 175.0 1242.0 229.0 -1 -1 -1 -1000 -1000 -1000 -10 0.0001366138458251953
Car -1 -1 -10 468.0 138.0 638.0 278.0 -1 -1 -1 -1000 -1000 -1000 -10 0.00013637542724609375
Car -1 -1 -10 1210.0 142.0 1241.0 260.0 -1 -1 -1 -1000 -1000 -1000 -10 0.0001354217529296875
Car -1 -1 -10 1219.0 183.0 1242.0 370.0 -1 -1 -1 -1000 -1000 -1000 -10 0.00012600421905517578
Car -1 -1 -10 1226.0 115.0 1242.0 217.0 -1 -1 -1 -1000 -1000 -1000 -10 0.0001232624053955078
Pedestrian -1 -1 -10 1002.0 146.0 1060.0 281.0 -1 -1 -1 -1000 -1000 -1000 -10 0.00011748075485229492
Car -1 -1 -10 0.0 193.0 28.0 375.0 -1 -1 -1 -1000 -1000 -1000 -10 0.0001157522201538086
Car -1 -1 -10 2.0 196.0 20.0 251.0 -1 -1 -1 -1000 -1000 -1000 -10 0.00011050701141357422
Pedestrian -1 -1 -10 14.0 178.0 29.0 234.0 -1 -1 -1 -1000 -1000 -1000 -10 0.00010991096496582031
Car -1 -1 -10 1216.0 172.0 1242.0 294.0 -1 -1 -1 -1000 -1000 -1000 -10 0.00010901689529418945
Car -1 -1 -10 1216.0 184.0 1242.0 243.0 -1 -1 -1 -1000 -1000 -1000 -10 0.00010734796524047852
