Car -1 -1 -10 866.0 196.0 1242.0 374.0 -1 -1 -1 -1000 -1000 -1000 -10 0.970703125
Car -1 -1 -10 728.0 184.0 950.0 328.0 -1 -1 -1 -1000 -1000 -1000 -10 0.96533203125
Car -1 -1 -10 1.0 206.0 279.0 373.0 -1 -1 -1 -1000 -1000 -1000 -10 0.96337890625
Car -1 -1 -10 686.0 177.0 811.0 262.0 -1 -1 -1 -1000 -1000 -1000 -10 0.95263671875
Car -1 -1 -10 633.0 166.0 756.0 215.0 -1 -1 -1 -1000 -1000 -1000 -10 0.935546875
Car -1 -1 -10 633.0 160.0 757.0 225.0 -1 -1 -1 -1000 -1000 -1000 -10 0.0010843276977539062
Car -1 -1 -10 0.0 198.0 26.0 367.0 -1 -1 -1 -1000 -1000 -1000 -10 0.0009293556213378906
Car -1 -1 -10 689.0 175.0 813.0 246.0 -1 -1 -1 -1000 -1000 -1000 -10 0.0006842613220214844
Car -1 -1 -10 81.0 212.0 192.0 358.0 -1 -1 -1 -1000 -1000 -1000 -10 0.000629425048828125
Car -1 -1 -10 704.0 175.0 811.0 218.0 -1 -1 -1 -1000 -1000 -1000 -10 0.0005717277526855469
Car -1 -1 -10 630.0 171.0 737.0 217.0 -1 -1 -1 -1000 -1000 -1000 -10 0.0005426406860351562
Car -1 -1 -10 0.0 188.0 22.0 337.0 -1 -1 -1 -1000 -1000 -1000 -10 0.00054168701171875
Car -1 -1 -10 773.0 187.0 904.0 320.0 -1 -1 -1 -1000 -1000 -1000 -10 0.0005283355712890625
Car -1 -1 -10 681.0 172.0 819.0 273.0 -1 -1 -1 -1000 -1000 -1000 -10 0.0005006790161132812
Car -1 -1 -10 1221.0 180.0 1242.0 333.0 -1 -1 -1 -1000 -1000 -1000 -10 0.0004558563232421875
Car -1 -1 -10 87.0 213.0 212.0 355.0 -1 -1 -1 -1000 -1000 -1000 -10 0.0004258155822753906
Car -1 -1 -10 0.0 212.0 29.0 375.0 -1 -1 -1 -1000 -1000 -1000 -10 0.00041794776916503906
Car -1 -1 -10 1223.0 169.0 1242.0 312.0 -1 -1 -1 -1000 -1000 -1000 -10 0.0003592967987060547
Car -1 -1 -10 666.0 170.0 712.0 206.0 -1 -1 -1 -1000 -1000 -1000 -10 0.00034928321838378906
Car -1 -1 -10 919.0 201.0 1232.0 372.0 -1 -1 -1 -1000 -1000 -1000 -10 0.0003287792205810547
Car -1 -1 -10 741.0 185.0 938.0 301.0 -1 -1 -1 -1000 -1000 -1000 -10 0.00032067298889160156
Car -1 -1 -10 1215.0 177.0 1242.0 338.0 -1 -1 -1 -1000 -1000 -1000 -10 0.00028896331787109375
Car -1 -1 -10 599.0 132.0 787.0 265.0 -1 -1 -1 -1000 -1000 -1000 -10 0.0002837181091308594
Car -1 -1 -10 605.0 124.0 781.0 240.0 -1 -1 -1 -1000 -1000 -1000 -10 0.0002446174621582031
Car -1 -1 -10 1218.0 192.0 1242.0 360.0 -1 -1 -1 -1000 -1000 -1000 -10 0.00022900104522705078
Car -1 -1 -10 0.0 220.0 42.0 374.0 -1 -1 -1 -1000 -1000 -1000 -10 0.00022304058074951172
Car -1 -1 -10 1217.0 164.0 1242.0 319.0 -1 -1 -1 -1000 -1000 -1000 -10 0.00020015239715576172
Car -1 -1 -10 0.0 182.0 20.0 310.0 -1 -1 -1 -1000 -1000 -1000 -10 0.00019097328186035156
Car -1 -1 -10 697.0 176.0 814.0 234.0 -1 -1 -1 -1000 -1000 -1000 -10 0.00019049644470214844
Car -1 -1 -10 0.0 203.0 40.0 365.0 -1 -1 -1 -1000 -1000 -1000 -10 0.00018513202667236328
Car -1 -1 -10 1212.0 190.0 1242.0 362.0 -1 -1 -1 -1000 -1000 -1000 -10 0.00017726421356201172
Car -1 -1 -10 634.0 158.0 758.0 206.0 -1 -1 -1 -1000 -1000 -1000 -10 0.00016570091247558594
Car -1 -1 -10 1217.0 186.0 1242.0 305.0 -1 -1 -1 -1000 -1000 -1000 -10 0.0001634359359741211
Car -1 -1 -10 0.0 208.0 14.0 320.0 -1 -1 -1 -1000 -1000 -1000 -10 0.00015866756439208984
Car -1 -1 -10 1225.0 147.0 1242.0 292.0 -1 -1 -1 -1000 -1000 -1000 -10 0.00015056133270263672
Car -1 -1 -10 673.0 169.0 721.0 206.0 -1 -1 -1 -1000 -1000 -1000 -10 0.00014209747314453125
Cyclist -1 -1 -10 1225.0 132.0 1242.0 268.0 -1 -1 -1 -1000 -1000 -1000 -10 0.00012683868408203125
Car -1 -1 -10 631.0 172.0 721.0 213.0 -1 -1 -1 -1000 -1000 -1000 -10 0.00012409687042236328
Car -1 -1 -10 1203.0 182.0 1242.0 337.0 -1 -1 -1 -1000 -1000 -1000 -10 0.00011539459228515625
Car -1 -1 -10 1208.0 171.0 1241.0 312.0 -1 -1 -1 -1000 -1000 -1000 -10 0.00011211633682250977
Car -1 -1 -10 0.0 177.0 25.0 314.0 -1 -1 -1 -1000 -1000 -1000 -10 0.00010919570922851562
Car -1 -1 -10 1229.0 190.0 1242.0 299.0 -1 -1 -1 -1000 -1000 -1000 -10 0.00010496377944946289
Car -1 -1 -10 1214.0 191.0 1242.0 318.0 -1 -1 -1 -1000 -1000 -1000 -10 0.00010311603546142578
