Car -1 -1 -10 473.0 165.0 533.0 210.0 -1 -1 -1 -1000 -1000 -1000 -10 0.95166015625
Car -1 -1 -10 737.0 173.0 757.0 191.0 -1 -1 -1 -1000 -1000 -1000 -10 0.8955078125
Car -1 -1 -10 735.0 173.0 756.0 189.0 -1 -1 -1 -1000 -1000 -1000 -10 0.0029087066650390625
Car -1 -1 -10 735.0 175.0 756.0 191.0 -1 -1 -1 -1000 -1000 -1000 -10 0.0014314651489257812
Car -1 -1 -10 1215.0 200.0 1242.0 370.0 -1 -1 -1 -1000 -1000 -1000 -10 0.0007982254028320312
Car -1 -1 -10 469.0 153.0 536.0 214.0 -1 -1 -1 -1000 -1000 -1000 -10 0.0006623268127441406
Car -1 -1 -10 470.0 157.0 538.0 222.0 -1 -1 -1 -1000 -1000 -1000 -10 0.0006475448608398438
Car -1 -1 -10 1212.0 219.0 1242.0 375.0 -1 -1 -1 -1000 -1000 -1000 -10 0.0003941059112548828
Car -1 -1 -10 114.0 90.0 142.0 114.0 -1 -1 -1 -1000 -1000 -1000 -10 0.00032806396484375
Car -1 -1 -10 1198.0 219.0 1242.0 375.0 -1 -1 -1 -1000 -1000 -1000 -10 0.0003154277801513672
Car -1 -1 -10 1219.0 176.0 1242.0 354.0 -1 -1 -1 -1000 -1000 -1000 -10 0.0002887248992919922
Car -1 -1 -10 427.0 130.0 597.0 267.0 -1 -1 -1 -1000 -1000 -1000 -10 0.00028777122497558594
Car -1 -1 -10 432.0 117.0 590.0 237.0 -1 -1 -1 -1000 -1000 -1000 -10 0.00028228759765625
Car -1 -1 -10 735.0 171.0 760.0 201.0 -1 -1 -1 -1000 -1000 -1000 -10 0.0002498626708984375
Car -1 -1 -10 736.0 170.0 761.0 196.0 -1 -1 -1 -1000 -1000 -1000 -10 0.00024437904357910156
Car -1 -1 -10 1214.0 167.0 1242.0 363.0 -1 -1 -1 -1000 -1000 -1000 -10 0.0002435445785522461
Car -1 -1 -10 1192.0 207.0 1242.0 370.0 -1 -1 -1 -1000 -1000 -1000 -10 0.00023853778839111328
Car -1 -1 -10 623.0 1.0 690.0 55.0 -1 -1 -1 -1000 -1000 -1000 -10 0.00021767616271972656
Car -1 -1 -10 1212.0 230.0 1242.0 363.0 -1 -1 -1 -1000 -1000 -1000 -10 0.0001703500747680664
Car -1 -1 -10 741.0 173.0 761.0 190.0 -1 -1 -1 -1000 -1000 -1000 -10 0.00016927719116210938
Car -1 -1 -10 403.0 135.0 567.0 260.0 -1 -1 -1 -1000 -1000 -1000 -10 0.00016689300537109375
Car -1 -1 -10 1193.0 177.0 1242.0 364.0 -1 -1 -1 -1000 -1000 -1000 -10 0.0001577138900756836
Car -1 -1 -10 693.0 2.0 756.0 53.0 -1 -1 -1 -1000 -1000 -1000 -10 0.0001558065414428711
Car -1 -1 -10 1149.0 217.0 1242.0 369.0 -1 -1 -1 -1000 -1000 -1000 -10 0.00011914968490600586
Car -1 -1 -10 1180.0 208.0 1242.0 370.0 -1 -1 -1 -1000 -1000 -1000 -10 0.00011914968490600586
Car -1 -1 -10 1188.0 232.0 1242.0 375.0 -1 -1 -1 -1000 -1000 -1000 -10 0.00011688470840454102
Car -1 -1 -10 1196.0 231.0 1241.0 363.0 -1 -1 -1 -1000 -1000 -1000 -10 0.0001138448715209961
Car -1 -1 -10 0.0 222.0 24.0 373.0 -1 -1 -1 -1000 -1000 -1000 -10 0.00011247396469116211
Car -1 -1 -10 1219.0 249.0 1242.0 375.0 -1 -1 -1 -1000 -1000 -1000 -10 0.00010836124420166016
Car -1 -1 -10 1201.0 161.0 1242.0 368.0 -1 -1 -1 -1000 -1000 -1000 -10 0.00010377168655395508
