Car -1 -1 -10 699.0 184.0 801.0 254.0 -1 -1 -1 -1000 -1000 -1000 -10 0.974609375
Car -1 -1 -10 912.0 192.0 1241.0 372.0 -1 -1 -1 -1000 -1000 -1000 -10 0.97265625
Car -1 -1 -10 1001.0 0.0 1241.0 345.0 -1 -1 -1 -1000 -1000 -1000 -10 0.9599609375
Car -1 -1 -10 777.0 177.0 857.0 220.0 -1 -1 -1 -1000 -1000 -1000 -10 0.95556640625
Car -1 -1 -10 640.0 176.0 671.0 200.0 -1 -1 -1 -1000 -1000 -1000 -10 0.947265625
Car -1 -1 -10 715.0 175.0 755.0 202.0 -1 -1 -1 -1000 -1000 -1000 -10 0.9306640625
Car -1 -1 -10 709.0 173.0 757.0 209.0 -1 -1 -1 -1000 -1000 -1000 -10 0.0010852813720703125
Car -1 -1 -10 289.0 70.0 307.0 86.0 -1 -1 -1 -1000 -1000 -1000 -10 0.0010509490966796875
Car -1 -1 -10 292.0 70.0 305.0 86.0 -1 -1 -1 -1000 -1000 -1000 -10 0.00101470947265625
Car -1 -1 -10 693.0 170.0 815.0 263.0 -1 -1 -1 -1000 -1000 -1000 -10 0.0009984970092773438
Car -1 -1 -10 1220.0 195.0 1242.0 362.0 -1 -1 -1 -1000 -1000 -1000 -10 0.0009150505065917969
Car -1 -1 -10 639.0 174.0 671.0 207.0 -1 -1 -1 -1000 -1000 -1000 -10 0.0006580352783203125
Car -1 -1 -10 1221.0 220.0 1242.0 371.0 -1 -1 -1 -1000 -1000 -1000 -10 0.0006566047668457031
Car -1 -1 -10 293.0 71.0 307.0 85.0 -1 -1 -1 -1000 -1000 -1000 -10 0.0006508827209472656
Car -1 -1 -10 1215.0 191.0 1242.0 367.0 -1 -1 -1 -1000 -1000 -1000 -10 0.00060272216796875
Car -1 -1 -10 770.0 167.0 867.0 233.0 -1 -1 -1 -1000 -1000 -1000 -10 0.0005702972412109375
Car -1 -1 -10 770.0 166.0 860.0 225.0 -1 -1 -1 -1000 -1000 -1000 -10 0.0005369186401367188
Car -1 -1 -10 714.0 171.0 756.0 206.0 -1 -1 -1 -1000 -1000 -1000 -10 0.0004687309265136719
Car -1 -1 -10 1214.0 219.0 1242.0 371.0 -1 -1 -1 -1000 -1000 -1000 -10 0.00032138824462890625
Car -1 -1 -10 741.0 133.0 914.0 276.0 -1 -1 -1 -1000 -1000 -1000 -10 0.0003104209899902344
Car -1 -1 -10 1220.0 154.0 1242.0 330.0 -1 -1 -1 -1000 -1000 -1000 -10 0.0002868175506591797
Car -1 -1 -10 536.0 3.0 608.0 56.0 -1 -1 -1 -1000 -1000 -1000 -10 0.00026345252990722656
Car -1 -1 -10 796.0 176.0 860.0 204.0 -1 -1 -1 -1000 -1000 -1000 -10 0.00025272369384765625
Car -1 -1 -10 727.0 132.0 893.0 244.0 -1 -1 -1 -1000 -1000 -1000 -10 0.0002353191375732422
Car -1 -1 -10 1215.0 144.0 1242.0 340.0 -1 -1 -1 -1000 -1000 -1000 -10 0.0002224445343017578
Car -1 -1 -10 1203.0 196.0 1242.0 365.0 -1 -1 -1 -1000 -1000 -1000 -10 0.00020706653594970703
Car -1 -1 -10 787.0 179.0 839.0 215.0 -1 -1 -1 -1000 -1000 -1000 -10 0.00019061565399169922
Car -1 -1 -10 1054.0 0.0 1238.0 196.0 -1 -1 -1 -1000 -1000 -1000 -10 0.0001895427703857422
Car -1 -1 -10 715.0 133.0 903.0 280.0 -1 -1 -1 -1000 -1000 -1000 -10 0.0001862049102783203
Car -1 -1 -10 1044.0 0.0 1238.0 240.0 -1 -1 -1 -1000 -1000 -1000 -10 0.0001857280731201172
Car -1 -1 -10 1003.0 60.0 1238.0 289.0 -1 -1 -1 -1000 -1000 -1000 -10 0.0001748800277709961
Car -1 -1 -10 1227.0 227.0 1242.0 344.0 -1 -1 -1 -1000 -1000 -1000 -10 0.00016379356384277344
Car -1 -1 -10 1205.0 174.0 1241.0 350.0 -1 -1 -1 -1000 -1000 -1000 -10 0.00016033649444580078
Car -1 -1 -10 803.0 174.0 860.0 202.0 -1 -1 -1 -1000 -1000 -1000 -10 0.00015163421630859375
Car -1 -1 -10 1212.0 198.0 1242.0 331.0 -1 -1 -1 -1000 -1000 -1000 -10 0.0001385211944580078
Car -1 -1 -10 1196.0 176.0 1242.0 357.0 -1 -1 -1 -1000 -1000 -1000 -10 0.00013458728790283203
Car -1 -1 -10 645.0 175.0 671.0 198.0 -1 -1 -1 -1000 -1000 -1000 -10 0.00013339519500732422
Car -1 -1 -10 1226.0 202.0 1242.0 328.0 -1 -1 -1 -1000 -1000 -1000 -10 0.0001322031021118164
Car -1 -1 -10 1215.0 222.0 1242.0 349.0 -1 -1 -1 -1000 -1000 -1000 -10 0.0001316070556640625
Car -1 -1 -10 1021.0 0.0 1242.0 274.0 -1 -1 -1 -1000 -1000 -1000 -10 0.0001308917999267578
Car -1 -1 -10 712.0 178.0 759.0 210.0 -1 -1 -1 -1000 -1000 -1000 -10 0.00013077259063720703
Car -1 -1 -10 1200.0 220.0 1242.0 373.0 -1 -1 -1 -1000 -1000 -1000 -10 0.00012671947479248047
Car -1 -1 -10 315.0 101.0 345.0 129.0 -1 -1 -1 -1000 -1000 -1000 -10 0.00012505054473876953
Car -1 -1 -10 1195.0 201.0 1242.0 372.0 -1 -1 -1 -1000 -1000 -1000 -10 0.00012385845184326172
Car -1 -1 -10 1226.0 250.0 1242.0 360.0 -1 -1 -1 -1000 -1000 -1000 -10 0.00011932849884033203
Car -1 -1 -10 715.0 179.0 755.0 208.0 -1 -1 -1 -1000 -1000 -1000 -10 0.00011533498764038086
Car -1 -1 -10 1221.0 251.0 1242.0 375.0 -1 -1 -1 -1000 -1000 -1000 -10 0.00011008977890014648
Car -1 -1 -10 1084.0 0.0 1237.0 349.0 -1 -1 -1 -1000 -1000 -1000 -10 0.00010353326797485352
Car -1 -1 -10 291.0 75.0 304.0 87.0 -1 -1 -1 -1000 -1000 -1000 -10 0.00010007619857788086
