Cyclist -1 -1 -10 692.0 164.0 712.0 206.0 -1 -1 -1 -1000 -1000 -1000 -10 0.9140625
Pedestrian -1 -1 -10 807.0 163.0 833.0 226.0 -1 -1 -1 -1000 -1000 -1000 -10 0.888671875
Cyclist -1 -1 -10 677.0 168.0 687.0 196.0 -1 -1 -1 -1000 -1000 -1000 -10 0.689453125
Cyclist -1 -1 -10 677.0 167.0 686.0 201.0 -1 -1 -1 -1000 -1000 -1000 -10 0.65234375
Cyclist -1 -1 -10 676.0 169.0 689.0 197.0 -1 -1 -1 -1000 -1000 -1000 -10 0.221435546875
Cyclist -1 -1 -10 678.0 169.0 687.0 194.0 -1 -1 -1 -1000 -1000 -1000 -10 0.176025390625
Pedestrian -1 -1 -10 811.0 164.0 835.0 224.0 -1 -1 -1 -1000 -1000 -1000 -10 0.0215606689453125
Cyclist -1 -1 -10 677.0 169.0 689.0 193.0 -1 -1 -1 -1000 -1000 -1000 -10 0.01219940185546875
Pedestrian -1 -1 -10 805.0 164.0 829.0 226.0 -1 -1 -1 -1000 -1000 -1000 -10 0.00917816162109375
Pedestrian -1 -1 -10 1220.0 154.0 1242.0 374.0 -1 -1 -1 -1000 -1000 -1000 -10 0.003204345703125
Cyclist -1 -1 -10 657.0 170.0 664.0 187.0 -1 -1 -1 -1000 -1000 -1000 -10 0.002689361572265625
Pedestrian -1 -1 -10 1216.0 143.0 1242.0 375.0 -1 -1 -1 -1000 -1000 -1000 -10 0.0022487640380859375
Cyclist -1 -1 -10 676.0 166.0 688.0 201.0 -1 -1 -1 -1000 -1000 -1000 -10 0.001956939697265625
Cyclist -1 -1 -10 664.0 169.0 672.0 191.0 -1 -1 -1 -1000 -1000 -1000 -10 0.0013532638549804688
Pedestrian -1 -1 -10 1207.0 156.0 1242.0 373.0 -1 -1 -1 -1000 -1000 -1000 -10 0.0013132095336914062
Pedestrian -1 -1 -10 1217.0 179.0 1242.0 375.0 -1 -1 -1 -1000 -1000 -1000 -10 0.0011911392211914062
Cyclist -1 -1 -10 656.0 170.0 664.0 189.0 -1 -1 -1 -1000 -1000 -1000 -10 0.001049041748046875
Pedestrian -1 -1 -10 1224.0 147.0 1242.0 341.0 -1 -1 -1 -1000 -1000 -1000 -10 0.0008792877197265625
Car -1 -1 -10 0.0 200.0 18.0 268.0 -1 -1 -1 -1000 -1000 -1000 -10 0.0005917549133300781
Car -1 -1 -10 0.0 193.0 14.0 271.0 -1 -1 -1 -1000 -1000 -1000 -10 0.0005879402160644531
Pedestrian -1 -1 -10 1219.0 137.0 1242.0 351.0 -1 -1 -1 -1000 -1000 -1000 -10 0.0005164146423339844
Car -1 -1 -10 0.0 184.0 18.0 269.0 -1 -1 -1 -1000 -1000 -1000 -10 0.0003936290740966797
Car -1 -1 -10 0.0 187.0 13.0 261.0 -1 -1 -1 -1000 -1000 -1000 -10 0.0003688335418701172
Pedestrian -1 -1 -10 1197.0 154.0 1242.0 375.0 -1 -1 -1 -1000 -1000 -1000 -10 0.00035381317138671875
Cyclist -1 -1 -10 695.0 164.0 716.0 199.0 -1 -1 -1 -1000 -1000 -1000 -10 0.0002512931823730469
Car -1 -1 -10 0.0 190.0 15.0 259.0 -1 -1 -1 -1000 -1000 -1000 -10 0.0002510547637939453
Car -1 -1 -10 0.0 196.0 24.0 272.0 -1 -1 -1 -1000 -1000 -1000 -10 0.0002269744873046875
Car -1 -1 -10 1220.0 208.0 1242.0 375.0 -1 -1 -1 -1000 -1000 -1000 -10 0.000225067138671875
Pedestrian -1 -1 -10 1223.0 146.0 1241.0 306.0 -1 -1 -1 -1000 -1000 -1000 -10 0.00021541118621826172
Car -1 -1 -10 0.0 169.0 24.0 283.0 -1 -1 -1 -1000 -1000 -1000 -10 0.0002071857452392578
Car -1 -1 -10 0.0 204.0 13.0 259.0 -1 -1 -1 -1000 -1000 -1000 -10 0.0002009868621826172
Cyclist -1 -1 -10 672.0 169.0 692.0 196.0 -1 -1 -1 -1000 -1000 -1000 -10 0.0001951456069946289
Car -1 -1 -10 0.0 205.0 14.0 275.0 -1 -1 -1 -1000 -1000 -1000 -10 0.0001888275146484375
Car -1 -1 -10 1215.0 198.0 1242.0 375.0 -1 -1 -1 -1000 -1000 -1000 -10 0.00017273426055908203
Car -1 -1 -10 1.0 0.0 21.0 26.0 -1 -1 -1 -1000 -1000 -1000 -10 0.00015819072723388672
Cyclist -1 -1 -10 672.0 165.0 690.0 204.0 -1 -1 -1 -1000 -1000 -1000 -10 0.0001552104949951172
Car -1 -1 -10 0.0 198.0 11.0 249.0 -1 -1 -1 -1000 -1000 -1000 -10 0.00014197826385498047
Car -1 -1 -10 0.0 195.0 20.0 269.0 -1 -1 -1 -1000 -1000 -1000 -10 0.0001418590545654297
Pedestrian -1 -1 -10 1217.0 126.0 1242.0 326.0 -1 -1 -1 -1000 -1000 -1000 -10 0.0001380443572998047
Pedestrian -1 -1 -10 1208.0 144.0 1242.0 340.0 -1 -1 -1 -1000 -1000 -1000 -10 0.0001316070556640625
Car -1 -1 -10 0.0 179.0 12.0 251.0 -1 -1 -1 -1000 -1000 -1000 -10 0.00011867284774780273
Pedestrian -1 -1 -10 1187.0 156.0 1242.0 375.0 -1 -1 -1 -1000 -1000 -1000 -10 0.0001074671745300293
Pedestrian -1 -1 -10 121.0 0.0 177.0 1.0 -1 -1 -1 -1000 -1000 -1000 -10 0.00010639429092407227
Cyclist -1 -1 -10 687.0 159.0 709.0 193.0 -1 -1 -1 -1000 -1000 -1000 -10 0.00010335445404052734
Car -1 -1 -10 0.0 209.0 18.0 287.0 -1 -1 -1 -1000 -1000 -1000 -10 0.00010323524475097656
