Car -1 -1 -10 15.0 0.0 414.0 370.0 -1 -1 -1 -1000 -1000 -1000 -10 0.958984375
Car -1 -1 -10 440.0 186.0 511.0 210.0 -1 -1 -1 -1000 -1000 -1000 -10 0.9248046875
Car -1 -1 -10 0.0 5.0 69.0 356.0 -1 -1 -1 -1000 -1000 -1000 -10 0.005260467529296875
Car -1 -1 -10 0.0 1.0 86.0 356.0 -1 -1 -1 -1000 -1000 -1000 -10 0.0037937164306640625
Car -1 -1 -10 0.0 27.0 39.0 362.0 -1 -1 -1 -1000 -1000 -1000 -10 0.00150299072265625
Car -1 -1 -10 439.0 185.0 499.0 208.0 -1 -1 -1 -1000 -1000 -1000 -10 0.0013408660888671875
Car -1 -1 -10 438.0 182.0 510.0 214.0 -1 -1 -1 -1000 -1000 -1000 -10 0.00102996826171875
Car -1 -1 -10 0.0 58.0 63.0 329.0 -1 -1 -1 -1000 -1000 -1000 -10 0.0006914138793945312
Car -1 -1 -10 0.0 43.0 92.0 319.0 -1 -1 -1 -1000 -1000 -1000 -10 0.0005841255187988281
Car -1 -1 -10 0.0 2.0 147.0 352.0 -1 -1 -1 -1000 -1000 -1000 -10 0.0004284381866455078
Car -1 -1 -10 0.0 71.0 34.0 320.0 -1 -1 -1 -1000 -1000 -1000 -10 0.000423431396484375
Car -1 -1 -10 2.0 17.0 132.0 345.0 -1 -1 -1 -1000 -1000 -1000 -10 0.00039649009704589844
Car -1 -1 -10 5.0 6.0 349.0 357.0 -1 -1 -1 -1000 -1000 -1000 -10 0.0003948211669921875
Car -1 -1 -10 447.0 186.0 498.0 207.0 -1 -1 -1 -1000 -1000 -1000 -10 0.0003070831298828125
Car -1 -1 -10 441.0 184.0 514.0 216.0 -1 -1 -1 -1000 -1000 -1000 -10 0.0002193450927734375
Cyclist -1 -1 -10 904.0 64.0 922.0 81.0 -1 -1 -1 -1000 -1000 -1000 -10 0.0001798868179321289
Car -1 -1 -10 0.0 142.0 95.0 362.0 -1 -1 -1 -1000 -1000 -1000 -10 0.00017440319061279297
Car -1 -1 -10 452.0 187.0 504.0 207.0 -1 -1 -1 -1000 -1000 -1000 -10 0.00012981891632080078
Car -1 -1 -10 0.0 133.0 56.0 362.0 -1 -1 -1 -1000 -1000 -1000 -10 0.00012886524200439453
Car -1 -1 -10 0.0 30.0 63.0 293.0 -1 -1 -1 -1000 -1000 -1000 -10 0.00012743473052978516
Car -1 -1 -10 0.0 65.0 96.0 364.0 -1 -1 -1 -1000 -1000 -1000 -10 0.0001232624053955078
Pedestrian -1 -1 -10 1232.0 161.0 1242.0 242.0 -1 -1 -1 -1000 -1000 -1000 -10 0.00011914968490600586
Car -1 -1 -10 0.0 11.0 37.0 315.0 -1 -1 -1 -1000 -1000 -1000 -10 0.00011807680130004883
Cyclist -1 -1 -10 900.0 63.0 925.0 81.0 -1 -1 -1 -1000 -1000 -1000 -10 0.00011742115020751953
Car -1 -1 -10 27.0 0.0 235.0 149.0 -1 -1 -1 -1000 -1000 -1000 -10 0.00010770559310913086
Pedestrian -1 -1 -10 1226.0 158.0 1242.0 319.0 -1 -1 -1 -1000 -1000 -1000 -10 0.00010371208190917969
Car -1 -1 -10 450.0 187.0 515.0 211.0 -1 -1 -1 -1000 -1000 -1000 -10 0.00010269880294799805
