Car -1 -1 -10 712.0 173.0 738.0 196.0 -1 -1 -1 -1000 -1000 -1000 -10 0.94091796875
Car -1 -1 -10 466.0 177.0 515.0 201.0 -1 -1 -1 -1000 -1000 -1000 -10 0.94091796875
Car -1 -1 -10 888.0 166.0 929.0 182.0 -1 -1 -1 -1000 -1000 -1000 -10 0.8515625
Pedestrian -1 -1 -10 596.0 170.0 603.0 191.0 -1 -1 -1 -1000 -1000 -1000 -10 0.6474609375
Pedestrian -1 -1 -10 597.0 170.0 604.0 190.0 -1 -1 -1 -1000 -1000 -1000 -10 0.059112548828125
Pedestrian -1 -1 -10 597.0 173.0 603.0 193.0 -1 -1 -1 -1000 -1000 -1000 -10 0.026458740234375
Pedestrian -1 -1 -10 595.0 170.0 604.0 191.0 -1 -1 -1 -1000 -1000 -1000 -10 0.007022857666015625
Car -1 -1 -10 888.0 164.0 929.0 179.0 -1 -1 -1 -1000 -1000 -1000 -10 0.00518798828125
Pedestrian -1 -1 -10 594.0 171.0 604.0 192.0 -1 -1 -1 -1000 -1000 -1000 -10 0.0019073486328125
Pedestrian -1 -1 -10 616.0 173.0 621.0 191.0 -1 -1 -1 -1000 -1000 -1000 -10 0.0017786026000976562
Car -1 -1 -10 715.0 171.0 738.0 193.0 -1 -1 -1 -1000 -1000 -1000 -10 0.0013723373413085938
Pedestrian -1 -1 -10 1225.0 97.0 1242.0 247.0 -1 -1 -1 -1000 -1000 -1000 -10 0.0013275146484375
Car -1 -1 -10 833.0 169.0 869.0 182.0 -1 -1 -1 -1000 -1000 -1000 -10 0.0009160041809082031
Pedestrian -1 -1 -10 590.0 173.0 596.0 191.0 -1 -1 -1 -1000 -1000 -1000 -10 0.0008845329284667969
Car -1 -1 -10 463.0 172.0 516.0 205.0 -1 -1 -1 -1000 -1000 -1000 -10 0.0007524490356445312
Pedestrian -1 -1 -10 1225.0 112.0 1242.0 214.0 -1 -1 -1 -1000 -1000 -1000 -10 0.0006566047668457031
Car -1 -1 -10 448.0 0.0 502.0 47.0 -1 -1 -1 -1000 -1000 -1000 -10 0.0006318092346191406
Car -1 -1 -10 711.0 169.0 738.0 199.0 -1 -1 -1 -1000 -1000 -1000 -10 0.0005731582641601562
Pedestrian -1 -1 -10 616.0 169.0 621.0 186.0 -1 -1 -1 -1000 -1000 -1000 -10 0.00048041343688964844
Pedestrian -1 -1 -10 616.0 172.0 620.0 189.0 -1 -1 -1 -1000 -1000 -1000 -10 0.0004429817199707031
Pedestrian -1 -1 -10 723.0 0.0 752.0 8.0 -1 -1 -1 -1000 -1000 -1000 -10 0.0004405975341796875
Car -1 -1 -10 461.0 176.0 508.0 201.0 -1 -1 -1 -1000 -1000 -1000 -10 0.0003864765167236328
Pedestrian -1 -1 -10 1220.0 85.0 1242.0 261.0 -1 -1 -1 -1000 -1000 -1000 -10 0.0003285408020019531
Pedestrian -1 -1 -10 1224.0 120.0 1242.0 207.0 -1 -1 -1 -1000 -1000 -1000 -10 0.0003046989440917969
Pedestrian -1 -1 -10 615.0 171.0 620.0 188.0 -1 -1 -1 -1000 -1000 -1000 -10 0.00026607513427734375
Car -1 -1 -10 712.0 171.0 740.0 204.0 -1 -1 -1 -1000 -1000 -1000 -10 0.00023984909057617188
Car -1 -1 -10 885.0 163.0 930.0 192.0 -1 -1 -1 -1000 -1000 -1000 -10 0.0002295970916748047
Car -1 -1 -10 884.0 159.0 930.0 188.0 -1 -1 -1 -1000 -1000 -1000 -10 0.0002275705337524414
Pedestrian -1 -1 -10 1225.0 106.0 1242.0 277.0 -1 -1 -1 -1000 -1000 -1000 -10 0.00020623207092285156
Car -1 -1 -10 0.0 178.0 21.0 343.0 -1 -1 -1 -1000 -1000 -1000 -10 0.00020265579223632812
Pedestrian -1 -1 -10 165.0 96.0 180.0 128.0 -1 -1 -1 -1000 -1000 -1000 -10 0.00020110607147216797
Pedestrian -1 -1 -10 1219.0 94.0 1239.0 226.0 -1 -1 -1 -1000 -1000 -1000 -10 0.00019979476928710938
Pedestrian -1 -1 -10 594.0 170.0 605.0 194.0 -1 -1 -1 -1000 -1000 -1000 -10 0.00018143653869628906
Car -1 -1 -10 712.0 170.0 735.0 193.0 -1 -1 -1 -1000 -1000 -1000 -10 0.00015306472778320312
Car -1 -1 -10 1.0 171.0 20.0 316.0 -1 -1 -1 -1000 -1000 -1000 -10 0.00015115737915039062
Pedestrian -1 -1 -10 671.0 0.0 735.0 46.0 -1 -1 -1 -1000 -1000 -1000 -10 0.0001418590545654297
Car -1 -1 -10 1214.0 193.0 1242.0 368.0 -1 -1 -1 -1000 -1000 -1000 -10 0.00013589859008789062
Car -1 -1 -10 0.0 191.0 24.0 366.0 -1 -1 -1 -1000 -1000 -1000 -10 0.00013339519500732422
Car -1 -1 -10 840.0 168.0 877.0 181.0 -1 -1 -1 -1000 -1000 -1000 -10 0.0001304149627685547
Pedestrian -1 -1 -10 757.0 0.0 782.0 0.0 -1 -1 -1 -1000 -1000 -1000 -10 0.0001201629638671875
Car -1 -1 -10 369.0 97.0 384.0 111.0 -1 -1 -1 -1000 -1000 -1000 -10 0.00011849403381347656
Car -1 -1 -10 0.0 169.0 25.0 352.0 -1 -1 -1 -1000 -1000 -1000 -10 0.00011843442916870117
Car -1 -1 -10 1224.0 74.0 1242.0 212.0 -1 -1 -1 -1000 -1000 -1000 -10 0.000118255615234375
Car -1 -1 -10 878.0 167.0 910.0 180.0 -1 -1 -1 -1000 -1000 -1000 -10 0.00011742115020751953
Car -1 -1 -10 884.0 167.0 921.0 181.0 -1 -1 -1 -1000 -1000 -1000 -10 0.00011438131332397461
Pedestrian -1 -1 -10 1225.0 132.0 1242.0 192.0 -1 -1 -1 -1000 -1000 -1000 -10 0.00010257959365844727
