Car -1 -1 -10 590.0 178.0 616.0 204.0 -1 -1 -1 -1000 -1000 -1000 -10 0.9443359375
Car -1 -1 -10 555.0 185.0 575.0 202.0 -1 -1 -1 -1000 -1000 -1000 -10 0.92041015625
Car -1 -1 -10 590.0 178.0 613.0 200.0 -1 -1 -1 -1000 -1000 -1000 -10 0.0009355545043945312
Car -1 -1 -10 0.0 175.0 17.0 259.0 -1 -1 -1 -1000 -1000 -1000 -10 0.0006442070007324219
Car -1 -1 -10 0.0 174.0 13.0 257.0 -1 -1 -1 -1000 -1000 -1000 -10 0.000606536865234375
Car -1 -1 -10 0.0 236.0 20.0 370.0 -1 -1 -1 -1000 -1000 -1000 -10 0.0005965232849121094
Car -1 -1 -10 0.0 219.0 19.0 350.0 -1 -1 -1 -1000 -1000 -1000 -10 0.0005879402160644531
Car -1 -1 -10 0.0 162.0 17.0 255.0 -1 -1 -1 -1000 -1000 -1000 -10 0.0005860328674316406
Car -1 -1 -10 590.0 176.0 617.0 209.0 -1 -1 -1 -1000 -1000 -1000 -10 0.0005278587341308594
Car -1 -1 -10 0.0 164.0 14.0 251.0 -1 -1 -1 -1000 -1000 -1000 -10 0.0005097389221191406
Car -1 -1 -10 587.0 177.0 614.0 202.0 -1 -1 -1 -1000 -1000 -1000 -10 0.00033092498779296875
Car -1 -1 -10 0.0 173.0 20.0 257.0 -1 -1 -1 -1000 -1000 -1000 -10 0.0003197193145751953
Car -1 -1 -10 0.0 230.0 24.0 375.0 -1 -1 -1 -1000 -1000 -1000 -10 0.00031685829162597656
Car -1 -1 -10 0.0 208.0 17.0 321.0 -1 -1 -1 -1000 -1000 -1000 -10 0.0003159046173095703
Car -1 -1 -10 1.0 253.0 23.0 375.0 -1 -1 -1 -1000 -1000 -1000 -10 0.0002994537353515625
Car -1 -1 -10 0.0 223.0 13.0 324.0 -1 -1 -1 -1000 -1000 -1000 -10 0.0002963542938232422
Car -1 -1 -10 0.0 211.0 24.0 357.0 -1 -1 -1 -1000 -1000 -1000 -10 0.00027942657470703125
Car -1 -1 -10 554.0 182.0 578.0 210.0 -1 -1 -1 -1000 -1000 -1000 -10 0.0002589225769042969
Car -1 -1 -10 0.0 152.0 23.0 265.0 -1 -1 -1 -1000 -1000 -1000 -10 0.00024509429931640625
Car -1 -1 -10 1.0 180.0 17.0 289.0 -1 -1 -1 -1000 -1000 -1000 -10 0.0002276897430419922
Car -1 -1 -10 0.0 186.0 12.0 244.0 -1 -1 -1 -1000 -1000 -1000 -10 0.00020885467529296875
Car -1 -1 -10 0.0 177.0 23.0 257.0 -1 -1 -1 -1000 -1000 -1000 -10 0.00019931793212890625
Car -1 -1 -10 0.0 184.0 15.0 259.0 -1 -1 -1 -1000 -1000 -1000 -10 0.00019800662994384766
Car -1 -1 -10 1.0 242.0 26.0 375.0 -1 -1 -1 -1000 -1000 -1000 -10 0.00019156932830810547
Car -1 -1 -10 591.0 0.0 651.0 50.0 -1 -1 -1 -1000 -1000 -1000 -10 0.0001709461212158203
Car -1 -1 -10 0.0 216.0 12.0 313.0 -1 -1 -1 -1000 -1000 -1000 -10 0.0001690387725830078
Car -1 -1 -10 554.0 183.0 577.0 203.0 -1 -1 -1 -1000 -1000 -1000 -10 0.00016808509826660156
Car -1 -1 -10 0.0 234.0 33.0 375.0 -1 -1 -1 -1000 -1000 -1000 -10 0.000164031982421875
Car -1 -1 -10 0.0 162.0 21.0 248.0 -1 -1 -1 -1000 -1000 -1000 -10 0.0001634359359741211
Car -1 -1 -10 0.0 185.0 19.0 260.0 -1 -1 -1 -1000 -1000 -1000 -10 0.00015020370483398438
Car -1 -1 -10 0.0 246.0 15.0 364.0 -1 -1 -1 -1000 -1000 -1000 -10 0.00014710426330566406
Car -1 -1 -10 0.0 193.0 12.0 249.0 -1 -1 -1 -1000 -1000 -1000 -10 0.00014650821685791016
Car -1 -1 -10 0.0 152.0 14.0 239.0 -1 -1 -1 -1000 -1000 -1000 -10 0.0001462697982788086
Car -1 -1 -10 0.0 198.0 23.0 331.0 -1 -1 -1 -1000 -1000 -1000 -10 0.00012612342834472656
Car -1 -1 -10 0.0 229.0 14.0 319.0 -1 -1 -1 -1000 -1000 -1000 -10 0.00012481212615966797
Car -1 -1 -10 0.0 257.0 16.0 374.0 -1 -1 -1 -1000 -1000 -1000 -10 0.00012254714965820312
Car -1 -1 -10 0.0 189.0 11.0 268.0 -1 -1 -1 -1000 -1000 -1000 -10 0.00011831521987915039
Car -1 -1 -10 0.0 217.0 31.0 351.0 -1 -1 -1 -1000 -1000 -1000 -10 0.00011658668518066406
Car -1 -1 -10 0.0 177.0 13.0 236.0 -1 -1 -1 -1000 -1000 -1000 -10 0.00011640787124633789
Car -1 -1 -10 553.0 179.0 579.0 206.0 -1 -1 -1 -1000 -1000 -1000 -10 0.00011515617370605469
Car -1 -1 -10 0.0 237.0 14.0 351.0 -1 -1 -1 -1000 -1000 -1000 -10 0.00011110305786132812
Car -1 -1 -10 0.0 185.0 20.0 244.0 -1 -1 -1 -1000 -1000 -1000 -10 0.00010305643081665039
Car -1 -1 -10 553.0 183.0 576.0 209.0 -1 -1 -1 -1000 -1000 -1000 -10 0.00010222196578979492
Car -1 -1 -10 0.0 246.0 41.0 375.0 -1 -1 -1 -1000 -1000 -1000 -10 0.00010091066360473633
