Car -1 -1 -10 793.0 173.0 876.0 204.0 -1 -1 -1 -1000 -1000 -1000 -10 0.93603515625
Car -1 -1 -10 289.0 70.0 307.0 86.0 -1 -1 -1 -1000 -1000 -1000 -10 0.0010843276977539062
Car -1 -1 -10 292.0 70.0 305.0 86.0 -1 -1 -1 -1000 -1000 -1000 -10 0.001049041748046875
Car -1 -1 -10 787.0 161.0 884.0 223.0 -1 -1 -1 -1000 -1000 -1000 -10 0.0009260177612304688
Car -1 -1 -10 807.0 176.0 858.0 198.0 -1 -1 -1 -1000 -1000 -1000 -10 0.0009202957153320312
Car -1 -1 -10 788.0 155.0 882.0 212.0 -1 -1 -1 -1000 -1000 -1000 -10 0.0007052421569824219
Car -1 -1 -10 293.0 71.0 307.0 85.0 -1 -1 -1 -1000 -1000 -1000 -10 0.000629425048828125
Car -1 -1 -10 1219.0 200.0 1242.0 363.0 -1 -1 -1 -1000 -1000 -1000 -10 0.0005321502685546875
Car -1 -1 -10 1214.0 194.0 1241.0 370.0 -1 -1 -1 -1000 -1000 -1000 -10 0.0003783702850341797
Car -1 -1 -10 752.0 133.0 930.0 274.0 -1 -1 -1 -1000 -1000 -1000 -10 0.0003542900085449219
Car -1 -1 -10 1221.0 186.0 1242.0 343.0 -1 -1 -1 -1000 -1000 -1000 -10 0.0002689361572265625
Car -1 -1 -10 754.0 111.0 926.0 239.0 -1 -1 -1 -1000 -1000 -1000 -10 0.00021946430206298828
Car -1 -1 -10 1206.0 198.0 1242.0 369.0 -1 -1 -1 -1000 -1000 -1000 -10 0.00020110607147216797
Car -1 -1 -10 807.0 173.0 880.0 202.0 -1 -1 -1 -1000 -1000 -1000 -10 0.00018846988677978516
Car -1 -1 -10 1216.0 179.0 1242.0 351.0 -1 -1 -1 -1000 -1000 -1000 -10 0.00017368793487548828
Car -1 -1 -10 732.0 135.0 908.0 269.0 -1 -1 -1 -1000 -1000 -1000 -10 0.0001302957534790039
Car -1 -1 -10 812.0 176.0 864.0 199.0 -1 -1 -1 -1000 -1000 -1000 -10 0.0001074075698852539
Car -1 -1 -10 1203.0 222.0 1241.0 374.0 -1 -1 -1 -1000 -1000 -1000 -10 0.00010704994201660156
Car -1 -1 -10 315.0 101.0 345.0 129.0 -1 -1 -1 -1000 -1000 -1000 -10 0.00010526180267333984
