Car -1 -1 -10 1.0 170.0 159.0 270.0 -1 -1 -1 -1000 -1000 -1000 -10 0.966796875
Car -1 -1 -10 882.0 163.0 1054.0 232.0 -1 -1 -1 -1000 -1000 -1000 -10 0.962890625
Car -1 -1 -10 117.0 176.0 176.0 196.0 -1 -1 -1 -1000 -1000 -1000 -10 0.8818359375
Car -1 -1 -10 63.0 174.0 148.0 221.0 -1 -1 -1 -1000 -1000 -1000 -10 0.87939453125
Pedestrian -1 -1 -10 609.0 162.0 639.0 233.0 -1 -1 -1 -1000 -1000 -1000 -10 0.8056640625
Car -1 -1 -10 77.0 175.0 150.0 215.0 -1 -1 -1 -1000 -1000 -1000 -10 0.472412109375
Pedestrian -1 -1 -10 618.0 163.0 646.0 232.0 -1 -1 -1 -1000 -1000 -1000 -10 0.431884765625
Pedestrian -1 -1 -10 625.0 163.0 650.0 229.0 -1 -1 -1 -1000 -1000 -1000 -10 0.2293701171875
Pedestrian -1 -1 -10 606.0 158.0 638.0 234.0 -1 -1 -1 -1000 -1000 -1000 -10 0.138916015625
Car -1 -1 -10 93.0 177.0 156.0 203.0 -1 -1 -1 -1000 -1000 -1000 -10 0.05218505859375
Car -1 -1 -10 122.0 176.0 180.0 194.0 -1 -1 -1 -1000 -1000 -1000 -10 0.032012939453125
Car -1 -1 -10 44.0 171.0 153.0 233.0 -1 -1 -1 -1000 -1000 -1000 -10 0.0236053466796875
Pedestrian -1 -1 -10 628.0 164.0 652.0 225.0 -1 -1 -1 -1000 -1000 -1000 -10 0.01483154296875
Pedestrian -1 -1 -10 605.0 159.0 644.0 233.0 -1 -1 -1 -1000 -1000 -1000 -10 0.01454925537109375
Car -1 -1 -10 121.0 177.0 171.0 197.0 -1 -1 -1 -1000 -1000 -1000 -10 0.0129547119140625
Car -1 -1 -10 129.0 176.0 187.0 193.0 -1 -1 -1 -1000 -1000 -1000 -10 0.01092529296875
Car -1 -1 -10 69.0 174.0 144.0 227.0 -1 -1 -1 -1000 -1000 -1000 -10 0.00989532470703125
Car -1 -1 -10 50.0 173.0 137.0 223.0 -1 -1 -1 -1000 -1000 -1000 -10 0.00983428955078125
Car -1 -1 -10 134.0 176.0 192.0 192.0 -1 -1 -1 -1000 -1000 -1000 -10 0.00734710693359375
Car -1 -1 -10 60.0 166.0 157.0 233.0 -1 -1 -1 -1000 -1000 -1000 -10 0.006298065185546875
Car -1 -1 -10 126.0 178.0 190.0 195.0 -1 -1 -1 -1000 -1000 -1000 -10 0.0054931640625
Car -1 -1 -10 85.0 173.0 164.0 214.0 -1 -1 -1 -1000 -1000 -1000 -10 0.0051116943359375
Pedestrian -1 -1 -10 630.0 165.0 657.0 230.0 -1 -1 -1 -1000 -1000 -1000 -10 0.0035419464111328125
Car -1 -1 -10 86.0 179.0 153.0 209.0 -1 -1 -1 -1000 -1000 -1000 -10 0.0032444000244140625
Car -1 -1 -10 99.0 177.0 159.0 201.0 -1 -1 -1 -1000 -1000 -1000 -10 0.0030002593994140625
Car -1 -1 -10 58.0 171.0 142.0 218.0 -1 -1 -1 -1000 -1000 -1000 -10 0.0026226043701171875
Car -1 -1 -10 61.0 173.0 137.0 231.0 -1 -1 -1 -1000 -1000 -1000 -10 0.0025177001953125
Pedestrian -1 -1 -10 613.0 169.0 639.0 232.0 -1 -1 -1 -1000 -1000 -1000 -10 0.002197265625
Car -1 -1 -10 59.0 174.0 129.0 220.0 -1 -1 -1 -1000 -1000 -1000 -10 0.0021228790283203125
Car -1 -1 -10 109.0 181.0 170.0 200.0 -1 -1 -1 -1000 -1000 -1000 -10 0.0017385482788085938
Car -1 -1 -10 1214.0 164.0 1224.0 235.0 -1 -1 -1 -1000 -1000 -1000 -10 0.00168609619140625
Car -1 -1 -10 0.0 179.0 22.0 247.0 -1 -1 -1 -1000 -1000 -1000 -10 0.0012617111206054688
Pedestrian -1 -1 -10 624.0 170.0 649.0 232.0 -1 -1 -1 -1000 -1000 -1000 -10 0.0012340545654296875
Car -1 -1 -10 7.0 172.0 150.0 254.0 -1 -1 -1 -1000 -1000 -1000 -10 0.0011920928955078125
Car -1 -1 -10 1212.0 165.0 1224.0 254.0 -1 -1 -1 -1000 -1000 -1000 -10 0.0010013580322265625
Car -1 -1 -10 1214.0 173.0 1223.0 224.0 -1 -1 -1 -1000 -1000 -1000 -10 0.0009579658508300781
Car -1 -1 -10 1.0 173.0 71.0 231.0 -1 -1 -1 -1000 -1000 -1000 -10 0.0009126663208007812
Car -1 -1 -10 115.0 181.0 176.0 200.0 -1 -1 -1 -1000 -1000 -1000 -10 0.0008950233459472656
Car -1 -1 -10 1.0 178.0 53.0 243.0 -1 -1 -1 -1000 -1000 -1000 -10 0.0008854866027832031
Car -1 -1 -10 0.0 186.0 17.0 249.0 -1 -1 -1 -1000 -1000 -1000 -10 0.0008692741394042969
Pedestrian -1 -1 -10 600.0 160.0 632.0 233.0 -1 -1 -1 -1000 -1000 -1000 -10 0.0008678436279296875
Car -1 -1 -10 142.0 177.0 199.0 192.0 -1 -1 -1 -1000 -1000 -1000 -10 0.0008673667907714844
Car -1 -1 -10 0.0 178.0 29.0 242.0 -1 -1 -1 -1000 -1000 -1000 -10 0.0008649826049804688
Car -1 -1 -10 115.0 174.0 179.0 206.0 -1 -1 -1 -1000 -1000 -1000 -10 0.0007963180541992188
Car -1 -1 -10 1213.0 171.0 1224.0 264.0 -1 -1 -1 -1000 -1000 -1000 -10 0.0007953643798828125
Car -1 -1 -10 878.0 151.0 1056.0 248.0 -1 -1 -1 -1000 -1000 -1000 -10 0.0007619857788085938
Car -1 -1 -10 1.0 183.0 28.0 252.0 -1 -1 -1 -1000 -1000 -1000 -10 0.0007004737854003906
Car -1 -1 -10 1211.0 159.0 1224.0 240.0 -1 -1 -1 -1000 -1000 -1000 -10 0.0006933212280273438
Car -1 -1 -10 114.0 170.0 179.0 200.0 -1 -1 -1 -1000 -1000 -1000 -10 0.0006389617919921875
Car -1 -1 -10 0.0 181.0 21.0 270.0 -1 -1 -1 -1000 -1000 -1000 -10 0.0006356239318847656
Car -1 -1 -10 2.0 175.0 62.0 242.0 -1 -1 -1 -1000 -1000 -1000 -10 0.00058746337890625
Car -1 -1 -10 74.0 178.0 153.0 224.0 -1 -1 -1 -1000 -1000 -1000 -10 0.0005784034729003906
Car -1 -1 -10 102.0 177.0 152.0 201.0 -1 -1 -1 -1000 -1000 -1000 -10 0.0005698204040527344
Car -1 -1 -10 1208.0 165.0 1223.0 234.0 -1 -1 -1 -1000 -1000 -1000 -10 0.0005540847778320312
Pedestrian -1 -1 -10 617.0 163.0 656.0 230.0 -1 -1 -1 -1000 -1000 -1000 -10 0.0005350112915039062
Car -1 -1 -10 0.0 181.0 17.0 240.0 -1 -1 -1 -1000 -1000 -1000 -10 0.00051116943359375
Car -1 -1 -10 1.0 192.0 16.0 243.0 -1 -1 -1 -1000 -1000 -1000 -10 0.0005035400390625
Car -1 -1 -10 99.0 175.0 176.0 204.0 -1 -1 -1 -1000 -1000 -1000 -10 0.00049591064453125
Car -1 -1 -10 0.0 183.0 52.0 257.0 -1 -1 -1 -1000 -1000 -1000 -10 0.0004897117614746094
Pedestrian -1 -1 -10 608.0 170.0 635.0 232.0 -1 -1 -1 -1000 -1000 -1000 -10 0.0004856586456298828
Car -1 -1 -10 0.0 191.0 21.0 367.0 -1 -1 -1 -1000 -1000 -1000 -10 0.00045418739318847656
Car -1 -1 -10 2.0 175.0 50.0 233.0 -1 -1 -1 -1000 -1000 -1000 -10 0.0004379749298095703
Car -1 -1 -10 83.0 172.0 154.0 207.0 -1 -1 -1 -1000 -1000 -1000 -10 0.00037598609924316406
Car -1 -1 -10 1.0 188.0 16.0 266.0 -1 -1 -1 -1000 -1000 -1000 -10 0.00036835670471191406
Car -1 -1 -10 0.0 182.0 26.0 269.0 -1 -1 -1 -1000 -1000 -1000 -10 0.0003674030303955078
Car -1 -1 -10 1.0 190.0 28.0 245.0 -1 -1 -1 -1000 -1000 -1000 -10 0.0003559589385986328
Car -1 -1 -10 1215.0 179.0 1224.0 235.0 -1 -1 -1 -1000 -1000 -1000 -10 0.0003533363342285156
Car -1 -1 -10 0.0 178.0 29.0 230.0 -1 -1 -1 -1000 -1000 -1000 -10 0.00034999847412109375
Car -1 -1 -10 1214.0 167.0 1224.0 217.0 -1 -1 -1 -1000 -1000 -1000 -10 0.0003459453582763672
Car -1 -1 -10 0.0 186.0 15.0 234.0 -1 -1 -1 -1000 -1000 -1000 -10 0.0003390312194824219
Car -1 -1 -10 1207.0 165.0 1223.0 251.0 -1 -1 -1 -1000 -1000 -1000 -10 0.0003230571746826172
Pedestrian -1 -1 -10 635.0 165.0 660.0 231.0 -1 -1 -1 -1000 -1000 -1000 -10 0.0003123283386230469
Car -1 -1 -10 0.0 175.0 14.0 233.0 -1 -1 -1 -1000 -1000 -1000 -10 0.0002913475036621094
Car -1 -1 -10 77.0 174.0 127.0 219.0 -1 -1 -1 -1000 -1000 -1000 -10 0.0002849102020263672
Car -1 -1 -10 1213.0 170.0 1224.0 247.0 -1 -1 -1 -1000 -1000 -1000 -10 0.0002608299255371094
Car -1 -1 -10 0.0 181.0 18.0 331.0 -1 -1 -1 -1000 -1000 -1000 -10 0.0002598762512207031
Car -1 -1 -10 1206.0 172.0 1224.0 265.0 -1 -1 -1 -1000 -1000 -1000 -10 0.0002484321594238281
Car -1 -1 -10 1209.0 173.0 1223.0 224.0 -1 -1 -1 -1000 -1000 -1000 -10 0.00024700164794921875
Car -1 -1 -10 1206.0 158.0 1224.0 227.0 -1 -1 -1 -1000 -1000 -1000 -10 0.00023424625396728516
Car -1 -1 -10 1.0 185.0 42.0 251.0 -1 -1 -1 -1000 -1000 -1000 -10 0.00023043155670166016
Car -1 -1 -10 1.0 190.0 27.0 261.0 -1 -1 -1 -1000 -1000 -1000 -10 0.00022685527801513672
Car -1 -1 -10 31.0 142.0 199.0 268.0 -1 -1 -1 -1000 -1000 -1000 -10 0.00021457672119140625
Car -1 -1 -10 0.0 179.0 13.0 228.0 -1 -1 -1 -1000 -1000 -1000 -10 0.00021195411682128906
Car -1 -1 -10 71.0 176.0 114.0 214.0 -1 -1 -1 -1000 -1000 -1000 -10 0.00020503997802734375
Car -1 -1 -10 3.0 174.0 83.0 228.0 -1 -1 -1 -1000 -1000 -1000 -10 0.0001919269561767578
Car -1 -1 -10 1.0 168.0 72.0 252.0 -1 -1 -1 -1000 -1000 -1000 -10 0.0001863241195678711
Car -1 -1 -10 102.0 170.0 173.0 204.0 -1 -1 -1 -1000 -1000 -1000 -10 0.00018513202667236328
Pedestrian -1 -1 -10 597.0 157.0 653.0 235.0 -1 -1 -1 -1000 -1000 -1000 -10 0.00017118453979492188
Car -1 -1 -10 0.0 187.0 38.0 370.0 -1 -1 -1 -1000 -1000 -1000 -10 0.00017023086547851562
Car -1 -1 -10 1209.0 164.0 1224.0 286.0 -1 -1 -1 -1000 -1000 -1000 -10 0.00016236305236816406
Car -1 -1 -10 1210.0 140.0 1224.0 227.0 -1 -1 -1 -1000 -1000 -1000 -10 0.0001621246337890625
Car -1 -1 -10 138.0 177.0 186.0 194.0 -1 -1 -1 -1000 -1000 -1000 -10 0.00015544891357421875
Car -1 -1 -10 17.0 139.0 182.0 247.0 -1 -1 -1 -1000 -1000 -1000 -10 0.00015497207641601562
Car -1 -1 -10 1214.0 146.0 1224.0 221.0 -1 -1 -1 -1000 -1000 -1000 -10 0.00014913082122802734
Pedestrian -1 -1 -10 626.0 159.0 648.0 220.0 -1 -1 -1 -1000 -1000 -1000 -10 0.0001417398452758789
Car -1 -1 -10 1.0 200.0 15.0 254.0 -1 -1 -1 -1000 -1000 -1000 -10 0.0001392364501953125
Car -1 -1 -10 92.0 176.0 142.0 207.0 -1 -1 -1 -1000 -1000 -1000 -10 0.00013494491577148438
Car -1 -1 -10 0.0 182.0 23.0 329.0 -1 -1 -1 -1000 -1000 -1000 -10 0.00013458728790283203
Car -1 -1 -10 117.0 182.0 164.0 200.0 -1 -1 -1 -1000 -1000 -1000 -10 0.00013053417205810547
Car -1 -1 -10 0.0 201.0 26.0 370.0 -1 -1 -1 -1000 -1000 -1000 -10 0.0001233816146850586
Car -1 -1 -10 2.0 198.0 26.0 253.0 -1 -1 -1 -1000 -1000 -1000 -10 0.0001214146614074707
Car -1 -1 -10 0.0 191.0 15.0 281.0 -1 -1 -1 -1000 -1000 -1000 -10 0.00011974573135375977
Car -1 -1 -10 2.0 171.0 89.0 236.0 -1 -1 -1 -1000 -1000 -1000 -10 0.00011897087097167969
Car -1 -1 -10 81.0 175.0 131.0 217.0 -1 -1 -1 -1000 -1000 -1000 -10 0.00011897087097167969
Car -1 -1 -10 1212.0 172.0 1224.0 280.0 -1 -1 -1 -1000 -1000 -1000 -10 0.00011873245239257812
Car -1 -1 -10 1213.0 161.0 1224.0 226.0 -1 -1 -1 -1000 -1000 -1000 -10 0.00011831521987915039
Car -1 -1 -10 171.0 177.0 217.0 191.0 -1 -1 -1 -1000 -1000 -1000 -10 0.00011539459228515625
Car -1 -1 -10 17.0 172.0 128.0 225.0 -1 -1 -1 -1000 -1000 -1000 -10 0.00011342763900756836
Car -1 -1 -10 1204.0 161.0 1224.0 261.0 -1 -1 -1 -1000 -1000 -1000 -10 0.00010770559310913086
Car -1 -1 -10 1214.0 186.0 1224.0 246.0 -1 -1 -1 -1000 -1000 -1000 -10 0.00010442733764648438
Car -1 -1 -10 1207.0 166.0 1223.0 218.0 -1 -1 -1 -1000 -1000 -1000 -10 0.00010436773300170898
Car -1 -1 -10 0.0 206.0 36.0 370.0 -1 -1 -1 -1000 -1000 -1000 -10 0.00010406970977783203
Car -1 -1 -10 1.0 191.0 40.0 262.0 -1 -1 -1 -1000 -1000 -1000 -10 0.00010275840759277344
Car -1 -1 -10 0.0 191.0 14.0 302.0 -1 -1 -1 -1000 -1000 -1000 -10 0.0001024007797241211
Car -1 -1 -10 894.0 162.0 1043.0 227.0 -1 -1 -1 -1000 -1000 -1000 -10 0.00010216236114501953
Car -1 -1 -10 1198.0 167.0 1222.0 262.0 -1 -1 -1 -1000 -1000 -1000 -10 0.00010085105895996094
