Car -1 -1 -10 635.0 164.0 710.0 219.0 -1 -1 -1 -1000 -1000 -1000 -10 0.94873046875
Car -1 -1 -10 426.0 182.0 481.0 227.0 -1 -1 -1 -1000 -1000 -1000 -10 0.947265625
Car -1 -1 -10 0.0 193.0 96.0 318.0 -1 -1 -1 -1000 -1000 -1000 -10 0.9345703125
Car -1 -1 -10 457.0 182.0 496.0 214.0 -1 -1 -1 -1000 -1000 -1000 -10 0.85009765625
Car -1 -1 -10 450.0 184.0 489.0 219.0 -1 -1 -1 -1000 -1000 -1000 -10 0.110107421875
Car -1 -1 -10 439.0 182.0 481.0 222.0 -1 -1 -1 -1000 -1000 -1000 -10 0.06005859375
Car -1 -1 -10 1.0 190.0 95.0 293.0 -1 -1 -1 -1000 -1000 -1000 -10 0.00232696533203125
Car -1 -1 -10 0.0 197.0 82.0 324.0 -1 -1 -1 -1000 -1000 -1000 -10 0.0020542144775390625
Car -1 -1 -10 547.0 176.0 569.0 195.0 -1 -1 -1 -1000 -1000 -1000 -10 0.0019855499267578125
Car -1 -1 -10 462.0 177.0 497.0 208.0 -1 -1 -1 -1000 -1000 -1000 -10 0.0017652511596679688
Car -1 -1 -10 0.0 190.0 113.0 319.0 -1 -1 -1 -1000 -1000 -1000 -10 0.0016832351684570312
Car -1 -1 -10 460.0 191.0 494.0 216.0 -1 -1 -1 -1000 -1000 -1000 -10 0.0016450881958007812
Car -1 -1 -10 458.0 177.0 498.0 215.0 -1 -1 -1 -1000 -1000 -1000 -10 0.0015401840209960938
Car -1 -1 -10 2.0 189.0 104.0 305.0 -1 -1 -1 -1000 -1000 -1000 -10 0.0009336471557617188
Car -1 -1 -10 420.0 171.0 483.0 235.0 -1 -1 -1 -1000 -1000 -1000 -10 0.0008268356323242188
Car -1 -1 -10 545.0 174.0 571.0 195.0 -1 -1 -1 -1000 -1000 -1000 -10 0.0007481575012207031
Car -1 -1 -10 631.0 160.0 712.0 226.0 -1 -1 -1 -1000 -1000 -1000 -10 0.0007200241088867188
Car -1 -1 -10 635.0 162.0 701.0 214.0 -1 -1 -1 -1000 -1000 -1000 -10 0.0007147789001464844
Car -1 -1 -10 424.0 186.0 481.0 232.0 -1 -1 -1 -1000 -1000 -1000 -10 0.0005888938903808594
Car -1 -1 -10 800.0 93.0 815.0 106.0 -1 -1 -1 -1000 -1000 -1000 -10 0.00042247772216796875
Car -1 -1 -10 599.0 126.0 757.0 239.0 -1 -1 -1 -1000 -1000 -1000 -10 0.0003483295440673828
Car -1 -1 -10 797.0 92.0 818.0 106.0 -1 -1 -1 -1000 -1000 -1000 -10 0.00034618377685546875
Car -1 -1 -10 462.0 192.0 491.0 215.0 -1 -1 -1 -1000 -1000 -1000 -10 0.00032591819763183594
Car -1 -1 -10 359.0 137.0 521.0 273.0 -1 -1 -1 -1000 -1000 -1000 -10 0.00031113624572753906
Car -1 -1 -10 9.0 192.0 90.0 306.0 -1 -1 -1 -1000 -1000 -1000 -10 0.0002982616424560547
Car -1 -1 -10 578.0 134.0 741.0 262.0 -1 -1 -1 -1000 -1000 -1000 -10 0.0002846717834472656
Car -1 -1 -10 544.0 176.0 570.0 198.0 -1 -1 -1 -1000 -1000 -1000 -10 0.0002827644348144531
Car -1 -1 -10 589.0 132.0 767.0 267.0 -1 -1 -1 -1000 -1000 -1000 -10 0.00026297569274902344
Car -1 -1 -10 628.0 68.0 650.0 85.0 -1 -1 -1 -1000 -1000 -1000 -10 0.00025773048400878906
Car -1 -1 -10 1.0 236.0 92.0 319.0 -1 -1 -1 -1000 -1000 -1000 -10 0.00022125244140625
Car -1 -1 -10 0.0 221.0 26.0 330.0 -1 -1 -1 -1000 -1000 -1000 -10 0.00021755695343017578
Car -1 -1 -10 0.0 201.0 13.0 310.0 -1 -1 -1 -1000 -1000 -1000 -10 0.00021636486053466797
Car -1 -1 -10 370.0 144.0 515.0 251.0 -1 -1 -1 -1000 -1000 -1000 -10 0.0002117156982421875
Car -1 -1 -10 631.0 68.0 647.0 85.0 -1 -1 -1 -1000 -1000 -1000 -10 0.00019943714141845703
Car -1 -1 -10 798.0 91.0 814.0 104.0 -1 -1 -1 -1000 -1000 -1000 -10 0.00019788742065429688
Car -1 -1 -10 0.0 227.0 25.0 362.0 -1 -1 -1 -1000 -1000 -1000 -10 0.00017642974853515625
Car -1 -1 -10 794.0 91.0 816.0 105.0 -1 -1 -1 -1000 -1000 -1000 -10 0.00016164779663085938
Car -1 -1 -10 643.0 165.0 695.0 217.0 -1 -1 -1 -1000 -1000 -1000 -10 0.00015735626220703125
Car -1 -1 -10 466.0 179.0 499.0 208.0 -1 -1 -1 -1000 -1000 -1000 -10 0.00015282630920410156
Car -1 -1 -10 0.0 209.0 12.0 320.0 -1 -1 -1 -1000 -1000 -1000 -10 0.0001404285430908203
Car -1 -1 -10 391.0 136.0 547.0 275.0 -1 -1 -1 -1000 -1000 -1000 -10 0.00013947486877441406
Car -1 -1 -10 1224.0 154.0 1242.0 216.0 -1 -1 -1 -1000 -1000 -1000 -10 0.00012946128845214844
Car -1 -1 -10 1213.0 189.0 1242.0 374.0 -1 -1 -1 -1000 -1000 -1000 -10 0.00011074542999267578
Car -1 -1 -10 0.0 200.0 12.0 290.0 -1 -1 -1 -1000 -1000 -1000 -10 0.00010389089584350586
Car -1 -1 -10 0.0 190.0 11.0 260.0 -1 -1 -1 -1000 -1000 -1000 -10 0.00010085105895996094
Car -1 -1 -10 1.0 232.0 93.0 338.0 -1 -1 -1 -1000 -1000 -1000 -10 0.0001004934310913086
