Car -1 -1 -10 382.0 137.0 525.0 240.0 -1 -1 -1 -1000 -1000 -1000 -10 0.966796875
Cyclist -1 -1 -10 651.0 169.0 694.0 226.0 -1 -1 -1 -1000 -1000 -1000 -10 0.92529296875
Pedestrian -1 -1 -10 968.0 162.0 1003.0 243.0 -1 -1 -1 -1000 -1000 -1000 -10 0.91748046875
Car -1 -1 -10 310.0 178.0 408.0 211.0 -1 -1 -1 -1000 -1000 -1000 -10 0.91552734375
Pedestrian -1 -1 -10 1088.0 160.0 1131.0 260.0 -1 -1 -1 -1000 -1000 -1000 -10 0.90966796875
Pedestrian -1 -1 -10 855.0 178.0 917.0 237.0 -1 -1 -1 -1000 -1000 -1000 -10 0.8935546875
Pedestrian -1 -1 -10 845.0 179.0 906.0 233.0 -1 -1 -1 -1000 -1000 -1000 -10 0.8134765625
Pedestrian -1 -1 -10 842.0 182.0 902.0 230.0 -1 -1 -1 -1000 -1000 -1000 -10 0.4677734375
Pedestrian -1 -1 -10 0.0 188.0 21.0 283.0 -1 -1 -1 -1000 -1000 -1000 -10 0.059661865234375
Pedestrian -1 -1 -10 0.0 181.0 25.0 283.0 -1 -1 -1 -1000 -1000 -1000 -10 0.046142578125
Pedestrian -1 -1 -10 1225.0 167.0 1242.0 282.0 -1 -1 -1 -1000 -1000 -1000 -10 0.045806884765625
Pedestrian -1 -1 -10 1218.0 166.0 1242.0 281.0 -1 -1 -1 -1000 -1000 -1000 -10 0.036224365234375
Pedestrian -1 -1 -10 0.0 196.0 17.0 288.0 -1 -1 -1 -1000 -1000 -1000 -10 0.0307159423828125
Pedestrian -1 -1 -10 866.0 178.0 916.0 238.0 -1 -1 -1 -1000 -1000 -1000 -10 0.0206298828125
Pedestrian -1 -1 -10 842.0 181.0 891.0 231.0 -1 -1 -1 -1000 -1000 -1000 -10 0.019927978515625
Pedestrian -1 -1 -10 0.0 173.0 18.0 283.0 -1 -1 -1 -1000 -1000 -1000 -10 0.019683837890625
Pedestrian -1 -1 -10 1222.0 162.0 1242.0 355.0 -1 -1 -1 -1000 -1000 -1000 -10 0.018646240234375
Pedestrian -1 -1 -10 1222.0 172.0 1242.0 283.0 -1 -1 -1 -1000 -1000 -1000 -10 0.0174102783203125
Pedestrian -1 -1 -10 0.0 195.0 20.0 295.0 -1 -1 -1 -1000 -1000 -1000 -10 0.01146697998046875
Pedestrian -1 -1 -10 844.0 176.0 918.0 238.0 -1 -1 -1 -1000 -1000 -1000 -10 0.0100555419921875
Pedestrian -1 -1 -10 1220.0 149.0 1242.0 277.0 -1 -1 -1 -1000 -1000 -1000 -10 0.0091552734375
Pedestrian -1 -1 -10 832.0 184.0 894.0 227.0 -1 -1 -1 -1000 -1000 -1000 -10 0.0085601806640625
Pedestrian -1 -1 -10 1218.0 162.0 1242.0 375.0 -1 -1 -1 -1000 -1000 -1000 -10 0.00847625732421875
Pedestrian -1 -1 -10 1215.0 162.0 1241.0 361.0 -1 -1 -1 -1000 -1000 -1000 -10 0.00732421875
Car -1 -1 -10 0.0 195.0 24.0 295.0 -1 -1 -1 -1000 -1000 -1000 -10 0.007152557373046875
Pedestrian -1 -1 -10 1.0 187.0 33.0 284.0 -1 -1 -1 -1000 -1000 -1000 -10 0.005519866943359375
Pedestrian -1 -1 -10 1084.0 161.0 1137.0 259.0 -1 -1 -1 -1000 -1000 -1000 -10 0.005443572998046875
Pedestrian -1 -1 -10 861.0 177.0 922.0 240.0 -1 -1 -1 -1000 -1000 -1000 -10 0.004642486572265625
Pedestrian -1 -1 -10 0.0 197.0 16.0 300.0 -1 -1 -1 -1000 -1000 -1000 -10 0.00441741943359375
Pedestrian -1 -1 -10 838.0 179.0 898.0 225.0 -1 -1 -1 -1000 -1000 -1000 -10 0.00431060791015625
Pedestrian -1 -1 -10 1085.0 158.0 1126.0 257.0 -1 -1 -1 -1000 -1000 -1000 -10 0.003589630126953125
Pedestrian -1 -1 -10 1214.0 166.0 1242.0 375.0 -1 -1 -1 -1000 -1000 -1000 -10 0.0032978057861328125
Car -1 -1 -10 0.0 198.0 22.0 351.0 -1 -1 -1 -1000 -1000 -1000 -10 0.003253936767578125
Pedestrian -1 -1 -10 1214.0 177.0 1241.0 293.0 -1 -1 -1 -1000 -1000 -1000 -10 0.00299835205078125
Car -1 -1 -10 0.0 201.0 17.0 297.0 -1 -1 -1 -1000 -1000 -1000 -10 0.002994537353515625
Pedestrian -1 -1 -10 0.0 162.0 15.0 272.0 -1 -1 -1 -1000 -1000 -1000 -10 0.0028553009033203125
Car -1 -1 -10 0.0 204.0 21.0 294.0 -1 -1 -1 -1000 -1000 -1000 -10 0.0027408599853515625
Pedestrian -1 -1 -10 854.0 176.0 915.0 229.0 -1 -1 -1 -1000 -1000 -1000 -10 0.00258636474609375
Pedestrian -1 -1 -10 1215.0 162.0 1241.0 273.0 -1 -1 -1 -1000 -1000 -1000 -10 0.0024509429931640625
Pedestrian -1 -1 -10 836.0 185.0 901.0 233.0 -1 -1 -1 -1000 -1000 -1000 -10 0.0022296905517578125
Car -1 -1 -10 0.0 203.0 16.0 316.0 -1 -1 -1 -1000 -1000 -1000 -10 0.0020427703857421875
Pedestrian -1 -1 -10 0.0 209.0 17.0 274.0 -1 -1 -1 -1000 -1000 -1000 -10 0.001987457275390625
Pedestrian -1 -1 -10 0.0 201.0 20.0 266.0 -1 -1 -1 -1000 -1000 -1000 -10 0.0018796920776367188
Pedestrian -1 -1 -10 0.0 155.0 21.0 274.0 -1 -1 -1 -1000 -1000 -1000 -10 0.0017976760864257812
Pedestrian -1 -1 -10 838.0 184.0 885.0 226.0 -1 -1 -1 -1000 -1000 -1000 -10 0.0017871856689453125
Car -1 -1 -10 296.0 178.0 395.0 212.0 -1 -1 -1 -1000 -1000 -1000 -10 0.0017213821411132812
Pedestrian -1 -1 -10 871.0 179.0 921.0 242.0 -1 -1 -1 -1000 -1000 -1000 -10 0.0016613006591796875
Pedestrian -1 -1 -10 0.0 183.0 40.0 297.0 -1 -1 -1 -1000 -1000 -1000 -10 0.001659393310546875
Car -1 -1 -10 0.0 208.0 22.0 314.0 -1 -1 -1 -1000 -1000 -1000 -10 0.0016279220581054688
Car -1 -1 -10 319.0 178.0 401.0 210.0 -1 -1 -1 -1000 -1000 -1000 -10 0.00156402587890625
Pedestrian -1 -1 -10 851.0 177.0 899.0 228.0 -1 -1 -1 -1000 -1000 -1000 -10 0.0015354156494140625
Pedestrian -1 -1 -10 0.0 200.0 34.0 286.0 -1 -1 -1 -1000 -1000 -1000 -10 0.001514434814453125
Car -1 -1 -10 333.0 180.0 381.0 204.0 -1 -1 -1 -1000 -1000 -1000 -10 0.0014801025390625
Pedestrian -1 -1 -10 1228.0 150.0 1241.0 268.0 -1 -1 -1 -1000 -1000 -1000 -10 0.0013628005981445312
Pedestrian -1 -1 -10 1.0 207.0 23.0 272.0 -1 -1 -1 -1000 -1000 -1000 -10 0.0011987686157226562
Car -1 -1 -10 0.0 193.0 29.0 312.0 -1 -1 -1 -1000 -1000 -1000 -10 0.0010633468627929688
Pedestrian -1 -1 -10 1226.0 205.0 1242.0 319.0 -1 -1 -1 -1000 -1000 -1000 -10 0.0009889602661132812
Car -1 -1 -10 309.0 182.0 411.0 215.0 -1 -1 -1 -1000 -1000 -1000 -10 0.0009784698486328125
Pedestrian -1 -1 -10 1206.0 167.0 1240.0 283.0 -1 -1 -1 -1000 -1000 -1000 -10 0.0009617805480957031
Car -1 -1 -10 0.0 215.0 22.0 373.0 -1 -1 -1 -1000 -1000 -1000 -10 0.0009527206420898438
Pedestrian -1 -1 -10 1.0 166.0 24.0 267.0 -1 -1 -1 -1000 -1000 -1000 -10 0.0009136199951171875
Pedestrian -1 -1 -10 1222.0 196.0 1242.0 375.0 -1 -1 -1 -1000 -1000 -1000 -10 0.0008931159973144531
Pedestrian -1 -1 -10 1202.0 155.0 1241.0 350.0 -1 -1 -1 -1000 -1000 -1000 -10 0.0008912086486816406
Car -1 -1 -10 0.0 192.0 32.0 364.0 -1 -1 -1 -1000 -1000 -1000 -10 0.0007834434509277344
Pedestrian -1 -1 -10 874.0 178.0 919.0 235.0 -1 -1 -1 -1000 -1000 -1000 -10 0.0007524490356445312
Pedestrian -1 -1 -10 1227.0 191.0 1241.0 293.0 -1 -1 -1 -1000 -1000 -1000 -10 0.0007290840148925781
Pedestrian -1 -1 -10 0.0 217.0 15.0 280.0 -1 -1 -1 -1000 -1000 -1000 -10 0.0007143020629882812
Car -1 -1 -10 0.0 208.0 17.0 333.0 -1 -1 -1 -1000 -1000 -1000 -10 0.00066375732421875
Pedestrian -1 -1 -10 1203.0 156.0 1239.0 279.0 -1 -1 -1 -1000 -1000 -1000 -10 0.0006437301635742188
Car -1 -1 -10 300.0 164.0 417.0 227.0 -1 -1 -1 -1000 -1000 -1000 -10 0.0006256103515625
Pedestrian -1 -1 -10 1.0 200.0 24.0 266.0 -1 -1 -1 -1000 -1000 -1000 -10 0.0006060600280761719
Pedestrian -1 -1 -10 2.0 176.0 34.0 277.0 -1 -1 -1 -1000 -1000 -1000 -10 0.0005955696105957031
Pedestrian -1 -1 -10 798.0 147.0 947.0 268.0 -1 -1 -1 -1000 -1000 -1000 -10 0.0005583763122558594
Car -1 -1 -10 300.0 164.0 439.0 232.0 -1 -1 -1 -1000 -1000 -1000 -10 0.0005316734313964844
Pedestrian -1 -1 -10 0.0 161.0 13.0 254.0 -1 -1 -1 -1000 -1000 -1000 -10 0.0005297660827636719
Car -1 -1 -10 280.0 132.0 471.0 275.0 -1 -1 -1 -1000 -1000 -1000 -10 0.000518798828125
Cyclist -1 -1 -10 644.0 165.0 697.0 230.0 -1 -1 -1 -1000 -1000 -1000 -10 0.0005154609680175781
Pedestrian -1 -1 -10 1226.0 197.0 1242.0 261.0 -1 -1 -1 -1000 -1000 -1000 -10 0.00048828125
Car -1 -1 -10 0.0 210.0 25.0 331.0 -1 -1 -1 -1000 -1000 -1000 -10 0.0004665851593017578
Pedestrian -1 -1 -10 1210.0 135.0 1241.0 277.0 -1 -1 -1 -1000 -1000 -1000 -10 0.0004646778106689453
Pedestrian -1 -1 -10 1226.0 207.0 1242.0 300.0 -1 -1 -1 -1000 -1000 -1000 -10 0.0004551410675048828
Pedestrian -1 -1 -10 818.0 154.0 957.0 256.0 -1 -1 -1 -1000 -1000 -1000 -10 0.0004100799560546875
Pedestrian -1 -1 -10 825.0 183.0 885.0 228.0 -1 -1 -1 -1000 -1000 -1000 -10 0.0003910064697265625
Pedestrian -1 -1 -10 1082.0 163.0 1121.0 260.0 -1 -1 -1 -1000 -1000 -1000 -10 0.000385284423828125
Pedestrian -1 -1 -10 860.0 177.0 908.0 227.0 -1 -1 -1 -1000 -1000 -1000 -10 0.0003829002380371094
Car -1 -1 -10 1.0 216.0 21.0 280.0 -1 -1 -1 -1000 -1000 -1000 -10 0.000347137451171875
Pedestrian -1 -1 -10 864.0 184.0 919.0 244.0 -1 -1 -1 -1000 -1000 -1000 -10 0.0003457069396972656
Pedestrian -1 -1 -10 0.0 194.0 18.0 259.0 -1 -1 -1 -1000 -1000 -1000 -10 0.00033593177795410156
Pedestrian -1 -1 -10 0.0 179.0 50.0 302.0 -1 -1 -1 -1000 -1000 -1000 -10 0.0003304481506347656
Pedestrian -1 -1 -10 1058.0 144.0 1196.0 277.0 -1 -1 -1 -1000 -1000 -1000 -10 0.00032711029052734375
Pedestrian -1 -1 -10 1.0 153.0 31.0 264.0 -1 -1 -1 -1000 -1000 -1000 -10 0.00032401084899902344
Car -1 -1 -10 264.0 122.0 446.0 240.0 -1 -1 -1 -1000 -1000 -1000 -10 0.0003199577331542969
Car -1 -1 -10 0.0 216.0 18.0 347.0 -1 -1 -1 -1000 -1000 -1000 -10 0.00031375885009765625
Pedestrian -1 -1 -10 1216.0 197.0 1242.0 375.0 -1 -1 -1 -1000 -1000 -1000 -10 0.0002999305725097656
Pedestrian -1 -1 -10 1226.0 190.0 1241.0 256.0 -1 -1 -1 -1000 -1000 -1000 -10 0.0002865791320800781
Pedestrian -1 -1 -10 867.0 176.0 921.0 228.0 -1 -1 -1 -1000 -1000 -1000 -10 0.0002777576446533203
Pedestrian -1 -1 -10 0.0 171.0 50.0 286.0 -1 -1 -1 -1000 -1000 -1000 -10 0.0002727508544921875
Pedestrian -1 -1 -10 1226.0 207.0 1242.0 339.0 -1 -1 -1 -1000 -1000 -1000 -10 0.00027251243591308594
Cyclist -1 -1 -10 653.0 164.0 695.0 220.0 -1 -1 -1 -1000 -1000 -1000 -10 0.00026416778564453125
Pedestrian -1 -1 -10 1218.0 192.0 1242.0 311.0 -1 -1 -1 -1000 -1000 -1000 -10 0.00024271011352539062
Pedestrian -1 -1 -10 832.0 173.0 904.0 236.0 -1 -1 -1 -1000 -1000 -1000 -10 0.0002181529998779297
Pedestrian -1 -1 -10 1227.0 224.0 1242.0 281.0 -1 -1 -1 -1000 -1000 -1000 -10 0.00021076202392578125
Pedestrian -1 -1 -10 1228.0 211.0 1242.0 271.0 -1 -1 -1 -1000 -1000 -1000 -10 0.00020623207092285156
Pedestrian -1 -1 -10 1.0 164.0 23.0 250.0 -1 -1 -1 -1000 -1000 -1000 -10 0.00020110607147216797
Car -1 -1 -10 0.0 228.0 17.0 359.0 -1 -1 -1 -1000 -1000 -1000 -10 0.00018990039825439453
Pedestrian -1 -1 -10 2.0 202.0 32.0 266.0 -1 -1 -1 -1000 -1000 -1000 -10 0.00018835067749023438
Cyclist -1 -1 -10 575.0 134.0 738.0 271.0 -1 -1 -1 -1000 -1000 -1000 -10 0.00018513202667236328
Pedestrian -1 -1 -10 1030.0 144.0 1174.0 280.0 -1 -1 -1 -1000 -1000 -1000 -10 0.0001823902130126953
Car -1 -1 -10 0.0 217.0 32.0 375.0 -1 -1 -1 -1000 -1000 -1000 -10 0.00018072128295898438
Pedestrian -1 -1 -10 966.0 168.0 1000.0 234.0 -1 -1 -1 -1000 -1000 -1000 -10 0.00017940998077392578
Car -1 -1 -10 0.0 227.0 15.0 290.0 -1 -1 -1 -1000 -1000 -1000 -10 0.00017762184143066406
Car -1 -1 -10 337.0 180.0 387.0 203.0 -1 -1 -1 -1000 -1000 -1000 -10 0.00016963481903076172
Car -1 -1 -10 237.0 167.0 313.0 220.0 -1 -1 -1 -1000 -1000 -1000 -10 0.00016772747039794922
Car -1 -1 -10 0.0 196.0 41.0 349.0 -1 -1 -1 -1000 -1000 -1000 -10 0.00016546249389648438
Pedestrian -1 -1 -10 0.0 184.0 14.0 247.0 -1 -1 -1 -1000 -1000 -1000 -10 0.0001608133316040039
Pedestrian -1 -1 -10 971.0 166.0 1007.0 244.0 -1 -1 -1 -1000 -1000 -1000 -10 0.00015807151794433594
Pedestrian -1 -1 -10 1190.0 155.0 1242.0 356.0 -1 -1 -1 -1000 -1000 -1000 -10 0.0001518726348876953
Pedestrian -1 -1 -10 1219.0 187.0 1241.0 291.0 -1 -1 -1 -1000 -1000 -1000 -10 0.00014531612396240234
Car -1 -1 -10 302.0 179.0 383.0 208.0 -1 -1 -1 -1000 -1000 -1000 -10 0.00014495849609375
Cyclist -1 -1 -10 605.0 129.0 757.0 247.0 -1 -1 -1 -1000 -1000 -1000 -10 0.0001418590545654297
Car -1 -1 -10 240.0 168.0 321.0 211.0 -1 -1 -1 -1000 -1000 -1000 -10 0.0001418590545654297
Car -1 -1 -10 303.0 176.0 404.0 207.0 -1 -1 -1 -1000 -1000 -1000 -10 0.00014078617095947266
Cyclist -1 -1 -10 602.0 130.0 763.0 273.0 -1 -1 -1 -1000 -1000 -1000 -10 0.00013756752014160156
Pedestrian -1 -1 -10 1210.0 205.0 1241.0 375.0 -1 -1 -1 -1000 -1000 -1000 -10 0.00012922286987304688
Pedestrian -1 -1 -10 1219.0 203.0 1242.0 301.0 -1 -1 -1 -1000 -1000 -1000 -10 0.0001264810562133789
Pedestrian -1 -1 -10 1188.0 170.0 1240.0 327.0 -1 -1 -1 -1000 -1000 -1000 -10 0.0001264810562133789
Car -1 -1 -10 0.0 229.0 22.0 292.0 -1 -1 -1 -1000 -1000 -1000 -10 0.0001239776611328125
Pedestrian -1 -1 -10 872.0 177.0 916.0 227.0 -1 -1 -1 -1000 -1000 -1000 -10 0.0001214742660522461
Pedestrian -1 -1 -10 2.0 210.0 32.0 274.0 -1 -1 -1 -1000 -1000 -1000 -10 0.0001195073127746582
Car -1 -1 -10 0.0 226.0 24.0 360.0 -1 -1 -1 -1000 -1000 -1000 -10 0.00011783838272094727
Pedestrian -1 -1 -10 960.0 163.0 1012.0 243.0 -1 -1 -1 -1000 -1000 -1000 -10 0.0001175999641418457
Pedestrian -1 -1 -10 819.0 184.0 886.0 235.0 -1 -1 -1 -1000 -1000 -1000 -10 0.00011533498764038086
Pedestrian -1 -1 -10 0.0 166.0 15.0 249.0 -1 -1 -1 -1000 -1000 -1000 -10 0.00011330842971801758
Pedestrian -1 -1 -10 1226.0 231.0 1242.0 291.0 -1 -1 -1 -1000 -1000 -1000 -10 0.0001131892204284668
Pedestrian -1 -1 -10 0.0 179.0 12.0 234.0 -1 -1 -1 -1000 -1000 -1000 -10 0.00011211633682250977
Pedestrian -1 -1 -10 1093.0 168.0 1137.0 259.0 -1 -1 -1 -1000 -1000 -1000 -10 0.00011098384857177734
Cyclist -1 -1 -10 657.0 167.0 699.0 224.0 -1 -1 -1 -1000 -1000 -1000 -10 0.00010758638381958008
Pedestrian -1 -1 -10 972.0 168.0 1005.0 234.0 -1 -1 -1 -1000 -1000 -1000 -10 0.00010037422180175781
