Pedestrian -1 -1 -10 567.0 153.0 623.0 336.0 -1 -1 -1 -1000 -1000 -1000 -10 0.90869140625
Pedestrian -1 -1 -10 567.0 160.0 625.0 306.0 -1 -1 -1 -1000 -1000 -1000 -10 0.0032482147216796875
Pedestrian -1 -1 -10 534.0 152.0 652.0 339.0 -1 -1 -1 -1000 -1000 -1000 -10 0.0011386871337890625
Car -1 -1 -10 489.0 347.0 585.0 370.0 -1 -1 -1 -1000 -1000 -1000 -10 0.0008783340454101562
Pedestrian -1 -1 -10 575.0 154.0 631.0 331.0 -1 -1 -1 -1000 -1000 -1000 -10 0.0007195472717285156
Car -1 -1 -10 829.0 93.0 840.0 107.0 -1 -1 -1 -1000 -1000 -1000 -10 0.0003743171691894531
Car -1 -1 -10 826.0 92.0 843.0 108.0 -1 -1 -1 -1000 -1000 -1000 -10 0.00030159950256347656
Car -1 -1 -10 474.0 263.0 502.0 288.0 -1 -1 -1 -1000 -1000 -1000 -10 0.0002340078353881836
Car -1 -1 -10 481.0 341.0 586.0 370.0 -1 -1 -1 -1000 -1000 -1000 -10 0.00020611286163330078
Pedestrian -1 -1 -10 0.0 161.0 14.0 312.0 -1 -1 -1 -1000 -1000 -1000 -10 0.00017118453979492188
Pedestrian -1 -1 -10 0.0 175.0 10.0 283.0 -1 -1 -1 -1000 -1000 -1000 -10 0.00016069412231445312
Pedestrian -1 -1 -10 0.0 168.0 16.0 344.0 -1 -1 -1 -1000 -1000 -1000 -10 0.0001424551010131836
Car -1 -1 -10 504.0 350.0 587.0 370.0 -1 -1 -1 -1000 -1000 -1000 -10 0.00013554096221923828
Pedestrian -1 -1 -10 566.0 183.0 621.0 329.0 -1 -1 -1 -1000 -1000 -1000 -10 0.00012493133544921875
Car -1 -1 -10 744.0 51.0 759.0 63.0 -1 -1 -1 -1000 -1000 -1000 -10 0.00010895729064941406
Car -1 -1 -10 829.0 92.0 839.0 106.0 -1 -1 -1 -1000 -1000 -1000 -10 0.00010448694229125977
