Cyclist -1 -1 -10 799.0 159.0 834.0 227.0 -1 -1 -1 -1000 -1000 -1000 -10 0.908203125
Pedestrian -1 -1 -10 855.0 162.0 873.0 216.0 -1 -1 -1 -1000 -1000 -1000 -10 0.87109375
Cyclist -1 -1 -10 739.0 169.0 750.0 203.0 -1 -1 -1 -1000 -1000 -1000 -10 0.86669921875
Pedestrian -1 -1 -10 829.0 165.0 851.0 216.0 -1 -1 -1 -1000 -1000 -1000 -10 0.85546875
Cyclist -1 -1 -10 1157.0 111.0 1241.0 358.0 -1 -1 -1 -1000 -1000 -1000 -10 0.78173828125
Pedestrian -1 -1 -10 829.0 163.0 862.0 218.0 -1 -1 -1 -1000 -1000 -1000 -10 0.391845703125
Cyclist -1 -1 -10 739.0 169.0 752.0 204.0 -1 -1 -1 -1000 -1000 -1000 -10 0.2222900390625
Pedestrian -1 -1 -10 853.0 160.0 875.0 218.0 -1 -1 -1 -1000 -1000 -1000 -10 0.099365234375
Cyclist -1 -1 -10 1164.0 139.0 1242.0 371.0 -1 -1 -1 -1000 -1000 -1000 -10 0.0166473388671875
Cyclist -1 -1 -10 1152.0 161.0 1241.0 375.0 -1 -1 -1 -1000 -1000 -1000 -10 0.012420654296875
Pedestrian -1 -1 -10 855.0 168.0 871.0 218.0 -1 -1 -1 -1000 -1000 -1000 -10 0.0117645263671875
Cyclist -1 -1 -10 1185.0 109.0 1242.0 366.0 -1 -1 -1 -1000 -1000 -1000 -10 0.01126861572265625
Pedestrian -1 -1 -10 1174.0 50.0 1240.0 366.0 -1 -1 -1 -1000 -1000 -1000 -10 0.0101776123046875
Pedestrian -1 -1 -10 1159.0 68.0 1239.0 353.0 -1 -1 -1 -1000 -1000 -1000 -10 0.0057373046875
Cyclist -1 -1 -10 1129.0 97.0 1242.0 375.0 -1 -1 -1 -1000 -1000 -1000 -10 0.005649566650390625
Cyclist -1 -1 -10 1138.0 113.0 1236.0 362.0 -1 -1 -1 -1000 -1000 -1000 -10 0.005645751953125
Pedestrian -1 -1 -10 1201.0 96.0 1242.0 360.0 -1 -1 -1 -1000 -1000 -1000 -10 0.00554656982421875
Pedestrian -1 -1 -10 856.0 159.0 875.0 213.0 -1 -1 -1 -1000 -1000 -1000 -10 0.005321502685546875
Cyclist -1 -1 -10 1173.0 48.0 1242.0 352.0 -1 -1 -1 -1000 -1000 -1000 -10 0.005031585693359375
Cyclist -1 -1 -10 802.0 161.0 836.0 222.0 -1 -1 -1 -1000 -1000 -1000 -10 0.00385284423828125
Cyclist -1 -1 -10 1129.0 130.0 1239.0 375.0 -1 -1 -1 -1000 -1000 -1000 -10 0.003215789794921875
Cyclist -1 -1 -10 1164.0 56.0 1239.0 338.0 -1 -1 -1 -1000 -1000 -1000 -10 0.0028095245361328125
Car -1 -1 -10 0.0 201.0 14.0 262.0 -1 -1 -1 -1000 -1000 -1000 -10 0.0024509429931640625
Cyclist -1 -1 -10 1146.0 91.0 1242.0 373.0 -1 -1 -1 -1000 -1000 -1000 -10 0.00243377685546875
Car -1 -1 -10 0.0 193.0 13.0 255.0 -1 -1 -1 -1000 -1000 -1000 -10 0.00179290771484375
Car -1 -1 -10 0.0 206.0 13.0 256.0 -1 -1 -1 -1000 -1000 -1000 -10 0.0016889572143554688
Car -1 -1 -10 0.0 194.0 16.0 259.0 -1 -1 -1 -1000 -1000 -1000 -10 0.0015611648559570312
Pedestrian -1 -1 -10 1200.0 56.0 1240.0 313.0 -1 -1 -1 -1000 -1000 -1000 -10 0.00142669677734375
Pedestrian -1 -1 -10 1211.0 52.0 1242.0 348.0 -1 -1 -1 -1000 -1000 -1000 -10 0.0013427734375
Car -1 -1 -10 0.0 199.0 12.0 249.0 -1 -1 -1 -1000 -1000 -1000 -10 0.0012578964233398438
Cyclist -1 -1 -10 796.0 159.0 829.0 227.0 -1 -1 -1 -1000 -1000 -1000 -10 0.0011272430419921875
Cyclist -1 -1 -10 1195.0 128.0 1242.0 375.0 -1 -1 -1 -1000 -1000 -1000 -10 0.0011091232299804688
Pedestrian -1 -1 -10 1172.0 101.0 1241.0 317.0 -1 -1 -1 -1000 -1000 -1000 -10 0.0010747909545898438
Cyclist -1 -1 -10 695.0 175.0 707.0 197.0 -1 -1 -1 -1000 -1000 -1000 -10 0.0010213851928710938
Car -1 -1 -10 0.0 209.0 14.0 269.0 -1 -1 -1 -1000 -1000 -1000 -10 0.0009965896606445312
Pedestrian -1 -1 -10 1158.0 105.0 1239.0 318.0 -1 -1 -1 -1000 -1000 -1000 -10 0.0009202957153320312
Pedestrian -1 -1 -10 1215.0 82.0 1242.0 318.0 -1 -1 -1 -1000 -1000 -1000 -10 0.0008959770202636719
Pedestrian -1 -1 -10 1225.0 108.0 1241.0 223.0 -1 -1 -1 -1000 -1000 -1000 -10 0.000713348388671875
Car -1 -1 -10 0.0 203.0 22.0 260.0 -1 -1 -1 -1000 -1000 -1000 -10 0.0006618499755859375
Cyclist -1 -1 -10 1198.0 170.0 1242.0 375.0 -1 -1 -1 -1000 -1000 -1000 -10 0.0006527900695800781
Car -1 -1 -10 1.0 214.0 13.0 264.0 -1 -1 -1 -1000 -1000 -1000 -10 0.000629425048828125
Pedestrian -1 -1 -10 1201.0 79.0 1240.0 290.0 -1 -1 -1 -1000 -1000 -1000 -10 0.00061798095703125
Car -1 -1 -10 0.0 204.0 19.0 260.0 -1 -1 -1 -1000 -1000 -1000 -10 0.0005736351013183594
Pedestrian -1 -1 -10 1229.0 121.0 1242.0 193.0 -1 -1 -1 -1000 -1000 -1000 -10 0.0005602836608886719
Cyclist -1 -1 -10 695.0 175.0 709.0 197.0 -1 -1 -1 -1000 -1000 -1000 -10 0.0005578994750976562
Pedestrian -1 -1 -10 1214.0 71.0 1242.0 292.0 -1 -1 -1 -1000 -1000 -1000 -10 0.0005450248718261719
Pedestrian -1 -1 -10 1220.0 92.0 1242.0 268.0 -1 -1 -1 -1000 -1000 -1000 -10 0.0005350112915039062
Cyclist -1 -1 -10 739.0 167.0 749.0 197.0 -1 -1 -1 -1000 -1000 -1000 -10 0.0004868507385253906
Car -1 -1 -10 0.0 195.0 18.0 253.0 -1 -1 -1 -1000 -1000 -1000 -10 0.0004649162292480469
Car -1 -1 -10 0.0 188.0 22.0 265.0 -1 -1 -1 -1000 -1000 -1000 -10 0.00045943260192871094
Car -1 -1 -10 0.0 183.0 12.0 249.0 -1 -1 -1 -1000 -1000 -1000 -10 0.0004451274871826172
Car -1 -1 -10 0.0 212.0 17.0 289.0 -1 -1 -1 -1000 -1000 -1000 -10 0.0004181861877441406
Pedestrian -1 -1 -10 853.0 169.0 869.0 219.0 -1 -1 -1 -1000 -1000 -1000 -10 0.0003948211669921875
Pedestrian -1 -1 -10 855.0 158.0 873.0 206.0 -1 -1 -1 -1000 -1000 -1000 -10 0.0003528594970703125
Pedestrian -1 -1 -10 948.0 161.0 963.0 204.0 -1 -1 -1 -1000 -1000 -1000 -10 0.00034880638122558594
Cyclist -1 -1 -10 1162.0 217.0 1241.0 363.0 -1 -1 -1 -1000 -1000 -1000 -10 0.0003483295440673828
Cyclist -1 -1 -10 1162.0 176.0 1239.0 300.0 -1 -1 -1 -1000 -1000 -1000 -10 0.0003147125244140625
Cyclist -1 -1 -10 811.0 161.0 860.0 219.0 -1 -1 -1 -1000 -1000 -1000 -10 0.0003135204315185547
Cyclist -1 -1 -10 1162.0 195.0 1241.0 333.0 -1 -1 -1 -1000 -1000 -1000 -10 0.0003120899200439453
Pedestrian -1 -1 -10 1219.0 94.0 1242.0 238.0 -1 -1 -1 -1000 -1000 -1000 -10 0.00030803680419921875
Car -1 -1 -10 0.0 216.0 14.0 281.0 -1 -1 -1 -1000 -1000 -1000 -10 0.0002834796905517578
Pedestrian -1 -1 -10 1223.0 117.0 1241.0 196.0 -1 -1 -1 -1000 -1000 -1000 -10 0.00026798248291015625
Pedestrian -1 -1 -10 1230.0 124.0 1241.0 207.0 -1 -1 -1 -1000 -1000 -1000 -10 0.00026226043701171875
Car -1 -1 -10 0.0 191.0 11.0 240.0 -1 -1 -1 -1000 -1000 -1000 -10 0.000255584716796875
Car -1 -1 -10 0.0 166.0 16.0 251.0 -1 -1 -1 -1000 -1000 -1000 -10 0.0002543926239013672
Pedestrian -1 -1 -10 1206.0 103.0 1239.0 227.0 -1 -1 -1 -1000 -1000 -1000 -10 0.00024509429931640625
Pedestrian -1 -1 -10 1204.0 90.0 1240.0 241.0 -1 -1 -1 -1000 -1000 -1000 -10 0.0002448558807373047
Pedestrian -1 -1 -10 1229.0 131.0 1242.0 182.0 -1 -1 -1 -1000 -1000 -1000 -10 0.00024211406707763672
Cyclist -1 -1 -10 734.0 168.0 754.0 203.0 -1 -1 -1 -1000 -1000 -1000 -10 0.0002409219741821289
Car -1 -1 -10 0.0 210.0 20.0 268.0 -1 -1 -1 -1000 -1000 -1000 -10 0.00022423267364501953
Pedestrian -1 -1 -10 946.0 160.0 963.0 203.0 -1 -1 -1 -1000 -1000 -1000 -10 0.0002155303955078125
Pedestrian -1 -1 -10 1211.0 97.0 1242.0 302.0 -1 -1 -1 -1000 -1000 -1000 -10 0.00020635128021240234
Pedestrian -1 -1 -10 1229.0 127.0 1242.0 221.0 -1 -1 -1 -1000 -1000 -1000 -10 0.0001926422119140625
Cyclist -1 -1 -10 730.0 171.0 743.0 198.0 -1 -1 -1 -1000 -1000 -1000 -10 0.0001894235610961914
Car -1 -1 -10 0.0 208.0 29.0 266.0 -1 -1 -1 -1000 -1000 -1000 -10 0.0001881122589111328
Pedestrian -1 -1 -10 1223.0 121.0 1241.0 208.0 -1 -1 -1 -1000 -1000 -1000 -10 0.00018715858459472656
Pedestrian -1 -1 -10 947.0 160.0 964.0 197.0 -1 -1 -1 -1000 -1000 -1000 -10 0.00018286705017089844
Cyclist -1 -1 -10 1135.0 123.0 1233.0 333.0 -1 -1 -1 -1000 -1000 -1000 -10 0.00015914440155029297
Pedestrian -1 -1 -10 874.0 161.0 891.0 213.0 -1 -1 -1 -1000 -1000 -1000 -10 0.0001556873321533203
Cyclist -1 -1 -10 695.0 174.0 708.0 200.0 -1 -1 -1 -1000 -1000 -1000 -10 0.0001538991928100586
Car -1 -1 -10 0.0 214.0 23.0 286.0 -1 -1 -1 -1000 -1000 -1000 -10 0.00015282630920410156
Car -1 -1 -10 0.0 224.0 13.0 273.0 -1 -1 -1 -1000 -1000 -1000 -10 0.00015115737915039062
Pedestrian -1 -1 -10 986.0 0.0 1054.0 1.0 -1 -1 -1 -1000 -1000 -1000 -10 0.00015020370483398438
Pedestrian -1 -1 -10 1214.0 99.0 1242.0 261.0 -1 -1 -1 -1000 -1000 -1000 -10 0.0001461505889892578
Pedestrian -1 -1 -10 1218.0 112.0 1241.0 219.0 -1 -1 -1 -1000 -1000 -1000 -10 0.00014519691467285156
Cyclist -1 -1 -10 701.0 171.0 717.0 196.0 -1 -1 -1 -1000 -1000 -1000 -10 0.00014388561248779297
Pedestrian -1 -1 -10 897.0 161.0 915.0 200.0 -1 -1 -1 -1000 -1000 -1000 -10 0.00014317035675048828
Car -1 -1 -10 0.0 246.0 23.0 357.0 -1 -1 -1 -1000 -1000 -1000 -10 0.0001417398452758789
Car -1 -1 -10 0.0 183.0 18.0 244.0 -1 -1 -1 -1000 -1000 -1000 -10 0.00014150142669677734
Pedestrian -1 -1 -10 1230.0 138.0 1242.0 191.0 -1 -1 -1 -1000 -1000 -1000 -10 0.00013947486877441406
Pedestrian -1 -1 -10 873.0 160.0 892.0 209.0 -1 -1 -1 -1000 -1000 -1000 -10 0.00013840198516845703
Cyclist -1 -1 -10 1120.0 50.0 1242.0 343.0 -1 -1 -1 -1000 -1000 -1000 -10 0.00013339519500732422
Pedestrian -1 -1 -10 1222.0 128.0 1241.0 200.0 -1 -1 -1 -1000 -1000 -1000 -10 0.00013256072998046875
Car -1 -1 -10 0.0 170.0 12.0 245.0 -1 -1 -1 -1000 -1000 -1000 -10 0.00013077259063720703
Pedestrian -1 -1 -10 1229.0 130.0 1242.0 201.0 -1 -1 -1 -1000 -1000 -1000 -10 0.00012922286987304688
Car -1 -1 -10 0.0 188.0 31.0 257.0 -1 -1 -1 -1000 -1000 -1000 -10 0.00012791156768798828
Pedestrian -1 -1 -10 890.0 161.0 907.0 203.0 -1 -1 -1 -1000 -1000 -1000 -10 0.00011843442916870117
Pedestrian -1 -1 -10 974.0 0.0 1034.0 2.0 -1 -1 -1 -1000 -1000 -1000 -10 0.0001169443130493164
Cyclist -1 -1 -10 1145.0 53.0 1242.0 346.0 -1 -1 -1 -1000 -1000 -1000 -10 0.00011563301086425781
Car -1 -1 -10 0.0 204.0 31.0 272.0 -1 -1 -1 -1000 -1000 -1000 -10 0.00011438131332397461
Car -1 -1 -10 0.0 229.0 19.0 338.0 -1 -1 -1 -1000 -1000 -1000 -10 0.00011414289474487305
Pedestrian -1 -1 -10 893.0 162.0 909.0 204.0 -1 -1 -1 -1000 -1000 -1000 -10 0.00011283159255981445
Pedestrian -1 -1 -10 1226.0 110.0 1242.0 187.0 -1 -1 -1 -1000 -1000 -1000 -10 0.00011265277862548828
Pedestrian -1 -1 -10 897.0 163.0 910.0 196.0 -1 -1 -1 -1000 -1000 -1000 -10 0.00010776519775390625
Pedestrian -1 -1 -10 1228.0 134.0 1242.0 215.0 -1 -1 -1 -1000 -1000 -1000 -10 0.00010669231414794922
Cyclist -1 -1 -10 1232.0 115.0 1242.0 181.0 -1 -1 -1 -1000 -1000 -1000 -10 0.00010520219802856445
Pedestrian -1 -1 -10 1219.0 127.0 1242.0 222.0 -1 -1 -1 -1000 -1000 -1000 -10 0.0001049041748046875
Pedestrian -1 -1 -10 933.0 0.0 955.0 3.0 -1 -1 -1 -1000 -1000 -1000 -10 0.00010454654693603516
