Car -1 -1 -10 1.0 1.0 265.0 365.0 -1 -1 -1 -1000 -1000 -1000 -10 0.96728515625
Pedestrian -1 -1 -10 1074.0 125.0 1224.0 366.0 -1 -1 -1 -1000 -1000 -1000 -10 0.916015625
Pedestrian -1 -1 -10 619.0 141.0 664.0 265.0 -1 -1 -1 -1000 -1000 -1000 -10 0.908203125
Pedestrian -1 -1 -10 453.0 140.0 483.0 238.0 -1 -1 -1 -1000 -1000 -1000 -10 0.9033203125
Pedestrian -1 -1 -10 557.0 140.0 595.0 239.0 -1 -1 -1 -1000 -1000 -1000 -10 0.8896484375
Pedestrian -1 -1 -10 274.0 136.0 310.0 254.0 -1 -1 -1 -1000 -1000 -1000 -10 0.8876953125
Pedestrian -1 -1 -10 673.0 134.0 720.0 262.0 -1 -1 -1 -1000 -1000 -1000 -10 0.86962890625
Pedestrian -1 -1 -10 586.0 139.0 621.0 237.0 -1 -1 -1 -1000 -1000 -1000 -10 0.83544921875
Pedestrian -1 -1 -10 508.0 137.0 539.0 233.0 -1 -1 -1 -1000 -1000 -1000 -10 0.8076171875
Pedestrian -1 -1 -10 484.0 148.0 510.0 233.0 -1 -1 -1 -1000 -1000 -1000 -10 0.74658203125
Pedestrian -1 -1 -10 543.0 148.0 569.0 233.0 -1 -1 -1 -1000 -1000 -1000 -10 0.6845703125
Pedestrian -1 -1 -10 531.0 140.0 556.0 216.0 -1 -1 -1 -1000 -1000 -1000 -10 0.6796875
Pedestrian -1 -1 -10 536.0 143.0 564.0 224.0 -1 -1 -1 -1000 -1000 -1000 -10 0.6181640625
Pedestrian -1 -1 -10 687.0 144.0 707.0 197.0 -1 -1 -1 -1000 -1000 -1000 -10 0.58349609375
Pedestrian -1 -1 -10 633.0 144.0 664.0 219.0 -1 -1 -1 -1000 -1000 -1000 -10 0.576171875
Pedestrian -1 -1 -10 520.0 138.0 551.0 223.0 -1 -1 -1 -1000 -1000 -1000 -10 0.54833984375
Pedestrian -1 -1 -10 681.0 143.0 707.0 201.0 -1 -1 -1 -1000 -1000 -1000 -10 0.546875
Pedestrian -1 -1 -10 628.0 142.0 665.0 238.0 -1 -1 -1 -1000 -1000 -1000 -10 0.515625
Pedestrian -1 -1 -10 617.0 141.0 660.0 243.0 -1 -1 -1 -1000 -1000 -1000 -10 0.47998046875
Pedestrian -1 -1 -10 504.0 139.0 537.0 232.0 -1 -1 -1 -1000 -1000 -1000 -10 0.47607421875
Pedestrian -1 -1 -10 677.0 143.0 706.0 205.0 -1 -1 -1 -1000 -1000 -1000 -10 0.45849609375
Pedestrian -1 -1 -10 624.0 142.0 666.0 249.0 -1 -1 -1 -1000 -1000 -1000 -10 0.448486328125
Pedestrian -1 -1 -10 593.0 142.0 651.0 245.0 -1 -1 -1 -1000 -1000 -1000 -10 0.4384765625
Pedestrian -1 -1 -10 527.0 140.0 551.0 217.0 -1 -1 -1 -1000 -1000 -1000 -10 0.4375
Pedestrian -1 -1 -10 683.0 143.0 703.0 197.0 -1 -1 -1 -1000 -1000 -1000 -10 0.4365234375
Pedestrian -1 -1 -10 672.0 133.0 709.0 243.0 -1 -1 -1 -1000 -1000 -1000 -10 0.425048828125
Pedestrian -1 -1 -10 409.0 145.0 430.0 208.0 -1 -1 -1 -1000 -1000 -1000 -10 0.41357421875
Pedestrian -1 -1 -10 676.0 134.0 717.0 249.0 -1 -1 -1 -1000 -1000 -1000 -10 0.39453125
Pedestrian -1 -1 -10 531.0 143.0 565.0 229.0 -1 -1 -1 -1000 -1000 -1000 -10 0.34521484375
Pedestrian -1 -1 -10 668.0 143.0 696.0 211.0 -1 -1 -1 -1000 -1000 -1000 -10 0.338623046875
Pedestrian -1 -1 -10 647.0 145.0 662.0 200.0 -1 -1 -1 -1000 -1000 -1000 -10 0.3369140625
Pedestrian -1 -1 -10 673.0 141.0 703.0 217.0 -1 -1 -1 -1000 -1000 -1000 -10 0.333251953125
Pedestrian -1 -1 -10 1102.0 131.0 1223.0 366.0 -1 -1 -1 -1000 -1000 -1000 -10 0.31982421875
Pedestrian -1 -1 -10 639.0 145.0 665.0 219.0 -1 -1 -1 -1000 -1000 -1000 -10 0.30859375
Pedestrian -1 -1 -10 687.0 145.0 712.0 206.0 -1 -1 -1 -1000 -1000 -1000 -10 0.29150390625
Pedestrian -1 -1 -10 486.0 143.0 514.0 227.0 -1 -1 -1 -1000 -1000 -1000 -10 0.25927734375
Pedestrian -1 -1 -10 642.0 144.0 661.0 200.0 -1 -1 -1 -1000 -1000 -1000 -10 0.256591796875
Pedestrian -1 -1 -10 634.0 135.0 717.0 262.0 -1 -1 -1 -1000 -1000 -1000 -10 0.236083984375
Pedestrian -1 -1 -10 640.0 143.0 662.0 204.0 -1 -1 -1 -1000 -1000 -1000 -10 0.2279052734375
Pedestrian -1 -1 -10 681.0 144.0 701.0 200.0 -1 -1 -1 -1000 -1000 -1000 -10 0.221435546875
Pedestrian -1 -1 -10 665.0 137.0 715.0 254.0 -1 -1 -1 -1000 -1000 -1000 -10 0.193115234375
Pedestrian -1 -1 -10 671.0 144.0 696.0 205.0 -1 -1 -1 -1000 -1000 -1000 -10 0.16259765625
Pedestrian -1 -1 -10 613.0 142.0 649.0 236.0 -1 -1 -1 -1000 -1000 -1000 -10 0.1524658203125
Pedestrian -1 -1 -10 514.0 139.0 543.0 231.0 -1 -1 -1 -1000 -1000 -1000 -10 0.1524658203125
Pedestrian -1 -1 -10 674.0 145.0 693.0 201.0 -1 -1 -1 -1000 -1000 -1000 -10 0.1512451171875
Pedestrian -1 -1 -10 480.0 145.0 506.0 235.0 -1 -1 -1 -1000 -1000 -1000 -10 0.142578125
Pedestrian -1 -1 -10 618.0 142.0 657.0 223.0 -1 -1 -1 -1000 -1000 -1000 -10 0.13525390625
Pedestrian -1 -1 -10 636.0 144.0 667.0 227.0 -1 -1 -1 -1000 -1000 -1000 -10 0.1287841796875
Pedestrian -1 -1 -10 690.0 145.0 710.0 200.0 -1 -1 -1 -1000 -1000 -1000 -10 0.11676025390625
Pedestrian -1 -1 -10 595.0 142.0 625.0 235.0 -1 -1 -1 -1000 -1000 -1000 -10 0.1011962890625
Pedestrian -1 -1 -10 597.0 141.0 628.0 226.0 -1 -1 -1 -1000 -1000 -1000 -10 0.0955810546875
Pedestrian -1 -1 -10 599.0 141.0 638.0 229.0 -1 -1 -1 -1000 -1000 -1000 -10 0.08612060546875
Pedestrian -1 -1 -10 1144.0 136.0 1223.0 364.0 -1 -1 -1 -1000 -1000 -1000 -10 0.08154296875
Pedestrian -1 -1 -10 690.0 148.0 713.0 205.0 -1 -1 -1 -1000 -1000 -1000 -10 0.08123779296875
Pedestrian -1 -1 -10 674.0 147.0 701.0 208.0 -1 -1 -1 -1000 -1000 -1000 -10 0.08056640625
Pedestrian -1 -1 -10 532.0 146.0 556.0 209.0 -1 -1 -1 -1000 -1000 -1000 -10 0.07940673828125
Pedestrian -1 -1 -10 683.0 143.0 700.0 192.0 -1 -1 -1 -1000 -1000 -1000 -10 0.07916259765625
Pedestrian -1 -1 -10 678.0 143.0 703.0 202.0 -1 -1 -1 -1000 -1000 -1000 -10 0.07763671875
Pedestrian -1 -1 -10 668.0 139.0 699.0 229.0 -1 -1 -1 -1000 -1000 -1000 -10 0.06744384765625
Pedestrian -1 -1 -10 496.0 137.0 542.0 228.0 -1 -1 -1 -1000 -1000 -1000 -10 0.066162109375
Pedestrian -1 -1 -10 636.0 150.0 664.0 213.0 -1 -1 -1 -1000 -1000 -1000 -10 0.06475830078125
Pedestrian -1 -1 -10 406.0 143.0 428.0 207.0 -1 -1 -1 -1000 -1000 -1000 -10 0.051788330078125
Pedestrian -1 -1 -10 487.0 152.0 512.0 232.0 -1 -1 -1 -1000 -1000 -1000 -10 0.047576904296875
Pedestrian -1 -1 -10 615.0 147.0 652.0 245.0 -1 -1 -1 -1000 -1000 -1000 -10 0.042999267578125
Pedestrian -1 -1 -10 506.0 139.0 574.0 231.0 -1 -1 -1 -1000 -1000 -1000 -10 0.035919189453125
Pedestrian -1 -1 -10 479.0 142.0 505.0 223.0 -1 -1 -1 -1000 -1000 -1000 -10 0.03509521484375
Pedestrian -1 -1 -10 1158.0 145.0 1224.0 367.0 -1 -1 -1 -1000 -1000 -1000 -10 0.03460693359375
Pedestrian -1 -1 -10 530.0 138.0 553.0 209.0 -1 -1 -1 -1000 -1000 -1000 -10 0.032318115234375
Pedestrian -1 -1 -10 552.0 143.0 586.0 229.0 -1 -1 -1 -1000 -1000 -1000 -10 0.03216552734375
Pedestrian -1 -1 -10 685.0 136.0 718.0 236.0 -1 -1 -1 -1000 -1000 -1000 -10 0.030029296875
Pedestrian -1 -1 -10 549.0 150.0 579.0 237.0 -1 -1 -1 -1000 -1000 -1000 -10 0.02557373046875
Pedestrian -1 -1 -10 528.0 145.0 551.0 209.0 -1 -1 -1 -1000 -1000 -1000 -10 0.0236358642578125
Pedestrian -1 -1 -10 541.0 156.0 565.0 232.0 -1 -1 -1 -1000 -1000 -1000 -10 0.0234375
Pedestrian -1 -1 -10 627.0 141.0 656.0 206.0 -1 -1 -1 -1000 -1000 -1000 -10 0.0232086181640625
Pedestrian -1 -1 -10 649.0 145.0 662.0 189.0 -1 -1 -1 -1000 -1000 -1000 -10 0.0194091796875
Pedestrian -1 -1 -10 655.0 145.0 678.0 212.0 -1 -1 -1 -1000 -1000 -1000 -10 0.0179595947265625
Pedestrian -1 -1 -10 584.0 146.0 617.0 237.0 -1 -1 -1 -1000 -1000 -1000 -10 0.0178985595703125
Pedestrian -1 -1 -10 1182.0 143.0 1224.0 365.0 -1 -1 -1 -1000 -1000 -1000 -10 0.01776123046875
Pedestrian -1 -1 -10 486.0 143.0 511.0 208.0 -1 -1 -1 -1000 -1000 -1000 -10 0.0176849365234375
Pedestrian -1 -1 -10 280.0 136.0 313.0 257.0 -1 -1 -1 -1000 -1000 -1000 -10 0.0172882080078125
Pedestrian -1 -1 -10 565.0 139.0 601.0 232.0 -1 -1 -1 -1000 -1000 -1000 -10 0.016387939453125
Pedestrian -1 -1 -10 655.0 145.0 667.0 197.0 -1 -1 -1 -1000 -1000 -1000 -10 0.016082763671875
Pedestrian -1 -1 -10 484.0 153.0 509.0 217.0 -1 -1 -1 -1000 -1000 -1000 -10 0.015655517578125
Pedestrian -1 -1 -10 665.0 137.0 701.0 253.0 -1 -1 -1 -1000 -1000 -1000 -10 0.0152740478515625
Pedestrian -1 -1 -10 644.0 142.0 665.0 202.0 -1 -1 -1 -1000 -1000 -1000 -10 0.014678955078125
Pedestrian -1 -1 -10 485.0 160.0 508.0 225.0 -1 -1 -1 -1000 -1000 -1000 -10 0.0134735107421875
Pedestrian -1 -1 -10 450.0 144.0 477.0 235.0 -1 -1 -1 -1000 -1000 -1000 -10 0.01282501220703125
Pedestrian -1 -1 -10 1193.0 132.0 1224.0 361.0 -1 -1 -1 -1000 -1000 -1000 -10 0.01050567626953125
Pedestrian -1 -1 -10 545.0 160.0 568.0 225.0 -1 -1 -1 -1000 -1000 -1000 -10 0.01039886474609375
Pedestrian -1 -1 -10 653.0 145.0 669.0 199.0 -1 -1 -1 -1000 -1000 -1000 -10 0.01039886474609375
Pedestrian -1 -1 -10 449.0 141.0 488.0 235.0 -1 -1 -1 -1000 -1000 -1000 -10 0.01003265380859375
Pedestrian -1 -1 -10 488.0 142.0 513.0 206.0 -1 -1 -1 -1000 -1000 -1000 -10 0.00975799560546875
Pedestrian -1 -1 -10 634.0 146.0 669.0 246.0 -1 -1 -1 -1000 -1000 -1000 -10 0.0092315673828125
Pedestrian -1 -1 -10 540.0 153.0 564.0 218.0 -1 -1 -1 -1000 -1000 -1000 -10 0.009185791015625
Pedestrian -1 -1 -10 657.0 148.0 676.0 207.0 -1 -1 -1 -1000 -1000 -1000 -10 0.00897979736328125
Pedestrian -1 -1 -10 488.0 151.0 513.0 216.0 -1 -1 -1 -1000 -1000 -1000 -10 0.00897979736328125
Pedestrian -1 -1 -10 501.0 139.0 531.0 216.0 -1 -1 -1 -1000 -1000 -1000 -10 0.00890350341796875
Pedestrian -1 -1 -10 619.0 149.0 657.0 213.0 -1 -1 -1 -1000 -1000 -1000 -10 0.007274627685546875
Pedestrian -1 -1 -10 694.0 148.0 715.0 206.0 -1 -1 -1 -1000 -1000 -1000 -10 0.00724029541015625
Pedestrian -1 -1 -10 546.0 139.0 600.0 238.0 -1 -1 -1 -1000 -1000 -1000 -10 0.007228851318359375
Pedestrian -1 -1 -10 554.0 139.0 604.0 236.0 -1 -1 -1 -1000 -1000 -1000 -10 0.006847381591796875
Pedestrian -1 -1 -10 630.0 155.0 664.0 220.0 -1 -1 -1 -1000 -1000 -1000 -10 0.006183624267578125
Pedestrian -1 -1 -10 603.0 149.0 631.0 236.0 -1 -1 -1 -1000 -1000 -1000 -10 0.00568389892578125
Pedestrian -1 -1 -10 487.0 155.0 512.0 221.0 -1 -1 -1 -1000 -1000 -1000 -10 0.00542449951171875
Pedestrian -1 -1 -10 653.0 144.0 679.0 225.0 -1 -1 -1 -1000 -1000 -1000 -10 0.00531768798828125
Pedestrian -1 -1 -10 459.0 138.0 502.0 236.0 -1 -1 -1 -1000 -1000 -1000 -10 0.00496673583984375
Pedestrian -1 -1 -10 687.0 154.0 718.0 215.0 -1 -1 -1 -1000 -1000 -1000 -10 0.004940032958984375
Pedestrian -1 -1 -10 674.0 144.0 690.0 192.0 -1 -1 -1 -1000 -1000 -1000 -10 0.004901885986328125
Pedestrian -1 -1 -10 678.0 139.0 722.0 254.0 -1 -1 -1 -1000 -1000 -1000 -10 0.0042877197265625
Pedestrian -1 -1 -10 1114.0 156.0 1224.0 363.0 -1 -1 -1 -1000 -1000 -1000 -10 0.0042724609375
Pedestrian -1 -1 -10 688.0 137.0 722.0 253.0 -1 -1 -1 -1000 -1000 -1000 -10 0.0039520263671875
Pedestrian -1 -1 -10 514.0 151.0 539.0 232.0 -1 -1 -1 -1000 -1000 -1000 -10 0.0038509368896484375
Pedestrian -1 -1 -10 1189.0 161.0 1224.0 368.0 -1 -1 -1 -1000 -1000 -1000 -10 0.0037555694580078125
Pedestrian -1 -1 -10 679.0 156.0 715.0 220.0 -1 -1 -1 -1000 -1000 -1000 -10 0.0033359527587890625
Pedestrian -1 -1 -10 485.0 138.0 549.0 229.0 -1 -1 -1 -1000 -1000 -1000 -10 0.003238677978515625
Pedestrian -1 -1 -10 644.0 144.0 659.0 189.0 -1 -1 -1 -1000 -1000 -1000 -10 0.0031948089599609375
Pedestrian -1 -1 -10 596.0 141.0 623.0 209.0 -1 -1 -1 -1000 -1000 -1000 -10 0.0029888153076171875
Pedestrian -1 -1 -10 619.0 157.0 658.0 222.0 -1 -1 -1 -1000 -1000 -1000 -10 0.002948760986328125
Pedestrian -1 -1 -10 673.0 153.0 708.0 218.0 -1 -1 -1 -1000 -1000 -1000 -10 0.0028324127197265625
Pedestrian -1 -1 -10 568.0 144.0 601.0 241.0 -1 -1 -1 -1000 -1000 -1000 -10 0.0027980804443359375
Pedestrian -1 -1 -10 517.0 155.0 541.0 231.0 -1 -1 -1 -1000 -1000 -1000 -10 0.002777099609375
Pedestrian -1 -1 -10 599.0 141.0 627.0 208.0 -1 -1 -1 -1000 -1000 -1000 -10 0.0026874542236328125
Pedestrian -1 -1 -10 407.0 148.0 428.0 214.0 -1 -1 -1 -1000 -1000 -1000 -10 0.0021610260009765625
Pedestrian -1 -1 -10 480.0 149.0 504.0 212.0 -1 -1 -1 -1000 -1000 -1000 -10 0.0021305084228515625
Pedestrian -1 -1 -10 594.0 131.0 741.0 269.0 -1 -1 -1 -1000 -1000 -1000 -10 0.00196075439453125
Pedestrian -1 -1 -10 616.0 140.0 644.0 211.0 -1 -1 -1 -1000 -1000 -1000 -10 0.0019006729125976562
Pedestrian -1 -1 -10 539.0 143.0 560.0 208.0 -1 -1 -1 -1000 -1000 -1000 -10 0.0018510818481445312
Pedestrian -1 -1 -10 266.0 131.0 307.0 253.0 -1 -1 -1 -1000 -1000 -1000 -10 0.0017461776733398438
Pedestrian -1 -1 -10 589.0 154.0 621.0 220.0 -1 -1 -1 -1000 -1000 -1000 -10 0.0016145706176757812
Pedestrian -1 -1 -10 503.0 145.0 529.0 207.0 -1 -1 -1 -1000 -1000 -1000 -10 0.0015716552734375
Pedestrian -1 -1 -10 651.0 145.0 680.0 245.0 -1 -1 -1 -1000 -1000 -1000 -10 0.0015172958374023438
Pedestrian -1 -1 -10 615.0 151.0 654.0 257.0 -1 -1 -1 -1000 -1000 -1000 -10 0.0014486312866210938
Pedestrian -1 -1 -10 444.0 142.0 485.0 233.0 -1 -1 -1 -1000 -1000 -1000 -10 0.0014486312866210938
Pedestrian -1 -1 -10 644.0 126.0 771.0 267.0 -1 -1 -1 -1000 -1000 -1000 -10 0.0014047622680664062
Pedestrian -1 -1 -10 598.0 143.0 621.0 203.0 -1 -1 -1 -1000 -1000 -1000 -10 0.00140380859375
Pedestrian -1 -1 -10 631.0 149.0 670.0 262.0 -1 -1 -1 -1000 -1000 -1000 -10 0.0013399124145507812
Pedestrian -1 -1 -10 599.0 150.0 627.0 214.0 -1 -1 -1 -1000 -1000 -1000 -10 0.0012540817260742188
Pedestrian -1 -1 -10 508.0 150.0 538.0 216.0 -1 -1 -1 -1000 -1000 -1000 -10 0.0011777877807617188
Pedestrian -1 -1 -10 694.0 143.0 708.0 192.0 -1 -1 -1 -1000 -1000 -1000 -10 0.0011644363403320312
Pedestrian -1 -1 -10 270.0 137.0 320.0 254.0 -1 -1 -1 -1000 -1000 -1000 -10 0.0010976791381835938
Pedestrian -1 -1 -10 505.0 138.0 534.0 206.0 -1 -1 -1 -1000 -1000 -1000 -10 0.0010385513305664062
Pedestrian -1 -1 -10 614.0 149.0 646.0 214.0 -1 -1 -1 -1000 -1000 -1000 -10 0.0010356903076171875
Pedestrian -1 -1 -10 601.0 144.0 625.0 203.0 -1 -1 -1 -1000 -1000 -1000 -10 0.001010894775390625
Pedestrian -1 -1 -10 414.0 145.0 434.0 211.0 -1 -1 -1 -1000 -1000 -1000 -10 0.0010013580322265625
Pedestrian -1 -1 -10 481.0 156.0 505.0 221.0 -1 -1 -1 -1000 -1000 -1000 -10 0.0009655952453613281
Pedestrian -1 -1 -10 568.0 129.0 699.0 267.0 -1 -1 -1 -1000 -1000 -1000 -10 0.0008974075317382812
Pedestrian -1 -1 -10 587.0 152.0 619.0 242.0 -1 -1 -1 -1000 -1000 -1000 -10 0.0008692741394042969
Pedestrian -1 -1 -10 556.0 140.0 581.0 209.0 -1 -1 -1 -1000 -1000 -1000 -10 0.0008187294006347656
Pedestrian -1 -1 -10 1054.0 135.0 1197.0 370.0 -1 -1 -1 -1000 -1000 -1000 -10 0.0007624626159667969
Pedestrian -1 -1 -10 481.0 161.0 503.0 225.0 -1 -1 -1 -1000 -1000 -1000 -10 0.0007610321044921875
Pedestrian -1 -1 -10 453.0 155.0 483.0 221.0 -1 -1 -1 -1000 -1000 -1000 -10 0.0007176399230957031
Pedestrian -1 -1 -10 614.0 154.0 648.0 220.0 -1 -1 -1 -1000 -1000 -1000 -10 0.0006356239318847656
Pedestrian -1 -1 -10 506.0 152.0 530.0 231.0 -1 -1 -1 -1000 -1000 -1000 -10 0.0006113052368164062
Pedestrian -1 -1 -10 262.0 137.0 314.0 253.0 -1 -1 -1 -1000 -1000 -1000 -10 0.000606536865234375
Pedestrian -1 -1 -10 1200.0 125.0 1224.0 320.0 -1 -1 -1 -1000 -1000 -1000 -10 0.0006055831909179688
Pedestrian -1 -1 -10 278.0 133.0 310.0 243.0 -1 -1 -1 -1000 -1000 -1000 -10 0.0005970001220703125
Pedestrian -1 -1 -10 585.0 153.0 617.0 219.0 -1 -1 -1 -1000 -1000 -1000 -10 0.0005879402160644531
Pedestrian -1 -1 -10 643.0 155.0 706.0 263.0 -1 -1 -1 -1000 -1000 -1000 -10 0.0005316734313964844
Pedestrian -1 -1 -10 553.0 152.0 584.0 217.0 -1 -1 -1 -1000 -1000 -1000 -10 0.0005307197570800781
Pedestrian -1 -1 -10 1204.0 127.0 1224.0 270.0 -1 -1 -1 -1000 -1000 -1000 -10 0.0005297660827636719
Pedestrian -1 -1 -10 618.0 143.0 642.0 205.0 -1 -1 -1 -1000 -1000 -1000 -10 0.0005168914794921875
Pedestrian -1 -1 -10 512.0 144.0 538.0 208.0 -1 -1 -1 -1000 -1000 -1000 -10 0.0005030632019042969
Pedestrian -1 -1 -10 270.0 143.0 302.0 260.0 -1 -1 -1 -1000 -1000 -1000 -10 0.0005025863647460938
Pedestrian -1 -1 -10 518.0 161.0 541.0 225.0 -1 -1 -1 -1000 -1000 -1000 -10 0.0004925727844238281
Pedestrian -1 -1 -10 477.0 143.0 504.0 208.0 -1 -1 -1 -1000 -1000 -1000 -10 0.0004916191101074219
Pedestrian -1 -1 -10 1079.0 193.0 1221.0 278.0 -1 -1 -1 -1000 -1000 -1000 -10 0.0004684925079345703
Pedestrian -1 -1 -10 515.0 152.0 542.0 217.0 -1 -1 -1 -1000 -1000 -1000 -10 0.0004527568817138672
Pedestrian -1 -1 -10 1073.0 105.0 1209.0 349.0 -1 -1 -1 -1000 -1000 -1000 -10 0.00044727325439453125
Pedestrian -1 -1 -10 1206.0 118.0 1224.0 240.0 -1 -1 -1 -1000 -1000 -1000 -10 0.00042748451232910156
Pedestrian -1 -1 -10 461.0 151.0 486.0 242.0 -1 -1 -1 -1000 -1000 -1000 -10 0.00041985511779785156
Pedestrian -1 -1 -10 556.0 156.0 591.0 221.0 -1 -1 -1 -1000 -1000 -1000 -10 0.0004069805145263672
Pedestrian -1 -1 -10 1119.0 144.0 1224.0 368.0 -1 -1 -1 -1000 -1000 -1000 -10 0.0004019737243652344
Pedestrian -1 -1 -10 547.0 140.0 570.0 202.0 -1 -1 -1 -1000 -1000 -1000 -10 0.00040078163146972656
Pedestrian -1 -1 -10 1191.0 113.0 1224.0 334.0 -1 -1 -1 -1000 -1000 -1000 -10 0.0003952980041503906
Pedestrian -1 -1 -10 655.0 145.0 666.0 186.0 -1 -1 -1 -1000 -1000 -1000 -10 0.00038886070251464844
Pedestrian -1 -1 -10 584.0 141.0 613.0 209.0 -1 -1 -1 -1000 -1000 -1000 -10 0.0003807544708251953
Pedestrian -1 -1 -10 270.0 132.0 305.0 244.0 -1 -1 -1 -1000 -1000 -1000 -10 0.0003802776336669922
Pedestrian -1 -1 -10 455.0 138.0 513.0 236.0 -1 -1 -1 -1000 -1000 -1000 -10 0.0003714561462402344
Pedestrian -1 -1 -10 557.0 144.0 579.0 202.0 -1 -1 -1 -1000 -1000 -1000 -10 0.0003635883331298828
Pedestrian -1 -1 -10 444.0 141.0 504.0 240.0 -1 -1 -1 -1000 -1000 -1000 -10 0.0003635883331298828
Car -1 -1 -10 0.0 84.0 264.0 306.0 -1 -1 -1 -1000 -1000 -1000 -10 0.0003573894500732422
Pedestrian -1 -1 -10 1062.0 119.0 1219.0 334.0 -1 -1 -1 -1000 -1000 -1000 -10 0.0003533363342285156
Pedestrian -1 -1 -10 1060.0 148.0 1221.0 370.0 -1 -1 -1 -1000 -1000 -1000 -10 0.0003528594970703125
Pedestrian -1 -1 -10 666.0 152.0 699.0 255.0 -1 -1 -1 -1000 -1000 -1000 -10 0.00033473968505859375
Pedestrian -1 -1 -10 592.0 138.0 623.0 205.0 -1 -1 -1 -1000 -1000 -1000 -10 0.00032806396484375
Pedestrian -1 -1 -10 492.0 144.0 514.0 193.0 -1 -1 -1 -1000 -1000 -1000 -10 0.0002999305725097656
Pedestrian -1 -1 -10 402.0 147.0 421.0 206.0 -1 -1 -1 -1000 -1000 -1000 -10 0.0002911090850830078
Pedestrian -1 -1 -10 411.0 143.0 432.0 195.0 -1 -1 -1 -1000 -1000 -1000 -10 0.0002903938293457031
Pedestrian -1 -1 -10 1170.0 117.0 1224.0 330.0 -1 -1 -1 -1000 -1000 -1000 -10 0.0002894401550292969
Pedestrian -1 -1 -10 450.0 143.0 473.0 226.0 -1 -1 -1 -1000 -1000 -1000 -10 0.00028443336486816406
Pedestrian -1 -1 -10 527.0 141.0 548.0 197.0 -1 -1 -1 -1000 -1000 -1000 -10 0.00027298927307128906
Pedestrian -1 -1 -10 666.0 162.0 699.0 225.0 -1 -1 -1 -1000 -1000 -1000 -10 0.0002689361572265625
Pedestrian -1 -1 -10 1211.0 142.0 1223.0 261.0 -1 -1 -1 -1000 -1000 -1000 -10 0.0002658367156982422
Pedestrian -1 -1 -10 404.0 142.0 426.0 196.0 -1 -1 -1 -1000 -1000 -1000 -10 0.0002627372741699219
Pedestrian -1 -1 -10 560.0 139.0 592.0 212.0 -1 -1 -1 -1000 -1000 -1000 -10 0.0002624988555908203
Pedestrian -1 -1 -10 478.0 146.0 502.0 203.0 -1 -1 -1 -1000 -1000 -1000 -10 0.00025725364685058594
Pedestrian -1 -1 -10 670.0 140.0 729.0 274.0 -1 -1 -1 -1000 -1000 -1000 -10 0.00024890899658203125
Pedestrian -1 -1 -10 1195.0 122.0 1224.0 276.0 -1 -1 -1 -1000 -1000 -1000 -10 0.0002453327178955078
Pedestrian -1 -1 -10 651.0 141.0 660.0 176.0 -1 -1 -1 -1000 -1000 -1000 -10 0.00024330615997314453
Pedestrian -1 -1 -10 596.0 154.0 625.0 219.0 -1 -1 -1 -1000 -1000 -1000 -10 0.0002377033233642578
Pedestrian -1 -1 -10 549.0 172.0 567.0 230.0 -1 -1 -1 -1000 -1000 -1000 -10 0.0002321004867553711
Pedestrian -1 -1 -10 1197.0 216.0 1224.0 367.0 -1 -1 -1 -1000 -1000 -1000 -10 0.00023162364959716797
Pedestrian -1 -1 -10 519.0 125.0 660.0 260.0 -1 -1 -1 -1000 -1000 -1000 -10 0.00022602081298828125
Pedestrian -1 -1 -10 586.0 145.0 612.0 202.0 -1 -1 -1 -1000 -1000 -1000 -10 0.00022089481353759766
Pedestrian -1 -1 -10 541.0 139.0 574.0 204.0 -1 -1 -1 -1000 -1000 -1000 -10 0.00021255016326904297
Pedestrian -1 -1 -10 636.0 163.0 667.0 226.0 -1 -1 -1 -1000 -1000 -1000 -10 0.00021147727966308594
Pedestrian -1 -1 -10 1210.0 151.0 1224.0 271.0 -1 -1 -1 -1000 -1000 -1000 -10 0.00021016597747802734
Pedestrian -1 -1 -10 404.0 146.0 424.0 217.0 -1 -1 -1 -1000 -1000 -1000 -10 0.00020635128021240234
Pedestrian -1 -1 -10 1211.0 119.0 1223.0 221.0 -1 -1 -1 -1000 -1000 -1000 -10 0.00020599365234375
Pedestrian -1 -1 -10 612.0 139.0 638.0 202.0 -1 -1 -1 -1000 -1000 -1000 -10 0.0002028942108154297
Pedestrian -1 -1 -10 616.0 162.0 651.0 227.0 -1 -1 -1 -1000 -1000 -1000 -10 0.00020015239715576172
Pedestrian -1 -1 -10 1211.0 135.0 1224.0 251.0 -1 -1 -1 -1000 -1000 -1000 -10 0.00019979476928710938
Pedestrian -1 -1 -10 686.0 138.0 697.0 178.0 -1 -1 -1 -1000 -1000 -1000 -10 0.00019860267639160156
Pedestrian -1 -1 -10 690.0 138.0 703.0 179.0 -1 -1 -1 -1000 -1000 -1000 -10 0.0001970529556274414
Pedestrian -1 -1 -10 547.0 168.0 567.0 234.0 -1 -1 -1 -1000 -1000 -1000 -10 0.0001939535140991211
Pedestrian -1 -1 -10 1109.0 124.0 1221.0 338.0 -1 -1 -1 -1000 -1000 -1000 -10 0.00019073486328125
Car -1 -1 -10 1.0 7.0 145.0 366.0 -1 -1 -1 -1000 -1000 -1000 -10 0.0001863241195678711
Pedestrian -1 -1 -10 479.0 126.0 631.0 256.0 -1 -1 -1 -1000 -1000 -1000 -10 0.00018298625946044922
Pedestrian -1 -1 -10 1197.0 135.0 1221.0 264.0 -1 -1 -1 -1000 -1000 -1000 -10 0.00017464160919189453
Pedestrian -1 -1 -10 549.0 160.0 579.0 226.0 -1 -1 -1 -1000 -1000 -1000 -10 0.00017392635345458984
Pedestrian -1 -1 -10 1168.0 111.0 1221.0 255.0 -1 -1 -1 -1000 -1000 -1000 -10 0.0001729726791381836
Pedestrian -1 -1 -10 538.0 164.0 559.0 231.0 -1 -1 -1 -1000 -1000 -1000 -10 0.0001728534698486328
Pedestrian -1 -1 -10 261.0 136.0 296.0 260.0 -1 -1 -1 -1000 -1000 -1000 -10 0.0001684427261352539
Car -1 -1 -10 52.0 0.0 273.0 370.0 -1 -1 -1 -1000 -1000 -1000 -10 0.00015914440155029297
Pedestrian -1 -1 -10 604.0 160.0 630.0 224.0 -1 -1 -1 -1000 -1000 -1000 -10 0.0001583099365234375
Pedestrian -1 -1 -10 1197.0 111.0 1224.0 249.0 -1 -1 -1 -1000 -1000 -1000 -10 0.000156402587890625
Pedestrian -1 -1 -10 441.0 144.0 467.0 227.0 -1 -1 -1 -1000 -1000 -1000 -10 0.0001494884490966797
Pedestrian -1 -1 -10 1190.0 214.0 1224.0 370.0 -1 -1 -1 -1000 -1000 -1000 -10 0.00014591217041015625
Pedestrian -1 -1 -10 436.0 142.0 470.0 232.0 -1 -1 -1 -1000 -1000 -1000 -10 0.00014257431030273438
Pedestrian -1 -1 -10 607.0 139.0 639.0 205.0 -1 -1 -1 -1000 -1000 -1000 -10 0.00014126300811767578
Pedestrian -1 -1 -10 1207.0 110.0 1224.0 212.0 -1 -1 -1 -1000 -1000 -1000 -10 0.00014030933380126953
Pedestrian -1 -1 -10 1070.0 124.0 1183.0 360.0 -1 -1 -1 -1000 -1000 -1000 -10 0.00013756752014160156
Pedestrian -1 -1 -10 533.0 139.0 554.0 199.0 -1 -1 -1 -1000 -1000 -1000 -10 0.0001354217529296875
Car -1 -1 -10 0.0 7.0 66.0 346.0 -1 -1 -1 -1000 -1000 -1000 -10 0.00013172626495361328
Pedestrian -1 -1 -10 1211.0 118.0 1223.0 206.0 -1 -1 -1 -1000 -1000 -1000 -10 0.0001304149627685547
Pedestrian -1 -1 -10 1212.0 126.0 1223.0 237.0 -1 -1 -1 -1000 -1000 -1000 -10 0.00012826919555664062
Pedestrian -1 -1 -10 567.0 137.0 594.0 200.0 -1 -1 -1 -1000 -1000 -1000 -10 0.0001277923583984375
Car -1 -1 -10 6.0 0.0 194.0 358.0 -1 -1 -1 -1000 -1000 -1000 -10 0.0001189112663269043
Pedestrian -1 -1 -10 399.0 141.0 421.0 197.0 -1 -1 -1 -1000 -1000 -1000 -10 0.00011718273162841797
Pedestrian -1 -1 -10 489.0 171.0 505.0 231.0 -1 -1 -1 -1000 -1000 -1000 -10 0.00011670589447021484
Pedestrian -1 -1 -10 433.0 141.0 479.0 217.0 -1 -1 -1 -1000 -1000 -1000 -10 0.00011545419692993164
Pedestrian -1 -1 -10 1176.0 125.0 1223.0 270.0 -1 -1 -1 -1000 -1000 -1000 -10 0.00011295080184936523
Pedestrian -1 -1 -10 516.0 159.0 538.0 224.0 -1 -1 -1 -1000 -1000 -1000 -10 0.0001087188720703125
Car -1 -1 -10 0.0 134.0 23.0 350.0 -1 -1 -1 -1000 -1000 -1000 -10 0.0001080632209777832
Pedestrian -1 -1 -10 570.0 141.0 600.0 209.0 -1 -1 -1 -1000 -1000 -1000 -10 0.00010699033737182617
Pedestrian -1 -1 -10 631.0 142.0 650.0 192.0 -1 -1 -1 -1000 -1000 -1000 -10 0.00010442733764648438
Pedestrian -1 -1 -10 231.0 119.0 374.0 275.0 -1 -1 -1 -1000 -1000 -1000 -10 0.00010085105895996094
