Pedestrian -1 -1 -10 990.0 156.0 1054.0 293.0 -1 -1 -1 -1000 -1000 -1000 -10 0.88330078125
Pedestrian -1 -1 -10 974.0 152.0 1088.0 295.0 -1 -1 -1 -1000 -1000 -1000 -10 0.0009145736694335938
Pedestrian -1 -1 -10 956.0 151.0 1070.0 294.0 -1 -1 -1 -1000 -1000 -1000 -10 0.0008196830749511719
Car -1 -1 -10 717.0 53.0 736.0 67.0 -1 -1 -1 -1000 -1000 -1000 -10 0.0006380081176757812
Car -1 -1 -10 713.0 52.0 740.0 68.0 -1 -1 -1 -1000 -1000 -1000 -10 0.00046372413635253906
Pedestrian -1 -1 -10 989.0 154.0 1038.0 290.0 -1 -1 -1 -1000 -1000 -1000 -10 0.0002532005310058594
Pedestrian -1 -1 -10 988.0 161.0 1057.0 276.0 -1 -1 -1 -1000 -1000 -1000 -10 0.00017905235290527344
Car -1 -1 -10 715.0 51.0 736.0 67.0 -1 -1 -1 -1000 -1000 -1000 -10 0.00014102458953857422
Pedestrian -1 -1 -10 1001.0 158.0 1063.0 287.0 -1 -1 -1 -1000 -1000 -1000 -10 0.00012505054473876953
Car -1 -1 -10 711.0 50.0 740.0 67.0 -1 -1 -1 -1000 -1000 -1000 -10 0.00011211633682250977
