Car -1 -1 -10 831.0 197.0 1239.0 373.0 -1 -1 -1 -1000 -1000 -1000 -10 0.97412109375
Car -1 -1 -10 700.0 170.0 822.0 270.0 -1 -1 -1 -1000 -1000 -1000 -10 0.96044921875
Car -1 -1 -10 98.0 178.0 384.0 275.0 -1 -1 -1 -1000 -1000 -1000 -10 0.94287109375
Car -1 -1 -10 656.0 180.0 706.0 219.0 -1 -1 -1 -1000 -1000 -1000 -10 0.93896484375
Car -1 -1 -10 626.0 175.0 649.0 192.0 -1 -1 -1 -1000 -1000 -1000 -10 0.9287109375
Car -1 -1 -10 459.0 163.0 535.0 198.0 -1 -1 -1 -1000 -1000 -1000 -10 0.91796875
Car -1 -1 -10 230.0 165.0 411.0 251.0 -1 -1 -1 -1000 -1000 -1000 -10 0.89599609375
Car -1 -1 -10 361.0 179.0 487.0 227.0 -1 -1 -1 -1000 -1000 -1000 -10 0.88916015625
Car -1 -1 -10 289.0 182.0 424.0 236.0 -1 -1 -1 -1000 -1000 -1000 -10 0.86376953125
Car -1 -1 -10 397.0 171.0 507.0 219.0 -1 -1 -1 -1000 -1000 -1000 -10 0.85400390625
Car -1 -1 -10 212.0 173.0 414.0 257.0 -1 -1 -1 -1000 -1000 -1000 -10 0.7763671875
Cyclist -1 -1 -10 574.0 172.0 581.0 190.0 -1 -1 -1 -1000 -1000 -1000 -10 0.771484375
Car -1 -1 -10 264.0 172.0 414.0 239.0 -1 -1 -1 -1000 -1000 -1000 -10 0.685546875
Car -1 -1 -10 387.0 176.0 498.0 221.0 -1 -1 -1 -1000 -1000 -1000 -10 0.6767578125
Car -1 -1 -10 410.0 172.0 510.0 215.0 -1 -1 -1 -1000 -1000 -1000 -10 0.400146484375
Car -1 -1 -10 309.0 181.0 481.0 229.0 -1 -1 -1 -1000 -1000 -1000 -10 0.3740234375
Car -1 -1 -10 454.0 166.0 526.0 201.0 -1 -1 -1 -1000 -1000 -1000 -10 0.317138671875
Car -1 -1 -10 245.0 164.0 404.0 238.0 -1 -1 -1 -1000 -1000 -1000 -10 0.257568359375
Car -1 -1 -10 420.0 173.0 514.0 211.0 -1 -1 -1 -1000 -1000 -1000 -10 0.2364501953125
Car -1 -1 -10 278.0 177.0 424.0 241.0 -1 -1 -1 -1000 -1000 -1000 -10 0.2213134765625
Car -1 -1 -10 442.0 172.0 520.0 207.0 -1 -1 -1 -1000 -1000 -1000 -10 0.1341552734375
Car -1 -1 -10 247.0 167.0 396.0 252.0 -1 -1 -1 -1000 -1000 -1000 -10 0.11767578125
Car -1 -1 -10 446.0 162.0 528.0 204.0 -1 -1 -1 -1000 -1000 -1000 -10 0.05487060546875
Car -1 -1 -10 0.0 180.0 57.0 285.0 -1 -1 -1 -1000 -1000 -1000 -10 0.03900146484375
Car -1 -1 -10 0.0 180.0 34.0 282.0 -1 -1 -1 -1000 -1000 -1000 -10 0.03125
Car -1 -1 -10 430.0 170.0 515.0 208.0 -1 -1 -1 -1000 -1000 -1000 -10 0.03033447265625
Car -1 -1 -10 0.0 176.0 50.0 278.0 -1 -1 -1 -1000 -1000 -1000 -10 0.0285491943359375
Cyclist -1 -1 -10 576.0 172.0 582.0 188.0 -1 -1 -1 -1000 -1000 -1000 -10 0.027069091796875
Car -1 -1 -10 290.0 188.0 428.0 242.0 -1 -1 -1 -1000 -1000 -1000 -10 0.026336669921875
Cyclist -1 -1 -10 569.0 171.0 577.0 189.0 -1 -1 -1 -1000 -1000 -1000 -10 0.0217132568359375
Car -1 -1 -10 295.0 178.0 422.0 227.0 -1 -1 -1 -1000 -1000 -1000 -10 0.0185394287109375
Car -1 -1 -10 0.0 171.0 65.0 282.0 -1 -1 -1 -1000 -1000 -1000 -10 0.0158538818359375
Car -1 -1 -10 391.0 170.0 496.0 214.0 -1 -1 -1 -1000 -1000 -1000 -10 0.015655517578125
Car -1 -1 -10 0.0 181.0 31.0 269.0 -1 -1 -1 -1000 -1000 -1000 -10 0.015625
Car -1 -1 -10 156.0 177.0 406.0 264.0 -1 -1 -1 -1000 -1000 -1000 -10 0.01381683349609375
Car -1 -1 -10 0.0 177.0 28.0 259.0 -1 -1 -1 -1000 -1000 -1000 -10 0.00970458984375
Car -1 -1 -10 231.0 171.0 395.0 245.0 -1 -1 -1 -1000 -1000 -1000 -10 0.009552001953125
Car -1 -1 -10 1.0 167.0 45.0 268.0 -1 -1 -1 -1000 -1000 -1000 -10 0.00914764404296875
Car -1 -1 -10 403.0 174.0 484.0 217.0 -1 -1 -1 -1000 -1000 -1000 -10 0.00894927978515625
Car -1 -1 -10 0.0 174.0 77.0 278.0 -1 -1 -1 -1000 -1000 -1000 -10 0.0083465576171875
Car -1 -1 -10 281.0 171.0 415.0 231.0 -1 -1 -1 -1000 -1000 -1000 -10 0.00792694091796875
Car -1 -1 -10 0.0 163.0 25.0 263.0 -1 -1 -1 -1000 -1000 -1000 -10 0.0079193115234375
Car -1 -1 -10 308.0 183.0 431.0 233.0 -1 -1 -1 -1000 -1000 -1000 -10 0.007312774658203125
Car -1 -1 -10 382.0 182.0 497.0 225.0 -1 -1 -1 -1000 -1000 -1000 -10 0.006954193115234375
Car -1 -1 -10 416.0 172.0 497.0 213.0 -1 -1 -1 -1000 -1000 -1000 -10 0.005489349365234375
Car -1 -1 -10 233.0 155.0 411.0 261.0 -1 -1 -1 -1000 -1000 -1000 -10 0.005466461181640625
Car -1 -1 -10 269.0 187.0 423.0 245.0 -1 -1 -1 -1000 -1000 -1000 -10 0.00531768798828125
Car -1 -1 -10 0.0 155.0 50.0 270.0 -1 -1 -1 -1000 -1000 -1000 -10 0.005069732666015625
Car -1 -1 -10 428.0 175.0 507.0 214.0 -1 -1 -1 -1000 -1000 -1000 -10 0.004932403564453125
Car -1 -1 -10 237.0 180.0 405.0 255.0 -1 -1 -1 -1000 -1000 -1000 -10 0.00492095947265625
Car -1 -1 -10 377.0 173.0 486.0 218.0 -1 -1 -1 -1000 -1000 -1000 -10 0.00455474853515625
Car -1 -1 -10 1.0 166.0 63.0 268.0 -1 -1 -1 -1000 -1000 -1000 -10 0.0043792724609375
Car -1 -1 -10 405.0 176.0 511.0 222.0 -1 -1 -1 -1000 -1000 -1000 -10 0.0033054351806640625
Cyclist -1 -1 -10 573.0 171.0 582.0 190.0 -1 -1 -1 -1000 -1000 -1000 -10 0.0032558441162109375
Car -1 -1 -10 0.0 181.0 19.0 266.0 -1 -1 -1 -1000 -1000 -1000 -10 0.0026988983154296875
Car -1 -1 -10 1.0 193.0 42.0 256.0 -1 -1 -1 -1000 -1000 -1000 -10 0.0024623870849609375
Car -1 -1 -10 397.0 175.0 476.0 218.0 -1 -1 -1 -1000 -1000 -1000 -10 0.002407073974609375
Cyclist -1 -1 -10 558.0 172.0 566.0 190.0 -1 -1 -1 -1000 -1000 -1000 -10 0.0023479461669921875
Car -1 -1 -10 0.0 182.0 69.0 295.0 -1 -1 -1 -1000 -1000 -1000 -10 0.0022182464599609375
Car -1 -1 -10 466.0 168.0 516.0 199.0 -1 -1 -1 -1000 -1000 -1000 -10 0.0020751953125
Car -1 -1 -10 0.0 166.0 15.0 253.0 -1 -1 -1 -1000 -1000 -1000 -10 0.0020389556884765625
Car -1 -1 -10 0.0 182.0 29.0 312.0 -1 -1 -1 -1000 -1000 -1000 -10 0.0020313262939453125
Car -1 -1 -10 1.0 186.0 41.0 247.0 -1 -1 -1 -1000 -1000 -1000 -10 0.0019245147705078125
Car -1 -1 -10 655.0 181.0 699.0 217.0 -1 -1 -1 -1000 -1000 -1000 -10 0.0018444061279296875
Car -1 -1 -10 350.0 178.0 481.0 222.0 -1 -1 -1 -1000 -1000 -1000 -10 0.0016727447509765625
Car -1 -1 -10 370.0 187.0 487.0 231.0 -1 -1 -1 -1000 -1000 -1000 -10 0.0016088485717773438
Car -1 -1 -10 0.0 193.0 30.0 255.0 -1 -1 -1 -1000 -1000 -1000 -10 0.0015783309936523438
Car -1 -1 -10 527.0 338.0 599.0 363.0 -1 -1 -1 -1000 -1000 -1000 -10 0.00150299072265625
Car -1 -1 -10 213.0 177.0 378.0 252.0 -1 -1 -1 -1000 -1000 -1000 -10 0.0014886856079101562
Car -1 -1 -10 440.0 176.0 515.0 211.0 -1 -1 -1 -1000 -1000 -1000 -10 0.0014801025390625
Cyclist -1 -1 -10 575.0 174.0 581.0 192.0 -1 -1 -1 -1000 -1000 -1000 -10 0.0014734268188476562
Car -1 -1 -10 1.0 180.0 59.0 313.0 -1 -1 -1 -1000 -1000 -1000 -10 0.001407623291015625
Car -1 -1 -10 0.0 183.0 21.0 279.0 -1 -1 -1 -1000 -1000 -1000 -10 0.0013027191162109375
Car -1 -1 -10 0.0 186.0 28.0 248.0 -1 -1 -1 -1000 -1000 -1000 -10 0.0012722015380859375
Car -1 -1 -10 651.0 167.0 712.0 232.0 -1 -1 -1 -1000 -1000 -1000 -10 0.001178741455078125
Cyclist -1 -1 -10 562.0 171.0 569.0 187.0 -1 -1 -1 -1000 -1000 -1000 -10 0.0011205673217773438
Car -1 -1 -10 659.0 177.0 710.0 214.0 -1 -1 -1 -1000 -1000 -1000 -10 0.0010042190551757812
Car -1 -1 -10 398.0 181.0 445.0 219.0 -1 -1 -1 -1000 -1000 -1000 -10 0.0009055137634277344
Cyclist -1 -1 -10 558.0 170.0 566.0 186.0 -1 -1 -1 -1000 -1000 -1000 -10 0.0008807182312011719
Car -1 -1 -10 458.0 160.0 533.0 194.0 -1 -1 -1 -1000 -1000 -1000 -10 0.0008192062377929688
Car -1 -1 -10 1.0 151.0 81.0 271.0 -1 -1 -1 -1000 -1000 -1000 -10 0.0007648468017578125
Cyclist -1 -1 -10 573.0 173.0 582.0 192.0 -1 -1 -1 -1000 -1000 -1000 -10 0.0007343292236328125
Car -1 -1 -10 0.0 135.0 20.0 245.0 -1 -1 -1 -1000 -1000 -1000 -10 0.0006952285766601562
Car -1 -1 -10 0.0 199.0 33.0 263.0 -1 -1 -1 -1000 -1000 -1000 -10 0.0006861686706542969
Car -1 -1 -10 394.0 163.0 515.0 229.0 -1 -1 -1 -1000 -1000 -1000 -10 0.0006623268127441406
Car -1 -1 -10 434.0 174.0 484.0 208.0 -1 -1 -1 -1000 -1000 -1000 -10 0.0006589889526367188
Car -1 -1 -10 539.0 336.0 594.0 360.0 -1 -1 -1 -1000 -1000 -1000 -10 0.0006351470947265625
Car -1 -1 -10 0.0 138.0 58.0 261.0 -1 -1 -1 -1000 -1000 -1000 -10 0.0006117820739746094
Car -1 -1 -10 458.0 173.0 508.0 203.0 -1 -1 -1 -1000 -1000 -1000 -10 0.0005974769592285156
Car -1 -1 -10 469.0 163.0 520.0 196.0 -1 -1 -1 -1000 -1000 -1000 -10 0.0005960464477539062
Car -1 -1 -10 1.0 198.0 45.0 263.0 -1 -1 -1 -1000 -1000 -1000 -10 0.0005950927734375
Car -1 -1 -10 0.0 192.0 19.0 253.0 -1 -1 -1 -1000 -1000 -1000 -10 0.0005745887756347656
Car -1 -1 -10 211.0 163.0 418.0 267.0 -1 -1 -1 -1000 -1000 -1000 -10 0.0005631446838378906
Car -1 -1 -10 0.0 175.0 83.0 329.0 -1 -1 -1 -1000 -1000 -1000 -10 0.0005335807800292969
Car -1 -1 -10 216.0 175.0 377.0 239.0 -1 -1 -1 -1000 -1000 -1000 -10 0.00052642822265625
Car -1 -1 -10 383.0 179.0 463.0 223.0 -1 -1 -1 -1000 -1000 -1000 -10 0.0005230903625488281
Car -1 -1 -10 383.0 165.0 503.0 231.0 -1 -1 -1 -1000 -1000 -1000 -10 0.0005097389221191406
Car -1 -1 -10 317.0 191.0 429.0 237.0 -1 -1 -1 -1000 -1000 -1000 -10 0.0004799365997314453
Car -1 -1 -10 256.0 188.0 423.0 253.0 -1 -1 -1 -1000 -1000 -1000 -10 0.00045680999755859375
Car -1 -1 -10 4.0 171.0 79.0 262.0 -1 -1 -1 -1000 -1000 -1000 -10 0.0004417896270751953
Cyclist -1 -1 -10 561.0 170.0 569.0 187.0 -1 -1 -1 -1000 -1000 -1000 -10 0.0004363059997558594
Car -1 -1 -10 425.0 175.0 475.0 210.0 -1 -1 -1 -1000 -1000 -1000 -10 0.00041985511779785156
Car -1 -1 -10 4.0 163.0 61.0 255.0 -1 -1 -1 -1000 -1000 -1000 -10 0.0004165172576904297
Car -1 -1 -10 0.0 185.0 18.0 247.0 -1 -1 -1 -1000 -1000 -1000 -10 0.0004124641418457031
Car -1 -1 -10 418.0 175.0 467.0 212.0 -1 -1 -1 -1000 -1000 -1000 -10 0.00040459632873535156
Car -1 -1 -10 445.0 174.0 495.0 206.0 -1 -1 -1 -1000 -1000 -1000 -10 0.0004012584686279297
Car -1 -1 -10 454.0 147.0 542.0 211.0 -1 -1 -1 -1000 -1000 -1000 -10 0.00039005279541015625
Car -1 -1 -10 312.0 177.0 393.0 231.0 -1 -1 -1 -1000 -1000 -1000 -10 0.00038313865661621094
Car -1 -1 -10 624.0 173.0 651.0 202.0 -1 -1 -1 -1000 -1000 -1000 -10 0.0003535747528076172
Car -1 -1 -10 531.0 338.0 602.0 360.0 -1 -1 -1 -1000 -1000 -1000 -10 0.0003361701965332031
Car -1 -1 -10 0.0 189.0 18.0 293.0 -1 -1 -1 -1000 -1000 -1000 -10 0.0003337860107421875
Car -1 -1 -10 0.0 124.0 28.0 256.0 -1 -1 -1 -1000 -1000 -1000 -10 0.00033354759216308594
Car -1 -1 -10 624.0 172.0 650.0 197.0 -1 -1 -1 -1000 -1000 -1000 -10 0.0003292560577392578
Car -1 -1 -10 582.0 140.0 752.0 269.0 -1 -1 -1 -1000 -1000 -1000 -10 0.00031495094299316406
Car -1 -1 -10 361.0 135.0 554.0 269.0 -1 -1 -1 -1000 -1000 -1000 -10 0.00031280517578125
Car -1 -1 -10 922.0 200.0 1233.0 372.0 -1 -1 -1 -1000 -1000 -1000 -10 0.00031280517578125
Car -1 -1 -10 602.0 130.0 763.0 245.0 -1 -1 -1 -1000 -1000 -1000 -10 0.00030159950256347656
Car -1 -1 -10 405.0 180.0 453.0 218.0 -1 -1 -1 -1000 -1000 -1000 -10 0.00030112266540527344
Car -1 -1 -10 80.0 183.0 332.0 272.0 -1 -1 -1 -1000 -1000 -1000 -10 0.0002923011779785156
Car -1 -1 -10 597.0 134.0 768.0 276.0 -1 -1 -1 -1000 -1000 -1000 -10 0.00027942657470703125
Car -1 -1 -10 451.0 155.0 552.0 223.0 -1 -1 -1 -1000 -1000 -1000 -10 0.00027060508728027344
Car -1 -1 -10 829.0 0.0 878.0 11.0 -1 -1 -1 -1000 -1000 -1000 -10 0.0002677440643310547
Car -1 -1 -10 535.0 334.0 595.0 364.0 -1 -1 -1 -1000 -1000 -1000 -10 0.0002663135528564453
Car -1 -1 -10 0.0 178.0 55.0 339.0 -1 -1 -1 -1000 -1000 -1000 -10 0.00026297569274902344
Car -1 -1 -10 0.0 177.0 25.0 241.0 -1 -1 -1 -1000 -1000 -1000 -10 0.0002522468566894531
Car -1 -1 -10 0.0 138.0 28.0 242.0 -1 -1 -1 -1000 -1000 -1000 -10 0.0002472400665283203
Car -1 -1 -10 2.0 119.0 46.0 263.0 -1 -1 -1 -1000 -1000 -1000 -10 0.00024580955505371094
Car -1 -1 -10 412.0 152.0 533.0 224.0 -1 -1 -1 -1000 -1000 -1000 -10 0.00024402141571044922
Car -1 -1 -10 535.0 338.0 608.0 363.0 -1 -1 -1 -1000 -1000 -1000 -10 0.00023698806762695312
Car -1 -1 -10 529.0 337.0 592.0 362.0 -1 -1 -1 -1000 -1000 -1000 -10 0.0002295970916748047
Car -1 -1 -10 344.0 137.0 526.0 253.0 -1 -1 -1 -1000 -1000 -1000 -10 0.00022304058074951172
Car -1 -1 -10 336.0 132.0 535.0 275.0 -1 -1 -1 -1000 -1000 -1000 -10 0.0002199411392211914
Car -1 -1 -10 248.0 162.0 440.0 267.0 -1 -1 -1 -1000 -1000 -1000 -10 0.00021970272064208984
Car -1 -1 -10 181.0 184.0 315.0 260.0 -1 -1 -1 -1000 -1000 -1000 -10 0.0002155303955078125
Car -1 -1 -10 626.0 172.0 653.0 199.0 -1 -1 -1 -1000 -1000 -1000 -10 0.00020706653594970703
Car -1 -1 -10 132.0 172.0 387.0 260.0 -1 -1 -1 -1000 -1000 -1000 -10 0.00019240379333496094
Car -1 -1 -10 0.0 199.0 19.0 262.0 -1 -1 -1 -1000 -1000 -1000 -10 0.0001913309097290039
Car -1 -1 -10 382.0 172.0 486.0 211.0 -1 -1 -1 -1000 -1000 -1000 -10 0.00018787384033203125
Car -1 -1 -10 69.0 178.0 366.0 281.0 -1 -1 -1 -1000 -1000 -1000 -10 0.00018584728240966797
Car -1 -1 -10 0.0 178.0 14.0 240.0 -1 -1 -1 -1000 -1000 -1000 -10 0.00018525123596191406
Pedestrian -1 -1 -10 54.0 80.0 79.0 109.0 -1 -1 -1 -1000 -1000 -1000 -10 0.0001842975616455078
Car -1 -1 -10 616.0 172.0 641.0 189.0 -1 -1 -1 -1000 -1000 -1000 -10 0.00018310546875
Car -1 -1 -10 256.0 157.0 433.0 254.0 -1 -1 -1 -1000 -1000 -1000 -10 0.00018262863159179688
Car -1 -1 -10 1.0 191.0 48.0 306.0 -1 -1 -1 -1000 -1000 -1000 -10 0.00017595291137695312
Car -1 -1 -10 542.0 339.0 601.0 362.0 -1 -1 -1 -1000 -1000 -1000 -10 0.00017273426055908203
Car -1 -1 -10 242.0 192.0 406.0 258.0 -1 -1 -1 -1000 -1000 -1000 -10 0.0001659393310546875
Car -1 -1 -10 419.0 105.0 589.0 243.0 -1 -1 -1 -1000 -1000 -1000 -10 0.00016450881958007812
Car -1 -1 -10 2.0 190.0 83.0 291.0 -1 -1 -1 -1000 -1000 -1000 -10 0.000164031982421875
Car -1 -1 -10 380.0 112.0 566.0 252.0 -1 -1 -1 -1000 -1000 -1000 -10 0.00015985965728759766
Car -1 -1 -10 59.0 85.0 84.0 107.0 -1 -1 -1 -1000 -1000 -1000 -10 0.00015616416931152344
Car -1 -1 -10 658.0 173.0 712.0 218.0 -1 -1 -1 -1000 -1000 -1000 -10 0.0001533031463623047
Pedestrian -1 -1 -10 437.0 0.0 457.0 3.0 -1 -1 -1 -1000 -1000 -1000 -10 0.0001474618911743164
Car -1 -1 -10 1233.0 157.0 1242.0 222.0 -1 -1 -1 -1000 -1000 -1000 -10 0.00014710426330566406
Car -1 -1 -10 2.0 178.0 41.0 240.0 -1 -1 -1 -1000 -1000 -1000 -10 0.0001424551010131836
Car -1 -1 -10 411.0 176.0 460.0 215.0 -1 -1 -1 -1000 -1000 -1000 -10 0.00014078617095947266
Car -1 -1 -10 2.0 149.0 87.0 245.0 -1 -1 -1 -1000 -1000 -1000 -10 0.00013840198516845703
Car -1 -1 -10 6.0 171.0 118.0 276.0 -1 -1 -1 -1000 -1000 -1000 -10 0.00013816356658935547
Car -1 -1 -10 1234.0 165.0 1242.0 213.0 -1 -1 -1 -1000 -1000 -1000 -10 0.00013720989227294922
Car -1 -1 -10 57.0 85.0 87.0 109.0 -1 -1 -1 -1000 -1000 -1000 -10 0.00013685226440429688
Car -1 -1 -10 0.0 159.0 121.0 288.0 -1 -1 -1 -1000 -1000 -1000 -10 0.00013649463653564453
Car -1 -1 -10 0.0 175.0 124.0 292.0 -1 -1 -1 -1000 -1000 -1000 -10 0.0001342296600341797
Car -1 -1 -10 0.0 180.0 66.0 343.0 -1 -1 -1 -1000 -1000 -1000 -10 0.0001342296600341797
Car -1 -1 -10 541.0 331.0 605.0 365.0 -1 -1 -1 -1000 -1000 -1000 -10 0.0001323223114013672
Car -1 -1 -10 1.0 153.0 25.0 238.0 -1 -1 -1 -1000 -1000 -1000 -10 0.0001245737075805664
Cyclist -1 -1 -10 568.0 171.0 578.0 189.0 -1 -1 -1 -1000 -1000 -1000 -10 0.0001232624053955078
Car -1 -1 -10 417.0 133.0 596.0 264.0 -1 -1 -1 -1000 -1000 -1000 -10 0.00012034177780151367
Car -1 -1 -10 618.0 170.0 632.0 183.0 -1 -1 -1 -1000 -1000 -1000 -10 0.00012034177780151367
Cyclist -1 -1 -10 556.0 172.0 567.0 190.0 -1 -1 -1 -1000 -1000 -1000 -10 0.00012034177780151367
Car -1 -1 -10 64.0 86.0 81.0 108.0 -1 -1 -1 -1000 -1000 -1000 -10 0.00011092424392700195
Car -1 -1 -10 396.0 185.0 443.0 223.0 -1 -1 -1 -1000 -1000 -1000 -10 0.00011086463928222656
Car -1 -1 -10 0.0 199.0 30.0 300.0 -1 -1 -1 -1000 -1000 -1000 -10 0.00011008977890014648
Car -1 -1 -10 6.0 177.0 100.0 271.0 -1 -1 -1 -1000 -1000 -1000 -10 0.00010663270950317383
Car -1 -1 -10 319.0 181.0 400.0 234.0 -1 -1 -1 -1000 -1000 -1000 -10 0.00010269880294799805
Car -1 -1 -10 611.0 169.0 622.0 181.0 -1 -1 -1 -1000 -1000 -1000 -10 0.0001010894775390625
Car -1 -1 -10 2.0 191.0 67.0 307.0 -1 -1 -1 -1000 -1000 -1000 -10 0.00010031461715698242
