Car -1 -1 -10 898.0 186.0 1241.0 373.0 -1 -1 -1 -1000 -1000 -1000 -10 0.96533203125
Car -1 -1 -10 748.0 194.0 990.0 368.0 -1 -1 -1 -1000 -1000 -1000 -10 0.9638671875
Car -1 -1 -10 0.0 163.0 250.0 309.0 -1 -1 -1 -1000 -1000 -1000 -10 0.96142578125
Car -1 -1 -10 407.0 171.0 521.0 264.0 -1 -1 -1 -1000 -1000 -1000 -10 0.95751953125
Car -1 -1 -10 565.0 168.0 595.0 192.0 -1 -1 -1 -1000 -1000 -1000 -10 0.93701171875
Car -1 -1 -10 640.0 177.0 676.0 205.0 -1 -1 -1 -1000 -1000 -1000 -10 0.927734375
Cyclist -1 -1 -10 507.0 170.0 554.0 305.0 -1 -1 -1 -1000 -1000 -1000 -10 0.90478515625
Car -1 -1 -10 489.0 181.0 559.0 230.0 -1 -1 -1 -1000 -1000 -1000 -10 0.8916015625
Car -1 -1 -10 499.0 181.0 556.0 236.0 -1 -1 -1 -1000 -1000 -1000 -10 0.515625
Car -1 -1 -10 506.0 169.0 557.0 275.0 -1 -1 -1 -1000 -1000 -1000 -10 0.059539794921875
Car -1 -1 -10 500.0 182.0 561.0 228.0 -1 -1 -1 -1000 -1000 -1000 -10 0.042694091796875
Cyclist -1 -1 -10 504.0 178.0 555.0 295.0 -1 -1 -1 -1000 -1000 -1000 -10 0.00997161865234375
Cyclist -1 -1 -10 513.0 182.0 555.0 298.0 -1 -1 -1 -1000 -1000 -1000 -10 0.003978729248046875
Car -1 -1 -10 508.0 185.0 559.0 234.0 -1 -1 -1 -1000 -1000 -1000 -10 0.0019521713256835938
Cyclist -1 -1 -10 510.0 185.0 558.0 232.0 -1 -1 -1 -1000 -1000 -1000 -10 0.0017108917236328125
Car -1 -1 -10 505.0 180.0 556.0 231.0 -1 -1 -1 -1000 -1000 -1000 -10 0.0016469955444335938
Cyclist -1 -1 -10 485.0 156.0 604.0 319.0 -1 -1 -1 -1000 -1000 -1000 -10 0.000942230224609375
Car -1 -1 -10 645.0 172.0 675.0 200.0 -1 -1 -1 -1000 -1000 -1000 -10 0.0008878707885742188
Car -1 -1 -10 58.0 168.0 181.0 298.0 -1 -1 -1 -1000 -1000 -1000 -10 0.0008563995361328125
Car -1 -1 -10 641.0 173.0 669.0 198.0 -1 -1 -1 -1000 -1000 -1000 -10 0.0008082389831542969
Car -1 -1 -10 494.0 171.0 569.0 257.0 -1 -1 -1 -1000 -1000 -1000 -10 0.0007991790771484375
Car -1 -1 -10 563.0 165.0 594.0 194.0 -1 -1 -1 -1000 -1000 -1000 -10 0.0007719993591308594
Car -1 -1 -10 802.0 197.0 928.0 358.0 -1 -1 -1 -1000 -1000 -1000 -10 0.0007715225219726562
Car -1 -1 -10 478.0 185.0 544.0 225.0 -1 -1 -1 -1000 -1000 -1000 -10 0.0006909370422363281
Car -1 -1 -10 0.0 186.0 22.0 338.0 -1 -1 -1 -1000 -1000 -1000 -10 0.0006461143493652344
Cyclist -1 -1 -10 508.0 191.0 556.0 250.0 -1 -1 -1 -1000 -1000 -1000 -10 0.00063323974609375
Cyclist -1 -1 -10 450.0 157.0 577.0 319.0 -1 -1 -1 -1000 -1000 -1000 -10 0.0006208419799804688
Car -1 -1 -10 484.0 173.0 562.0 236.0 -1 -1 -1 -1000 -1000 -1000 -10 0.00061798095703125
Car -1 -1 -10 495.0 183.0 546.0 225.0 -1 -1 -1 -1000 -1000 -1000 -10 0.0005311965942382812
Car -1 -1 -10 404.0 167.0 531.0 274.0 -1 -1 -1 -1000 -1000 -1000 -10 0.00046181678771972656
Car -1 -1 -10 565.0 171.0 594.0 193.0 -1 -1 -1 -1000 -1000 -1000 -10 0.0004570484161376953
Car -1 -1 -10 640.0 173.0 678.0 203.0 -1 -1 -1 -1000 -1000 -1000 -10 0.0004417896270751953
Car -1 -1 -10 474.0 186.0 543.0 231.0 -1 -1 -1 -1000 -1000 -1000 -10 0.0004374980926513672
Car -1 -1 -10 563.0 165.0 598.0 199.0 -1 -1 -1 -1000 -1000 -1000 -10 0.00041675567626953125
Car -1 -1 -10 540.0 173.0 565.0 193.0 -1 -1 -1 -1000 -1000 -1000 -10 0.0004074573516845703
Car -1 -1 -10 639.0 174.0 676.0 208.0 -1 -1 -1 -1000 -1000 -1000 -10 0.0003833770751953125
Car -1 -1 -10 0.0 188.0 24.0 361.0 -1 -1 -1 -1000 -1000 -1000 -10 0.00037932395935058594
Car -1 -1 -10 0.0 175.0 19.0 318.0 -1 -1 -1 -1000 -1000 -1000 -10 0.0002827644348144531
Car -1 -1 -10 643.0 175.0 675.0 201.0 -1 -1 -1 -1000 -1000 -1000 -10 0.0002727508544921875
Car -1 -1 -10 482.0 181.0 555.0 225.0 -1 -1 -1 -1000 -1000 -1000 -10 0.0002644062042236328
Car -1 -1 -10 811.0 202.0 942.0 361.0 -1 -1 -1 -1000 -1000 -1000 -10 0.0002524852752685547
Car -1 -1 -10 567.0 165.0 596.0 188.0 -1 -1 -1 -1000 -1000 -1000 -10 0.00024080276489257812
Car -1 -1 -10 435.0 143.0 598.0 257.0 -1 -1 -1 -1000 -1000 -1000 -10 0.0001995563507080078
Car -1 -1 -10 562.0 164.0 592.0 189.0 -1 -1 -1 -1000 -1000 -1000 -10 0.00019299983978271484
Cyclist -1 -1 -10 532.0 179.0 559.0 303.0 -1 -1 -1 -1000 -1000 -1000 -10 0.00019061565399169922
Car -1 -1 -10 0.0 200.0 15.0 329.0 -1 -1 -1 -1000 -1000 -1000 -10 0.00018644332885742188
Car -1 -1 -10 1221.0 195.0 1242.0 364.0 -1 -1 -1 -1000 -1000 -1000 -10 0.00017631053924560547
Car -1 -1 -10 638.0 168.0 662.0 192.0 -1 -1 -1 -1000 -1000 -1000 -10 0.00017321109771728516
Car -1 -1 -10 635.0 174.0 664.0 201.0 -1 -1 -1 -1000 -1000 -1000 -10 0.0001628398895263672
Car -1 -1 -10 0.0 175.0 24.0 316.0 -1 -1 -1 -1000 -1000 -1000 -10 0.00016129016876220703
Cyclist -1 -1 -10 516.0 176.0 561.0 259.0 -1 -1 -1 -1000 -1000 -1000 -10 0.00015974044799804688
Car -1 -1 -10 555.0 171.0 579.0 191.0 -1 -1 -1 -1000 -1000 -1000 -10 0.00015628337860107422
Car -1 -1 -10 1223.0 183.0 1242.0 336.0 -1 -1 -1 -1000 -1000 -1000 -10 0.00015592575073242188
Car -1 -1 -10 0.0 201.0 22.0 375.0 -1 -1 -1 -1000 -1000 -1000 -10 0.00014889240264892578
Car -1 -1 -10 636.0 171.0 653.0 193.0 -1 -1 -1 -1000 -1000 -1000 -10 0.00013744831085205078
Car -1 -1 -10 642.0 169.0 668.0 194.0 -1 -1 -1 -1000 -1000 -1000 -10 0.00013720989227294922
Car -1 -1 -10 542.0 171.0 577.0 193.0 -1 -1 -1 -1000 -1000 -1000 -10 0.00013267993927001953
Cyclist -1 -1 -10 467.0 138.0 620.0 296.0 -1 -1 -1 -1000 -1000 -1000 -10 0.00011849403381347656
Car -1 -1 -10 1228.0 189.0 1241.0 279.0 -1 -1 -1 -1000 -1000 -1000 -10 0.00011616945266723633
Cyclist -1 -1 -10 529.0 176.0 561.0 293.0 -1 -1 -1 -1000 -1000 -1000 -10 0.00010657310485839844
Car -1 -1 -10 536.0 173.0 561.0 193.0 -1 -1 -1 -1000 -1000 -1000 -10 0.00010454654693603516
