Car -1 -1 -10 357.0 181.0 419.0 223.0 -1 -1 -1 -1000 -1000 -1000 -10 0.95166015625
Car -1 -1 -10 589.0 176.0 616.0 203.0 -1 -1 -1 -1000 -1000 -1000 -10 0.9453125
Car -1 -1 -10 550.0 177.0 572.0 199.0 -1 -1 -1 -1000 -1000 -1000 -10 0.9423828125
Car -1 -1 -10 452.0 176.0 488.0 201.0 -1 -1 -1 -1000 -1000 -1000 -10 0.912109375
Car -1 -1 -10 353.0 170.0 424.0 236.0 -1 -1 -1 -1000 -1000 -1000 -10 0.0007376670837402344
Car -1 -1 -10 549.0 174.0 574.0 206.0 -1 -1 -1 -1000 -1000 -1000 -10 0.0007157325744628906
Car -1 -1 -10 450.0 173.0 489.0 208.0 -1 -1 -1 -1000 -1000 -1000 -10 0.00038170814514160156
Car -1 -1 -10 311.0 136.0 470.0 249.0 -1 -1 -1 -1000 -1000 -1000 -10 0.0003619194030761719
Car -1 -1 -10 290.0 138.0 460.0 274.0 -1 -1 -1 -1000 -1000 -1000 -10 0.0003485679626464844
Car -1 -1 -10 560.0 0.0 634.0 54.0 -1 -1 -1 -1000 -1000 -1000 -10 0.0003407001495361328
Car -1 -1 -10 1.0 171.0 23.0 222.0 -1 -1 -1 -1000 -1000 -1000 -10 0.00033974647521972656
Car -1 -1 -10 299.0 134.0 481.0 278.0 -1 -1 -1 -1000 -1000 -1000 -10 0.0003178119659423828
Car -1 -1 -10 447.0 172.0 481.0 198.0 -1 -1 -1 -1000 -1000 -1000 -10 0.00031566619873046875
Car -1 -1 -10 448.0 176.0 480.0 202.0 -1 -1 -1 -1000 -1000 -1000 -10 0.0002868175506591797
Car -1 -1 -10 589.0 174.0 619.0 208.0 -1 -1 -1 -1000 -1000 -1000 -10 0.0002770423889160156
Car -1 -1 -10 2.0 169.0 29.0 221.0 -1 -1 -1 -1000 -1000 -1000 -10 0.00024890899658203125
Car -1 -1 -10 2.0 177.0 27.0 220.0 -1 -1 -1 -1000 -1000 -1000 -10 0.0001983642578125
Car -1 -1 -10 417.0 1.0 481.0 55.0 -1 -1 -1 -1000 -1000 -1000 -10 0.00018966197967529297
Car -1 -1 -10 428.0 1.0 491.0 55.0 -1 -1 -1 -1000 -1000 -1000 -10 0.00018739700317382812
Car -1 -1 -10 407.0 1.0 470.0 55.0 -1 -1 -1 -1000 -1000 -1000 -10 0.00018596649169921875
Car -1 -1 -10 0.0 192.0 17.0 336.0 -1 -1 -1 -1000 -1000 -1000 -10 0.00018215179443359375
Car -1 -1 -10 549.0 171.0 575.0 202.0 -1 -1 -1 -1000 -1000 -1000 -10 0.0001811981201171875
Car -1 -1 -10 480.0 0.0 542.0 55.0 -1 -1 -1 -1000 -1000 -1000 -10 0.00017642974853515625
Car -1 -1 -10 0.0 199.0 20.0 361.0 -1 -1 -1 -1000 -1000 -1000 -10 0.00016605854034423828
Car -1 -1 -10 1.0 155.0 28.0 223.0 -1 -1 -1 -1000 -1000 -1000 -10 0.00016367435455322266
Car -1 -1 -10 437.0 1.0 499.0 55.0 -1 -1 -1 -1000 -1000 -1000 -10 0.00015151500701904297
Car -1 -1 -10 397.0 1.0 459.0 54.0 -1 -1 -1 -1000 -1000 -1000 -10 0.00012230873107910156
Car -1 -1 -10 363.0 178.0 415.0 215.0 -1 -1 -1 -1000 -1000 -1000 -10 0.00012153387069702148
Car -1 -1 -10 388.0 1.0 449.0 53.0 -1 -1 -1 -1000 -1000 -1000 -10 0.00011450052261352539
Car -1 -1 -10 1.0 149.0 30.0 227.0 -1 -1 -1 -1000 -1000 -1000 -10 0.0001131296157836914
