Car -1 -1 -10 602.0 177.0 671.0 234.0 -1 -1 -1 -1000 -1000 -1000 -10 0.9521484375
Car -1 -1 -10 374.0 177.0 426.0 208.0 -1 -1 -1 -1000 -1000 -1000 -10 0.94775390625
Car -1 -1 -10 652.0 160.0 691.0 203.0 -1 -1 -1 -1000 -1000 -1000 -10 0.94287109375
Car -1 -1 -10 584.0 174.0 627.0 214.0 -1 -1 -1 -1000 -1000 -1000 -10 0.9375
Cyclist -1 -1 -10 752.0 166.0 805.0 207.0 -1 -1 -1 -1000 -1000 -1000 -10 0.91455078125
Pedestrian -1 -1 -10 950.0 156.0 982.0 233.0 -1 -1 -1 -1000 -1000 -1000 -10 0.9130859375
Car -1 -1 -10 465.0 173.0 489.0 192.0 -1 -1 -1 -1000 -1000 -1000 -10 0.8896484375
Car -1 -1 -10 1043.0 166.0 1192.0 209.0 -1 -1 -1 -1000 -1000 -1000 -10 0.830078125
Pedestrian -1 -1 -10 530.0 169.0 543.0 209.0 -1 -1 -1 -1000 -1000 -1000 -10 0.677734375
Pedestrian -1 -1 -10 530.0 170.0 545.0 208.0 -1 -1 -1 -1000 -1000 -1000 -10 0.56298828125
Pedestrian -1 -1 -10 950.0 161.0 980.0 228.0 -1 -1 -1 -1000 -1000 -1000 -10 0.0179595947265625
Cyclist -1 -1 -10 750.0 166.0 798.0 205.0 -1 -1 -1 -1000 -1000 -1000 -10 0.01003265380859375
Car -1 -1 -10 515.0 171.0 549.0 205.0 -1 -1 -1 -1000 -1000 -1000 -10 0.008819580078125
Car -1 -1 -10 522.0 171.0 550.0 206.0 -1 -1 -1 -1000 -1000 -1000 -10 0.00600433349609375
Pedestrian -1 -1 -10 522.0 171.0 540.0 205.0 -1 -1 -1 -1000 -1000 -1000 -10 0.004711151123046875
Car -1 -1 -10 506.0 170.0 555.0 203.0 -1 -1 -1 -1000 -1000 -1000 -10 0.003955841064453125
Pedestrian -1 -1 -10 526.0 168.0 548.0 208.0 -1 -1 -1 -1000 -1000 -1000 -10 0.002521514892578125
Cyclist -1 -1 -10 746.0 157.0 809.0 218.0 -1 -1 -1 -1000 -1000 -1000 -10 0.00206756591796875
Car -1 -1 -10 523.0 170.0 538.0 202.0 -1 -1 -1 -1000 -1000 -1000 -10 0.001972198486328125
Pedestrian -1 -1 -10 944.0 157.0 978.0 232.0 -1 -1 -1 -1000 -1000 -1000 -10 0.0019369125366210938
Car -1 -1 -10 499.0 173.0 542.0 200.0 -1 -1 -1 -1000 -1000 -1000 -10 0.001689910888671875
Car -1 -1 -10 501.0 176.0 541.0 201.0 -1 -1 -1 -1000 -1000 -1000 -10 0.0016393661499023438
Car -1 -1 -10 481.0 178.0 513.0 199.0 -1 -1 -1 -1000 -1000 -1000 -10 0.0014562606811523438
Pedestrian -1 -1 -10 531.0 172.0 542.0 214.0 -1 -1 -1 -1000 -1000 -1000 -10 0.0013380050659179688
Car -1 -1 -10 653.0 157.0 690.0 196.0 -1 -1 -1 -1000 -1000 -1000 -10 0.0012359619140625
Pedestrian -1 -1 -10 538.0 170.0 552.0 209.0 -1 -1 -1 -1000 -1000 -1000 -10 0.0012140274047851562
Cyclist -1 -1 -10 752.0 164.0 805.0 200.0 -1 -1 -1 -1000 -1000 -1000 -10 0.0011196136474609375
Car -1 -1 -10 1220.0 151.0 1242.0 285.0 -1 -1 -1 -1000 -1000 -1000 -10 0.00106048583984375
Cyclist -1 -1 -10 748.0 152.0 811.0 210.0 -1 -1 -1 -1000 -1000 -1000 -10 0.0010404586791992188
Car -1 -1 -10 504.0 176.0 531.0 201.0 -1 -1 -1 -1000 -1000 -1000 -10 0.0009503364562988281
Car -1 -1 -10 587.0 177.0 630.0 216.0 -1 -1 -1 -1000 -1000 -1000 -10 0.00091552734375
Pedestrian -1 -1 -10 523.0 168.0 551.0 210.0 -1 -1 -1 -1000 -1000 -1000 -10 0.0008563995361328125
Car -1 -1 -10 482.0 177.0 510.0 197.0 -1 -1 -1 -1000 -1000 -1000 -10 0.0008029937744140625
Car -1 -1 -10 463.0 171.0 492.0 203.0 -1 -1 -1 -1000 -1000 -1000 -10 0.0007681846618652344
Car -1 -1 -10 648.0 162.0 686.0 203.0 -1 -1 -1 -1000 -1000 -1000 -10 0.0007414817810058594
Car -1 -1 -10 1218.0 156.0 1242.0 315.0 -1 -1 -1 -1000 -1000 -1000 -10 0.0007414817810058594
Car -1 -1 -10 365.0 163.0 432.0 226.0 -1 -1 -1 -1000 -1000 -1000 -10 0.0007205009460449219
Car -1 -1 -10 1221.0 151.0 1242.0 243.0 -1 -1 -1 -1000 -1000 -1000 -10 0.0006847381591796875
Car -1 -1 -10 367.0 160.0 430.0 216.0 -1 -1 -1 -1000 -1000 -1000 -10 0.0005717277526855469
Cyclist -1 -1 -10 693.0 116.0 847.0 234.0 -1 -1 -1 -1000 -1000 -1000 -10 0.000518798828125
Pedestrian -1 -1 -10 409.0 0.0 466.0 48.0 -1 -1 -1 -1000 -1000 -1000 -10 0.0005092620849609375
Pedestrian -1 -1 -10 535.0 170.0 548.0 216.0 -1 -1 -1 -1000 -1000 -1000 -10 0.0005002021789550781
Pedestrian -1 -1 -10 538.0 169.0 554.0 200.0 -1 -1 -1 -1000 -1000 -1000 -10 0.0004911422729492188
Car -1 -1 -10 1039.0 154.0 1195.0 212.0 -1 -1 -1 -1000 -1000 -1000 -10 0.0004737377166748047
Pedestrian -1 -1 -10 530.0 164.0 541.0 200.0 -1 -1 -1 -1000 -1000 -1000 -10 0.00047326087951660156
Car -1 -1 -10 367.0 164.0 446.0 226.0 -1 -1 -1 -1000 -1000 -1000 -10 0.0004298686981201172
Car -1 -1 -10 464.0 170.0 492.0 198.0 -1 -1 -1 -1000 -1000 -1000 -10 0.0004088878631591797
Car -1 -1 -10 1216.0 148.0 1242.0 249.0 -1 -1 -1 -1000 -1000 -1000 -10 0.00040841102600097656
Cyclist -1 -1 -10 686.0 129.0 853.0 267.0 -1 -1 -1 -1000 -1000 -1000 -10 0.00039649009704589844
Car -1 -1 -10 541.0 172.0 599.0 205.0 -1 -1 -1 -1000 -1000 -1000 -10 0.00037169456481933594
Car -1 -1 -10 1221.0 140.0 1242.0 228.0 -1 -1 -1 -1000 -1000 -1000 -10 0.00036716461181640625
Car -1 -1 -10 306.0 132.0 481.0 275.0 -1 -1 -1 -1000 -1000 -1000 -10 0.0003402233123779297
Cyclist -1 -1 -10 723.0 115.0 864.0 236.0 -1 -1 -1 -1000 -1000 -1000 -10 0.0003352165222167969
Car -1 -1 -10 456.0 174.0 481.0 193.0 -1 -1 -1 -1000 -1000 -1000 -10 0.00033354759216308594
Car -1 -1 -10 1212.0 149.0 1241.0 285.0 -1 -1 -1 -1000 -1000 -1000 -10 0.00032639503479003906
Car -1 -1 -10 1214.0 158.0 1242.0 245.0 -1 -1 -1 -1000 -1000 -1000 -10 0.00031948089599609375
Car -1 -1 -10 308.0 117.0 475.0 240.0 -1 -1 -1 -1000 -1000 -1000 -10 0.0003008842468261719
Car -1 -1 -10 503.0 174.0 534.0 202.0 -1 -1 -1 -1000 -1000 -1000 -10 0.00029969215393066406
Car -1 -1 -10 1211.0 158.0 1242.0 318.0 -1 -1 -1 -1000 -1000 -1000 -10 0.0002982616424560547
Car -1 -1 -10 1226.0 156.0 1242.0 249.0 -1 -1 -1 -1000 -1000 -1000 -10 0.0002856254577636719
Car -1 -1 -10 1210.0 149.0 1242.0 247.0 -1 -1 -1 -1000 -1000 -1000 -10 0.00027871131896972656
Car -1 -1 -10 497.0 170.0 567.0 204.0 -1 -1 -1 -1000 -1000 -1000 -10 0.00027561187744140625
Car -1 -1 -10 1220.0 170.0 1242.0 334.0 -1 -1 -1 -1000 -1000 -1000 -10 0.0002608299255371094
Car -1 -1 -10 480.0 176.0 505.0 194.0 -1 -1 -1 -1000 -1000 -1000 -10 0.0002434253692626953
Car -1 -1 -10 581.0 172.0 611.0 201.0 -1 -1 -1 -1000 -1000 -1000 -10 0.000232696533203125
Car -1 -1 -10 1215.0 131.0 1242.0 238.0 -1 -1 -1 -1000 -1000 -1000 -10 0.0002301931381225586
Car -1 -1 -10 1039.0 160.0 1198.0 221.0 -1 -1 -1 -1000 -1000 -1000 -10 0.00022482872009277344
Car -1 -1 -10 1036.0 161.0 1194.0 202.0 -1 -1 -1 -1000 -1000 -1000 -10 0.00022327899932861328
Car -1 -1 -10 577.0 160.0 637.0 221.0 -1 -1 -1 -1000 -1000 -1000 -10 0.00021958351135253906
Car -1 -1 -10 1018.0 120.0 1214.0 233.0 -1 -1 -1 -1000 -1000 -1000 -10 0.00021696090698242188
Car -1 -1 -10 339.0 134.0 501.0 272.0 -1 -1 -1 -1000 -1000 -1000 -10 0.00021338462829589844
Car -1 -1 -10 584.0 178.0 628.0 219.0 -1 -1 -1 -1000 -1000 -1000 -10 0.00021088123321533203
Car -1 -1 -10 1227.0 141.0 1242.0 226.0 -1 -1 -1 -1000 -1000 -1000 -10 0.00020611286163330078
Car -1 -1 -10 1216.0 142.0 1242.0 227.0 -1 -1 -1 -1000 -1000 -1000 -10 0.0001996755599975586
Car -1 -1 -10 597.0 176.0 646.0 222.0 -1 -1 -1 -1000 -1000 -1000 -10 0.00019633769989013672
Car -1 -1 -10 1215.0 163.0 1241.0 341.0 -1 -1 -1 -1000 -1000 -1000 -10 0.0001888275146484375
Car -1 -1 -10 1215.0 149.0 1242.0 234.0 -1 -1 -1 -1000 -1000 -1000 -10 0.00016772747039794922
Car -1 -1 -10 617.0 175.0 670.0 222.0 -1 -1 -1 -1000 -1000 -1000 -10 0.00016438961029052734
Car -1 -1 -10 1100.0 169.0 1141.0 200.0 -1 -1 -1 -1000 -1000 -1000 -10 0.0001608133316040039
Car -1 -1 -10 584.0 171.0 616.0 202.0 -1 -1 -1 -1000 -1000 -1000 -10 0.00016057491302490234
Car -1 -1 -10 441.0 171.0 474.0 192.0 -1 -1 -1 -1000 -1000 -1000 -10 0.00016033649444580078
Car -1 -1 -10 409.0 0.0 465.0 44.0 -1 -1 -1 -1000 -1000 -1000 -10 0.00015795230865478516
Pedestrian -1 -1 -10 256.0 0.0 269.0 5.0 -1 -1 -1 -1000 -1000 -1000 -10 0.00015091896057128906
Car -1 -1 -10 539.0 148.0 703.0 269.0 -1 -1 -1 -1000 -1000 -1000 -10 0.0001461505889892578
Car -1 -1 -10 518.0 121.0 693.0 246.0 -1 -1 -1 -1000 -1000 -1000 -10 0.00014531612396240234
Car -1 -1 -10 554.0 141.0 726.0 271.0 -1 -1 -1 -1000 -1000 -1000 -10 0.00014495849609375
Car -1 -1 -10 202.0 79.0 228.0 97.0 -1 -1 -1 -1000 -1000 -1000 -10 0.00014388561248779297
Pedestrian -1 -1 -10 516.0 0.0 546.0 1.0 -1 -1 -1 -1000 -1000 -1000 -10 0.00013971328735351562
Car -1 -1 -10 1009.0 134.0 1217.0 263.0 -1 -1 -1 -1000 -1000 -1000 -10 0.0001380443572998047
Car -1 -1 -10 567.0 148.0 713.0 255.0 -1 -1 -1 -1000 -1000 -1000 -10 0.0001327991485595703
Pedestrian -1 -1 -10 314.0 0.0 333.0 9.0 -1 -1 -1 -1000 -1000 -1000 -10 0.00013208389282226562
Pedestrian -1 -1 -10 309.0 0.0 324.0 9.0 -1 -1 -1 -1000 -1000 -1000 -10 0.00012564659118652344
Car -1 -1 -10 639.0 158.0 704.0 228.0 -1 -1 -1 -1000 -1000 -1000 -10 0.00012105703353881836
Cyclist -1 -1 -10 749.0 163.0 822.0 224.0 -1 -1 -1 -1000 -1000 -1000 -10 0.0001195669174194336
Cyclist -1 -1 -10 1226.0 171.0 1242.0 297.0 -1 -1 -1 -1000 -1000 -1000 -10 0.00011771917343139648
Car -1 -1 -10 1226.0 153.0 1242.0 232.0 -1 -1 -1 -1000 -1000 -1000 -10 0.00011718273162841797
Car -1 -1 -10 1212.0 157.0 1242.0 262.0 -1 -1 -1 -1000 -1000 -1000 -10 0.00011718273162841797
Car -1 -1 -10 1208.0 131.0 1242.0 234.0 -1 -1 -1 -1000 -1000 -1000 -10 0.00011342763900756836
Car -1 -1 -10 1219.0 111.0 1242.0 222.0 -1 -1 -1 -1000 -1000 -1000 -10 0.00011265277862548828
Car -1 -1 -10 208.0 80.0 224.0 96.0 -1 -1 -1 -1000 -1000 -1000 -10 0.00011211633682250977
Pedestrian -1 -1 -10 525.0 164.0 545.0 199.0 -1 -1 -1 -1000 -1000 -1000 -10 0.00011157989501953125
Pedestrian -1 -1 -10 278.0 0.0 291.0 5.0 -1 -1 -1 -1000 -1000 -1000 -10 0.00010764598846435547
Car -1 -1 -10 646.0 148.0 704.0 212.0 -1 -1 -1 -1000 -1000 -1000 -10 0.00010591745376586914
Car -1 -1 -10 1227.0 158.0 1242.0 264.0 -1 -1 -1 -1000 -1000 -1000 -10 0.00010514259338378906
Car -1 -1 -10 0.0 0.0 86.0 15.0 -1 -1 -1 -1000 -1000 -1000 -10 0.00010198354721069336
