Car -1 -1 -10 0.0 203.0 193.0 343.0 -1 -1 -1 -1000 -1000 -1000 -10 0.95703125
Car -1 -1 -10 449.0 185.0 513.0 209.0 -1 -1 -1 -1000 -1000 -1000 -10 0.91845703125
Car -1 -1 -10 0.0 201.0 29.0 353.0 -1 -1 -1 -1000 -1000 -1000 -10 0.0081787109375
Car -1 -1 -10 459.0 183.0 510.0 207.0 -1 -1 -1 -1000 -1000 -1000 -10 0.003948211669921875
Car -1 -1 -10 0.0 202.0 44.0 350.0 -1 -1 -1 -1000 -1000 -1000 -10 0.003688812255859375
Car -1 -1 -10 465.0 183.0 519.0 206.0 -1 -1 -1 -1000 -1000 -1000 -10 0.003536224365234375
Car -1 -1 -10 453.0 185.0 504.0 208.0 -1 -1 -1 -1000 -1000 -1000 -10 0.0025634765625
Car -1 -1 -10 0.0 193.0 31.0 335.0 -1 -1 -1 -1000 -1000 -1000 -10 0.0023193359375
Car -1 -1 -10 0.0 215.0 24.0 369.0 -1 -1 -1 -1000 -1000 -1000 -10 0.0021686553955078125
Car -1 -1 -10 473.0 182.0 519.0 205.0 -1 -1 -1 -1000 -1000 -1000 -10 0.0011081695556640625
Car -1 -1 -10 448.0 180.0 514.0 213.0 -1 -1 -1 -1000 -1000 -1000 -10 0.0010089874267578125
Car -1 -1 -10 451.0 181.0 513.0 204.0 -1 -1 -1 -1000 -1000 -1000 -10 0.000827789306640625
Car -1 -1 -10 21.0 204.0 168.0 340.0 -1 -1 -1 -1000 -1000 -1000 -10 0.0007262229919433594
Car -1 -1 -10 0.0 198.0 58.0 342.0 -1 -1 -1 -1000 -1000 -1000 -10 0.000720977783203125
Car -1 -1 -10 0.0 244.0 17.0 367.0 -1 -1 -1 -1000 -1000 -1000 -10 0.0004992485046386719
Car -1 -1 -10 1100.0 4.0 1204.0 68.0 -1 -1 -1 -1000 -1000 -1000 -10 0.0004820823669433594
Car -1 -1 -10 445.0 187.0 508.0 211.0 -1 -1 -1 -1000 -1000 -1000 -10 0.0004515647888183594
Car -1 -1 -10 0.0 186.0 23.0 306.0 -1 -1 -1 -1000 -1000 -1000 -10 0.0004444122314453125
Car -1 -1 -10 0.0 247.0 27.0 362.0 -1 -1 -1 -1000 -1000 -1000 -10 0.00043892860412597656
Car -1 -1 -10 615.0 177.0 630.0 193.0 -1 -1 -1 -1000 -1000 -1000 -10 0.00042319297790527344
Car -1 -1 -10 0.0 230.0 15.0 356.0 -1 -1 -1 -1000 -1000 -1000 -10 0.00040030479431152344
Car -1 -1 -10 463.0 181.0 516.0 203.0 -1 -1 -1 -1000 -1000 -1000 -10 0.0003597736358642578
Car -1 -1 -10 474.0 182.0 526.0 204.0 -1 -1 -1 -1000 -1000 -1000 -10 0.0003447532653808594
Car -1 -1 -10 0.0 214.0 32.0 350.0 -1 -1 -1 -1000 -1000 -1000 -10 0.0003311634063720703
Car -1 -1 -10 1087.0 6.0 1189.0 70.0 -1 -1 -1 -1000 -1000 -1000 -10 0.0002980232238769531
Car -1 -1 -10 483.0 182.0 527.0 204.0 -1 -1 -1 -1000 -1000 -1000 -10 0.00027489662170410156
Car -1 -1 -10 1.0 218.0 45.0 367.0 -1 -1 -1 -1000 -1000 -1000 -10 0.00023186206817626953
Car -1 -1 -10 0.0 234.0 22.0 375.0 -1 -1 -1 -1000 -1000 -1000 -10 0.00017499923706054688
Car -1 -1 -10 0.0 208.0 16.0 338.0 -1 -1 -1 -1000 -1000 -1000 -10 0.00016868114471435547
Car -1 -1 -10 809.0 71.0 829.0 91.0 -1 -1 -1 -1000 -1000 -1000 -10 0.00014507770538330078
Car -1 -1 -10 0.0 261.0 18.0 366.0 -1 -1 -1 -1000 -1000 -1000 -10 0.00014281272888183594
Car -1 -1 -10 490.0 183.0 538.0 205.0 -1 -1 -1 -1000 -1000 -1000 -10 0.0001308917999267578
Pedestrian -1 -1 -10 573.0 0.0 644.0 41.0 -1 -1 -1 -1000 -1000 -1000 -10 0.00012958049774169922
Car -1 -1 -10 1113.0 4.0 1203.0 63.0 -1 -1 -1 -1000 -1000 -1000 -10 0.00012695789337158203
Car -1 -1 -10 0.0 200.0 13.0 290.0 -1 -1 -1 -1000 -1000 -1000 -10 0.00012624263763427734
Car -1 -1 -10 478.0 184.0 521.0 206.0 -1 -1 -1 -1000 -1000 -1000 -10 0.00012350082397460938
Car -1 -1 -10 0.0 195.0 28.0 317.0 -1 -1 -1 -1000 -1000 -1000 -10 0.00011932849884033203
Cyclist -1 -1 -10 1233.0 196.0 1242.0 289.0 -1 -1 -1 -1000 -1000 -1000 -10 0.00011616945266723633
Car -1 -1 -10 0.0 196.0 27.0 296.0 -1 -1 -1 -1000 -1000 -1000 -10 0.00011199712753295898
Car -1 -1 -10 486.0 184.0 527.0 206.0 -1 -1 -1 -1000 -1000 -1000 -10 0.00011157989501953125
Car -1 -1 -10 0.0 182.0 45.0 307.0 -1 -1 -1 -1000 -1000 -1000 -10 0.00010836124420166016
Car -1 -1 -10 0.0 173.0 20.0 277.0 -1 -1 -1 -1000 -1000 -1000 -10 0.0001055002212524414
Car -1 -1 -10 805.0 71.0 832.0 91.0 -1 -1 -1 -1000 -1000 -1000 -10 0.00010371208190917969
