Car -1 -1 -10 116.0 194.0 239.0 244.0 -1 -1 -1 -1000 -1000 -1000 -10 0.95556640625
Car -1 -1 -10 595.0 161.0 625.0 193.0 -1 -1 -1 -1000 -1000 -1000 -10 0.93896484375
Car -1 -1 -10 0.0 202.0 17.0 275.0 -1 -1 -1 -1000 -1000 -1000 -10 0.0012578964233398438
Car -1 -1 -10 112.0 190.0 243.0 252.0 -1 -1 -1 -1000 -1000 -1000 -10 0.0011224746704101562
Car -1 -1 -10 0.0 194.0 13.0 275.0 -1 -1 -1 -1000 -1000 -1000 -10 0.0010881423950195312
Car -1 -1 -10 0.0 200.0 14.0 282.0 -1 -1 -1 -1000 -1000 -1000 -10 0.000850677490234375
Car -1 -1 -10 0.0 189.0 16.0 270.0 -1 -1 -1 -1000 -1000 -1000 -10 0.0005884170532226562
Car -1 -1 -10 86.0 168.0 275.0 293.0 -1 -1 -1 -1000 -1000 -1000 -10 0.0005807876586914062
Car -1 -1 -10 0.0 207.0 18.0 290.0 -1 -1 -1 -1000 -1000 -1000 -10 0.0005197525024414062
Car -1 -1 -10 0.0 197.0 23.0 279.0 -1 -1 -1 -1000 -1000 -1000 -10 0.0004570484161376953
Car -1 -1 -10 0.0 186.0 12.0 267.0 -1 -1 -1 -1000 -1000 -1000 -10 0.00045037269592285156
Car -1 -1 -10 82.0 154.0 264.0 277.0 -1 -1 -1 -1000 -1000 -1000 -10 0.0004124641418457031
Car -1 -1 -10 0.0 205.0 12.0 262.0 -1 -1 -1 -1000 -1000 -1000 -10 0.0003924369812011719
Car -1 -1 -10 0.0 196.0 18.0 272.0 -1 -1 -1 -1000 -1000 -1000 -10 0.00028705596923828125
Car -1 -1 -10 0.0 203.0 20.0 282.0 -1 -1 -1 -1000 -1000 -1000 -10 0.00027441978454589844
Car -1 -1 -10 0.0 211.0 13.0 270.0 -1 -1 -1 -1000 -1000 -1000 -10 0.0002453327178955078
Car -1 -1 -10 156.0 198.0 204.0 236.0 -1 -1 -1 -1000 -1000 -1000 -10 0.0002371072769165039
Car -1 -1 -10 0.0 205.0 14.0 295.0 -1 -1 -1 -1000 -1000 -1000 -10 0.00023162364959716797
Car -1 -1 -10 0.0 204.0 24.0 293.0 -1 -1 -1 -1000 -1000 -1000 -10 0.00020813941955566406
Car -1 -1 -10 0.0 189.0 14.0 264.0 -1 -1 -1 -1000 -1000 -1000 -10 0.00019800662994384766
Car -1 -1 -10 596.0 158.0 626.0 195.0 -1 -1 -1 -1000 -1000 -1000 -10 0.00018608570098876953
Car -1 -1 -10 1.0 201.0 28.0 282.0 -1 -1 -1 -1000 -1000 -1000 -10 0.00018203258514404297
Car -1 -1 -10 1.0 192.0 23.0 268.0 -1 -1 -1 -1000 -1000 -1000 -10 0.00015985965728759766
Car -1 -1 -10 0.0 196.0 31.0 287.0 -1 -1 -1 -1000 -1000 -1000 -10 0.00015652179718017578
Car -1 -1 -10 0.0 198.0 11.0 254.0 -1 -1 -1 -1000 -1000 -1000 -10 0.00014340877532958984
Car -1 -1 -10 147.0 198.0 194.0 237.0 -1 -1 -1 -1000 -1000 -1000 -10 0.00013506412506103516
Car -1 -1 -10 824.0 0.0 873.0 36.0 -1 -1 -1 -1000 -1000 -1000 -10 0.00012123584747314453
Car -1 -1 -10 0.0 186.0 19.0 263.0 -1 -1 -1 -1000 -1000 -1000 -10 0.00010663270950317383
Car -1 -1 -10 0.0 205.0 18.0 262.0 -1 -1 -1 -1000 -1000 -1000 -10 0.00010573863983154297
