Car -1 -1 -10 877.0 202.0 1241.0 373.0 -1 -1 -1 -1000 -1000 -1000 -10 0.970703125
Car -1 -1 -10 756.0 172.0 914.0 274.0 -1 -1 -1 -1000 -1000 -1000 -10 0.96630859375
Car -1 -1 -10 275.0 178.0 466.0 286.0 -1 -1 -1 -1000 -1000 -1000 -10 0.96142578125
Car -1 -1 -10 449.0 179.0 551.0 223.0 -1 -1 -1 -1000 -1000 -1000 -10 0.9521484375
Car -1 -1 -10 323.0 179.0 479.0 258.0 -1 -1 -1 -1000 -1000 -1000 -10 0.94775390625
Car -1 -1 -10 596.0 184.0 659.0 235.0 -1 -1 -1 -1000 -1000 -1000 -10 0.94384765625
Car -1 -1 -10 54.0 185.0 277.0 266.0 -1 -1 -1 -1000 -1000 -1000 -10 0.93701171875
Car -1 -1 -10 236.0 179.0 360.0 237.0 -1 -1 -1 -1000 -1000 -1000 -10 0.9189453125
Car -1 -1 -10 819.0 162.0 937.0 207.0 -1 -1 -1 -1000 -1000 -1000 -10 0.91796875
Car -1 -1 -10 543.0 162.0 598.0 191.0 -1 -1 -1 -1000 -1000 -1000 -10 0.9091796875
Car -1 -1 -10 0.0 173.0 111.0 237.0 -1 -1 -1 -1000 -1000 -1000 -10 0.89990234375
Car -1 -1 -10 688.0 173.0 748.0 216.0 -1 -1 -1 -1000 -1000 -1000 -10 0.896484375
Car -1 -1 -10 607.0 176.0 644.0 208.0 -1 -1 -1 -1000 -1000 -1000 -10 0.8896484375
Car -1 -1 -10 695.0 183.0 759.0 223.0 -1 -1 -1 -1000 -1000 -1000 -10 0.8359375
Car -1 -1 -10 495.0 176.0 564.0 206.0 -1 -1 -1 -1000 -1000 -1000 -10 0.83447265625
Pedestrian -1 -1 -10 727.0 180.0 765.0 252.0 -1 -1 -1 -1000 -1000 -1000 -10 0.7138671875
Car -1 -1 -10 692.0 176.0 752.0 219.0 -1 -1 -1 -1000 -1000 -1000 -10 0.70849609375
Pedestrian -1 -1 -10 678.0 174.0 691.0 202.0 -1 -1 -1 -1000 -1000 -1000 -10 0.6923828125
Car -1 -1 -10 724.0 181.0 801.0 242.0 -1 -1 -1 -1000 -1000 -1000 -10 0.65478515625
Pedestrian -1 -1 -10 677.0 175.0 690.0 203.0 -1 -1 -1 -1000 -1000 -1000 -10 0.5732421875
Car -1 -1 -10 603.0 180.0 648.0 217.0 -1 -1 -1 -1000 -1000 -1000 -10 0.434814453125
Car -1 -1 -10 721.0 180.0 803.0 233.0 -1 -1 -1 -1000 -1000 -1000 -10 0.42529296875
Car -1 -1 -10 727.0 180.0 765.0 253.0 -1 -1 -1 -1000 -1000 -1000 -10 0.373291015625
Car -1 -1 -10 705.0 183.0 759.0 228.0 -1 -1 -1 -1000 -1000 -1000 -10 0.29248046875
Pedestrian -1 -1 -10 728.0 184.0 761.0 258.0 -1 -1 -1 -1000 -1000 -1000 -10 0.27197265625
Car -1 -1 -10 479.0 178.0 558.0 212.0 -1 -1 -1 -1000 -1000 -1000 -10 0.2266845703125
Car -1 -1 -10 603.0 179.0 649.0 224.0 -1 -1 -1 -1000 -1000 -1000 -10 0.2076416015625
Car -1 -1 -10 0.0 187.0 173.0 374.0 -1 -1 -1 -1000 -1000 -1000 -10 0.1419677734375
Car -1 -1 -10 210.0 176.0 316.0 225.0 -1 -1 -1 -1000 -1000 -1000 -10 0.11041259765625
Car -1 -1 -10 0.0 175.0 101.0 251.0 -1 -1 -1 -1000 -1000 -1000 -10 0.10400390625
Car -1 -1 -10 0.0 174.0 70.0 263.0 -1 -1 -1 -1000 -1000 -1000 -10 0.07147216796875
Car -1 -1 -10 719.0 184.0 764.0 238.0 -1 -1 -1 -1000 -1000 -1000 -10 0.06634521484375
Car -1 -1 -10 293.0 172.0 477.0 278.0 -1 -1 -1 -1000 -1000 -1000 -10 0.04864501953125
Car -1 -1 -10 462.0 177.0 551.0 215.0 -1 -1 -1 -1000 -1000 -1000 -10 0.047882080078125
Car -1 -1 -10 601.0 182.0 656.0 228.0 -1 -1 -1 -1000 -1000 -1000 -10 0.0399169921875
Car -1 -1 -10 0.0 177.0 64.0 290.0 -1 -1 -1 -1000 -1000 -1000 -10 0.035980224609375
Car -1 -1 -10 702.0 183.0 752.0 226.0 -1 -1 -1 -1000 -1000 -1000 -10 0.031585693359375
Car -1 -1 -10 221.0 178.0 327.0 228.0 -1 -1 -1 -1000 -1000 -1000 -10 0.026214599609375
Car -1 -1 -10 454.0 174.0 550.0 219.0 -1 -1 -1 -1000 -1000 -1000 -10 0.0218353271484375
Car -1 -1 -10 600.0 180.0 645.0 214.0 -1 -1 -1 -1000 -1000 -1000 -10 0.0208740234375
Car -1 -1 -10 719.0 182.0 775.0 243.0 -1 -1 -1 -1000 -1000 -1000 -10 0.0204315185546875
Car -1 -1 -10 0.0 178.0 88.0 288.0 -1 -1 -1 -1000 -1000 -1000 -10 0.01361083984375
Car -1 -1 -10 0.0 175.0 34.0 264.0 -1 -1 -1 -1000 -1000 -1000 -10 0.0131683349609375
Car -1 -1 -10 1.0 181.0 56.0 303.0 -1 -1 -1 -1000 -1000 -1000 -10 0.013031005859375
Car -1 -1 -10 0.0 173.0 58.0 268.0 -1 -1 -1 -1000 -1000 -1000 -10 0.01258087158203125
Car -1 -1 -10 0.0 180.0 37.0 299.0 -1 -1 -1 -1000 -1000 -1000 -10 0.01213836669921875
Car -1 -1 -10 717.0 175.0 806.0 242.0 -1 -1 -1 -1000 -1000 -1000 -10 0.01198577880859375
Car -1 -1 -10 330.0 176.0 479.0 248.0 -1 -1 -1 -1000 -1000 -1000 -10 0.01056671142578125
Car -1 -1 -10 725.0 176.0 803.0 229.0 -1 -1 -1 -1000 -1000 -1000 -10 0.01015472412109375
Car -1 -1 -10 0.0 182.0 60.0 324.0 -1 -1 -1 -1000 -1000 -1000 -10 0.00978851318359375
Car -1 -1 -10 203.0 179.0 321.0 231.0 -1 -1 -1 -1000 -1000 -1000 -10 0.009765625
Car -1 -1 -10 0.0 182.0 70.0 301.0 -1 -1 -1 -1000 -1000 -1000 -10 0.00954437255859375
Car -1 -1 -10 716.0 178.0 820.0 245.0 -1 -1 -1 -1000 -1000 -1000 -10 0.00876617431640625
Car -1 -1 -10 0.0 171.0 23.0 238.0 -1 -1 -1 -1000 -1000 -1000 -10 0.0083770751953125
Pedestrian -1 -1 -10 673.0 176.0 697.0 202.0 -1 -1 -1 -1000 -1000 -1000 -10 0.00827789306640625
Car -1 -1 -10 460.0 180.0 541.0 220.0 -1 -1 -1 -1000 -1000 -1000 -10 0.007106781005859375
Pedestrian -1 -1 -10 688.0 172.0 714.0 212.0 -1 -1 -1 -1000 -1000 -1000 -10 0.006671905517578125
Car -1 -1 -10 306.0 180.0 454.0 256.0 -1 -1 -1 -1000 -1000 -1000 -10 0.00643157958984375
Car -1 -1 -10 1.0 176.0 84.0 251.0 -1 -1 -1 -1000 -1000 -1000 -10 0.006275177001953125
Car -1 -1 -10 0.0 178.0 148.0 366.0 -1 -1 -1 -1000 -1000 -1000 -10 0.005558013916015625
Car -1 -1 -10 0.0 185.0 34.0 328.0 -1 -1 -1 -1000 -1000 -1000 -10 0.0052490234375
Car -1 -1 -10 0.0 172.0 29.0 236.0 -1 -1 -1 -1000 -1000 -1000 -10 0.005016326904296875
Car -1 -1 -10 502.0 177.0 552.0 205.0 -1 -1 -1 -1000 -1000 -1000 -10 0.00476837158203125
Pedestrian -1 -1 -10 674.0 173.0 695.0 202.0 -1 -1 -1 -1000 -1000 -1000 -10 0.004558563232421875
Car -1 -1 -10 0.0 179.0 95.0 332.0 -1 -1 -1 -1000 -1000 -1000 -10 0.004364013671875
Car -1 -1 -10 737.0 181.0 787.0 239.0 -1 -1 -1 -1000 -1000 -1000 -10 0.00429534912109375
Car -1 -1 -10 0.0 168.0 149.0 316.0 -1 -1 -1 -1000 -1000 -1000 -10 0.004222869873046875
Pedestrian -1 -1 -10 734.0 182.0 781.0 249.0 -1 -1 -1 -1000 -1000 -1000 -10 0.004119873046875
Car -1 -1 -10 0.0 166.0 14.0 238.0 -1 -1 -1 -1000 -1000 -1000 -10 0.0038585662841796875
Pedestrian -1 -1 -10 671.0 178.0 683.0 203.0 -1 -1 -1 -1000 -1000 -1000 -10 0.0037441253662109375
Car -1 -1 -10 215.0 178.0 338.0 232.0 -1 -1 -1 -1000 -1000 -1000 -10 0.003570556640625
Car -1 -1 -10 0.0 167.0 14.0 219.0 -1 -1 -1 -1000 -1000 -1000 -10 0.003337860107421875
Car -1 -1 -10 0.0 169.0 24.0 222.0 -1 -1 -1 -1000 -1000 -1000 -10 0.0030765533447265625
Car -1 -1 -10 0.0 167.0 15.0 258.0 -1 -1 -1 -1000 -1000 -1000 -10 0.0028171539306640625
Pedestrian -1 -1 -10 683.0 175.0 697.0 203.0 -1 -1 -1 -1000 -1000 -1000 -10 0.0027942657470703125
Car -1 -1 -10 339.0 184.0 477.0 265.0 -1 -1 -1 -1000 -1000 -1000 -10 0.002712249755859375
Car -1 -1 -10 1.0 172.0 108.0 221.0 -1 -1 -1 -1000 -1000 -1000 -10 0.00267791748046875
Pedestrian -1 -1 -10 681.0 180.0 692.0 206.0 -1 -1 -1 -1000 -1000 -1000 -10 0.002384185791015625
Car -1 -1 -10 697.0 187.0 754.0 223.0 -1 -1 -1 -1000 -1000 -1000 -10 0.0022983551025390625
Car -1 -1 -10 724.0 184.0 769.0 241.0 -1 -1 -1 -1000 -1000 -1000 -10 0.002223968505859375
Car -1 -1 -10 506.0 177.0 557.0 203.0 -1 -1 -1 -1000 -1000 -1000 -10 0.0020847320556640625
Car -1 -1 -10 230.0 176.0 342.0 226.0 -1 -1 -1 -1000 -1000 -1000 -10 0.0018062591552734375
Car -1 -1 -10 0.0 173.0 13.0 230.0 -1 -1 -1 -1000 -1000 -1000 -10 0.0017261505126953125
Car -1 -1 -10 0.0 166.0 18.0 217.0 -1 -1 -1 -1000 -1000 -1000 -10 0.0016832351684570312
Car -1 -1 -10 0.0 191.0 29.0 362.0 -1 -1 -1 -1000 -1000 -1000 -10 0.00164794921875
Car -1 -1 -10 0.0 185.0 68.0 348.0 -1 -1 -1 -1000 -1000 -1000 -10 0.0016222000122070312
Pedestrian -1 -1 -10 672.0 174.0 693.0 201.0 -1 -1 -1 -1000 -1000 -1000 -10 0.0016126632690429688
Car -1 -1 -10 448.0 175.0 539.0 216.0 -1 -1 -1 -1000 -1000 -1000 -10 0.0015420913696289062
Car -1 -1 -10 0.0 157.0 128.0 265.0 -1 -1 -1 -1000 -1000 -1000 -10 0.0015344619750976562
Car -1 -1 -10 504.0 174.0 570.0 201.0 -1 -1 -1 -1000 -1000 -1000 -10 0.0014657974243164062
Car -1 -1 -10 0.0 171.0 14.0 270.0 -1 -1 -1 -1000 -1000 -1000 -10 0.0014019012451171875
Car -1 -1 -10 487.0 175.0 563.0 214.0 -1 -1 -1 -1000 -1000 -1000 -10 0.0013875961303710938
Car -1 -1 -10 1.0 195.0 32.0 308.0 -1 -1 -1 -1000 -1000 -1000 -10 0.0013761520385742188
Car -1 -1 -10 2.0 173.0 89.0 240.0 -1 -1 -1 -1000 -1000 -1000 -10 0.0013647079467773438
Car -1 -1 -10 238.0 186.0 356.0 242.0 -1 -1 -1 -1000 -1000 -1000 -10 0.0013608932495117188
Pedestrian -1 -1 -10 680.0 180.0 693.0 206.0 -1 -1 -1 -1000 -1000 -1000 -10 0.00135040283203125
Car -1 -1 -10 0.0 170.0 52.0 243.0 -1 -1 -1 -1000 -1000 -1000 -10 0.0013217926025390625
Car -1 -1 -10 483.0 176.0 552.0 206.0 -1 -1 -1 -1000 -1000 -1000 -10 0.0013017654418945312
Car -1 -1 -10 477.0 182.0 526.0 214.0 -1 -1 -1 -1000 -1000 -1000 -10 0.0012683868408203125
Car -1 -1 -10 320.0 169.0 487.0 269.0 -1 -1 -1 -1000 -1000 -1000 -10 0.0012569427490234375
Car -1 -1 -10 0.0 173.0 75.0 230.0 -1 -1 -1 -1000 -1000 -1000 -10 0.0012569427490234375
Pedestrian -1 -1 -10 721.0 189.0 752.0 243.0 -1 -1 -1 -1000 -1000 -1000 -10 0.0011310577392578125
Car -1 -1 -10 0.0 180.0 114.0 273.0 -1 -1 -1 -1000 -1000 -1000 -10 0.0010843276977539062
Car -1 -1 -10 213.0 173.0 313.0 219.0 -1 -1 -1 -1000 -1000 -1000 -10 0.0010662078857421875
Car -1 -1 -10 0.0 191.0 16.0 313.0 -1 -1 -1 -1000 -1000 -1000 -10 0.0010223388671875
Car -1 -1 -10 297.0 180.0 449.0 282.0 -1 -1 -1 -1000 -1000 -1000 -10 0.0010194778442382812
Car -1 -1 -10 499.0 179.0 549.0 209.0 -1 -1 -1 -1000 -1000 -1000 -10 0.0010023117065429688
Car -1 -1 -10 495.0 179.0 544.0 208.0 -1 -1 -1 -1000 -1000 -1000 -10 0.000988006591796875
Car -1 -1 -10 536.0 168.0 589.0 193.0 -1 -1 -1 -1000 -1000 -1000 -10 0.0009279251098632812
Car -1 -1 -10 0.0 163.0 13.0 213.0 -1 -1 -1 -1000 -1000 -1000 -10 0.0009222030639648438
Pedestrian -1 -1 -10 737.0 184.0 778.0 247.0 -1 -1 -1 -1000 -1000 -1000 -10 0.000881195068359375
Car -1 -1 -10 491.0 173.0 564.0 209.0 -1 -1 -1 -1000 -1000 -1000 -10 0.0008287429809570312
Car -1 -1 -10 94.0 186.0 233.0 259.0 -1 -1 -1 -1000 -1000 -1000 -10 0.000827789306640625
Car -1 -1 -10 41.0 179.0 279.0 282.0 -1 -1 -1 -1000 -1000 -1000 -10 0.0008115768432617188
Car -1 -1 -10 538.0 163.0 590.0 188.0 -1 -1 -1 -1000 -1000 -1000 -10 0.0007538795471191406
Car -1 -1 -10 0.0 176.0 15.0 288.0 -1 -1 -1 -1000 -1000 -1000 -10 0.0007295608520507812
Car -1 -1 -10 217.0 162.0 390.0 266.0 -1 -1 -1 -1000 -1000 -1000 -10 0.000713348388671875
Car -1 -1 -10 439.0 170.0 554.0 235.0 -1 -1 -1 -1000 -1000 -1000 -10 0.0007085800170898438
Car -1 -1 -10 54.0 184.0 218.0 270.0 -1 -1 -1 -1000 -1000 -1000 -10 0.0007085800170898438
Car -1 -1 -10 0.0 177.0 143.0 251.0 -1 -1 -1 -1000 -1000 -1000 -10 0.0007066726684570312
Car -1 -1 -10 2.0 179.0 121.0 253.0 -1 -1 -1 -1000 -1000 -1000 -10 0.0006818771362304688
Car -1 -1 -10 808.0 156.0 944.0 230.0 -1 -1 -1 -1000 -1000 -1000 -10 0.0006608963012695312
Car -1 -1 -10 814.0 151.0 941.0 215.0 -1 -1 -1 -1000 -1000 -1000 -10 0.0005707740783691406
Car -1 -1 -10 358.0 180.0 429.0 261.0 -1 -1 -1 -1000 -1000 -1000 -10 0.0005698204040527344
Pedestrian -1 -1 -10 673.0 173.0 693.0 208.0 -1 -1 -1 -1000 -1000 -1000 -10 0.0005669593811035156
Pedestrian -1 -1 -10 677.0 181.0 688.0 205.0 -1 -1 -1 -1000 -1000 -1000 -10 0.0005612373352050781
Car -1 -1 -10 594.0 175.0 664.0 240.0 -1 -1 -1 -1000 -1000 -1000 -10 0.000553131103515625
Car -1 -1 -10 223.0 177.0 304.0 222.0 -1 -1 -1 -1000 -1000 -1000 -10 0.0005464553833007812
Car -1 -1 -10 212.0 148.0 395.0 274.0 -1 -1 -1 -1000 -1000 -1000 -10 0.000530242919921875
Car -1 -1 -10 725.0 172.0 798.0 222.0 -1 -1 -1 -1000 -1000 -1000 -10 0.0005068778991699219
Car -1 -1 -10 0.0 195.0 54.0 360.0 -1 -1 -1 -1000 -1000 -1000 -10 0.0004906654357910156
Car -1 -1 -10 3.0 185.0 82.0 298.0 -1 -1 -1 -1000 -1000 -1000 -10 0.0004794597625732422
Car -1 -1 -10 2.0 164.0 22.0 213.0 -1 -1 -1 -1000 -1000 -1000 -10 0.00046324729919433594
Car -1 -1 -10 682.0 166.0 751.0 227.0 -1 -1 -1 -1000 -1000 -1000 -10 0.0004591941833496094
Car -1 -1 -10 692.0 172.0 743.0 212.0 -1 -1 -1 -1000 -1000 -1000 -10 0.0004096031188964844
Car -1 -1 -10 395.0 136.0 582.0 275.0 -1 -1 -1 -1000 -1000 -1000 -10 0.0003960132598876953
Car -1 -1 -10 0.0 180.0 33.0 245.0 -1 -1 -1 -1000 -1000 -1000 -10 0.00039005279541015625
Car -1 -1 -10 618.0 179.0 650.0 214.0 -1 -1 -1 -1000 -1000 -1000 -10 0.0003814697265625
Car -1 -1 -10 0.0 188.0 35.0 252.0 -1 -1 -1 -1000 -1000 -1000 -10 0.0003685951232910156
Pedestrian -1 -1 -10 670.0 176.0 681.0 200.0 -1 -1 -1 -1000 -1000 -1000 -10 0.00036644935607910156
Car -1 -1 -10 689.0 162.0 763.0 230.0 -1 -1 -1 -1000 -1000 -1000 -10 0.0003609657287597656
Car -1 -1 -10 24.0 184.0 267.0 275.0 -1 -1 -1 -1000 -1000 -1000 -10 0.00035691261291503906
Car -1 -1 -10 0.0 189.0 18.0 296.0 -1 -1 -1 -1000 -1000 -1000 -10 0.00034809112548828125
Car -1 -1 -10 542.0 160.0 599.0 195.0 -1 -1 -1 -1000 -1000 -1000 -10 0.0003478527069091797
Car -1 -1 -10 785.0 113.0 975.0 242.0 -1 -1 -1 -1000 -1000 -1000 -10 0.00033974647521972656
Car -1 -1 -10 528.0 144.0 696.0 274.0 -1 -1 -1 -1000 -1000 -1000 -10 0.00032591819763183594
Car -1 -1 -10 0.0 193.0 50.0 330.0 -1 -1 -1 -1000 -1000 -1000 -10 0.0003170967102050781
Car -1 -1 -10 0.0 180.0 13.0 242.0 -1 -1 -1 -1000 -1000 -1000 -10 0.00029730796813964844
Pedestrian -1 -1 -10 679.0 170.0 691.0 194.0 -1 -1 -1 -1000 -1000 -1000 -10 0.0002853870391845703
Car -1 -1 -10 472.0 182.0 521.0 214.0 -1 -1 -1 -1000 -1000 -1000 -10 0.0002720355987548828
Car -1 -1 -10 461.0 175.0 542.0 208.0 -1 -1 -1 -1000 -1000 -1000 -10 0.00026679039001464844
Pedestrian -1 -1 -10 676.0 170.0 695.0 206.0 -1 -1 -1 -1000 -1000 -1000 -10 0.0002658367156982422
Car -1 -1 -10 550.0 164.0 599.0 191.0 -1 -1 -1 -1000 -1000 -1000 -10 0.0002639293670654297
Pedestrian -1 -1 -10 572.0 0.0 635.0 46.0 -1 -1 -1 -1000 -1000 -1000 -10 0.0002636909484863281
Car -1 -1 -10 776.0 132.0 982.0 273.0 -1 -1 -1 -1000 -1000 -1000 -10 0.0002598762512207031
Pedestrian -1 -1 -10 709.0 176.0 770.0 252.0 -1 -1 -1 -1000 -1000 -1000 -10 0.0002593994140625
Car -1 -1 -10 552.0 142.0 720.0 274.0 -1 -1 -1 -1000 -1000 -1000 -10 0.0002574920654296875
Car -1 -1 -10 418.0 133.0 588.0 248.0 -1 -1 -1 -1000 -1000 -1000 -10 0.00025200843811035156
Car -1 -1 -10 648.0 129.0 811.0 250.0 -1 -1 -1 -1000 -1000 -1000 -10 0.00025177001953125
Car -1 -1 -10 711.0 173.0 759.0 215.0 -1 -1 -1 -1000 -1000 -1000 -10 0.00023949146270751953
Car -1 -1 -10 686.0 171.0 736.0 209.0 -1 -1 -1 -1000 -1000 -1000 -10 0.00023365020751953125
Pedestrian -1 -1 -10 673.0 170.0 691.0 205.0 -1 -1 -1 -1000 -1000 -1000 -10 0.0002332925796508789
Pedestrian -1 -1 -10 682.0 174.0 699.0 201.0 -1 -1 -1 -1000 -1000 -1000 -10 0.00022876262664794922
Car -1 -1 -10 320.0 177.0 466.0 243.0 -1 -1 -1 -1000 -1000 -1000 -10 0.00022852420806884766
Car -1 -1 -10 0.0 165.0 53.0 217.0 -1 -1 -1 -1000 -1000 -1000 -10 0.0002180337905883789
Car -1 -1 -10 826.0 173.0 924.0 216.0 -1 -1 -1 -1000 -1000 -1000 -10 0.00021708011627197266
Pedestrian -1 -1 -10 625.0 0.0 675.0 22.0 -1 -1 -1 -1000 -1000 -1000 -10 0.00020813941955566406
Car -1 -1 -10 850.0 166.0 898.0 197.0 -1 -1 -1 -1000 -1000 -1000 -10 0.00020170211791992188
Car -1 -1 -10 0.0 208.0 23.0 375.0 -1 -1 -1 -1000 -1000 -1000 -10 0.00019979476928710938
Car -1 -1 -10 220.0 178.0 353.0 248.0 -1 -1 -1 -1000 -1000 -1000 -10 0.00019860267639160156
Car -1 -1 -10 212.0 170.0 333.0 235.0 -1 -1 -1 -1000 -1000 -1000 -10 0.00019860267639160156
Car -1 -1 -10 242.0 177.0 359.0 228.0 -1 -1 -1 -1000 -1000 -1000 -10 0.00019848346710205078
Car -1 -1 -10 616.0 138.0 790.0 270.0 -1 -1 -1 -1000 -1000 -1000 -10 0.00019824504852294922
Car -1 -1 -10 0.0 195.0 121.0 367.0 -1 -1 -1 -1000 -1000 -1000 -10 0.00018215179443359375
Car -1 -1 -10 0.0 172.0 101.0 312.0 -1 -1 -1 -1000 -1000 -1000 -10 0.00018036365509033203
Car -1 -1 -10 272.0 182.0 318.0 227.0 -1 -1 -1 -1000 -1000 -1000 -10 0.0001653432846069336
Car -1 -1 -10 774.0 114.0 960.0 254.0 -1 -1 -1 -1000 -1000 -1000 -10 0.00016391277313232422
Car -1 -1 -10 225.0 170.0 328.0 220.0 -1 -1 -1 -1000 -1000 -1000 -10 0.00015914440155029297
Pedestrian -1 -1 -10 730.0 192.0 758.0 256.0 -1 -1 -1 -1000 -1000 -1000 -10 0.0001558065414428711
Car -1 -1 -10 0.0 175.0 43.0 234.0 -1 -1 -1 -1000 -1000 -1000 -10 0.00015437602996826172
Car -1 -1 -10 0.0 169.0 44.0 224.0 -1 -1 -1 -1000 -1000 -1000 -10 0.00015032291412353516
Pedestrian -1 -1 -10 633.0 0.0 670.0 25.0 -1 -1 -1 -1000 -1000 -1000 -10 0.00014531612396240234
Car -1 -1 -10 3.0 185.0 227.0 363.0 -1 -1 -1 -1000 -1000 -1000 -10 0.00014448165893554688
Car -1 -1 -10 313.0 179.0 447.0 241.0 -1 -1 -1 -1000 -1000 -1000 -10 0.00014400482177734375
Car -1 -1 -10 525.0 173.0 579.0 197.0 -1 -1 -1 -1000 -1000 -1000 -10 0.0001405477523803711
Car -1 -1 -10 484.0 183.0 564.0 216.0 -1 -1 -1 -1000 -1000 -1000 -10 0.00013911724090576172
Car -1 -1 -10 604.0 173.0 642.0 211.0 -1 -1 -1 -1000 -1000 -1000 -10 0.00013816356658935547
Car -1 -1 -10 745.0 176.0 896.0 270.0 -1 -1 -1 -1000 -1000 -1000 -10 0.0001316070556640625
Car -1 -1 -10 706.0 181.0 761.0 219.0 -1 -1 -1 -1000 -1000 -1000 -10 0.00013136863708496094
Car -1 -1 -10 542.0 137.0 726.0 259.0 -1 -1 -1 -1000 -1000 -1000 -10 0.00012695789337158203
Car -1 -1 -10 610.0 178.0 654.0 224.0 -1 -1 -1 -1000 -1000 -1000 -10 0.00012683868408203125
Car -1 -1 -10 222.0 180.0 301.0 230.0 -1 -1 -1 -1000 -1000 -1000 -10 0.00012612342834472656
Car -1 -1 -10 697.0 170.0 759.0 220.0 -1 -1 -1 -1000 -1000 -1000 -10 0.00011736154556274414
Car -1 -1 -10 1.0 187.0 49.0 250.0 -1 -1 -1 -1000 -1000 -1000 -10 0.00011610984802246094
Car -1 -1 -10 0.0 182.0 219.0 338.0 -1 -1 -1 -1000 -1000 -1000 -10 0.0001157522201538086
Car -1 -1 -10 456.0 175.0 532.0 204.0 -1 -1 -1 -1000 -1000 -1000 -10 0.0001137852668762207
Car -1 -1 -10 0.0 188.0 12.0 251.0 -1 -1 -1 -1000 -1000 -1000 -10 0.00010824203491210938
Car -1 -1 -10 688.0 155.0 841.0 255.0 -1 -1 -1 -1000 -1000 -1000 -10 0.00010693073272705078
Car -1 -1 -10 484.0 162.0 592.0 230.0 -1 -1 -1 -1000 -1000 -1000 -10 0.00010603666305541992
Car -1 -1 -10 334.0 174.0 464.0 226.0 -1 -1 -1 -1000 -1000 -1000 -10 0.00010216236114501953
