Car -1 -1 -10 504.0 179.0 529.0 197.0 -1 -1 -1 -1000 -1000 -1000 -10 0.9140625
Car -1 -1 -10 587.0 179.0 602.0 191.0 -1 -1 -1 -1000 -1000 -1000 -10 0.89501953125
Car -1 -1 -10 528.0 177.0 544.0 190.0 -1 -1 -1 -1000 -1000 -1000 -10 0.0247039794921875
Car -1 -1 -10 587.0 177.0 601.0 188.0 -1 -1 -1 -1000 -1000 -1000 -10 0.0009150505065917969
Car -1 -1 -10 525.0 176.0 544.0 191.0 -1 -1 -1 -1000 -1000 -1000 -10 0.0008950233459472656
Car -1 -1 -10 520.0 175.0 543.0 191.0 -1 -1 -1 -1000 -1000 -1000 -10 0.0007801055908203125
Car -1 -1 -10 502.0 176.0 530.0 205.0 -1 -1 -1 -1000 -1000 -1000 -10 0.0007233619689941406
Car -1 -1 -10 526.0 175.0 544.0 188.0 -1 -1 -1 -1000 -1000 -1000 -10 0.000522613525390625
Car -1 -1 -10 502.0 174.0 530.0 201.0 -1 -1 -1 -1000 -1000 -1000 -10 0.0005221366882324219
Car -1 -1 -10 502.0 198.0 715.0 374.0 -1 -1 -1 -1000 -1000 -1000 -10 0.00035309791564941406
