Car -1 -1 -10 881.0 180.0 1238.0 373.0 -1 -1 -1 -1000 -1000 -1000 -10 0.97216796875
Car -1 -1 -10 345.0 187.0 467.0 262.0 -1 -1 -1 -1000 -1000 -1000 -10 0.96875
Car -1 -1 -10 778.0 184.0 957.0 296.0 -1 -1 -1 -1000 -1000 -1000 -10 0.9658203125
Car -1 -1 -10 731.0 179.0 834.0 250.0 -1 -1 -1 -1000 -1000 -1000 -10 0.96533203125
Car -1 -1 -10 461.0 183.0 529.0 223.0 -1 -1 -1 -1000 -1000 -1000 -10 0.9609375
Car -1 -1 -10 423.0 183.0 506.0 235.0 -1 -1 -1 -1000 -1000 -1000 -10 0.9599609375
Car -1 -1 -10 703.0 178.0 781.0 232.0 -1 -1 -1 -1000 -1000 -1000 -10 0.95556640625
Car -1 -1 -10 534.0 178.0 568.0 204.0 -1 -1 -1 -1000 -1000 -1000 -10 0.93896484375
Car -1 -1 -10 691.0 177.0 748.0 219.0 -1 -1 -1 -1000 -1000 -1000 -10 0.68310546875
Car -1 -1 -10 699.0 177.0 770.0 226.0 -1 -1 -1 -1000 -1000 -1000 -10 0.1580810546875
Car -1 -1 -10 692.0 177.0 741.0 215.0 -1 -1 -1 -1000 -1000 -1000 -10 0.07745361328125
Car -1 -1 -10 686.0 176.0 736.0 215.0 -1 -1 -1 -1000 -1000 -1000 -10 0.0097503662109375
Car -1 -1 -10 461.0 183.0 520.0 220.0 -1 -1 -1 -1000 -1000 -1000 -10 0.0044097900390625
Car -1 -1 -10 1216.0 198.0 1242.0 368.0 -1 -1 -1 -1000 -1000 -1000 -10 0.0015363693237304688
Car -1 -1 -10 726.0 167.0 853.0 263.0 -1 -1 -1 -1000 -1000 -1000 -10 0.00128936767578125
Car -1 -1 -10 690.0 175.0 730.0 209.0 -1 -1 -1 -1000 -1000 -1000 -10 0.0011091232299804688
Car -1 -1 -10 1213.0 216.0 1242.0 375.0 -1 -1 -1 -1000 -1000 -1000 -10 0.0009064674377441406
Car -1 -1 -10 419.0 178.0 510.0 244.0 -1 -1 -1 -1000 -1000 -1000 -10 0.0008196830749511719
Car -1 -1 -10 692.0 184.0 745.0 223.0 -1 -1 -1 -1000 -1000 -1000 -10 0.000751495361328125
Car -1 -1 -10 713.0 172.0 816.0 241.0 -1 -1 -1 -1000 -1000 -1000 -10 0.0007433891296386719
Car -1 -1 -10 538.0 177.0 572.0 203.0 -1 -1 -1 -1000 -1000 -1000 -10 0.00069427490234375
Car -1 -1 -10 1223.0 186.0 1242.0 337.0 -1 -1 -1 -1000 -1000 -1000 -10 0.0006933212280273438
Car -1 -1 -10 700.0 174.0 761.0 217.0 -1 -1 -1 -1000 -1000 -1000 -10 0.0006346702575683594
Car -1 -1 -10 345.0 175.0 473.0 268.0 -1 -1 -1 -1000 -1000 -1000 -10 0.0006093978881835938
Car -1 -1 -10 1199.0 199.0 1242.0 367.0 -1 -1 -1 -1000 -1000 -1000 -10 0.0005536079406738281
Car -1 -1 -10 1.0 223.0 19.0 349.0 -1 -1 -1 -1000 -1000 -1000 -10 0.0005497932434082031
Car -1 -1 -10 533.0 176.0 569.0 209.0 -1 -1 -1 -1000 -1000 -1000 -10 0.0005354881286621094
Car -1 -1 -10 0.0 236.0 20.0 362.0 -1 -1 -1 -1000 -1000 -1000 -10 0.0005030632019042969
Car -1 -1 -10 682.0 175.0 726.0 209.0 -1 -1 -1 -1000 -1000 -1000 -10 0.0004730224609375
Car -1 -1 -10 540.0 175.0 571.0 201.0 -1 -1 -1 -1000 -1000 -1000 -10 0.0004401206970214844
Car -1 -1 -10 0.0 235.0 15.0 334.0 -1 -1 -1 -1000 -1000 -1000 -10 0.0003952980041503906
Car -1 -1 -10 1215.0 183.0 1242.0 341.0 -1 -1 -1 -1000 -1000 -1000 -10 0.0003452301025390625
Car -1 -1 -10 712.0 167.0 839.0 259.0 -1 -1 -1 -1000 -1000 -1000 -10 0.0003361701965332031
Car -1 -1 -10 530.0 178.0 562.0 204.0 -1 -1 -1 -1000 -1000 -1000 -10 0.0003294944763183594
Car -1 -1 -10 692.0 173.0 743.0 212.0 -1 -1 -1 -1000 -1000 -1000 -10 0.00030112266540527344
Car -1 -1 -10 1225.0 181.0 1242.0 302.0 -1 -1 -1 -1000 -1000 -1000 -10 0.00028896331787109375
Car -1 -1 -10 459.0 170.0 537.0 236.0 -1 -1 -1 -1000 -1000 -1000 -10 0.0002856254577636719
Car -1 -1 -10 0.0 216.0 24.0 355.0 -1 -1 -1 -1000 -1000 -1000 -10 0.0002734661102294922
Car -1 -1 -10 0.0 210.0 19.0 323.0 -1 -1 -1 -1000 -1000 -1000 -10 0.0002486705780029297
Car -1 -1 -10 0.0 232.0 25.0 366.0 -1 -1 -1 -1000 -1000 -1000 -10 0.00024628639221191406
Car -1 -1 -10 452.0 172.0 530.0 232.0 -1 -1 -1 -1000 -1000 -1000 -10 0.00020515918731689453
Car -1 -1 -10 1229.0 193.0 1242.0 295.0 -1 -1 -1 -1000 -1000 -1000 -10 0.00020170211791992188
Car -1 -1 -10 661.0 147.0 811.0 251.0 -1 -1 -1 -1000 -1000 -1000 -10 0.0002014636993408203
Car -1 -1 -10 0.0 244.0 15.0 362.0 -1 -1 -1 -1000 -1000 -1000 -10 0.00018668174743652344
Car -1 -1 -10 385.0 158.0 554.0 273.0 -1 -1 -1 -1000 -1000 -1000 -10 0.00017952919006347656
Car -1 -1 -10 1211.0 219.0 1242.0 353.0 -1 -1 -1 -1000 -1000 -1000 -10 0.00017833709716796875
Car -1 -1 -10 1203.0 184.0 1242.0 342.0 -1 -1 -1 -1000 -1000 -1000 -10 0.00017631053924560547
Car -1 -1 -10 419.0 133.0 594.0 280.0 -1 -1 -1 -1000 -1000 -1000 -10 0.00017583370208740234
Car -1 -1 -10 0.0 228.0 15.0 321.0 -1 -1 -1 -1000 -1000 -1000 -10 0.00016570091247558594
Car -1 -1 -10 378.0 144.0 565.0 275.0 -1 -1 -1 -1000 -1000 -1000 -10 0.00015342235565185547
Car -1 -1 -10 1217.0 186.0 1242.0 302.0 -1 -1 -1 -1000 -1000 -1000 -10 0.00014925003051757812
Car -1 -1 -10 1181.0 206.0 1242.0 370.0 -1 -1 -1 -1000 -1000 -1000 -10 0.0001455545425415039
Car -1 -1 -10 0.0 234.0 21.0 335.0 -1 -1 -1 -1000 -1000 -1000 -10 0.00014340877532958984
Car -1 -1 -10 0.0 201.0 24.0 331.0 -1 -1 -1 -1000 -1000 -1000 -10 0.00014030933380126953
Car -1 -1 -10 683.0 180.0 726.0 212.0 -1 -1 -1 -1000 -1000 -1000 -10 0.00013935565948486328
Car -1 -1 -10 1220.0 253.0 1242.0 374.0 -1 -1 -1 -1000 -1000 -1000 -10 0.00013720989227294922
Car -1 -1 -10 650.0 143.0 817.0 270.0 -1 -1 -1 -1000 -1000 -1000 -10 0.00013577938079833984
Car -1 -1 -10 0.0 257.0 23.0 373.0 -1 -1 -1 -1000 -1000 -1000 -10 0.00013124942779541016
Car -1 -1 -10 1228.0 200.0 1242.0 308.0 -1 -1 -1 -1000 -1000 -1000 -10 0.00012934207916259766
Car -1 -1 -10 1226.0 225.0 1242.0 346.0 -1 -1 -1 -1000 -1000 -1000 -10 0.00012421607971191406
Car -1 -1 -10 682.0 170.0 728.0 213.0 -1 -1 -1 -1000 -1000 -1000 -10 0.0001176595687866211
Car -1 -1 -10 1214.0 249.0 1242.0 375.0 -1 -1 -1 -1000 -1000 -1000 -10 0.00011652708053588867
Car -1 -1 -10 1230.0 183.0 1242.0 265.0 -1 -1 -1 -1000 -1000 -1000 -10 0.00011205673217773438
Car -1 -1 -10 1193.0 186.0 1242.0 355.0 -1 -1 -1 -1000 -1000 -1000 -10 0.00011140108108520508
Car -1 -1 -10 682.0 168.0 752.0 232.0 -1 -1 -1 -1000 -1000 -1000 -10 0.00010567903518676758
Car -1 -1 -10 0.0 218.0 15.0 313.0 -1 -1 -1 -1000 -1000 -1000 -10 0.0001035928726196289
