Car -1 -1 -10 0.0 167.0 317.0 334.0 -1 -1 -1 -1000 -1000 -1000 -10 0.9716796875
Car -1 -1 -10 704.0 141.0 826.0 250.0 -1 -1 -1 -1000 -1000 -1000 -10 0.96435546875
Car -1 -1 -10 1023.0 172.0 1242.0 373.0 -1 -1 -1 -1000 -1000 -1000 -10 0.94384765625
Car -1 -1 -10 549.0 176.0 580.0 202.0 -1 -1 -1 -1000 -1000 -1000 -10 0.92822265625
Car -1 -1 -10 684.0 166.0 749.0 223.0 -1 -1 -1 -1000 -1000 -1000 -10 0.927734375
Car -1 -1 -10 587.0 173.0 617.0 195.0 -1 -1 -1 -1000 -1000 -1000 -10 0.92431640625
Car -1 -1 -10 664.0 169.0 699.0 202.0 -1 -1 -1 -1000 -1000 -1000 -10 0.9228515625
Car -1 -1 -10 684.0 158.0 754.0 226.0 -1 -1 -1 -1000 -1000 -1000 -10 0.01294708251953125
Car -1 -1 -10 673.0 167.0 715.0 210.0 -1 -1 -1 -1000 -1000 -1000 -10 0.0072479248046875
Car -1 -1 -10 1030.0 158.0 1236.0 353.0 -1 -1 -1 -1000 -1000 -1000 -10 0.002788543701171875
Car -1 -1 -10 684.0 165.0 739.0 217.0 -1 -1 -1 -1000 -1000 -1000 -10 0.0022373199462890625
Car -1 -1 -10 1065.0 177.0 1201.0 369.0 -1 -1 -1 -1000 -1000 -1000 -10 0.0016841888427734375
Car -1 -1 -10 1067.0 161.0 1241.0 368.0 -1 -1 -1 -1000 -1000 -1000 -10 0.0013942718505859375
Car -1 -1 -10 660.0 132.0 800.0 244.0 -1 -1 -1 -1000 -1000 -1000 -10 0.0011138916015625
Car -1 -1 -10 586.0 171.0 619.0 203.0 -1 -1 -1 -1000 -1000 -1000 -10 0.0008497238159179688
Car -1 -1 -10 690.0 167.0 741.0 222.0 -1 -1 -1 -1000 -1000 -1000 -10 0.0008444786071777344
Car -1 -1 -10 662.0 170.0 693.0 200.0 -1 -1 -1 -1000 -1000 -1000 -10 0.0007348060607910156
Car -1 -1 -10 0.0 201.0 24.0 364.0 -1 -1 -1 -1000 -1000 -1000 -10 0.0006604194641113281
Car -1 -1 -10 585.0 174.0 615.0 196.0 -1 -1 -1 -1000 -1000 -1000 -10 0.0006556510925292969
Car -1 -1 -10 1217.0 180.0 1241.0 373.0 -1 -1 -1 -1000 -1000 -1000 -10 0.0005230903625488281
Car -1 -1 -10 1190.0 161.0 1242.0 367.0 -1 -1 -1 -1000 -1000 -1000 -10 0.0005168914794921875
Car -1 -1 -10 664.0 167.0 698.0 197.0 -1 -1 -1 -1000 -1000 -1000 -10 0.0004897117614746094
Car -1 -1 -10 586.0 169.0 619.0 198.0 -1 -1 -1 -1000 -1000 -1000 -10 0.0004608631134033203
Car -1 -1 -10 548.0 173.0 582.0 207.0 -1 -1 -1 -1000 -1000 -1000 -10 0.00041961669921875
Car -1 -1 -10 1219.0 207.0 1242.0 373.0 -1 -1 -1 -1000 -1000 -1000 -10 0.0003924369812011719
Car -1 -1 -10 1210.0 168.0 1242.0 375.0 -1 -1 -1 -1000 -1000 -1000 -10 0.0003905296325683594
Car -1 -1 -10 1182.0 183.0 1242.0 371.0 -1 -1 -1 -1000 -1000 -1000 -10 0.00034689903259277344
Car -1 -1 -10 0.0 210.0 27.0 375.0 -1 -1 -1 -1000 -1000 -1000 -10 0.00030303001403808594
Car -1 -1 -10 633.0 140.0 778.0 259.0 -1 -1 -1 -1000 -1000 -1000 -10 0.0002987384796142578
Car -1 -1 -10 1198.0 152.0 1242.0 280.0 -1 -1 -1 -1000 -1000 -1000 -10 0.00028228759765625
Car -1 -1 -10 0.0 190.0 22.0 335.0 -1 -1 -1 -1000 -1000 -1000 -10 0.00028133392333984375
Car -1 -1 -10 1052.0 165.0 1192.0 364.0 -1 -1 -1 -1000 -1000 -1000 -10 0.0002803802490234375
Car -1 -1 -10 1009.0 149.0 1221.0 349.0 -1 -1 -1 -1000 -1000 -1000 -10 0.00026607513427734375
Car -1 -1 -10 1051.0 150.0 1242.0 316.0 -1 -1 -1 -1000 -1000 -1000 -10 0.0002651214599609375
Car -1 -1 -10 587.0 171.0 614.0 192.0 -1 -1 -1 -1000 -1000 -1000 -10 0.00024080276489257812
Car -1 -1 -10 1216.0 148.0 1242.0 286.0 -1 -1 -1 -1000 -1000 -1000 -10 0.00024020671844482422
Car -1 -1 -10 1210.0 130.0 1242.0 275.0 -1 -1 -1 -1000 -1000 -1000 -10 0.0002319812774658203
Car -1 -1 -10 1197.0 132.0 1241.0 270.0 -1 -1 -1 -1000 -1000 -1000 -10 0.0002307891845703125
Car -1 -1 -10 1061.0 165.0 1211.0 243.0 -1 -1 -1 -1000 -1000 -1000 -10 0.00021946430206298828
Car -1 -1 -10 1215.0 154.0 1242.0 323.0 -1 -1 -1 -1000 -1000 -1000 -10 0.0002193450927734375
Car -1 -1 -10 1211.0 140.0 1242.0 295.0 -1 -1 -1 -1000 -1000 -1000 -10 0.00021326541900634766
Car -1 -1 -10 1169.0 185.0 1241.0 371.0 -1 -1 -1 -1000 -1000 -1000 -10 0.00021064281463623047
Car -1 -1 -10 1213.0 139.0 1241.0 264.0 -1 -1 -1 -1000 -1000 -1000 -10 0.00021028518676757812
Car -1 -1 -10 1211.0 148.0 1242.0 330.0 -1 -1 -1 -1000 -1000 -1000 -10 0.0002034902572631836
Car -1 -1 -10 1151.0 162.0 1237.0 266.0 -1 -1 -1 -1000 -1000 -1000 -10 0.00020074844360351562
Car -1 -1 -10 1137.0 150.0 1241.0 290.0 -1 -1 -1 -1000 -1000 -1000 -10 0.0001920461654663086
Car -1 -1 -10 1117.0 147.0 1240.0 295.0 -1 -1 -1 -1000 -1000 -1000 -10 0.0001882314682006836
Car -1 -1 -10 1060.0 168.0 1212.0 258.0 -1 -1 -1 -1000 -1000 -1000 -10 0.00017774105072021484
Car -1 -1 -10 1204.0 150.0 1241.0 241.0 -1 -1 -1 -1000 -1000 -1000 -10 0.00017631053924560547
Car -1 -1 -10 1199.0 142.0 1241.0 258.0 -1 -1 -1 -1000 -1000 -1000 -10 0.00017595291137695312
Car -1 -1 -10 1212.0 205.0 1242.0 374.0 -1 -1 -1 -1000 -1000 -1000 -10 0.00016927719116210938
Car -1 -1 -10 555.0 15.0 602.0 52.0 -1 -1 -1 -1000 -1000 -1000 -10 0.00016415119171142578
Car -1 -1 -10 1085.0 150.0 1241.0 338.0 -1 -1 -1 -1000 -1000 -1000 -10 0.00016415119171142578
Car -1 -1 -10 1032.0 150.0 1216.0 294.0 -1 -1 -1 -1000 -1000 -1000 -10 0.00016236305236816406
Car -1 -1 -10 1132.0 155.0 1242.0 371.0 -1 -1 -1 -1000 -1000 -1000 -10 0.00016236305236816406
Car -1 -1 -10 1192.0 152.0 1242.0 326.0 -1 -1 -1 -1000 -1000 -1000 -10 0.000156402587890625
Car -1 -1 -10 0.0 205.0 38.0 358.0 -1 -1 -1 -1000 -1000 -1000 -10 0.00015175342559814453
Car -1 -1 -10 1209.0 141.0 1242.0 232.0 -1 -1 -1 -1000 -1000 -1000 -10 0.00014293193817138672
Car -1 -1 -10 1211.0 113.0 1242.0 260.0 -1 -1 -1 -1000 -1000 -1000 -10 0.00014293193817138672
Car -1 -1 -10 1060.0 155.0 1234.0 286.0 -1 -1 -1 -1000 -1000 -1000 -10 0.00014293193817138672
Car -1 -1 -10 1155.0 157.0 1239.0 253.0 -1 -1 -1 -1000 -1000 -1000 -10 0.00014090538024902344
Car -1 -1 -10 651.0 169.0 685.0 197.0 -1 -1 -1 -1000 -1000 -1000 -10 0.00013768672943115234
Car -1 -1 -10 691.0 164.0 757.0 217.0 -1 -1 -1 -1000 -1000 -1000 -10 0.00013697147369384766
Car -1 -1 -10 1189.0 145.0 1242.0 280.0 -1 -1 -1 -1000 -1000 -1000 -10 0.0001316070556640625
Car -1 -1 -10 1003.0 160.0 1190.0 369.0 -1 -1 -1 -1000 -1000 -1000 -10 0.00013148784637451172
Car -1 -1 -10 0.0 193.0 26.0 331.0 -1 -1 -1 -1000 -1000 -1000 -10 0.00012564659118652344
Car -1 -1 -10 1215.0 124.0 1242.0 249.0 -1 -1 -1 -1000 -1000 -1000 -10 0.00012046098709106445
Car -1 -1 -10 0.0 183.0 22.0 308.0 -1 -1 -1 -1000 -1000 -1000 -10 0.00011622905731201172
Car -1 -1 -10 1132.0 162.0 1242.0 265.0 -1 -1 -1 -1000 -1000 -1000 -10 0.00011533498764038086
Car -1 -1 -10 695.0 166.0 746.0 221.0 -1 -1 -1 -1000 -1000 -1000 -10 0.00011360645294189453
Car -1 -1 -10 1190.0 202.0 1242.0 375.0 -1 -1 -1 -1000 -1000 -1000 -10 0.00011307001113891602
Car -1 -1 -10 1156.0 153.0 1237.0 238.0 -1 -1 -1 -1000 -1000 -1000 -10 0.00010722875595092773
Car -1 -1 -10 1195.0 108.0 1241.0 265.0 -1 -1 -1 -1000 -1000 -1000 -10 0.00010329484939575195
