Car -1 -1 -10 575.0 175.0 614.0 214.0 -1 -1 -1 -1000 -1000 -1000 -10 0.9609375
Car -1 -1 -10 137.0 176.0 213.0 210.0 -1 -1 -1 -1000 -1000 -1000 -10 0.9453125
Car -1 -1 -10 354.0 176.0 386.0 193.0 -1 -1 -1 -1000 -1000 -1000 -10 0.9140625
Car -1 -1 -10 0.0 170.0 44.0 222.0 -1 -1 -1 -1000 -1000 -1000 -10 0.9111328125
Car -1 -1 -10 0.0 166.0 40.0 218.0 -1 -1 -1 -1000 -1000 -1000 -10 0.021331787109375
Car -1 -1 -10 1.0 170.0 26.0 220.0 -1 -1 -1 -1000 -1000 -1000 -10 0.00384521484375
Car -1 -1 -10 1232.0 201.0 1242.0 242.0 -1 -1 -1 -1000 -1000 -1000 -10 0.002613067626953125
Car -1 -1 -10 1233.0 199.0 1242.0 238.0 -1 -1 -1 -1000 -1000 -1000 -10 0.002521514892578125
Car -1 -1 -10 1232.0 198.0 1242.0 240.0 -1 -1 -1 -1000 -1000 -1000 -10 0.001972198486328125
Car -1 -1 -10 354.0 173.0 386.0 191.0 -1 -1 -1 -1000 -1000 -1000 -10 0.0012359619140625
Car -1 -1 -10 1228.0 197.0 1242.0 250.0 -1 -1 -1 -1000 -1000 -1000 -10 0.0011138916015625
Car -1 -1 -10 132.0 163.0 220.0 226.0 -1 -1 -1 -1000 -1000 -1000 -10 0.0010213851928710938
Car -1 -1 -10 1224.0 199.0 1242.0 248.0 -1 -1 -1 -1000 -1000 -1000 -10 0.0008845329284667969
Car -1 -1 -10 1.0 164.0 47.0 216.0 -1 -1 -1 -1000 -1000 -1000 -10 0.0008654594421386719
Car -1 -1 -10 132.0 160.0 218.0 216.0 -1 -1 -1 -1000 -1000 -1000 -10 0.0007495880126953125
Car -1 -1 -10 1232.0 201.0 1242.0 258.0 -1 -1 -1 -1000 -1000 -1000 -10 0.0007085800170898438
Car -1 -1 -10 1228.0 198.0 1242.0 265.0 -1 -1 -1 -1000 -1000 -1000 -10 0.0006952285766601562
Car -1 -1 -10 0.0 190.0 27.0 375.0 -1 -1 -1 -1000 -1000 -1000 -10 0.0006856918334960938
Car -1 -1 -10 94.0 185.0 149.0 210.0 -1 -1 -1 -1000 -1000 -1000 -10 0.0006680488586425781
Car -1 -1 -10 1233.0 206.0 1242.0 252.0 -1 -1 -1 -1000 -1000 -1000 -10 0.0006666183471679688
Car -1 -1 -10 0.0 164.0 49.0 228.0 -1 -1 -1 -1000 -1000 -1000 -10 0.0006518363952636719
Car -1 -1 -10 1223.0 195.0 1241.0 240.0 -1 -1 -1 -1000 -1000 -1000 -10 0.0006160736083984375
Car -1 -1 -10 353.0 174.0 387.0 194.0 -1 -1 -1 -1000 -1000 -1000 -10 0.0005936622619628906
Car -1 -1 -10 90.0 131.0 272.0 277.0 -1 -1 -1 -1000 -1000 -1000 -10 0.0004088878631591797
Car -1 -1 -10 0.0 143.0 31.0 217.0 -1 -1 -1 -1000 -1000 -1000 -10 0.0003936290740966797
Cyclist -1 -1 -10 1227.0 202.0 1242.0 318.0 -1 -1 -1 -1000 -1000 -1000 -10 0.00037860870361328125
Car -1 -1 -10 0.0 217.0 25.0 373.0 -1 -1 -1 -1000 -1000 -1000 -10 0.0003731250762939453
Car -1 -1 -10 1.0 187.0 47.0 375.0 -1 -1 -1 -1000 -1000 -1000 -10 0.00037097930908203125
Car -1 -1 -10 1.0 163.0 46.0 261.0 -1 -1 -1 -1000 -1000 -1000 -10 0.0003674030303955078
Car -1 -1 -10 1221.0 203.0 1242.0 259.0 -1 -1 -1 -1000 -1000 -1000 -10 0.0003581047058105469
Car -1 -1 -10 75.0 134.0 249.0 272.0 -1 -1 -1 -1000 -1000 -1000 -10 0.0003185272216796875
Car -1 -1 -10 94.0 117.0 266.0 240.0 -1 -1 -1 -1000 -1000 -1000 -10 0.0002951622009277344
Car -1 -1 -10 569.0 165.0 626.0 227.0 -1 -1 -1 -1000 -1000 -1000 -10 0.00029468536376953125
Car -1 -1 -10 568.0 160.0 621.0 218.0 -1 -1 -1 -1000 -1000 -1000 -10 0.0002601146697998047
Car -1 -1 -10 1228.0 180.0 1242.0 243.0 -1 -1 -1 -1000 -1000 -1000 -10 0.0002472400665283203
Car -1 -1 -10 7.0 169.0 46.0 219.0 -1 -1 -1 -1000 -1000 -1000 -10 0.00024318695068359375
Car -1 -1 -10 560.0 166.0 618.0 225.0 -1 -1 -1 -1000 -1000 -1000 -10 0.00023639202117919922
Car -1 -1 -10 0.0 167.0 17.0 210.0 -1 -1 -1 -1000 -1000 -1000 -10 0.00023424625396728516
Car -1 -1 -10 1231.0 212.0 1242.0 294.0 -1 -1 -1 -1000 -1000 -1000 -10 0.0002224445343017578
Car -1 -1 -10 1230.0 214.0 1242.0 313.0 -1 -1 -1 -1000 -1000 -1000 -10 0.00022113323211669922
Car -1 -1 -10 1.0 174.0 21.0 223.0 -1 -1 -1 -1000 -1000 -1000 -10 0.0002200603485107422
Car -1 -1 -10 515.0 133.0 684.0 274.0 -1 -1 -1 -1000 -1000 -1000 -10 0.00021922588348388672
Car -1 -1 -10 351.0 174.0 388.0 203.0 -1 -1 -1 -1000 -1000 -1000 -10 0.00020956993103027344
Car -1 -1 -10 351.0 172.0 387.0 198.0 -1 -1 -1 -1000 -1000 -1000 -10 0.00020265579223632812
Car -1 -1 -10 0.0 167.0 21.0 212.0 -1 -1 -1 -1000 -1000 -1000 -10 0.00020205974578857422
Car -1 -1 -10 1232.0 205.0 1242.0 281.0 -1 -1 -1 -1000 -1000 -1000 -10 0.0002015829086303711
Cyclist -1 -1 -10 1225.0 203.0 1242.0 348.0 -1 -1 -1 -1000 -1000 -1000 -10 0.0001894235610961914
Car -1 -1 -10 1232.0 183.0 1242.0 237.0 -1 -1 -1 -1000 -1000 -1000 -10 0.0001786947250366211
Car -1 -1 -10 478.0 136.0 662.0 268.0 -1 -1 -1 -1000 -1000 -1000 -10 0.00016832351684570312
Car -1 -1 -10 1220.0 199.0 1242.0 250.0 -1 -1 -1 -1000 -1000 -1000 -10 0.0001633167266845703
Cyclist -1 -1 -10 1221.0 193.0 1242.0 328.0 -1 -1 -1 -1000 -1000 -1000 -10 0.00015807151794433594
Car -1 -1 -10 517.0 120.0 682.0 242.0 -1 -1 -1 -1000 -1000 -1000 -10 0.00015783309936523438
Car -1 -1 -10 561.0 2.0 626.0 54.0 -1 -1 -1 -1000 -1000 -1000 -10 0.00015461444854736328
Car -1 -1 -10 1232.0 188.0 1242.0 231.0 -1 -1 -1 -1000 -1000 -1000 -10 0.00015294551849365234
Car -1 -1 -10 0.0 174.0 22.0 359.0 -1 -1 -1 -1000 -1000 -1000 -10 0.00015234947204589844
Car -1 -1 -10 93.0 181.0 146.0 211.0 -1 -1 -1 -1000 -1000 -1000 -10 0.00015151500701904297
Car -1 -1 -10 95.0 183.0 160.0 210.0 -1 -1 -1 -1000 -1000 -1000 -10 0.00014734268188476562
Car -1 -1 -10 1221.0 189.0 1242.0 260.0 -1 -1 -1 -1000 -1000 -1000 -10 0.00014007091522216797
Car -1 -1 -10 540.0 1.0 603.0 54.0 -1 -1 -1 -1000 -1000 -1000 -10 0.00013458728790283203
Car -1 -1 -10 531.0 2.0 593.0 54.0 -1 -1 -1 -1000 -1000 -1000 -10 0.0001327991485595703
Car -1 -1 -10 1212.0 195.0 1241.0 252.0 -1 -1 -1 -1000 -1000 -1000 -10 0.00013196468353271484
Car -1 -1 -10 1233.0 216.0 1242.0 268.0 -1 -1 -1 -1000 -1000 -1000 -10 0.00012493133544921875
Car -1 -1 -10 1221.0 207.0 1242.0 277.0 -1 -1 -1 -1000 -1000 -1000 -10 0.00011944770812988281
Car -1 -1 -10 0.0 133.0 101.0 271.0 -1 -1 -1 -1000 -1000 -1000 -10 0.00011777877807617188
Car -1 -1 -10 1232.0 225.0 1242.0 278.0 -1 -1 -1 -1000 -1000 -1000 -10 0.00011724233627319336
Car -1 -1 -10 551.0 2.0 615.0 54.0 -1 -1 -1 -1000 -1000 -1000 -10 0.00011688470840454102
Car -1 -1 -10 1220.0 192.0 1242.0 276.0 -1 -1 -1 -1000 -1000 -1000 -10 0.0001150369644165039
Car -1 -1 -10 0.0 125.0 97.0 245.0 -1 -1 -1 -1000 -1000 -1000 -10 0.0001118779182434082
Car -1 -1 -10 1.0 179.0 43.0 227.0 -1 -1 -1 -1000 -1000 -1000 -10 0.00011080503463745117
Cyclist -1 -1 -10 1229.0 218.0 1242.0 327.0 -1 -1 -1 -1000 -1000 -1000 -10 0.00010859966278076172
Cyclist -1 -1 -10 1219.0 195.0 1242.0 358.0 -1 -1 -1 -1000 -1000 -1000 -10 0.0001036524772644043
Car -1 -1 -10 1224.0 212.0 1242.0 315.0 -1 -1 -1 -1000 -1000 -1000 -10 0.0001024007797241211
