Car -1 -1 -10 740.0 129.0 965.0 305.0 -1 -1 -1 -1000 -1000 -1000 -10 0.96630859375
Car -1 -1 -10 701.0 166.0 790.0 241.0 -1 -1 -1 -1000 -1000 -1000 -10 0.95263671875
Car -1 -1 -10 668.0 172.0 713.0 211.0 -1 -1 -1 -1000 -1000 -1000 -10 0.9306640625
Car -1 -1 -10 582.0 176.0 615.0 200.0 -1 -1 -1 -1000 -1000 -1000 -10 0.9189453125
Car -1 -1 -10 537.0 179.0 572.0 208.0 -1 -1 -1 -1000 -1000 -1000 -10 0.91845703125
Car -1 -1 -10 1182.0 194.0 1242.0 371.0 -1 -1 -1 -1000 -1000 -1000 -10 0.001739501953125
Car -1 -1 -10 1186.0 158.0 1242.0 369.0 -1 -1 -1 -1000 -1000 -1000 -10 0.0013866424560546875
Car -1 -1 -10 774.0 133.0 919.0 297.0 -1 -1 -1 -1000 -1000 -1000 -10 0.0012989044189453125
Car -1 -1 -10 1205.0 199.0 1241.0 365.0 -1 -1 -1 -1000 -1000 -1000 -10 0.0012884140014648438
Car -1 -1 -10 701.0 168.0 777.0 238.0 -1 -1 -1 -1000 -1000 -1000 -10 0.0011320114135742188
Car -1 -1 -10 1208.0 164.0 1242.0 364.0 -1 -1 -1 -1000 -1000 -1000 -10 0.0008206367492675781
Car -1 -1 -10 1207.0 222.0 1242.0 367.0 -1 -1 -1 -1000 -1000 -1000 -10 0.0006618499755859375
Car -1 -1 -10 662.0 163.0 722.0 226.0 -1 -1 -1 -1000 -1000 -1000 -10 0.0006475448608398438
Car -1 -1 -10 1166.0 160.0 1242.0 365.0 -1 -1 -1 -1000 -1000 -1000 -10 0.0006356239318847656
Car -1 -1 -10 580.0 171.0 616.0 203.0 -1 -1 -1 -1000 -1000 -1000 -10 0.0006327629089355469
Car -1 -1 -10 1163.0 206.0 1242.0 370.0 -1 -1 -1 -1000 -1000 -1000 -10 0.0006246566772460938
Car -1 -1 -10 696.0 154.0 815.0 257.0 -1 -1 -1 -1000 -1000 -1000 -10 0.0005574226379394531
Car -1 -1 -10 666.0 172.0 706.0 204.0 -1 -1 -1 -1000 -1000 -1000 -10 0.0004930496215820312
Car -1 -1 -10 663.0 157.0 719.0 218.0 -1 -1 -1 -1000 -1000 -1000 -10 0.0004649162292480469
Car -1 -1 -10 0.0 193.0 26.0 374.0 -1 -1 -1 -1000 -1000 -1000 -10 0.0004253387451171875
Car -1 -1 -10 1188.0 120.0 1241.0 363.0 -1 -1 -1 -1000 -1000 -1000 -10 0.00040984153747558594
Car -1 -1 -10 1204.0 122.0 1242.0 364.0 -1 -1 -1 -1000 -1000 -1000 -10 0.00033736228942871094
Car -1 -1 -10 673.0 171.0 717.0 212.0 -1 -1 -1 -1000 -1000 -1000 -10 0.0003371238708496094
Car -1 -1 -10 670.0 168.0 719.0 217.0 -1 -1 -1 -1000 -1000 -1000 -10 0.00028896331787109375
Car -1 -1 -10 1177.0 225.0 1242.0 374.0 -1 -1 -1 -1000 -1000 -1000 -10 0.00028634071350097656
Car -1 -1 -10 742.0 134.0 928.0 302.0 -1 -1 -1 -1000 -1000 -1000 -10 0.00028061866760253906
Car -1 -1 -10 537.0 176.0 574.0 211.0 -1 -1 -1 -1000 -1000 -1000 -10 0.0002598762512207031
Car -1 -1 -10 549.0 178.0 579.0 200.0 -1 -1 -1 -1000 -1000 -1000 -10 0.0002474784851074219
Car -1 -1 -10 681.0 155.0 798.0 250.0 -1 -1 -1 -1000 -1000 -1000 -10 0.00024318695068359375
Car -1 -1 -10 1173.0 218.0 1241.0 358.0 -1 -1 -1 -1000 -1000 -1000 -10 0.0002397298812866211
Car -1 -1 -10 581.0 173.0 618.0 206.0 -1 -1 -1 -1000 -1000 -1000 -10 0.00022161006927490234
Car -1 -1 -10 0.0 168.0 24.0 367.0 -1 -1 -1 -1000 -1000 -1000 -10 0.00022161006927490234
Car -1 -1 -10 0.0 217.0 29.0 372.0 -1 -1 -1 -1000 -1000 -1000 -10 0.00020551681518554688
Car -1 -1 -10 535.0 184.0 566.0 209.0 -1 -1 -1 -1000 -1000 -1000 -10 0.00020503997802734375
Car -1 -1 -10 0.0 187.0 50.0 375.0 -1 -1 -1 -1000 -1000 -1000 -10 0.0002048015594482422
Car -1 -1 -10 0.0 220.0 48.0 372.0 -1 -1 -1 -1000 -1000 -1000 -10 0.00020372867584228516
Car -1 -1 -10 581.0 175.0 605.0 195.0 -1 -1 -1 -1000 -1000 -1000 -10 0.00018799304962158203
Car -1 -1 -10 1188.0 225.0 1241.0 364.0 -1 -1 -1 -1000 -1000 -1000 -10 0.00018787384033203125
Car -1 -1 -10 603.0 133.0 771.0 272.0 -1 -1 -1 -1000 -1000 -1000 -10 0.00018680095672607422
Car -1 -1 -10 605.0 118.0 769.0 242.0 -1 -1 -1 -1000 -1000 -1000 -10 0.00018203258514404297
Car -1 -1 -10 538.0 184.0 571.0 212.0 -1 -1 -1 -1000 -1000 -1000 -10 0.00018036365509033203
Car -1 -1 -10 1176.0 88.0 1242.0 362.0 -1 -1 -1 -1000 -1000 -1000 -10 0.0001741647720336914
Car -1 -1 -10 706.0 161.0 790.0 233.0 -1 -1 -1 -1000 -1000 -1000 -10 0.0001633167266845703
Car -1 -1 -10 0.0 155.0 29.0 375.0 -1 -1 -1 -1000 -1000 -1000 -10 0.00015974044799804688
Car -1 -1 -10 1157.0 70.0 1242.0 360.0 -1 -1 -1 -1000 -1000 -1000 -10 0.0001474618911743164
Car -1 -1 -10 583.0 171.0 613.0 193.0 -1 -1 -1 -1000 -1000 -1000 -10 0.00013267993927001953
Car -1 -1 -10 699.0 171.0 785.0 250.0 -1 -1 -1 -1000 -1000 -1000 -10 0.00012743473052978516
Car -1 -1 -10 578.0 178.0 604.0 199.0 -1 -1 -1 -1000 -1000 -1000 -10 0.00012731552124023438
Car -1 -1 -10 705.0 161.0 778.0 230.0 -1 -1 -1 -1000 -1000 -1000 -10 0.00011163949966430664
Car -1 -1 -10 666.0 179.0 704.0 211.0 -1 -1 -1 -1000 -1000 -1000 -10 0.0001061558723449707
Pedestrian -1 -1 -10 637.0 0.0 683.0 41.0 -1 -1 -1 -1000 -1000 -1000 -10 0.00010311603546142578
