Car -1 -1 -10 0.0 221.0 198.0 373.0 -1 -1 -1 -1000 -1000 -1000 -10 0.95703125
Car -1 -1 -10 321.0 188.0 419.0 269.0 -1 -1 -1 -1000 -1000 -1000 -10 0.9541015625
Car -1 -1 -10 620.0 175.0 718.0 205.0 -1 -1 -1 -1000 -1000 -1000 -10 0.94775390625
Car -1 -1 -10 483.0 177.0 579.0 210.0 -1 -1 -1 -1000 -1000 -1000 -10 0.94580078125
Car -1 -1 -10 166.0 157.0 301.0 214.0 -1 -1 -1 -1000 -1000 -1000 -10 0.93505859375
Car -1 -1 -10 194.0 177.0 329.0 224.0 -1 -1 -1 -1000 -1000 -1000 -10 0.91943359375
Pedestrian -1 -1 -10 832.0 163.0 873.0 255.0 -1 -1 -1 -1000 -1000 -1000 -10 0.90380859375
Car -1 -1 -10 175.0 162.0 311.0 215.0 -1 -1 -1 -1000 -1000 -1000 -10 0.329345703125
Car -1 -1 -10 172.0 158.0 322.0 211.0 -1 -1 -1 -1000 -1000 -1000 -10 0.05853271484375
Car -1 -1 -10 190.0 164.0 327.0 215.0 -1 -1 -1 -1000 -1000 -1000 -10 0.035247802734375
Car -1 -1 -10 170.0 172.0 279.0 216.0 -1 -1 -1 -1000 -1000 -1000 -10 0.032684326171875
Car -1 -1 -10 199.0 176.0 333.0 218.0 -1 -1 -1 -1000 -1000 -1000 -10 0.031646728515625
Car -1 -1 -10 323.0 187.0 417.0 255.0 -1 -1 -1 -1000 -1000 -1000 -10 0.008636474609375
Pedestrian -1 -1 -10 826.0 162.0 880.0 257.0 -1 -1 -1 -1000 -1000 -1000 -10 0.0028533935546875
Car -1 -1 -10 643.0 179.0 692.0 199.0 -1 -1 -1 -1000 -1000 -1000 -10 0.00234222412109375
Car -1 -1 -10 177.0 159.0 316.0 230.0 -1 -1 -1 -1000 -1000 -1000 -10 0.0023059844970703125
Pedestrian -1 -1 -10 826.0 164.0 869.0 255.0 -1 -1 -1 -1000 -1000 -1000 -10 0.0022487640380859375
Car -1 -1 -10 190.0 161.0 330.0 224.0 -1 -1 -1 -1000 -1000 -1000 -10 0.0021457672119140625
Car -1 -1 -10 342.0 79.0 368.0 99.0 -1 -1 -1 -1000 -1000 -1000 -10 0.0016794204711914062
Car -1 -1 -10 1204.0 200.0 1242.0 367.0 -1 -1 -1 -1000 -1000 -1000 -10 0.001617431640625
Pedestrian -1 -1 -10 834.0 160.0 872.0 244.0 -1 -1 -1 -1000 -1000 -1000 -10 0.0015649795532226562
Car -1 -1 -10 1190.0 195.0 1241.0 372.0 -1 -1 -1 -1000 -1000 -1000 -10 0.0012769699096679688
Car -1 -1 -10 23.0 224.0 170.0 369.0 -1 -1 -1 -1000 -1000 -1000 -10 0.0012636184692382812
Car -1 -1 -10 234.0 181.0 279.0 216.0 -1 -1 -1 -1000 -1000 -1000 -10 0.001232147216796875
Car -1 -1 -10 476.0 164.0 584.0 225.0 -1 -1 -1 -1000 -1000 -1000 -10 0.0010595321655273438
Car -1 -1 -10 629.0 175.0 710.0 204.0 -1 -1 -1 -1000 -1000 -1000 -10 0.0009937286376953125
Car -1 -1 -10 239.0 180.0 285.0 215.0 -1 -1 -1 -1000 -1000 -1000 -10 0.0009527206420898438
Car -1 -1 -10 1182.0 212.0 1242.0 366.0 -1 -1 -1 -1000 -1000 -1000 -10 0.0007462501525878906
Car -1 -1 -10 223.0 176.0 331.0 215.0 -1 -1 -1 -1000 -1000 -1000 -10 0.0007147789001464844
Car -1 -1 -10 346.0 83.0 363.0 94.0 -1 -1 -1 -1000 -1000 -1000 -10 0.0006513595581054688
Car -1 -1 -10 502.0 179.0 551.0 202.0 -1 -1 -1 -1000 -1000 -1000 -10 0.0006275177001953125
Car -1 -1 -10 613.0 163.0 725.0 222.0 -1 -1 -1 -1000 -1000 -1000 -10 0.0006098747253417969
Pedestrian -1 -1 -10 768.0 0.0 811.0 0.0 -1 -1 -1 -1000 -1000 -1000 -10 0.0005931854248046875
Car -1 -1 -10 0.0 154.0 11.0 229.0 -1 -1 -1 -1000 -1000 -1000 -10 0.0005879402160644531
Car -1 -1 -10 0.0 221.0 23.0 373.0 -1 -1 -1 -1000 -1000 -1000 -10 0.0005755424499511719
Car -1 -1 -10 1211.0 219.0 1242.0 370.0 -1 -1 -1 -1000 -1000 -1000 -10 0.0005412101745605469
Car -1 -1 -10 2.0 136.0 69.0 206.0 -1 -1 -1 -1000 -1000 -1000 -10 0.00051116943359375
Car -1 -1 -10 210.0 160.0 256.0 205.0 -1 -1 -1 -1000 -1000 -1000 -10 0.00048804283142089844
Car -1 -1 -10 885.0 0.0 946.0 8.0 -1 -1 -1 -1000 -1000 -1000 -10 0.0004756450653076172
Car -1 -1 -10 613.0 157.0 724.0 212.0 -1 -1 -1 -1000 -1000 -1000 -10 0.0004668235778808594
Car -1 -1 -10 146.0 136.0 342.0 264.0 -1 -1 -1 -1000 -1000 -1000 -10 0.0004608631134033203
Car -1 -1 -10 305.0 182.0 425.0 281.0 -1 -1 -1 -1000 -1000 -1000 -10 0.00045680999755859375
Car -1 -1 -10 217.0 160.0 263.0 204.0 -1 -1 -1 -1000 -1000 -1000 -10 0.00045013427734375
Car -1 -1 -10 507.0 179.0 558.0 201.0 -1 -1 -1 -1000 -1000 -1000 -10 0.00040650367736816406
Car -1 -1 -10 174.0 138.0 347.0 242.0 -1 -1 -1 -1000 -1000 -1000 -10 0.00040221214294433594
Car -1 -1 -10 344.0 82.0 366.0 95.0 -1 -1 -1 -1000 -1000 -1000 -10 0.0003902912139892578
Car -1 -1 -10 1.0 165.0 9.0 216.0 -1 -1 -1 -1000 -1000 -1000 -10 0.00036454200744628906
Car -1 -1 -10 1.0 148.0 21.0 245.0 -1 -1 -1 -1000 -1000 -1000 -10 0.0003600120544433594
Pedestrian -1 -1 -10 834.0 173.0 873.0 240.0 -1 -1 -1 -1000 -1000 -1000 -10 0.00035953521728515625
Car -1 -1 -10 1169.0 204.0 1242.0 367.0 -1 -1 -1 -1000 -1000 -1000 -10 0.0003478527069091797
Car -1 -1 -10 879.0 0.0 955.0 18.0 -1 -1 -1 -1000 -1000 -1000 -10 0.0003352165222167969
Car -1 -1 -10 0.0 127.0 58.0 234.0 -1 -1 -1 -1000 -1000 -1000 -10 0.00033402442932128906
Car -1 -1 -10 0.0 206.0 24.0 361.0 -1 -1 -1 -1000 -1000 -1000 -10 0.0003330707550048828
Car -1 -1 -10 1210.0 177.0 1242.0 360.0 -1 -1 -1 -1000 -1000 -1000 -10 0.0003230571746826172
Car -1 -1 -10 148.0 122.0 327.0 239.0 -1 -1 -1 -1000 -1000 -1000 -10 0.00030541419982910156
Car -1 -1 -10 1.0 159.0 55.0 270.0 -1 -1 -1 -1000 -1000 -1000 -10 0.0003037452697753906
Car -1 -1 -10 315.0 177.0 434.0 274.0 -1 -1 -1 -1000 -1000 -1000 -10 0.0002994537353515625
Car -1 -1 -10 491.0 176.0 573.0 208.0 -1 -1 -1 -1000 -1000 -1000 -10 0.0002987384796142578
Car -1 -1 -10 894.0 0.0 951.0 9.0 -1 -1 -1 -1000 -1000 -1000 -10 0.0002930164337158203
Car -1 -1 -10 1188.0 221.0 1242.0 375.0 -1 -1 -1 -1000 -1000 -1000 -10 0.0002906322479248047
Car -1 -1 -10 580.0 132.0 766.0 273.0 -1 -1 -1 -1000 -1000 -1000 -10 0.0002875328063964844
Car -1 -1 -10 502.0 174.0 582.0 206.0 -1 -1 -1 -1000 -1000 -1000 -10 0.0002872943878173828
Car -1 -1 -10 446.0 131.0 633.0 274.0 -1 -1 -1 -1000 -1000 -1000 -10 0.0002810955047607422
Car -1 -1 -10 0.0 131.0 78.0 219.0 -1 -1 -1 -1000 -1000 -1000 -10 0.00028061866760253906
Pedestrian -1 -1 -10 841.0 169.0 880.0 253.0 -1 -1 -1 -1000 -1000 -1000 -10 0.00027942657470703125
Car -1 -1 -10 862.0 0.0 929.0 0.0 -1 -1 -1 -1000 -1000 -1000 -10 0.00027823448181152344
Car -1 -1 -10 0.0 192.0 52.0 335.0 -1 -1 -1 -1000 -1000 -1000 -10 0.0002770423889160156
Cyclist -1 -1 -10 231.0 0.0 311.0 46.0 -1 -1 -1 -1000 -1000 -1000 -10 0.00027251243591308594
Car -1 -1 -10 2.0 138.0 51.0 205.0 -1 -1 -1 -1000 -1000 -1000 -10 0.00026416778564453125
Car -1 -1 -10 0.0 152.0 10.0 218.0 -1 -1 -1 -1000 -1000 -1000 -10 0.0002639293670654297
Car -1 -1 -10 1.0 154.0 52.0 250.0 -1 -1 -1 -1000 -1000 -1000 -10 0.0002601146697998047
Car -1 -1 -10 165.0 132.0 360.0 268.0 -1 -1 -1 -1000 -1000 -1000 -10 0.0002586841583251953
Car -1 -1 -10 181.0 181.0 305.0 224.0 -1 -1 -1 -1000 -1000 -1000 -10 0.0002551078796386719
Car -1 -1 -10 0.0 154.0 23.0 229.0 -1 -1 -1 -1000 -1000 -1000 -10 0.0002541542053222656
Pedestrian -1 -1 -10 757.0 0.0 804.0 0.0 -1 -1 -1 -1000 -1000 -1000 -10 0.0002536773681640625
Car -1 -1 -10 618.0 172.0 720.0 209.0 -1 -1 -1 -1000 -1000 -1000 -10 0.00024890899658203125
Pedestrian -1 -1 -10 785.0 0.0 818.0 0.0 -1 -1 -1 -1000 -1000 -1000 -10 0.00024390220642089844
Car -1 -1 -10 0.0 226.0 48.0 372.0 -1 -1 -1 -1000 -1000 -1000 -10 0.00024068355560302734
Car -1 -1 -10 0.0 132.0 18.0 233.0 -1 -1 -1 -1000 -1000 -1000 -10 0.00023937225341796875
Car -1 -1 -10 867.0 0.0 923.0 0.0 -1 -1 -1 -1000 -1000 -1000 -10 0.0002257823944091797
Car -1 -1 -10 1188.0 217.0 1240.0 357.0 -1 -1 -1 -1000 -1000 -1000 -10 0.00022327899932861328
Car -1 -1 -10 199.0 158.0 278.0 207.0 -1 -1 -1 -1000 -1000 -1000 -10 0.00021648406982421875
Car -1 -1 -10 0.0 170.0 54.0 244.0 -1 -1 -1 -1000 -1000 -1000 -10 0.00020563602447509766
Car -1 -1 -10 203.0 163.0 282.0 210.0 -1 -1 -1 -1000 -1000 -1000 -10 0.00020325183868408203
Cyclist -1 -1 -10 0.0 200.0 26.0 331.0 -1 -1 -1 -1000 -1000 -1000 -10 0.0001939535140991211
Car -1 -1 -10 872.0 0.0 939.0 0.0 -1 -1 -1 -1000 -1000 -1000 -10 0.00019359588623046875
Car -1 -1 -10 842.0 0.0 914.0 2.0 -1 -1 -1 -1000 -1000 -1000 -10 0.0001919269561767578
Pedestrian -1 -1 -10 800.0 143.0 939.0 274.0 -1 -1 -1 -1000 -1000 -1000 -10 0.00018978118896484375
Car -1 -1 -10 221.0 178.0 300.0 217.0 -1 -1 -1 -1000 -1000 -1000 -10 0.00018680095672607422
Pedestrian -1 -1 -10 779.0 146.0 924.0 275.0 -1 -1 -1 -1000 -1000 -1000 -10 0.00018513202667236328
Car -1 -1 -10 582.0 113.0 762.0 237.0 -1 -1 -1 -1000 -1000 -1000 -10 0.00018298625946044922
Car -1 -1 -10 2.0 135.0 58.0 218.0 -1 -1 -1 -1000 -1000 -1000 -10 0.00018167495727539062
Car -1 -1 -10 2.0 146.0 68.0 217.0 -1 -1 -1 -1000 -1000 -1000 -10 0.00017881393432617188
Car -1 -1 -10 0.0 207.0 49.0 355.0 -1 -1 -1 -1000 -1000 -1000 -10 0.0001773834228515625
Car -1 -1 -10 439.0 121.0 614.0 240.0 -1 -1 -1 -1000 -1000 -1000 -10 0.00017392635345458984
Pedestrian -1 -1 -10 897.0 0.0 948.0 9.0 -1 -1 -1 -1000 -1000 -1000 -10 0.00016951560974121094
Car -1 -1 -10 0.0 254.0 21.0 375.0 -1 -1 -1 -1000 -1000 -1000 -10 0.00016891956329345703
Car -1 -1 -10 343.0 81.0 367.0 102.0 -1 -1 -1 -1000 -1000 -1000 -10 0.00016760826110839844
Cyclist -1 -1 -10 1.0 198.0 55.0 326.0 -1 -1 -1 -1000 -1000 -1000 -10 0.0001634359359741211
Car -1 -1 -10 1.0 207.0 30.0 359.0 -1 -1 -1 -1000 -1000 -1000 -10 0.0001621246337890625
Cyclist -1 -1 -10 0.0 178.0 63.0 295.0 -1 -1 -1 -1000 -1000 -1000 -10 0.00015604496002197266
Car -1 -1 -10 1.0 164.0 27.0 242.0 -1 -1 -1 -1000 -1000 -1000 -10 0.00015556812286376953
Car -1 -1 -10 0.0 133.0 30.0 259.0 -1 -1 -1 -1000 -1000 -1000 -10 0.00015175342559814453
Car -1 -1 -10 0.0 195.0 65.0 254.0 -1 -1 -1 -1000 -1000 -1000 -10 0.0001499652862548828
Pedestrian -1 -1 -10 808.0 0.0 856.0 0.0 -1 -1 -1 -1000 -1000 -1000 -10 0.00014793872833251953
Pedestrian -1 -1 -10 761.0 0.0 817.0 0.0 -1 -1 -1 -1000 -1000 -1000 -10 0.0001462697982788086
Car -1 -1 -10 1.0 168.0 79.0 253.0 -1 -1 -1 -1000 -1000 -1000 -10 0.00014591217041015625
Car -1 -1 -10 0.0 166.0 12.0 234.0 -1 -1 -1 -1000 -1000 -1000 -10 0.0001455545425415039
Car -1 -1 -10 0.0 160.0 8.0 209.0 -1 -1 -1 -1000 -1000 -1000 -10 0.00014412403106689453
Car -1 -1 -10 1.0 147.0 48.0 218.0 -1 -1 -1 -1000 -1000 -1000 -10 0.00014293193817138672
Car -1 -1 -10 507.0 181.0 558.0 206.0 -1 -1 -1 -1000 -1000 -1000 -10 0.0001404285430908203
Car -1 -1 -10 325.0 185.0 413.0 241.0 -1 -1 -1 -1000 -1000 -1000 -10 0.0001379251480102539
Car -1 -1 -10 1.0 130.0 53.0 201.0 -1 -1 -1 -1000 -1000 -1000 -10 0.00013625621795654297
Car -1 -1 -10 0.0 123.0 81.0 228.0 -1 -1 -1 -1000 -1000 -1000 -10 0.00013589859008789062
Car -1 -1 -10 0.0 213.0 169.0 366.0 -1 -1 -1 -1000 -1000 -1000 -10 0.00013494491577148438
Pedestrian -1 -1 -10 809.0 0.0 868.0 0.0 -1 -1 -1 -1000 -1000 -1000 -10 0.00013339519500732422
Pedestrian -1 -1 -10 826.0 0.0 886.0 0.0 -1 -1 -1 -1000 -1000 -1000 -10 0.0001316070556640625
Car -1 -1 -10 0.0 116.0 66.0 241.0 -1 -1 -1 -1000 -1000 -1000 -10 0.00013113021850585938
Car -1 -1 -10 231.0 176.0 277.0 214.0 -1 -1 -1 -1000 -1000 -1000 -10 0.00012993812561035156
Pedestrian -1 -1 -10 794.0 0.0 829.0 0.0 -1 -1 -1 -1000 -1000 -1000 -10 0.00012886524200439453
Car -1 -1 -10 648.0 173.0 722.0 201.0 -1 -1 -1 -1000 -1000 -1000 -10 0.000125885009765625
Car -1 -1 -10 2.0 175.0 63.0 240.0 -1 -1 -1 -1000 -1000 -1000 -10 0.0001251697540283203
Car -1 -1 -10 1.0 215.0 55.0 368.0 -1 -1 -1 -1000 -1000 -1000 -10 0.00012242794036865234
Car -1 -1 -10 804.0 0.0 861.0 0.0 -1 -1 -1 -1000 -1000 -1000 -10 0.00012171268463134766
Car -1 -1 -10 0.0 153.0 30.0 240.0 -1 -1 -1 -1000 -1000 -1000 -10 0.0001201629638671875
Pedestrian -1 -1 -10 908.0 0.0 1026.0 29.0 -1 -1 -1 -1000 -1000 -1000 -10 0.0001188516616821289
Pedestrian -1 -1 -10 841.0 163.0 885.0 247.0 -1 -1 -1 -1000 -1000 -1000 -10 0.00011616945266723633
Car -1 -1 -10 2.0 181.0 54.0 248.0 -1 -1 -1 -1000 -1000 -1000 -10 0.00011593103408813477
Car -1 -1 -10 640.0 177.0 688.0 197.0 -1 -1 -1 -1000 -1000 -1000 -10 0.00011563301086425781
Cyclist -1 -1 -10 0.0 199.0 72.0 266.0 -1 -1 -1 -1000 -1000 -1000 -10 0.00011390447616577148
Pedestrian -1 -1 -10 792.0 0.0 850.0 0.0 -1 -1 -1 -1000 -1000 -1000 -10 0.00011223554611206055
Car -1 -1 -10 198.0 157.0 320.0 206.0 -1 -1 -1 -1000 -1000 -1000 -10 0.00011211633682250977
Car -1 -1 -10 490.0 174.0 585.0 208.0 -1 -1 -1 -1000 -1000 -1000 -10 0.00010836124420166016
Car -1 -1 -10 0.0 192.0 62.0 340.0 -1 -1 -1 -1000 -1000 -1000 -10 0.00010824203491210938
Cyclist -1 -1 -10 0.0 181.0 25.0 300.0 -1 -1 -1 -1000 -1000 -1000 -10 0.00010758638381958008
Car -1 -1 -10 0.0 147.0 25.0 220.0 -1 -1 -1 -1000 -1000 -1000 -10 0.00010627508163452148
Car -1 -1 -10 0.0 117.0 58.0 215.0 -1 -1 -1 -1000 -1000 -1000 -10 0.00010514259338378906
Car -1 -1 -10 0.0 122.0 30.0 242.0 -1 -1 -1 -1000 -1000 -1000 -10 0.00010466575622558594
Car -1 -1 -10 2.0 168.0 26.0 264.0 -1 -1 -1 -1000 -1000 -1000 -10 0.00010371208190917969
Pedestrian -1 -1 -10 751.0 0.0 789.0 0.0 -1 -1 -1 -1000 -1000 -1000 -10 0.00010335445404052734
Car -1 -1 -10 0.0 175.0 10.0 223.0 -1 -1 -1 -1000 -1000 -1000 -10 0.00010246038436889648
Car -1 -1 -10 1.0 139.0 81.0 205.0 -1 -1 -1 -1000 -1000 -1000 -10 0.00010222196578979492
Cyclist -1 -1 -10 1.0 166.0 58.0 273.0 -1 -1 -1 -1000 -1000 -1000 -10 0.00010120868682861328
Car -1 -1 -10 346.0 184.0 417.0 237.0 -1 -1 -1 -1000 -1000 -1000 -10 0.00010079145431518555
Pedestrian -1 -1 -10 748.0 0.0 793.0 0.0 -1 -1 -1 -1000 -1000 -1000 -10 0.00010031461715698242
