Car -1 -1 -10 597.0 100.0 790.0 217.0 -1 -1 -1 -1000 -1000 -1000 -10 0.94287109375
Car -1 -1 -10 0.0 100.0 509.0 260.0 -1 -1 -1 -1000 -1000 -1000 -10 0.9423828125
Car -1 -1 -10 494.0 107.0 615.0 226.0 -1 -1 -1 -1000 -1000 -1000 -10 0.9306640625
Car -1 -1 -10 818.0 107.0 1107.0 208.0 -1 -1 -1 -1000 -1000 -1000 -10 0.9248046875
Car -1 -1 -10 756.0 104.0 873.0 208.0 -1 -1 -1 -1000 -1000 -1000 -10 0.91943359375
Pedestrian -1 -1 -10 206.0 199.0 276.0 349.0 -1 -1 -1 -1000 -1000 -1000 -10 0.9169921875
Car -1 -1 -10 760.0 101.0 860.0 198.0 -1 -1 -1 -1000 -1000 -1000 -10 0.0345458984375
Pedestrian -1 -1 -10 1178.0 144.0 1237.0 374.0 -1 -1 -1 -1000 -1000 -1000 -10 0.0221405029296875
Pedestrian -1 -1 -10 901.0 166.0 926.0 277.0 -1 -1 -1 -1000 -1000 -1000 -10 0.0184783935546875
Pedestrian -1 -1 -10 904.0 169.0 930.0 276.0 -1 -1 -1 -1000 -1000 -1000 -10 0.0180206298828125
Pedestrian -1 -1 -10 901.0 179.0 929.0 279.0 -1 -1 -1 -1000 -1000 -1000 -10 0.0176239013671875
Pedestrian -1 -1 -10 1204.0 165.0 1238.0 374.0 -1 -1 -1 -1000 -1000 -1000 -10 0.01036834716796875
Pedestrian -1 -1 -10 205.0 189.0 284.0 341.0 -1 -1 -1 -1000 -1000 -1000 -10 0.00909423828125
Pedestrian -1 -1 -10 901.0 164.0 928.0 292.0 -1 -1 -1 -1000 -1000 -1000 -10 0.0090484619140625
Pedestrian -1 -1 -10 1165.0 128.0 1237.0 374.0 -1 -1 -1 -1000 -1000 -1000 -10 0.00884246826171875
Car -1 -1 -10 774.0 107.0 891.0 211.0 -1 -1 -1 -1000 -1000 -1000 -10 0.00817108154296875
Pedestrian -1 -1 -10 1155.0 144.0 1235.0 374.0 -1 -1 -1 -1000 -1000 -1000 -10 0.00482177734375
Car -1 -1 -10 1079.0 101.0 1180.0 202.0 -1 -1 -1 -1000 -1000 -1000 -10 0.0036468505859375
Car -1 -1 -10 802.0 111.0 1061.0 205.0 -1 -1 -1 -1000 -1000 -1000 -10 0.0025482177734375
Car -1 -1 -10 0.0 141.0 29.0 249.0 -1 -1 -1 -1000 -1000 -1000 -10 0.0018720626831054688
Car -1 -1 -10 500.0 118.0 607.0 228.0 -1 -1 -1 -1000 -1000 -1000 -10 0.0018720626831054688
Pedestrian -1 -1 -10 1184.0 86.0 1238.0 374.0 -1 -1 -1 -1000 -1000 -1000 -10 0.0017385482788085938
Car -1 -1 -10 0.0 138.0 49.0 243.0 -1 -1 -1 -1000 -1000 -1000 -10 0.001674652099609375
Pedestrian -1 -1 -10 1190.0 199.0 1237.0 374.0 -1 -1 -1 -1000 -1000 -1000 -10 0.00138092041015625
Pedestrian -1 -1 -10 1175.0 76.0 1237.0 374.0 -1 -1 -1 -1000 -1000 -1000 -10 0.0013580322265625
Car -1 -1 -10 619.0 102.0 767.0 212.0 -1 -1 -1 -1000 -1000 -1000 -10 0.0013179779052734375
Car -1 -1 -10 1077.0 111.0 1186.0 207.0 -1 -1 -1 -1000 -1000 -1000 -10 0.0012693405151367188
Pedestrian -1 -1 -10 1211.0 199.0 1238.0 374.0 -1 -1 -1 -1000 -1000 -1000 -10 0.001216888427734375
Car -1 -1 -10 0.0 133.0 32.0 235.0 -1 -1 -1 -1000 -1000 -1000 -10 0.0011577606201171875
Pedestrian -1 -1 -10 1206.0 88.0 1238.0 374.0 -1 -1 -1 -1000 -1000 -1000 -10 0.0011186599731445312
Pedestrian -1 -1 -10 176.0 197.0 296.0 352.0 -1 -1 -1 -1000 -1000 -1000 -10 0.0010890960693359375
Car -1 -1 -10 745.0 105.0 858.0 209.0 -1 -1 -1 -1000 -1000 -1000 -10 0.0010833740234375
Pedestrian -1 -1 -10 1154.0 69.0 1237.0 374.0 -1 -1 -1 -1000 -1000 -1000 -10 0.0010099411010742188
Pedestrian -1 -1 -10 192.0 196.0 306.0 352.0 -1 -1 -1 -1000 -1000 -1000 -10 0.0008306503295898438
Car -1 -1 -10 1092.0 93.0 1168.0 196.0 -1 -1 -1 -1000 -1000 -1000 -10 0.0007853507995605469
Car -1 -1 -10 0.0 138.0 67.0 249.0 -1 -1 -1 -1000 -1000 -1000 -10 0.0007266998291015625
Car -1 -1 -10 510.0 104.0 633.0 223.0 -1 -1 -1 -1000 -1000 -1000 -10 0.0007038116455078125
Car -1 -1 -10 0.0 159.0 23.0 277.0 -1 -1 -1 -1000 -1000 -1000 -10 0.000682830810546875
Pedestrian -1 -1 -10 902.0 155.0 941.0 281.0 -1 -1 -1 -1000 -1000 -1000 -10 0.0006670951843261719
Car -1 -1 -10 1037.0 100.0 1180.0 208.0 -1 -1 -1 -1000 -1000 -1000 -10 0.0006532669067382812
Car -1 -1 -10 583.0 104.0 769.0 219.0 -1 -1 -1 -1000 -1000 -1000 -10 0.0006213188171386719
Car -1 -1 -10 5.0 85.0 511.0 242.0 -1 -1 -1 -1000 -1000 -1000 -10 0.0005970001220703125
Car -1 -1 -10 0.0 128.0 69.0 237.0 -1 -1 -1 -1000 -1000 -1000 -10 0.0005922317504882812
Car -1 -1 -10 594.0 102.0 748.0 216.0 -1 -1 -1 -1000 -1000 -1000 -10 0.00057220458984375
Pedestrian -1 -1 -10 905.0 160.0 930.0 264.0 -1 -1 -1 -1000 -1000 -1000 -10 0.0005583763122558594
Pedestrian -1 -1 -10 1210.0 116.0 1238.0 364.0 -1 -1 -1 -1000 -1000 -1000 -10 0.0005540847778320312
Car -1 -1 -10 0.0 175.0 23.0 301.0 -1 -1 -1 -1000 -1000 -1000 -10 0.0005145072937011719
Car -1 -1 -10 533.0 0.0 594.0 43.0 -1 -1 -1 -1000 -1000 -1000 -10 0.0004892349243164062
Car -1 -1 -10 491.0 105.0 603.0 211.0 -1 -1 -1 -1000 -1000 -1000 -10 0.0004642009735107422
Car -1 -1 -10 0.0 128.0 58.0 245.0 -1 -1 -1 -1000 -1000 -1000 -10 0.0004360675811767578
Car -1 -1 -10 0.0 124.0 53.0 228.0 -1 -1 -1 -1000 -1000 -1000 -10 0.0004334449768066406
Car -1 -1 -10 829.0 121.0 1103.0 213.0 -1 -1 -1 -1000 -1000 -1000 -10 0.0004184246063232422
Pedestrian -1 -1 -10 200.0 195.0 266.0 344.0 -1 -1 -1 -1000 -1000 -1000 -10 0.0004057884216308594
Car -1 -1 -10 1050.0 97.0 1198.0 211.0 -1 -1 -1 -1000 -1000 -1000 -10 0.0003867149353027344
Car -1 -1 -10 501.0 0.0 612.0 46.0 -1 -1 -1 -1000 -1000 -1000 -10 0.0003864765167236328
Car -1 -1 -10 854.0 101.0 1123.0 201.0 -1 -1 -1 -1000 -1000 -1000 -10 0.0003657341003417969
Car -1 -1 -10 0.0 155.0 28.0 280.0 -1 -1 -1 -1000 -1000 -1000 -10 0.00036334991455078125
Car -1 -1 -10 515.0 0.0 601.0 51.0 -1 -1 -1 -1000 -1000 -1000 -10 0.00036215782165527344
Car -1 -1 -10 1.0 152.0 43.0 276.0 -1 -1 -1 -1000 -1000 -1000 -10 0.0003612041473388672
Car -1 -1 -10 0.0 163.0 43.0 325.0 -1 -1 -1 -1000 -1000 -1000 -10 0.0003490447998046875
Car -1 -1 -10 463.0 0.0 532.0 45.0 -1 -1 -1 -1000 -1000 -1000 -10 0.00034737586975097656
Pedestrian -1 -1 -10 1186.0 66.0 1238.0 336.0 -1 -1 -1 -1000 -1000 -1000 -10 0.00032210350036621094
Car -1 -1 -10 0.0 138.0 15.0 230.0 -1 -1 -1 -1000 -1000 -1000 -10 0.0003173351287841797
Car -1 -1 -10 784.0 109.0 905.0 213.0 -1 -1 -1 -1000 -1000 -1000 -10 0.00030517578125
Car -1 -1 -10 455.0 0.0 578.0 46.0 -1 -1 -1 -1000 -1000 -1000 -10 0.0003027915954589844
Car -1 -1 -10 893.0 117.0 1030.0 200.0 -1 -1 -1 -1000 -1000 -1000 -10 0.0002961158752441406
Car -1 -1 -10 1070.0 95.0 1210.0 215.0 -1 -1 -1 -1000 -1000 -1000 -10 0.0002949237823486328
Pedestrian -1 -1 -10 1115.0 125.0 1238.0 374.0 -1 -1 -1 -1000 -1000 -1000 -10 0.0002942085266113281
Car -1 -1 -10 0.0 187.0 27.0 274.0 -1 -1 -1 -1000 -1000 -1000 -10 0.0002765655517578125
Car -1 -1 -10 1069.0 94.0 1175.0 194.0 -1 -1 -1 -1000 -1000 -1000 -10 0.0002760887145996094
Car -1 -1 -10 0.0 183.0 23.0 330.0 -1 -1 -1 -1000 -1000 -1000 -10 0.0002713203430175781
Pedestrian -1 -1 -10 905.0 172.0 938.0 294.0 -1 -1 -1 -1000 -1000 -1000 -10 0.00026917457580566406
Car -1 -1 -10 0.0 188.0 28.0 295.0 -1 -1 -1 -1000 -1000 -1000 -10 0.00025177001953125
Car -1 -1 -10 1101.0 89.0 1228.0 227.0 -1 -1 -1 -1000 -1000 -1000 -10 0.00024890899658203125
Car -1 -1 -10 471.0 0.0 561.0 50.0 -1 -1 -1 -1000 -1000 -1000 -10 0.0002474784851074219
Car -1 -1 -10 717.0 100.0 874.0 215.0 -1 -1 -1 -1000 -1000 -1000 -10 0.0002455711364746094
Pedestrian -1 -1 -10 897.0 179.0 924.0 282.0 -1 -1 -1 -1000 -1000 -1000 -10 0.00024509429931640625
Car -1 -1 -10 1077.0 122.0 1194.0 217.0 -1 -1 -1 -1000 -1000 -1000 -10 0.00023233890533447266
Car -1 -1 -10 770.0 105.0 851.0 202.0 -1 -1 -1 -1000 -1000 -1000 -10 0.00022840499877929688
Car -1 -1 -10 1048.0 98.0 1173.0 194.0 -1 -1 -1 -1000 -1000 -1000 -10 0.00021374225616455078
Car -1 -1 -10 1064.0 92.0 1188.0 199.0 -1 -1 -1 -1000 -1000 -1000 -10 0.00021147727966308594
Car -1 -1 -10 0.0 128.0 35.0 222.0 -1 -1 -1 -1000 -1000 -1000 -10 0.00021064281463623047
Pedestrian -1 -1 -10 1213.0 106.0 1238.0 339.0 -1 -1 -1 -1000 -1000 -1000 -10 0.00020766258239746094
Car -1 -1 -10 0.0 190.0 15.0 269.0 -1 -1 -1 -1000 -1000 -1000 -10 0.0001976490020751953
Car -1 -1 -10 1128.0 79.0 1238.0 246.0 -1 -1 -1 -1000 -1000 -1000 -10 0.00019252300262451172
Car -1 -1 -10 1164.0 31.0 1238.0 253.0 -1 -1 -1 -1000 -1000 -1000 -10 0.0001919269561767578
Pedestrian -1 -1 -10 1209.0 69.0 1238.0 334.0 -1 -1 -1 -1000 -1000 -1000 -10 0.00018835067749023438
Car -1 -1 -10 479.0 0.0 545.0 45.0 -1 -1 -1 -1000 -1000 -1000 -10 0.00018835067749023438
Car -1 -1 -10 1157.0 68.0 1236.0 248.0 -1 -1 -1 -1000 -1000 -1000 -10 0.00018072128295898438
Car -1 -1 -10 1085.0 102.0 1203.0 209.0 -1 -1 -1 -1000 -1000 -1000 -10 0.00017833709716796875
Car -1 -1 -10 486.0 0.0 551.0 45.0 -1 -1 -1 -1000 -1000 -1000 -10 0.00017535686492919922
Car -1 -1 -10 755.0 98.0 898.0 211.0 -1 -1 -1 -1000 -1000 -1000 -10 0.00016999244689941406
Car -1 -1 -10 1003.0 99.0 1165.0 207.0 -1 -1 -1 -1000 -1000 -1000 -10 0.00016760826110839844
Car -1 -1 -10 0.0 83.0 8.0 160.0 -1 -1 -1 -1000 -1000 -1000 -10 0.00016701221466064453
Car -1 -1 -10 0.0 159.0 14.0 250.0 -1 -1 -1 -1000 -1000 -1000 -10 0.0001590251922607422
Car -1 -1 -10 532.0 0.0 680.0 49.0 -1 -1 -1 -1000 -1000 -1000 -10 0.0001506805419921875
Pedestrian -1 -1 -10 1154.0 204.0 1236.0 374.0 -1 -1 -1 -1000 -1000 -1000 -10 0.00014913082122802734
Car -1 -1 -10 1175.0 58.0 1237.0 295.0 -1 -1 -1 -1000 -1000 -1000 -10 0.0001480579376220703
Pedestrian -1 -1 -10 1182.0 223.0 1237.0 374.0 -1 -1 -1 -1000 -1000 -1000 -10 0.00014722347259521484
Car -1 -1 -10 1094.0 111.0 1169.0 207.0 -1 -1 -1 -1000 -1000 -1000 -10 0.00014722347259521484
Car -1 -1 -10 1077.0 88.0 1203.0 202.0 -1 -1 -1 -1000 -1000 -1000 -10 0.0001455545425415039
Car -1 -1 -10 0.0 157.0 38.0 316.0 -1 -1 -1 -1000 -1000 -1000 -10 0.00014531612396240234
Car -1 -1 -10 209.0 114.0 507.0 243.0 -1 -1 -1 -1000 -1000 -1000 -10 0.00014352798461914062
Car -1 -1 -10 2.0 158.0 47.0 249.0 -1 -1 -1 -1000 -1000 -1000 -10 0.00014102458953857422
Pedestrian -1 -1 -10 1208.0 231.0 1238.0 374.0 -1 -1 -1 -1000 -1000 -1000 -10 0.00014066696166992188
Pedestrian -1 -1 -10 898.0 171.0 923.0 273.0 -1 -1 -1 -1000 -1000 -1000 -10 0.0001404285430908203
Car -1 -1 -10 772.0 102.0 879.0 202.0 -1 -1 -1 -1000 -1000 -1000 -10 0.00014030933380126953
Pedestrian -1 -1 -10 1215.0 237.0 1238.0 374.0 -1 -1 -1 -1000 -1000 -1000 -10 0.0001373291015625
Pedestrian -1 -1 -10 1214.0 94.0 1238.0 309.0 -1 -1 -1 -1000 -1000 -1000 -10 0.0001373291015625
Car -1 -1 -10 1033.0 106.0 1164.0 197.0 -1 -1 -1 -1000 -1000 -1000 -10 0.00013685226440429688
Pedestrian -1 -1 -10 1183.0 132.0 1238.0 349.0 -1 -1 -1 -1000 -1000 -1000 -10 0.0001348257064819336
Car -1 -1 -10 0.0 109.0 25.0 223.0 -1 -1 -1 -1000 -1000 -1000 -10 0.0001341104507446289
Pedestrian -1 -1 -10 1117.0 179.0 1238.0 374.0 -1 -1 -1 -1000 -1000 -1000 -10 0.00013244152069091797
Car -1 -1 -10 0.0 102.0 53.0 233.0 -1 -1 -1 -1000 -1000 -1000 -10 0.00013184547424316406
Car -1 -1 -10 730.0 108.0 829.0 210.0 -1 -1 -1 -1000 -1000 -1000 -10 0.00012981891632080078
Car -1 -1 -10 1.0 159.0 28.0 245.0 -1 -1 -1 -1000 -1000 -1000 -10 0.00012874603271484375
Car -1 -1 -10 0.0 193.0 27.0 310.0 -1 -1 -1 -1000 -1000 -1000 -10 0.00012612342834472656
Car -1 -1 -10 0.0 76.0 8.0 147.0 -1 -1 -1 -1000 -1000 -1000 -10 0.00012540817260742188
Pedestrian -1 -1 -10 1221.0 237.0 1238.0 373.0 -1 -1 -1 -1000 -1000 -1000 -10 0.00012230873107910156
Car -1 -1 -10 1066.0 103.0 1219.0 241.0 -1 -1 -1 -1000 -1000 -1000 -10 0.00012010335922241211
Pedestrian -1 -1 -10 1157.0 103.0 1236.0 339.0 -1 -1 -1 -1000 -1000 -1000 -10 0.00011819601058959961
Pedestrian -1 -1 -10 1160.0 232.0 1233.0 357.0 -1 -1 -1 -1000 -1000 -1000 -10 0.00011789798736572266
Car -1 -1 -10 1140.0 67.0 1238.0 218.0 -1 -1 -1 -1000 -1000 -1000 -10 0.00011771917343139648
Car -1 -1 -10 0.0 191.0 15.0 293.0 -1 -1 -1 -1000 -1000 -1000 -10 0.00011771917343139648
Car -1 -1 -10 1023.0 97.0 1184.0 196.0 -1 -1 -1 -1000 -1000 -1000 -10 0.00011736154556274414
Car -1 -1 -10 1034.0 91.0 1231.0 227.0 -1 -1 -1 -1000 -1000 -1000 -10 0.00011664628982543945
Car -1 -1 -10 1152.0 79.0 1235.0 317.0 -1 -1 -1 -1000 -1000 -1000 -10 0.0001156926155090332
Car -1 -1 -10 905.0 115.0 1034.0 191.0 -1 -1 -1 -1000 -1000 -1000 -10 0.00011545419692993164
Car -1 -1 -10 0.0 184.0 26.0 261.0 -1 -1 -1 -1000 -1000 -1000 -10 0.00011533498764038086
Car -1 -1 -10 1104.0 95.0 1229.0 258.0 -1 -1 -1 -1000 -1000 -1000 -10 0.00011432170867919922
Car -1 -1 -10 762.0 121.0 867.0 218.0 -1 -1 -1 -1000 -1000 -1000 -10 0.00011330842971801758
Car -1 -1 -10 1077.0 137.0 1199.0 224.0 -1 -1 -1 -1000 -1000 -1000 -10 0.00011271238327026367
Pedestrian -1 -1 -10 1206.0 132.0 1238.0 345.0 -1 -1 -1 -1000 -1000 -1000 -10 0.00011181831359863281
Car -1 -1 -10 1.0 186.0 14.0 260.0 -1 -1 -1 -1000 -1000 -1000 -10 0.00011068582534790039
Car -1 -1 -10 796.0 111.0 916.0 211.0 -1 -1 -1 -1000 -1000 -1000 -10 0.00011008977890014648
Car -1 -1 -10 574.0 103.0 636.0 217.0 -1 -1 -1 -1000 -1000 -1000 -10 0.00010848045349121094
Pedestrian -1 -1 -10 1105.0 74.0 1238.0 369.0 -1 -1 -1 -1000 -1000 -1000 -10 0.00010842084884643555
Car -1 -1 -10 616.0 97.0 781.0 201.0 -1 -1 -1 -1000 -1000 -1000 -10 0.00010305643081665039
Car -1 -1 -10 0.0 190.0 24.0 363.0 -1 -1 -1 -1000 -1000 -1000 -10 0.00010246038436889648
Car -1 -1 -10 0.0 93.0 7.0 147.0 -1 -1 -1 -1000 -1000 -1000 -10 0.00010192394256591797
Car -1 -1 -10 0.0 144.0 17.0 240.0 -1 -1 -1 -1000 -1000 -1000 -10 0.00010097026824951172
