Car -1 -1 -10 354.0 182.0 429.0 226.0 -1 -1 -1 -1000 -1000 -1000 -10 0.96435546875
Car -1 -1 -10 102.0 200.0 289.0 290.0 -1 -1 -1 -1000 -1000 -1000 -10 0.96240234375
Car -1 -1 -10 245.0 187.0 366.0 251.0 -1 -1 -1 -1000 -1000 -1000 -10 0.9580078125
Car -1 -1 -10 674.0 174.0 757.0 245.0 -1 -1 -1 -1000 -1000 -1000 -10 0.9482421875
Car -1 -1 -10 709.0 175.0 866.0 284.0 -1 -1 -1 -1000 -1000 -1000 -10 0.94775390625
Pedestrian -1 -1 -10 910.0 156.0 963.0 291.0 -1 -1 -1 -1000 -1000 -1000 -10 0.93359375
Car -1 -1 -10 644.0 167.0 682.0 206.0 -1 -1 -1 -1000 -1000 -1000 -10 0.892578125
Car -1 -1 -10 581.0 174.0 614.0 205.0 -1 -1 -1 -1000 -1000 -1000 -10 0.88916015625
Car -1 -1 -10 630.0 171.0 651.0 190.0 -1 -1 -1 -1000 -1000 -1000 -10 0.84423828125
Car -1 -1 -10 591.0 169.0 618.0 197.0 -1 -1 -1 -1000 -1000 -1000 -10 0.76025390625
Car -1 -1 -10 631.0 170.0 653.0 191.0 -1 -1 -1 -1000 -1000 -1000 -10 0.0182037353515625
Pedestrian -1 -1 -10 915.0 156.0 971.0 292.0 -1 -1 -1 -1000 -1000 -1000 -10 0.00177764892578125
Pedestrian -1 -1 -10 902.0 157.0 958.0 287.0 -1 -1 -1 -1000 -1000 -1000 -10 0.0016202926635742188
Car -1 -1 -10 631.0 171.0 657.0 196.0 -1 -1 -1 -1000 -1000 -1000 -10 0.0016021728515625
Car -1 -1 -10 595.0 166.0 620.0 193.0 -1 -1 -1 -1000 -1000 -1000 -10 0.0014352798461914062
Car -1 -1 -10 0.0 221.0 30.0 369.0 -1 -1 -1 -1000 -1000 -1000 -10 0.00118255615234375
Car -1 -1 -10 231.0 174.0 382.0 277.0 -1 -1 -1 -1000 -1000 -1000 -10 0.0011310577392578125
Car -1 -1 -10 0.0 222.0 44.0 372.0 -1 -1 -1 -1000 -1000 -1000 -10 0.0009474754333496094
Pedestrian -1 -1 -10 871.0 149.0 995.0 295.0 -1 -1 -1 -1000 -1000 -1000 -10 0.0009121894836425781
Pedestrian -1 -1 -10 1219.0 126.0 1242.0 320.0 -1 -1 -1 -1000 -1000 -1000 -10 0.0008759498596191406
Car -1 -1 -10 662.0 163.0 784.0 260.0 -1 -1 -1 -1000 -1000 -1000 -10 0.0008459091186523438
Car -1 -1 -10 1224.0 165.0 1242.0 349.0 -1 -1 -1 -1000 -1000 -1000 -10 0.0008130073547363281
Car -1 -1 -10 331.0 178.0 431.0 244.0 -1 -1 -1 -1000 -1000 -1000 -10 0.0008106231689453125
Car -1 -1 -10 349.0 171.0 435.0 239.0 -1 -1 -1 -1000 -1000 -1000 -10 0.0007843971252441406
Car -1 -1 -10 581.0 173.0 607.0 199.0 -1 -1 -1 -1000 -1000 -1000 -10 0.0006561279296875
Pedestrian -1 -1 -10 893.0 152.0 1001.0 294.0 -1 -1 -1 -1000 -1000 -1000 -10 0.00063323974609375
Pedestrian -1 -1 -10 1221.0 142.0 1242.0 334.0 -1 -1 -1 -1000 -1000 -1000 -10 0.0006322860717773438
Car -1 -1 -10 651.0 158.0 725.0 221.0 -1 -1 -1 -1000 -1000 -1000 -10 0.0005946159362792969
Car -1 -1 -10 594.0 163.0 619.0 190.0 -1 -1 -1 -1000 -1000 -1000 -10 0.0005879402160644531
Car -1 -1 -10 121.0 201.0 269.0 286.0 -1 -1 -1 -1000 -1000 -1000 -10 0.0005860328674316406
Car -1 -1 -10 644.0 164.0 767.0 259.0 -1 -1 -1 -1000 -1000 -1000 -10 0.0004856586456298828
Car -1 -1 -10 587.0 166.0 618.0 204.0 -1 -1 -1 -1000 -1000 -1000 -10 0.0004761219024658203
Car -1 -1 -10 1219.0 154.0 1242.0 359.0 -1 -1 -1 -1000 -1000 -1000 -10 0.00047397613525390625
Car -1 -1 -10 595.0 172.0 619.0 196.0 -1 -1 -1 -1000 -1000 -1000 -10 0.00046563148498535156
Car -1 -1 -10 0.0 204.0 21.0 333.0 -1 -1 -1 -1000 -1000 -1000 -10 0.0004265308380126953
Car -1 -1 -10 0.0 219.0 61.0 367.0 -1 -1 -1 -1000 -1000 -1000 -10 0.00039958953857421875
Car -1 -1 -10 625.0 171.0 642.0 190.0 -1 -1 -1 -1000 -1000 -1000 -10 0.00030493736267089844
Car -1 -1 -10 630.0 167.0 653.0 198.0 -1 -1 -1 -1000 -1000 -1000 -10 0.00029754638671875
Car -1 -1 -10 1212.0 127.0 1242.0 351.0 -1 -1 -1 -1000 -1000 -1000 -10 0.00029206275939941406
Cyclist -1 -1 -10 1210.0 113.0 1242.0 327.0 -1 -1 -1 -1000 -1000 -1000 -10 0.0002791881561279297
Car -1 -1 -10 299.0 134.0 482.0 280.0 -1 -1 -1 -1000 -1000 -1000 -10 0.0002703666687011719
Car -1 -1 -10 310.0 138.0 473.0 252.0 -1 -1 -1 -1000 -1000 -1000 -10 0.0002663135528564453
Car -1 -1 -10 281.0 190.0 329.0 244.0 -1 -1 -1 -1000 -1000 -1000 -10 0.00025200843811035156
Car -1 -1 -10 0.0 196.0 26.0 342.0 -1 -1 -1 -1000 -1000 -1000 -10 0.0002512931823730469
Car -1 -1 -10 0.0 204.0 46.0 351.0 -1 -1 -1 -1000 -1000 -1000 -10 0.00023353099822998047
Pedestrian -1 -1 -10 1217.0 145.0 1242.0 330.0 -1 -1 -1 -1000 -1000 -1000 -10 0.00023114681243896484
Car -1 -1 -10 292.0 148.0 462.0 274.0 -1 -1 -1 -1000 -1000 -1000 -10 0.0002256631851196289
Car -1 -1 -10 1229.0 199.0 1242.0 328.0 -1 -1 -1 -1000 -1000 -1000 -10 0.00022172927856445312
Car -1 -1 -10 0.0 216.0 17.0 337.0 -1 -1 -1 -1000 -1000 -1000 -10 0.000217437744140625
Car -1 -1 -10 1213.0 151.0 1242.0 368.0 -1 -1 -1 -1000 -1000 -1000 -10 0.00021064281463623047
Car -1 -1 -10 1219.0 185.0 1242.0 320.0 -1 -1 -1 -1000 -1000 -1000 -10 0.0002090930938720703
Car -1 -1 -10 0.0 229.0 52.0 374.0 -1 -1 -1 -1000 -1000 -1000 -10 0.00020301342010498047
Car -1 -1 -10 633.0 154.0 686.0 212.0 -1 -1 -1 -1000 -1000 -1000 -10 0.00018930435180664062
Cyclist -1 -1 -10 1219.0 115.0 1242.0 296.0 -1 -1 -1 -1000 -1000 -1000 -10 0.00018477439880371094
Pedestrian -1 -1 -10 661.0 0.0 692.0 1.0 -1 -1 -1 -1000 -1000 -1000 -10 0.00018453598022460938
Car -1 -1 -10 1228.0 188.0 1242.0 317.0 -1 -1 -1 -1000 -1000 -1000 -10 0.00017511844635009766
Car -1 -1 -10 644.0 168.0 675.0 195.0 -1 -1 -1 -1000 -1000 -1000 -10 0.00017344951629638672
Car -1 -1 -10 681.0 168.0 754.0 236.0 -1 -1 -1 -1000 -1000 -1000 -10 0.00016057491302490234
Car -1 -1 -10 0.0 213.0 15.0 316.0 -1 -1 -1 -1000 -1000 -1000 -10 0.00015556812286376953
Pedestrian -1 -1 -10 867.0 0.0 935.0 1.0 -1 -1 -1 -1000 -1000 -1000 -10 0.0001367330551147461
Car -1 -1 -10 0.0 215.0 23.0 340.0 -1 -1 -1 -1000 -1000 -1000 -10 0.00013124942779541016
Car -1 -1 -10 633.0 160.0 687.0 221.0 -1 -1 -1 -1000 -1000 -1000 -10 0.00012636184692382812
Car -1 -1 -10 1224.0 211.0 1242.0 372.0 -1 -1 -1 -1000 -1000 -1000 -10 0.00012409687042236328
Car -1 -1 -10 1212.0 151.0 1242.0 329.0 -1 -1 -1 -1000 -1000 -1000 -10 0.00012302398681640625
Car -1 -1 -10 0.0 212.0 14.0 296.0 -1 -1 -1 -1000 -1000 -1000 -10 0.0001195073127746582
Car -1 -1 -10 586.0 167.0 612.0 196.0 -1 -1 -1 -1000 -1000 -1000 -10 0.00011932849884033203
Car -1 -1 -10 355.0 185.0 429.0 233.0 -1 -1 -1 -1000 -1000 -1000 -10 0.00011670589447021484
Car -1 -1 -10 1212.0 183.0 1242.0 374.0 -1 -1 -1 -1000 -1000 -1000 -10 0.00011616945266723633
Cyclist -1 -1 -10 1209.0 104.0 1242.0 296.0 -1 -1 -1 -1000 -1000 -1000 -10 0.00011587142944335938
Car -1 -1 -10 0.0 247.0 29.0 375.0 -1 -1 -1 -1000 -1000 -1000 -10 0.00011467933654785156
Car -1 -1 -10 566.0 118.0 727.0 237.0 -1 -1 -1 -1000 -1000 -1000 -10 0.00011390447616577148
Car -1 -1 -10 648.0 166.0 681.0 197.0 -1 -1 -1 -1000 -1000 -1000 -10 0.00011277198791503906
Car -1 -1 -10 0.0 195.0 41.0 341.0 -1 -1 -1 -1000 -1000 -1000 -10 0.00010842084884643555
Pedestrian -1 -1 -10 846.0 0.0 906.0 0.0 -1 -1 -1 -1000 -1000 -1000 -10 0.00010508298873901367
Car -1 -1 -10 0.0 217.0 26.0 355.0 -1 -1 -1 -1000 -1000 -1000 -10 0.00010377168655395508
Car -1 -1 -10 0.0 200.0 57.0 354.0 -1 -1 -1 -1000 -1000 -1000 -10 0.00010055303573608398
