Pedestrian -1 -1 -10 466.0 167.0 497.0 249.0 -1 -1 -1 -1000 -1000 -1000 -10 0.912109375
Pedestrian -1 -1 -10 730.0 166.0 752.0 222.0 -1 -1 -1 -1000 -1000 -1000 -10 0.90185546875
Pedestrian -1 -1 -10 712.0 166.0 731.0 222.0 -1 -1 -1 -1000 -1000 -1000 -10 0.89990234375
Pedestrian -1 -1 -10 518.0 177.0 539.0 232.0 -1 -1 -1 -1000 -1000 -1000 -10 0.88037109375
Pedestrian -1 -1 -10 1179.0 157.0 1241.0 302.0 -1 -1 -1 -1000 -1000 -1000 -10 0.80712890625
Pedestrian -1 -1 -10 1203.0 151.0 1242.0 310.0 -1 -1 -1 -1000 -1000 -1000 -10 0.58642578125
Pedestrian -1 -1 -10 718.0 166.0 752.0 222.0 -1 -1 -1 -1000 -1000 -1000 -10 0.404052734375
Pedestrian -1 -1 -10 1173.0 162.0 1229.0 298.0 -1 -1 -1 -1000 -1000 -1000 -10 0.377197265625
Pedestrian -1 -1 -10 516.0 174.0 538.0 234.0 -1 -1 -1 -1000 -1000 -1000 -10 0.279541015625
Pedestrian -1 -1 -10 1219.0 161.0 1242.0 305.0 -1 -1 -1 -1000 -1000 -1000 -10 0.08392333984375
Pedestrian -1 -1 -10 1209.0 165.0 1242.0 309.0 -1 -1 -1 -1000 -1000 -1000 -10 0.0740966796875
Pedestrian -1 -1 -10 496.0 175.0 517.0 235.0 -1 -1 -1 -1000 -1000 -1000 -10 0.07391357421875
Pedestrian -1 -1 -10 1192.0 166.0 1242.0 308.0 -1 -1 -1 -1000 -1000 -1000 -10 0.04351806640625
Pedestrian -1 -1 -10 1192.0 153.0 1239.0 290.0 -1 -1 -1 -1000 -1000 -1000 -10 0.03564453125
Pedestrian -1 -1 -10 711.0 167.0 728.0 220.0 -1 -1 -1 -1000 -1000 -1000 -10 0.0209503173828125
Pedestrian -1 -1 -10 495.0 171.0 517.0 240.0 -1 -1 -1 -1000 -1000 -1000 -10 0.01511383056640625
Pedestrian -1 -1 -10 714.0 169.0 733.0 222.0 -1 -1 -1 -1000 -1000 -1000 -10 0.007373809814453125
Pedestrian -1 -1 -10 1212.0 142.0 1242.0 286.0 -1 -1 -1 -1000 -1000 -1000 -10 0.0068359375
Pedestrian -1 -1 -10 1223.0 149.0 1242.0 286.0 -1 -1 -1 -1000 -1000 -1000 -10 0.0060272216796875
Pedestrian -1 -1 -10 1182.0 175.0 1241.0 309.0 -1 -1 -1 -1000 -1000 -1000 -10 0.005764007568359375
Pedestrian -1 -1 -10 1172.0 164.0 1215.0 298.0 -1 -1 -1 -1000 -1000 -1000 -10 0.00568389892578125
Pedestrian -1 -1 -10 1176.0 171.0 1234.0 289.0 -1 -1 -1 -1000 -1000 -1000 -10 0.004062652587890625
Pedestrian -1 -1 -10 468.0 174.0 497.0 240.0 -1 -1 -1 -1000 -1000 -1000 -10 0.002712249755859375
Pedestrian -1 -1 -10 1177.0 155.0 1226.0 288.0 -1 -1 -1 -1000 -1000 -1000 -10 0.0013751983642578125
Pedestrian -1 -1 -10 717.0 167.0 735.0 213.0 -1 -1 -1 -1000 -1000 -1000 -10 0.00136566162109375
Pedestrian -1 -1 -10 733.0 165.0 754.0 220.0 -1 -1 -1 -1000 -1000 -1000 -10 0.0012903213500976562
Pedestrian -1 -1 -10 1221.0 183.0 1242.0 299.0 -1 -1 -1 -1000 -1000 -1000 -10 0.0012407302856445312
Pedestrian -1 -1 -10 1154.0 155.0 1242.0 306.0 -1 -1 -1 -1000 -1000 -1000 -10 0.0011034011840820312
Pedestrian -1 -1 -10 1210.0 179.0 1242.0 296.0 -1 -1 -1 -1000 -1000 -1000 -10 0.001026153564453125
Pedestrian -1 -1 -10 1224.0 183.0 1242.0 315.0 -1 -1 -1 -1000 -1000 -1000 -10 0.001007080078125
Pedestrian -1 -1 -10 1141.0 157.0 1242.0 306.0 -1 -1 -1 -1000 -1000 -1000 -10 0.0009403228759765625
Pedestrian -1 -1 -10 737.0 165.0 756.0 215.0 -1 -1 -1 -1000 -1000 -1000 -10 0.0008063316345214844
Pedestrian -1 -1 -10 1229.0 242.0 1242.0 323.0 -1 -1 -1 -1000 -1000 -1000 -10 0.0007939338684082031
Pedestrian -1 -1 -10 461.0 171.0 501.0 248.0 -1 -1 -1 -1000 -1000 -1000 -10 0.0007452964782714844
Pedestrian -1 -1 -10 1223.0 206.0 1242.0 335.0 -1 -1 -1 -1000 -1000 -1000 -10 0.0006871223449707031
Pedestrian -1 -1 -10 1226.0 222.0 1242.0 357.0 -1 -1 -1 -1000 -1000 -1000 -10 0.0006365776062011719
Pedestrian -1 -1 -10 1197.0 147.0 1239.0 273.0 -1 -1 -1 -1000 -1000 -1000 -10 0.000598907470703125
Pedestrian -1 -1 -10 1208.0 144.0 1242.0 273.0 -1 -1 -1 -1000 -1000 -1000 -10 0.0005373954772949219
Pedestrian -1 -1 -10 1193.0 132.0 1241.0 270.0 -1 -1 -1 -1000 -1000 -1000 -10 0.0005283355712890625
Pedestrian -1 -1 -10 1173.0 178.0 1239.0 295.0 -1 -1 -1 -1000 -1000 -1000 -10 0.00045037269592285156
Pedestrian -1 -1 -10 1220.0 168.0 1241.0 285.0 -1 -1 -1 -1000 -1000 -1000 -10 0.0004410743713378906
Pedestrian -1 -1 -10 1230.0 254.0 1242.0 310.0 -1 -1 -1 -1000 -1000 -1000 -10 0.0003952980041503906
Pedestrian -1 -1 -10 1225.0 147.0 1242.0 267.0 -1 -1 -1 -1000 -1000 -1000 -10 0.0003840923309326172
Pedestrian -1 -1 -10 1231.0 245.0 1241.0 337.0 -1 -1 -1 -1000 -1000 -1000 -10 0.00035858154296875
Pedestrian -1 -1 -10 521.0 181.0 540.0 230.0 -1 -1 -1 -1000 -1000 -1000 -10 0.0003533363342285156
Pedestrian -1 -1 -10 1185.0 124.0 1242.0 279.0 -1 -1 -1 -1000 -1000 -1000 -10 0.00034356117248535156
Pedestrian -1 -1 -10 1225.0 233.0 1242.0 318.0 -1 -1 -1 -1000 -1000 -1000 -10 0.0003333091735839844
Pedestrian -1 -1 -10 712.0 172.0 730.0 225.0 -1 -1 -1 -1000 -1000 -1000 -10 0.0003299713134765625
Pedestrian -1 -1 -10 1219.0 204.0 1242.0 336.0 -1 -1 -1 -1000 -1000 -1000 -10 0.0003046989440917969
Pedestrian -1 -1 -10 1223.0 160.0 1241.0 275.0 -1 -1 -1 -1000 -1000 -1000 -10 0.0002906322479248047
Pedestrian -1 -1 -10 1204.0 161.0 1242.0 278.0 -1 -1 -1 -1000 -1000 -1000 -10 0.0002605915069580078
Pedestrian -1 -1 -10 1225.0 209.0 1242.0 315.0 -1 -1 -1 -1000 -1000 -1000 -10 0.00023424625396728516
Pedestrian -1 -1 -10 492.0 170.0 516.0 232.0 -1 -1 -1 -1000 -1000 -1000 -10 0.0002244710922241211
Pedestrian -1 -1 -10 1219.0 221.0 1242.0 360.0 -1 -1 -1 -1000 -1000 -1000 -10 0.00019931793212890625
Pedestrian -1 -1 -10 1162.0 167.0 1201.0 296.0 -1 -1 -1 -1000 -1000 -1000 -10 0.00019860267639160156
Pedestrian -1 -1 -10 0.0 225.0 22.0 375.0 -1 -1 -1 -1000 -1000 -1000 -10 0.00019276142120361328
Pedestrian -1 -1 -10 477.0 0.0 536.0 46.0 -1 -1 -1 -1000 -1000 -1000 -10 0.00017654895782470703
Pedestrian -1 -1 -10 1226.0 247.0 1242.0 303.0 -1 -1 -1 -1000 -1000 -1000 -10 0.00017023086547851562
Pedestrian -1 -1 -10 518.0 180.0 543.0 233.0 -1 -1 -1 -1000 -1000 -1000 -10 0.00016415119171142578
Pedestrian -1 -1 -10 1225.0 240.0 1241.0 375.0 -1 -1 -1 -1000 -1000 -1000 -10 0.00015246868133544922
Pedestrian -1 -1 -10 1190.0 192.0 1241.0 324.0 -1 -1 -1 -1000 -1000 -1000 -10 0.0001436471939086914
Car -1 -1 -10 713.0 0.0 762.0 6.0 -1 -1 -1 -1000 -1000 -1000 -10 0.00014102458953857422
Pedestrian -1 -1 -10 1232.0 247.0 1242.0 353.0 -1 -1 -1 -1000 -1000 -1000 -10 0.0001347064971923828
Pedestrian -1 -1 -10 0.0 192.0 20.0 375.0 -1 -1 -1 -1000 -1000 -1000 -10 0.00012934207916259766
Car -1 -1 -10 1219.0 220.0 1242.0 359.0 -1 -1 -1 -1000 -1000 -1000 -10 0.00012683868408203125
Pedestrian -1 -1 -10 1234.0 0.0 1242.0 14.0 -1 -1 -1 -1000 -1000 -1000 -10 0.0001251697540283203
Car -1 -1 -10 717.0 0.0 758.0 5.0 -1 -1 -1 -1000 -1000 -1000 -10 0.00012493133544921875
Car -1 -1 -10 1219.0 243.0 1242.0 316.0 -1 -1 -1 -1000 -1000 -1000 -10 0.00012421607971191406
Pedestrian -1 -1 -10 699.0 170.0 721.0 217.0 -1 -1 -1 -1000 -1000 -1000 -10 0.00012302398681640625
Pedestrian -1 -1 -10 0.0 160.0 19.0 372.0 -1 -1 -1 -1000 -1000 -1000 -10 0.00012177228927612305
Pedestrian -1 -1 -10 696.0 169.0 710.0 215.0 -1 -1 -1 -1000 -1000 -1000 -10 0.00011676549911499023
Pedestrian -1 -1 -10 1217.0 131.0 1241.0 235.0 -1 -1 -1 -1000 -1000 -1000 -10 0.00011068582534790039
Pedestrian -1 -1 -10 1186.0 153.0 1234.0 267.0 -1 -1 -1 -1000 -1000 -1000 -10 0.00010532140731811523
Pedestrian -1 -1 -10 708.0 168.0 722.0 210.0 -1 -1 -1 -1000 -1000 -1000 -10 0.00010269880294799805
Pedestrian -1 -1 -10 730.0 173.0 751.0 224.0 -1 -1 -1 -1000 -1000 -1000 -10 0.00010067224502563477
