Car -1 -1 -10 862.0 171.0 1237.0 322.0 -1 -1 -1 -1000 -1000 -1000 -10 0.96923828125
Car -1 -1 -10 561.0 180.0 600.0 215.0 -1 -1 -1 -1000 -1000 -1000 -10 0.9423828125
Car -1 -1 -10 495.0 175.0 532.0 203.0 -1 -1 -1 -1000 -1000 -1000 -10 0.8896484375
Car -1 -1 -10 491.0 176.0 528.0 202.0 -1 -1 -1 -1000 -1000 -1000 -10 0.134521484375
Car -1 -1 -10 497.0 181.0 531.0 205.0 -1 -1 -1 -1000 -1000 -1000 -10 0.003009796142578125
Car -1 -1 -10 492.0 171.0 534.0 202.0 -1 -1 -1 -1000 -1000 -1000 -10 0.0017423629760742188
Car -1 -1 -10 1223.0 168.0 1242.0 353.0 -1 -1 -1 -1000 -1000 -1000 -10 0.0015583038330078125
Car -1 -1 -10 1217.0 166.0 1242.0 356.0 -1 -1 -1 -1000 -1000 -1000 -10 0.0008668899536132812
Car -1 -1 -10 1223.0 164.0 1242.0 314.0 -1 -1 -1 -1000 -1000 -1000 -10 0.0005917549133300781
Car -1 -1 -10 485.0 176.0 525.0 204.0 -1 -1 -1 -1000 -1000 -1000 -10 0.0005831718444824219
Car -1 -1 -10 493.0 173.0 533.0 209.0 -1 -1 -1 -1000 -1000 -1000 -10 0.0004696846008300781
Car -1 -1 -10 560.0 167.0 624.0 231.0 -1 -1 -1 -1000 -1000 -1000 -10 0.0004668235778808594
Car -1 -1 -10 549.0 167.0 606.0 229.0 -1 -1 -1 -1000 -1000 -1000 -10 0.00045228004455566406
Car -1 -1 -10 1216.0 163.0 1242.0 317.0 -1 -1 -1 -1000 -1000 -1000 -10 0.0003845691680908203
Car -1 -1 -10 1210.0 180.0 1242.0 375.0 -1 -1 -1 -1000 -1000 -1000 -10 0.0002887248992919922
Car -1 -1 -10 1228.0 201.0 1242.0 329.0 -1 -1 -1 -1000 -1000 -1000 -10 0.0002791881561279297
Car -1 -1 -10 518.0 135.0 678.0 275.0 -1 -1 -1 -1000 -1000 -1000 -10 0.00026702880859375
Car -1 -1 -10 483.0 174.0 524.0 201.0 -1 -1 -1 -1000 -1000 -1000 -10 0.0002486705780029297
Car -1 -1 -10 475.0 135.0 649.0 272.0 -1 -1 -1 -1000 -1000 -1000 -10 0.0002409219741821289
Car -1 -1 -10 558.0 164.0 611.0 221.0 -1 -1 -1 -1000 -1000 -1000 -10 0.00023674964904785156
Car -1 -1 -10 521.0 125.0 671.0 243.0 -1 -1 -1 -1000 -1000 -1000 -10 0.0002187490463256836
Car -1 -1 -10 1221.0 162.0 1242.0 279.0 -1 -1 -1 -1000 -1000 -1000 -10 0.00020599365234375
Car -1 -1 -10 1205.0 170.0 1242.0 348.0 -1 -1 -1 -1000 -1000 -1000 -10 0.00020360946655273438
Car -1 -1 -10 486.0 180.0 524.0 207.0 -1 -1 -1 -1000 -1000 -1000 -10 0.0001882314682006836
Car -1 -1 -10 1227.0 210.0 1242.0 339.0 -1 -1 -1 -1000 -1000 -1000 -10 0.00016033649444580078
Car -1 -1 -10 1226.0 184.0 1242.0 304.0 -1 -1 -1 -1000 -1000 -1000 -10 0.0001474618911743164
Car -1 -1 -10 494.0 167.0 529.0 196.0 -1 -1 -1 -1000 -1000 -1000 -10 0.0001430511474609375
Car -1 -1 -10 1215.0 157.0 1242.0 285.0 -1 -1 -1 -1000 -1000 -1000 -10 0.0001385211944580078
Car -1 -1 -10 1214.0 171.0 1242.0 296.0 -1 -1 -1 -1000 -1000 -1000 -10 0.00013566017150878906
Car -1 -1 -10 500.0 181.0 534.0 204.0 -1 -1 -1 -1000 -1000 -1000 -10 0.0001239776611328125
Car -1 -1 -10 1225.0 176.0 1242.0 294.0 -1 -1 -1 -1000 -1000 -1000 -10 0.0001138448715209961
Car -1 -1 -10 1206.0 0.0 1241.0 6.0 -1 -1 -1 -1000 -1000 -1000 -10 0.0001112818717956543
Car -1 -1 -10 482.0 178.0 520.0 206.0 -1 -1 -1 -1000 -1000 -1000 -10 0.00010293722152709961
Car -1 -1 -10 1223.0 191.0 1242.0 375.0 -1 -1 -1 -1000 -1000 -1000 -10 0.00010055303573608398
