Car -1 -1 -10 249.0 179.0 329.0 219.0 -1 -1 -1 -1000 -1000 -1000 -10 0.9384765625
Pedestrian -1 -1 -10 745.0 171.0 761.0 214.0 -1 -1 -1 -1000 -1000 -1000 -10 0.86181640625
Pedestrian -1 -1 -10 743.0 171.0 764.0 215.0 -1 -1 -1 -1000 -1000 -1000 -10 0.009613037109375
Pedestrian -1 -1 -10 748.0 171.0 765.0 215.0 -1 -1 -1 -1000 -1000 -1000 -10 0.006870269775390625
Pedestrian -1 -1 -10 743.0 172.0 758.0 215.0 -1 -1 -1 -1000 -1000 -1000 -10 0.0027942657470703125
Car -1 -1 -10 246.0 166.0 335.0 232.0 -1 -1 -1 -1000 -1000 -1000 -10 0.0009374618530273438
Pedestrian -1 -1 -10 746.0 170.0 767.0 218.0 -1 -1 -1 -1000 -1000 -1000 -10 0.0008153915405273438
Car -1 -1 -10 0.0 197.0 21.0 286.0 -1 -1 -1 -1000 -1000 -1000 -10 0.0007138252258300781
Car -1 -1 -10 0.0 202.0 22.0 303.0 -1 -1 -1 -1000 -1000 -1000 -10 0.0005130767822265625
Car -1 -1 -10 244.0 168.0 332.0 224.0 -1 -1 -1 -1000 -1000 -1000 -10 0.0004830360412597656
Car -1 -1 -10 0.0 179.0 20.0 281.0 -1 -1 -1 -1000 -1000 -1000 -10 0.0004286766052246094
Car -1 -1 -10 0.0 192.0 25.0 290.0 -1 -1 -1 -1000 -1000 -1000 -10 0.0003781318664550781
Car -1 -1 -10 190.0 132.0 365.0 276.0 -1 -1 -1 -1000 -1000 -1000 -10 0.00037217140197753906
Car -1 -1 -10 0.0 188.0 15.0 281.0 -1 -1 -1 -1000 -1000 -1000 -10 0.0003654956817626953
Car -1 -1 -10 0.0 196.0 16.0 289.0 -1 -1 -1 -1000 -1000 -1000 -10 0.0003495216369628906
Car -1 -1 -10 213.0 131.0 384.0 276.0 -1 -1 -1 -1000 -1000 -1000 -10 0.00028705596923828125
Pedestrian -1 -1 -10 738.0 171.0 755.0 206.0 -1 -1 -1 -1000 -1000 -1000 -10 0.00028634071350097656
Car -1 -1 -10 0.0 199.0 26.0 306.0 -1 -1 -1 -1000 -1000 -1000 -10 0.0002715587615966797
Car -1 -1 -10 0.0 168.0 25.0 291.0 -1 -1 -1 -1000 -1000 -1000 -10 0.00026488304138183594
Car -1 -1 -10 203.0 134.0 356.0 243.0 -1 -1 -1 -1000 -1000 -1000 -10 0.00024330615997314453
Car -1 -1 -10 0.0 205.0 15.0 298.0 -1 -1 -1 -1000 -1000 -1000 -10 0.00019693374633789062
Car -1 -1 -10 0.0 182.0 24.0 277.0 -1 -1 -1 -1000 -1000 -1000 -10 0.0001894235610961914
Pedestrian -1 -1 -10 704.0 172.0 720.0 201.0 -1 -1 -1 -1000 -1000 -1000 -10 0.00018024444580078125
Car -1 -1 -10 0.0 185.0 14.0 269.0 -1 -1 -1 -1000 -1000 -1000 -10 0.00016033649444580078
Pedestrian -1 -1 -10 269.0 0.0 298.0 5.0 -1 -1 -1 -1000 -1000 -1000 -10 0.00015628337860107422
Car -1 -1 -10 249.0 180.0 314.0 214.0 -1 -1 -1 -1000 -1000 -1000 -10 0.00014531612396240234
Car -1 -1 -10 0.0 183.0 33.0 303.0 -1 -1 -1 -1000 -1000 -1000 -10 0.00013375282287597656
Car -1 -1 -10 0.0 191.0 30.0 293.0 -1 -1 -1 -1000 -1000 -1000 -10 0.00012862682342529297
Car -1 -1 -10 249.0 184.0 328.0 222.0 -1 -1 -1 -1000 -1000 -1000 -10 0.00012767314910888672
Pedestrian -1 -1 -10 250.0 0.0 278.0 7.0 -1 -1 -1 -1000 -1000 -1000 -10 0.00012022256851196289
Pedestrian -1 -1 -10 266.0 0.0 302.0 6.0 -1 -1 -1 -1000 -1000 -1000 -10 0.0001074075698852539
Car -1 -1 -10 403.0 79.0 430.0 104.0 -1 -1 -1 -1000 -1000 -1000 -10 0.00010454654693603516
Car -1 -1 -10 0.0 207.0 24.0 351.0 -1 -1 -1 -1000 -1000 -1000 -10 0.00010383129119873047
Pedestrian -1 -1 -10 705.0 170.0 724.0 200.0 -1 -1 -1 -1000 -1000 -1000 -10 0.00010377168655395508
Car -1 -1 -10 0.0 210.0 23.0 293.0 -1 -1 -1 -1000 -1000 -1000 -10 0.00010132789611816406
