Cyclist -1 -1 -10 880.0 136.0 951.0 264.0 -1 -1 -1 -1000 -1000 -1000 -10 0.95263671875
Cyclist -1 -1 -10 601.0 163.0 653.0 222.0 -1 -1 -1 -1000 -1000 -1000 -10 0.94384765625
Pedestrian -1 -1 -10 970.0 151.0 1049.0 349.0 -1 -1 -1 -1000 -1000 -1000 -10 0.93798828125
Pedestrian -1 -1 -10 727.0 151.0 756.0 224.0 -1 -1 -1 -1000 -1000 -1000 -10 0.875
Pedestrian -1 -1 -10 762.0 155.0 780.0 203.0 -1 -1 -1 -1000 -1000 -1000 -10 0.8388671875
Pedestrian -1 -1 -10 1174.0 108.0 1224.0 289.0 -1 -1 -1 -1000 -1000 -1000 -10 0.830078125
Pedestrian -1 -1 -10 703.0 151.0 730.0 217.0 -1 -1 -1 -1000 -1000 -1000 -10 0.68994140625
Pedestrian -1 -1 -10 699.0 153.0 727.0 219.0 -1 -1 -1 -1000 -1000 -1000 -10 0.654296875
Pedestrian -1 -1 -10 760.0 155.0 778.0 202.0 -1 -1 -1 -1000 -1000 -1000 -10 0.5419921875
Pedestrian -1 -1 -10 719.0 151.0 756.0 224.0 -1 -1 -1 -1000 -1000 -1000 -10 0.49755859375
Pedestrian -1 -1 -10 718.0 150.0 744.0 211.0 -1 -1 -1 -1000 -1000 -1000 -10 0.363037109375
Pedestrian -1 -1 -10 731.0 153.0 757.0 215.0 -1 -1 -1 -1000 -1000 -1000 -10 0.2181396484375
Pedestrian -1 -1 -10 727.0 150.0 752.0 206.0 -1 -1 -1 -1000 -1000 -1000 -10 0.2030029296875
Pedestrian -1 -1 -10 723.0 152.0 751.0 220.0 -1 -1 -1 -1000 -1000 -1000 -10 0.178466796875
Pedestrian -1 -1 -10 776.0 151.0 792.0 203.0 -1 -1 -1 -1000 -1000 -1000 -10 0.16552734375
Pedestrian -1 -1 -10 720.0 151.0 743.0 205.0 -1 -1 -1 -1000 -1000 -1000 -10 0.136474609375
Pedestrian -1 -1 -10 736.0 152.0 757.0 204.0 -1 -1 -1 -1000 -1000 -1000 -10 0.11474609375
Pedestrian -1 -1 -10 693.0 155.0 720.0 219.0 -1 -1 -1 -1000 -1000 -1000 -10 0.1099853515625
Pedestrian -1 -1 -10 1184.0 116.0 1224.0 291.0 -1 -1 -1 -1000 -1000 -1000 -10 0.09307861328125
Pedestrian -1 -1 -10 773.0 154.0 790.0 202.0 -1 -1 -1 -1000 -1000 -1000 -10 0.06024169921875
Pedestrian -1 -1 -10 708.0 149.0 732.0 207.0 -1 -1 -1 -1000 -1000 -1000 -10 0.036834716796875
Pedestrian -1 -1 -10 1165.0 103.0 1220.0 290.0 -1 -1 -1 -1000 -1000 -1000 -10 0.034576416015625
Pedestrian -1 -1 -10 695.0 152.0 737.0 213.0 -1 -1 -1 -1000 -1000 -1000 -10 0.03399658203125
Pedestrian -1 -1 -10 780.0 152.0 796.0 202.0 -1 -1 -1 -1000 -1000 -1000 -10 0.031982421875
Car -1 -1 -10 607.0 159.0 626.0 176.0 -1 -1 -1 -1000 -1000 -1000 -10 0.023406982421875
Pedestrian -1 -1 -10 1176.0 123.0 1223.0 266.0 -1 -1 -1 -1000 -1000 -1000 -10 0.0198974609375
Pedestrian -1 -1 -10 757.0 153.0 776.0 200.0 -1 -1 -1 -1000 -1000 -1000 -10 0.0176849365234375
Pedestrian -1 -1 -10 701.0 150.0 742.0 213.0 -1 -1 -1 -1000 -1000 -1000 -10 0.0164031982421875
Pedestrian -1 -1 -10 729.0 158.0 754.0 223.0 -1 -1 -1 -1000 -1000 -1000 -10 0.0087738037109375
Pedestrian -1 -1 -10 706.0 161.0 727.0 220.0 -1 -1 -1 -1000 -1000 -1000 -10 0.007480621337890625
Pedestrian -1 -1 -10 689.0 157.0 715.0 220.0 -1 -1 -1 -1000 -1000 -1000 -10 0.006862640380859375
Pedestrian -1 -1 -10 699.0 159.0 722.0 222.0 -1 -1 -1 -1000 -1000 -1000 -10 0.0066375732421875
Pedestrian -1 -1 -10 1176.0 141.0 1224.0 284.0 -1 -1 -1 -1000 -1000 -1000 -10 0.006519317626953125
Pedestrian -1 -1 -10 772.0 153.0 794.0 203.0 -1 -1 -1 -1000 -1000 -1000 -10 0.005672454833984375
Car -1 -1 -10 603.0 159.0 624.0 182.0 -1 -1 -1 -1000 -1000 -1000 -10 0.005420684814453125
Pedestrian -1 -1 -10 699.0 149.0 725.0 208.0 -1 -1 -1 -1000 -1000 -1000 -10 0.004795074462890625
Cyclist -1 -1 -10 687.0 151.0 733.0 214.0 -1 -1 -1 -1000 -1000 -1000 -10 0.0037784576416015625
Pedestrian -1 -1 -10 715.0 149.0 741.0 198.0 -1 -1 -1 -1000 -1000 -1000 -10 0.0034732818603515625
Pedestrian -1 -1 -10 731.0 150.0 755.0 197.0 -1 -1 -1 -1000 -1000 -1000 -10 0.0033245086669921875
Pedestrian -1 -1 -10 766.0 156.0 783.0 206.0 -1 -1 -1 -1000 -1000 -1000 -10 0.002899169921875
Car -1 -1 -10 607.0 157.0 628.0 180.0 -1 -1 -1 -1000 -1000 -1000 -10 0.00289154052734375
Pedestrian -1 -1 -10 713.0 151.0 754.0 214.0 -1 -1 -1 -1000 -1000 -1000 -10 0.002777099609375
Pedestrian -1 -1 -10 778.0 150.0 798.0 204.0 -1 -1 -1 -1000 -1000 -1000 -10 0.0024871826171875
Pedestrian -1 -1 -10 1186.0 117.0 1223.0 253.0 -1 -1 -1 -1000 -1000 -1000 -10 0.0021839141845703125
Pedestrian -1 -1 -10 761.0 151.0 778.0 198.0 -1 -1 -1 -1000 -1000 -1000 -10 0.002170562744140625
Cyclist -1 -1 -10 604.0 162.0 650.0 217.0 -1 -1 -1 -1000 -1000 -1000 -10 0.0018758773803710938
Pedestrian -1 -1 -10 1181.0 132.0 1224.0 276.0 -1 -1 -1 -1000 -1000 -1000 -10 0.0017900466918945312
Pedestrian -1 -1 -10 1193.0 117.0 1224.0 334.0 -1 -1 -1 -1000 -1000 -1000 -10 0.00168609619140625
Pedestrian -1 -1 -10 788.0 151.0 803.0 202.0 -1 -1 -1 -1000 -1000 -1000 -10 0.0015897750854492188
Pedestrian -1 -1 -10 948.0 149.0 1065.0 351.0 -1 -1 -1 -1000 -1000 -1000 -10 0.001552581787109375
Pedestrian -1 -1 -10 776.0 151.0 793.0 196.0 -1 -1 -1 -1000 -1000 -1000 -10 0.0015163421630859375
Pedestrian -1 -1 -10 1193.0 123.0 1224.0 370.0 -1 -1 -1 -1000 -1000 -1000 -10 0.0013990402221679688
Cyclist -1 -1 -10 688.0 155.0 731.0 219.0 -1 -1 -1 -1000 -1000 -1000 -10 0.0012483596801757812
Pedestrian -1 -1 -10 778.0 157.0 792.0 206.0 -1 -1 -1 -1000 -1000 -1000 -10 0.0012102127075195312
Pedestrian -1 -1 -10 730.0 155.0 757.0 227.0 -1 -1 -1 -1000 -1000 -1000 -10 0.0011959075927734375
Pedestrian -1 -1 -10 687.0 153.0 716.0 213.0 -1 -1 -1 -1000 -1000 -1000 -10 0.0011310577392578125
Pedestrian -1 -1 -10 722.0 159.0 748.0 225.0 -1 -1 -1 -1000 -1000 -1000 -10 0.0011129379272460938
Pedestrian -1 -1 -10 1126.0 105.0 1224.0 291.0 -1 -1 -1 -1000 -1000 -1000 -10 0.0011119842529296875
Pedestrian -1 -1 -10 1160.0 89.0 1216.0 284.0 -1 -1 -1 -1000 -1000 -1000 -10 0.0010080337524414062
Pedestrian -1 -1 -10 1182.0 135.0 1223.0 249.0 -1 -1 -1 -1000 -1000 -1000 -10 0.0009713172912597656
Cyclist -1 -1 -10 600.0 159.0 634.0 205.0 -1 -1 -1 -1000 -1000 -1000 -10 0.0009465217590332031
Car -1 -1 -10 608.0 158.0 630.0 182.0 -1 -1 -1 -1000 -1000 -1000 -10 0.0009055137634277344
Pedestrian -1 -1 -10 1181.0 129.0 1223.0 370.0 -1 -1 -1 -1000 -1000 -1000 -10 0.0008802413940429688
Cyclist -1 -1 -10 604.0 155.0 629.0 192.0 -1 -1 -1 -1000 -1000 -1000 -10 0.0008502006530761719
Cyclist -1 -1 -10 598.0 160.0 638.0 207.0 -1 -1 -1 -1000 -1000 -1000 -10 0.0008287429809570312
Pedestrian -1 -1 -10 1173.0 119.0 1224.0 325.0 -1 -1 -1 -1000 -1000 -1000 -10 0.0008196830749511719
Cyclist -1 -1 -10 594.0 161.0 641.0 220.0 -1 -1 -1 -1000 -1000 -1000 -10 0.0008168220520019531
Pedestrian -1 -1 -10 758.0 156.0 776.0 206.0 -1 -1 -1 -1000 -1000 -1000 -10 0.0008096694946289062
Cyclist -1 -1 -10 883.0 134.0 945.0 253.0 -1 -1 -1 -1000 -1000 -1000 -10 0.0007996559143066406
Pedestrian -1 -1 -10 1133.0 102.0 1224.0 293.0 -1 -1 -1 -1000 -1000 -1000 -10 0.0007729530334472656
Pedestrian -1 -1 -10 1204.0 123.0 1223.0 259.0 -1 -1 -1 -1000 -1000 -1000 -10 0.0006809234619140625
Pedestrian -1 -1 -10 1169.0 133.0 1221.0 277.0 -1 -1 -1 -1000 -1000 -1000 -10 0.0006628036499023438
Cyclist -1 -1 -10 861.0 134.0 972.0 264.0 -1 -1 -1 -1000 -1000 -1000 -10 0.0006532669067382812
Pedestrian -1 -1 -10 685.0 149.0 747.0 217.0 -1 -1 -1 -1000 -1000 -1000 -10 0.0006518363952636719
Car -1 -1 -10 0.0 131.0 20.0 302.0 -1 -1 -1 -1000 -1000 -1000 -10 0.00060272216796875
Car -1 -1 -10 605.0 157.0 623.0 178.0 -1 -1 -1 -1000 -1000 -1000 -10 0.0005784034729003906
Pedestrian -1 -1 -10 1198.0 153.0 1224.0 370.0 -1 -1 -1 -1000 -1000 -1000 -10 0.0005254745483398438
Car -1 -1 -10 0.0 139.0 22.0 328.0 -1 -1 -1 -1000 -1000 -1000 -10 0.0005040168762207031
Cyclist -1 -1 -10 601.0 157.0 631.0 190.0 -1 -1 -1 -1000 -1000 -1000 -10 0.0004677772521972656
Pedestrian -1 -1 -10 961.0 152.0 1030.0 342.0 -1 -1 -1 -1000 -1000 -1000 -10 0.0004305839538574219
Pedestrian -1 -1 -10 790.0 151.0 806.0 200.0 -1 -1 -1 -1000 -1000 -1000 -10 0.00042510032653808594
Car -1 -1 -10 0.0 124.0 25.0 309.0 -1 -1 -1 -1000 -1000 -1000 -10 0.0004036426544189453
Pedestrian -1 -1 -10 796.0 150.0 812.0 203.0 -1 -1 -1 -1000 -1000 -1000 -10 0.00036334991455078125
Pedestrian -1 -1 -10 1169.0 119.0 1218.0 254.0 -1 -1 -1 -1000 -1000 -1000 -10 0.00036025047302246094
Cyclist -1 -1 -10 560.0 132.0 701.0 235.0 -1 -1 -1 -1000 -1000 -1000 -10 0.0003540515899658203
Pedestrian -1 -1 -10 791.0 157.0 806.0 206.0 -1 -1 -1 -1000 -1000 -1000 -10 0.0003490447998046875
Pedestrian -1 -1 -10 1204.0 151.0 1224.0 285.0 -1 -1 -1 -1000 -1000 -1000 -10 0.0003228187561035156
Cyclist -1 -1 -10 893.0 138.0 954.0 262.0 -1 -1 -1 -1000 -1000 -1000 -10 0.0003135204315185547
Pedestrian -1 -1 -10 1191.0 147.0 1224.0 355.0 -1 -1 -1 -1000 -1000 -1000 -10 0.0002911090850830078
Pedestrian -1 -1 -10 541.0 196.0 705.0 364.0 -1 -1 -1 -1000 -1000 -1000 -10 0.00028824806213378906
Pedestrian -1 -1 -10 1179.0 114.0 1223.0 240.0 -1 -1 -1 -1000 -1000 -1000 -10 0.00028204917907714844
Car -1 -1 -10 0.0 116.0 31.0 318.0 -1 -1 -1 -1000 -1000 -1000 -10 0.00027823448181152344
Cyclist -1 -1 -10 539.0 136.0 688.0 257.0 -1 -1 -1 -1000 -1000 -1000 -10 0.0002777576446533203
Pedestrian -1 -1 -10 1202.0 131.0 1224.0 268.0 -1 -1 -1 -1000 -1000 -1000 -10 0.00027751922607421875
Pedestrian -1 -1 -10 1207.0 122.0 1223.0 244.0 -1 -1 -1 -1000 -1000 -1000 -10 0.0002696514129638672
Pedestrian -1 -1 -10 589.0 181.0 657.0 354.0 -1 -1 -1 -1000 -1000 -1000 -10 0.0002605915069580078
Car -1 -1 -10 599.0 154.0 625.0 177.0 -1 -1 -1 -1000 -1000 -1000 -10 0.0002415180206298828
Car -1 -1 -10 0.0 151.0 24.0 357.0 -1 -1 -1 -1000 -1000 -1000 -10 0.00023412704467773438
Car -1 -1 -10 0.0 122.0 33.0 350.0 -1 -1 -1 -1000 -1000 -1000 -10 0.00023365020751953125
Cyclist -1 -1 -10 555.0 133.0 708.0 260.0 -1 -1 -1 -1000 -1000 -1000 -10 0.00023221969604492188
Cyclist -1 -1 -10 595.0 157.0 635.0 199.0 -1 -1 -1 -1000 -1000 -1000 -10 0.00021982192993164062
Cyclist -1 -1 -10 600.0 155.0 631.0 199.0 -1 -1 -1 -1000 -1000 -1000 -10 0.00021958351135253906
Car -1 -1 -10 0.0 144.0 26.0 321.0 -1 -1 -1 -1000 -1000 -1000 -10 0.00021207332611083984
Car -1 -1 -10 0.0 140.0 28.0 366.0 -1 -1 -1 -1000 -1000 -1000 -10 0.00019824504852294922
Pedestrian -1 -1 -10 1187.0 122.0 1223.0 228.0 -1 -1 -1 -1000 -1000 -1000 -10 0.00019598007202148438
Car -1 -1 -10 0.0 124.0 26.0 280.0 -1 -1 -1 -1000 -1000 -1000 -10 0.00019347667694091797
Car -1 -1 -10 603.0 153.0 624.0 179.0 -1 -1 -1 -1000 -1000 -1000 -10 0.00019109249114990234
Cyclist -1 -1 -10 613.0 159.0 652.0 208.0 -1 -1 -1 -1000 -1000 -1000 -10 0.00018453598022460938
Pedestrian -1 -1 -10 694.0 146.0 757.0 218.0 -1 -1 -1 -1000 -1000 -1000 -10 0.00017571449279785156
Pedestrian -1 -1 -10 570.0 183.0 677.0 352.0 -1 -1 -1 -1000 -1000 -1000 -10 0.00017571449279785156
Car -1 -1 -10 0.0 158.0 13.0 281.0 -1 -1 -1 -1000 -1000 -1000 -10 0.0001671314239501953
Pedestrian -1 -1 -10 1197.0 93.0 1223.0 233.0 -1 -1 -1 -1000 -1000 -1000 -10 0.00015735626220703125
Pedestrian -1 -1 -10 1195.0 166.0 1224.0 369.0 -1 -1 -1 -1000 -1000 -1000 -10 0.0001552104949951172
Pedestrian -1 -1 -10 1110.0 89.0 1224.0 290.0 -1 -1 -1 -1000 -1000 -1000 -10 0.0001442432403564453
Car -1 -1 -10 0.0 141.0 38.0 370.0 -1 -1 -1 -1000 -1000 -1000 -10 0.0001437664031982422
Pedestrian -1 -1 -10 1208.0 118.0 1223.0 225.0 -1 -1 -1 -1000 -1000 -1000 -10 0.0001322031021118164
Pedestrian -1 -1 -10 773.0 149.0 794.0 199.0 -1 -1 -1 -1000 -1000 -1000 -10 0.00012695789337158203
Pedestrian -1 -1 -10 698.0 144.0 725.0 202.0 -1 -1 -1 -1000 -1000 -1000 -10 0.0001042485237121582
Cyclist -1 -1 -10 595.0 160.0 635.0 218.0 -1 -1 -1 -1000 -1000 -1000 -10 0.00010216236114501953
