Car -1 -1 -10 1012.0 147.0 1241.0 372.0 -1 -1 -1 -1000 -1000 -1000 -10 0.97119140625
Car -1 -1 -10 650.0 176.0 734.0 235.0 -1 -1 -1 -1000 -1000 -1000 -10 0.95263671875
Cyclist -1 -1 -10 183.0 192.0 334.0 373.0 -1 -1 -1 -1000 -1000 -1000 -10 0.9501953125
Car -1 -1 -10 91.0 183.0 370.0 272.0 -1 -1 -1 -1000 -1000 -1000 -10 0.947265625
Car -1 -1 -10 209.0 180.0 419.0 252.0 -1 -1 -1 -1000 -1000 -1000 -10 0.94140625
Car -1 -1 -10 307.0 177.0 436.0 231.0 -1 -1 -1 -1000 -1000 -1000 -10 0.92041015625
Car -1 -1 -10 630.0 171.0 666.0 202.0 -1 -1 -1 -1000 -1000 -1000 -10 0.9130859375
Car -1 -1 -10 399.0 176.0 494.0 213.0 -1 -1 -1 -1000 -1000 -1000 -10 0.91015625
Car -1 -1 -10 610.0 159.0 629.0 182.0 -1 -1 -1 -1000 -1000 -1000 -10 0.892578125
Car -1 -1 -10 285.0 181.0 440.0 237.0 -1 -1 -1 -1000 -1000 -1000 -10 0.1529541015625
Car -1 -1 -10 1160.0 204.0 1242.0 372.0 -1 -1 -1 -1000 -1000 -1000 -10 0.137451171875
Car -1 -1 -10 1172.0 184.0 1242.0 375.0 -1 -1 -1 -1000 -1000 -1000 -10 0.038177490234375
Car -1 -1 -10 1165.0 230.0 1242.0 373.0 -1 -1 -1 -1000 -1000 -1000 -10 0.0244293212890625
Car -1 -1 -10 1183.0 165.0 1241.0 367.0 -1 -1 -1 -1000 -1000 -1000 -10 0.01389312744140625
Car -1 -1 -10 396.0 180.0 493.0 216.0 -1 -1 -1 -1000 -1000 -1000 -10 0.0101318359375
Car -1 -1 -10 313.0 184.0 436.0 235.0 -1 -1 -1 -1000 -1000 -1000 -10 0.0094451904296875
Car -1 -1 -10 1156.0 173.0 1242.0 374.0 -1 -1 -1 -1000 -1000 -1000 -10 0.0086669921875
Car -1 -1 -10 618.0 166.0 640.0 185.0 -1 -1 -1 -1000 -1000 -1000 -10 0.00701904296875
Car -1 -1 -10 268.0 182.0 430.0 241.0 -1 -1 -1 -1000 -1000 -1000 -10 0.006237030029296875
Car -1 -1 -10 1201.0 191.0 1241.0 368.0 -1 -1 -1 -1000 -1000 -1000 -10 0.005802154541015625
Car -1 -1 -10 1211.0 161.0 1242.0 371.0 -1 -1 -1 -1000 -1000 -1000 -10 0.00473785400390625
Car -1 -1 -10 278.0 189.0 436.0 242.0 -1 -1 -1 -1000 -1000 -1000 -10 0.004131317138671875
Car -1 -1 -10 409.0 175.0 490.0 210.0 -1 -1 -1 -1000 -1000 -1000 -10 0.002788543701171875
Car -1 -1 -10 1203.0 219.0 1242.0 365.0 -1 -1 -1 -1000 -1000 -1000 -10 0.002735137939453125
Car -1 -1 -10 231.0 180.0 396.0 245.0 -1 -1 -1 -1000 -1000 -1000 -10 0.0022640228271484375
Car -1 -1 -10 220.0 183.0 377.0 241.0 -1 -1 -1 -1000 -1000 -1000 -10 0.0020275115966796875
Car -1 -1 -10 1181.0 221.0 1241.0 366.0 -1 -1 -1 -1000 -1000 -1000 -10 0.0020046234130859375
Car -1 -1 -10 258.0 188.0 421.0 248.0 -1 -1 -1 -1000 -1000 -1000 -10 0.00124359130859375
Car -1 -1 -10 1119.0 204.0 1242.0 372.0 -1 -1 -1 -1000 -1000 -1000 -10 0.001026153564453125
Car -1 -1 -10 418.0 174.0 500.0 205.0 -1 -1 -1 -1000 -1000 -1000 -10 0.0008244514465332031
Car -1 -1 -10 1100.0 170.0 1239.0 375.0 -1 -1 -1 -1000 -1000 -1000 -10 0.0007982254028320312
Car -1 -1 -10 1157.0 242.0 1237.0 375.0 -1 -1 -1 -1000 -1000 -1000 -10 0.0007815361022949219
Car -1 -1 -10 632.0 168.0 663.0 196.0 -1 -1 -1 -1000 -1000 -1000 -10 0.0007500648498535156
Car -1 -1 -10 1216.0 147.0 1242.0 354.0 -1 -1 -1 -1000 -1000 -1000 -10 0.0006709098815917969
Car -1 -1 -10 417.0 171.0 503.0 207.0 -1 -1 -1 -1000 -1000 -1000 -10 0.0006551742553710938
Car -1 -1 -10 163.0 187.0 288.0 258.0 -1 -1 -1 -1000 -1000 -1000 -10 0.000640869140625
Car -1 -1 -10 418.0 178.0 467.0 207.0 -1 -1 -1 -1000 -1000 -1000 -10 0.000637054443359375
Car -1 -1 -10 300.0 177.0 427.0 226.0 -1 -1 -1 -1000 -1000 -1000 -10 0.0005307197570800781
Car -1 -1 -10 606.0 160.0 625.0 179.0 -1 -1 -1 -1000 -1000 -1000 -10 0.0004878044128417969
Car -1 -1 -10 205.0 167.0 422.0 265.0 -1 -1 -1 -1000 -1000 -1000 -10 0.00048351287841796875
Car -1 -1 -10 229.0 165.0 415.0 257.0 -1 -1 -1 -1000 -1000 -1000 -10 0.00046539306640625
Car -1 -1 -10 389.0 165.0 509.0 230.0 -1 -1 -1 -1000 -1000 -1000 -10 0.0004546642303466797
Car -1 -1 -10 609.0 160.0 636.0 182.0 -1 -1 -1 -1000 -1000 -1000 -10 0.0004096031188964844
Car -1 -1 -10 78.0 173.0 371.0 279.0 -1 -1 -1 -1000 -1000 -1000 -10 0.0004062652587890625
Car -1 -1 -10 344.0 182.0 443.0 226.0 -1 -1 -1 -1000 -1000 -1000 -10 0.00040078163146972656
Car -1 -1 -10 1195.0 144.0 1242.0 354.0 -1 -1 -1 -1000 -1000 -1000 -10 0.00037670135498046875
Car -1 -1 -10 392.0 163.0 497.0 219.0 -1 -1 -1 -1000 -1000 -1000 -10 0.00035309791564941406
Car -1 -1 -10 624.0 142.0 781.0 272.0 -1 -1 -1 -1000 -1000 -1000 -10 0.00034499168395996094
Car -1 -1 -10 279.0 140.0 473.0 271.0 -1 -1 -1 -1000 -1000 -1000 -10 0.00033736228942871094
Pedestrian -1 -1 -10 482.0 0.0 500.0 2.0 -1 -1 -1 -1000 -1000 -1000 -10 0.00032901763916015625
Car -1 -1 -10 629.0 169.0 668.0 206.0 -1 -1 -1 -1000 -1000 -1000 -10 0.00032830238342285156
Car -1 -1 -10 1060.0 146.0 1193.0 364.0 -1 -1 -1 -1000 -1000 -1000 -10 0.00031447410583496094
Cyclist -1 -1 -10 450.0 0.0 505.0 48.0 -1 -1 -1 -1000 -1000 -1000 -10 0.0003094673156738281
Car -1 -1 -10 358.0 133.0 552.0 274.0 -1 -1 -1 -1000 -1000 -1000 -10 0.00030350685119628906
Cyclist -1 -1 -10 452.0 0.0 510.0 59.0 -1 -1 -1 -1000 -1000 -1000 -10 0.00029015541076660156
Car -1 -1 -10 309.0 191.0 444.0 237.0 -1 -1 -1 -1000 -1000 -1000 -10 0.00028896331787109375
Car -1 -1 -10 161.0 183.0 404.0 264.0 -1 -1 -1 -1000 -1000 -1000 -10 0.0002887248992919922
Car -1 -1 -10 1207.0 213.0 1242.0 355.0 -1 -1 -1 -1000 -1000 -1000 -10 0.000278472900390625
Car -1 -1 -10 626.0 168.0 649.0 188.0 -1 -1 -1 -1000 -1000 -1000 -10 0.0002620220184326172
Car -1 -1 -10 281.0 149.0 452.0 253.0 -1 -1 -1 -1000 -1000 -1000 -10 0.0002579689025878906
Car -1 -1 -10 1146.0 201.0 1242.0 371.0 -1 -1 -1 -1000 -1000 -1000 -10 0.0002574920654296875
Car -1 -1 -10 312.0 172.0 431.0 222.0 -1 -1 -1 -1000 -1000 -1000 -10 0.00025653839111328125
Car -1 -1 -10 1190.0 206.0 1241.0 348.0 -1 -1 -1 -1000 -1000 -1000 -10 0.00024044513702392578
Car -1 -1 -10 244.0 186.0 411.0 252.0 -1 -1 -1 -1000 -1000 -1000 -10 0.00020647048950195312
Car -1 -1 -10 252.0 183.0 403.0 243.0 -1 -1 -1 -1000 -1000 -1000 -10 0.00020253658294677734
Cyclist -1 -1 -10 452.0 7.0 507.0 52.0 -1 -1 -1 -1000 -1000 -1000 -10 0.0001938343048095703
Car -1 -1 -10 389.0 175.0 482.0 212.0 -1 -1 -1 -1000 -1000 -1000 -10 0.0001819133758544922
Cyclist -1 -1 -10 442.0 0.0 510.0 54.0 -1 -1 -1 -1000 -1000 -1000 -10 0.0001723766326904297
Car -1 -1 -10 324.0 177.0 436.0 224.0 -1 -1 -1 -1000 -1000 -1000 -10 0.0001595020294189453
Car -1 -1 -10 74.0 192.0 351.0 271.0 -1 -1 -1 -1000 -1000 -1000 -10 0.0001531839370727539
Car -1 -1 -10 424.0 178.0 474.0 206.0 -1 -1 -1 -1000 -1000 -1000 -10 0.00014901161193847656
Car -1 -1 -10 617.0 152.0 762.0 252.0 -1 -1 -1 -1000 -1000 -1000 -10 0.00014722347259521484
Car -1 -1 -10 1123.0 228.0 1242.0 370.0 -1 -1 -1 -1000 -1000 -1000 -10 0.0001430511474609375
Car -1 -1 -10 106.0 181.0 370.0 254.0 -1 -1 -1 -1000 -1000 -1000 -10 0.0001367330551147461
Car -1 -1 -10 235.0 188.0 394.0 250.0 -1 -1 -1 -1000 -1000 -1000 -10 0.00013434886932373047
Car -1 -1 -10 1212.0 196.0 1242.0 334.0 -1 -1 -1 -1000 -1000 -1000 -10 0.0001329183578491211
Car -1 -1 -10 641.0 172.0 678.0 202.0 -1 -1 -1 -1000 -1000 -1000 -10 0.0001289844512939453
Car -1 -1 -10 353.0 124.0 528.0 240.0 -1 -1 -1 -1000 -1000 -1000 -10 0.00012624263763427734
Car -1 -1 -10 221.0 175.0 413.0 240.0 -1 -1 -1 -1000 -1000 -1000 -10 0.00012505054473876953
Cyclist -1 -1 -10 125.0 171.0 359.0 324.0 -1 -1 -1 -1000 -1000 -1000 -10 0.00012117624282836914
Car -1 -1 -10 259.0 178.0 422.0 231.0 -1 -1 -1 -1000 -1000 -1000 -10 0.00012040138244628906
Car -1 -1 -10 335.0 180.0 440.0 223.0 -1 -1 -1 -1000 -1000 -1000 -10 0.00011914968490600586
Car -1 -1 -10 1226.0 228.0 1242.0 361.0 -1 -1 -1 -1000 -1000 -1000 -10 0.0001157522201538086
