Car -1 -1 -10 454.0 185.0 512.0 241.0 -1 -1 -1 -1000 -1000 -1000 -10 0.9541015625
Car -1 -1 -10 475.0 186.0 520.0 226.0 -1 -1 -1 -1000 -1000 -1000 -10 0.8564453125
Car -1 -1 -10 457.0 187.0 508.0 237.0 -1 -1 -1 -1000 -1000 -1000 -10 0.07037353515625
Car -1 -1 -10 466.0 185.0 517.0 228.0 -1 -1 -1 -1000 -1000 -1000 -10 0.0648193359375
Car -1 -1 -10 477.0 190.0 519.0 229.0 -1 -1 -1 -1000 -1000 -1000 -10 0.01543426513671875
Car -1 -1 -10 478.0 185.0 519.0 220.0 -1 -1 -1 -1000 -1000 -1000 -10 0.00782012939453125
Car -1 -1 -10 456.0 184.0 504.0 229.0 -1 -1 -1 -1000 -1000 -1000 -10 0.0028476715087890625
Car -1 -1 -10 483.0 187.0 521.0 223.0 -1 -1 -1 -1000 -1000 -1000 -10 0.002185821533203125
Car -1 -1 -10 532.0 0.0 587.0 52.0 -1 -1 -1 -1000 -1000 -1000 -10 0.0012216567993164062
Car -1 -1 -10 474.0 184.0 515.0 221.0 -1 -1 -1 -1000 -1000 -1000 -10 0.0011110305786132812
Car -1 -1 -10 452.0 179.0 514.0 245.0 -1 -1 -1 -1000 -1000 -1000 -10 0.0003733634948730469
Car -1 -1 -10 400.0 160.0 559.0 282.0 -1 -1 -1 -1000 -1000 -1000 -10 0.0003466606140136719
Car -1 -1 -10 1214.0 191.0 1242.0 375.0 -1 -1 -1 -1000 -1000 -1000 -10 0.00032138824462890625
Car -1 -1 -10 1032.0 325.0 1241.0 375.0 -1 -1 -1 -1000 -1000 -1000 -10 0.0002639293670654297
Car -1 -1 -10 1210.0 215.0 1242.0 375.0 -1 -1 -1 -1000 -1000 -1000 -10 0.00025081634521484375
Car -1 -1 -10 1194.0 221.0 1242.0 373.0 -1 -1 -1 -1000 -1000 -1000 -10 0.00023066997528076172
Car -1 -1 -10 1199.0 193.0 1241.0 373.0 -1 -1 -1 -1000 -1000 -1000 -10 0.00022232532501220703
Car -1 -1 -10 1030.0 295.0 1242.0 375.0 -1 -1 -1 -1000 -1000 -1000 -10 0.00015652179718017578
Car -1 -1 -10 0.0 214.0 24.0 375.0 -1 -1 -1 -1000 -1000 -1000 -10 0.00014638900756835938
Car -1 -1 -10 0.0 196.0 27.0 372.0 -1 -1 -1 -1000 -1000 -1000 -10 0.00012683868408203125
Car -1 -1 -10 1185.0 202.0 1242.0 375.0 -1 -1 -1 -1000 -1000 -1000 -10 0.00012290477752685547
Car -1 -1 -10 427.0 151.0 569.0 275.0 -1 -1 -1 -1000 -1000 -1000 -10 0.0001156926155090332
Car -1 -1 -10 1144.0 224.0 1242.0 375.0 -1 -1 -1 -1000 -1000 -1000 -10 0.00011140108108520508
Car -1 -1 -10 531.0 5.0 592.0 58.0 -1 -1 -1 -1000 -1000 -1000 -10 0.00010687112808227539
Car -1 -1 -10 987.0 298.0 1242.0 375.0 -1 -1 -1 -1000 -1000 -1000 -10 0.00010180473327636719
