Car -1 -1 -10 812.0 182.0 1215.0 374.0 -1 -1 -1 -1000 -1000 -1000 -10 0.9736328125
Car -1 -1 -10 732.0 177.0 889.0 285.0 -1 -1 -1 -1000 -1000 -1000 -10 0.96484375
Car -1 -1 -10 162.0 198.0 375.0 302.0 -1 -1 -1 -1000 -1000 -1000 -10 0.9638671875
Car -1 -1 -10 332.0 190.0 436.0 256.0 -1 -1 -1 -1000 -1000 -1000 -10 0.96337890625
Car -1 -1 -10 428.0 184.0 498.0 228.0 -1 -1 -1 -1000 -1000 -1000 -10 0.9599609375
Car -1 -1 -10 0.0 226.0 112.0 373.0 -1 -1 -1 -1000 -1000 -1000 -10 0.9501953125
Car -1 -1 -10 666.0 180.0 728.0 220.0 -1 -1 -1 -1000 -1000 -1000 -10 0.9453125
Car -1 -1 -10 686.0 180.0 764.0 232.0 -1 -1 -1 -1000 -1000 -1000 -10 0.94287109375
Car -1 -1 -10 652.0 177.0 695.0 209.0 -1 -1 -1 -1000 -1000 -1000 -10 0.92822265625
Car -1 -1 -10 548.0 174.0 595.0 192.0 -1 -1 -1 -1000 -1000 -1000 -10 0.9228515625
Car -1 -1 -10 496.0 180.0 531.0 207.0 -1 -1 -1 -1000 -1000 -1000 -10 0.921875
Car -1 -1 -10 1104.0 152.0 1242.0 299.0 -1 -1 -1 -1000 -1000 -1000 -10 0.9189453125
Car -1 -1 -10 551.0 174.0 599.0 190.0 -1 -1 -1 -1000 -1000 -1000 -10 0.0183868408203125
Car -1 -1 -10 1109.0 162.0 1242.0 278.0 -1 -1 -1 -1000 -1000 -1000 -10 0.006633758544921875
Car -1 -1 -10 545.0 176.0 590.0 192.0 -1 -1 -1 -1000 -1000 -1000 -10 0.006610870361328125
Car -1 -1 -10 664.0 178.0 720.0 216.0 -1 -1 -1 -1000 -1000 -1000 -10 0.0059967041015625
Car -1 -1 -10 0.0 221.0 32.0 329.0 -1 -1 -1 -1000 -1000 -1000 -10 0.00576019287109375
Car -1 -1 -10 1226.0 143.0 1241.0 203.0 -1 -1 -1 -1000 -1000 -1000 -10 0.00555419921875
Car -1 -1 -10 1133.0 147.0 1239.0 294.0 -1 -1 -1 -1000 -1000 -1000 -10 0.00494384765625
Car -1 -1 -10 1161.0 149.0 1236.0 329.0 -1 -1 -1 -1000 -1000 -1000 -10 0.00460052490234375
Car -1 -1 -10 1217.0 144.0 1242.0 202.0 -1 -1 -1 -1000 -1000 -1000 -10 0.003597259521484375
Car -1 -1 -10 1223.0 143.0 1242.0 208.0 -1 -1 -1 -1000 -1000 -1000 -10 0.0031757354736328125
Car -1 -1 -10 1213.0 151.0 1242.0 323.0 -1 -1 -1 -1000 -1000 -1000 -10 0.0030765533447265625
Car -1 -1 -10 0.0 222.0 17.0 327.0 -1 -1 -1 -1000 -1000 -1000 -10 0.002994537353515625
Car -1 -1 -10 0.0 219.0 53.0 348.0 -1 -1 -1 -1000 -1000 -1000 -10 0.0027599334716796875
Car -1 -1 -10 1184.0 164.0 1241.0 345.0 -1 -1 -1 -1000 -1000 -1000 -10 0.00231170654296875
Car -1 -1 -10 649.0 173.0 692.0 205.0 -1 -1 -1 -1000 -1000 -1000 -10 0.0023097991943359375
Car -1 -1 -10 1219.0 147.0 1242.0 295.0 -1 -1 -1 -1000 -1000 -1000 -10 0.002246856689453125
Car -1 -1 -10 438.0 183.0 498.0 225.0 -1 -1 -1 -1000 -1000 -1000 -10 0.0022411346435546875
Car -1 -1 -10 0.0 231.0 30.0 356.0 -1 -1 -1 -1000 -1000 -1000 -10 0.00220489501953125
Car -1 -1 -10 1209.0 164.0 1242.0 350.0 -1 -1 -1 -1000 -1000 -1000 -10 0.002162933349609375
Car -1 -1 -10 1221.0 144.0 1242.0 258.0 -1 -1 -1 -1000 -1000 -1000 -10 0.0021381378173828125
Car -1 -1 -10 1182.0 154.0 1241.0 320.0 -1 -1 -1 -1000 -1000 -1000 -10 0.0019330978393554688
Car -1 -1 -10 684.0 178.0 758.0 226.0 -1 -1 -1 -1000 -1000 -1000 -10 0.0018072128295898438
Car -1 -1 -10 1208.0 182.0 1242.0 373.0 -1 -1 -1 -1000 -1000 -1000 -10 0.001804351806640625
Car -1 -1 -10 1191.0 182.0 1241.0 370.0 -1 -1 -1 -1000 -1000 -1000 -10 0.0017309188842773438
Car -1 -1 -10 1216.0 137.0 1242.0 196.0 -1 -1 -1 -1000 -1000 -1000 -10 0.0016117095947265625
Car -1 -1 -10 1226.0 149.0 1241.0 214.0 -1 -1 -1 -1000 -1000 -1000 -10 0.0015153884887695312
Car -1 -1 -10 0.0 216.0 50.0 323.0 -1 -1 -1 -1000 -1000 -1000 -10 0.0014333724975585938
Car -1 -1 -10 1226.0 143.0 1242.0 190.0 -1 -1 -1 -1000 -1000 -1000 -10 0.00135040283203125
Car -1 -1 -10 1215.0 144.0 1242.0 259.0 -1 -1 -1 -1000 -1000 -1000 -10 0.0013103485107421875
Car -1 -1 -10 1218.0 147.0 1241.0 214.0 -1 -1 -1 -1000 -1000 -1000 -10 0.001308441162109375
Car -1 -1 -10 0.0 233.0 18.0 334.0 -1 -1 -1 -1000 -1000 -1000 -10 0.0013017654418945312
Car -1 -1 -10 684.0 174.0 767.0 235.0 -1 -1 -1 -1000 -1000 -1000 -10 0.0012674331665039062
Car -1 -1 -10 1221.0 137.0 1242.0 204.0 -1 -1 -1 -1000 -1000 -1000 -10 0.0012426376342773438
Car -1 -1 -10 671.0 180.0 723.0 218.0 -1 -1 -1 -1000 -1000 -1000 -10 0.0010633468627929688
Car -1 -1 -10 1217.0 141.0 1241.0 191.0 -1 -1 -1 -1000 -1000 -1000 -10 0.0010614395141601562
Car -1 -1 -10 1210.0 205.0 1242.0 375.0 -1 -1 -1 -1000 -1000 -1000 -10 0.0010223388671875
Car -1 -1 -10 1182.0 150.0 1242.0 291.0 -1 -1 -1 -1000 -1000 -1000 -10 0.001003265380859375
Car -1 -1 -10 321.0 175.0 449.0 267.0 -1 -1 -1 -1000 -1000 -1000 -10 0.0009822845458984375
Car -1 -1 -10 318.0 181.0 453.0 279.0 -1 -1 -1 -1000 -1000 -1000 -10 0.0009760856628417969
Car -1 -1 -10 1126.0 160.0 1242.0 337.0 -1 -1 -1 -1000 -1000 -1000 -10 0.0009708404541015625
Car -1 -1 -10 1226.0 155.0 1242.0 207.0 -1 -1 -1 -1000 -1000 -1000 -10 0.0009603500366210938
Car -1 -1 -10 1089.0 168.0 1235.0 282.0 -1 -1 -1 -1000 -1000 -1000 -10 0.0009479522705078125
Car -1 -1 -10 1122.0 141.0 1242.0 285.0 -1 -1 -1 -1000 -1000 -1000 -10 0.0009427070617675781
Car -1 -1 -10 1103.0 164.0 1242.0 321.0 -1 -1 -1 -1000 -1000 -1000 -10 0.0008988380432128906
Car -1 -1 -10 0.0 215.0 15.0 318.0 -1 -1 -1 -1000 -1000 -1000 -10 0.00087738037109375
Car -1 -1 -10 1209.0 140.0 1241.0 215.0 -1 -1 -1 -1000 -1000 -1000 -10 0.0008730888366699219
Car -1 -1 -10 1153.0 170.0 1242.0 358.0 -1 -1 -1 -1000 -1000 -1000 -10 0.0008344650268554688
Car -1 -1 -10 424.0 174.0 504.0 238.0 -1 -1 -1 -1000 -1000 -1000 -10 0.0007638931274414062
Car -1 -1 -10 1196.0 142.0 1242.0 261.0 -1 -1 -1 -1000 -1000 -1000 -10 0.0007281303405761719
Car -1 -1 -10 1226.0 151.0 1241.0 275.0 -1 -1 -1 -1000 -1000 -1000 -10 0.0006661415100097656
Car -1 -1 -10 1219.0 153.0 1241.0 206.0 -1 -1 -1 -1000 -1000 -1000 -10 0.0006537437438964844
Car -1 -1 -10 1182.0 175.0 1242.0 371.0 -1 -1 -1 -1000 -1000 -1000 -10 0.0006318092346191406
Car -1 -1 -10 0.0 233.0 15.0 350.0 -1 -1 -1 -1000 -1000 -1000 -10 0.0006084442138671875
Car -1 -1 -10 1189.0 195.0 1242.0 330.0 -1 -1 -1 -1000 -1000 -1000 -10 0.0005917549133300781
Car -1 -1 -10 203.0 200.0 343.0 295.0 -1 -1 -1 -1000 -1000 -1000 -10 0.0005707740783691406
Car -1 -1 -10 495.0 176.0 532.0 211.0 -1 -1 -1 -1000 -1000 -1000 -10 0.0005497932434082031
Car -1 -1 -10 546.0 170.0 598.0 198.0 -1 -1 -1 -1000 -1000 -1000 -10 0.0005469322204589844
Car -1 -1 -10 508.0 178.0 538.0 199.0 -1 -1 -1 -1000 -1000 -1000 -10 0.0005426406860351562
Car -1 -1 -10 1216.0 132.0 1242.0 209.0 -1 -1 -1 -1000 -1000 -1000 -10 0.0005331039428710938
Car -1 -1 -10 410.0 179.0 499.0 244.0 -1 -1 -1 -1000 -1000 -1000 -10 0.0005288124084472656
Car -1 -1 -10 649.0 177.0 679.0 202.0 -1 -1 -1 -1000 -1000 -1000 -10 0.00044417381286621094
Car -1 -1 -10 0.0 213.0 104.0 358.0 -1 -1 -1 -1000 -1000 -1000 -10 0.00043892860412597656
Car -1 -1 -10 673.0 177.0 787.0 256.0 -1 -1 -1 -1000 -1000 -1000 -10 0.0004336833953857422
Car -1 -1 -10 1228.0 161.0 1242.0 284.0 -1 -1 -1 -1000 -1000 -1000 -10 0.000423431396484375
Car -1 -1 -10 647.0 177.0 683.0 202.0 -1 -1 -1 -1000 -1000 -1000 -10 0.0004215240478515625
Car -1 -1 -10 0.0 243.0 73.0 367.0 -1 -1 -1 -1000 -1000 -1000 -10 0.0004124641418457031
Car -1 -1 -10 0.0 253.0 28.0 372.0 -1 -1 -1 -1000 -1000 -1000 -10 0.0003647804260253906
Car -1 -1 -10 0.0 237.0 87.0 371.0 -1 -1 -1 -1000 -1000 -1000 -10 0.0003559589385986328
Car -1 -1 -10 0.0 245.0 114.0 363.0 -1 -1 -1 -1000 -1000 -1000 -10 0.0003445148468017578
Car -1 -1 -10 667.0 150.0 812.0 283.0 -1 -1 -1 -1000 -1000 -1000 -10 0.0003390312194824219
Car -1 -1 -10 1226.0 145.0 1242.0 238.0 -1 -1 -1 -1000 -1000 -1000 -10 0.0003333091735839844
Car -1 -1 -10 662.0 166.0 732.0 228.0 -1 -1 -1 -1000 -1000 -1000 -10 0.0003266334533691406
Car -1 -1 -10 650.0 173.0 697.0 211.0 -1 -1 -1 -1000 -1000 -1000 -10 0.000316619873046875
Car -1 -1 -10 1215.0 144.0 1242.0 238.0 -1 -1 -1 -1000 -1000 -1000 -10 0.00031256675720214844
Car -1 -1 -10 381.0 138.0 557.0 278.0 -1 -1 -1 -1000 -1000 -1000 -10 0.00031256675720214844
Car -1 -1 -10 1215.0 154.0 1242.0 289.0 -1 -1 -1 -1000 -1000 -1000 -10 0.00030350685119628906
Car -1 -1 -10 1101.0 125.0 1242.0 282.0 -1 -1 -1 -1000 -1000 -1000 -10 0.00027871131896972656
Car -1 -1 -10 354.0 192.0 402.0 249.0 -1 -1 -1 -1000 -1000 -1000 -10 0.0002753734588623047
Car -1 -1 -10 651.0 149.0 800.0 254.0 -1 -1 -1 -1000 -1000 -1000 -10 0.00027108192443847656
Car -1 -1 -10 1107.0 171.0 1242.0 354.0 -1 -1 -1 -1000 -1000 -1000 -10 0.00026917457580566406
Car -1 -1 -10 555.0 175.0 605.0 192.0 -1 -1 -1 -1000 -1000 -1000 -10 0.0002567768096923828
Car -1 -1 -10 392.0 145.0 546.0 255.0 -1 -1 -1 -1000 -1000 -1000 -10 0.00025010108947753906
Car -1 -1 -10 1166.0 195.0 1242.0 327.0 -1 -1 -1 -1000 -1000 -1000 -10 0.0002428293228149414
Car -1 -1 -10 663.0 170.0 746.0 241.0 -1 -1 -1 -1000 -1000 -1000 -10 0.00023853778839111328
Car -1 -1 -10 1205.0 134.0 1240.0 196.0 -1 -1 -1 -1000 -1000 -1000 -10 0.00023651123046875
Car -1 -1 -10 650.0 176.0 676.0 198.0 -1 -1 -1 -1000 -1000 -1000 -10 0.00023376941680908203
Car -1 -1 -10 571.0 174.0 614.0 186.0 -1 -1 -1 -1000 -1000 -1000 -10 0.00023257732391357422
Car -1 -1 -10 639.0 165.0 702.0 226.0 -1 -1 -1 -1000 -1000 -1000 -10 0.00022935867309570312
Car -1 -1 -10 673.0 181.0 742.0 227.0 -1 -1 -1 -1000 -1000 -1000 -10 0.0002263784408569336
Car -1 -1 -10 576.0 174.0 609.0 186.0 -1 -1 -1 -1000 -1000 -1000 -10 0.00022268295288085938
Car -1 -1 -10 0.0 251.0 33.0 373.0 -1 -1 -1 -1000 -1000 -1000 -10 0.0002218484878540039
Car -1 -1 -10 545.0 171.0 598.0 203.0 -1 -1 -1 -1000 -1000 -1000 -10 0.00021338462829589844
Car -1 -1 -10 1203.0 194.0 1242.0 330.0 -1 -1 -1 -1000 -1000 -1000 -10 0.0002130270004272461
Car -1 -1 -10 357.0 145.0 528.0 280.0 -1 -1 -1 -1000 -1000 -1000 -10 0.00021278858184814453
Car -1 -1 -10 0.0 218.0 63.0 338.0 -1 -1 -1 -1000 -1000 -1000 -10 0.00020623207092285156
Car -1 -1 -10 605.0 135.0 787.0 283.0 -1 -1 -1 -1000 -1000 -1000 -10 0.0002046823501586914
Car -1 -1 -10 607.0 130.0 772.0 252.0 -1 -1 -1 -1000 -1000 -1000 -10 0.00020456314086914062
Car -1 -1 -10 1096.0 156.0 1240.0 264.0 -1 -1 -1 -1000 -1000 -1000 -10 0.00020420551300048828
Car -1 -1 -10 0.0 243.0 15.0 364.0 -1 -1 -1 -1000 -1000 -1000 -10 0.00020265579223632812
Car -1 -1 -10 1226.0 147.0 1242.0 261.0 -1 -1 -1 -1000 -1000 -1000 -10 0.0001996755599975586
Car -1 -1 -10 1086.0 170.0 1212.0 278.0 -1 -1 -1 -1000 -1000 -1000 -10 0.00018322467803955078
Car -1 -1 -10 1204.0 124.0 1241.0 208.0 -1 -1 -1 -1000 -1000 -1000 -10 0.0001798868179321289
Car -1 -1 -10 562.0 135.0 752.0 271.0 -1 -1 -1 -1000 -1000 -1000 -10 0.00017774105072021484
Car -1 -1 -10 1194.0 142.0 1242.0 238.0 -1 -1 -1 -1000 -1000 -1000 -10 0.00017726421356201172
Car -1 -1 -10 587.0 173.0 615.0 186.0 -1 -1 -1 -1000 -1000 -1000 -10 0.0001722574234008789
Car -1 -1 -10 1092.0 151.0 1232.0 275.0 -1 -1 -1 -1000 -1000 -1000 -10 0.0001652240753173828
Car -1 -1 -10 1203.0 116.0 1242.0 216.0 -1 -1 -1 -1000 -1000 -1000 -10 0.00016236305236816406
Car -1 -1 -10 820.0 183.0 1131.0 374.0 -1 -1 -1 -1000 -1000 -1000 -10 0.00014328956604003906
Car -1 -1 -10 1163.0 146.0 1241.0 283.0 -1 -1 -1 -1000 -1000 -1000 -10 0.00014090538024902344
Car -1 -1 -10 1206.0 145.0 1241.0 201.0 -1 -1 -1 -1000 -1000 -1000 -10 0.00013577938079833984
Car -1 -1 -10 673.0 175.0 741.0 217.0 -1 -1 -1 -1000 -1000 -1000 -10 0.00013577938079833984
Car -1 -1 -10 337.0 190.0 430.0 243.0 -1 -1 -1 -1000 -1000 -1000 -10 0.00013434886932373047
Car -1 -1 -10 819.0 0.0 867.0 13.0 -1 -1 -1 -1000 -1000 -1000 -10 0.00013065338134765625
Car -1 -1 -10 586.0 171.0 617.0 183.0 -1 -1 -1 -1000 -1000 -1000 -10 0.000125885009765625
Car -1 -1 -10 635.0 143.0 812.0 273.0 -1 -1 -1 -1000 -1000 -1000 -10 0.00012540817260742188
Car -1 -1 -10 670.0 172.0 745.0 221.0 -1 -1 -1 -1000 -1000 -1000 -10 0.00011640787124633789
Car -1 -1 -10 175.0 198.0 342.0 302.0 -1 -1 -1 -1000 -1000 -1000 -10 0.00011032819747924805
Car -1 -1 -10 1192.0 214.0 1241.0 351.0 -1 -1 -1 -1000 -1000 -1000 -10 0.00010764598846435547
Car -1 -1 -10 1226.0 169.0 1242.0 295.0 -1 -1 -1 -1000 -1000 -1000 -10 0.0001074075698852539
Car -1 -1 -10 1216.0 156.0 1242.0 269.0 -1 -1 -1 -1000 -1000 -1000 -10 0.0001055598258972168
Car -1 -1 -10 1.0 226.0 97.0 336.0 -1 -1 -1 -1000 -1000 -1000 -10 0.00010317564010620117
Car -1 -1 -10 574.0 172.0 617.0 183.0 -1 -1 -1 -1000 -1000 -1000 -10 0.00010317564010620117
Car -1 -1 -10 1205.0 140.0 1241.0 188.0 -1 -1 -1 -1000 -1000 -1000 -10 0.00010079145431518555
