Car -1 -1 -10 591.0 173.0 618.0 199.0 -1 -1 -1 -1000 -1000 -1000 -10 0.947265625
Car -1 -1 -10 623.0 160.0 656.0 191.0 -1 -1 -1 -1000 -1000 -1000 -10 0.94482421875
Car -1 -1 -10 347.0 185.0 384.0 203.0 -1 -1 -1 -1000 -1000 -1000 -10 0.93212890625
Car -1 -1 -10 345.0 182.0 386.0 210.0 -1 -1 -1 -1000 -1000 -1000 -10 0.0007066726684570312
Car -1 -1 -10 620.0 160.0 651.0 189.0 -1 -1 -1 -1000 -1000 -1000 -10 0.0006241798400878906
Car -1 -1 -10 626.0 160.0 658.0 188.0 -1 -1 -1 -1000 -1000 -1000 -10 0.0004634857177734375
Car -1 -1 -10 591.0 171.0 620.0 205.0 -1 -1 -1 -1000 -1000 -1000 -10 0.0003070831298828125
Car -1 -1 -10 1219.0 201.0 1242.0 362.0 -1 -1 -1 -1000 -1000 -1000 -10 0.0002677440643310547
Car -1 -1 -10 1216.0 222.0 1242.0 372.0 -1 -1 -1 -1000 -1000 -1000 -10 0.00025582313537597656
Car -1 -1 -10 1214.0 193.0 1241.0 371.0 -1 -1 -1 -1000 -1000 -1000 -10 0.00020992755889892578
Car -1 -1 -10 1220.0 185.0 1242.0 334.0 -1 -1 -1 -1000 -1000 -1000 -10 0.00020444393157958984
Car -1 -1 -10 1212.0 216.0 1241.0 375.0 -1 -1 -1 -1000 -1000 -1000 -10 0.00019979476928710938
Car -1 -1 -10 590.0 169.0 617.0 201.0 -1 -1 -1 -1000 -1000 -1000 -10 0.00019180774688720703
Car -1 -1 -10 1214.0 171.0 1241.0 350.0 -1 -1 -1 -1000 -1000 -1000 -10 0.00017070770263671875
Car -1 -1 -10 594.0 175.0 618.0 198.0 -1 -1 -1 -1000 -1000 -1000 -10 0.0001685619354248047
Car -1 -1 -10 0.0 183.0 20.0 295.0 -1 -1 -1 -1000 -1000 -1000 -10 0.0001647472381591797
Car -1 -1 -10 1217.0 162.0 1242.0 322.0 -1 -1 -1 -1000 -1000 -1000 -10 0.00014483928680419922
Car -1 -1 -10 1214.0 148.0 1242.0 336.0 -1 -1 -1 -1000 -1000 -1000 -10 0.00013768672943115234
Car -1 -1 -10 620.0 162.0 659.0 193.0 -1 -1 -1 -1000 -1000 -1000 -10 0.00012695789337158203
Car -1 -1 -10 1215.0 187.0 1241.0 333.0 -1 -1 -1 -1000 -1000 -1000 -10 0.00012117624282836914
Pedestrian -1 -1 -10 162.0 0.0 230.0 45.0 -1 -1 -1 -1000 -1000 -1000 -10 0.00011789798736572266
Car -1 -1 -10 1.0 170.0 19.0 285.0 -1 -1 -1 -1000 -1000 -1000 -10 0.0001163482666015625
Car -1 -1 -10 0.0 189.0 21.0 323.0 -1 -1 -1 -1000 -1000 -1000 -10 0.00010603666305541992
Car -1 -1 -10 615.0 164.0 658.0 196.0 -1 -1 -1 -1000 -1000 -1000 -10 0.0001016855239868164
