Car -1 -1 -10 710.0 162.0 911.0 308.0 -1 -1 -1 -1000 -1000 -1000 -10 0.96826171875
Car -1 -1 -10 0.0 186.0 278.0 338.0 -1 -1 -1 -1000 -1000 -1000 -10 0.95947265625
Car -1 -1 -10 688.0 180.0 792.0 252.0 -1 -1 -1 -1000 -1000 -1000 -10 0.95263671875
Car -1 -1 -10 123.0 180.0 360.0 272.0 -1 -1 -1 -1000 -1000 -1000 -10 0.951171875
Car -1 -1 -10 668.0 177.0 743.0 234.0 -1 -1 -1 -1000 -1000 -1000 -10 0.94921875
Car -1 -1 -10 0.0 184.0 324.0 304.0 -1 -1 -1 -1000 -1000 -1000 -10 0.94677734375
Car -1 -1 -10 645.0 176.0 686.0 209.0 -1 -1 -1 -1000 -1000 -1000 -10 0.9404296875
Car -1 -1 -10 211.0 173.0 400.0 258.0 -1 -1 -1 -1000 -1000 -1000 -10 0.939453125
Car -1 -1 -10 345.0 173.0 478.0 225.0 -1 -1 -1 -1000 -1000 -1000 -10 0.93017578125
Car -1 -1 -10 0.0 188.0 87.0 373.0 -1 -1 -1 -1000 -1000 -1000 -10 0.919921875
Car -1 -1 -10 245.0 163.0 441.0 247.0 -1 -1 -1 -1000 -1000 -1000 -10 0.8955078125
Car -1 -1 -10 294.0 163.0 439.0 230.0 -1 -1 -1 -1000 -1000 -1000 -10 0.79736328125
Car -1 -1 -10 280.0 164.0 449.0 238.0 -1 -1 -1 -1000 -1000 -1000 -10 0.76708984375
Car -1 -1 -10 411.0 173.0 512.0 212.0 -1 -1 -1 -1000 -1000 -1000 -10 0.7451171875
Car -1 -1 -10 634.0 172.0 666.0 200.0 -1 -1 -1 -1000 -1000 -1000 -10 0.72705078125
Car -1 -1 -10 307.0 166.0 463.0 232.0 -1 -1 -1 -1000 -1000 -1000 -10 0.6669921875
Car -1 -1 -10 442.0 167.0 522.0 202.0 -1 -1 -1 -1000 -1000 -1000 -10 0.498779296875
Car -1 -1 -10 335.0 176.0 468.0 228.0 -1 -1 -1 -1000 -1000 -1000 -10 0.42724609375
Car -1 -1 -10 430.0 169.0 516.0 204.0 -1 -1 -1 -1000 -1000 -1000 -10 0.2177734375
Car -1 -1 -10 418.0 171.0 510.0 208.0 -1 -1 -1 -1000 -1000 -1000 -10 0.1851806640625
Car -1 -1 -10 320.0 172.0 457.0 230.0 -1 -1 -1 -1000 -1000 -1000 -10 0.1378173828125
Car -1 -1 -10 353.0 173.0 491.0 221.0 -1 -1 -1 -1000 -1000 -1000 -10 0.0882568359375
Car -1 -1 -10 264.0 166.0 430.0 246.0 -1 -1 -1 -1000 -1000 -1000 -10 0.05810546875
Car -1 -1 -10 302.0 173.0 450.0 236.0 -1 -1 -1 -1000 -1000 -1000 -10 0.05438232421875
Car -1 -1 -10 225.0 176.0 378.0 251.0 -1 -1 -1 -1000 -1000 -1000 -10 0.03997802734375
Car -1 -1 -10 272.0 165.0 417.0 240.0 -1 -1 -1 -1000 -1000 -1000 -10 0.036224365234375
Car -1 -1 -10 641.0 174.0 684.0 207.0 -1 -1 -1 -1000 -1000 -1000 -10 0.016632080078125
Car -1 -1 -10 324.0 184.0 468.0 235.0 -1 -1 -1 -1000 -1000 -1000 -10 0.007110595703125
Car -1 -1 -10 227.0 163.0 420.0 250.0 -1 -1 -1 -1000 -1000 -1000 -10 0.004657745361328125
Car -1 -1 -10 230.0 169.0 395.0 249.0 -1 -1 -1 -1000 -1000 -1000 -10 0.003604888916015625
Car -1 -1 -10 271.0 184.0 426.0 246.0 -1 -1 -1 -1000 -1000 -1000 -10 0.0023937225341796875
Car -1 -1 -10 452.0 168.0 528.0 201.0 -1 -1 -1 -1000 -1000 -1000 -10 0.002384185791015625
Car -1 -1 -10 0.0 184.0 106.0 373.0 -1 -1 -1 -1000 -1000 -1000 -10 0.002166748046875
Car -1 -1 -10 338.0 169.0 482.0 231.0 -1 -1 -1 -1000 -1000 -1000 -10 0.0020580291748046875
Car -1 -1 -10 125.0 177.0 355.0 258.0 -1 -1 -1 -1000 -1000 -1000 -10 0.002010345458984375
Car -1 -1 -10 254.0 168.0 402.0 247.0 -1 -1 -1 -1000 -1000 -1000 -10 0.00196075439453125
Car -1 -1 -10 685.0 179.0 774.0 240.0 -1 -1 -1 -1000 -1000 -1000 -10 0.001708984375
Car -1 -1 -10 2.0 203.0 82.0 351.0 -1 -1 -1 -1000 -1000 -1000 -10 0.0016813278198242188
Car -1 -1 -10 1.0 187.0 79.0 332.0 -1 -1 -1 -1000 -1000 -1000 -10 0.0015649795532226562
Car -1 -1 -10 0.0 182.0 288.0 289.0 -1 -1 -1 -1000 -1000 -1000 -10 0.0013799667358398438
Car -1 -1 -10 282.0 161.0 438.0 221.0 -1 -1 -1 -1000 -1000 -1000 -10 0.00136566162109375
Car -1 -1 -10 422.0 173.0 503.0 210.0 -1 -1 -1 -1000 -1000 -1000 -10 0.0013494491577148438
Car -1 -1 -10 655.0 164.0 739.0 229.0 -1 -1 -1 -1000 -1000 -1000 -10 0.001216888427734375
Car -1 -1 -10 684.0 167.0 812.0 268.0 -1 -1 -1 -1000 -1000 -1000 -10 0.0011091232299804688
Car -1 -1 -10 250.0 154.0 439.0 239.0 -1 -1 -1 -1000 -1000 -1000 -10 0.00106048583984375
Car -1 -1 -10 404.0 175.0 505.0 215.0 -1 -1 -1 -1000 -1000 -1000 -10 0.0009965896606445312
Car -1 -1 -10 240.0 153.0 445.0 260.0 -1 -1 -1 -1000 -1000 -1000 -10 0.0008196830749511719
Car -1 -1 -10 671.0 172.0 802.0 268.0 -1 -1 -1 -1000 -1000 -1000 -10 0.0007853507995605469
Car -1 -1 -10 24.0 183.0 322.0 288.0 -1 -1 -1 -1000 -1000 -1000 -10 0.0006494522094726562
Car -1 -1 -10 346.0 169.0 474.0 216.0 -1 -1 -1 -1000 -1000 -1000 -10 0.0005788803100585938
Car -1 -1 -10 299.0 175.0 467.0 246.0 -1 -1 -1 -1000 -1000 -1000 -10 0.0005512237548828125
Car -1 -1 -10 681.0 180.0 750.0 235.0 -1 -1 -1 -1000 -1000 -1000 -10 0.0005469322204589844
Car -1 -1 -10 298.0 189.0 450.0 242.0 -1 -1 -1 -1000 -1000 -1000 -10 0.0005393028259277344
Car -1 -1 -10 321.0 165.0 398.0 222.0 -1 -1 -1 -1000 -1000 -1000 -10 0.0005097389221191406
Car -1 -1 -10 2.0 226.0 82.0 371.0 -1 -1 -1 -1000 -1000 -1000 -10 0.0005087852478027344
Car -1 -1 -10 634.0 167.0 667.0 203.0 -1 -1 -1 -1000 -1000 -1000 -10 0.0005006790161132812
Car -1 -1 -10 77.0 194.0 194.0 321.0 -1 -1 -1 -1000 -1000 -1000 -10 0.00048351287841796875
Car -1 -1 -10 330.0 166.0 408.0 230.0 -1 -1 -1 -1000 -1000 -1000 -10 0.00042057037353515625
Car -1 -1 -10 212.0 160.0 415.0 266.0 -1 -1 -1 -1000 -1000 -1000 -10 0.0004119873046875
Car -1 -1 -10 0.0 150.0 73.0 351.0 -1 -1 -1 -1000 -1000 -1000 -10 0.0004093647003173828
Car -1 -1 -10 737.0 165.0 888.0 304.0 -1 -1 -1 -1000 -1000 -1000 -10 0.0003662109375
Car -1 -1 -10 0.0 185.0 246.0 312.0 -1 -1 -1 -1000 -1000 -1000 -10 0.00034499168395996094
Car -1 -1 -10 319.0 192.0 451.0 238.0 -1 -1 -1 -1000 -1000 -1000 -10 0.0003390312194824219
Car -1 -1 -10 333.0 194.0 461.0 236.0 -1 -1 -1 -1000 -1000 -1000 -10 0.0003173351287841797
Car -1 -1 -10 0.0 176.0 96.0 374.0 -1 -1 -1 -1000 -1000 -1000 -10 0.0003063678741455078
Car -1 -1 -10 0.0 169.0 90.0 337.0 -1 -1 -1 -1000 -1000 -1000 -10 0.0002548694610595703
Car -1 -1 -10 410.0 154.0 520.0 216.0 -1 -1 -1 -1000 -1000 -1000 -10 0.00025463104248046875
Car -1 -1 -10 362.0 176.0 442.0 223.0 -1 -1 -1 -1000 -1000 -1000 -10 0.00025272369384765625
Car -1 -1 -10 632.0 164.0 694.0 225.0 -1 -1 -1 -1000 -1000 -1000 -10 0.00025010108947753906
Car -1 -1 -10 314.0 140.0 518.0 266.0 -1 -1 -1 -1000 -1000 -1000 -10 0.0002465248107910156
Car -1 -1 -10 450.0 173.0 532.0 206.0 -1 -1 -1 -1000 -1000 -1000 -10 0.00023865699768066406
Car -1 -1 -10 747.0 160.0 901.0 279.0 -1 -1 -1 -1000 -1000 -1000 -10 0.0002315044403076172
Car -1 -1 -10 169.0 183.0 312.0 265.0 -1 -1 -1 -1000 -1000 -1000 -10 0.0002263784408569336
Car -1 -1 -10 345.0 164.0 488.0 228.0 -1 -1 -1 -1000 -1000 -1000 -10 0.00022494792938232422
Car -1 -1 -10 0.0 171.0 110.0 305.0 -1 -1 -1 -1000 -1000 -1000 -10 0.00021708011627197266
Car -1 -1 -10 277.0 149.0 460.0 254.0 -1 -1 -1 -1000 -1000 -1000 -10 0.00021445751190185547
Car -1 -1 -10 621.0 151.0 770.0 265.0 -1 -1 -1 -1000 -1000 -1000 -10 0.00021076202392578125
Car -1 -1 -10 632.0 171.0 660.0 198.0 -1 -1 -1 -1000 -1000 -1000 -10 0.00021004676818847656
Car -1 -1 -10 449.0 171.0 499.0 200.0 -1 -1 -1 -1000 -1000 -1000 -10 0.00020456314086914062
Car -1 -1 -10 1.0 147.0 63.0 328.0 -1 -1 -1 -1000 -1000 -1000 -10 0.00019085407257080078
Car -1 -1 -10 560.0 133.0 743.0 271.0 -1 -1 -1 -1000 -1000 -1000 -10 0.00018787384033203125
Car -1 -1 -10 310.0 162.0 433.0 222.0 -1 -1 -1 -1000 -1000 -1000 -10 0.00017392635345458984
Car -1 -1 -10 0.0 167.0 27.0 314.0 -1 -1 -1 -1000 -1000 -1000 -10 0.00016677379608154297
Car -1 -1 -10 460.0 170.0 531.0 200.0 -1 -1 -1 -1000 -1000 -1000 -10 0.00015938282012939453
Car -1 -1 -10 649.0 153.0 791.0 251.0 -1 -1 -1 -1000 -1000 -1000 -10 0.00015532970428466797
Car -1 -1 -10 1192.0 162.0 1241.0 358.0 -1 -1 -1 -1000 -1000 -1000 -10 0.0001552104949951172
Car -1 -1 -10 80.0 182.0 331.0 272.0 -1 -1 -1 -1000 -1000 -1000 -10 0.00015485286712646484
Car -1 -1 -10 318.0 165.0 391.0 234.0 -1 -1 -1 -1000 -1000 -1000 -10 0.00015413761138916016
Car -1 -1 -10 697.0 180.0 779.0 250.0 -1 -1 -1 -1000 -1000 -1000 -10 0.00015354156494140625
Car -1 -1 -10 616.0 131.0 768.0 245.0 -1 -1 -1 -1000 -1000 -1000 -10 0.0001506805419921875
Car -1 -1 -10 458.0 168.0 509.0 198.0 -1 -1 -1 -1000 -1000 -1000 -10 0.00014829635620117188
Car -1 -1 -10 300.0 146.0 483.0 246.0 -1 -1 -1 -1000 -1000 -1000 -10 0.0001462697982788086
Car -1 -1 -10 1214.0 188.0 1241.0 375.0 -1 -1 -1 -1000 -1000 -1000 -10 0.0001360177993774414
Car -1 -1 -10 339.0 167.0 418.0 228.0 -1 -1 -1 -1000 -1000 -1000 -10 0.00013339519500732422
Car -1 -1 -10 437.0 175.0 486.0 204.0 -1 -1 -1 -1000 -1000 -1000 -10 0.00013303756713867188
Pedestrian -1 -1 -10 60.0 16.0 80.0 59.0 -1 -1 -1 -1000 -1000 -1000 -10 0.0001289844512939453
Car -1 -1 -10 409.0 162.0 520.0 226.0 -1 -1 -1 -1000 -1000 -1000 -10 0.00012886524200439453
Car -1 -1 -10 450.0 164.0 530.0 206.0 -1 -1 -1 -1000 -1000 -1000 -10 0.00012636184692382812
Car -1 -1 -10 668.0 185.0 740.0 235.0 -1 -1 -1 -1000 -1000 -1000 -10 0.00012362003326416016
Car -1 -1 -10 1.0 174.0 36.0 361.0 -1 -1 -1 -1000 -1000 -1000 -10 0.00012117624282836914
Car -1 -1 -10 0.0 174.0 71.0 303.0 -1 -1 -1 -1000 -1000 -1000 -10 0.00011777877807617188
Car -1 -1 -10 153.0 186.0 307.0 261.0 -1 -1 -1 -1000 -1000 -1000 -10 0.00011682510375976562
Car -1 -1 -10 0.0 166.0 34.0 312.0 -1 -1 -1 -1000 -1000 -1000 -10 0.00011587142944335938
Car -1 -1 -10 160.0 176.0 360.0 251.0 -1 -1 -1 -1000 -1000 -1000 -10 0.0001131892204284668
Car -1 -1 -10 227.0 186.0 387.0 263.0 -1 -1 -1 -1000 -1000 -1000 -10 0.00010949373245239258
Car -1 -1 -10 164.0 185.0 330.0 273.0 -1 -1 -1 -1000 -1000 -1000 -10 0.00010222196578979492
Car -1 -1 -10 635.0 168.0 664.0 196.0 -1 -1 -1 -1000 -1000 -1000 -10 0.00010156631469726562
