Car -1 -1 -10 324.0 164.0 420.0 233.0 -1 -1 -1 -1000 -1000 -1000 -10 0.95849609375
Car -1 -1 -10 591.0 179.0 618.0 205.0 -1 -1 -1 -1000 -1000 -1000 -10 0.939453125
Car -1 -1 -10 471.0 185.0 496.0 204.0 -1 -1 -1 -1000 -1000 -1000 -10 0.91064453125
Car -1 -1 -10 471.0 183.0 496.0 202.0 -1 -1 -1 -1000 -1000 -1000 -10 0.0011882781982421875
Car -1 -1 -10 475.0 185.0 501.0 203.0 -1 -1 -1 -1000 -1000 -1000 -10 0.0010814666748046875
Car -1 -1 -10 325.0 166.0 408.0 226.0 -1 -1 -1 -1000 -1000 -1000 -10 0.0006475448608398438
Car -1 -1 -10 470.0 183.0 498.0 210.0 -1 -1 -1 -1000 -1000 -1000 -10 0.0006442070007324219
Car -1 -1 -10 524.0 0.0 582.0 54.0 -1 -1 -1 -1000 -1000 -1000 -10 0.00063323974609375
Car -1 -1 -10 0.0 199.0 25.0 369.0 -1 -1 -1 -1000 -1000 -1000 -10 0.0006070137023925781
Car -1 -1 -10 470.0 179.0 499.0 208.0 -1 -1 -1 -1000 -1000 -1000 -10 0.0005984306335449219
Car -1 -1 -10 482.0 0.0 541.0 55.0 -1 -1 -1 -1000 -1000 -1000 -10 0.0005974769592285156
Car -1 -1 -10 0.0 214.0 27.0 375.0 -1 -1 -1 -1000 -1000 -1000 -10 0.0005908012390136719
Car -1 -1 -10 1215.0 192.0 1242.0 375.0 -1 -1 -1 -1000 -1000 -1000 -10 0.000507354736328125
Car -1 -1 -10 327.0 162.0 416.0 222.0 -1 -1 -1 -1000 -1000 -1000 -10 0.00047779083251953125
Car -1 -1 -10 305.0 153.0 426.0 249.0 -1 -1 -1 -1000 -1000 -1000 -10 0.000476837158203125
Car -1 -1 -10 365.0 1.0 428.0 52.0 -1 -1 -1 -1000 -1000 -1000 -10 0.0004544258117675781
Car -1 -1 -10 515.0 0.0 573.0 54.0 -1 -1 -1 -1000 -1000 -1000 -10 0.00044918060302734375
Car -1 -1 -10 505.0 0.0 562.0 54.0 -1 -1 -1 -1000 -1000 -1000 -10 0.0004329681396484375
Car -1 -1 -10 346.0 1.0 408.0 51.0 -1 -1 -1 -1000 -1000 -1000 -10 0.00038123130798339844
Car -1 -1 -10 1.0 215.0 37.0 375.0 -1 -1 -1 -1000 -1000 -1000 -10 0.00037598609924316406
Car -1 -1 -10 591.0 176.0 620.0 210.0 -1 -1 -1 -1000 -1000 -1000 -10 0.0003476142883300781
Car -1 -1 -10 343.0 166.0 392.0 220.0 -1 -1 -1 -1000 -1000 -1000 -10 0.0003314018249511719
Car -1 -1 -10 356.0 1.0 418.0 52.0 -1 -1 -1 -1000 -1000 -1000 -10 0.00032639503479003906
Car -1 -1 -10 492.0 0.0 550.0 54.0 -1 -1 -1 -1000 -1000 -1000 -10 0.00032639503479003906
Car -1 -1 -10 1197.0 191.0 1242.0 375.0 -1 -1 -1 -1000 -1000 -1000 -10 0.0003237724304199219
Car -1 -1 -10 376.0 1.0 439.0 52.0 -1 -1 -1 -1000 -1000 -1000 -10 0.0002999305725097656
Car -1 -1 -10 387.0 1.0 450.0 53.0 -1 -1 -1 -1000 -1000 -1000 -10 0.0002987384796142578
Car -1 -1 -10 0.0 192.0 19.0 338.0 -1 -1 -1 -1000 -1000 -1000 -10 0.00029730796813964844
Car -1 -1 -10 1212.0 209.0 1242.0 375.0 -1 -1 -1 -1000 -1000 -1000 -10 0.000270843505859375
Car -1 -1 -10 472.0 0.0 532.0 55.0 -1 -1 -1 -1000 -1000 -1000 -10 0.00023603439331054688
Car -1 -1 -10 397.0 1.0 460.0 53.0 -1 -1 -1 -1000 -1000 -1000 -10 0.00020051002502441406
Car -1 -1 -10 325.0 1.0 386.0 51.0 -1 -1 -1 -1000 -1000 -1000 -10 0.00017690658569335938
Car -1 -1 -10 0.0 206.0 14.0 323.0 -1 -1 -1 -1000 -1000 -1000 -10 0.00017654895782470703
Car -1 -1 -10 468.0 185.0 494.0 204.0 -1 -1 -1 -1000 -1000 -1000 -10 0.0001728534698486328
Car -1 -1 -10 0.0 184.0 24.0 346.0 -1 -1 -1 -1000 -1000 -1000 -10 0.00016498565673828125
Car -1 -1 -10 0.0 236.0 49.0 375.0 -1 -1 -1 -1000 -1000 -1000 -10 0.00015926361083984375
Car -1 -1 -10 336.0 168.0 422.0 231.0 -1 -1 -1 -1000 -1000 -1000 -10 0.0001571178436279297
Car -1 -1 -10 0.0 210.0 23.0 337.0 -1 -1 -1 -1000 -1000 -1000 -10 0.00015306472778320312
Car -1 -1 -10 316.0 149.0 438.0 240.0 -1 -1 -1 -1000 -1000 -1000 -10 0.00015151500701904297
Car -1 -1 -10 546.0 0.0 603.0 53.0 -1 -1 -1 -1000 -1000 -1000 -10 0.0001513957977294922
Car -1 -1 -10 534.0 0.0 591.0 54.0 -1 -1 -1 -1000 -1000 -1000 -10 0.00014841556549072266
Car -1 -1 -10 460.0 0.0 522.0 54.0 -1 -1 -1 -1000 -1000 -1000 -10 0.00014638900756835938
Car -1 -1 -10 439.0 0.0 501.0 54.0 -1 -1 -1 -1000 -1000 -1000 -10 0.00014507770538330078
Car -1 -1 -10 0.0 206.0 45.0 375.0 -1 -1 -1 -1000 -1000 -1000 -10 0.0001404285430908203
Car -1 -1 -10 586.0 177.0 612.0 202.0 -1 -1 -1 -1000 -1000 -1000 -10 0.00013768672943115234
Car -1 -1 -10 1.0 213.0 16.0 334.0 -1 -1 -1 -1000 -1000 -1000 -10 0.00013697147369384766
Car -1 -1 -10 1063.0 132.0 1096.0 155.0 -1 -1 -1 -1000 -1000 -1000 -10 0.00012886524200439453
Car -1 -1 -10 335.0 1.0 396.0 51.0 -1 -1 -1 -1000 -1000 -1000 -10 0.00012874603271484375
Car -1 -1 -10 1218.0 171.0 1242.0 361.0 -1 -1 -1 -1000 -1000 -1000 -10 0.00012814998626708984
Car -1 -1 -10 407.0 1.0 470.0 53.0 -1 -1 -1 -1000 -1000 -1000 -10 0.0001264810562133789
Car -1 -1 -10 0.0 183.0 16.0 308.0 -1 -1 -1 -1000 -1000 -1000 -10 0.00012159347534179688
Car -1 -1 -10 1.0 241.0 28.0 375.0 -1 -1 -1 -1000 -1000 -1000 -10 0.00011622905731201172
Pedestrian -1 -1 -10 953.0 0.0 1007.0 4.0 -1 -1 -1 -1000 -1000 -1000 -10 0.0001150965690612793
Car -1 -1 -10 1214.0 162.0 1242.0 370.0 -1 -1 -1 -1000 -1000 -1000 -10 0.00011163949966430664
Car -1 -1 -10 0.0 198.0 11.0 312.0 -1 -1 -1 -1000 -1000 -1000 -10 0.00010770559310913086
Pedestrian -1 -1 -10 937.0 0.0 970.0 3.0 -1 -1 -1 -1000 -1000 -1000 -10 0.00010460615158081055
Car -1 -1 -10 626.0 0.0 687.0 47.0 -1 -1 -1 -1000 -1000 -1000 -10 0.00010323524475097656
