Car -1 -1 -10 251.0 192.0 403.0 279.0 -1 -1 -1 -1000 -1000 -1000 -10 0.97265625
Car -1 -1 -10 355.0 188.0 450.0 247.0 -1 -1 -1 -1000 -1000 -1000 -10 0.953125
Car -1 -1 -10 411.0 186.0 479.0 231.0 -1 -1 -1 -1000 -1000 -1000 -10 0.951171875
Car -1 -1 -10 799.0 151.0 921.0 198.0 -1 -1 -1 -1000 -1000 -1000 -10 0.94775390625
Car -1 -1 -10 448.0 184.0 504.0 219.0 -1 -1 -1 -1000 -1000 -1000 -10 0.94677734375
Car -1 -1 -10 664.0 172.0 707.0 206.0 -1 -1 -1 -1000 -1000 -1000 -10 0.93994140625
Car -1 -1 -10 768.0 154.0 860.0 194.0 -1 -1 -1 -1000 -1000 -1000 -10 0.93798828125
Car -1 -1 -10 487.0 182.0 529.0 210.0 -1 -1 -1 -1000 -1000 -1000 -10 0.9326171875
Car -1 -1 -10 1047.0 137.0 1177.0 174.0 -1 -1 -1 -1000 -1000 -1000 -10 0.9091796875
Car -1 -1 -10 1076.0 137.0 1214.0 174.0 -1 -1 -1 -1000 -1000 -1000 -10 0.89111328125
Car -1 -1 -10 1115.0 133.0 1242.0 175.0 -1 -1 -1 -1000 -1000 -1000 -10 0.876953125
Car -1 -1 -10 1162.0 130.0 1242.0 178.0 -1 -1 -1 -1000 -1000 -1000 -10 0.81494140625
Car -1 -1 -10 1138.0 131.0 1242.0 176.0 -1 -1 -1 -1000 -1000 -1000 -10 0.75048828125
Car -1 -1 -10 1057.0 137.0 1195.0 173.0 -1 -1 -1 -1000 -1000 -1000 -10 0.73779296875
Car -1 -1 -10 790.0 151.0 891.0 195.0 -1 -1 -1 -1000 -1000 -1000 -10 0.56640625
Car -1 -1 -10 433.0 185.0 504.0 221.0 -1 -1 -1 -1000 -1000 -1000 -10 0.389404296875
Car -1 -1 -10 1098.0 135.0 1235.0 173.0 -1 -1 -1 -1000 -1000 -1000 -10 0.360107421875
Car -1 -1 -10 1181.0 129.0 1241.0 177.0 -1 -1 -1 -1000 -1000 -1000 -10 0.25048828125
Car -1 -1 -10 427.0 183.0 492.0 224.0 -1 -1 -1 -1000 -1000 -1000 -10 0.2489013671875
Car -1 -1 -10 375.0 187.0 467.0 241.0 -1 -1 -1 -1000 -1000 -1000 -10 0.158447265625
Car -1 -1 -10 437.0 184.0 497.0 225.0 -1 -1 -1 -1000 -1000 -1000 -10 0.123779296875
Car -1 -1 -10 1197.0 130.0 1241.0 176.0 -1 -1 -1 -1000 -1000 -1000 -10 0.1163330078125
Car -1 -1 -10 1206.0 130.0 1241.0 177.0 -1 -1 -1 -1000 -1000 -1000 -10 0.1021728515625
Car -1 -1 -10 1158.0 133.0 1238.0 176.0 -1 -1 -1 -1000 -1000 -1000 -10 0.08984375
Car -1 -1 -10 794.0 151.0 873.0 194.0 -1 -1 -1 -1000 -1000 -1000 -10 0.061553955078125
Car -1 -1 -10 1146.0 137.0 1242.0 178.0 -1 -1 -1 -1000 -1000 -1000 -10 0.057861328125
Car -1 -1 -10 659.0 172.0 699.0 203.0 -1 -1 -1 -1000 -1000 -1000 -10 0.04241943359375
Car -1 -1 -10 1221.0 129.0 1242.0 176.0 -1 -1 -1 -1000 -1000 -1000 -10 0.032806396484375
Car -1 -1 -10 743.0 159.0 821.0 192.0 -1 -1 -1 -1000 -1000 -1000 -10 0.0308380126953125
Car -1 -1 -10 1123.0 130.0 1242.0 172.0 -1 -1 -1 -1000 -1000 -1000 -10 0.027252197265625
Car -1 -1 -10 1105.0 137.0 1242.0 177.0 -1 -1 -1 -1000 -1000 -1000 -10 0.024017333984375
Car -1 -1 -10 1223.0 132.0 1242.0 181.0 -1 -1 -1 -1000 -1000 -1000 -10 0.0224151611328125
Car -1 -1 -10 1210.0 128.0 1241.0 171.0 -1 -1 -1 -1000 -1000 -1000 -10 0.0213775634765625
Car -1 -1 -10 1067.0 140.0 1200.0 175.0 -1 -1 -1 -1000 -1000 -1000 -10 0.0205230712890625
Car -1 -1 -10 1212.0 135.0 1242.0 182.0 -1 -1 -1 -1000 -1000 -1000 -10 0.01351165771484375
Car -1 -1 -10 751.0 158.0 830.0 192.0 -1 -1 -1 -1000 -1000 -1000 -10 0.01250457763671875
Car -1 -1 -10 1226.0 126.0 1241.0 169.0 -1 -1 -1 -1000 -1000 -1000 -10 0.01146697998046875
Car -1 -1 -10 1078.0 132.0 1212.0 170.0 -1 -1 -1 -1000 -1000 -1000 -10 0.006458282470703125
Car -1 -1 -10 1150.0 128.0 1242.0 173.0 -1 -1 -1 -1000 -1000 -1000 -10 0.00635528564453125
Car -1 -1 -10 1118.0 123.0 1240.0 189.0 -1 -1 -1 -1000 -1000 -1000 -10 0.00494384765625
Car -1 -1 -10 1050.0 131.0 1193.0 170.0 -1 -1 -1 -1000 -1000 -1000 -10 0.00453948974609375
Car -1 -1 -10 665.0 170.0 713.0 205.0 -1 -1 -1 -1000 -1000 -1000 -10 0.004291534423828125
Car -1 -1 -10 774.0 151.0 867.0 192.0 -1 -1 -1 -1000 -1000 -1000 -10 0.0036983489990234375
Car -1 -1 -10 0.0 191.0 26.0 318.0 -1 -1 -1 -1000 -1000 -1000 -10 0.003520965576171875
Car -1 -1 -10 0.0 191.0 29.0 300.0 -1 -1 -1 -1000 -1000 -1000 -10 0.0032291412353515625
Car -1 -1 -10 504.0 183.0 539.0 206.0 -1 -1 -1 -1000 -1000 -1000 -10 0.002925872802734375
Car -1 -1 -10 832.0 152.0 880.0 190.0 -1 -1 -1 -1000 -1000 -1000 -10 0.0024890899658203125
Car -1 -1 -10 1158.0 123.0 1242.0 190.0 -1 -1 -1 -1000 -1000 -1000 -10 0.0022296905517578125
Car -1 -1 -10 511.0 180.0 542.0 203.0 -1 -1 -1 -1000 -1000 -1000 -10 0.0021953582763671875
Car -1 -1 -10 499.0 182.0 537.0 207.0 -1 -1 -1 -1000 -1000 -1000 -10 0.002185821533203125
Car -1 -1 -10 803.0 150.0 881.0 192.0 -1 -1 -1 -1000 -1000 -1000 -10 0.0021114349365234375
Car -1 -1 -10 1226.0 137.0 1242.0 191.0 -1 -1 -1 -1000 -1000 -1000 -10 0.0019140243530273438
Car -1 -1 -10 1208.0 139.0 1242.0 187.0 -1 -1 -1 -1000 -1000 -1000 -10 0.0017423629760742188
Car -1 -1 -10 1070.0 125.0 1224.0 186.0 -1 -1 -1 -1000 -1000 -1000 -10 0.0016317367553710938
Car -1 -1 -10 0.0 196.0 23.0 357.0 -1 -1 -1 -1000 -1000 -1000 -10 0.001575469970703125
Car -1 -1 -10 1164.0 118.0 1242.0 184.0 -1 -1 -1 -1000 -1000 -1000 -10 0.0015230178833007812
Car -1 -1 -10 770.0 157.0 849.0 195.0 -1 -1 -1 -1000 -1000 -1000 -10 0.0013742446899414062
Car -1 -1 -10 369.0 184.0 465.0 246.0 -1 -1 -1 -1000 -1000 -1000 -10 0.0012254714965820312
Car -1 -1 -10 0.0 189.0 32.0 324.0 -1 -1 -1 -1000 -1000 -1000 -10 0.0012044906616210938
Car -1 -1 -10 1189.0 131.0 1239.0 179.0 -1 -1 -1 -1000 -1000 -1000 -10 0.0011568069458007812
Car -1 -1 -10 0.0 174.0 25.0 293.0 -1 -1 -1 -1000 -1000 -1000 -10 0.0010881423950195312
Car -1 -1 -10 1164.0 140.0 1242.0 184.0 -1 -1 -1 -1000 -1000 -1000 -10 0.001087188720703125
Car -1 -1 -10 0.0 189.0 21.0 300.0 -1 -1 -1 -1000 -1000 -1000 -10 0.001071929931640625
Car -1 -1 -10 447.0 186.0 491.0 218.0 -1 -1 -1 -1000 -1000 -1000 -10 0.0010385513305664062
Car -1 -1 -10 1040.0 139.0 1160.0 175.0 -1 -1 -1 -1000 -1000 -1000 -10 0.00098419189453125
Car -1 -1 -10 0.0 191.0 39.0 301.0 -1 -1 -1 -1000 -1000 -1000 -10 0.0009450912475585938
Car -1 -1 -10 1197.0 161.0 1242.0 373.0 -1 -1 -1 -1000 -1000 -1000 -10 0.0008087158203125
Car -1 -1 -10 1214.0 178.0 1242.0 375.0 -1 -1 -1 -1000 -1000 -1000 -10 0.0007853507995605469
Car -1 -1 -10 818.0 151.0 899.0 194.0 -1 -1 -1 -1000 -1000 -1000 -10 0.0007677078247070312
Car -1 -1 -10 525.0 176.0 555.0 198.0 -1 -1 -1 -1000 -1000 -1000 -10 0.0006566047668457031
Car -1 -1 -10 0.0 194.0 20.0 313.0 -1 -1 -1 -1000 -1000 -1000 -10 0.0006275177001953125
Car -1 -1 -10 783.0 141.0 910.0 202.0 -1 -1 -1 -1000 -1000 -1000 -10 0.0006265640258789062
Car -1 -1 -10 754.0 154.0 845.0 193.0 -1 -1 -1 -1000 -1000 -1000 -10 0.0006222724914550781
Car -1 -1 -10 656.0 161.0 715.0 222.0 -1 -1 -1 -1000 -1000 -1000 -10 0.0006046295166015625
Car -1 -1 -10 796.0 148.0 910.0 195.0 -1 -1 -1 -1000 -1000 -1000 -10 0.0005965232849121094
Car -1 -1 -10 657.0 155.0 713.0 213.0 -1 -1 -1 -1000 -1000 -1000 -10 0.0005517005920410156
Car -1 -1 -10 792.0 147.0 922.0 208.0 -1 -1 -1 -1000 -1000 -1000 -10 0.0005440711975097656
Car -1 -1 -10 1071.0 97.0 1242.0 231.0 -1 -1 -1 -1000 -1000 -1000 -10 0.0005259513854980469
Car -1 -1 -10 0.0 195.0 33.0 367.0 -1 -1 -1 -1000 -1000 -1000 -10 0.0004911422729492188
Car -1 -1 -10 0.0 211.0 20.0 374.0 -1 -1 -1 -1000 -1000 -1000 -10 0.00047206878662109375
Car -1 -1 -10 666.0 177.0 708.0 209.0 -1 -1 -1 -1000 -1000 -1000 -10 0.00044155120849609375
Car -1 -1 -10 1040.0 125.0 1186.0 189.0 -1 -1 -1 -1000 -1000 -1000 -10 0.0004248619079589844
Car -1 -1 -10 762.0 145.0 866.0 208.0 -1 -1 -1 -1000 -1000 -1000 -10 0.0004127025604248047
Car -1 -1 -10 838.0 154.0 886.0 189.0 -1 -1 -1 -1000 -1000 -1000 -10 0.0004088878631591797
Car -1 -1 -10 374.0 190.0 423.0 240.0 -1 -1 -1 -1000 -1000 -1000 -10 0.0004086494445800781
Car -1 -1 -10 520.0 179.0 552.0 201.0 -1 -1 -1 -1000 -1000 -1000 -10 0.0003879070281982422
Car -1 -1 -10 741.0 162.0 820.0 194.0 -1 -1 -1 -1000 -1000 -1000 -10 0.0003426074981689453
Car -1 -1 -10 0.0 189.0 42.0 321.0 -1 -1 -1 -1000 -1000 -1000 -10 0.00033020973205566406
Car -1 -1 -10 441.0 169.0 507.0 229.0 -1 -1 -1 -1000 -1000 -1000 -10 0.00032210350036621094
Car -1 -1 -10 786.0 157.0 836.0 190.0 -1 -1 -1 -1000 -1000 -1000 -10 0.00032019615173339844
Car -1 -1 -10 716.0 121.0 909.0 251.0 -1 -1 -1 -1000 -1000 -1000 -10 0.0003135204315185547
Car -1 -1 -10 0.0 202.0 17.0 326.0 -1 -1 -1 -1000 -1000 -1000 -10 0.0003101825714111328
Pedestrian -1 -1 -10 552.0 0.0 599.0 44.0 -1 -1 -1 -1000 -1000 -1000 -10 0.00029730796813964844
Car -1 -1 -10 765.0 103.0 963.0 237.0 -1 -1 -1 -1000 -1000 -1000 -10 0.00028967857360839844
Car -1 -1 -10 997.0 91.0 1217.0 235.0 -1 -1 -1 -1000 -1000 -1000 -10 0.0002872943878173828
Car -1 -1 -10 0.0 184.0 42.0 293.0 -1 -1 -1 -1000 -1000 -1000 -10 0.0002834796905517578
Car -1 -1 -10 653.0 161.0 732.0 223.0 -1 -1 -1 -1000 -1000 -1000 -10 0.0002803802490234375
Car -1 -1 -10 758.0 125.0 950.0 248.0 -1 -1 -1 -1000 -1000 -1000 -10 0.00027823448181152344
Car -1 -1 -10 756.0 109.0 941.0 234.0 -1 -1 -1 -1000 -1000 -1000 -10 0.0002779960632324219
Car -1 -1 -10 0.0 177.0 27.0 281.0 -1 -1 -1 -1000 -1000 -1000 -10 0.0002694129943847656
Car -1 -1 -10 717.0 102.0 905.0 238.0 -1 -1 -1 -1000 -1000 -1000 -10 0.00026679039001464844
Car -1 -1 -10 1122.0 95.0 1242.0 229.0 -1 -1 -1 -1000 -1000 -1000 -10 0.000263214111328125
Car -1 -1 -10 485.0 178.0 531.0 213.0 -1 -1 -1 -1000 -1000 -1000 -10 0.0002620220184326172
Car -1 -1 -10 1036.0 97.0 1242.0 230.0 -1 -1 -1 -1000 -1000 -1000 -10 0.0002582073211669922
Car -1 -1 -10 598.0 132.0 771.0 272.0 -1 -1 -1 -1000 -1000 -1000 -10 0.0002536773681640625
Car -1 -1 -10 598.0 115.0 768.0 237.0 -1 -1 -1 -1000 -1000 -1000 -10 0.00025177001953125
Car -1 -1 -10 1217.0 209.0 1242.0 371.0 -1 -1 -1 -1000 -1000 -1000 -10 0.0002512931823730469
Car -1 -1 -10 1228.0 139.0 1242.0 213.0 -1 -1 -1 -1000 -1000 -1000 -10 0.0002465248107910156
Car -1 -1 -10 1228.0 116.0 1242.0 158.0 -1 -1 -1 -1000 -1000 -1000 -10 0.00024378299713134766
Car -1 -1 -10 1141.0 133.0 1223.0 171.0 -1 -1 -1 -1000 -1000 -1000 -10 0.00024366378784179688
Car -1 -1 -10 1086.0 141.0 1134.0 166.0 -1 -1 -1 -1000 -1000 -1000 -10 0.00023877620697021484
Car -1 -1 -10 1078.0 85.0 1242.0 204.0 -1 -1 -1 -1000 -1000 -1000 -10 0.00022804737091064453
Car -1 -1 -10 0.0 206.0 26.0 375.0 -1 -1 -1 -1000 -1000 -1000 -10 0.0002243518829345703
Car -1 -1 -10 310.0 166.0 483.0 287.0 -1 -1 -1 -1000 -1000 -1000 -10 0.00019884109497070312
Car -1 -1 -10 417.0 176.0 501.0 234.0 -1 -1 -1 -1000 -1000 -1000 -10 0.0001895427703857422
Car -1 -1 -10 0.0 160.0 42.0 296.0 -1 -1 -1 -1000 -1000 -1000 -10 0.0001863241195678711
Car -1 -1 -10 1189.0 139.0 1241.0 187.0 -1 -1 -1 -1000 -1000 -1000 -10 0.00018310546875
Car -1 -1 -10 0.0 193.0 42.0 359.0 -1 -1 -1 -1000 -1000 -1000 -10 0.00018095970153808594
Car -1 -1 -10 1.0 214.0 36.0 375.0 -1 -1 -1 -1000 -1000 -1000 -10 0.00018072128295898438
Car -1 -1 -10 387.0 129.0 556.0 254.0 -1 -1 -1 -1000 -1000 -1000 -10 0.00017952919006347656
Car -1 -1 -10 1138.0 164.0 1242.0 370.0 -1 -1 -1 -1000 -1000 -1000 -10 0.00017535686492919922
Car -1 -1 -10 448.0 179.0 502.0 215.0 -1 -1 -1 -1000 -1000 -1000 -10 0.00016832351684570312
Car -1 -1 -10 417.0 187.0 469.0 230.0 -1 -1 -1 -1000 -1000 -1000 -10 0.00016689300537109375
Car -1 -1 -10 281.0 190.0 410.0 267.0 -1 -1 -1 -1000 -1000 -1000 -10 0.00016689300537109375
Car -1 -1 -10 1036.0 138.0 1144.0 172.0 -1 -1 -1 -1000 -1000 -1000 -10 0.0001608133316040039
Car -1 -1 -10 1190.0 129.0 1240.0 172.0 -1 -1 -1 -1000 -1000 -1000 -10 0.0001608133316040039
Car -1 -1 -10 1124.0 143.0 1242.0 181.0 -1 -1 -1 -1000 -1000 -1000 -10 0.0001558065414428711
Car -1 -1 -10 648.0 173.0 682.0 198.0 -1 -1 -1 -1000 -1000 -1000 -10 0.00015437602996826172
Car -1 -1 -10 1128.0 86.0 1242.0 202.0 -1 -1 -1 -1000 -1000 -1000 -10 0.0001538991928100586
Car -1 -1 -10 1009.0 85.0 1210.0 202.0 -1 -1 -1 -1000 -1000 -1000 -10 0.0001513957977294922
Car -1 -1 -10 0.0 209.0 15.0 338.0 -1 -1 -1 -1000 -1000 -1000 -10 0.00015056133270263672
Car -1 -1 -10 651.0 175.0 688.0 203.0 -1 -1 -1 -1000 -1000 -1000 -10 0.00014925003051757812
Car -1 -1 -10 1230.0 150.0 1242.0 201.0 -1 -1 -1 -1000 -1000 -1000 -10 0.00014579296112060547
Car -1 -1 -10 1044.0 83.0 1242.0 205.0 -1 -1 -1 -1000 -1000 -1000 -10 0.00014472007751464844
Car -1 -1 -10 734.0 159.0 807.0 195.0 -1 -1 -1 -1000 -1000 -1000 -10 0.00014293193817138672
Car -1 -1 -10 0.0 180.0 16.0 276.0 -1 -1 -1 -1000 -1000 -1000 -10 0.00013768672943115234
Car -1 -1 -10 1111.0 137.0 1192.0 172.0 -1 -1 -1 -1000 -1000 -1000 -10 0.00013720989227294922
Car -1 -1 -10 488.0 179.0 529.0 206.0 -1 -1 -1 -1000 -1000 -1000 -10 0.00013697147369384766
Car -1 -1 -10 439.0 170.0 530.0 233.0 -1 -1 -1 -1000 -1000 -1000 -10 0.0001348257064819336
Car -1 -1 -10 815.0 151.0 866.0 185.0 -1 -1 -1 -1000 -1000 -1000 -10 0.0001329183578491211
Car -1 -1 -10 461.0 179.0 513.0 212.0 -1 -1 -1 -1000 -1000 -1000 -10 0.00013113021850585938
Car -1 -1 -10 0.0 208.0 25.0 336.0 -1 -1 -1 -1000 -1000 -1000 -10 0.00012993812561035156
Car -1 -1 -10 0.0 189.0 59.0 318.0 -1 -1 -1 -1000 -1000 -1000 -10 0.0001214742660522461
Car -1 -1 -10 0.0 221.0 14.0 348.0 -1 -1 -1 -1000 -1000 -1000 -10 0.00011813640594482422
Pedestrian -1 -1 -10 356.0 0.0 385.0 1.0 -1 -1 -1 -1000 -1000 -1000 -10 0.00011742115020751953
Car -1 -1 -10 742.0 154.0 823.0 189.0 -1 -1 -1 -1000 -1000 -1000 -10 0.00011664628982543945
Car -1 -1 -10 1179.0 132.0 1231.0 173.0 -1 -1 -1 -1000 -1000 -1000 -10 0.00011289119720458984
Car -1 -1 -10 1159.0 142.0 1239.0 182.0 -1 -1 -1 -1000 -1000 -1000 -10 0.00011086463928222656
Car -1 -1 -10 1217.0 165.0 1242.0 325.0 -1 -1 -1 -1000 -1000 -1000 -10 0.00010800361633300781
Car -1 -1 -10 480.0 184.0 515.0 208.0 -1 -1 -1 -1000 -1000 -1000 -10 0.00010442733764648438
Car -1 -1 -10 1158.0 135.0 1207.0 166.0 -1 -1 -1 -1000 -1000 -1000 -10 0.00010401010513305664
Car -1 -1 -10 1212.0 153.0 1242.0 338.0 -1 -1 -1 -1000 -1000 -1000 -10 0.00010401010513305664
Car -1 -1 -10 1177.0 182.0 1242.0 372.0 -1 -1 -1 -1000 -1000 -1000 -10 0.00010329484939575195
Car -1 -1 -10 746.0 156.0 825.0 195.0 -1 -1 -1 -1000 -1000 -1000 -10 0.00010293722152709961
Car -1 -1 -10 789.0 155.0 885.0 204.0 -1 -1 -1 -1000 -1000 -1000 -10 0.00010228157043457031
Car -1 -1 -10 506.0 180.0 538.0 202.0 -1 -1 -1 -1000 -1000 -1000 -10 0.00010204315185546875
