Car -1 -1 -10 655.0 128.0 778.0 229.0 -1 -1 -1 -1000 -1000 -1000 -10 0.9638671875
Car -1 -1 -10 360.0 184.0 409.0 211.0 -1 -1 -1 -1000 -1000 -1000 -10 0.95556640625
Car -1 -1 -10 450.0 181.0 476.0 195.0 -1 -1 -1 -1000 -1000 -1000 -10 0.78662109375
Car -1 -1 -10 0.0 217.0 17.0 283.0 -1 -1 -1 -1000 -1000 -1000 -10 0.00855255126953125
Car -1 -1 -10 0.0 211.0 14.0 277.0 -1 -1 -1 -1000 -1000 -1000 -10 0.0072784423828125
Car -1 -1 -10 0.0 216.0 13.0 271.0 -1 -1 -1 -1000 -1000 -1000 -10 0.00412750244140625
Car -1 -1 -10 0.0 206.0 12.0 268.0 -1 -1 -1 -1000 -1000 -1000 -10 0.0037059783935546875
Car -1 -1 -10 0.0 215.0 22.0 285.0 -1 -1 -1 -1000 -1000 -1000 -10 0.0035572052001953125
Car -1 -1 -10 0.0 222.0 15.0 280.0 -1 -1 -1 -1000 -1000 -1000 -10 0.002918243408203125
Car -1 -1 -10 0.0 211.0 12.0 262.0 -1 -1 -1 -1000 -1000 -1000 -10 0.002719879150390625
Car -1 -1 -10 0.0 220.0 16.0 297.0 -1 -1 -1 -1000 -1000 -1000 -10 0.001255035400390625
Car -1 -1 -10 0.0 196.0 15.0 269.0 -1 -1 -1 -1000 -1000 -1000 -10 0.0009388923645019531
Car -1 -1 -10 0.0 220.0 27.0 294.0 -1 -1 -1 -1000 -1000 -1000 -10 0.0009188652038574219
Car -1 -1 -10 0.0 206.0 17.0 264.0 -1 -1 -1 -1000 -1000 -1000 -10 0.0007162094116210938
Car -1 -1 -10 0.0 194.0 10.0 261.0 -1 -1 -1 -1000 -1000 -1000 -10 0.0005669593811035156
Car -1 -1 -10 0.0 221.0 22.0 300.0 -1 -1 -1 -1000 -1000 -1000 -10 0.0005536079406738281
Car -1 -1 -10 0.0 210.0 27.0 279.0 -1 -1 -1 -1000 -1000 -1000 -10 0.00048470497131347656
Car -1 -1 -10 359.0 181.0 410.0 214.0 -1 -1 -1 -1000 -1000 -1000 -10 0.00048041343688964844
Car -1 -1 -10 0.0 220.0 21.0 316.0 -1 -1 -1 -1000 -1000 -1000 -10 0.00040221214294433594
Car -1 -1 -10 0.0 230.0 15.0 288.0 -1 -1 -1 -1000 -1000 -1000 -10 0.00039267539978027344
Car -1 -1 -10 424.0 94.0 449.0 114.0 -1 -1 -1 -1000 -1000 -1000 -10 0.00038433074951171875
Car -1 -1 -10 0.0 202.0 10.0 252.0 -1 -1 -1 -1000 -1000 -1000 -10 0.0003254413604736328
Car -1 -1 -10 452.0 175.0 486.0 193.0 -1 -1 -1 -1000 -1000 -1000 -10 0.00029969215393066406
Car -1 -1 -10 447.0 180.0 473.0 193.0 -1 -1 -1 -1000 -1000 -1000 -10 0.00023126602172851562
Car -1 -1 -10 0.0 188.0 22.0 277.0 -1 -1 -1 -1000 -1000 -1000 -10 0.0002225637435913086
Car -1 -1 -10 1.0 220.0 26.0 316.0 -1 -1 -1 -1000 -1000 -1000 -10 0.00021827220916748047
Car -1 -1 -10 446.0 181.0 473.0 195.0 -1 -1 -1 -1000 -1000 -1000 -10 0.00020813941955566406
Car -1 -1 -10 0.0 197.0 12.0 259.0 -1 -1 -1 -1000 -1000 -1000 -10 0.00020742416381835938
Car -1 -1 -10 0.0 199.0 22.0 267.0 -1 -1 -1 -1000 -1000 -1000 -10 0.00019931793212890625
Car -1 -1 -10 452.0 179.0 485.0 196.0 -1 -1 -1 -1000 -1000 -1000 -10 0.00019216537475585938
Car -1 -1 -10 0.0 225.0 15.0 312.0 -1 -1 -1 -1000 -1000 -1000 -10 0.0001266002655029297
Pedestrian -1 -1 -10 749.0 0.0 768.0 0.0 -1 -1 -1 -1000 -1000 -1000 -10 0.00012242794036865234
Car -1 -1 -10 0.0 230.0 22.0 290.0 -1 -1 -1 -1000 -1000 -1000 -10 0.00011938810348510742
Car -1 -1 -10 1.0 195.0 17.0 256.0 -1 -1 -1 -1000 -1000 -1000 -10 0.0001093745231628418
