Car -1 -1 -10 451.0 177.0 494.0 206.0 -1 -1 -1 -1000 -1000 -1000 -10 0.951171875
Car -1 -1 -10 581.0 176.0 598.0 189.0 -1 -1 -1 -1000 -1000 -1000 -10 0.90234375
Car -1 -1 -10 579.0 175.0 599.0 190.0 -1 -1 -1 -1000 -1000 -1000 -10 0.0026264190673828125
Car -1 -1 -10 581.0 173.0 601.0 189.0 -1 -1 -1 -1000 -1000 -1000 -10 0.0005011558532714844
Car -1 -1 -10 569.0 174.0 586.0 188.0 -1 -1 -1 -1000 -1000 -1000 -10 0.0004849433898925781
Car -1 -1 -10 449.0 175.0 494.0 210.0 -1 -1 -1 -1000 -1000 -1000 -10 0.00023233890533447266
Car -1 -1 -10 0.0 188.0 20.0 334.0 -1 -1 -1 -1000 -1000 -1000 -10 0.0002040863037109375
Car -1 -1 -10 0.0 177.0 18.0 306.0 -1 -1 -1 -1000 -1000 -1000 -10 0.00018334388732910156
Car -1 -1 -10 504.0 204.0 688.0 369.0 -1 -1 -1 -1000 -1000 -1000 -10 0.00017762184143066406
Car -1 -1 -10 441.0 165.0 502.0 228.0 -1 -1 -1 -1000 -1000 -1000 -10 0.00016069412231445312
Car -1 -1 -10 0.0 168.0 16.0 277.0 -1 -1 -1 -1000 -1000 -1000 -10 0.00014960765838623047
Car -1 -1 -10 466.0 171.0 496.0 195.0 -1 -1 -1 -1000 -1000 -1000 -10 0.00014722347259521484
Car -1 -1 -10 0.0 199.0 25.0 362.0 -1 -1 -1 -1000 -1000 -1000 -10 0.0001442432403564453
Car -1 -1 -10 442.0 158.0 500.0 215.0 -1 -1 -1 -1000 -1000 -1000 -10 0.0001398324966430664
Car -1 -1 -10 418.0 75.0 455.0 106.0 -1 -1 -1 -1000 -1000 -1000 -10 0.00013685226440429688
Car -1 -1 -10 0.0 176.0 12.0 269.0 -1 -1 -1 -1000 -1000 -1000 -10 0.00012767314910888672
Car -1 -1 -10 1217.0 170.0 1242.0 355.0 -1 -1 -1 -1000 -1000 -1000 -10 0.00012230873107910156
Car -1 -1 -10 0.0 201.0 13.0 305.0 -1 -1 -1 -1000 -1000 -1000 -10 0.0001156926155090332
Car -1 -1 -10 0.0 181.0 25.0 341.0 -1 -1 -1 -1000 -1000 -1000 -10 0.00011235475540161133
Car -1 -1 -10 1212.0 153.0 1242.0 373.0 -1 -1 -1 -1000 -1000 -1000 -10 0.00010210275650024414
