Pedestrian -1 -1 -10 445.0 159.0 505.0 300.0 -1 -1 -1 -1000 -1000 -1000 -10 0.91357421875
Pedestrian -1 -1 -10 437.0 159.0 499.0 302.0 -1 -1 -1 -1000 -1000 -1000 -10 0.00447845458984375
Pedestrian -1 -1 -10 414.0 158.0 530.0 303.0 -1 -1 -1 -1000 -1000 -1000 -10 0.0012350082397460938
Car -1 -1 -10 776.0 51.0 792.0 65.0 -1 -1 -1 -1000 -1000 -1000 -10 0.0006132125854492188
Pedestrian -1 -1 -10 462.0 159.0 509.0 299.0 -1 -1 -1 -1000 -1000 -1000 -10 0.0005350112915039062
Car -1 -1 -10 772.0 50.0 795.0 66.0 -1 -1 -1 -1000 -1000 -1000 -10 0.00046825408935546875
Pedestrian -1 -1 -10 452.0 155.0 512.0 296.0 -1 -1 -1 -1000 -1000 -1000 -10 0.0003705024719238281
Pedestrian -1 -1 -10 0.0 170.0 17.0 347.0 -1 -1 -1 -1000 -1000 -1000 -10 0.0001461505889892578
Pedestrian -1 -1 -10 440.0 160.0 485.0 300.0 -1 -1 -1 -1000 -1000 -1000 -10 0.00014531612396240234
Car -1 -1 -10 663.0 52.0 694.0 73.0 -1 -1 -1 -1000 -1000 -1000 -10 0.0001310110092163086
Pedestrian -1 -1 -10 0.0 157.0 15.0 317.0 -1 -1 -1 -1000 -1000 -1000 -10 0.00012874603271484375
Car -1 -1 -10 714.0 101.0 728.0 116.0 -1 -1 -1 -1000 -1000 -1000 -10 0.0001125335693359375
Car -1 -1 -10 711.0 100.0 731.0 117.0 -1 -1 -1 -1000 -1000 -1000 -10 0.00010353326797485352
Pedestrian -1 -1 -10 0.0 147.0 15.0 293.0 -1 -1 -1 -1000 -1000 -1000 -10 0.0001004338264465332
