Cyclist -1 -1 -10 885.0 139.0 951.0 264.0 -1 -1 -1 -1000 -1000 -1000 -10 0.9443359375
Pedestrian -1 -1 -10 1041.0 143.0 1156.0 365.0 -1 -1 -1 -1000 -1000 -1000 -10 0.93408203125
Cyclist -1 -1 -10 632.0 160.0 690.0 219.0 -1 -1 -1 -1000 -1000 -1000 -10 0.9228515625
Pedestrian -1 -1 -10 740.0 149.0 773.0 232.0 -1 -1 -1 -1000 -1000 -1000 -10 0.89990234375
Car -1 -1 -10 607.0 158.0 624.0 176.0 -1 -1 -1 -1000 -1000 -1000 -10 0.8916015625
Pedestrian -1 -1 -10 782.0 154.0 799.0 203.0 -1 -1 -1 -1000 -1000 -1000 -10 0.83837890625
Pedestrian -1 -1 -10 696.0 150.0 719.0 219.0 -1 -1 -1 -1000 -1000 -1000 -10 0.72802734375
Pedestrian -1 -1 -10 708.0 148.0 732.0 219.0 -1 -1 -1 -1000 -1000 -1000 -10 0.6396484375
Pedestrian -1 -1 -10 694.0 150.0 717.0 218.0 -1 -1 -1 -1000 -1000 -1000 -10 0.466552734375
Pedestrian -1 -1 -10 703.0 147.0 736.0 219.0 -1 -1 -1 -1000 -1000 -1000 -10 0.4462890625
Pedestrian -1 -1 -10 780.0 151.0 801.0 206.0 -1 -1 -1 -1000 -1000 -1000 -10 0.4384765625
Pedestrian -1 -1 -10 730.0 148.0 754.0 211.0 -1 -1 -1 -1000 -1000 -1000 -10 0.333251953125
Pedestrian -1 -1 -10 802.0 153.0 819.0 203.0 -1 -1 -1 -1000 -1000 -1000 -10 0.31298828125
Pedestrian -1 -1 -10 727.0 148.0 756.0 215.0 -1 -1 -1 -1000 -1000 -1000 -10 0.298583984375
Pedestrian -1 -1 -10 713.0 148.0 736.0 223.0 -1 -1 -1 -1000 -1000 -1000 -10 0.273681640625
Pedestrian -1 -1 -10 735.0 148.0 764.0 216.0 -1 -1 -1 -1000 -1000 -1000 -10 0.1510009765625
Pedestrian -1 -1 -10 711.0 150.0 734.0 213.0 -1 -1 -1 -1000 -1000 -1000 -10 0.1197509765625
Pedestrian -1 -1 -10 688.0 154.0 717.0 212.0 -1 -1 -1 -1000 -1000 -1000 -10 0.07366943359375
Pedestrian -1 -1 -10 708.0 152.0 729.0 216.0 -1 -1 -1 -1000 -1000 -1000 -10 0.06878662109375
Cyclist -1 -1 -10 692.0 151.0 743.0 212.0 -1 -1 -1 -1000 -1000 -1000 -10 0.06878662109375
Pedestrian -1 -1 -10 731.0 150.0 752.0 205.0 -1 -1 -1 -1000 -1000 -1000 -10 0.05316162109375
Pedestrian -1 -1 -10 733.0 150.0 756.0 204.0 -1 -1 -1 -1000 -1000 -1000 -10 0.0233306884765625
Pedestrian -1 -1 -10 778.0 152.0 798.0 200.0 -1 -1 -1 -1000 -1000 -1000 -10 0.022125244140625
Pedestrian -1 -1 -10 715.0 146.0 740.0 208.0 -1 -1 -1 -1000 -1000 -1000 -10 0.018829345703125
Pedestrian -1 -1 -10 728.0 150.0 773.0 225.0 -1 -1 -1 -1000 -1000 -1000 -10 0.0167999267578125
Pedestrian -1 -1 -10 799.0 152.0 819.0 204.0 -1 -1 -1 -1000 -1000 -1000 -10 0.0142974853515625
Cyclist -1 -1 -10 636.0 161.0 685.0 218.0 -1 -1 -1 -1000 -1000 -1000 -10 0.0142059326171875
Pedestrian -1 -1 -10 737.0 150.0 778.0 234.0 -1 -1 -1 -1000 -1000 -1000 -10 0.01247406005859375
Pedestrian -1 -1 -10 801.0 157.0 820.0 205.0 -1 -1 -1 -1000 -1000 -1000 -10 0.0089569091796875
Pedestrian -1 -1 -10 795.0 152.0 812.0 198.0 -1 -1 -1 -1000 -1000 -1000 -10 0.006847381591796875
Pedestrian -1 -1 -10 755.0 151.0 776.0 211.0 -1 -1 -1 -1000 -1000 -1000 -10 0.006832122802734375
Pedestrian -1 -1 -10 747.0 150.0 775.0 227.0 -1 -1 -1 -1000 -1000 -1000 -10 0.006725311279296875
Pedestrian -1 -1 -10 696.0 147.0 722.0 209.0 -1 -1 -1 -1000 -1000 -1000 -10 0.0062103271484375
Pedestrian -1 -1 -10 741.0 156.0 774.0 221.0 -1 -1 -1 -1000 -1000 -1000 -10 0.006175994873046875
Pedestrian -1 -1 -10 803.0 151.0 819.0 196.0 -1 -1 -1 -1000 -1000 -1000 -10 0.004840850830078125
Pedestrian -1 -1 -10 687.0 151.0 715.0 206.0 -1 -1 -1 -1000 -1000 -1000 -10 0.0035076141357421875
Pedestrian -1 -1 -10 683.0 154.0 711.0 209.0 -1 -1 -1 -1000 -1000 -1000 -10 0.00345611572265625
Car -1 -1 -10 604.0 158.0 624.0 176.0 -1 -1 -1 -1000 -1000 -1000 -10 0.0032634735107421875
Pedestrian -1 -1 -10 719.0 159.0 738.0 226.0 -1 -1 -1 -1000 -1000 -1000 -10 0.00315093994140625
Pedestrian -1 -1 -10 1199.0 135.0 1224.0 370.0 -1 -1 -1 -1000 -1000 -1000 -10 0.002593994140625
Pedestrian -1 -1 -10 730.0 148.0 758.0 199.0 -1 -1 -1 -1000 -1000 -1000 -10 0.001895904541015625
Pedestrian -1 -1 -10 1197.0 99.0 1224.0 370.0 -1 -1 -1 -1000 -1000 -1000 -10 0.0018815994262695312
Car -1 -1 -10 609.0 158.0 625.0 175.0 -1 -1 -1 -1000 -1000 -1000 -10 0.0016765594482421875
Pedestrian -1 -1 -10 1205.0 102.0 1224.0 329.0 -1 -1 -1 -1000 -1000 -1000 -10 0.0015354156494140625
Cyclist -1 -1 -10 682.0 147.0 751.0 219.0 -1 -1 -1 -1000 -1000 -1000 -10 0.0013751983642578125
Pedestrian -1 -1 -10 712.0 144.0 739.0 202.0 -1 -1 -1 -1000 -1000 -1000 -10 0.0012054443359375
Pedestrian -1 -1 -10 685.0 158.0 710.0 215.0 -1 -1 -1 -1000 -1000 -1000 -10 0.00116729736328125
Pedestrian -1 -1 -10 1188.0 134.0 1223.0 370.0 -1 -1 -1 -1000 -1000 -1000 -10 0.00116729736328125
Pedestrian -1 -1 -10 983.0 83.0 1002.0 109.0 -1 -1 -1 -1000 -1000 -1000 -10 0.0011148452758789062
Pedestrian -1 -1 -10 987.0 84.0 1000.0 108.0 -1 -1 -1 -1000 -1000 -1000 -10 0.001110076904296875
Cyclist -1 -1 -10 631.0 155.0 685.0 209.0 -1 -1 -1 -1000 -1000 -1000 -10 0.00102996826171875
Pedestrian -1 -1 -10 727.0 161.0 746.0 226.0 -1 -1 -1 -1000 -1000 -1000 -10 0.0010194778442382812
Pedestrian -1 -1 -10 745.0 149.0 770.0 207.0 -1 -1 -1 -1000 -1000 -1000 -10 0.00101470947265625
Pedestrian -1 -1 -10 806.0 151.0 820.0 196.0 -1 -1 -1 -1000 -1000 -1000 -10 0.0009617805480957031
Pedestrian -1 -1 -10 1199.0 80.0 1223.0 350.0 -1 -1 -1 -1000 -1000 -1000 -10 0.000957489013671875
Pedestrian -1 -1 -10 1201.0 162.0 1224.0 370.0 -1 -1 -1 -1000 -1000 -1000 -10 0.0008182525634765625
Pedestrian -1 -1 -10 711.0 158.0 728.0 224.0 -1 -1 -1 -1000 -1000 -1000 -10 0.0007867813110351562
Cyclist -1 -1 -10 863.0 135.0 972.0 266.0 -1 -1 -1 -1000 -1000 -1000 -10 0.000751495361328125
Pedestrian -1 -1 -10 784.0 157.0 801.0 207.0 -1 -1 -1 -1000 -1000 -1000 -10 0.0007410049438476562
Car -1 -1 -10 606.0 154.0 623.0 177.0 -1 -1 -1 -1000 -1000 -1000 -10 0.0007343292236328125
Pedestrian -1 -1 -10 1179.0 114.0 1224.0 370.0 -1 -1 -1 -1000 -1000 -1000 -10 0.0007262229919433594
Pedestrian -1 -1 -10 762.0 151.0 781.0 200.0 -1 -1 -1 -1000 -1000 -1000 -10 0.0007004737854003906
Pedestrian -1 -1 -10 699.0 157.0 718.0 223.0 -1 -1 -1 -1000 -1000 -1000 -10 0.0006685256958007812
Pedestrian -1 -1 -10 694.0 159.0 711.0 222.0 -1 -1 -1 -1000 -1000 -1000 -10 0.000659942626953125
Pedestrian -1 -1 -10 738.0 159.0 768.0 235.0 -1 -1 -1 -1000 -1000 -1000 -10 0.0005598068237304688
Pedestrian -1 -1 -10 780.0 156.0 797.0 208.0 -1 -1 -1 -1000 -1000 -1000 -10 0.0005154609680175781
Car -1 -1 -10 0.0 157.0 28.0 361.0 -1 -1 -1 -1000 -1000 -1000 -10 0.0005049705505371094
Pedestrian -1 -1 -10 694.0 148.0 723.0 198.0 -1 -1 -1 -1000 -1000 -1000 -10 0.00048065185546875
Pedestrian -1 -1 -10 1188.0 73.0 1224.0 358.0 -1 -1 -1 -1000 -1000 -1000 -10 0.0004630088806152344
Pedestrian -1 -1 -10 714.0 147.0 773.0 230.0 -1 -1 -1 -1000 -1000 -1000 -10 0.0004150867462158203
Pedestrian -1 -1 -10 530.0 196.0 715.0 362.0 -1 -1 -1 -1000 -1000 -1000 -10 0.00041174888610839844
Cyclist -1 -1 -10 603.0 132.0 737.0 233.0 -1 -1 -1 -1000 -1000 -1000 -10 0.00037980079650878906
Cyclist -1 -1 -10 581.0 135.0 720.0 254.0 -1 -1 -1 -1000 -1000 -1000 -10 0.00037980079650878906
Pedestrian -1 -1 -10 1196.0 149.0 1224.0 364.0 -1 -1 -1 -1000 -1000 -1000 -10 0.00037097930908203125
Car -1 -1 -10 1.0 150.0 36.0 370.0 -1 -1 -1 -1000 -1000 -1000 -10 0.0003447532653808594
Pedestrian -1 -1 -10 581.0 175.0 704.0 360.0 -1 -1 -1 -1000 -1000 -1000 -10 0.0003063678741455078
Pedestrian -1 -1 -10 721.0 150.0 778.0 230.0 -1 -1 -1 -1000 -1000 -1000 -10 0.0002906322479248047
Pedestrian -1 -1 -10 1177.0 158.0 1224.0 368.0 -1 -1 -1 -1000 -1000 -1000 -10 0.00028133392333984375
Pedestrian -1 -1 -10 801.0 149.0 820.0 198.0 -1 -1 -1 -1000 -1000 -1000 -10 0.00027751922607421875
Cyclist -1 -1 -10 600.0 134.0 743.0 255.0 -1 -1 -1 -1000 -1000 -1000 -10 0.0002713203430175781
Car -1 -1 -10 608.0 161.0 623.0 179.0 -1 -1 -1 -1000 -1000 -1000 -10 0.0002582073211669922
Pedestrian -1 -1 -10 552.0 174.0 689.0 362.0 -1 -1 -1 -1000 -1000 -1000 -10 0.0002467632293701172
Car -1 -1 -10 0.0 148.0 24.0 334.0 -1 -1 -1 -1000 -1000 -1000 -10 0.0002448558807373047
Pedestrian -1 -1 -10 691.0 145.0 725.0 201.0 -1 -1 -1 -1000 -1000 -1000 -10 0.00024068355560302734
Pedestrian -1 -1 -10 585.0 180.0 655.0 355.0 -1 -1 -1 -1000 -1000 -1000 -10 0.0002332925796508789
Car -1 -1 -10 1.0 179.0 31.0 365.0 -1 -1 -1 -1000 -1000 -1000 -10 0.00023305416107177734
Pedestrian -1 -1 -10 1151.0 134.0 1222.0 366.0 -1 -1 -1 -1000 -1000 -1000 -10 0.00022590160369873047
Pedestrian -1 -1 -10 1167.0 117.0 1224.0 370.0 -1 -1 -1 -1000 -1000 -1000 -10 0.00022482872009277344
Pedestrian -1 -1 -10 1199.0 114.0 1224.0 318.0 -1 -1 -1 -1000 -1000 -1000 -10 0.0002168416976928711
Pedestrian -1 -1 -10 805.0 154.0 821.0 207.0 -1 -1 -1 -1000 -1000 -1000 -10 0.00020635128021240234
Pedestrian -1 -1 -10 1203.0 202.0 1224.0 370.0 -1 -1 -1 -1000 -1000 -1000 -10 0.00020110607147216797
Car -1 -1 -10 0.0 141.0 21.0 304.0 -1 -1 -1 -1000 -1000 -1000 -10 0.0001958608627319336
Pedestrian -1 -1 -10 1188.0 82.0 1223.0 314.0 -1 -1 -1 -1000 -1000 -1000 -10 0.00018918514251708984
Pedestrian -1 -1 -10 606.0 184.0 678.0 349.0 -1 -1 -1 -1000 -1000 -1000 -10 0.00018548965454101562
Pedestrian -1 -1 -10 1074.0 141.0 1158.0 366.0 -1 -1 -1 -1000 -1000 -1000 -10 0.0001823902130126953
Pedestrian -1 -1 -10 1031.0 131.0 1165.0 357.0 -1 -1 -1 -1000 -1000 -1000 -10 0.00016498565673828125
Pedestrian -1 -1 -10 1132.0 132.0 1220.0 370.0 -1 -1 -1 -1000 -1000 -1000 -10 0.00015461444854736328
Cyclist -1 -1 -10 885.0 136.0 942.0 247.0 -1 -1 -1 -1000 -1000 -1000 -10 0.00015056133270263672
Car -1 -1 -10 0.0 130.0 25.0 312.0 -1 -1 -1 -1000 -1000 -1000 -10 0.0001455545425415039
Pedestrian -1 -1 -10 914.0 145.0 952.0 228.0 -1 -1 -1 -1000 -1000 -1000 -10 0.0001360177993774414
Pedestrian -1 -1 -10 572.0 202.0 677.0 355.0 -1 -1 -1 -1000 -1000 -1000 -10 0.0001354217529296875
Car -1 -1 -10 1.0 179.0 39.0 369.0 -1 -1 -1 -1000 -1000 -1000 -10 0.00013196468353271484
Pedestrian -1 -1 -10 1198.0 188.0 1224.0 370.0 -1 -1 -1 -1000 -1000 -1000 -10 0.0001271963119506836
Pedestrian -1 -1 -10 717.0 165.0 736.0 231.0 -1 -1 -1 -1000 -1000 -1000 -10 0.00012600421905517578
Cyclist -1 -1 -10 634.0 156.0 674.0 209.0 -1 -1 -1 -1000 -1000 -1000 -10 0.00012117624282836914
Pedestrian -1 -1 -10 1211.0 153.0 1224.0 268.0 -1 -1 -1 -1000 -1000 -1000 -10 0.00011962652206420898
Car -1 -1 -10 0.0 130.0 36.0 349.0 -1 -1 -1 -1000 -1000 -1000 -10 0.00011658668518066406
Pedestrian -1 -1 -10 1142.0 98.0 1221.0 339.0 -1 -1 -1 -1000 -1000 -1000 -10 0.00011438131332397461
Cyclist -1 -1 -10 677.0 155.0 709.0 200.0 -1 -1 -1 -1000 -1000 -1000 -10 0.00010257959365844727
Pedestrian -1 -1 -10 1200.0 98.0 1224.0 298.0 -1 -1 -1 -1000 -1000 -1000 -10 0.00010251998901367188
Pedestrian -1 -1 -10 1205.0 81.0 1224.0 280.0 -1 -1 -1 -1000 -1000 -1000 -10 0.00010204315185546875
