Car -1 -1 -10 752.0 170.0 819.0 195.0 -1 -1 -1 -1000 -1000 -1000 -10 0.9482421875
Car -1 -1 -10 264.0 172.0 371.0 205.0 -1 -1 -1 -1000 -1000 -1000 -10 0.92822265625
Car -1 -1 -10 215.0 161.0 278.0 197.0 -1 -1 -1 -1000 -1000 -1000 -10 0.9267578125
Car -1 -1 -10 0.0 171.0 110.0 229.0 -1 -1 -1 -1000 -1000 -1000 -10 0.92578125
Car -1 -1 -10 829.0 164.0 867.0 187.0 -1 -1 -1 -1000 -1000 -1000 -10 0.912109375
Pedestrian -1 -1 -10 869.0 164.0 880.0 189.0 -1 -1 -1 -1000 -1000 -1000 -10 0.7734375
Pedestrian -1 -1 -10 868.0 163.0 878.0 188.0 -1 -1 -1 -1000 -1000 -1000 -10 0.60791015625
Pedestrian -1 -1 -10 867.0 164.0 885.0 186.0 -1 -1 -1 -1000 -1000 -1000 -10 0.51220703125
Pedestrian -1 -1 -10 867.0 163.0 880.0 186.0 -1 -1 -1 -1000 -1000 -1000 -10 0.293701171875
Pedestrian -1 -1 -10 867.0 165.0 879.0 189.0 -1 -1 -1 -1000 -1000 -1000 -10 0.186767578125
Car -1 -1 -10 1.0 173.0 59.0 222.0 -1 -1 -1 -1000 -1000 -1000 -10 0.16064453125
Car -1 -1 -10 0.0 173.0 43.0 224.0 -1 -1 -1 -1000 -1000 -1000 -10 0.1378173828125
Car -1 -1 -10 800.0 162.0 837.0 187.0 -1 -1 -1 -1000 -1000 -1000 -10 0.0606689453125
Pedestrian -1 -1 -10 870.0 165.0 882.0 189.0 -1 -1 -1 -1000 -1000 -1000 -10 0.055145263671875
Car -1 -1 -10 0.0 177.0 33.0 226.0 -1 -1 -1 -1000 -1000 -1000 -10 0.040740966796875
Car -1 -1 -10 427.0 0.0 452.0 10.0 -1 -1 -1 -1000 -1000 -1000 -10 0.033935546875
Car -1 -1 -10 0.0 171.0 32.0 219.0 -1 -1 -1 -1000 -1000 -1000 -10 0.024017333984375
Car -1 -1 -10 2.0 172.0 78.0 219.0 -1 -1 -1 -1000 -1000 -1000 -10 0.01280975341796875
Car -1 -1 -10 0.0 171.0 19.0 219.0 -1 -1 -1 -1000 -1000 -1000 -10 0.01245880126953125
Car -1 -1 -10 0.0 176.0 18.0 224.0 -1 -1 -1 -1000 -1000 -1000 -10 0.01171112060546875
Car -1 -1 -10 865.0 166.0 910.0 183.0 -1 -1 -1 -1000 -1000 -1000 -10 0.007724761962890625
Car -1 -1 -10 426.0 0.0 458.0 11.0 -1 -1 -1 -1000 -1000 -1000 -10 0.00730133056640625
Car -1 -1 -10 1.0 181.0 51.0 228.0 -1 -1 -1 -1000 -1000 -1000 -10 0.00420379638671875
Car -1 -1 -10 828.0 166.0 868.0 189.0 -1 -1 -1 -1000 -1000 -1000 -10 0.00415802001953125
Car -1 -1 -10 824.0 162.0 854.0 188.0 -1 -1 -1 -1000 -1000 -1000 -10 0.004016876220703125
Car -1 -1 -10 0.0 171.0 55.0 213.0 -1 -1 -1 -1000 -1000 -1000 -10 0.0036983489990234375
Car -1 -1 -10 834.0 167.0 871.0 189.0 -1 -1 -1 -1000 -1000 -1000 -10 0.0036792755126953125
Pedestrian -1 -1 -10 868.0 158.0 878.0 185.0 -1 -1 -1 -1000 -1000 -1000 -10 0.0035800933837890625
Car -1 -1 -10 0.0 167.0 15.0 213.0 -1 -1 -1 -1000 -1000 -1000 -10 0.003459930419921875
Car -1 -1 -10 870.0 165.0 917.0 183.0 -1 -1 -1 -1000 -1000 -1000 -10 0.0034427642822265625
Car -1 -1 -10 293.0 175.0 339.0 198.0 -1 -1 -1 -1000 -1000 -1000 -10 0.00336456298828125
Car -1 -1 -10 0.0 179.0 18.0 233.0 -1 -1 -1 -1000 -1000 -1000 -10 0.002368927001953125
Car -1 -1 -10 425.0 0.0 452.0 11.0 -1 -1 -1 -1000 -1000 -1000 -10 0.0023326873779296875
Pedestrian -1 -1 -10 838.0 166.0 871.0 189.0 -1 -1 -1 -1000 -1000 -1000 -10 0.002101898193359375
Car -1 -1 -10 803.0 164.0 835.0 187.0 -1 -1 -1 -1000 -1000 -1000 -10 0.0020313262939453125
Car -1 -1 -10 866.0 164.0 894.0 186.0 -1 -1 -1 -1000 -1000 -1000 -10 0.0019369125366210938
Car -1 -1 -10 274.0 170.0 374.0 202.0 -1 -1 -1 -1000 -1000 -1000 -10 0.0016450881958007812
Car -1 -1 -10 435.0 0.0 467.0 6.0 -1 -1 -1 -1000 -1000 -1000 -10 0.0014362335205078125
Car -1 -1 -10 1074.0 158.0 1126.0 181.0 -1 -1 -1 -1000 -1000 -1000 -10 0.001422882080078125
Car -1 -1 -10 796.0 166.0 839.0 190.0 -1 -1 -1 -1000 -1000 -1000 -10 0.0010881423950195312
Car -1 -1 -10 419.0 0.0 448.0 6.0 -1 -1 -1 -1000 -1000 -1000 -10 0.0010175704956054688
Car -1 -1 -10 0.0 163.0 60.0 227.0 -1 -1 -1 -1000 -1000 -1000 -10 0.0009264945983886719
Pedestrian -1 -1 -10 785.0 0.0 824.0 1.0 -1 -1 -1 -1000 -1000 -1000 -10 0.0008931159973144531
Car -1 -1 -10 430.0 0.0 457.0 12.0 -1 -1 -1 -1000 -1000 -1000 -10 0.0008282661437988281
Pedestrian -1 -1 -10 772.0 0.0 813.0 2.0 -1 -1 -1 -1000 -1000 -1000 -10 0.0008068084716796875
Car -1 -1 -10 800.0 166.0 836.0 192.0 -1 -1 -1 -1000 -1000 -1000 -10 0.0007662773132324219
Car -1 -1 -10 277.0 173.0 358.0 203.0 -1 -1 -1 -1000 -1000 -1000 -10 0.0007534027099609375
Car -1 -1 -10 0.0 143.0 134.0 244.0 -1 -1 -1 -1000 -1000 -1000 -10 0.0007448196411132812
Car -1 -1 -10 9.0 172.0 57.0 210.0 -1 -1 -1 -1000 -1000 -1000 -10 0.0006690025329589844
Car -1 -1 -10 0.0 142.0 139.0 266.0 -1 -1 -1 -1000 -1000 -1000 -10 0.0006537437438964844
Pedestrian -1 -1 -10 865.0 164.0 888.0 187.0 -1 -1 -1 -1000 -1000 -1000 -10 0.0006475448608398438
Pedestrian -1 -1 -10 798.0 0.0 824.0 0.0 -1 -1 -1 -1000 -1000 -1000 -10 0.0006260871887207031
Pedestrian -1 -1 -10 938.0 160.0 951.0 188.0 -1 -1 -1 -1000 -1000 -1000 -10 0.0006241798400878906
Car -1 -1 -10 217.0 156.0 283.0 196.0 -1 -1 -1 -1000 -1000 -1000 -10 0.0006165504455566406
Car -1 -1 -10 254.0 156.0 377.0 212.0 -1 -1 -1 -1000 -1000 -1000 -10 0.0006012916564941406
Pedestrian -1 -1 -10 867.0 158.0 880.0 185.0 -1 -1 -1 -1000 -1000 -1000 -10 0.0005936622619628906
Car -1 -1 -10 9.0 175.0 56.0 217.0 -1 -1 -1 -1000 -1000 -1000 -10 0.00058746337890625
Car -1 -1 -10 763.0 166.0 835.0 196.0 -1 -1 -1 -1000 -1000 -1000 -10 0.0005793571472167969
Car -1 -1 -10 254.0 161.0 377.0 220.0 -1 -1 -1 -1000 -1000 -1000 -10 0.0005679130554199219
Car -1 -1 -10 212.0 145.0 290.0 208.0 -1 -1 -1 -1000 -1000 -1000 -10 0.0005407333374023438
Car -1 -1 -10 0.0 184.0 54.0 238.0 -1 -1 -1 -1000 -1000 -1000 -10 0.0005340576171875
Car -1 -1 -10 750.0 165.0 820.0 197.0 -1 -1 -1 -1000 -1000 -1000 -10 0.0005207061767578125
Car -1 -1 -10 205.0 153.0 283.0 213.0 -1 -1 -1 -1000 -1000 -1000 -10 0.0005173683166503906
Car -1 -1 -10 423.0 0.0 454.0 12.0 -1 -1 -1 -1000 -1000 -1000 -10 0.0005068778991699219
Car -1 -1 -10 0.0 188.0 16.0 245.0 -1 -1 -1 -1000 -1000 -1000 -10 0.0004620552062988281
Car -1 -1 -10 216.0 167.0 282.0 198.0 -1 -1 -1 -1000 -1000 -1000 -10 0.00045490264892578125
Car -1 -1 -10 260.0 176.0 374.0 209.0 -1 -1 -1 -1000 -1000 -1000 -10 0.0004336833953857422
Car -1 -1 -10 802.0 159.0 837.0 184.0 -1 -1 -1 -1000 -1000 -1000 -10 0.00042438507080078125
Car -1 -1 -10 826.0 160.0 867.0 191.0 -1 -1 -1 -1000 -1000 -1000 -10 0.00041985511779785156
Pedestrian -1 -1 -10 796.0 0.0 826.0 0.0 -1 -1 -1 -1000 -1000 -1000 -10 0.00038504600524902344
Car -1 -1 -10 869.0 166.0 912.0 185.0 -1 -1 -1 -1000 -1000 -1000 -10 0.00038170814514160156
Car -1 -1 -10 24.0 173.0 72.0 222.0 -1 -1 -1 -1000 -1000 -1000 -10 0.00037860870361328125
Car -1 -1 -10 1.0 169.0 95.0 215.0 -1 -1 -1 -1000 -1000 -1000 -10 0.00037598609924316406
Car -1 -1 -10 151.0 105.0 320.0 241.0 -1 -1 -1 -1000 -1000 -1000 -10 0.0003516674041748047
Car -1 -1 -10 882.0 163.0 941.0 184.0 -1 -1 -1 -1000 -1000 -1000 -10 0.0003414154052734375
Car -1 -1 -10 214.0 131.0 411.0 271.0 -1 -1 -1 -1000 -1000 -1000 -10 0.000335693359375
Car -1 -1 -10 32.0 173.0 80.0 222.0 -1 -1 -1 -1000 -1000 -1000 -10 0.00032019615173339844
Car -1 -1 -10 221.0 115.0 406.0 236.0 -1 -1 -1 -1000 -1000 -1000 -10 0.00031876564025878906
Pedestrian -1 -1 -10 933.0 160.0 949.0 187.0 -1 -1 -1 -1000 -1000 -1000 -10 0.00030112266540527344
Car -1 -1 -10 181.0 105.0 341.0 239.0 -1 -1 -1 -1000 -1000 -1000 -10 0.00029587745666503906
Car -1 -1 -10 218.0 163.0 268.0 197.0 -1 -1 -1 -1000 -1000 -1000 -10 0.0002884864807128906
Pedestrian -1 -1 -10 862.0 160.0 874.0 183.0 -1 -1 -1 -1000 -1000 -1000 -10 0.0002872943878173828
Car -1 -1 -10 145.0 129.0 322.0 259.0 -1 -1 -1 -1000 -1000 -1000 -10 0.0002846717834472656
Car -1 -1 -10 222.0 161.0 273.0 196.0 -1 -1 -1 -1000 -1000 -1000 -10 0.0002841949462890625
Pedestrian -1 -1 -10 829.0 160.0 870.0 191.0 -1 -1 -1 -1000 -1000 -1000 -10 0.00028014183044433594
Car -1 -1 -10 1.0 192.0 14.0 240.0 -1 -1 -1 -1000 -1000 -1000 -10 0.0002791881561279297
Car -1 -1 -10 1226.0 158.0 1242.0 193.0 -1 -1 -1 -1000 -1000 -1000 -10 0.00027108192443847656
Pedestrian -1 -1 -10 778.0 0.0 805.0 0.0 -1 -1 -1 -1000 -1000 -1000 -10 0.0002467632293701172
Car -1 -1 -10 297.0 176.0 345.0 197.0 -1 -1 -1 -1000 -1000 -1000 -10 0.0002467632293701172
Pedestrian -1 -1 -10 756.0 0.0 783.0 0.0 -1 -1 -1 -1000 -1000 -1000 -10 0.0002410411834716797
Car -1 -1 -10 0.0 190.0 30.0 240.0 -1 -1 -1 -1000 -1000 -1000 -10 0.00023627281188964844
Pedestrian -1 -1 -10 789.0 0.0 814.0 0.0 -1 -1 -1 -1000 -1000 -1000 -10 0.00022411346435546875
Pedestrian -1 -1 -10 754.0 0.0 785.0 0.0 -1 -1 -1 -1000 -1000 -1000 -10 0.00021016597747802734
Pedestrian -1 -1 -10 768.0 0.0 794.0 0.0 -1 -1 -1 -1000 -1000 -1000 -10 0.00020754337310791016
Pedestrian -1 -1 -10 809.0 0.0 833.0 0.0 -1 -1 -1 -1000 -1000 -1000 -10 0.00020396709442138672
Car -1 -1 -10 3.0 177.0 114.0 233.0 -1 -1 -1 -1000 -1000 -1000 -10 0.00019490718841552734
Car -1 -1 -10 822.0 164.0 851.0 186.0 -1 -1 -1 -1000 -1000 -1000 -10 0.00018930435180664062
Pedestrian -1 -1 -10 934.0 163.0 948.0 188.0 -1 -1 -1 -1000 -1000 -1000 -10 0.00018703937530517578
Pedestrian -1 -1 -10 868.0 164.0 906.0 186.0 -1 -1 -1 -1000 -1000 -1000 -10 0.00018453598022460938
Car -1 -1 -10 1231.0 162.0 1241.0 194.0 -1 -1 -1 -1000 -1000 -1000 -10 0.00017964839935302734
Pedestrian -1 -1 -10 776.0 0.0 808.0 0.0 -1 -1 -1 -1000 -1000 -1000 -10 0.00017452239990234375
Pedestrian -1 -1 -10 765.0 0.0 796.0 0.0 -1 -1 -1 -1000 -1000 -1000 -10 0.00016796588897705078
Car -1 -1 -10 873.0 165.0 923.0 184.0 -1 -1 -1 -1000 -1000 -1000 -10 0.0001646280288696289
Car -1 -1 -10 1230.0 160.0 1242.0 197.0 -1 -1 -1 -1000 -1000 -1000 -10 0.0001590251922607422
Car -1 -1 -10 1223.0 149.0 1242.0 189.0 -1 -1 -1 -1000 -1000 -1000 -10 0.00015544891357421875
Pedestrian -1 -1 -10 785.0 0.0 816.0 0.0 -1 -1 -1 -1000 -1000 -1000 -10 0.00015270709991455078
Car -1 -1 -10 0.0 153.0 12.0 205.0 -1 -1 -1 -1000 -1000 -1000 -10 0.00015175342559814453
Pedestrian -1 -1 -10 803.0 0.0 846.0 2.0 -1 -1 -1 -1000 -1000 -1000 -10 0.00015103816986083984
Car -1 -1 -10 5.0 182.0 73.0 228.0 -1 -1 -1 -1000 -1000 -1000 -10 0.00013911724090576172
Car -1 -1 -10 1230.0 157.0 1241.0 185.0 -1 -1 -1 -1000 -1000 -1000 -10 0.00013458728790283203
Car -1 -1 -10 1075.0 162.0 1127.0 183.0 -1 -1 -1 -1000 -1000 -1000 -10 0.00013172626495361328
Car -1 -1 -10 223.0 163.0 286.0 196.0 -1 -1 -1 -1000 -1000 -1000 -10 0.0001289844512939453
Pedestrian -1 -1 -10 931.0 157.0 955.0 185.0 -1 -1 -1 -1000 -1000 -1000 -10 0.00012814998626708984
Car -1 -1 -10 2.0 178.0 109.0 244.0 -1 -1 -1 -1000 -1000 -1000 -10 0.00012129545211791992
Car -1 -1 -10 762.0 169.0 814.0 193.0 -1 -1 -1 -1000 -1000 -1000 -10 0.00011867284774780273
Pedestrian -1 -1 -10 866.0 155.0 888.0 194.0 -1 -1 -1 -1000 -1000 -1000 -10 0.00011849403381347656
Car -1 -1 -10 888.0 162.0 942.0 186.0 -1 -1 -1 -1000 -1000 -1000 -10 0.00011289119720458984
Pedestrian -1 -1 -10 928.0 160.0 952.0 188.0 -1 -1 -1 -1000 -1000 -1000 -10 0.00011199712753295898
Car -1 -1 -10 818.0 161.0 864.0 189.0 -1 -1 -1 -1000 -1000 -1000 -10 0.00010657310485839844
Car -1 -1 -10 0.0 157.0 11.0 201.0 -1 -1 -1 -1000 -1000 -1000 -10 0.00010329484939575195
Pedestrian -1 -1 -10 777.0 0.0 811.0 5.0 -1 -1 -1 -1000 -1000 -1000 -10 0.00010305643081665039
Pedestrian -1 -1 -10 934.0 157.0 955.0 183.0 -1 -1 -1 -1000 -1000 -1000 -10 0.000102996826171875
Car -1 -1 -10 1219.0 160.0 1242.0 191.0 -1 -1 -1 -1000 -1000 -1000 -10 0.00010037422180175781
