Car -1 -1 -10 75.0 129.0 255.0 232.0 -1 -1 -1 -1000 -1000 -1000 -10 0.9599609375
Car -1 -1 -10 291.0 184.0 365.0 219.0 -1 -1 -1 -1000 -1000 -1000 -10 0.951171875
Car -1 -1 -10 213.0 140.0 328.0 216.0 -1 -1 -1 -1000 -1000 -1000 -10 0.95068359375
Car -1 -1 -10 401.0 164.0 444.0 198.0 -1 -1 -1 -1000 -1000 -1000 -10 0.94091796875
Car -1 -1 -10 213.0 149.0 337.0 224.0 -1 -1 -1 -1000 -1000 -1000 -10 0.294921875
Car -1 -1 -10 284.0 176.0 365.0 220.0 -1 -1 -1 -1000 -1000 -1000 -10 0.275390625
Car -1 -1 -10 287.0 168.0 373.0 233.0 -1 -1 -1 -1000 -1000 -1000 -10 0.0012083053588867188
Car -1 -1 -10 0.0 180.0 17.0 257.0 -1 -1 -1 -1000 -1000 -1000 -10 0.0009784698486328125
Car -1 -1 -10 276.0 168.0 366.0 231.0 -1 -1 -1 -1000 -1000 -1000 -10 0.0009312629699707031
Car -1 -1 -10 0.0 161.0 17.0 250.0 -1 -1 -1 -1000 -1000 -1000 -10 0.00087738037109375
Car -1 -1 -10 210.0 133.0 352.0 229.0 -1 -1 -1 -1000 -1000 -1000 -10 0.0008673667907714844
Car -1 -1 -10 87.0 130.0 237.0 229.0 -1 -1 -1 -1000 -1000 -1000 -10 0.0008516311645507812
Car -1 -1 -10 0.0 187.0 14.0 261.0 -1 -1 -1 -1000 -1000 -1000 -10 0.0006394386291503906
Car -1 -1 -10 0.0 1.0 31.0 52.0 -1 -1 -1 -1000 -1000 -1000 -10 0.0006289482116699219
Car -1 -1 -10 0.0 172.0 15.0 253.0 -1 -1 -1 -1000 -1000 -1000 -10 0.0006241798400878906
Car -1 -1 -10 0.0 5.0 33.0 61.0 -1 -1 -1 -1000 -1000 -1000 -10 0.0006208419799804688
Car -1 -1 -10 395.0 154.0 457.0 216.0 -1 -1 -1 -1000 -1000 -1000 -10 0.0005855560302734375
Car -1 -1 -10 0.0 195.0 18.0 279.0 -1 -1 -1 -1000 -1000 -1000 -10 0.0005779266357421875
Car -1 -1 -10 395.0 147.0 451.0 207.0 -1 -1 -1 -1000 -1000 -1000 -10 0.0005230903625488281
Car -1 -1 -10 400.0 160.0 446.0 193.0 -1 -1 -1 -1000 -1000 -1000 -10 0.00048542022705078125
Car -1 -1 -10 0.0 174.0 23.0 262.0 -1 -1 -1 -1000 -1000 -1000 -10 0.0003707408905029297
Car -1 -1 -10 1.0 5.0 53.0 60.0 -1 -1 -1 -1000 -1000 -1000 -10 0.0003681182861328125
Car -1 -1 -10 1.0 4.0 66.0 62.0 -1 -1 -1 -1000 -1000 -1000 -10 0.00035119056701660156
Car -1 -1 -10 0.0 155.0 13.0 234.0 -1 -1 -1 -1000 -1000 -1000 -10 0.00033020973205566406
Car -1 -1 -10 346.0 130.0 517.0 263.0 -1 -1 -1 -1000 -1000 -1000 -10 0.00031948089599609375
Car -1 -1 -10 0.0 141.0 15.0 234.0 -1 -1 -1 -1000 -1000 -1000 -10 0.0003108978271484375
Car -1 -1 -10 0.0 154.0 23.0 256.0 -1 -1 -1 -1000 -1000 -1000 -10 0.0003046989440917969
Car -1 -1 -10 255.0 132.0 422.0 278.0 -1 -1 -1 -1000 -1000 -1000 -10 0.00027680397033691406
Car -1 -1 -10 0.0 196.0 13.0 250.0 -1 -1 -1 -1000 -1000 -1000 -10 0.0002734661102294922
Car -1 -1 -10 1.0 6.0 82.0 62.0 -1 -1 -1 -1000 -1000 -1000 -10 0.00027298927307128906
Car -1 -1 -10 0.0 144.0 11.0 228.0 -1 -1 -1 -1000 -1000 -1000 -10 0.0002703666687011719
Car -1 -1 -10 0.0 210.0 19.0 302.0 -1 -1 -1 -1000 -1000 -1000 -10 0.0002620220184326172
Car -1 -1 -10 207.0 127.0 336.0 225.0 -1 -1 -1 -1000 -1000 -1000 -10 0.00025773048400878906
Car -1 -1 -10 318.0 111.0 486.0 238.0 -1 -1 -1 -1000 -1000 -1000 -10 0.0002522468566894531
Car -1 -1 -10 0.0 191.0 24.0 283.0 -1 -1 -1 -1000 -1000 -1000 -10 0.0002505779266357422
Car -1 -1 -10 0.0 167.0 19.0 241.0 -1 -1 -1 -1000 -1000 -1000 -10 0.0002353191375732422
Car -1 -1 -10 348.0 105.0 514.0 239.0 -1 -1 -1 -1000 -1000 -1000 -10 0.00023448467254638672
Car -1 -1 -10 228.0 143.0 337.0 212.0 -1 -1 -1 -1000 -1000 -1000 -10 0.00022530555725097656
Car -1 -1 -10 0.0 174.0 20.0 250.0 -1 -1 -1 -1000 -1000 -1000 -10 0.00022351741790771484
Car -1 -1 -10 807.0 0.0 878.0 7.0 -1 -1 -1 -1000 -1000 -1000 -10 0.00022208690643310547
Car -1 -1 -10 0.0 199.0 15.0 262.0 -1 -1 -1 -1000 -1000 -1000 -10 0.00021970272064208984
Car -1 -1 -10 0.0 200.0 14.0 282.0 -1 -1 -1 -1000 -1000 -1000 -10 0.0002086162567138672
Car -1 -1 -10 0.0 210.0 15.0 297.0 -1 -1 -1 -1000 -1000 -1000 -10 0.00019812583923339844
Car -1 -1 -10 0.0 188.0 20.0 256.0 -1 -1 -1 -1000 -1000 -1000 -10 0.0001844167709350586
Car -1 -1 -10 1.0 176.0 14.0 232.0 -1 -1 -1 -1000 -1000 -1000 -10 0.00017940998077392578
Car -1 -1 -10 0.0 184.0 14.0 240.0 -1 -1 -1 -1000 -1000 -1000 -10 0.0001723766326904297
Car -1 -1 -10 0.0 178.0 31.0 263.0 -1 -1 -1 -1000 -1000 -1000 -10 0.0001703500747680664
Car -1 -1 -10 0.0 205.0 13.0 255.0 -1 -1 -1 -1000 -1000 -1000 -10 0.00014674663543701172
Car -1 -1 -10 402.0 160.0 448.0 198.0 -1 -1 -1 -1000 -1000 -1000 -10 0.00013399124145507812
Car -1 -1 -10 0.0 169.0 36.0 272.0 -1 -1 -1 -1000 -1000 -1000 -10 0.0001266002655029297
Car -1 -1 -10 0.0 208.0 25.0 305.0 -1 -1 -1 -1000 -1000 -1000 -10 0.00012362003326416016
Car -1 -1 -10 0.0 155.0 18.0 233.0 -1 -1 -1 -1000 -1000 -1000 -10 0.0001232624053955078
Car -1 -1 -10 222.0 129.0 400.0 275.0 -1 -1 -1 -1000 -1000 -1000 -10 0.00012040138244628906
Car -1 -1 -10 0.0 197.0 21.0 263.0 -1 -1 -1 -1000 -1000 -1000 -10 0.00011897087097167969
Car -1 -1 -10 0.0 11.0 30.0 72.0 -1 -1 -1 -1000 -1000 -1000 -10 0.00011616945266723633
Car -1 -1 -10 0.0 181.0 34.0 260.0 -1 -1 -1 -1000 -1000 -1000 -10 0.00011616945266723633
Car -1 -1 -10 0.0 133.0 10.0 217.0 -1 -1 -1 -1000 -1000 -1000 -10 0.00010585784912109375
