Car -1 -1 -10 778.0 180.0 1103.0 361.0 -1 -1 -1 -1000 -1000 -1000 -10 0.9658203125
Car -1 -1 -10 231.0 175.0 284.0 200.0 -1 -1 -1 -1000 -1000 -1000 -10 0.9091796875
Car -1 -1 -10 191.0 179.0 252.0 204.0 -1 -1 -1 -1000 -1000 -1000 -10 0.88525390625
Car -1 -1 -10 190.0 183.0 244.0 205.0 -1 -1 -1 -1000 -1000 -1000 -10 0.0662841796875
Car -1 -1 -10 224.0 176.0 276.0 201.0 -1 -1 -1 -1000 -1000 -1000 -10 0.0469970703125
Car -1 -1 -10 198.0 177.0 257.0 203.0 -1 -1 -1 -1000 -1000 -1000 -10 0.00911712646484375
Car -1 -1 -10 196.0 180.0 247.0 203.0 -1 -1 -1 -1000 -1000 -1000 -10 0.0014944076538085938
Car -1 -1 -10 191.0 181.0 239.0 203.0 -1 -1 -1 -1000 -1000 -1000 -10 0.00138092041015625
Pedestrian -1 -1 -10 0.0 163.0 8.0 236.0 -1 -1 -1 -1000 -1000 -1000 -10 0.0013637542724609375
Car -1 -1 -10 190.0 174.0 255.0 208.0 -1 -1 -1 -1000 -1000 -1000 -10 0.0012369155883789062
Car -1 -1 -10 190.0 182.0 228.0 202.0 -1 -1 -1 -1000 -1000 -1000 -10 0.0010080337524414062
Pedestrian -1 -1 -10 0.0 159.0 11.0 228.0 -1 -1 -1 -1000 -1000 -1000 -10 0.0009765625
Pedestrian -1 -1 -10 0.0 149.0 12.0 211.0 -1 -1 -1 -1000 -1000 -1000 -10 0.0007462501525878906
Pedestrian -1 -1 -10 0.0 174.0 8.0 224.0 -1 -1 -1 -1000 -1000 -1000 -10 0.0006871223449707031
Car -1 -1 -10 229.0 172.0 285.0 207.0 -1 -1 -1 -1000 -1000 -1000 -10 0.0004973411560058594
Pedestrian -1 -1 -10 0.0 167.0 9.0 217.0 -1 -1 -1 -1000 -1000 -1000 -10 0.0004963874816894531
Pedestrian -1 -1 -10 1.0 156.0 15.0 206.0 -1 -1 -1 -1000 -1000 -1000 -10 0.0004596710205078125
Pedestrian -1 -1 -10 0.0 155.0 11.0 204.0 -1 -1 -1 -1000 -1000 -1000 -10 0.0004496574401855469
Car -1 -1 -10 222.0 169.0 283.0 206.0 -1 -1 -1 -1000 -1000 -1000 -10 0.00038623809814453125
Pedestrian -1 -1 -10 1.0 151.0 14.0 209.0 -1 -1 -1 -1000 -1000 -1000 -10 0.0003638267517089844
Pedestrian -1 -1 -10 2.0 162.0 16.0 216.0 -1 -1 -1 -1000 -1000 -1000 -10 0.0002677440643310547
Pedestrian -1 -1 -10 0.0 151.0 16.0 196.0 -1 -1 -1 -1000 -1000 -1000 -10 0.00022292137145996094
Pedestrian -1 -1 -10 1.0 156.0 14.0 266.0 -1 -1 -1 -1000 -1000 -1000 -10 0.00020766258239746094
Pedestrian -1 -1 -10 0.0 167.0 11.0 232.0 -1 -1 -1 -1000 -1000 -1000 -10 0.00019884109497070312
Cyclist -1 -1 -10 1221.0 171.0 1242.0 344.0 -1 -1 -1 -1000 -1000 -1000 -10 0.00019752979278564453
Pedestrian -1 -1 -10 3.0 169.0 15.0 229.0 -1 -1 -1 -1000 -1000 -1000 -10 0.00019681453704833984
Car -1 -1 -10 182.0 180.0 229.0 202.0 -1 -1 -1 -1000 -1000 -1000 -10 0.00017404556274414062
Cyclist -1 -1 -10 1224.0 165.0 1242.0 282.0 -1 -1 -1 -1000 -1000 -1000 -10 0.00016832351684570312
Car -1 -1 -10 188.0 184.0 223.0 204.0 -1 -1 -1 -1000 -1000 -1000 -10 0.0001647472381591797
Cyclist -1 -1 -10 1225.0 167.0 1242.0 309.0 -1 -1 -1 -1000 -1000 -1000 -10 0.00016379356384277344
Pedestrian -1 -1 -10 0.0 147.0 13.0 204.0 -1 -1 -1 -1000 -1000 -1000 -10 0.00015413761138916016
Cyclist -1 -1 -10 1228.0 179.0 1242.0 290.0 -1 -1 -1 -1000 -1000 -1000 -10 0.00015401840209960938
Car -1 -1 -10 185.0 182.0 215.0 202.0 -1 -1 -1 -1000 -1000 -1000 -10 0.00014591217041015625
Pedestrian -1 -1 -10 1.0 152.0 12.0 198.0 -1 -1 -1 -1000 -1000 -1000 -10 0.00012743473052978516
Pedestrian -1 -1 -10 0.0 169.0 8.0 247.0 -1 -1 -1 -1000 -1000 -1000 -10 0.0001118779182434082
Pedestrian -1 -1 -10 3.0 175.0 15.0 223.0 -1 -1 -1 -1000 -1000 -1000 -10 0.00010949373245239258
Cyclist -1 -1 -10 1216.0 164.0 1242.0 353.0 -1 -1 -1 -1000 -1000 -1000 -10 0.00010943412780761719
