Car -1 -1 -10 503.0 173.0 547.0 209.0 -1 -1 -1 -1000 -1000 -1000 -10 0.951171875
Car -1 -1 -10 878.0 150.0 922.0 175.0 -1 -1 -1 -1000 -1000 -1000 -10 0.9453125
Car -1 -1 -10 578.0 169.0 608.0 193.0 -1 -1 -1 -1000 -1000 -1000 -10 0.93505859375
Car -1 -1 -10 717.0 157.0 865.0 211.0 -1 -1 -1 -1000 -1000 -1000 -10 0.93212890625
Car -1 -1 -10 665.0 167.0 695.0 188.0 -1 -1 -1 -1000 -1000 -1000 -10 0.92724609375
Car -1 -1 -10 1001.0 146.0 1096.0 176.0 -1 -1 -1 -1000 -1000 -1000 -10 0.92578125
Car -1 -1 -10 1140.0 138.0 1241.0 179.0 -1 -1 -1 -1000 -1000 -1000 -10 0.91943359375
Car -1 -1 -10 912.0 150.0 957.0 174.0 -1 -1 -1 -1000 -1000 -1000 -10 0.9169921875
Car -1 -1 -10 974.0 148.0 1073.0 175.0 -1 -1 -1 -1000 -1000 -1000 -10 0.8837890625
Car -1 -1 -10 762.0 152.0 845.0 185.0 -1 -1 -1 -1000 -1000 -1000 -10 0.86962890625
Car -1 -1 -10 752.0 153.0 847.0 189.0 -1 -1 -1 -1000 -1000 -1000 -10 0.6181640625
Car -1 -1 -10 1221.0 134.0 1242.0 180.0 -1 -1 -1 -1000 -1000 -1000 -10 0.369140625
Car -1 -1 -10 626.0 171.0 649.0 189.0 -1 -1 -1 -1000 -1000 -1000 -10 0.361572265625
Car -1 -1 -10 1217.0 137.0 1241.0 182.0 -1 -1 -1 -1000 -1000 -1000 -10 0.311767578125
Car -1 -1 -10 768.0 152.0 840.0 182.0 -1 -1 -1 -1000 -1000 -1000 -10 0.2354736328125
Car -1 -1 -10 1215.0 135.0 1242.0 178.0 -1 -1 -1 -1000 -1000 -1000 -10 0.2010498046875
Car -1 -1 -10 1226.0 136.0 1242.0 182.0 -1 -1 -1 -1000 -1000 -1000 -10 0.193603515625
Car -1 -1 -10 1227.0 131.0 1241.0 179.0 -1 -1 -1 -1000 -1000 -1000 -10 0.1890869140625
Car -1 -1 -10 992.0 148.0 1090.0 176.0 -1 -1 -1 -1000 -1000 -1000 -10 0.10626220703125
Car -1 -1 -10 752.0 153.0 851.0 198.0 -1 -1 -1 -1000 -1000 -1000 -10 0.092041015625
Car -1 -1 -10 1214.0 139.0 1242.0 180.0 -1 -1 -1 -1000 -1000 -1000 -10 0.0888671875
Car -1 -1 -10 1197.0 139.0 1242.0 182.0 -1 -1 -1 -1000 -1000 -1000 -10 0.0804443359375
Car -1 -1 -10 1217.0 132.0 1242.0 176.0 -1 -1 -1 -1000 -1000 -1000 -10 0.0682373046875
Car -1 -1 -10 1204.0 136.0 1242.0 177.0 -1 -1 -1 -1000 -1000 -1000 -10 0.058746337890625
Car -1 -1 -10 1228.0 125.0 1241.0 171.0 -1 -1 -1 -1000 -1000 -1000 -10 0.0489501953125
Car -1 -1 -10 989.0 147.0 1069.0 174.0 -1 -1 -1 -1000 -1000 -1000 -10 0.033538818359375
Car -1 -1 -10 1222.0 126.0 1240.0 172.0 -1 -1 -1 -1000 -1000 -1000 -10 0.0290374755859375
Car -1 -1 -10 981.0 148.0 1062.0 175.0 -1 -1 -1 -1000 -1000 -1000 -10 0.0254364013671875
Car -1 -1 -10 1155.0 140.0 1242.0 180.0 -1 -1 -1 -1000 -1000 -1000 -10 0.0204315185546875
Car -1 -1 -10 1190.0 138.0 1242.0 179.0 -1 -1 -1 -1000 -1000 -1000 -10 0.018310546875
Car -1 -1 -10 963.0 149.0 1066.0 176.0 -1 -1 -1 -1000 -1000 -1000 -10 0.017425537109375
Car -1 -1 -10 1216.0 142.0 1241.0 185.0 -1 -1 -1 -1000 -1000 -1000 -10 0.0167236328125
Car -1 -1 -10 1195.0 144.0 1242.0 184.0 -1 -1 -1 -1000 -1000 -1000 -10 0.01412200927734375
Car -1 -1 -10 999.0 146.0 1079.0 174.0 -1 -1 -1 -1000 -1000 -1000 -10 0.01303863525390625
Car -1 -1 -10 757.0 154.0 836.0 187.0 -1 -1 -1 -1000 -1000 -1000 -10 0.012786865234375
Car -1 -1 -10 1008.0 146.0 1089.0 174.0 -1 -1 -1 -1000 -1000 -1000 -10 0.01229095458984375
Car -1 -1 -10 1228.0 141.0 1242.0 187.0 -1 -1 -1 -1000 -1000 -1000 -10 0.01114654541015625
Car -1 -1 -10 737.0 154.0 845.0 193.0 -1 -1 -1 -1000 -1000 -1000 -10 0.00969696044921875
Car -1 -1 -10 770.0 159.0 813.0 197.0 -1 -1 -1 -1000 -1000 -1000 -10 0.0092315673828125
Car -1 -1 -10 907.0 149.0 956.0 173.0 -1 -1 -1 -1000 -1000 -1000 -10 0.00585174560546875
Car -1 -1 -10 777.0 153.0 827.0 182.0 -1 -1 -1 -1000 -1000 -1000 -10 0.0057525634765625
Car -1 -1 -10 1229.0 118.0 1242.0 160.0 -1 -1 -1 -1000 -1000 -1000 -10 0.005657196044921875
Car -1 -1 -10 773.0 154.0 822.0 184.0 -1 -1 -1 -1000 -1000 -1000 -10 0.005474090576171875
Car -1 -1 -10 1202.0 131.0 1242.0 174.0 -1 -1 -1 -1000 -1000 -1000 -10 0.00531768798828125
Car -1 -1 -10 972.0 148.0 1058.0 174.0 -1 -1 -1 -1000 -1000 -1000 -10 0.004482269287109375
Car -1 -1 -10 904.0 150.0 950.0 173.0 -1 -1 -1 -1000 -1000 -1000 -10 0.0031585693359375
Car -1 -1 -10 1225.0 108.0 1242.0 154.0 -1 -1 -1 -1000 -1000 -1000 -10 0.00305938720703125
Car -1 -1 -10 873.0 150.0 913.0 175.0 -1 -1 -1 -1000 -1000 -1000 -10 0.0027980804443359375
Car -1 -1 -10 1219.0 136.0 1242.0 310.0 -1 -1 -1 -1000 -1000 -1000 -10 0.0026397705078125
Car -1 -1 -10 1227.0 116.0 1241.0 162.0 -1 -1 -1 -1000 -1000 -1000 -10 0.0026149749755859375
Car -1 -1 -10 776.0 158.0 818.0 194.0 -1 -1 -1 -1000 -1000 -1000 -10 0.002147674560546875
Car -1 -1 -10 1216.0 129.0 1242.0 316.0 -1 -1 -1 -1000 -1000 -1000 -10 0.002025604248046875
Car -1 -1 -10 752.0 158.0 829.0 205.0 -1 -1 -1 -1000 -1000 -1000 -10 0.0018787384033203125
Car -1 -1 -10 669.0 165.0 699.0 186.0 -1 -1 -1 -1000 -1000 -1000 -10 0.0018358230590820312
Car -1 -1 -10 661.0 168.0 690.0 188.0 -1 -1 -1 -1000 -1000 -1000 -10 0.0017423629760742188
Car -1 -1 -10 1135.0 125.0 1242.0 193.0 -1 -1 -1 -1000 -1000 -1000 -10 0.0016393661499023438
Car -1 -1 -10 1222.0 164.0 1242.0 308.0 -1 -1 -1 -1000 -1000 -1000 -10 0.0016107559204101562
Car -1 -1 -10 754.0 154.0 829.0 191.0 -1 -1 -1 -1000 -1000 -1000 -10 0.0015306472778320312
Car -1 -1 -10 1221.0 118.0 1239.0 161.0 -1 -1 -1 -1000 -1000 -1000 -10 0.001483917236328125
Car -1 -1 -10 1222.0 180.0 1242.0 290.0 -1 -1 -1 -1000 -1000 -1000 -10 0.0014514923095703125
Car -1 -1 -10 1166.0 138.0 1242.0 177.0 -1 -1 -1 -1000 -1000 -1000 -10 0.0013866424560546875
Car -1 -1 -10 1221.0 167.0 1242.0 342.0 -1 -1 -1 -1000 -1000 -1000 -10 0.0013103485107421875
Car -1 -1 -10 1014.0 148.0 1063.0 168.0 -1 -1 -1 -1000 -1000 -1000 -10 0.0012617111206054688
Car -1 -1 -10 765.0 159.0 811.0 200.0 -1 -1 -1 -1000 -1000 -1000 -10 0.0011587142944335938
Car -1 -1 -10 1217.0 160.0 1241.0 350.0 -1 -1 -1 -1000 -1000 -1000 -10 0.0010890960693359375
Car -1 -1 -10 1211.0 120.0 1242.0 316.0 -1 -1 -1 -1000 -1000 -1000 -10 0.0010461807250976562
Car -1 -1 -10 975.0 142.0 1076.0 179.0 -1 -1 -1 -1000 -1000 -1000 -10 0.0009813308715820312
Car -1 -1 -10 1214.0 147.0 1241.0 330.0 -1 -1 -1 -1000 -1000 -1000 -10 0.000980377197265625
Car -1 -1 -10 664.0 163.0 695.0 191.0 -1 -1 -1 -1000 -1000 -1000 -10 0.0009059906005859375
Car -1 -1 -10 1226.0 179.0 1242.0 290.0 -1 -1 -1 -1000 -1000 -1000 -10 0.0009045600891113281
Car -1 -1 -10 1217.0 164.0 1242.0 308.0 -1 -1 -1 -1000 -1000 -1000 -10 0.0008726119995117188
Car -1 -1 -10 570.0 168.0 604.0 194.0 -1 -1 -1 -1000 -1000 -1000 -10 0.0007872581481933594
Car -1 -1 -10 1217.0 111.0 1242.0 288.0 -1 -1 -1 -1000 -1000 -1000 -10 0.0007748603820800781
Car -1 -1 -10 910.0 148.0 959.0 182.0 -1 -1 -1 -1000 -1000 -1000 -10 0.0007696151733398438
Car -1 -1 -10 1024.0 148.0 1074.0 167.0 -1 -1 -1 -1000 -1000 -1000 -10 0.0007071495056152344
Car -1 -1 -10 986.0 142.0 1069.0 170.0 -1 -1 -1 -1000 -1000 -1000 -10 0.0007014274597167969
Car -1 -1 -10 757.0 157.0 833.0 201.0 -1 -1 -1 -1000 -1000 -1000 -10 0.0006971359252929688
Car -1 -1 -10 1230.0 105.0 1241.0 153.0 -1 -1 -1 -1000 -1000 -1000 -10 0.0006875991821289062
Car -1 -1 -10 1219.0 109.0 1242.0 153.0 -1 -1 -1 -1000 -1000 -1000 -10 0.0006780624389648438
Car -1 -1 -10 739.0 153.0 838.0 187.0 -1 -1 -1 -1000 -1000 -1000 -10 0.0006728172302246094
Car -1 -1 -10 1231.0 107.0 1241.0 150.0 -1 -1 -1 -1000 -1000 -1000 -10 0.0006527900695800781
Car -1 -1 -10 577.0 165.0 609.0 196.0 -1 -1 -1 -1000 -1000 -1000 -10 0.0005822181701660156
Car -1 -1 -10 495.0 162.0 552.0 224.0 -1 -1 -1 -1000 -1000 -1000 -10 0.0005526542663574219
Car -1 -1 -10 1205.0 130.0 1239.0 169.0 -1 -1 -1 -1000 -1000 -1000 -10 0.0005517005920410156
Car -1 -1 -10 986.0 129.0 1106.0 193.0 -1 -1 -1 -1000 -1000 -1000 -10 0.0005245208740234375
Car -1 -1 -10 1217.0 181.0 1242.0 374.0 -1 -1 -1 -1000 -1000 -1000 -10 0.0005121231079101562
Car -1 -1 -10 1093.0 91.0 1242.0 235.0 -1 -1 -1 -1000 -1000 -1000 -10 0.0005102157592773438
Car -1 -1 -10 1016.0 146.0 1095.0 172.0 -1 -1 -1 -1000 -1000 -1000 -10 0.000499725341796875
Car -1 -1 -10 496.0 158.0 551.0 216.0 -1 -1 -1 -1000 -1000 -1000 -10 0.0004973411560058594
Car -1 -1 -10 1217.0 168.0 1242.0 285.0 -1 -1 -1 -1000 -1000 -1000 -10 0.0004813671112060547
Car -1 -1 -10 878.0 147.0 925.0 177.0 -1 -1 -1 -1000 -1000 -1000 -10 0.00046133995056152344
Car -1 -1 -10 692.0 127.0 901.0 257.0 -1 -1 -1 -1000 -1000 -1000 -10 0.00045871734619140625
Car -1 -1 -10 1166.0 146.0 1242.0 182.0 -1 -1 -1 -1000 -1000 -1000 -10 0.00045299530029296875
Car -1 -1 -10 515.0 175.0 556.0 203.0 -1 -1 -1 -1000 -1000 -1000 -10 0.00044846534729003906
Car -1 -1 -10 1161.0 141.0 1209.0 171.0 -1 -1 -1 -1000 -1000 -1000 -10 0.0004401206970214844
Car -1 -1 -10 875.0 145.0 922.0 179.0 -1 -1 -1 -1000 -1000 -1000 -10 0.00043129920959472656
Car -1 -1 -10 997.0 141.0 1098.0 178.0 -1 -1 -1 -1000 -1000 -1000 -10 0.00042057037353515625
Car -1 -1 -10 1210.0 183.0 1242.0 375.0 -1 -1 -1 -1000 -1000 -1000 -10 0.00041866302490234375
Car -1 -1 -10 497.0 162.0 566.0 224.0 -1 -1 -1 -1000 -1000 -1000 -10 0.0004055500030517578
Car -1 -1 -10 1210.0 150.0 1242.0 367.0 -1 -1 -1 -1000 -1000 -1000 -10 0.0004000663757324219
Car -1 -1 -10 692.0 119.0 884.0 234.0 -1 -1 -1 -1000 -1000 -1000 -10 0.0003514289855957031
Car -1 -1 -10 1003.0 142.0 1092.0 170.0 -1 -1 -1 -1000 -1000 -1000 -10 0.0003421306610107422
Car -1 -1 -10 769.0 161.0 813.0 206.0 -1 -1 -1 -1000 -1000 -1000 -10 0.0003085136413574219
Car -1 -1 -10 1195.0 147.0 1242.0 201.0 -1 -1 -1 -1000 -1000 -1000 -10 0.00028634071350097656
Car -1 -1 -10 1206.0 123.0 1241.0 266.0 -1 -1 -1 -1000 -1000 -1000 -10 0.0002856254577636719
Car -1 -1 -10 990.0 130.0 1101.0 183.0 -1 -1 -1 -1000 -1000 -1000 -10 0.00028014183044433594
Car -1 -1 -10 1150.0 139.0 1232.0 178.0 -1 -1 -1 -1000 -1000 -1000 -10 0.0002758502960205078
Car -1 -1 -10 1009.0 149.0 1101.0 176.0 -1 -1 -1 -1000 -1000 -1000 -10 0.0002734661102294922
Car -1 -1 -10 434.0 117.0 599.0 239.0 -1 -1 -1 -1000 -1000 -1000 -10 0.0002713203430175781
Car -1 -1 -10 838.0 149.0 881.0 175.0 -1 -1 -1 -1000 -1000 -1000 -10 0.00026917457580566406
Car -1 -1 -10 1106.0 94.0 1242.0 204.0 -1 -1 -1 -1000 -1000 -1000 -10 0.00026488304138183594
Car -1 -1 -10 947.0 94.0 1146.0 238.0 -1 -1 -1 -1000 -1000 -1000 -10 0.00026416778564453125
Car -1 -1 -10 1003.0 148.0 1053.0 168.0 -1 -1 -1 -1000 -1000 -1000 -10 0.00025463104248046875
Car -1 -1 -10 498.0 171.0 539.0 203.0 -1 -1 -1 -1000 -1000 -1000 -10 0.0002474784851074219
Car -1 -1 -10 577.0 168.0 606.0 190.0 -1 -1 -1 -1000 -1000 -1000 -10 0.0002429485321044922
Car -1 -1 -10 1219.0 188.0 1242.0 313.0 -1 -1 -1 -1000 -1000 -1000 -10 0.00024139881134033203
Car -1 -1 -10 898.0 150.0 933.0 173.0 -1 -1 -1 -1000 -1000 -1000 -10 0.00024127960205078125
Car -1 -1 -10 1210.0 141.0 1241.0 207.0 -1 -1 -1 -1000 -1000 -1000 -10 0.00024044513702392578
Car -1 -1 -10 432.0 131.0 604.0 274.0 -1 -1 -1 -1000 -1000 -1000 -10 0.00023686885833740234
Car -1 -1 -10 1224.0 77.0 1242.0 127.0 -1 -1 -1 -1000 -1000 -1000 -10 0.0002281665802001953
Car -1 -1 -10 753.0 157.0 856.0 192.0 -1 -1 -1 -1000 -1000 -1000 -10 0.00022280216217041016
Car -1 -1 -10 906.0 145.0 957.0 177.0 -1 -1 -1 -1000 -1000 -1000 -10 0.00021898746490478516
Car -1 -1 -10 1211.0 169.0 1242.0 347.0 -1 -1 -1 -1000 -1000 -1000 -10 0.0002161264419555664
Car -1 -1 -10 959.0 89.0 1137.0 204.0 -1 -1 -1 -1000 -1000 -1000 -10 0.00021517276763916016
Car -1 -1 -10 1228.0 140.0 1241.0 211.0 -1 -1 -1 -1000 -1000 -1000 -10 0.00021219253540039062
Car -1 -1 -10 523.0 172.0 557.0 202.0 -1 -1 -1 -1000 -1000 -1000 -10 0.00021016597747802734
Car -1 -1 -10 1168.0 142.0 1219.0 171.0 -1 -1 -1 -1000 -1000 -1000 -10 0.00020515918731689453
Car -1 -1 -10 469.0 134.0 623.0 269.0 -1 -1 -1 -1000 -1000 -1000 -10 0.00019884109497070312
Car -1 -1 -10 626.0 173.0 648.0 192.0 -1 -1 -1 -1000 -1000 -1000 -10 0.00019872188568115234
Car -1 -1 -10 667.0 168.0 698.0 188.0 -1 -1 -1 -1000 -1000 -1000 -10 0.00019311904907226562
Car -1 -1 -10 1219.0 97.0 1242.0 165.0 -1 -1 -1 -1000 -1000 -1000 -10 0.00018966197967529297
Car -1 -1 -10 1229.0 151.0 1242.0 200.0 -1 -1 -1 -1000 -1000 -1000 -10 0.0001862049102783203
Car -1 -1 -10 1210.0 149.0 1241.0 199.0 -1 -1 -1 -1000 -1000 -1000 -10 0.0001837015151977539
Car -1 -1 -10 992.0 152.0 1043.0 173.0 -1 -1 -1 -1000 -1000 -1000 -10 0.0001811981201171875
Car -1 -1 -10 1199.0 151.0 1241.0 196.0 -1 -1 -1 -1000 -1000 -1000 -10 0.0001806020736694336
Car -1 -1 -10 1132.0 136.0 1237.0 175.0 -1 -1 -1 -1000 -1000 -1000 -10 0.000179290771484375
Car -1 -1 -10 1194.0 119.0 1242.0 232.0 -1 -1 -1 -1000 -1000 -1000 -10 0.00017583370208740234
Car -1 -1 -10 1231.0 96.0 1241.0 133.0 -1 -1 -1 -1000 -1000 -1000 -10 0.0001615285873413086
Car -1 -1 -10 838.0 151.0 893.0 178.0 -1 -1 -1 -1000 -1000 -1000 -10 0.0001571178436279297
Car -1 -1 -10 569.0 172.0 593.0 193.0 -1 -1 -1 -1000 -1000 -1000 -10 0.00015604496002197266
Car -1 -1 -10 1230.0 92.0 1242.0 139.0 -1 -1 -1 -1000 -1000 -1000 -10 0.0001531839370727539
Car -1 -1 -10 1011.0 142.0 1108.0 174.0 -1 -1 -1 -1000 -1000 -1000 -10 0.00015079975128173828
Car -1 -1 -10 1169.0 151.0 1242.0 195.0 -1 -1 -1 -1000 -1000 -1000 -10 0.0001481771469116211
Car -1 -1 -10 1226.0 188.0 1242.0 311.0 -1 -1 -1 -1000 -1000 -1000 -10 0.00014638900756835938
Car -1 -1 -10 622.0 164.0 649.0 186.0 -1 -1 -1 -1000 -1000 -1000 -10 0.00014591217041015625
Car -1 -1 -10 1208.0 188.0 1241.0 300.0 -1 -1 -1 -1000 -1000 -1000 -10 0.00014066696166992188
Car -1 -1 -10 840.0 148.0 888.0 173.0 -1 -1 -1 -1000 -1000 -1000 -10 0.0001232624053955078
Car -1 -1 -10 927.0 148.0 1003.0 176.0 -1 -1 -1 -1000 -1000 -1000 -10 0.00012177228927612305
Car -1 -1 -10 1223.0 202.0 1242.0 265.0 -1 -1 -1 -1000 -1000 -1000 -10 0.00011819601058959961
Car -1 -1 -10 1230.0 82.0 1242.0 126.0 -1 -1 -1 -1000 -1000 -1000 -10 0.00011640787124633789
Car -1 -1 -10 1014.0 152.0 1063.0 172.0 -1 -1 -1 -1000 -1000 -1000 -10 0.00011515617370605469
Car -1 -1 -10 628.0 166.0 650.0 185.0 -1 -1 -1 -1000 -1000 -1000 -10 0.00011467933654785156
Car -1 -1 -10 862.0 151.0 897.0 174.0 -1 -1 -1 -1000 -1000 -1000 -10 0.00011217594146728516
Car -1 -1 -10 714.0 159.0 845.0 204.0 -1 -1 -1 -1000 -1000 -1000 -10 0.0001093149185180664
Car -1 -1 -10 1220.0 103.0 1239.0 154.0 -1 -1 -1 -1000 -1000 -1000 -10 0.0001074671745300293
Car -1 -1 -10 1202.0 99.0 1241.0 151.0 -1 -1 -1 -1000 -1000 -1000 -10 0.00010472536087036133
Car -1 -1 -10 1201.0 136.0 1242.0 358.0 -1 -1 -1 -1000 -1000 -1000 -10 0.0001042485237121582
Car -1 -1 -10 1206.0 188.0 1241.0 283.0 -1 -1 -1 -1000 -1000 -1000 -10 0.0001016855239868164
