Car -1 -1 -10 566.0 163.0 594.0 192.0 -1 -1 -1 -1000 -1000 -1000 -10 0.94970703125
Car -1 -1 -10 529.0 175.0 551.0 195.0 -1 -1 -1 -1000 -1000 -1000 -10 0.94384765625
Car -1 -1 -10 459.0 159.0 510.0 195.0 -1 -1 -1 -1000 -1000 -1000 -10 0.92333984375
Car -1 -1 -10 456.0 158.0 504.0 194.0 -1 -1 -1 -1000 -1000 -1000 -10 0.0019378662109375
Car -1 -1 -10 539.0 0.0 614.0 54.0 -1 -1 -1 -1000 -1000 -1000 -10 0.0009832382202148438
Car -1 -1 -10 561.0 1.0 627.0 54.0 -1 -1 -1 -1000 -1000 -1000 -10 0.0009107589721679688
Car -1 -1 -10 550.0 1.0 623.0 55.0 -1 -1 -1 -1000 -1000 -1000 -10 0.0007624626159667969
Car -1 -1 -10 456.0 144.0 524.0 208.0 -1 -1 -1 -1000 -1000 -1000 -10 0.0007567405700683594
Car -1 -1 -10 452.0 142.0 514.0 207.0 -1 -1 -1 -1000 -1000 -1000 -10 0.0007424354553222656
Car -1 -1 -10 486.0 1.0 561.0 52.0 -1 -1 -1 -1000 -1000 -1000 -10 0.0007300376892089844
Car -1 -1 -10 528.0 173.0 554.0 203.0 -1 -1 -1 -1000 -1000 -1000 -10 0.0006504058837890625
Car -1 -1 -10 527.0 171.0 551.0 198.0 -1 -1 -1 -1000 -1000 -1000 -10 0.0006289482116699219
Car -1 -1 -10 529.0 172.0 551.0 192.0 -1 -1 -1 -1000 -1000 -1000 -10 0.00044465065002441406
Car -1 -1 -10 566.0 160.0 596.0 195.0 -1 -1 -1 -1000 -1000 -1000 -10 0.0004417896270751953
Car -1 -1 -10 537.0 0.0 627.0 60.0 -1 -1 -1 -1000 -1000 -1000 -10 0.0004143714904785156
Car -1 -1 -10 1217.0 201.0 1242.0 355.0 -1 -1 -1 -1000 -1000 -1000 -10 0.00040149688720703125
Car -1 -1 -10 0.0 197.0 18.0 275.0 -1 -1 -1 -1000 -1000 -1000 -10 0.0003948211669921875
Car -1 -1 -10 430.0 106.0 575.0 240.0 -1 -1 -1 -1000 -1000 -1000 -10 0.00037550926208496094
Car -1 -1 -10 393.0 101.0 561.0 242.0 -1 -1 -1 -1000 -1000 -1000 -10 0.0003459453582763672
Car -1 -1 -10 1213.0 197.0 1241.0 362.0 -1 -1 -1 -1000 -1000 -1000 -10 0.0003447532653808594
Car -1 -1 -10 1221.0 197.0 1242.0 332.0 -1 -1 -1 -1000 -1000 -1000 -10 0.00033855438232421875
Car -1 -1 -10 527.0 0.0 550.0 2.0 -1 -1 -1 -1000 -1000 -1000 -10 0.0003020763397216797
Car -1 -1 -10 390.0 124.0 566.0 258.0 -1 -1 -1 -1000 -1000 -1000 -10 0.00029540061950683594
Car -1 -1 -10 0.0 188.0 17.0 267.0 -1 -1 -1 -1000 -1000 -1000 -10 0.0002932548522949219
Car -1 -1 -10 530.0 1.0 605.0 53.0 -1 -1 -1 -1000 -1000 -1000 -10 0.0002791881561279297
Car -1 -1 -10 0.0 198.0 14.0 264.0 -1 -1 -1 -1000 -1000 -1000 -10 0.00025725364685058594
Car -1 -1 -10 502.0 0.0 604.0 61.0 -1 -1 -1 -1000 -1000 -1000 -10 0.0002562999725341797
Car -1 -1 -10 1215.0 189.0 1241.0 340.0 -1 -1 -1 -1000 -1000 -1000 -10 0.0002307891845703125
Car -1 -1 -10 0.0 191.0 12.0 259.0 -1 -1 -1 -1000 -1000 -1000 -10 0.00021326541900634766
Car -1 -1 -10 584.0 1.0 648.0 53.0 -1 -1 -1 -1000 -1000 -1000 -10 0.00021159648895263672
Car -1 -1 -10 476.0 0.0 552.0 52.0 -1 -1 -1 -1000 -1000 -1000 -10 0.0002073049545288086
Car -1 -1 -10 0.0 202.0 20.0 309.0 -1 -1 -1 -1000 -1000 -1000 -10 0.0001951456069946289
Car -1 -1 -10 1216.0 209.0 1242.0 322.0 -1 -1 -1 -1000 -1000 -1000 -10 0.00018799304962158203
Car -1 -1 -10 0.0 192.0 24.0 281.0 -1 -1 -1 -1000 -1000 -1000 -10 0.00018095970153808594
Car -1 -1 -10 516.0 0.0 546.0 2.0 -1 -1 -1 -1000 -1000 -1000 -10 0.0001729726791381836
Pedestrian -1 -1 -10 284.0 0.0 391.0 29.0 -1 -1 -1 -1000 -1000 -1000 -10 0.00017082691192626953
Car -1 -1 -10 334.0 105.0 349.0 120.0 -1 -1 -1 -1000 -1000 -1000 -10 0.00016617774963378906
Car -1 -1 -10 571.0 1.0 637.0 53.0 -1 -1 -1 -1000 -1000 -1000 -10 0.0001609325408935547
Car -1 -1 -10 1215.0 218.0 1242.0 369.0 -1 -1 -1 -1000 -1000 -1000 -10 0.00015747547149658203
Car -1 -1 -10 525.0 0.0 553.0 3.0 -1 -1 -1 -1000 -1000 -1000 -10 0.00015723705291748047
Car -1 -1 -10 506.0 4.0 573.0 54.0 -1 -1 -1 -1000 -1000 -1000 -10 0.00015723705291748047
Car -1 -1 -10 0.0 200.0 15.0 280.0 -1 -1 -1 -1000 -1000 -1000 -10 0.00015676021575927734
Car -1 -1 -10 521.0 3.0 593.0 54.0 -1 -1 -1 -1000 -1000 -1000 -10 0.000152587890625
Car -1 -1 -10 0.0 178.0 25.0 278.0 -1 -1 -1 -1000 -1000 -1000 -10 0.00014090538024902344
Car -1 -1 -10 0.0 205.0 13.0 256.0 -1 -1 -1 -1000 -1000 -1000 -10 0.0001360177993774414
Car -1 -1 -10 1212.0 212.0 1241.0 375.0 -1 -1 -1 -1000 -1000 -1000 -10 0.00013315677642822266
Car -1 -1 -10 494.0 4.0 572.0 59.0 -1 -1 -1 -1000 -1000 -1000 -10 0.000125885009765625
Car -1 -1 -10 463.0 0.0 538.0 51.0 -1 -1 -1 -1000 -1000 -1000 -10 0.00011903047561645508
Car -1 -1 -10 0.0 198.0 22.0 266.0 -1 -1 -1 -1000 -1000 -1000 -10 0.00011795759201049805
Car -1 -1 -10 0.0 200.0 11.0 249.0 -1 -1 -1 -1000 -1000 -1000 -10 0.00011718273162841797
Car -1 -1 -10 330.0 104.0 352.0 121.0 -1 -1 -1 -1000 -1000 -1000 -10 0.00011181831359863281
Car -1 -1 -10 1221.0 171.0 1242.0 320.0 -1 -1 -1 -1000 -1000 -1000 -10 0.00011044740676879883
Car -1 -1 -10 0.0 208.0 14.0 294.0 -1 -1 -1 -1000 -1000 -1000 -10 0.00010734796524047852
Car -1 -1 -10 1226.0 211.0 1242.0 318.0 -1 -1 -1 -1000 -1000 -1000 -10 0.0001062154769897461
Car -1 -1 -10 1.0 191.0 24.0 264.0 -1 -1 -1 -1000 -1000 -1000 -10 0.00010502338409423828
