Car -1 -1 -10 1107.0 173.0 1242.0 263.0 -1 -1 -1 -1000 -1000 -1000 -10 0.97021484375
Car -1 -1 -10 916.0 178.0 1013.0 226.0 -1 -1 -1 -1000 -1000 -1000 -10 0.96533203125
Car -1 -1 -10 675.0 177.0 825.0 249.0 -1 -1 -1 -1000 -1000 -1000 -10 0.96337890625
Car -1 -1 -10 3.0 148.0 328.0 319.0 -1 -1 -1 -1000 -1000 -1000 -10 0.95849609375
Car -1 -1 -10 1040.0 177.0 1121.0 213.0 -1 -1 -1 -1000 -1000 -1000 -10 0.95068359375
Car -1 -1 -10 1229.0 171.0 1242.0 216.0 -1 -1 -1 -1000 -1000 -1000 -10 0.03424072265625
Car -1 -1 -10 1227.0 173.0 1242.0 217.0 -1 -1 -1 -1000 -1000 -1000 -10 0.0250396728515625
Car -1 -1 -10 1228.0 175.0 1241.0 223.0 -1 -1 -1 -1000 -1000 -1000 -10 0.0176544189453125
Car -1 -1 -10 1232.0 166.0 1242.0 200.0 -1 -1 -1 -1000 -1000 -1000 -10 0.01544189453125
Car -1 -1 -10 1228.0 169.0 1242.0 212.0 -1 -1 -1 -1000 -1000 -1000 -10 0.015380859375
Car -1 -1 -10 1221.0 173.0 1242.0 215.0 -1 -1 -1 -1000 -1000 -1000 -10 0.0120086669921875
Car -1 -1 -10 1230.0 166.0 1242.0 200.0 -1 -1 -1 -1000 -1000 -1000 -10 0.01119232177734375
Car -1 -1 -10 1219.0 174.0 1242.0 222.0 -1 -1 -1 -1000 -1000 -1000 -10 0.007480621337890625
Car -1 -1 -10 1225.0 177.0 1242.0 229.0 -1 -1 -1 -1000 -1000 -1000 -10 0.007476806640625
Car -1 -1 -10 1233.0 164.0 1242.0 193.0 -1 -1 -1 -1000 -1000 -1000 -10 0.00701141357421875
Car -1 -1 -10 1223.0 168.0 1242.0 203.0 -1 -1 -1 -1000 -1000 -1000 -10 0.006298065185546875
Car -1 -1 -10 1212.0 175.0 1242.0 218.0 -1 -1 -1 -1000 -1000 -1000 -10 0.005069732666015625
Car -1 -1 -10 1229.0 180.0 1242.0 233.0 -1 -1 -1 -1000 -1000 -1000 -10 0.003025054931640625
Car -1 -1 -10 1218.0 177.0 1242.0 228.0 -1 -1 -1 -1000 -1000 -1000 -10 0.002895355224609375
Car -1 -1 -10 0.0 169.0 21.0 347.0 -1 -1 -1 -1000 -1000 -1000 -10 0.002452850341796875
Car -1 -1 -10 1231.0 164.0 1242.0 193.0 -1 -1 -1 -1000 -1000 -1000 -10 0.00228118896484375
Car -1 -1 -10 0.0 190.0 24.0 372.0 -1 -1 -1 -1000 -1000 -1000 -10 0.002197265625
Car -1 -1 -10 1210.0 173.0 1242.0 225.0 -1 -1 -1 -1000 -1000 -1000 -10 0.0018205642700195312
Car -1 -1 -10 1100.0 170.0 1152.0 195.0 -1 -1 -1 -1000 -1000 -1000 -10 0.001800537109375
Car -1 -1 -10 1220.0 163.0 1242.0 219.0 -1 -1 -1 -1000 -1000 -1000 -10 0.0013217926025390625
Car -1 -1 -10 1225.0 164.0 1242.0 190.0 -1 -1 -1 -1000 -1000 -1000 -10 0.0012159347534179688
Car -1 -1 -10 672.0 165.0 829.0 262.0 -1 -1 -1 -1000 -1000 -1000 -10 0.0011873245239257812
Car -1 -1 -10 1036.0 164.0 1131.0 229.0 -1 -1 -1 -1000 -1000 -1000 -10 0.0010843276977539062
Car -1 -1 -10 0.0 162.0 23.0 310.0 -1 -1 -1 -1000 -1000 -1000 -10 0.0010213851928710938
Car -1 -1 -10 1204.0 175.0 1241.0 224.0 -1 -1 -1 -1000 -1000 -1000 -10 0.0009474754333496094
Car -1 -1 -10 0.0 171.0 26.0 344.0 -1 -1 -1 -1000 -1000 -1000 -10 0.0009002685546875
Car -1 -1 -10 913.0 170.0 1018.0 235.0 -1 -1 -1 -1000 -1000 -1000 -10 0.0008339881896972656
Car -1 -1 -10 1228.0 156.0 1242.0 190.0 -1 -1 -1 -1000 -1000 -1000 -10 0.0008053779602050781
Car -1 -1 -10 1205.0 175.0 1241.0 211.0 -1 -1 -1 -1000 -1000 -1000 -10 0.0007581710815429688
Car -1 -1 -10 1204.0 169.0 1242.0 201.0 -1 -1 -1 -1000 -1000 -1000 -10 0.0007214546203613281
Car -1 -1 -10 933.0 182.0 982.0 216.0 -1 -1 -1 -1000 -1000 -1000 -10 0.0006871223449707031
Car -1 -1 -10 1216.0 178.0 1242.0 235.0 -1 -1 -1 -1000 -1000 -1000 -10 0.0006756782531738281
Car -1 -1 -10 1233.0 158.0 1242.0 184.0 -1 -1 -1 -1000 -1000 -1000 -10 0.0006518363952636719
Car -1 -1 -10 0.0 157.0 22.0 290.0 -1 -1 -1 -1000 -1000 -1000 -10 0.0006313323974609375
Car -1 -1 -10 1036.0 163.0 1126.0 220.0 -1 -1 -1 -1000 -1000 -1000 -10 0.0005750656127929688
Car -1 -1 -10 1109.0 170.0 1165.0 195.0 -1 -1 -1 -1000 -1000 -1000 -10 0.0005331039428710938
Car -1 -1 -10 0.0 200.0 28.0 375.0 -1 -1 -1 -1000 -1000 -1000 -10 0.0005269050598144531
Car -1 -1 -10 924.0 179.0 1006.0 224.0 -1 -1 -1 -1000 -1000 -1000 -10 0.0005135536193847656
Car -1 -1 -10 0.0 234.0 29.0 353.0 -1 -1 -1 -1000 -1000 -1000 -10 0.00045990943908691406
Car -1 -1 -10 982.0 131.0 1158.0 274.0 -1 -1 -1 -1000 -1000 -1000 -10 0.000408172607421875
Car -1 -1 -10 1.0 232.0 22.0 356.0 -1 -1 -1 -1000 -1000 -1000 -10 0.00040340423583984375
Car -1 -1 -10 0.0 170.0 44.0 340.0 -1 -1 -1 -1000 -1000 -1000 -10 0.00039577484130859375
Car -1 -1 -10 0.0 226.0 16.0 347.0 -1 -1 -1 -1000 -1000 -1000 -10 0.0003898143768310547
Car -1 -1 -10 1097.0 170.0 1142.0 195.0 -1 -1 -1 -1000 -1000 -1000 -10 0.00037789344787597656
Car -1 -1 -10 1001.0 130.0 1177.0 276.0 -1 -1 -1 -1000 -1000 -1000 -10 0.0003654956817626953
Car -1 -1 -10 0.0 152.0 26.0 294.0 -1 -1 -1 -1000 -1000 -1000 -10 0.00035881996154785156
Car -1 -1 -10 1.0 199.0 32.0 375.0 -1 -1 -1 -1000 -1000 -1000 -10 0.0003352165222167969
Car -1 -1 -10 0.0 161.0 41.0 316.0 -1 -1 -1 -1000 -1000 -1000 -10 0.0003333091735839844
Car -1 -1 -10 867.0 136.0 1047.0 275.0 -1 -1 -1 -1000 -1000 -1000 -10 0.000324249267578125
Car -1 -1 -10 0.0 193.0 38.0 364.0 -1 -1 -1 -1000 -1000 -1000 -10 0.0003056526184082031
Car -1 -1 -10 1104.0 170.0 1156.0 192.0 -1 -1 -1 -1000 -1000 -1000 -10 0.0002856254577636719
Car -1 -1 -10 0.0 148.0 41.0 291.0 -1 -1 -1 -1000 -1000 -1000 -10 0.00028443336486816406
Car -1 -1 -10 883.0 137.0 1051.0 249.0 -1 -1 -1 -1000 -1000 -1000 -10 0.0002765655517578125
Car -1 -1 -10 1005.0 122.0 1170.0 242.0 -1 -1 -1 -1000 -1000 -1000 -10 0.0002765655517578125
Car -1 -1 -10 942.0 183.0 992.0 219.0 -1 -1 -1 -1000 -1000 -1000 -10 0.00026988983154296875
Car -1 -1 -10 0.0 215.0 31.0 375.0 -1 -1 -1 -1000 -1000 -1000 -10 0.0002696514129638672
Car -1 -1 -10 1100.0 170.0 1146.0 192.0 -1 -1 -1 -1000 -1000 -1000 -10 0.0002675056457519531
Car -1 -1 -10 1229.0 192.0 1242.0 251.0 -1 -1 -1 -1000 -1000 -1000 -10 0.0002646446228027344
Car -1 -1 -10 0.0 178.0 43.0 367.0 -1 -1 -1 -1000 -1000 -1000 -10 0.0002390146255493164
Car -1 -1 -10 919.0 175.0 1012.0 219.0 -1 -1 -1 -1000 -1000 -1000 -10 0.00023066997528076172
Car -1 -1 -10 1036.0 174.0 1115.0 211.0 -1 -1 -1 -1000 -1000 -1000 -10 0.00022101402282714844
Car -1 -1 -10 730.0 182.0 771.0 240.0 -1 -1 -1 -1000 -1000 -1000 -10 0.00021564960479736328
Car -1 -1 -10 1107.0 173.0 1161.0 200.0 -1 -1 -1 -1000 -1000 -1000 -10 0.00021386146545410156
Car -1 -1 -10 1099.0 171.0 1157.0 199.0 -1 -1 -1 -1000 -1000 -1000 -10 0.0002033710479736328
Car -1 -1 -10 683.0 174.0 820.0 238.0 -1 -1 -1 -1000 -1000 -1000 -10 0.00019562244415283203
Car -1 -1 -10 0.0 171.0 15.0 293.0 -1 -1 -1 -1000 -1000 -1000 -10 0.00019359588623046875
Car -1 -1 -10 1201.0 166.0 1242.0 216.0 -1 -1 -1 -1000 -1000 -1000 -10 0.00018584728240966797
Car -1 -1 -10 1113.0 172.0 1162.0 197.0 -1 -1 -1 -1000 -1000 -1000 -10 0.00017905235290527344
Car -1 -1 -10 1230.0 198.0 1242.0 243.0 -1 -1 -1 -1000 -1000 -1000 -10 0.00017774105072021484
Car -1 -1 -10 1.0 145.0 21.0 269.0 -1 -1 -1 -1000 -1000 -1000 -10 0.00014400482177734375
Car -1 -1 -10 0.0 189.0 13.0 313.0 -1 -1 -1 -1000 -1000 -1000 -10 0.00014197826385498047
Car -1 -1 -10 1197.0 178.0 1242.0 247.0 -1 -1 -1 -1000 -1000 -1000 -10 0.000141143798828125
Pedestrian -1 -1 -10 555.0 0.0 620.0 1.0 -1 -1 -1 -1000 -1000 -1000 -10 0.00013887882232666016
Car -1 -1 -10 0.0 230.0 26.0 375.0 -1 -1 -1 -1000 -1000 -1000 -10 0.0001232624053955078
Car -1 -1 -10 1055.0 179.0 1107.0 207.0 -1 -1 -1 -1000 -1000 -1000 -10 0.000118255615234375
Car -1 -1 -10 1185.0 171.0 1241.0 235.0 -1 -1 -1 -1000 -1000 -1000 -10 0.00010323524475097656
