Car -1 -1 -10 95.0 179.0 337.0 256.0 -1 -1 -1 -1000 -1000 -1000 -10 0.9619140625
Car -1 -1 -10 91.0 172.0 342.0 269.0 -1 -1 -1 -1000 -1000 -1000 -10 0.0010328292846679688
Car -1 -1 -10 158.0 181.0 273.0 247.0 -1 -1 -1 -1000 -1000 -1000 -10 0.0008869171142578125
Car -1 -1 -10 292.0 70.0 305.0 86.0 -1 -1 -1 -1000 -1000 -1000 -10 0.0007548332214355469
Car -1 -1 -10 289.0 69.0 307.0 86.0 -1 -1 -1 -1000 -1000 -1000 -10 0.0006203651428222656
Car -1 -1 -10 1219.0 200.0 1242.0 363.0 -1 -1 -1 -1000 -1000 -1000 -10 0.0006113052368164062
Car -1 -1 -10 142.0 181.0 280.0 249.0 -1 -1 -1 -1000 -1000 -1000 -10 0.0005793571472167969
Car -1 -1 -10 1214.0 195.0 1241.0 370.0 -1 -1 -1 -1000 -1000 -1000 -10 0.00044035911560058594
Car -1 -1 -10 293.0 71.0 307.0 85.0 -1 -1 -1 -1000 -1000 -1000 -10 0.0003757476806640625
Car -1 -1 -10 1221.0 187.0 1242.0 343.0 -1 -1 -1 -1000 -1000 -1000 -10 0.00031065940856933594
Car -1 -1 -10 291.0 70.0 309.0 86.0 -1 -1 -1 -1000 -1000 -1000 -10 0.00028967857360839844
Car -1 -1 -10 1207.0 199.0 1242.0 368.0 -1 -1 -1 -1000 -1000 -1000 -10 0.0002460479736328125
Car -1 -1 -10 112.0 178.0 340.0 246.0 -1 -1 -1 -1000 -1000 -1000 -10 0.00020432472229003906
Car -1 -1 -10 1216.0 180.0 1242.0 350.0 -1 -1 -1 -1000 -1000 -1000 -10 0.0002040863037109375
Car -1 -1 -10 0.0 200.0 21.0 365.0 -1 -1 -1 -1000 -1000 -1000 -10 0.00019359588623046875
Car -1 -1 -10 0.0 210.0 24.0 375.0 -1 -1 -1 -1000 -1000 -1000 -10 0.0001493692398071289
Car -1 -1 -10 1203.0 222.0 1242.0 375.0 -1 -1 -1 -1000 -1000 -1000 -10 0.00013315677642822266
Car -1 -1 -10 0.0 195.0 16.0 330.0 -1 -1 -1 -1000 -1000 -1000 -10 0.00013077259063720703
Car -1 -1 -10 0.0 195.0 27.0 369.0 -1 -1 -1 -1000 -1000 -1000 -10 0.00012177228927612305
Car -1 -1 -10 0.0 189.0 41.0 375.0 -1 -1 -1 -1000 -1000 -1000 -10 0.0001150965690612793
Car -1 -1 -10 1215.0 228.0 1242.0 362.0 -1 -1 -1 -1000 -1000 -1000 -10 0.00010120868682861328
