Car -1 -1 -10 0.0 209.0 253.0 373.0 -1 -1 -1 -1000 -1000 -1000 -10 0.96826171875
Car -1 -1 -10 398.0 193.0 527.0 280.0 -1 -1 -1 -1000 -1000 -1000 -10 0.95458984375
Car -1 -1 -10 1062.0 150.0 1242.0 330.0 -1 -1 -1 -1000 -1000 -1000 -10 0.95166015625
Car -1 -1 -10 997.0 167.0 1101.0 210.0 -1 -1 -1 -1000 -1000 -1000 -10 0.94384765625
Car -1 -1 -10 788.0 173.0 885.0 230.0 -1 -1 -1 -1000 -1000 -1000 -10 0.9384765625
Car -1 -1 -10 732.0 180.0 836.0 273.0 -1 -1 -1 -1000 -1000 -1000 -10 0.9248046875
Car -1 -1 -10 939.0 164.0 1029.0 196.0 -1 -1 -1 -1000 -1000 -1000 -10 0.91748046875
Car -1 -1 -10 506.0 172.0 572.0 194.0 -1 -1 -1 -1000 -1000 -1000 -10 0.90478515625
Car -1 -1 -10 490.0 183.0 553.0 235.0 -1 -1 -1 -1000 -1000 -1000 -10 0.9033203125
Car -1 -1 -10 266.0 201.0 478.0 340.0 -1 -1 -1 -1000 -1000 -1000 -10 0.8505859375
Car -1 -1 -10 728.0 166.0 833.0 211.0 -1 -1 -1 -1000 -1000 -1000 -10 0.83349609375
Car -1 -1 -10 735.0 181.0 833.0 253.0 -1 -1 -1 -1000 -1000 -1000 -10 0.6396484375
Car -1 -1 -10 506.0 179.0 571.0 221.0 -1 -1 -1 -1000 -1000 -1000 -10 0.63037109375
Car -1 -1 -10 741.0 172.0 838.0 235.0 -1 -1 -1 -1000 -1000 -1000 -10 0.5966796875
Car -1 -1 -10 500.0 182.0 566.0 229.0 -1 -1 -1 -1000 -1000 -1000 -10 0.59130859375
Car -1 -1 -10 507.0 184.0 572.0 227.0 -1 -1 -1 -1000 -1000 -1000 -10 0.29541015625
Car -1 -1 -10 750.0 177.0 843.0 238.0 -1 -1 -1 -1000 -1000 -1000 -10 0.1590576171875
Car -1 -1 -10 735.0 169.0 836.0 220.0 -1 -1 -1 -1000 -1000 -1000 -10 0.1494140625
Car -1 -1 -10 733.0 181.0 821.0 248.0 -1 -1 -1 -1000 -1000 -1000 -10 0.1328125
Car -1 -1 -10 375.0 192.0 424.0 210.0 -1 -1 -1 -1000 -1000 -1000 -10 0.12408447265625
Car -1 -1 -10 734.0 177.0 836.0 241.0 -1 -1 -1 -1000 -1000 -1000 -10 0.1224365234375
Car -1 -1 -10 728.0 173.0 818.0 215.0 -1 -1 -1 -1000 -1000 -1000 -10 0.1055908203125
Car -1 -1 -10 730.0 177.0 819.0 232.0 -1 -1 -1 -1000 -1000 -1000 -10 0.0712890625
Car -1 -1 -10 511.0 172.0 577.0 193.0 -1 -1 -1 -1000 -1000 -1000 -10 0.03045654296875
Car -1 -1 -10 1005.0 164.0 1110.0 207.0 -1 -1 -1 -1000 -1000 -1000 -10 0.0243988037109375
Car -1 -1 -10 748.0 180.0 829.0 244.0 -1 -1 -1 -1000 -1000 -1000 -10 0.01126861572265625
Car -1 -1 -10 726.0 172.0 811.0 208.0 -1 -1 -1 -1000 -1000 -1000 -10 0.00966644287109375
Car -1 -1 -10 727.0 163.0 836.0 231.0 -1 -1 -1 -1000 -1000 -1000 -10 0.00756072998046875
Car -1 -1 -10 739.0 181.0 819.0 262.0 -1 -1 -1 -1000 -1000 -1000 -10 0.00659942626953125
Car -1 -1 -10 501.0 173.0 564.0 193.0 -1 -1 -1 -1000 -1000 -1000 -10 0.005725860595703125
Car -1 -1 -10 378.0 192.0 429.0 209.0 -1 -1 -1 -1000 -1000 -1000 -10 0.00548553466796875
Car -1 -1 -10 509.0 182.0 560.0 225.0 -1 -1 -1 -1000 -1000 -1000 -10 0.005260467529296875
Car -1 -1 -10 511.0 191.0 570.0 228.0 -1 -1 -1 -1000 -1000 -1000 -10 0.005100250244140625
Car -1 -1 -10 724.0 172.0 843.0 277.0 -1 -1 -1 -1000 -1000 -1000 -10 0.004749298095703125
Car -1 -1 -10 514.0 183.0 565.0 222.0 -1 -1 -1 -1000 -1000 -1000 -10 0.0046234130859375
Car -1 -1 -10 374.0 189.0 427.0 212.0 -1 -1 -1 -1000 -1000 -1000 -10 0.0040283203125
Car -1 -1 -10 505.0 170.0 576.0 203.0 -1 -1 -1 -1000 -1000 -1000 -10 0.004024505615234375
Car -1 -1 -10 498.0 183.0 549.0 234.0 -1 -1 -1 -1000 -1000 -1000 -10 0.0038700103759765625
Car -1 -1 -10 724.0 170.0 816.0 204.0 -1 -1 -1 -1000 -1000 -1000 -10 0.0038394927978515625
Car -1 -1 -10 783.0 170.0 877.0 221.0 -1 -1 -1 -1000 -1000 -1000 -10 0.003673553466796875
Car -1 -1 -10 379.0 189.0 437.0 210.0 -1 -1 -1 -1000 -1000 -1000 -10 0.0033855438232421875
Car -1 -1 -10 763.0 180.0 849.0 236.0 -1 -1 -1 -1000 -1000 -1000 -10 0.00299835205078125
Car -1 -1 -10 1221.0 135.0 1242.0 294.0 -1 -1 -1 -1000 -1000 -1000 -10 0.0028438568115234375
Car -1 -1 -10 742.0 168.0 823.0 212.0 -1 -1 -1 -1000 -1000 -1000 -10 0.0028076171875
Car -1 -1 -10 371.0 193.0 428.0 215.0 -1 -1 -1 -1000 -1000 -1000 -10 0.0025882720947265625
Car -1 -1 -10 515.0 173.0 566.0 194.0 -1 -1 -1 -1000 -1000 -1000 -10 0.0025615692138671875
Car -1 -1 -10 942.0 167.0 1021.0 198.0 -1 -1 -1 -1000 -1000 -1000 -10 0.0024814605712890625
Car -1 -1 -10 1217.0 149.0 1242.0 369.0 -1 -1 -1 -1000 -1000 -1000 -10 0.00232696533203125
Car -1 -1 -10 726.0 165.0 835.0 199.0 -1 -1 -1 -1000 -1000 -1000 -10 0.002033233642578125
Car -1 -1 -10 755.0 184.0 840.0 247.0 -1 -1 -1 -1000 -1000 -1000 -10 0.0018863677978515625
Car -1 -1 -10 1219.0 138.0 1242.0 333.0 -1 -1 -1 -1000 -1000 -1000 -10 0.0018739700317382812
Car -1 -1 -10 1215.0 131.0 1242.0 299.0 -1 -1 -1 -1000 -1000 -1000 -10 0.0018358230590820312
Car -1 -1 -10 1002.0 159.0 1113.0 204.0 -1 -1 -1 -1000 -1000 -1000 -10 0.00180816650390625
Car -1 -1 -10 1214.0 170.0 1242.0 375.0 -1 -1 -1 -1000 -1000 -1000 -10 0.0016622543334960938
Car -1 -1 -10 388.0 186.0 528.0 290.0 -1 -1 -1 -1000 -1000 -1000 -10 0.0015783309936523438
Car -1 -1 -10 728.0 173.0 805.0 203.0 -1 -1 -1 -1000 -1000 -1000 -10 0.0015630722045898438
Car -1 -1 -10 783.0 177.0 878.0 232.0 -1 -1 -1 -1000 -1000 -1000 -10 0.0015554428100585938
Car -1 -1 -10 1214.0 135.0 1242.0 336.0 -1 -1 -1 -1000 -1000 -1000 -10 0.0014257431030273438
Car -1 -1 -10 485.0 177.0 556.0 246.0 -1 -1 -1 -1000 -1000 -1000 -10 0.0014133453369140625
Car -1 -1 -10 944.0 162.0 1025.0 191.0 -1 -1 -1 -1000 -1000 -1000 -10 0.0013399124145507812
Car -1 -1 -10 726.0 175.0 800.0 222.0 -1 -1 -1 -1000 -1000 -1000 -10 0.0013284683227539062
Car -1 -1 -10 504.0 184.0 555.0 228.0 -1 -1 -1 -1000 -1000 -1000 -10 0.0012578964233398438
Car -1 -1 -10 962.0 168.0 1012.0 192.0 -1 -1 -1 -1000 -1000 -1000 -10 0.00118255615234375
Car -1 -1 -10 495.0 177.0 561.0 221.0 -1 -1 -1 -1000 -1000 -1000 -10 0.0011472702026367188
Car -1 -1 -10 514.0 182.0 575.0 221.0 -1 -1 -1 -1000 -1000 -1000 -10 0.0010385513305664062
Car -1 -1 -10 1206.0 172.0 1242.0 375.0 -1 -1 -1 -1000 -1000 -1000 -10 0.00101470947265625
Car -1 -1 -10 758.0 184.0 807.0 237.0 -1 -1 -1 -1000 -1000 -1000 -10 0.0009641647338867188
Car -1 -1 -10 1224.0 114.0 1242.0 253.0 -1 -1 -1 -1000 -1000 -1000 -10 0.0009579658508300781
Car -1 -1 -10 1225.0 152.0 1242.0 273.0 -1 -1 -1 -1000 -1000 -1000 -10 0.0009517669677734375
Car -1 -1 -10 1203.0 133.0 1242.0 297.0 -1 -1 -1 -1000 -1000 -1000 -10 0.0009417533874511719
Car -1 -1 -10 993.0 159.0 1103.0 219.0 -1 -1 -1 -1000 -1000 -1000 -10 0.0009293556213378906
Car -1 -1 -10 738.0 165.0 842.0 195.0 -1 -1 -1 -1000 -1000 -1000 -10 0.0009126663208007812
Car -1 -1 -10 1215.0 140.0 1242.0 267.0 -1 -1 -1 -1000 -1000 -1000 -10 0.0008845329284667969
Car -1 -1 -10 735.0 169.0 815.0 207.0 -1 -1 -1 -1000 -1000 -1000 -10 0.0008721351623535156
Car -1 -1 -10 69.0 212.0 192.0 362.0 -1 -1 -1 -1000 -1000 -1000 -10 0.0008492469787597656
Car -1 -1 -10 732.0 182.0 808.0 241.0 -1 -1 -1 -1000 -1000 -1000 -10 0.0008225440979003906
Car -1 -1 -10 1204.0 122.0 1242.0 277.0 -1 -1 -1 -1000 -1000 -1000 -10 0.0008072853088378906
Car -1 -1 -10 378.0 187.0 429.0 206.0 -1 -1 -1 -1000 -1000 -1000 -10 0.0007877349853515625
Car -1 -1 -10 748.0 172.0 847.0 225.0 -1 -1 -1 -1000 -1000 -1000 -10 0.0007815361022949219
Car -1 -1 -10 730.0 178.0 809.0 224.0 -1 -1 -1 -1000 -1000 -1000 -10 0.000766754150390625
Car -1 -1 -10 746.0 169.0 827.0 218.0 -1 -1 -1 -1000 -1000 -1000 -10 0.0007653236389160156
Car -1 -1 -10 944.0 163.0 1041.0 192.0 -1 -1 -1 -1000 -1000 -1000 -10 0.0007572174072265625
Car -1 -1 -10 404.0 62.0 422.0 74.0 -1 -1 -1 -1000 -1000 -1000 -10 0.0007085800170898438
Car -1 -1 -10 490.0 175.0 563.0 240.0 -1 -1 -1 -1000 -1000 -1000 -10 0.0006914138793945312
Car -1 -1 -10 1077.0 145.0 1240.0 303.0 -1 -1 -1 -1000 -1000 -1000 -10 0.0006604194641113281
Car -1 -1 -10 1203.0 150.0 1242.0 365.0 -1 -1 -1 -1000 -1000 -1000 -10 0.0006556510925292969
Car -1 -1 -10 724.0 168.0 821.0 209.0 -1 -1 -1 -1000 -1000 -1000 -10 0.0006413459777832031
Car -1 -1 -10 1218.0 198.0 1242.0 375.0 -1 -1 -1 -1000 -1000 -1000 -10 0.0006284713745117188
Car -1 -1 -10 1225.0 138.0 1242.0 248.0 -1 -1 -1 -1000 -1000 -1000 -10 0.000614166259765625
Car -1 -1 -10 932.0 147.0 1033.0 208.0 -1 -1 -1 -1000 -1000 -1000 -10 0.0006127357482910156
Car -1 -1 -10 0.0 197.0 27.0 362.0 -1 -1 -1 -1000 -1000 -1000 -10 0.0005993843078613281
Car -1 -1 -10 809.0 175.0 858.0 223.0 -1 -1 -1 -1000 -1000 -1000 -10 0.0005893707275390625
Car -1 -1 -10 368.0 192.0 425.0 213.0 -1 -1 -1 -1000 -1000 -1000 -10 0.00058746337890625
Car -1 -1 -10 995.0 153.0 1107.0 214.0 -1 -1 -1 -1000 -1000 -1000 -10 0.0005855560302734375
Car -1 -1 -10 1201.0 142.0 1242.0 332.0 -1 -1 -1 -1000 -1000 -1000 -10 0.000579833984375
Car -1 -1 -10 1217.0 104.0 1242.0 265.0 -1 -1 -1 -1000 -1000 -1000 -10 0.0005168914794921875
Car -1 -1 -10 932.0 154.0 1034.0 215.0 -1 -1 -1 -1000 -1000 -1000 -10 0.00045990943908691406
Car -1 -1 -10 1025.0 170.0 1074.0 202.0 -1 -1 -1 -1000 -1000 -1000 -10 0.00045490264892578125
Car -1 -1 -10 994.0 166.0 1082.0 204.0 -1 -1 -1 -1000 -1000 -1000 -10 0.00040030479431152344
Car -1 -1 -10 1006.0 167.0 1087.0 209.0 -1 -1 -1 -1000 -1000 -1000 -10 0.0003962516784667969
Car -1 -1 -10 401.0 61.0 424.0 75.0 -1 -1 -1 -1000 -1000 -1000 -10 0.0003936290740966797
Car -1 -1 -10 733.0 184.0 805.0 254.0 -1 -1 -1 -1000 -1000 -1000 -10 0.00038695335388183594
Car -1 -1 -10 304.0 203.0 447.0 332.0 -1 -1 -1 -1000 -1000 -1000 -10 0.0003833770751953125
Car -1 -1 -10 752.0 143.0 922.0 270.0 -1 -1 -1 -1000 -1000 -1000 -10 0.0003809928894042969
Car -1 -1 -10 0.0 187.0 25.0 340.0 -1 -1 -1 -1000 -1000 -1000 -10 0.0003769397735595703
Car -1 -1 -10 998.0 172.0 1099.0 214.0 -1 -1 -1 -1000 -1000 -1000 -10 0.0003635883331298828
Car -1 -1 -10 1225.0 99.0 1241.0 226.0 -1 -1 -1 -1000 -1000 -1000 -10 0.00036144256591796875
Car -1 -1 -10 1197.0 161.0 1242.0 375.0 -1 -1 -1 -1000 -1000 -1000 -10 0.0003514289855957031
Car -1 -1 -10 519.0 173.0 570.0 191.0 -1 -1 -1 -1000 -1000 -1000 -10 0.0003421306610107422
Car -1 -1 -10 941.0 151.0 1073.0 209.0 -1 -1 -1 -1000 -1000 -1000 -10 0.00034117698669433594
Car -1 -1 -10 1192.0 131.0 1242.0 297.0 -1 -1 -1 -1000 -1000 -1000 -10 0.0003247261047363281
Car -1 -1 -10 749.0 184.0 798.0 233.0 -1 -1 -1 -1000 -1000 -1000 -10 0.00032401084899902344
Car -1 -1 -10 756.0 143.0 918.0 247.0 -1 -1 -1 -1000 -1000 -1000 -10 0.0003228187561035156
Car -1 -1 -10 1228.0 136.0 1242.0 232.0 -1 -1 -1 -1000 -1000 -1000 -10 0.00032258033752441406
Car -1 -1 -10 721.0 174.0 787.0 196.0 -1 -1 -1 -1000 -1000 -1000 -10 0.0003192424774169922
Car -1 -1 -10 745.0 167.0 825.0 204.0 -1 -1 -1 -1000 -1000 -1000 -10 0.0003159046173095703
Car -1 -1 -10 1082.0 127.0 1242.0 288.0 -1 -1 -1 -1000 -1000 -1000 -10 0.00030875205993652344
Car -1 -1 -10 992.0 165.0 1089.0 209.0 -1 -1 -1 -1000 -1000 -1000 -10 0.0002970695495605469
Car -1 -1 -10 765.0 182.0 816.0 235.0 -1 -1 -1 -1000 -1000 -1000 -10 0.00029158592224121094
Car -1 -1 -10 884.0 128.0 1074.0 265.0 -1 -1 -1 -1000 -1000 -1000 -10 0.0002875328063964844
Car -1 -1 -10 519.0 174.0 574.0 194.0 -1 -1 -1 -1000 -1000 -1000 -10 0.00028204917907714844
Car -1 -1 -10 965.0 117.0 1141.0 236.0 -1 -1 -1 -1000 -1000 -1000 -10 0.00027942657470703125
Car -1 -1 -10 953.0 168.0 1004.0 192.0 -1 -1 -1 -1000 -1000 -1000 -10 0.0002779960632324219
Car -1 -1 -10 1216.0 143.0 1242.0 244.0 -1 -1 -1 -1000 -1000 -1000 -10 0.0002720355987548828
Car -1 -1 -10 1206.0 111.0 1242.0 254.0 -1 -1 -1 -1000 -1000 -1000 -10 0.0002655982971191406
Car -1 -1 -10 1201.0 144.0 1241.0 265.0 -1 -1 -1 -1000 -1000 -1000 -10 0.0002579689025878906
Car -1 -1 -10 0.0 202.0 42.0 363.0 -1 -1 -1 -1000 -1000 -1000 -10 0.00025582313537597656
Car -1 -1 -10 772.0 167.0 860.0 218.0 -1 -1 -1 -1000 -1000 -1000 -10 0.0002548694610595703
Car -1 -1 -10 889.0 104.0 1069.0 240.0 -1 -1 -1 -1000 -1000 -1000 -10 0.0002410411834716797
Car -1 -1 -10 950.0 134.0 1130.0 259.0 -1 -1 -1 -1000 -1000 -1000 -10 0.00024080276489257812
Car -1 -1 -10 1017.0 171.0 1066.0 202.0 -1 -1 -1 -1000 -1000 -1000 -10 0.00023806095123291016
Car -1 -1 -10 1224.0 153.0 1242.0 254.0 -1 -1 -1 -1000 -1000 -1000 -10 0.00023674964904785156
Car -1 -1 -10 726.0 166.0 823.0 196.0 -1 -1 -1 -1000 -1000 -1000 -10 0.00022923946380615234
Car -1 -1 -10 433.0 142.0 603.0 279.0 -1 -1 -1 -1000 -1000 -1000 -10 0.00022542476654052734
Car -1 -1 -10 395.0 188.0 506.0 262.0 -1 -1 -1 -1000 -1000 -1000 -10 0.00021767616271972656
Car -1 -1 -10 921.0 109.0 1093.0 237.0 -1 -1 -1 -1000 -1000 -1000 -10 0.00021755695343017578
Car -1 -1 -10 957.0 128.0 1149.0 269.0 -1 -1 -1 -1000 -1000 -1000 -10 0.00021123886108398438
Car -1 -1 -10 464.0 142.0 616.0 276.0 -1 -1 -1 -1000 -1000 -1000 -10 0.00021064281463623047
Car -1 -1 -10 1218.0 133.0 1241.0 236.0 -1 -1 -1 -1000 -1000 -1000 -10 0.00020992755889892578
Car -1 -1 -10 0.0 213.0 24.0 373.0 -1 -1 -1 -1000 -1000 -1000 -10 0.0002008676528930664
Car -1 -1 -10 699.0 132.0 860.0 252.0 -1 -1 -1 -1000 -1000 -1000 -10 0.00019812583923339844
Car -1 -1 -10 507.0 173.0 557.0 192.0 -1 -1 -1 -1000 -1000 -1000 -10 0.00018870830535888672
Car -1 -1 -10 1223.0 88.0 1241.0 205.0 -1 -1 -1 -1000 -1000 -1000 -10 0.00017786026000976562
Car -1 -1 -10 441.0 158.0 594.0 272.0 -1 -1 -1 -1000 -1000 -1000 -10 0.00017273426055908203
Car -1 -1 -10 718.0 0.0 761.0 6.0 -1 -1 -1 -1000 -1000 -1000 -10 0.00017130374908447266
Car -1 -1 -10 770.0 165.0 867.0 223.0 -1 -1 -1 -1000 -1000 -1000 -10 0.00017058849334716797
Car -1 -1 -10 1226.0 160.0 1242.0 283.0 -1 -1 -1 -1000 -1000 -1000 -10 0.00016963481903076172
Car -1 -1 -10 708.0 173.0 765.0 193.0 -1 -1 -1 -1000 -1000 -1000 -10 0.0001691579818725586
Car -1 -1 -10 0.0 182.0 21.0 311.0 -1 -1 -1 -1000 -1000 -1000 -10 0.00016617774963378906
Car -1 -1 -10 714.0 137.0 872.0 254.0 -1 -1 -1 -1000 -1000 -1000 -10 0.00016438961029052734
Car -1 -1 -10 946.0 164.0 1041.0 200.0 -1 -1 -1 -1000 -1000 -1000 -10 0.0001569986343383789
Car -1 -1 -10 521.0 171.0 583.0 193.0 -1 -1 -1 -1000 -1000 -1000 -10 0.00015687942504882812
Car -1 -1 -10 1217.0 80.0 1242.0 248.0 -1 -1 -1 -1000 -1000 -1000 -10 0.000156402587890625
Car -1 -1 -10 1194.0 99.0 1242.0 269.0 -1 -1 -1 -1000 -1000 -1000 -10 0.00015211105346679688
Car -1 -1 -10 378.0 184.0 431.0 208.0 -1 -1 -1 -1000 -1000 -1000 -10 0.0001513957977294922
Car -1 -1 -10 1216.0 155.0 1242.0 286.0 -1 -1 -1 -1000 -1000 -1000 -10 0.0001475811004638672
Car -1 -1 -10 1186.0 149.0 1242.0 340.0 -1 -1 -1 -1000 -1000 -1000 -10 0.0001456737518310547
Car -1 -1 -10 733.0 156.0 827.0 196.0 -1 -1 -1 -1000 -1000 -1000 -10 0.00014150142669677734
Car -1 -1 -10 1069.0 164.0 1235.0 276.0 -1 -1 -1 -1000 -1000 -1000 -10 0.00013828277587890625
Car -1 -1 -10 1084.0 143.0 1241.0 270.0 -1 -1 -1 -1000 -1000 -1000 -10 0.00013685226440429688
Car -1 -1 -10 1229.0 128.0 1242.0 217.0 -1 -1 -1 -1000 -1000 -1000 -10 0.00013506412506103516
Car -1 -1 -10 518.0 188.0 574.0 223.0 -1 -1 -1 -1000 -1000 -1000 -10 0.0001341104507446289
Car -1 -1 -10 712.0 0.0 745.0 2.0 -1 -1 -1 -1000 -1000 -1000 -10 0.0001341104507446289
Car -1 -1 -10 521.0 182.0 570.0 219.0 -1 -1 -1 -1000 -1000 -1000 -10 0.0001304149627685547
Car -1 -1 -10 410.0 62.0 425.0 75.0 -1 -1 -1 -1000 -1000 -1000 -10 0.00013005733489990234
Car -1 -1 -10 735.0 193.0 838.0 277.0 -1 -1 -1 -1000 -1000 -1000 -10 0.0001270771026611328
Car -1 -1 -10 515.0 173.0 588.0 208.0 -1 -1 -1 -1000 -1000 -1000 -10 0.0001264810562133789
Car -1 -1 -10 1174.0 134.0 1240.0 299.0 -1 -1 -1 -1000 -1000 -1000 -10 0.00012600421905517578
Car -1 -1 -10 385.0 189.0 442.0 211.0 -1 -1 -1 -1000 -1000 -1000 -10 0.00012481212615966797
Car -1 -1 -10 1182.0 166.0 1242.0 375.0 -1 -1 -1 -1000 -1000 -1000 -10 0.0001226663589477539
Car -1 -1 -10 709.0 0.0 749.0 3.0 -1 -1 -1 -1000 -1000 -1000 -10 0.00012242794036865234
Car -1 -1 -10 366.0 189.0 422.0 207.0 -1 -1 -1 -1000 -1000 -1000 -10 0.00012034177780151367
Car -1 -1 -10 0.0 218.0 50.0 373.0 -1 -1 -1 -1000 -1000 -1000 -10 0.00011354684829711914
Car -1 -1 -10 698.0 0.0 739.0 0.0 -1 -1 -1 -1000 -1000 -1000 -10 0.00011098384857177734
Car -1 -1 -10 1024.0 166.0 1102.0 206.0 -1 -1 -1 -1000 -1000 -1000 -10 0.0001099705696105957
Car -1 -1 -10 751.0 187.0 800.0 247.0 -1 -1 -1 -1000 -1000 -1000 -10 0.0001093745231628418
Car -1 -1 -10 0.0 185.0 40.0 340.0 -1 -1 -1 -1000 -1000 -1000 -10 0.00010704994201660156
Car -1 -1 -10 1211.0 216.0 1242.0 354.0 -1 -1 -1 -1000 -1000 -1000 -10 0.00010579824447631836
Car -1 -1 -10 1230.0 117.0 1242.0 210.0 -1 -1 -1 -1000 -1000 -1000 -10 0.0001055002212524414
Car -1 -1 -10 1204.0 67.0 1242.0 258.0 -1 -1 -1 -1000 -1000 -1000 -10 0.00010520219802856445
Car -1 -1 -10 1207.0 89.0 1242.0 233.0 -1 -1 -1 -1000 -1000 -1000 -10 0.00010251998901367188
Car -1 -1 -10 707.0 170.0 770.0 192.0 -1 -1 -1 -1000 -1000 -1000 -10 0.0001004338264465332
