Car -1 -1 -10 523.0 181.0 566.0 214.0 -1 -1 -1 -1000 -1000 -1000 -10 0.974609375
Car -1 -1 -10 550.0 180.0 582.0 206.0 -1 -1 -1 -1000 -1000 -1000 -10 0.6240234375
Car -1 -1 -10 555.0 180.0 584.0 205.0 -1 -1 -1 -1000 -1000 -1000 -10 0.0007505416870117188
Car -1 -1 -10 518.0 165.0 572.0 222.0 -1 -1 -1 -1000 -1000 -1000 -10 0.000713348388671875
Car -1 -1 -10 519.0 167.0 579.0 230.0 -1 -1 -1 -1000 -1000 -1000 -10 0.0006871223449707031
Car -1 -1 -10 512.0 168.0 572.0 230.0 -1 -1 -1 -1000 -1000 -1000 -10 0.0006647109985351562
Car -1 -1 -10 541.0 178.0 584.0 209.0 -1 -1 -1 -1000 -1000 -1000 -10 0.0004012584686279297
Car -1 -1 -10 440.0 136.0 613.0 274.0 -1 -1 -1 -1000 -1000 -1000 -10 0.000400543212890625
Car -1 -1 -10 477.0 125.0 632.0 244.0 -1 -1 -1 -1000 -1000 -1000 -10 0.00037598609924316406
Car -1 -1 -10 472.0 133.0 639.0 277.0 -1 -1 -1 -1000 -1000 -1000 -10 0.0003292560577392578
Car -1 -1 -10 1007.0 103.0 1036.0 140.0 -1 -1 -1 -1000 -1000 -1000 -10 0.0002498626708984375
Car -1 -1 -10 547.0 176.0 582.0 212.0 -1 -1 -1 -1000 -1000 -1000 -10 0.0002282857894897461
Car -1 -1 -10 553.0 182.0 583.0 206.0 -1 -1 -1 -1000 -1000 -1000 -10 0.00017940998077392578
Car -1 -1 -10 556.0 178.0 582.0 200.0 -1 -1 -1 -1000 -1000 -1000 -10 0.00012505054473876953
