Car -1 -1 -10 786.0 179.0 1067.0 334.0 -1 -1 -1 -1000 -1000 -1000 -10 0.96826171875
Car -1 -1 -10 940.0 203.0 1223.0 368.0 -1 -1 -1 -1000 -1000 -1000 -10 0.96533203125
Car -1 -1 -10 172.0 167.0 299.0 230.0 -1 -1 -1 -1000 -1000 -1000 -10 0.962890625
Car -1 -1 -10 696.0 174.0 755.0 230.0 -1 -1 -1 -1000 -1000 -1000 -10 0.9287109375
Car -1 -1 -10 478.0 175.0 514.0 195.0 -1 -1 -1 -1000 -1000 -1000 -10 0.912109375
Car -1 -1 -10 655.0 176.0 681.0 199.0 -1 -1 -1 -1000 -1000 -1000 -10 0.88134765625
Car -1 -1 -10 683.0 176.0 739.0 221.0 -1 -1 -1 -1000 -1000 -1000 -10 0.8779296875
Car -1 -1 -10 687.0 174.0 752.0 226.0 -1 -1 -1 -1000 -1000 -1000 -10 0.82568359375
Car -1 -1 -10 670.0 177.0 713.0 210.0 -1 -1 -1 -1000 -1000 -1000 -10 0.78857421875
Car -1 -1 -10 674.0 176.0 727.0 216.0 -1 -1 -1 -1000 -1000 -1000 -10 0.77587890625
Car -1 -1 -10 660.0 177.0 688.0 202.0 -1 -1 -1 -1000 -1000 -1000 -10 0.60595703125
Car -1 -1 -10 673.0 177.0 720.0 213.0 -1 -1 -1 -1000 -1000 -1000 -10 0.54736328125
Car -1 -1 -10 663.0 178.0 694.0 205.0 -1 -1 -1 -1000 -1000 -1000 -10 0.1318359375
Car -1 -1 -10 679.0 174.0 736.0 215.0 -1 -1 -1 -1000 -1000 -1000 -10 0.06536865234375
Car -1 -1 -10 694.0 174.0 744.0 223.0 -1 -1 -1 -1000 -1000 -1000 -10 0.0201416015625
Car -1 -1 -10 655.0 179.0 682.0 201.0 -1 -1 -1 -1000 -1000 -1000 -10 0.01419830322265625
Car -1 -1 -10 685.0 178.0 733.0 223.0 -1 -1 -1 -1000 -1000 -1000 -10 0.006282806396484375
Car -1 -1 -10 655.0 175.0 678.0 196.0 -1 -1 -1 -1000 -1000 -1000 -10 0.005588531494140625
Car -1 -1 -10 688.0 166.0 754.0 233.0 -1 -1 -1 -1000 -1000 -1000 -10 0.004047393798828125
Car -1 -1 -10 694.0 170.0 758.0 235.0 -1 -1 -1 -1000 -1000 -1000 -10 0.0019006729125976562
Car -1 -1 -10 670.0 174.0 707.0 205.0 -1 -1 -1 -1000 -1000 -1000 -10 0.001697540283203125
Car -1 -1 -10 701.0 174.0 751.0 224.0 -1 -1 -1 -1000 -1000 -1000 -10 0.0012464523315429688
Car -1 -1 -10 693.0 179.0 753.0 234.0 -1 -1 -1 -1000 -1000 -1000 -10 0.0010042190551757812
Car -1 -1 -10 477.0 172.0 516.0 203.0 -1 -1 -1 -1000 -1000 -1000 -10 0.0009136199951171875
Car -1 -1 -10 160.0 149.0 309.0 252.0 -1 -1 -1 -1000 -1000 -1000 -10 0.0008668899536132812
Car -1 -1 -10 1017.0 208.0 1133.0 354.0 -1 -1 -1 -1000 -1000 -1000 -10 0.0007596015930175781
Car -1 -1 -10 0.0 184.0 13.0 293.0 -1 -1 -1 -1000 -1000 -1000 -10 0.0007419586181640625
Car -1 -1 -10 0.0 179.0 15.0 289.0 -1 -1 -1 -1000 -1000 -1000 -10 0.0006718635559082031
Car -1 -1 -10 0.0 181.0 12.0 276.0 -1 -1 -1 -1000 -1000 -1000 -10 0.0006647109985351562
Car -1 -1 -10 667.0 166.0 734.0 232.0 -1 -1 -1 -1000 -1000 -1000 -10 0.000652313232421875
Car -1 -1 -10 648.0 176.0 674.0 197.0 -1 -1 -1 -1000 -1000 -1000 -10 0.0006356239318847656
Car -1 -1 -10 1030.0 211.0 1146.0 350.0 -1 -1 -1 -1000 -1000 -1000 -10 0.0006170272827148438
Car -1 -1 -10 483.0 176.0 520.0 195.0 -1 -1 -1 -1000 -1000 -1000 -10 0.0005335807800292969
Car -1 -1 -10 687.0 172.0 745.0 217.0 -1 -1 -1 -1000 -1000 -1000 -10 0.0005006790161132812
Car -1 -1 -10 655.0 170.0 683.0 203.0 -1 -1 -1 -1000 -1000 -1000 -10 0.0004925727844238281
Car -1 -1 -10 657.0 174.0 687.0 210.0 -1 -1 -1 -1000 -1000 -1000 -10 0.00044989585876464844
Car -1 -1 -10 605.0 136.0 776.0 271.0 -1 -1 -1 -1000 -1000 -1000 -10 0.0004258155822753906
Car -1 -1 -10 0.0 185.0 14.0 272.0 -1 -1 -1 -1000 -1000 -1000 -10 0.0003414154052734375
Car -1 -1 -10 661.0 160.0 724.0 221.0 -1 -1 -1 -1000 -1000 -1000 -10 0.00033593177795410156
Car -1 -1 -10 643.0 141.0 789.0 250.0 -1 -1 -1 -1000 -1000 -1000 -10 0.0003306865692138672
Car -1 -1 -10 0.0 179.0 18.0 323.0 -1 -1 -1 -1000 -1000 -1000 -10 0.00031876564025878906
Car -1 -1 -10 598.0 123.0 771.0 244.0 -1 -1 -1 -1000 -1000 -1000 -10 0.00030112266540527344
Car -1 -1 -10 667.0 141.0 812.0 269.0 -1 -1 -1 -1000 -1000 -1000 -10 0.0002846717834472656
Car -1 -1 -10 477.0 169.0 514.0 198.0 -1 -1 -1 -1000 -1000 -1000 -10 0.0002772808074951172
Car -1 -1 -10 485.0 173.0 521.0 194.0 -1 -1 -1 -1000 -1000 -1000 -10 0.00022983551025390625
Car -1 -1 -10 0.0 176.0 22.0 292.0 -1 -1 -1 -1000 -1000 -1000 -10 0.00019884109497070312
Car -1 -1 -10 1207.0 177.0 1223.0 294.0 -1 -1 -1 -1000 -1000 -1000 -10 0.00018584728240966797
Car -1 -1 -10 0.0 182.0 17.0 258.0 -1 -1 -1 -1000 -1000 -1000 -10 0.00017821788787841797
Car -1 -1 -10 872.0 187.0 984.0 319.0 -1 -1 -1 -1000 -1000 -1000 -10 0.00017559528350830078
Car -1 -1 -10 1205.0 183.0 1224.0 323.0 -1 -1 -1 -1000 -1000 -1000 -10 0.00016832351684570312
Car -1 -1 -10 632.0 140.0 803.0 272.0 -1 -1 -1 -1000 -1000 -1000 -10 0.0001628398895263672
Car -1 -1 -10 1206.0 171.0 1224.0 267.0 -1 -1 -1 -1000 -1000 -1000 -10 0.00014138221740722656
Car -1 -1 -10 0.0 170.0 11.0 254.0 -1 -1 -1 -1000 -1000 -1000 -10 0.00013744831085205078
Car -1 -1 -10 0.0 177.0 23.0 325.0 -1 -1 -1 -1000 -1000 -1000 -10 0.00013434886932373047
Car -1 -1 -10 207.0 168.0 252.0 224.0 -1 -1 -1 -1000 -1000 -1000 -10 0.00013399124145507812
Car -1 -1 -10 0.0 192.0 11.0 248.0 -1 -1 -1 -1000 -1000 -1000 -10 0.00011682510375976562
Car -1 -1 -10 0.0 186.0 18.0 291.0 -1 -1 -1 -1000 -1000 -1000 -10 0.00010979175567626953
Car -1 -1 -10 216.0 168.0 263.0 223.0 -1 -1 -1 -1000 -1000 -1000 -10 0.0001016855239868164
