Car -1 -1 -10 481.0 177.0 538.0 199.0 -1 -1 -1 -1000 -1000 -1000 -10 0.91845703125
Car -1 -1 -10 430.0 177.0 485.0 198.0 -1 -1 -1 -1000 -1000 -1000 -10 0.001651763916015625
Car -1 -1 -10 0.0 222.0 25.0 375.0 -1 -1 -1 -1000 -1000 -1000 -10 0.0016078948974609375
Car -1 -1 -10 479.0 174.0 531.0 199.0 -1 -1 -1 -1000 -1000 -1000 -10 0.00112152099609375
Car -1 -1 -10 0.0 204.0 13.0 261.0 -1 -1 -1 -1000 -1000 -1000 -10 0.0010671615600585938
Car -1 -1 -10 0.0 250.0 24.0 375.0 -1 -1 -1 -1000 -1000 -1000 -10 0.0009317398071289062
Car -1 -1 -10 1.0 204.0 26.0 369.0 -1 -1 -1 -1000 -1000 -1000 -10 0.000911712646484375
Car -1 -1 -10 478.0 172.0 539.0 203.0 -1 -1 -1 -1000 -1000 -1000 -10 0.000823974609375
Car -1 -1 -10 0.0 209.0 12.0 256.0 -1 -1 -1 -1000 -1000 -1000 -10 0.000713348388671875
Car -1 -1 -10 1.0 208.0 21.0 320.0 -1 -1 -1 -1000 -1000 -1000 -10 0.0006680488586425781
Car -1 -1 -10 0.0 198.0 12.0 253.0 -1 -1 -1 -1000 -1000 -1000 -10 0.0006542205810546875
Car -1 -1 -10 0.0 204.0 16.0 273.0 -1 -1 -1 -1000 -1000 -1000 -10 0.0006527900695800781
Car -1 -1 -10 430.0 179.0 483.0 201.0 -1 -1 -1 -1000 -1000 -1000 -10 0.0006251335144042969
Car -1 -1 -10 0.0 204.0 14.0 281.0 -1 -1 -1 -1000 -1000 -1000 -10 0.0005612373352050781
Car -1 -1 -10 0.0 216.0 29.0 375.0 -1 -1 -1 -1000 -1000 -1000 -10 0.0005340576171875
Car -1 -1 -10 0.0 203.0 11.0 248.0 -1 -1 -1 -1000 -1000 -1000 -10 0.00048089027404785156
Car -1 -1 -10 0.0 210.0 15.0 299.0 -1 -1 -1 -1000 -1000 -1000 -10 0.0004665851593017578
Car -1 -1 -10 0.0 202.0 25.0 326.0 -1 -1 -1 -1000 -1000 -1000 -10 0.00037407875061035156
Car -1 -1 -10 428.0 174.0 481.0 199.0 -1 -1 -1 -1000 -1000 -1000 -10 0.0003559589385986328
Car -1 -1 -10 0.0 198.0 13.0 252.0 -1 -1 -1 -1000 -1000 -1000 -10 0.000339508056640625
Car -1 -1 -10 0.0 243.0 20.0 368.0 -1 -1 -1 -1000 -1000 -1000 -10 0.00029206275939941406
Car -1 -1 -10 0.0 243.0 26.0 366.0 -1 -1 -1 -1000 -1000 -1000 -10 0.0002613067626953125
Car -1 -1 -10 0.0 215.0 13.0 269.0 -1 -1 -1 -1000 -1000 -1000 -10 0.0002225637435913086
Car -1 -1 -10 0.0 206.0 23.0 271.0 -1 -1 -1 -1000 -1000 -1000 -10 0.00021469593048095703
Car -1 -1 -10 432.0 178.0 478.0 199.0 -1 -1 -1 -1000 -1000 -1000 -10 0.00020194053649902344
Car -1 -1 -10 0.0 198.0 23.0 282.0 -1 -1 -1 -1000 -1000 -1000 -10 0.00019359588623046875
Car -1 -1 -10 0.0 190.0 11.0 242.0 -1 -1 -1 -1000 -1000 -1000 -10 0.00018703937530517578
Car -1 -1 -10 2.0 208.0 18.0 254.0 -1 -1 -1 -1000 -1000 -1000 -10 0.0001609325408935547
Car -1 -1 -10 0.0 233.0 19.0 357.0 -1 -1 -1 -1000 -1000 -1000 -10 0.0001590251922607422
Car -1 -1 -10 1.0 213.0 20.0 296.0 -1 -1 -1 -1000 -1000 -1000 -10 0.0001569986343383789
Car -1 -1 -10 1.0 254.0 31.0 375.0 -1 -1 -1 -1000 -1000 -1000 -10 0.00015652179718017578
Car -1 -1 -10 0.0 268.0 19.0 375.0 -1 -1 -1 -1000 -1000 -1000 -10 0.00013518333435058594
Car -1 -1 -10 0.0 195.0 11.0 237.0 -1 -1 -1 -1000 -1000 -1000 -10 0.00013256072998046875
Car -1 -1 -10 0.0 238.0 42.0 375.0 -1 -1 -1 -1000 -1000 -1000 -10 0.0001232624053955078
Car -1 -1 -10 0.0 208.0 28.0 314.0 -1 -1 -1 -1000 -1000 -1000 -10 0.00011903047561645508
Car -1 -1 -10 0.0 269.0 26.0 375.0 -1 -1 -1 -1000 -1000 -1000 -10 0.00011855363845825195
Car -1 -1 -10 0.0 218.0 17.0 308.0 -1 -1 -1 -1000 -1000 -1000 -10 0.00011330842971801758
Car -1 -1 -10 2.0 199.0 19.0 249.0 -1 -1 -1 -1000 -1000 -1000 -10 0.00011265277862548828
Car -1 -1 -10 1.0 217.0 21.0 309.0 -1 -1 -1 -1000 -1000 -1000 -10 0.00010901689529418945
Car -1 -1 -10 2.0 207.0 19.0 275.0 -1 -1 -1 -1000 -1000 -1000 -10 0.00010859966278076172
