Car -1 -1 -10 357.0 183.0 395.0 205.0 -1 -1 -1 -1000 -1000 -1000 -10 0.9453125
Car -1 -1 -10 533.0 184.0 564.0 207.0 -1 -1 -1 -1000 -1000 -1000 -10 0.93115234375
Car -1 -1 -10 582.0 185.0 616.0 212.0 -1 -1 -1 -1000 -1000 -1000 -10 0.92236328125
Car -1 -1 -10 596.0 170.0 618.0 200.0 -1 -1 -1 -1000 -1000 -1000 -10 0.8984375
Car -1 -1 -10 595.0 173.0 618.0 201.0 -1 -1 -1 -1000 -1000 -1000 -10 0.466064453125
Car -1 -1 -10 594.0 169.0 616.0 198.0 -1 -1 -1 -1000 -1000 -1000 -10 0.0107574462890625
Car -1 -1 -10 597.0 168.0 619.0 196.0 -1 -1 -1 -1000 -1000 -1000 -10 0.0097503662109375
Car -1 -1 -10 601.0 175.0 624.0 205.0 -1 -1 -1 -1000 -1000 -1000 -10 0.0012912750244140625
Car -1 -1 -10 533.0 186.0 564.0 210.0 -1 -1 -1 -1000 -1000 -1000 -10 0.0012617111206054688
Car -1 -1 -10 533.0 181.0 564.0 211.0 -1 -1 -1 -1000 -1000 -1000 -10 0.0008406639099121094
Car -1 -1 -10 354.0 1.0 416.0 59.0 -1 -1 -1 -1000 -1000 -1000 -10 0.000820159912109375
Car -1 -1 -10 356.0 180.0 396.0 211.0 -1 -1 -1 -1000 -1000 -1000 -10 0.0007696151733398438
Car -1 -1 -10 603.0 170.0 623.0 198.0 -1 -1 -1 -1000 -1000 -1000 -10 0.0006742477416992188
Car -1 -1 -10 538.0 182.0 563.0 201.0 -1 -1 -1 -1000 -1000 -1000 -10 0.0005183219909667969
Car -1 -1 -10 581.0 181.0 617.0 215.0 -1 -1 -1 -1000 -1000 -1000 -10 0.0004825592041015625
Car -1 -1 -10 353.0 182.0 391.0 205.0 -1 -1 -1 -1000 -1000 -1000 -10 0.00047659873962402344
Car -1 -1 -10 0.0 172.0 22.0 312.0 -1 -1 -1 -1000 -1000 -1000 -10 0.00043487548828125
Car -1 -1 -10 583.0 178.0 619.0 214.0 -1 -1 -1 -1000 -1000 -1000 -10 0.0004165172576904297
Car -1 -1 -10 1.0 164.0 20.0 278.0 -1 -1 -1 -1000 -1000 -1000 -10 0.0003631114959716797
Car -1 -1 -10 534.0 181.0 561.0 203.0 -1 -1 -1 -1000 -1000 -1000 -10 0.00035881996154785156
Car -1 -1 -10 0.0 186.0 22.0 329.0 -1 -1 -1 -1000 -1000 -1000 -10 0.00035381317138671875
Car -1 -1 -10 596.0 166.0 620.0 203.0 -1 -1 -1 -1000 -1000 -1000 -10 0.00029087066650390625
Car -1 -1 -10 1.0 165.0 26.0 319.0 -1 -1 -1 -1000 -1000 -1000 -10 0.00027823448181152344
Car -1 -1 -10 344.0 1.0 410.0 59.0 -1 -1 -1 -1000 -1000 -1000 -10 0.0002734661102294922
Car -1 -1 -10 1217.0 198.0 1242.0 368.0 -1 -1 -1 -1000 -1000 -1000 -10 0.00021409988403320312
Car -1 -1 -10 1.0 158.0 25.0 285.0 -1 -1 -1 -1000 -1000 -1000 -10 0.00020587444305419922
Car -1 -1 -10 1214.0 218.0 1242.0 374.0 -1 -1 -1 -1000 -1000 -1000 -10 0.00020313262939453125
Car -1 -1 -10 585.0 184.0 622.0 213.0 -1 -1 -1 -1000 -1000 -1000 -10 0.00018739700317382812
Car -1 -1 -10 1.0 158.0 20.0 259.0 -1 -1 -1 -1000 -1000 -1000 -10 0.00017821788787841797
Car -1 -1 -10 594.0 164.0 618.0 204.0 -1 -1 -1 -1000 -1000 -1000 -10 0.00016582012176513672
Car -1 -1 -10 599.0 164.0 618.0 189.0 -1 -1 -1 -1000 -1000 -1000 -10 0.00016307830810546875
Cyclist -1 -1 -10 1223.0 185.0 1242.0 337.0 -1 -1 -1 -1000 -1000 -1000 -10 0.00014603137969970703
Car -1 -1 -10 350.0 5.0 421.0 62.0 -1 -1 -1 -1000 -1000 -1000 -10 0.00014281272888183594
Car -1 -1 -10 582.0 182.0 602.0 202.0 -1 -1 -1 -1000 -1000 -1000 -10 0.00013649463653564453
Car -1 -1 -10 0.0 195.0 25.0 356.0 -1 -1 -1 -1000 -1000 -1000 -10 0.00012862682342529297
Car -1 -1 -10 0.0 193.0 16.0 316.0 -1 -1 -1 -1000 -1000 -1000 -10 0.0001232624053955078
Car -1 -1 -10 0.0 192.0 25.0 318.0 -1 -1 -1 -1000 -1000 -1000 -10 0.00012314319610595703
Cyclist -1 -1 -10 1225.0 182.0 1242.0 299.0 -1 -1 -1 -1000 -1000 -1000 -10 0.00011742115020751953
Car -1 -1 -10 1204.0 195.0 1242.0 374.0 -1 -1 -1 -1000 -1000 -1000 -10 0.0001169443130493164
Car -1 -1 -10 602.0 183.0 618.0 204.0 -1 -1 -1 -1000 -1000 -1000 -10 0.00011605024337768555
Car -1 -1 -10 582.0 175.0 602.0 196.0 -1 -1 -1 -1000 -1000 -1000 -10 0.00011557340621948242
Car -1 -1 -10 1.0 172.0 15.0 272.0 -1 -1 -1 -1000 -1000 -1000 -10 0.00011080503463745117
Car -1 -1 -10 580.0 187.0 605.0 209.0 -1 -1 -1 -1000 -1000 -1000 -10 0.00010597705841064453
Car -1 -1 -10 0.0 181.0 37.0 341.0 -1 -1 -1 -1000 -1000 -1000 -10 0.00010454654693603516
Car -1 -1 -10 339.0 4.0 419.0 63.0 -1 -1 -1 -1000 -1000 -1000 -10 0.00010120868682861328
