Car -1 -1 -10 433.0 183.0 491.0 239.0 -1 -1 -1 -1000 -1000 -1000 -10 0.9423828125
Car -1 -1 -10 450.0 183.0 487.0 214.0 -1 -1 -1 -1000 -1000 -1000 -10 0.76806640625
Car -1 -1 -10 438.0 185.0 487.0 231.0 -1 -1 -1 -1000 -1000 -1000 -10 0.640625
Car -1 -1 -10 443.0 185.0 486.0 221.0 -1 -1 -1 -1000 -1000 -1000 -10 0.414306640625
Car -1 -1 -10 440.0 183.0 481.0 215.0 -1 -1 -1 -1000 -1000 -1000 -10 0.406005859375
Car -1 -1 -10 445.0 184.0 483.0 213.0 -1 -1 -1 -1000 -1000 -1000 -10 0.3974609375
Car -1 -1 -10 436.0 185.0 479.0 217.0 -1 -1 -1 -1000 -1000 -1000 -10 0.0181121826171875
Car -1 -1 -10 453.0 186.0 490.0 214.0 -1 -1 -1 -1000 -1000 -1000 -10 0.01325225830078125
Car -1 -1 -10 648.0 115.0 667.0 134.0 -1 -1 -1 -1000 -1000 -1000 -10 0.0032024383544921875
Pedestrian -1 -1 -10 1.0 146.0 37.0 375.0 -1 -1 -1 -1000 -1000 -1000 -10 0.0030422210693359375
Car -1 -1 -10 647.0 115.0 669.0 135.0 -1 -1 -1 -1000 -1000 -1000 -10 0.0026760101318359375
Pedestrian -1 -1 -10 1.0 144.0 49.0 375.0 -1 -1 -1 -1000 -1000 -1000 -10 0.00258636474609375
Car -1 -1 -10 446.0 179.0 485.0 215.0 -1 -1 -1 -1000 -1000 -1000 -10 0.002162933349609375
Pedestrian -1 -1 -10 1.0 131.0 57.0 373.0 -1 -1 -1 -1000 -1000 -1000 -10 0.0018367767333984375
Pedestrian -1 -1 -10 0.0 134.0 32.0 358.0 -1 -1 -1 -1000 -1000 -1000 -10 0.0018358230590820312
Car -1 -1 -10 429.0 178.0 492.0 244.0 -1 -1 -1 -1000 -1000 -1000 -10 0.0012426376342773438
Car -1 -1 -10 649.0 124.0 667.0 142.0 -1 -1 -1 -1000 -1000 -1000 -10 0.0011739730834960938
Car -1 -1 -10 646.0 123.0 669.0 142.0 -1 -1 -1 -1000 -1000 -1000 -10 0.0010366439819335938
Pedestrian -1 -1 -10 2.0 92.0 52.0 361.0 -1 -1 -1 -1000 -1000 -1000 -10 0.0007266998291015625
Pedestrian -1 -1 -10 0.0 166.0 32.0 375.0 -1 -1 -1 -1000 -1000 -1000 -10 0.0006351470947265625
Car -1 -1 -10 1133.0 119.0 1242.0 280.0 -1 -1 -1 -1000 -1000 -1000 -10 0.000629425048828125
Pedestrian -1 -1 -10 1.0 123.0 26.0 328.0 -1 -1 -1 -1000 -1000 -1000 -10 0.000530242919921875
Car -1 -1 -10 1169.0 128.0 1241.0 280.0 -1 -1 -1 -1000 -1000 -1000 -10 0.00046753883361816406
Pedestrian -1 -1 -10 2.0 105.0 34.0 345.0 -1 -1 -1 -1000 -1000 -1000 -10 0.00045680999755859375
Car -1 -1 -10 1136.0 137.0 1242.0 264.0 -1 -1 -1 -1000 -1000 -1000 -10 0.000446319580078125
Car -1 -1 -10 1175.0 108.0 1242.0 289.0 -1 -1 -1 -1000 -1000 -1000 -10 0.00043392181396484375
Car -1 -1 -10 1144.0 153.0 1242.0 238.0 -1 -1 -1 -1000 -1000 -1000 -10 0.0004241466522216797
Car -1 -1 -10 369.0 150.0 524.0 274.0 -1 -1 -1 -1000 -1000 -1000 -10 0.0003254413604736328
Car -1 -1 -10 647.0 116.0 670.0 138.0 -1 -1 -1 -1000 -1000 -1000 -10 0.000286102294921875
Car -1 -1 -10 448.0 185.0 491.0 224.0 -1 -1 -1 -1000 -1000 -1000 -10 0.0002758502960205078
Car -1 -1 -10 1139.0 120.0 1242.0 252.0 -1 -1 -1 -1000 -1000 -1000 -10 0.0002751350402832031
Car -1 -1 -10 1143.0 133.0 1242.0 358.0 -1 -1 -1 -1000 -1000 -1000 -10 0.00026345252990722656
Car -1 -1 -10 1160.0 150.0 1242.0 239.0 -1 -1 -1 -1000 -1000 -1000 -10 0.0002601146697998047
Car -1 -1 -10 1113.0 144.0 1242.0 258.0 -1 -1 -1 -1000 -1000 -1000 -10 0.0002589225769042969
Car -1 -1 -10 1124.0 157.0 1242.0 234.0 -1 -1 -1 -1000 -1000 -1000 -10 0.0002505779266357422
Car -1 -1 -10 1175.0 136.0 1241.0 261.0 -1 -1 -1 -1000 -1000 -1000 -10 0.0002505779266357422
Car -1 -1 -10 1171.0 100.0 1240.0 266.0 -1 -1 -1 -1000 -1000 -1000 -10 0.0002491474151611328
Car -1 -1 -10 393.0 146.0 550.0 274.0 -1 -1 -1 -1000 -1000 -1000 -10 0.00023293495178222656
Car -1 -1 -10 648.0 132.0 669.0 149.0 -1 -1 -1 -1000 -1000 -1000 -10 0.0002193450927734375
Car -1 -1 -10 1137.0 144.0 1242.0 287.0 -1 -1 -1 -1000 -1000 -1000 -10 0.0002084970474243164
Car -1 -1 -10 1137.0 90.0 1242.0 265.0 -1 -1 -1 -1000 -1000 -1000 -10 0.00020229816436767578
Car -1 -1 -10 1179.0 139.0 1242.0 289.0 -1 -1 -1 -1000 -1000 -1000 -10 0.00020122528076171875
Car -1 -1 -10 1172.0 133.0 1242.0 362.0 -1 -1 -1 -1000 -1000 -1000 -10 0.0001939535140991211
Car -1 -1 -10 646.0 124.0 669.0 149.0 -1 -1 -1 -1000 -1000 -1000 -10 0.0001856088638305664
Car -1 -1 -10 650.0 132.0 667.0 149.0 -1 -1 -1 -1000 -1000 -1000 -10 0.00017654895782470703
Pedestrian -1 -1 -10 3.0 94.0 75.0 361.0 -1 -1 -1 -1000 -1000 -1000 -10 0.0001685619354248047
Pedestrian -1 -1 -10 1.0 146.0 76.0 375.0 -1 -1 -1 -1000 -1000 -1000 -10 0.0001571178436279297
Pedestrian -1 -1 -10 0.0 128.0 17.0 283.0 -1 -1 -1 -1000 -1000 -1000 -10 0.00015163421630859375
Car -1 -1 -10 1113.0 118.0 1242.0 255.0 -1 -1 -1 -1000 -1000 -1000 -10 0.00015151500701904297
Car -1 -1 -10 1185.0 144.0 1242.0 373.0 -1 -1 -1 -1000 -1000 -1000 -10 0.00014841556549072266
Pedestrian -1 -1 -10 2.0 123.0 52.0 329.0 -1 -1 -1 -1000 -1000 -1000 -10 0.00014317035675048828
Car -1 -1 -10 1164.0 152.0 1241.0 253.0 -1 -1 -1 -1000 -1000 -1000 -10 0.0001424551010131836
Car -1 -1 -10 1111.0 151.0 1242.0 278.0 -1 -1 -1 -1000 -1000 -1000 -10 0.00012350082397460938
Pedestrian -1 -1 -10 0.0 134.0 33.0 316.0 -1 -1 -1 -1000 -1000 -1000 -10 0.00012165307998657227
Pedestrian -1 -1 -10 4.0 109.0 57.0 286.0 -1 -1 -1 -1000 -1000 -1000 -10 0.00012040138244628906
Pedestrian -1 -1 -10 0.0 148.0 11.0 243.0 -1 -1 -1 -1000 -1000 -1000 -10 0.00011873245239257812
Car -1 -1 -10 439.0 180.0 494.0 236.0 -1 -1 -1 -1000 -1000 -1000 -10 0.00010865926742553711
