Car -1 -1 -10 339.0 195.0 496.0 292.0 -1 -1 -1 -1000 -1000 -1000 -10 0.9677734375
Car -1 -1 -10 597.0 178.0 620.0 201.0 -1 -1 -1 -1000 -1000 -1000 -10 0.95166015625
Car -1 -1 -10 596.0 175.0 620.0 198.0 -1 -1 -1 -1000 -1000 -1000 -10 0.0011615753173828125
Car -1 -1 -10 596.0 175.0 621.0 207.0 -1 -1 -1 -1000 -1000 -1000 -10 0.0009479522705078125
Pedestrian -1 -1 -10 941.0 0.0 968.0 2.0 -1 -1 -1 -1000 -1000 -1000 -10 0.00020074844360351562
Pedestrian -1 -1 -10 938.0 0.0 973.0 2.0 -1 -1 -1 -1000 -1000 -1000 -10 0.00019884109497070312
Pedestrian -1 -1 -10 664.0 0.0 690.0 0.0 -1 -1 -1 -1000 -1000 -1000 -10 0.00015282630920410156
Car -1 -1 -10 602.0 338.0 730.0 373.0 -1 -1 -1 -1000 -1000 -1000 -10 0.00013124942779541016
Car -1 -1 -10 594.0 178.0 616.0 199.0 -1 -1 -1 -1000 -1000 -1000 -10 0.00012969970703125
Pedestrian -1 -1 -10 952.0 0.0 976.0 3.0 -1 -1 -1 -1000 -1000 -1000 -10 0.0001017451286315918
