Car -1 -1 -10 0.0 164.0 241.0 373.0 -1 -1 -1 -1000 -1000 -1000 -10 0.95947265625
Pedestrian -1 -1 -10 801.0 165.0 831.0 239.0 -1 -1 -1 -1000 -1000 -1000 -10 0.892578125
Pedestrian -1 -1 -10 762.0 168.0 778.0 217.0 -1 -1 -1 -1000 -1000 -1000 -10 0.70849609375
Pedestrian -1 -1 -10 748.0 165.0 767.0 218.0 -1 -1 -1 -1000 -1000 -1000 -10 0.69482421875
Pedestrian -1 -1 -10 752.0 166.0 774.0 219.0 -1 -1 -1 -1000 -1000 -1000 -10 0.53173828125
Pedestrian -1 -1 -10 764.0 170.0 778.0 218.0 -1 -1 -1 -1000 -1000 -1000 -10 0.385498046875
Pedestrian -1 -1 -10 744.0 166.0 762.0 216.0 -1 -1 -1 -1000 -1000 -1000 -10 0.341796875
Pedestrian -1 -1 -10 750.0 167.0 768.0 221.0 -1 -1 -1 -1000 -1000 -1000 -10 0.298095703125
Pedestrian -1 -1 -10 745.0 166.0 770.0 218.0 -1 -1 -1 -1000 -1000 -1000 -10 0.1759033203125
Pedestrian -1 -1 -10 804.0 169.0 829.0 233.0 -1 -1 -1 -1000 -1000 -1000 -10 0.059173583984375
Pedestrian -1 -1 -10 740.0 167.0 757.0 215.0 -1 -1 -1 -1000 -1000 -1000 -10 0.043487548828125
Pedestrian -1 -1 -10 760.0 167.0 779.0 218.0 -1 -1 -1 -1000 -1000 -1000 -10 0.0151824951171875
Pedestrian -1 -1 -10 742.0 165.0 759.0 212.0 -1 -1 -1 -1000 -1000 -1000 -10 0.013092041015625
Pedestrian -1 -1 -10 764.0 177.0 778.0 222.0 -1 -1 -1 -1000 -1000 -1000 -10 0.007537841796875
Pedestrian -1 -1 -10 807.0 165.0 840.0 237.0 -1 -1 -1 -1000 -1000 -1000 -10 0.006717681884765625
Pedestrian -1 -1 -10 1217.0 160.0 1242.0 375.0 -1 -1 -1 -1000 -1000 -1000 -10 0.005306243896484375
Pedestrian -1 -1 -10 767.0 176.0 778.0 220.0 -1 -1 -1 -1000 -1000 -1000 -10 0.003910064697265625
Pedestrian -1 -1 -10 752.0 175.0 768.0 224.0 -1 -1 -1 -1000 -1000 -1000 -10 0.0035495758056640625
Pedestrian -1 -1 -10 1214.0 176.0 1242.0 375.0 -1 -1 -1 -1000 -1000 -1000 -10 0.0031719207763671875
Pedestrian -1 -1 -10 1201.0 155.0 1241.0 375.0 -1 -1 -1 -1000 -1000 -1000 -10 0.003116607666015625
Pedestrian -1 -1 -10 803.0 166.0 831.0 226.0 -1 -1 -1 -1000 -1000 -1000 -10 0.003002166748046875
Pedestrian -1 -1 -10 800.0 168.0 840.0 237.0 -1 -1 -1 -1000 -1000 -1000 -10 0.0029201507568359375
Pedestrian -1 -1 -10 740.0 163.0 761.0 214.0 -1 -1 -1 -1000 -1000 -1000 -10 0.0023250579833984375
Pedestrian -1 -1 -10 739.0 173.0 754.0 218.0 -1 -1 -1 -1000 -1000 -1000 -10 0.0014486312866210938
Car -1 -1 -10 0.0 214.0 26.0 368.0 -1 -1 -1 -1000 -1000 -1000 -10 0.0011148452758789062
Pedestrian -1 -1 -10 800.0 167.0 825.0 238.0 -1 -1 -1 -1000 -1000 -1000 -10 0.0010805130004882812
Car -1 -1 -10 55.0 166.0 180.0 364.0 -1 -1 -1 -1000 -1000 -1000 -10 0.000797271728515625
Car -1 -1 -10 0.0 193.0 28.0 371.0 -1 -1 -1 -1000 -1000 -1000 -10 0.000736236572265625
Car -1 -1 -10 0.0 196.0 39.0 371.0 -1 -1 -1 -1000 -1000 -1000 -10 0.0006003379821777344
Car -1 -1 -10 0.0 169.0 21.0 358.0 -1 -1 -1 -1000 -1000 -1000 -10 0.0005812644958496094
Pedestrian -1 -1 -10 1217.0 206.0 1242.0 375.0 -1 -1 -1 -1000 -1000 -1000 -10 0.0005640983581542969
Pedestrian -1 -1 -10 799.0 173.0 829.0 242.0 -1 -1 -1 -1000 -1000 -1000 -10 0.0005602836608886719
Pedestrian -1 -1 -10 1185.0 164.0 1242.0 372.0 -1 -1 -1 -1000 -1000 -1000 -10 0.0004677772521972656
Pedestrian -1 -1 -10 1179.0 156.0 1241.0 363.0 -1 -1 -1 -1000 -1000 -1000 -10 0.00043201446533203125
Pedestrian -1 -1 -10 1.0 161.0 19.0 318.0 -1 -1 -1 -1000 -1000 -1000 -10 0.0003819465637207031
Pedestrian -1 -1 -10 748.0 171.0 770.0 227.0 -1 -1 -1 -1000 -1000 -1000 -10 0.0003578662872314453
Pedestrian -1 -1 -10 1221.0 150.0 1242.0 342.0 -1 -1 -1 -1000 -1000 -1000 -10 0.0003542900085449219
Car -1 -1 -10 0.0 218.0 46.0 369.0 -1 -1 -1 -1000 -1000 -1000 -10 0.00034356117248535156
Car -1 -1 -10 1.0 165.0 25.0 361.0 -1 -1 -1 -1000 -1000 -1000 -10 0.0003323554992675781
Pedestrian -1 -1 -10 767.0 184.0 778.0 223.0 -1 -1 -1 -1000 -1000 -1000 -10 0.0003094673156738281
Pedestrian -1 -1 -10 1216.0 136.0 1242.0 356.0 -1 -1 -1 -1000 -1000 -1000 -10 0.0002295970916748047
Car -1 -1 -10 0.0 176.0 45.0 371.0 -1 -1 -1 -1000 -1000 -1000 -10 0.00018727779388427734
Pedestrian -1 -1 -10 1204.0 204.0 1239.0 375.0 -1 -1 -1 -1000 -1000 -1000 -10 0.0001842975616455078
Pedestrian -1 -1 -10 809.0 167.0 838.0 228.0 -1 -1 -1 -1000 -1000 -1000 -10 0.0001817941665649414
Pedestrian -1 -1 -10 761.0 175.0 783.0 225.0 -1 -1 -1 -1000 -1000 -1000 -10 0.00016963481903076172
Pedestrian -1 -1 -10 0.0 176.0 13.0 292.0 -1 -1 -1 -1000 -1000 -1000 -10 0.0001634359359741211
Pedestrian -1 -1 -10 1.0 152.0 24.0 325.0 -1 -1 -1 -1000 -1000 -1000 -10 0.0001589059829711914
Pedestrian -1 -1 -10 1.0 174.0 25.0 294.0 -1 -1 -1 -1000 -1000 -1000 -10 0.00015497207641601562
Pedestrian -1 -1 -10 0.0 139.0 20.0 313.0 -1 -1 -1 -1000 -1000 -1000 -10 0.000152587890625
Pedestrian -1 -1 -10 1173.0 188.0 1242.0 375.0 -1 -1 -1 -1000 -1000 -1000 -10 0.00011849403381347656
Pedestrian -1 -1 -10 1193.0 129.0 1241.0 355.0 -1 -1 -1 -1000 -1000 -1000 -10 0.00011372566223144531
Pedestrian -1 -1 -10 753.0 181.0 766.0 226.0 -1 -1 -1 -1000 -1000 -1000 -10 0.00011229515075683594
