Car -1 -1 -10 1036.0 200.0 1241.0 373.0 -1 -1 -1 -1000 -1000 -1000 -10 0.9697265625
Car -1 -1 -10 831.0 175.0 924.0 231.0 -1 -1 -1 -1000 -1000 -1000 -10 0.9697265625
Car -1 -1 -10 879.0 175.0 958.0 221.0 -1 -1 -1 -1000 -1000 -1000 -10 0.9521484375
Car -1 -1 -10 1041.0 168.0 1143.0 252.0 -1 -1 -1 -1000 -1000 -1000 -10 0.939453125
Car -1 -1 -10 991.0 172.0 1023.0 198.0 -1 -1 -1 -1000 -1000 -1000 -10 0.90576171875
Car -1 -1 -10 1050.0 167.0 1148.0 243.0 -1 -1 -1 -1000 -1000 -1000 -10 0.0038738250732421875
Car -1 -1 -10 991.0 169.0 1021.0 195.0 -1 -1 -1 -1000 -1000 -1000 -10 0.0031871795654296875
Car -1 -1 -10 998.0 172.0 1025.0 196.0 -1 -1 -1 -1000 -1000 -1000 -10 0.0031757354736328125
Car -1 -1 -10 1030.0 160.0 1160.0 266.0 -1 -1 -1 -1000 -1000 -1000 -10 0.0017442703247070312
Car -1 -1 -10 988.0 171.0 1019.0 197.0 -1 -1 -1 -1000 -1000 -1000 -10 0.0017023086547851562
Car -1 -1 -10 1217.0 224.0 1242.0 371.0 -1 -1 -1 -1000 -1000 -1000 -10 0.0012617111206054688
Car -1 -1 -10 993.0 84.0 1025.0 111.0 -1 -1 -1 -1000 -1000 -1000 -10 0.0009713172912597656
Car -1 -1 -10 997.0 174.0 1028.0 197.0 -1 -1 -1 -1000 -1000 -1000 -10 0.0008444786071777344
Car -1 -1 -10 1192.0 226.0 1242.0 371.0 -1 -1 -1 -1000 -1000 -1000 -10 0.0007243156433105469
Car -1 -1 -10 1213.0 204.0 1242.0 366.0 -1 -1 -1 -1000 -1000 -1000 -10 0.0006265640258789062
Car -1 -1 -10 834.0 170.0 932.0 234.0 -1 -1 -1 -1000 -1000 -1000 -10 0.0005426406860351562
Car -1 -1 -10 873.0 165.0 962.0 225.0 -1 -1 -1 -1000 -1000 -1000 -10 0.0005044937133789062
Car -1 -1 -10 989.0 170.0 1024.0 204.0 -1 -1 -1 -1000 -1000 -1000 -10 0.0004649162292480469
Car -1 -1 -10 1217.0 252.0 1242.0 373.0 -1 -1 -1 -1000 -1000 -1000 -10 0.0004074573516845703
Car -1 -1 -10 1195.0 206.0 1242.0 361.0 -1 -1 -1 -1000 -1000 -1000 -10 0.000385284423828125
Car -1 -1 -10 1212.0 248.0 1242.0 375.0 -1 -1 -1 -1000 -1000 -1000 -10 0.00032258033752441406
Car -1 -1 -10 1063.0 202.0 1206.0 367.0 -1 -1 -1 -1000 -1000 -1000 -10 0.0003170967102050781
Car -1 -1 -10 836.0 130.0 1007.0 246.0 -1 -1 -1 -1000 -1000 -1000 -10 0.00031304359436035156
Car -1 -1 -10 1056.0 165.0 1142.0 230.0 -1 -1 -1 -1000 -1000 -1000 -10 0.0003075599670410156
Car -1 -1 -10 1010.0 172.0 1038.0 193.0 -1 -1 -1 -1000 -1000 -1000 -10 0.00030159950256347656
Car -1 -1 -10 1180.0 233.0 1242.0 371.0 -1 -1 -1 -1000 -1000 -1000 -10 0.00025582313537597656
Car -1 -1 -10 1225.0 245.0 1242.0 365.0 -1 -1 -1 -1000 -1000 -1000 -10 0.0002541542053222656
Car -1 -1 -10 785.0 140.0 954.0 272.0 -1 -1 -1 -1000 -1000 -1000 -10 0.00024437904357910156
Car -1 -1 -10 828.0 133.0 1016.0 277.0 -1 -1 -1 -1000 -1000 -1000 -10 0.00022125244140625
Car -1 -1 -10 806.0 142.0 960.0 250.0 -1 -1 -1 -1000 -1000 -1000 -10 0.0001964569091796875
Car -1 -1 -10 1219.0 192.0 1242.0 331.0 -1 -1 -1 -1000 -1000 -1000 -10 0.00018358230590820312
Car -1 -1 -10 848.0 175.0 899.0 223.0 -1 -1 -1 -1000 -1000 -1000 -10 0.0001742839813232422
Car -1 -1 -10 1183.0 254.0 1242.0 374.0 -1 -1 -1 -1000 -1000 -1000 -10 0.00017404556274414062
Car -1 -1 -10 1225.0 256.0 1242.0 375.0 -1 -1 -1 -1000 -1000 -1000 -10 0.0001671314239501953
Car -1 -1 -10 891.0 177.0 942.0 216.0 -1 -1 -1 -1000 -1000 -1000 -10 0.00016105175018310547
Car -1 -1 -10 805.0 142.0 976.0 270.0 -1 -1 -1 -1000 -1000 -1000 -10 0.00016033649444580078
Car -1 -1 -10 1226.0 236.0 1242.0 354.0 -1 -1 -1 -1000 -1000 -1000 -10 0.00015676021575927734
Car -1 -1 -10 1213.0 190.0 1242.0 334.0 -1 -1 -1 -1000 -1000 -1000 -10 0.00014543533325195312
Car -1 -1 -10 1006.0 175.0 1030.0 193.0 -1 -1 -1 -1000 -1000 -1000 -10 0.00013530254364013672
Car -1 -1 -10 1052.0 168.0 1133.0 252.0 -1 -1 -1 -1000 -1000 -1000 -10 0.0001327991485595703
Car -1 -1 -10 1214.0 228.0 1242.0 360.0 -1 -1 -1 -1000 -1000 -1000 -10 0.00012242794036865234
Car -1 -1 -10 1050.0 159.0 1135.0 230.0 -1 -1 -1 -1000 -1000 -1000 -10 0.00011664628982543945
Car -1 -1 -10 1225.0 229.0 1242.0 343.0 -1 -1 -1 -1000 -1000 -1000 -10 0.00011557340621948242
Car -1 -1 -10 839.0 172.0 919.0 220.0 -1 -1 -1 -1000 -1000 -1000 -10 0.00011104345321655273
