Car -1 -1 -10 572.0 172.0 619.0 215.0 -1 -1 -1 -1000 -1000 -1000 -10 0.97314453125
Car -1 -1 -10 0.0 181.0 184.0 308.0 -1 -1 -1 -1000 -1000 -1000 -10 0.962890625
Car -1 -1 -10 467.0 105.0 558.0 215.0 -1 -1 -1 -1000 -1000 -1000 -10 0.96044921875
Car -1 -1 -10 384.0 186.0 489.0 253.0 -1 -1 -1 -1000 -1000 -1000 -10 0.94384765625
Car -1 -1 -10 81.0 177.0 219.0 239.0 -1 -1 -1 -1000 -1000 -1000 -10 0.9306640625
Car -1 -1 -10 0.0 178.0 34.0 261.0 -1 -1 -1 -1000 -1000 -1000 -10 0.053253173828125
Car -1 -1 -10 0.0 177.0 45.0 259.0 -1 -1 -1 -1000 -1000 -1000 -10 0.040557861328125
Car -1 -1 -10 0.0 179.0 52.0 265.0 -1 -1 -1 -1000 -1000 -1000 -10 0.0266876220703125
Car -1 -1 -10 0.0 180.0 29.0 269.0 -1 -1 -1 -1000 -1000 -1000 -10 0.0261383056640625
Car -1 -1 -10 0.0 172.0 30.0 253.0 -1 -1 -1 -1000 -1000 -1000 -10 0.022369384765625
Car -1 -1 -10 0.0 173.0 21.0 258.0 -1 -1 -1 -1000 -1000 -1000 -10 0.01378631591796875
Car -1 -1 -10 0.0 173.0 52.0 249.0 -1 -1 -1 -1000 -1000 -1000 -10 0.01361083984375
Car -1 -1 -10 0.0 179.0 61.0 270.0 -1 -1 -1 -1000 -1000 -1000 -10 0.01071929931640625
Car -1 -1 -10 0.0 179.0 63.0 253.0 -1 -1 -1 -1000 -1000 -1000 -10 0.007843017578125
Car -1 -1 -10 0.0 171.0 68.0 242.0 -1 -1 -1 -1000 -1000 -1000 -10 0.00507354736328125
Car -1 -1 -10 0.0 181.0 18.0 277.0 -1 -1 -1 -1000 -1000 -1000 -10 0.004856109619140625
Car -1 -1 -10 0.0 165.0 19.0 251.0 -1 -1 -1 -1000 -1000 -1000 -10 0.004657745361328125
Car -1 -1 -10 1.0 179.0 47.0 279.0 -1 -1 -1 -1000 -1000 -1000 -10 0.004619598388671875
Car -1 -1 -10 0.0 184.0 32.0 247.0 -1 -1 -1 -1000 -1000 -1000 -10 0.004116058349609375
Car -1 -1 -10 0.0 176.0 72.0 259.0 -1 -1 -1 -1000 -1000 -1000 -10 0.003429412841796875
Car -1 -1 -10 0.0 177.0 32.0 239.0 -1 -1 -1 -1000 -1000 -1000 -10 0.00261688232421875
Car -1 -1 -10 392.0 183.0 486.0 243.0 -1 -1 -1 -1000 -1000 -1000 -10 0.0023212432861328125
Car -1 -1 -10 0.0 183.0 20.0 246.0 -1 -1 -1 -1000 -1000 -1000 -10 0.002010345458984375
Car -1 -1 -10 0.0 190.0 19.0 253.0 -1 -1 -1 -1000 -1000 -1000 -10 0.0019588470458984375
Car -1 -1 -10 0.0 191.0 22.0 320.0 -1 -1 -1 -1000 -1000 -1000 -10 0.001827239990234375
Car -1 -1 -10 0.0 160.0 53.0 242.0 -1 -1 -1 -1000 -1000 -1000 -10 0.0012235641479492188
Car -1 -1 -10 0.0 177.0 18.0 238.0 -1 -1 -1 -1000 -1000 -1000 -10 0.00101470947265625
Car -1 -1 -10 0.0 154.0 31.0 244.0 -1 -1 -1 -1000 -1000 -1000 -10 0.0010128021240234375
Car -1 -1 -10 370.0 172.0 498.0 265.0 -1 -1 -1 -1000 -1000 -1000 -10 0.0009393692016601562
Car -1 -1 -10 0.0 173.0 82.0 239.0 -1 -1 -1 -1000 -1000 -1000 -10 0.0009145736694335938
Car -1 -1 -10 0.0 199.0 24.0 351.0 -1 -1 -1 -1000 -1000 -1000 -10 0.0009088516235351562
Car -1 -1 -10 0.0 183.0 46.0 246.0 -1 -1 -1 -1000 -1000 -1000 -10 0.0008702278137207031
Car -1 -1 -10 566.0 159.0 622.0 219.0 -1 -1 -1 -1000 -1000 -1000 -10 0.0008640289306640625
Car -1 -1 -10 449.0 103.0 567.0 220.0 -1 -1 -1 -1000 -1000 -1000 -10 0.0008616447448730469
Car -1 -1 -10 76.0 179.0 199.0 236.0 -1 -1 -1 -1000 -1000 -1000 -10 0.000858306884765625
Car -1 -1 -10 60.0 152.0 240.0 273.0 -1 -1 -1 -1000 -1000 -1000 -10 0.0008444786071777344
Car -1 -1 -10 0.0 193.0 16.0 289.0 -1 -1 -1 -1000 -1000 -1000 -10 0.0007624626159667969
Car -1 -1 -10 0.0 187.0 26.0 295.0 -1 -1 -1 -1000 -1000 -1000 -10 0.0007309913635253906
Car -1 -1 -10 0.0 197.0 17.0 260.0 -1 -1 -1 -1000 -1000 -1000 -10 0.0006451606750488281
Car -1 -1 -10 1.0 196.0 29.0 260.0 -1 -1 -1 -1000 -1000 -1000 -10 0.000637054443359375
Car -1 -1 -10 0.0 177.0 48.0 238.0 -1 -1 -1 -1000 -1000 -1000 -10 0.0006074905395507812
Car -1 -1 -10 375.0 187.0 479.0 245.0 -1 -1 -1 -1000 -1000 -1000 -10 0.00058746337890625
Car -1 -1 -10 1.0 189.0 43.0 253.0 -1 -1 -1 -1000 -1000 -1000 -10 0.0005445480346679688
Car -1 -1 -10 1.0 177.0 66.0 284.0 -1 -1 -1 -1000 -1000 -1000 -10 0.0005297660827636719
Car -1 -1 -10 0.0 154.0 15.0 242.0 -1 -1 -1 -1000 -1000 -1000 -10 0.0004780292510986328
Car -1 -1 -10 415.0 188.0 463.0 242.0 -1 -1 -1 -1000 -1000 -1000 -10 0.00046539306640625
Car -1 -1 -10 0.0 155.0 58.0 249.0 -1 -1 -1 -1000 -1000 -1000 -10 0.000453948974609375
Car -1 -1 -10 561.0 164.0 622.0 224.0 -1 -1 -1 -1000 -1000 -1000 -10 0.0003705024719238281
Car -1 -1 -10 0.0 195.0 45.0 316.0 -1 -1 -1 -1000 -1000 -1000 -10 0.00035309791564941406
Car -1 -1 -10 0.0 209.0 24.0 376.0 -1 -1 -1 -1000 -1000 -1000 -10 0.0003414154052734375
Car -1 -1 -10 0.0 144.0 23.0 241.0 -1 -1 -1 -1000 -1000 -1000 -10 0.00030803680419921875
Car -1 -1 -10 404.0 176.0 477.0 223.0 -1 -1 -1 -1000 -1000 -1000 -10 0.00030732154846191406
Car -1 -1 -10 3.0 176.0 77.0 250.0 -1 -1 -1 -1000 -1000 -1000 -10 0.0003063678741455078
Car -1 -1 -10 517.0 122.0 678.0 240.0 -1 -1 -1 -1000 -1000 -1000 -10 0.00030159950256347656
Car -1 -1 -10 1.0 208.0 15.0 320.0 -1 -1 -1 -1000 -1000 -1000 -10 0.0002994537353515625
Car -1 -1 -10 127.0 181.0 172.0 229.0 -1 -1 -1 -1000 -1000 -1000 -10 0.00028967857360839844
Car -1 -1 -10 71.0 161.0 232.0 253.0 -1 -1 -1 -1000 -1000 -1000 -10 0.000286102294921875
Car -1 -1 -10 0.0 168.0 31.0 229.0 -1 -1 -1 -1000 -1000 -1000 -10 0.0002467632293701172
Car -1 -1 -10 0.0 199.0 15.0 305.0 -1 -1 -1 -1000 -1000 -1000 -10 0.0002409219741821289
Car -1 -1 -10 0.0 212.0 27.0 334.0 -1 -1 -1 -1000 -1000 -1000 -10 0.00023233890533447266
Car -1 -1 -10 510.0 130.0 683.0 274.0 -1 -1 -1 -1000 -1000 -1000 -10 0.00022542476654052734
Car -1 -1 -10 0.0 137.0 27.0 246.0 -1 -1 -1 -1000 -1000 -1000 -10 0.00022351741790771484
Car -1 -1 -10 563.0 146.0 589.0 184.0 -1 -1 -1 -1000 -1000 -1000 -10 0.00021696090698242188
Car -1 -1 -10 0.0 170.0 142.0 289.0 -1 -1 -1 -1000 -1000 -1000 -10 0.00021207332611083984
Car -1 -1 -10 15.0 182.0 166.0 304.0 -1 -1 -1 -1000 -1000 -1000 -10 0.00020420551300048828
Car -1 -1 -10 0.0 213.0 16.0 336.0 -1 -1 -1 -1000 -1000 -1000 -10 0.00019311904907226562
Car -1 -1 -10 0.0 197.0 44.0 339.0 -1 -1 -1 -1000 -1000 -1000 -10 0.00017940998077392578
Car -1 -1 -10 478.0 114.0 562.0 207.0 -1 -1 -1 -1000 -1000 -1000 -10 0.00017070770263671875
Car -1 -1 -10 0.0 185.0 44.0 297.0 -1 -1 -1 -1000 -1000 -1000 -10 0.00015819072723388672
Car -1 -1 -10 400.0 177.0 480.0 232.0 -1 -1 -1 -1000 -1000 -1000 -10 0.00015795230865478516
Car -1 -1 -10 85.0 184.0 228.0 246.0 -1 -1 -1 -1000 -1000 -1000 -10 0.00015425682067871094
Car -1 -1 -10 715.0 130.0 738.0 155.0 -1 -1 -1 -1000 -1000 -1000 -10 0.00015175342559814453
Car -1 -1 -10 539.0 174.0 566.0 197.0 -1 -1 -1 -1000 -1000 -1000 -10 0.0001468658447265625
Car -1 -1 -10 468.0 106.0 536.0 210.0 -1 -1 -1 -1000 -1000 -1000 -10 0.0001405477523803711
Car -1 -1 -10 408.0 1.0 494.0 57.0 -1 -1 -1 -1000 -1000 -1000 -10 0.0001379251480102539
Car -1 -1 -10 0.0 168.0 14.0 226.0 -1 -1 -1 -1000 -1000 -1000 -10 0.0001323223114013672
Car -1 -1 -10 0.0 227.0 21.0 376.0 -1 -1 -1 -1000 -1000 -1000 -10 0.00013065338134765625
Car -1 -1 -10 362.0 187.0 476.0 255.0 -1 -1 -1 -1000 -1000 -1000 -10 0.00012826919555664062
Car -1 -1 -10 481.0 130.0 561.0 212.0 -1 -1 -1 -1000 -1000 -1000 -10 0.00012755393981933594
Car -1 -1 -10 451.0 1.0 535.0 57.0 -1 -1 -1 -1000 -1000 -1000 -10 0.00012314319610595703
Car -1 -1 -10 1.0 142.0 51.0 242.0 -1 -1 -1 -1000 -1000 -1000 -10 0.00011485815048217773
Car -1 -1 -10 486.0 133.0 662.0 267.0 -1 -1 -1 -1000 -1000 -1000 -10 0.00011438131332397461
Car -1 -1 -10 499.0 5.0 587.0 61.0 -1 -1 -1 -1000 -1000 -1000 -10 0.00011283159255981445
Car -1 -1 -10 387.0 1.0 474.0 58.0 -1 -1 -1 -1000 -1000 -1000 -10 0.00011169910430908203
Car -1 -1 -10 440.0 1.0 525.0 57.0 -1 -1 -1 -1000 -1000 -1000 -10 0.00011020898818969727
Car -1 -1 -10 430.0 1.0 514.0 57.0 -1 -1 -1 -1000 -1000 -1000 -10 0.0001100301742553711
Car -1 -1 -10 400.0 185.0 482.0 248.0 -1 -1 -1 -1000 -1000 -1000 -10 0.00010925531387329102
Car -1 -1 -10 509.0 5.0 597.0 62.0 -1 -1 -1 -1000 -1000 -1000 -10 0.00010848045349121094
Car -1 -1 -10 398.0 1.0 484.0 57.0 -1 -1 -1 -1000 -1000 -1000 -10 0.00010710954666137695
Car -1 -1 -10 376.0 2.0 463.0 58.0 -1 -1 -1 -1000 -1000 -1000 -10 0.0001062154769897461
Car -1 -1 -10 419.0 1.0 504.0 57.0 -1 -1 -1 -1000 -1000 -1000 -10 0.00010567903518676758
Car -1 -1 -10 0.0 183.0 97.0 286.0 -1 -1 -1 -1000 -1000 -1000 -10 0.00010460615158081055
Car -1 -1 -10 0.0 208.0 42.0 376.0 -1 -1 -1 -1000 -1000 -1000 -10 0.00010341405868530273
