Car -1 -1 -10 0.0 165.0 176.0 330.0 -1 -1 -1 -1000 -1000 -1000 -10 0.95849609375
Car -1 -1 -10 341.0 176.0 449.0 218.0 -1 -1 -1 -1000 -1000 -1000 -10 0.95263671875
Cyclist -1 -1 -10 1000.0 145.0 1083.0 237.0 -1 -1 -1 -1000 -1000 -1000 -10 0.94287109375
Cyclist -1 -1 -10 910.0 153.0 950.0 219.0 -1 -1 -1 -1000 -1000 -1000 -10 0.91015625
Car -1 -1 -10 851.0 160.0 874.0 179.0 -1 -1 -1 -1000 -1000 -1000 -10 0.880859375
Cyclist -1 -1 -10 878.0 161.0 901.0 210.0 -1 -1 -1 -1000 -1000 -1000 -10 0.689453125
Cyclist -1 -1 -10 875.0 164.0 898.0 212.0 -1 -1 -1 -1000 -1000 -1000 -10 0.67333984375
Cyclist -1 -1 -10 874.0 161.0 891.0 208.0 -1 -1 -1 -1000 -1000 -1000 -10 0.259033203125
Car -1 -1 -10 380.0 178.0 468.0 210.0 -1 -1 -1 -1000 -1000 -1000 -10 0.14794921875
Cyclist -1 -1 -10 872.0 165.0 891.0 211.0 -1 -1 -1 -1000 -1000 -1000 -10 0.14501953125
Car -1 -1 -10 0.0 197.0 32.0 363.0 -1 -1 -1 -1000 -1000 -1000 -10 0.08203125
Car -1 -1 -10 0.0 193.0 39.0 361.0 -1 -1 -1 -1000 -1000 -1000 -10 0.0740966796875
Cyclist -1 -1 -10 857.0 160.0 875.0 185.0 -1 -1 -1 -1000 -1000 -1000 -10 0.0217437744140625
Car -1 -1 -10 0.0 176.0 45.0 350.0 -1 -1 -1 -1000 -1000 -1000 -10 0.02008056640625
Car -1 -1 -10 0.0 217.0 36.0 351.0 -1 -1 -1 -1000 -1000 -1000 -10 0.020050048828125
Car -1 -1 -10 856.0 159.0 876.0 185.0 -1 -1 -1 -1000 -1000 -1000 -10 0.0182037353515625
Car -1 -1 -10 0.0 210.0 37.0 374.0 -1 -1 -1 -1000 -1000 -1000 -10 0.0175323486328125
Cyclist -1 -1 -10 887.0 161.0 908.0 204.0 -1 -1 -1 -1000 -1000 -1000 -10 0.01375579833984375
Cyclist -1 -1 -10 875.0 160.0 894.0 200.0 -1 -1 -1 -1000 -1000 -1000 -10 0.010009765625
Car -1 -1 -10 387.0 176.0 465.0 208.0 -1 -1 -1 -1000 -1000 -1000 -10 0.00907135009765625
Cyclist -1 -1 -10 883.0 159.0 905.0 202.0 -1 -1 -1 -1000 -1000 -1000 -10 0.00821685791015625
Car -1 -1 -10 0.0 179.0 83.0 350.0 -1 -1 -1 -1000 -1000 -1000 -10 0.007656097412109375
Cyclist -1 -1 -10 908.0 157.0 942.0 214.0 -1 -1 -1 -1000 -1000 -1000 -10 0.00762176513671875
Car -1 -1 -10 0.0 173.0 105.0 353.0 -1 -1 -1 -1000 -1000 -1000 -10 0.006710052490234375
Car -1 -1 -10 1.0 186.0 58.0 363.0 -1 -1 -1 -1000 -1000 -1000 -10 0.00658416748046875
Car -1 -1 -10 824.0 158.0 846.0 175.0 -1 -1 -1 -1000 -1000 -1000 -10 0.0063934326171875
Car -1 -1 -10 0.0 229.0 23.0 358.0 -1 -1 -1 -1000 -1000 -1000 -10 0.005748748779296875
Car -1 -1 -10 353.0 177.0 458.0 213.0 -1 -1 -1 -1000 -1000 -1000 -10 0.005615234375
Car -1 -1 -10 0.0 238.0 31.0 362.0 -1 -1 -1 -1000 -1000 -1000 -10 0.00473785400390625
Car -1 -1 -10 875.0 0.0 914.0 11.0 -1 -1 -1 -1000 -1000 -1000 -10 0.0032901763916015625
Car -1 -1 -10 0.0 173.0 157.0 353.0 -1 -1 -1 -1000 -1000 -1000 -10 0.0028896331787109375
Cyclist -1 -1 -10 875.0 167.0 897.0 220.0 -1 -1 -1 -1000 -1000 -1000 -10 0.002471923828125
Cyclist -1 -1 -10 910.0 154.0 947.0 210.0 -1 -1 -1 -1000 -1000 -1000 -10 0.0022983551025390625
Car -1 -1 -10 0.0 163.0 29.0 334.0 -1 -1 -1 -1000 -1000 -1000 -10 0.0021114349365234375
Car -1 -1 -10 841.0 159.0 867.0 177.0 -1 -1 -1 -1000 -1000 -1000 -10 0.001995086669921875
Car -1 -1 -10 850.0 158.0 875.0 193.0 -1 -1 -1 -1000 -1000 -1000 -10 0.0017652511596679688
Cyclist -1 -1 -10 870.0 160.0 889.0 188.0 -1 -1 -1 -1000 -1000 -1000 -10 0.0017366409301757812
Car -1 -1 -10 0.0 220.0 45.0 375.0 -1 -1 -1 -1000 -1000 -1000 -10 0.0012340545654296875
Cyclist -1 -1 -10 902.0 151.0 955.0 220.0 -1 -1 -1 -1000 -1000 -1000 -10 0.001132965087890625
Car -1 -1 -10 0.0 217.0 46.0 349.0 -1 -1 -1 -1000 -1000 -1000 -10 0.0010738372802734375
Car -1 -1 -10 853.0 163.0 871.0 181.0 -1 -1 -1 -1000 -1000 -1000 -10 0.0009598731994628906
Car -1 -1 -10 0.0 241.0 41.0 361.0 -1 -1 -1 -1000 -1000 -1000 -10 0.0009341239929199219
Car -1 -1 -10 335.0 166.0 462.0 227.0 -1 -1 -1 -1000 -1000 -1000 -10 0.0008754730224609375
Cyclist -1 -1 -10 867.0 161.0 891.0 187.0 -1 -1 -1 -1000 -1000 -1000 -10 0.0007238388061523438
Car -1 -1 -10 826.0 157.0 851.0 175.0 -1 -1 -1 -1000 -1000 -1000 -10 0.000720977783203125
Car -1 -1 -10 818.0 155.0 847.0 176.0 -1 -1 -1 -1000 -1000 -1000 -10 0.0007147789001464844
Car -1 -1 -10 0.0 197.0 33.0 333.0 -1 -1 -1 -1000 -1000 -1000 -10 0.0007061958312988281
Car -1 -1 -10 0.0 252.0 21.0 369.0 -1 -1 -1 -1000 -1000 -1000 -10 0.0006718635559082031
Cyclist -1 -1 -10 988.0 138.0 1104.0 239.0 -1 -1 -1 -1000 -1000 -1000 -10 0.0006661415100097656
Car -1 -1 -10 873.0 0.0 917.0 15.0 -1 -1 -1 -1000 -1000 -1000 -10 0.0006527900695800781
Car -1 -1 -10 0.0 165.0 50.0 327.0 -1 -1 -1 -1000 -1000 -1000 -10 0.0006494522094726562
Cyclist -1 -1 -10 976.0 141.0 1093.0 247.0 -1 -1 -1 -1000 -1000 -1000 -10 0.0005393028259277344
Car -1 -1 -10 831.0 160.0 850.0 177.0 -1 -1 -1 -1000 -1000 -1000 -10 0.0005245208740234375
Cyclist -1 -1 -10 867.0 164.0 887.0 216.0 -1 -1 -1 -1000 -1000 -1000 -10 0.0004892349243164062
Cyclist -1 -1 -10 880.0 170.0 902.0 217.0 -1 -1 -1 -1000 -1000 -1000 -10 0.0004527568817138672
Car -1 -1 -10 340.0 172.0 450.0 213.0 -1 -1 -1 -1000 -1000 -1000 -10 0.00044035911560058594
Cyclist -1 -1 -10 870.0 171.0 888.0 217.0 -1 -1 -1 -1000 -1000 -1000 -10 0.0004253387451171875
Car -1 -1 -10 301.0 132.0 490.0 273.0 -1 -1 -1 -1000 -1000 -1000 -10 0.0004146099090576172
Car -1 -1 -10 308.0 129.0 482.0 241.0 -1 -1 -1 -1000 -1000 -1000 -10 0.00040912628173828125
Cyclist -1 -1 -10 1226.0 169.0 1242.0 306.0 -1 -1 -1 -1000 -1000 -1000 -10 0.00040435791015625
Cyclist -1 -1 -10 1226.0 153.0 1242.0 287.0 -1 -1 -1 -1000 -1000 -1000 -10 0.00038313865661621094
Car -1 -1 -10 0.0 197.0 47.0 334.0 -1 -1 -1 -1000 -1000 -1000 -10 0.00035071372985839844
Car -1 -1 -10 849.0 154.0 875.0 183.0 -1 -1 -1 -1000 -1000 -1000 -10 0.0003483295440673828
Car -1 -1 -10 0.0 219.0 56.0 375.0 -1 -1 -1 -1000 -1000 -1000 -10 0.00030422210693359375
Cyclist -1 -1 -10 1230.0 165.0 1242.0 262.0 -1 -1 -1 -1000 -1000 -1000 -10 0.00028586387634277344
Car -1 -1 -10 373.0 179.0 422.0 209.0 -1 -1 -1 -1000 -1000 -1000 -10 0.00026726722717285156
Car -1 -1 -10 821.0 158.0 842.0 176.0 -1 -1 -1 -1000 -1000 -1000 -10 0.00026416778564453125
Car -1 -1 -10 376.0 175.0 465.0 213.0 -1 -1 -1 -1000 -1000 -1000 -10 0.00026035308837890625
Cyclist -1 -1 -10 889.0 160.0 911.0 198.0 -1 -1 -1 -1000 -1000 -1000 -10 0.000255584716796875
Car -1 -1 -10 0.0 199.0 96.0 352.0 -1 -1 -1 -1000 -1000 -1000 -10 0.0002543926239013672
Car -1 -1 -10 1.0 194.0 175.0 335.0 -1 -1 -1 -1000 -1000 -1000 -10 0.00023639202117919922
Car -1 -1 -10 842.0 157.0 867.0 179.0 -1 -1 -1 -1000 -1000 -1000 -10 0.0002276897430419922
Cyclist -1 -1 -10 911.0 165.0 949.0 221.0 -1 -1 -1 -1000 -1000 -1000 -10 0.00022685527801513672
Car -1 -1 -10 0.0 209.0 20.0 339.0 -1 -1 -1 -1000 -1000 -1000 -10 0.00022470951080322266
Cyclist -1 -1 -10 882.0 157.0 904.0 193.0 -1 -1 -1 -1000 -1000 -1000 -10 0.0002238750457763672
Cyclist -1 -1 -10 1230.0 183.0 1242.0 287.0 -1 -1 -1 -1000 -1000 -1000 -10 0.0002237558364868164
Cyclist -1 -1 -10 853.0 121.0 1010.0 241.0 -1 -1 -1 -1000 -1000 -1000 -10 0.00022327899932861328
Cyclist -1 -1 -10 1231.0 176.0 1242.0 274.0 -1 -1 -1 -1000 -1000 -1000 -10 0.00022232532501220703
Cyclist -1 -1 -10 1226.0 143.0 1242.0 263.0 -1 -1 -1 -1000 -1000 -1000 -10 0.00021207332611083984
Cyclist -1 -1 -10 1226.0 183.0 1242.0 326.0 -1 -1 -1 -1000 -1000 -1000 -10 0.00020968914031982422
Cyclist -1 -1 -10 865.0 168.0 882.0 208.0 -1 -1 -1 -1000 -1000 -1000 -10 0.00020754337310791016
Car -1 -1 -10 0.0 158.0 65.0 316.0 -1 -1 -1 -1000 -1000 -1000 -10 0.00019347667694091797
Cyclist -1 -1 -10 1230.0 193.0 1242.0 295.0 -1 -1 -1 -1000 -1000 -1000 -10 0.00018608570098876953
Car -1 -1 -10 816.0 159.0 846.0 181.0 -1 -1 -1 -1000 -1000 -1000 -10 0.00017786026000976562
Cyclist -1 -1 -10 872.0 150.0 902.0 199.0 -1 -1 -1 -1000 -1000 -1000 -10 0.00016701221466064453
Car -1 -1 -10 0.0 260.0 42.0 362.0 -1 -1 -1 -1000 -1000 -1000 -10 0.00016438961029052734
Car -1 -1 -10 0.0 201.0 18.0 328.0 -1 -1 -1 -1000 -1000 -1000 -10 0.0001634359359741211
Cyclist -1 -1 -10 1220.0 158.0 1242.0 318.0 -1 -1 -1 -1000 -1000 -1000 -10 0.00016176700592041016
Cyclist -1 -1 -10 834.0 127.0 993.0 240.0 -1 -1 -1 -1000 -1000 -1000 -10 0.0001595020294189453
Car -1 -1 -10 378.0 183.0 466.0 215.0 -1 -1 -1 -1000 -1000 -1000 -10 0.0001499652862548828
Cyclist -1 -1 -10 864.0 162.0 889.0 221.0 -1 -1 -1 -1000 -1000 -1000 -10 0.00014269351959228516
Car -1 -1 -10 398.0 175.0 474.0 206.0 -1 -1 -1 -1000 -1000 -1000 -10 0.0001424551010131836
Cyclist -1 -1 -10 1219.0 140.0 1242.0 300.0 -1 -1 -1 -1000 -1000 -1000 -10 0.00014162063598632812
Car -1 -1 -10 3.0 202.0 168.0 318.0 -1 -1 -1 -1000 -1000 -1000 -10 0.00014078617095947266
Car -1 -1 -10 2.0 258.0 31.0 323.0 -1 -1 -1 -1000 -1000 -1000 -10 0.00013625621795654297
Car -1 -1 -10 1.0 260.0 22.0 325.0 -1 -1 -1 -1000 -1000 -1000 -10 0.0001283884048461914
Car -1 -1 -10 0.0 160.0 23.0 292.0 -1 -1 -1 -1000 -1000 -1000 -10 0.00012612342834472656
Cyclist -1 -1 -10 903.0 150.0 966.0 223.0 -1 -1 -1 -1000 -1000 -1000 -10 0.00010710954666137695
Car -1 -1 -10 0.0 180.0 97.0 369.0 -1 -1 -1 -1000 -1000 -1000 -10 0.00010651350021362305
Car -1 -1 -10 1.0 221.0 67.0 345.0 -1 -1 -1 -1000 -1000 -1000 -10 0.00010579824447631836
Cyclist -1 -1 -10 878.0 159.0 904.0 192.0 -1 -1 -1 -1000 -1000 -1000 -10 0.0001049041748046875
Cyclist -1 -1 -10 876.0 174.0 894.0 224.0 -1 -1 -1 -1000 -1000 -1000 -10 0.00010180473327636719
