Car -1 -1 -10 516.0 159.0 568.0 198.0 -1 -1 -1 -1000 -1000 -1000 -10 0.9375
Car -1 -1 -10 812.0 162.0 861.0 187.0 -1 -1 -1 -1000 -1000 -1000 -10 0.93603515625
Car -1 -1 -10 597.0 166.0 656.0 192.0 -1 -1 -1 -1000 -1000 -1000 -10 0.9326171875
Car -1 -1 -10 738.0 159.0 798.0 191.0 -1 -1 -1 -1000 -1000 -1000 -10 0.9267578125
Car -1 -1 -10 770.0 164.0 817.0 187.0 -1 -1 -1 -1000 -1000 -1000 -10 0.904296875
Car -1 -1 -10 925.0 167.0 982.0 186.0 -1 -1 -1 -1000 -1000 -1000 -10 0.89404296875
Pedestrian -1 -1 -10 44.0 171.0 71.0 210.0 -1 -1 -1 -1000 -1000 -1000 -10 0.81494140625
Pedestrian -1 -1 -10 177.0 166.0 201.0 211.0 -1 -1 -1 -1000 -1000 -1000 -10 0.81201171875
Car -1 -1 -10 556.0 166.0 602.0 195.0 -1 -1 -1 -1000 -1000 -1000 -10 0.802734375
Pedestrian -1 -1 -10 9.0 171.0 27.0 211.0 -1 -1 -1 -1000 -1000 -1000 -10 0.7900390625
Car -1 -1 -10 875.0 168.0 924.0 188.0 -1 -1 -1 -1000 -1000 -1000 -10 0.77880859375
Car -1 -1 -10 966.0 158.0 1030.0 184.0 -1 -1 -1 -1000 -1000 -1000 -10 0.74365234375
Car -1 -1 -10 897.0 168.0 948.0 188.0 -1 -1 -1 -1000 -1000 -1000 -10 0.62744140625
Car -1 -1 -10 1019.0 165.0 1073.0 183.0 -1 -1 -1 -1000 -1000 -1000 -10 0.60888671875
Car -1 -1 -10 1000.0 165.0 1062.0 183.0 -1 -1 -1 -1000 -1000 -1000 -10 0.60546875
Pedestrian -1 -1 -10 42.0 171.0 68.0 211.0 -1 -1 -1 -1000 -1000 -1000 -10 0.415771484375
Car -1 -1 -10 838.0 167.0 895.0 187.0 -1 -1 -1 -1000 -1000 -1000 -10 0.4091796875
Pedestrian -1 -1 -10 562.0 166.0 593.0 197.0 -1 -1 -1 -1000 -1000 -1000 -10 0.38671875
Car -1 -1 -10 560.0 166.0 594.0 197.0 -1 -1 -1 -1000 -1000 -1000 -10 0.3544921875
Car -1 -1 -10 855.0 168.0 922.0 188.0 -1 -1 -1 -1000 -1000 -1000 -10 0.2939453125
Pedestrian -1 -1 -10 557.0 166.0 596.0 196.0 -1 -1 -1 -1000 -1000 -1000 -10 0.29150390625
Pedestrian -1 -1 -10 565.0 166.0 580.0 198.0 -1 -1 -1 -1000 -1000 -1000 -10 0.27734375
Pedestrian -1 -1 -10 8.0 172.0 29.0 212.0 -1 -1 -1 -1000 -1000 -1000 -10 0.25927734375
Car -1 -1 -10 994.0 165.0 1054.0 184.0 -1 -1 -1 -1000 -1000 -1000 -10 0.2587890625
Pedestrian -1 -1 -10 27.0 170.0 46.0 209.0 -1 -1 -1 -1000 -1000 -1000 -10 0.2384033203125
Car -1 -1 -10 525.0 165.0 570.0 197.0 -1 -1 -1 -1000 -1000 -1000 -10 0.2310791015625
Car -1 -1 -10 979.0 160.0 1040.0 184.0 -1 -1 -1 -1000 -1000 -1000 -10 0.10882568359375
Pedestrian -1 -1 -10 566.0 167.0 585.0 198.0 -1 -1 -1 -1000 -1000 -1000 -10 0.08905029296875
Car -1 -1 -10 1009.0 163.0 1071.0 184.0 -1 -1 -1 -1000 -1000 -1000 -10 0.060577392578125
Pedestrian -1 -1 -10 14.0 171.0 34.0 210.0 -1 -1 -1 -1000 -1000 -1000 -10 0.057830810546875
Car -1 -1 -10 923.0 168.0 977.0 187.0 -1 -1 -1 -1000 -1000 -1000 -10 0.0567626953125
Car -1 -1 -10 759.0 161.0 809.0 188.0 -1 -1 -1 -1000 -1000 -1000 -10 0.0518798828125
Pedestrian -1 -1 -10 23.0 170.0 50.0 210.0 -1 -1 -1 -1000 -1000 -1000 -10 0.0350341796875
Pedestrian -1 -1 -10 40.0 170.0 64.0 209.0 -1 -1 -1 -1000 -1000 -1000 -10 0.0241241455078125
Pedestrian -1 -1 -10 27.0 176.0 48.0 212.0 -1 -1 -1 -1000 -1000 -1000 -10 0.0236663818359375
Pedestrian -1 -1 -10 556.0 165.0 574.0 195.0 -1 -1 -1 -1000 -1000 -1000 -10 0.023193359375
Car -1 -1 -10 1028.0 165.0 1078.0 183.0 -1 -1 -1 -1000 -1000 -1000 -10 0.02166748046875
Car -1 -1 -10 1005.0 164.0 1055.0 183.0 -1 -1 -1 -1000 -1000 -1000 -10 0.0208282470703125
Car -1 -1 -10 999.0 165.0 1048.0 183.0 -1 -1 -1 -1000 -1000 -1000 -10 0.01531219482421875
Car -1 -1 -10 1016.0 165.0 1067.0 182.0 -1 -1 -1 -1000 -1000 -1000 -10 0.0136566162109375
Car -1 -1 -10 910.0 168.0 953.0 187.0 -1 -1 -1 -1000 -1000 -1000 -10 0.01279449462890625
Car -1 -1 -10 848.0 164.0 905.0 186.0 -1 -1 -1 -1000 -1000 -1000 -10 0.01230621337890625
Car -1 -1 -10 900.0 167.0 950.0 187.0 -1 -1 -1 -1000 -1000 -1000 -10 0.0120849609375
Car -1 -1 -10 915.0 167.0 959.0 186.0 -1 -1 -1 -1000 -1000 -1000 -10 0.01122283935546875
Pedestrian -1 -1 -10 177.0 167.0 206.0 220.0 -1 -1 -1 -1000 -1000 -1000 -10 0.0108489990234375
Car -1 -1 -10 930.0 166.0 990.0 186.0 -1 -1 -1 -1000 -1000 -1000 -10 0.01007080078125
Car -1 -1 -10 845.0 169.0 903.0 188.0 -1 -1 -1 -1000 -1000 -1000 -10 0.0090484619140625
Pedestrian -1 -1 -10 13.0 175.0 32.0 213.0 -1 -1 -1 -1000 -1000 -1000 -10 0.0088043212890625
Pedestrian -1 -1 -10 179.0 165.0 206.0 213.0 -1 -1 -1 -1000 -1000 -1000 -10 0.00850677490234375
Car -1 -1 -10 986.0 163.0 1041.0 184.0 -1 -1 -1 -1000 -1000 -1000 -10 0.0084686279296875
Car -1 -1 -10 867.0 167.0 918.0 188.0 -1 -1 -1 -1000 -1000 -1000 -10 0.0080413818359375
Car -1 -1 -10 808.0 162.0 856.0 186.0 -1 -1 -1 -1000 -1000 -1000 -10 0.005283355712890625
Pedestrian -1 -1 -10 48.0 171.0 73.0 207.0 -1 -1 -1 -1000 -1000 -1000 -10 0.0040435791015625
Pedestrian -1 -1 -10 184.0 165.0 207.0 209.0 -1 -1 -1 -1000 -1000 -1000 -10 0.003910064697265625
Pedestrian -1 -1 -10 7.0 172.0 18.0 211.0 -1 -1 -1 -1000 -1000 -1000 -10 0.0036296844482421875
Car -1 -1 -10 1034.0 164.0 1089.0 182.0 -1 -1 -1 -1000 -1000 -1000 -10 0.0033817291259765625
Car -1 -1 -10 734.0 155.0 796.0 193.0 -1 -1 -1 -1000 -1000 -1000 -10 0.00335693359375
Car -1 -1 -10 998.0 162.0 1060.0 182.0 -1 -1 -1 -1000 -1000 -1000 -10 0.002925872802734375
Car -1 -1 -10 972.0 159.0 1022.0 183.0 -1 -1 -1 -1000 -1000 -1000 -10 0.0025272369384765625
Car -1 -1 -10 754.0 163.0 801.0 190.0 -1 -1 -1 -1000 -1000 -1000 -10 0.0022754669189453125
Pedestrian -1 -1 -10 564.0 166.0 575.0 200.0 -1 -1 -1 -1000 -1000 -1000 -10 0.0020809173583984375
Pedestrian -1 -1 -10 175.0 169.0 202.0 220.0 -1 -1 -1 -1000 -1000 -1000 -10 0.0019931793212890625
Pedestrian -1 -1 -10 38.0 175.0 62.0 213.0 -1 -1 -1 -1000 -1000 -1000 -10 0.0018796920776367188
Pedestrian -1 -1 -10 51.0 176.0 75.0 211.0 -1 -1 -1 -1000 -1000 -1000 -10 0.0018367767333984375
Car -1 -1 -10 961.0 161.0 1024.0 185.0 -1 -1 -1 -1000 -1000 -1000 -10 0.001834869384765625
Pedestrian -1 -1 -10 559.0 163.0 599.0 201.0 -1 -1 -1 -1000 -1000 -1000 -10 0.0016727447509765625
Pedestrian -1 -1 -10 8.0 179.0 25.0 220.0 -1 -1 -1 -1000 -1000 -1000 -10 0.0015783309936523438
Car -1 -1 -10 532.0 170.0 572.0 197.0 -1 -1 -1 -1000 -1000 -1000 -10 0.00144195556640625
Pedestrian -1 -1 -10 1.0 171.0 8.0 203.0 -1 -1 -1 -1000 -1000 -1000 -10 0.0013885498046875
Car -1 -1 -10 945.0 165.0 996.0 185.0 -1 -1 -1 -1000 -1000 -1000 -10 0.0013761520385742188
Car -1 -1 -10 987.0 161.0 1048.0 182.0 -1 -1 -1 -1000 -1000 -1000 -10 0.0013484954833984375
Car -1 -1 -10 550.0 164.0 601.0 189.0 -1 -1 -1 -1000 -1000 -1000 -10 0.0012807846069335938
Car -1 -1 -10 730.0 157.0 789.0 191.0 -1 -1 -1 -1000 -1000 -1000 -10 0.001186370849609375
Pedestrian -1 -1 -10 178.0 161.0 198.0 202.0 -1 -1 -1 -1000 -1000 -1000 -10 0.00098419189453125
Car -1 -1 -10 937.0 166.0 985.0 185.0 -1 -1 -1 -1000 -1000 -1000 -10 0.0009760856628417969
Car -1 -1 -10 1024.0 163.0 1074.0 181.0 -1 -1 -1 -1000 -1000 -1000 -10 0.0009493827819824219
Car -1 -1 -10 593.0 163.0 656.0 193.0 -1 -1 -1 -1000 -1000 -1000 -10 0.0009298324584960938
Car -1 -1 -10 1010.0 162.0 1070.0 181.0 -1 -1 -1 -1000 -1000 -1000 -10 0.0008730888366699219
Car -1 -1 -10 728.0 140.0 803.0 206.0 -1 -1 -1 -1000 -1000 -1000 -10 0.0008726119995117188
Car -1 -1 -10 509.0 145.0 572.0 209.0 -1 -1 -1 -1000 -1000 -1000 -10 0.0008645057678222656
Car -1 -1 -10 731.0 161.0 796.0 195.0 -1 -1 -1 -1000 -1000 -1000 -10 0.000835418701171875
Car -1 -1 -10 809.0 159.0 861.0 189.0 -1 -1 -1 -1000 -1000 -1000 -10 0.0008306503295898438
Pedestrian -1 -1 -10 185.0 163.0 214.0 219.0 -1 -1 -1 -1000 -1000 -1000 -10 0.0008282661437988281
Pedestrian -1 -1 -10 181.0 168.0 212.0 223.0 -1 -1 -1 -1000 -1000 -1000 -10 0.0008215904235839844
Car -1 -1 -10 1035.0 165.0 1080.0 182.0 -1 -1 -1 -1000 -1000 -1000 -10 0.0007419586181640625
Car -1 -1 -10 513.0 150.0 581.0 214.0 -1 -1 -1 -1000 -1000 -1000 -10 0.0007395744323730469
Pedestrian -1 -1 -10 57.0 175.0 80.0 204.0 -1 -1 -1 -1000 -1000 -1000 -10 0.0007181167602539062
Car -1 -1 -10 924.0 163.0 985.0 192.0 -1 -1 -1 -1000 -1000 -1000 -10 0.0006570816040039062
Car -1 -1 -10 768.0 160.0 819.0 192.0 -1 -1 -1 -1000 -1000 -1000 -10 0.0006518363952636719
Car -1 -1 -10 840.0 165.0 880.0 185.0 -1 -1 -1 -1000 -1000 -1000 -10 0.0006504058837890625
Pedestrian -1 -1 -10 561.0 168.0 600.0 198.0 -1 -1 -1 -1000 -1000 -1000 -10 0.0006380081176757812
Car -1 -1 -10 1008.0 160.0 1074.0 192.0 -1 -1 -1 -1000 -1000 -1000 -10 0.0005908012390136719
Pedestrian -1 -1 -10 189.0 161.0 212.0 205.0 -1 -1 -1 -1000 -1000 -1000 -10 0.00058746337890625
Car -1 -1 -10 519.0 167.0 569.0 198.0 -1 -1 -1 -1000 -1000 -1000 -10 0.0005855560302734375
Car -1 -1 -10 996.0 156.0 1060.0 189.0 -1 -1 -1 -1000 -1000 -1000 -10 0.0005364418029785156
Car -1 -1 -10 811.0 165.0 862.0 190.0 -1 -1 -1 -1000 -1000 -1000 -10 0.0005183219909667969
Car -1 -1 -10 875.0 162.0 926.0 193.0 -1 -1 -1 -1000 -1000 -1000 -10 0.0005135536193847656
Car -1 -1 -10 598.0 164.0 658.0 190.0 -1 -1 -1 -1000 -1000 -1000 -10 0.0005002021789550781
Pedestrian -1 -1 -10 2.0 180.0 9.0 217.0 -1 -1 -1 -1000 -1000 -1000 -10 0.0004944801330566406
Car -1 -1 -10 566.0 167.0 606.0 193.0 -1 -1 -1 -1000 -1000 -1000 -10 0.0004911422729492188
Car -1 -1 -10 1049.0 165.0 1104.0 183.0 -1 -1 -1 -1000 -1000 -1000 -10 0.00048351287841796875
Car -1 -1 -10 949.0 166.0 993.0 185.0 -1 -1 -1 -1000 -1000 -1000 -10 0.0004744529724121094
Car -1 -1 -10 994.0 167.0 1057.0 188.0 -1 -1 -1 -1000 -1000 -1000 -10 0.0004706382751464844
Car -1 -1 -10 897.0 163.0 950.0 193.0 -1 -1 -1 -1000 -1000 -1000 -10 0.00046372413635253906
Car -1 -1 -10 446.0 109.0 608.0 238.0 -1 -1 -1 -1000 -1000 -1000 -10 0.00042438507080078125
Pedestrian -1 -1 -10 0.0 171.0 12.0 203.0 -1 -1 -1 -1000 -1000 -1000 -10 0.00041604042053222656
Car -1 -1 -10 853.0 161.0 921.0 193.0 -1 -1 -1 -1000 -1000 -1000 -10 0.0004019737243652344
Car -1 -1 -10 791.0 163.0 840.0 185.0 -1 -1 -1 -1000 -1000 -1000 -10 0.00038170814514160156
Car -1 -1 -10 1017.0 157.0 1076.0 189.0 -1 -1 -1 -1000 -1000 -1000 -10 0.0003502368927001953
Car -1 -1 -10 674.0 99.0 854.0 242.0 -1 -1 -1 -1000 -1000 -1000 -10 0.0003387928009033203
Car -1 -1 -10 994.0 159.0 1063.0 192.0 -1 -1 -1 -1000 -1000 -1000 -10 0.00033855438232421875
Car -1 -1 -10 919.0 160.0 981.0 191.0 -1 -1 -1 -1000 -1000 -1000 -10 0.00033855438232421875
Car -1 -1 -10 836.0 162.0 896.0 192.0 -1 -1 -1 -1000 -1000 -1000 -10 0.00033092498779296875
Car -1 -1 -10 598.0 170.0 655.0 195.0 -1 -1 -1 -1000 -1000 -1000 -10 0.0003299713134765625
Pedestrian -1 -1 -10 4.0 180.0 34.0 219.0 -1 -1 -1 -1000 -1000 -1000 -10 0.00032901763916015625
Car -1 -1 -10 811.0 160.0 863.0 184.0 -1 -1 -1 -1000 -1000 -1000 -10 0.00031375885009765625
Car -1 -1 -10 964.0 154.0 1030.0 189.0 -1 -1 -1 -1000 -1000 -1000 -10 0.00030875205993652344
Car -1 -1 -10 674.0 123.0 858.0 256.0 -1 -1 -1 -1000 -1000 -1000 -10 0.00030684471130371094
Car -1 -1 -10 473.0 126.0 641.0 259.0 -1 -1 -1 -1000 -1000 -1000 -10 0.00029659271240234375
Car -1 -1 -10 1005.0 162.0 1054.0 181.0 -1 -1 -1 -1000 -1000 -1000 -10 0.0002951622009277344
Pedestrian -1 -1 -10 552.0 162.0 600.0 199.0 -1 -1 -1 -1000 -1000 -1000 -10 0.00027251243591308594
Pedestrian -1 -1 -10 1.0 176.0 10.0 235.0 -1 -1 -1 -1000 -1000 -1000 -10 0.0002651214599609375
Car -1 -1 -10 561.0 168.0 598.0 197.0 -1 -1 -1 -1000 -1000 -1000 -10 0.00026226043701171875
Pedestrian -1 -1 -10 19.0 181.0 39.0 218.0 -1 -1 -1 -1000 -1000 -1000 -10 0.00025272369384765625
Pedestrian -1 -1 -10 2.0 181.0 12.0 216.0 -1 -1 -1 -1000 -1000 -1000 -10 0.00025200843811035156
Car -1 -1 -10 563.0 161.0 604.0 190.0 -1 -1 -1 -1000 -1000 -1000 -10 0.00024890899658203125
Car -1 -1 -10 475.0 107.0 636.0 238.0 -1 -1 -1 -1000 -1000 -1000 -10 0.0002282857894897461
Car -1 -1 -10 595.0 162.0 658.0 199.0 -1 -1 -1 -1000 -1000 -1000 -10 0.00022721290588378906
Pedestrian -1 -1 -10 187.0 159.0 214.0 210.0 -1 -1 -1 -1000 -1000 -1000 -10 0.00022649765014648438
Car -1 -1 -10 1040.0 165.0 1094.0 182.0 -1 -1 -1 -1000 -1000 -1000 -10 0.0002219676971435547
Pedestrian -1 -1 -10 172.0 162.0 214.0 216.0 -1 -1 -1 -1000 -1000 -1000 -10 0.00021970272064208984
Pedestrian -1 -1 -10 177.0 165.0 207.0 236.0 -1 -1 -1 -1000 -1000 -1000 -10 0.0002015829086303711
Car -1 -1 -10 605.0 165.0 664.0 193.0 -1 -1 -1 -1000 -1000 -1000 -10 0.00019824504852294922
Car -1 -1 -10 1016.0 163.0 1064.0 180.0 -1 -1 -1 -1000 -1000 -1000 -10 0.00019419193267822266
Pedestrian -1 -1 -10 1.0 183.0 9.0 227.0 -1 -1 -1 -1000 -1000 -1000 -10 0.00018596649169921875
Car -1 -1 -10 994.0 161.0 1041.0 181.0 -1 -1 -1 -1000 -1000 -1000 -10 0.0001838207244873047
Car -1 -1 -10 1051.0 161.0 1111.0 182.0 -1 -1 -1 -1000 -1000 -1000 -10 0.00018334388732910156
Pedestrian -1 -1 -10 1.0 177.0 10.0 255.0 -1 -1 -1 -1000 -1000 -1000 -10 0.00017893314361572266
Pedestrian -1 -1 -10 196.0 163.0 218.0 208.0 -1 -1 -1 -1000 -1000 -1000 -10 0.00017464160919189453
Pedestrian -1 -1 -10 1.0 193.0 10.0 285.0 -1 -1 -1 -1000 -1000 -1000 -10 0.00017261505126953125
Car -1 -1 -10 1021.0 161.0 1078.0 191.0 -1 -1 -1 -1000 -1000 -1000 -10 0.00017011165618896484
Pedestrian -1 -1 -10 557.0 163.0 609.0 202.0 -1 -1 -1 -1000 -1000 -1000 -10 0.00017011165618896484
Pedestrian -1 -1 -10 3.0 174.0 33.0 227.0 -1 -1 -1 -1000 -1000 -1000 -10 0.0001653432846069336
Car -1 -1 -10 1035.0 162.0 1091.0 184.0 -1 -1 -1 -1000 -1000 -1000 -10 0.0001628398895263672
Pedestrian -1 -1 -10 193.0 164.0 218.0 213.0 -1 -1 -1 -1000 -1000 -1000 -10 0.00015783309936523438
Car -1 -1 -10 699.0 107.0 862.0 235.0 -1 -1 -1 -1000 -1000 -1000 -10 0.00014579296112060547
Car -1 -1 -10 967.0 161.0 1016.0 184.0 -1 -1 -1 -1000 -1000 -1000 -10 0.00014293193817138672
Pedestrian -1 -1 -10 0.0 166.0 8.0 194.0 -1 -1 -1 -1000 -1000 -1000 -10 0.00013875961303710938
Car -1 -1 -10 837.0 168.0 884.0 187.0 -1 -1 -1 -1000 -1000 -1000 -10 0.00013840198516845703
Car -1 -1 -10 737.0 147.0 798.0 184.0 -1 -1 -1 -1000 -1000 -1000 -10 0.00013375282287597656
Car -1 -1 -10 1036.0 162.0 1084.0 180.0 -1 -1 -1 -1000 -1000 -1000 -10 0.00012624263763427734
Pedestrian -1 -1 -10 210.0 163.0 230.0 205.0 -1 -1 -1 -1000 -1000 -1000 -10 0.00012576580047607422
Car -1 -1 -10 944.0 163.0 1032.0 193.0 -1 -1 -1 -1000 -1000 -1000 -10 0.0001239776611328125
Pedestrian -1 -1 -10 210.0 165.0 233.0 209.0 -1 -1 -1 -1000 -1000 -1000 -10 0.0001239776611328125
Pedestrian -1 -1 -10 1.0 180.0 10.0 276.0 -1 -1 -1 -1000 -1000 -1000 -10 0.00012314319610595703
Pedestrian -1 -1 -10 1232.0 183.0 1242.0 282.0 -1 -1 -1 -1000 -1000 -1000 -10 0.00012302398681640625
Car -1 -1 -10 970.0 165.0 1038.0 191.0 -1 -1 -1 -1000 -1000 -1000 -10 0.00011259317398071289
Car -1 -1 -10 441.0 0.0 502.0 44.0 -1 -1 -1 -1000 -1000 -1000 -10 0.00011181831359863281
Pedestrian -1 -1 -10 0.0 204.0 10.0 298.0 -1 -1 -1 -1000 -1000 -1000 -10 0.00010633468627929688
Car -1 -1 -10 805.0 161.0 871.0 189.0 -1 -1 -1 -1000 -1000 -1000 -10 0.00010323524475097656
Car -1 -1 -10 841.0 160.0 906.0 183.0 -1 -1 -1 -1000 -1000 -1000 -10 0.00010019540786743164
