Car -1 -1 -10 835.0 186.0 1241.0 373.0 -1 -1 -1 -1000 -1000 -1000 -10 0.974609375
Car -1 -1 -10 751.0 179.0 937.0 299.0 -1 -1 -1 -1000 -1000 -1000 -10 0.9677734375
Car -1 -1 -10 69.0 189.0 317.0 322.0 -1 -1 -1 -1000 -1000 -1000 -10 0.966796875
Car -1 -1 -10 250.0 184.0 402.0 272.0 -1 -1 -1 -1000 -1000 -1000 -10 0.966796875
Car -1 -1 -10 474.0 177.0 529.0 202.0 -1 -1 -1 -1000 -1000 -1000 -10 0.94873046875
Car -1 -1 -10 621.0 151.0 699.0 192.0 -1 -1 -1 -1000 -1000 -1000 -10 0.927734375
Pedestrian -1 -1 -10 668.0 172.0 683.0 203.0 -1 -1 -1 -1000 -1000 -1000 -10 0.87158203125
Pedestrian -1 -1 -10 667.0 169.0 685.0 201.0 -1 -1 -1 -1000 -1000 -1000 -10 0.5146484375
Pedestrian -1 -1 -10 670.0 168.0 683.0 202.0 -1 -1 -1 -1000 -1000 -1000 -10 0.50537109375
Car -1 -1 -10 621.0 158.0 692.0 190.0 -1 -1 -1 -1000 -1000 -1000 -10 0.348876953125
Pedestrian -1 -1 -10 661.0 163.0 689.0 198.0 -1 -1 -1 -1000 -1000 -1000 -10 0.034271240234375
Car -1 -1 -10 677.0 172.0 735.0 192.0 -1 -1 -1 -1000 -1000 -1000 -10 0.0299224853515625
Pedestrian -1 -1 -10 671.0 168.0 686.0 199.0 -1 -1 -1 -1000 -1000 -1000 -10 0.0261077880859375
Pedestrian -1 -1 -10 665.0 169.0 688.0 201.0 -1 -1 -1 -1000 -1000 -1000 -10 0.0127105712890625
Pedestrian -1 -1 -10 664.0 172.0 686.0 202.0 -1 -1 -1 -1000 -1000 -1000 -10 0.00994110107421875
Pedestrian -1 -1 -10 666.0 164.0 687.0 204.0 -1 -1 -1 -1000 -1000 -1000 -10 0.004100799560546875
Car -1 -1 -10 684.0 172.0 730.0 192.0 -1 -1 -1 -1000 -1000 -1000 -10 0.0037937164306640625
Car -1 -1 -10 684.0 171.0 735.0 195.0 -1 -1 -1 -1000 -1000 -1000 -10 0.0031986236572265625
Car -1 -1 -10 677.0 169.0 733.0 194.0 -1 -1 -1 -1000 -1000 -1000 -10 0.00284576416015625
Pedestrian -1 -1 -10 688.0 170.0 715.0 194.0 -1 -1 -1 -1000 -1000 -1000 -10 0.0026721954345703125
Car -1 -1 -10 630.0 159.0 681.0 188.0 -1 -1 -1 -1000 -1000 -1000 -10 0.0025005340576171875
Pedestrian -1 -1 -10 666.0 169.0 686.0 209.0 -1 -1 -1 -1000 -1000 -1000 -10 0.002410888671875
Pedestrian -1 -1 -10 686.0 170.0 719.0 195.0 -1 -1 -1 -1000 -1000 -1000 -10 0.002361297607421875
Car -1 -1 -10 690.0 171.0 739.0 194.0 -1 -1 -1 -1000 -1000 -1000 -10 0.0020198822021484375
Car -1 -1 -10 686.0 170.0 719.0 194.0 -1 -1 -1 -1000 -1000 -1000 -10 0.0016279220581054688
Pedestrian -1 -1 -10 717.0 170.0 735.0 201.0 -1 -1 -1 -1000 -1000 -1000 -10 0.0014667510986328125
Pedestrian -1 -1 -10 671.0 172.0 685.0 203.0 -1 -1 -1 -1000 -1000 -1000 -10 0.0013599395751953125
Pedestrian -1 -1 -10 708.0 171.0 734.0 199.0 -1 -1 -1 -1000 -1000 -1000 -10 0.0011043548583984375
Car -1 -1 -10 696.0 171.0 735.0 195.0 -1 -1 -1 -1000 -1000 -1000 -10 0.0010118484497070312
Car -1 -1 -10 472.0 175.0 527.0 200.0 -1 -1 -1 -1000 -1000 -1000 -10 0.000965118408203125
Car -1 -1 -10 637.0 153.0 688.0 188.0 -1 -1 -1 -1000 -1000 -1000 -10 0.000957489013671875
Car -1 -1 -10 673.0 167.0 724.0 193.0 -1 -1 -1 -1000 -1000 -1000 -10 0.0009288787841796875
Car -1 -1 -10 688.0 173.0 728.0 195.0 -1 -1 -1 -1000 -1000 -1000 -10 0.0007948875427246094
Pedestrian -1 -1 -10 678.0 164.0 700.0 194.0 -1 -1 -1 -1000 -1000 -1000 -10 0.0007534027099609375
Car -1 -1 -10 472.0 175.0 531.0 208.0 -1 -1 -1 -1000 -1000 -1000 -10 0.0007185935974121094
Car -1 -1 -10 615.0 160.0 679.0 192.0 -1 -1 -1 -1000 -1000 -1000 -10 0.0006508827209472656
Car -1 -1 -10 628.0 165.0 692.0 192.0 -1 -1 -1 -1000 -1000 -1000 -10 0.0006184577941894531
Car -1 -1 -10 122.0 192.0 258.0 314.0 -1 -1 -1 -1000 -1000 -1000 -10 0.0006175041198730469
Car -1 -1 -10 615.0 138.0 701.0 203.0 -1 -1 -1 -1000 -1000 -1000 -10 0.0005316734313964844
Car -1 -1 -10 621.0 145.0 699.0 188.0 -1 -1 -1 -1000 -1000 -1000 -10 0.0005297660827636719
Pedestrian -1 -1 -10 713.0 170.0 737.0 200.0 -1 -1 -1 -1000 -1000 -1000 -10 0.0004851818084716797
Car -1 -1 -10 1.0 218.0 27.0 374.0 -1 -1 -1 -1000 -1000 -1000 -10 0.0004115104675292969
Car -1 -1 -10 766.0 179.0 916.0 296.0 -1 -1 -1 -1000 -1000 -1000 -10 0.0004036426544189453
Car -1 -1 -10 1.0 195.0 25.0 369.0 -1 -1 -1 -1000 -1000 -1000 -10 0.0003981590270996094
Car -1 -1 -10 244.0 178.0 405.0 282.0 -1 -1 -1 -1000 -1000 -1000 -10 0.00039076805114746094
Car -1 -1 -10 579.0 174.0 632.0 193.0 -1 -1 -1 -1000 -1000 -1000 -10 0.0003657341003417969
Car -1 -1 -10 697.0 170.0 748.0 196.0 -1 -1 -1 -1000 -1000 -1000 -10 0.0003609657287597656
Car -1 -1 -10 633.0 152.0 684.0 187.0 -1 -1 -1 -1000 -1000 -1000 -10 0.0003485679626464844
Car -1 -1 -10 0.0 196.0 40.0 373.0 -1 -1 -1 -1000 -1000 -1000 -10 0.00032258033752441406
Pedestrian -1 -1 -10 681.0 167.0 717.0 193.0 -1 -1 -1 -1000 -1000 -1000 -10 0.00031757354736328125
Car -1 -1 -10 703.0 169.0 741.0 197.0 -1 -1 -1 -1000 -1000 -1000 -10 0.0003056526184082031
Car -1 -1 -10 1.0 211.0 31.0 375.0 -1 -1 -1 -1000 -1000 -1000 -10 0.00027370452880859375
Car -1 -1 -10 1.0 186.0 29.0 375.0 -1 -1 -1 -1000 -1000 -1000 -10 0.00026869773864746094
Pedestrian -1 -1 -10 668.0 178.0 682.0 208.0 -1 -1 -1 -1000 -1000 -1000 -10 0.00025081634521484375
Car -1 -1 -10 0.0 218.0 42.0 375.0 -1 -1 -1 -1000 -1000 -1000 -10 0.00023603439331054688
Car -1 -1 -10 797.0 109.0 823.0 130.0 -1 -1 -1 -1000 -1000 -1000 -10 0.0002237558364868164
Car -1 -1 -10 668.0 156.0 720.0 190.0 -1 -1 -1 -1000 -1000 -1000 -10 0.00022077560424804688
Car -1 -1 -10 566.0 99.0 736.0 239.0 -1 -1 -1 -1000 -1000 -1000 -10 0.00020694732666015625
Car -1 -1 -10 580.0 170.0 636.0 192.0 -1 -1 -1 -1000 -1000 -1000 -10 0.00020551681518554688
Car -1 -1 -10 922.0 194.0 1232.0 370.0 -1 -1 -1 -1000 -1000 -1000 -10 0.00018227100372314453
Car -1 -1 -10 559.0 120.0 737.0 244.0 -1 -1 -1 -1000 -1000 -1000 -10 0.00017786026000976562
Car -1 -1 -10 854.0 187.0 1153.0 371.0 -1 -1 -1 -1000 -1000 -1000 -10 0.0001728534698486328
Car -1 -1 -10 582.0 174.0 638.0 197.0 -1 -1 -1 -1000 -1000 -1000 -10 0.00015485286712646484
Car -1 -1 -10 0.0 176.0 22.0 349.0 -1 -1 -1 -1000 -1000 -1000 -10 0.00014865398406982422
Car -1 -1 -10 0.0 173.0 21.0 311.0 -1 -1 -1 -1000 -1000 -1000 -10 0.00014638900756835938
Car -1 -1 -10 587.0 174.0 635.0 193.0 -1 -1 -1 -1000 -1000 -1000 -10 0.00014340877532958984
Car -1 -1 -10 588.0 99.0 757.0 241.0 -1 -1 -1 -1000 -1000 -1000 -10 0.00011980533599853516
Car -1 -1 -10 576.0 170.0 624.0 193.0 -1 -1 -1 -1000 -1000 -1000 -10 0.00011301040649414062
Car -1 -1 -10 0.0 167.0 18.0 291.0 -1 -1 -1 -1000 -1000 -1000 -10 0.00011283159255981445
Pedestrian -1 -1 -10 712.0 170.0 739.0 205.0 -1 -1 -1 -1000 -1000 -1000 -10 0.00011259317398071289
