Car -1 -1 -10 103.0 177.0 410.0 354.0 -1 -1 -1 -1000 -1000 -1000 -10 0.9638671875
Car -1 -1 -10 488.0 176.0 523.0 202.0 -1 -1 -1 -1000 -1000 -1000 -10 0.9404296875
Car -1 -1 -10 437.0 170.0 465.0 189.0 -1 -1 -1 -1000 -1000 -1000 -10 0.92041015625
Car -1 -1 -10 573.0 177.0 601.0 199.0 -1 -1 -1 -1000 -1000 -1000 -10 0.89208984375
Car -1 -1 -10 585.0 161.0 605.0 189.0 -1 -1 -1 -1000 -1000 -1000 -10 0.890625
Car -1 -1 -10 0.0 156.0 29.0 282.0 -1 -1 -1 -1000 -1000 -1000 -10 0.05706787109375
Car -1 -1 -10 0.0 156.0 24.0 275.0 -1 -1 -1 -1000 -1000 -1000 -10 0.0221099853515625
Car -1 -1 -10 587.0 163.0 607.0 190.0 -1 -1 -1 -1000 -1000 -1000 -10 0.0131988525390625
Car -1 -1 -10 0.0 165.0 33.0 295.0 -1 -1 -1 -1000 -1000 -1000 -10 0.00830078125
Car -1 -1 -10 0.0 155.0 36.0 277.0 -1 -1 -1 -1000 -1000 -1000 -10 0.007579803466796875
Car -1 -1 -10 0.0 140.0 31.0 277.0 -1 -1 -1 -1000 -1000 -1000 -10 0.006305694580078125
Car -1 -1 -10 0.0 155.0 40.0 290.0 -1 -1 -1 -1000 -1000 -1000 -10 0.004474639892578125
Car -1 -1 -10 0.0 149.0 27.0 268.0 -1 -1 -1 -1000 -1000 -1000 -10 0.00429534912109375
Car -1 -1 -10 0.0 149.0 22.0 265.0 -1 -1 -1 -1000 -1000 -1000 -10 0.0025730133056640625
Car -1 -1 -10 573.0 173.0 595.0 195.0 -1 -1 -1 -1000 -1000 -1000 -10 0.0020198822021484375
Car -1 -1 -10 0.0 155.0 47.0 279.0 -1 -1 -1 -1000 -1000 -1000 -10 0.001834869384765625
Car -1 -1 -10 0.0 167.0 21.0 291.0 -1 -1 -1 -1000 -1000 -1000 -10 0.0016756057739257812
Car -1 -1 -10 0.0 116.0 24.0 265.0 -1 -1 -1 -1000 -1000 -1000 -10 0.0009703636169433594
Car -1 -1 -10 0.0 171.0 27.0 324.0 -1 -1 -1 -1000 -1000 -1000 -10 0.0009479522705078125
Car -1 -1 -10 572.0 172.0 603.0 205.0 -1 -1 -1 -1000 -1000 -1000 -10 0.00084686279296875
Car -1 -1 -10 0.0 105.0 27.0 275.0 -1 -1 -1 -1000 -1000 -1000 -10 0.0008459091186523438
Car -1 -1 -10 436.0 167.0 465.0 186.0 -1 -1 -1 -1000 -1000 -1000 -10 0.0008349418640136719
Car -1 -1 -10 0.0 161.0 52.0 325.0 -1 -1 -1 -1000 -1000 -1000 -10 0.0006756782531738281
Car -1 -1 -10 435.0 167.0 466.0 194.0 -1 -1 -1 -1000 -1000 -1000 -10 0.0006508827209472656
Car -1 -1 -10 591.0 161.0 613.0 188.0 -1 -1 -1 -1000 -1000 -1000 -10 0.0006232261657714844
Car -1 -1 -10 487.0 174.0 524.0 207.0 -1 -1 -1 -1000 -1000 -1000 -10 0.0006127357482910156
Car -1 -1 -10 583.0 168.0 605.0 194.0 -1 -1 -1 -1000 -1000 -1000 -10 0.0005970001220703125
Car -1 -1 -10 0.0 176.0 39.0 283.0 -1 -1 -1 -1000 -1000 -1000 -10 0.0005736351013183594
Car -1 -1 -10 0.0 126.0 42.0 271.0 -1 -1 -1 -1000 -1000 -1000 -10 0.0005450248718261719
Car -1 -1 -10 581.0 169.0 608.0 194.0 -1 -1 -1 -1000 -1000 -1000 -10 0.00052642822265625
Car -1 -1 -10 493.0 175.0 527.0 199.0 -1 -1 -1 -1000 -1000 -1000 -10 0.00046563148498535156
Car -1 -1 -10 436.0 169.0 462.0 186.0 -1 -1 -1 -1000 -1000 -1000 -10 0.0004210472106933594
Car -1 -1 -10 0.0 155.0 54.0 305.0 -1 -1 -1 -1000 -1000 -1000 -10 0.0004200935363769531
Car -1 -1 -10 572.0 169.0 601.0 202.0 -1 -1 -1 -1000 -1000 -1000 -10 0.0004200935363769531
Car -1 -1 -10 574.0 166.0 605.0 200.0 -1 -1 -1 -1000 -1000 -1000 -10 0.0004172325134277344
Car -1 -1 -10 0.0 110.0 32.0 263.0 -1 -1 -1 -1000 -1000 -1000 -10 0.00037097930908203125
Car -1 -1 -10 0.0 165.0 42.0 340.0 -1 -1 -1 -1000 -1000 -1000 -10 0.00034999847412109375
Car -1 -1 -10 0.0 94.0 33.0 278.0 -1 -1 -1 -1000 -1000 -1000 -10 0.00034046173095703125
Car -1 -1 -10 0.0 185.0 30.0 292.0 -1 -1 -1 -1000 -1000 -1000 -10 0.0003268718719482422
Car -1 -1 -10 0.0 181.0 18.0 301.0 -1 -1 -1 -1000 -1000 -1000 -10 0.0003235340118408203
Car -1 -1 -10 0.0 149.0 18.0 244.0 -1 -1 -1 -1000 -1000 -1000 -10 0.00032258033752441406
Car -1 -1 -10 584.0 158.0 608.0 192.0 -1 -1 -1 -1000 -1000 -1000 -10 0.0003008842468261719
Car -1 -1 -10 0.0 151.0 25.0 243.0 -1 -1 -1 -1000 -1000 -1000 -10 0.0002791881561279297
Car -1 -1 -10 439.0 169.0 465.0 186.0 -1 -1 -1 -1000 -1000 -1000 -10 0.00026798248291015625
Car -1 -1 -10 572.0 165.0 593.0 187.0 -1 -1 -1 -1000 -1000 -1000 -10 0.0002601146697998047
Car -1 -1 -10 193.0 189.0 309.0 339.0 -1 -1 -1 -1000 -1000 -1000 -10 0.00021696090698242188
Car -1 -1 -10 472.0 173.0 491.0 187.0 -1 -1 -1 -1000 -1000 -1000 -10 0.00021266937255859375
Car -1 -1 -10 0.0 181.0 42.0 300.0 -1 -1 -1 -1000 -1000 -1000 -10 0.00016188621520996094
Car -1 -1 -10 427.0 170.0 455.0 187.0 -1 -1 -1 -1000 -1000 -1000 -10 0.00015974044799804688
Car -1 -1 -10 471.0 172.0 488.0 184.0 -1 -1 -1 -1000 -1000 -1000 -10 0.0001575946807861328
Car -1 -1 -10 589.0 161.0 618.0 188.0 -1 -1 -1 -1000 -1000 -1000 -10 0.0001538991928100586
Car -1 -1 -10 0.0 161.0 64.0 331.0 -1 -1 -1 -1000 -1000 -1000 -10 0.00015079975128173828
Car -1 -1 -10 469.0 1.0 532.0 49.0 -1 -1 -1 -1000 -1000 -1000 -10 0.0001354217529296875
Car -1 -1 -10 439.0 0.0 503.0 48.0 -1 -1 -1 -1000 -1000 -1000 -10 0.00013196468353271484
Car -1 -1 -10 0.0 145.0 15.0 225.0 -1 -1 -1 -1000 -1000 -1000 -10 0.00013124942779541016
Car -1 -1 -10 0.0 152.0 60.0 285.0 -1 -1 -1 -1000 -1000 -1000 -10 0.00012886524200439453
Car -1 -1 -10 437.0 165.0 465.0 189.0 -1 -1 -1 -1000 -1000 -1000 -10 0.00012624263763427734
Car -1 -1 -10 0.0 180.0 24.0 246.0 -1 -1 -1 -1000 -1000 -1000 -10 0.0001226663589477539
Car -1 -1 -10 0.0 188.0 24.0 254.0 -1 -1 -1 -1000 -1000 -1000 -10 0.00011849403381347656
Car -1 -1 -10 479.0 1.0 538.0 48.0 -1 -1 -1 -1000 -1000 -1000 -10 0.0001125335693359375
Car -1 -1 -10 29.0 113.0 61.0 148.0 -1 -1 -1 -1000 -1000 -1000 -10 0.00011116266250610352
Car -1 -1 -10 0.0 188.0 33.0 309.0 -1 -1 -1 -1000 -1000 -1000 -10 0.00010967254638671875
Car -1 -1 -10 0.0 83.0 23.0 253.0 -1 -1 -1 -1000 -1000 -1000 -10 0.00010216236114501953
