Car -1 -1 -10 452.0 184.0 524.0 205.0 -1 -1 -1 -1000 -1000 -1000 -10 0.9326171875
Car -1 -1 -10 452.0 182.0 521.0 202.0 -1 -1 -1 -1000 -1000 -1000 -10 0.004390716552734375
Car -1 -1 -10 450.0 178.0 527.0 209.0 -1 -1 -1 -1000 -1000 -1000 -10 0.0020580291748046875
Car -1 -1 -10 0.0 214.0 24.0 346.0 -1 -1 -1 -1000 -1000 -1000 -10 0.0003826618194580078
Car -1 -1 -10 0.0 226.0 26.0 367.0 -1 -1 -1 -1000 -1000 -1000 -10 0.00035452842712402344
Car -1 -1 -10 0.0 203.0 22.0 329.0 -1 -1 -1 -1000 -1000 -1000 -10 0.0003504753112792969
Car -1 -1 -10 452.0 187.0 528.0 209.0 -1 -1 -1 -1000 -1000 -1000 -10 0.00027561187744140625
Car -1 -1 -10 464.0 185.0 516.0 202.0 -1 -1 -1 -1000 -1000 -1000 -10 0.00022876262664794922
Car -1 -1 -10 0.0 194.0 26.0 336.0 -1 -1 -1 -1000 -1000 -1000 -10 0.0002181529998779297
Car -1 -1 -10 0.0 217.0 27.0 333.0 -1 -1 -1 -1000 -1000 -1000 -10 0.00021016597747802734
Car -1 -1 -10 0.0 208.0 16.0 322.0 -1 -1 -1 -1000 -1000 -1000 -10 0.00018775463104248047
Car -1 -1 -10 0.0 215.0 17.0 334.0 -1 -1 -1 -1000 -1000 -1000 -10 0.00016939640045166016
Car -1 -1 -10 468.0 180.0 536.0 204.0 -1 -1 -1 -1000 -1000 -1000 -10 0.00013720989227294922
Car -1 -1 -10 0.0 200.0 14.0 309.0 -1 -1 -1 -1000 -1000 -1000 -10 0.00013387203216552734
Car -1 -1 -10 0.0 179.0 22.0 314.0 -1 -1 -1 -1000 -1000 -1000 -10 0.0001302957534790039
Car -1 -1 -10 0.0 209.0 36.0 359.0 -1 -1 -1 -1000 -1000 -1000 -10 0.00012636184692382812
Car -1 -1 -10 0.0 230.0 43.0 369.0 -1 -1 -1 -1000 -1000 -1000 -10 0.00011658668518066406
Car -1 -1 -10 0.0 214.0 25.0 317.0 -1 -1 -1 -1000 -1000 -1000 -10 0.00010442733764648438
