Car -1 -1 -10 847.0 185.0 1240.0 373.0 -1 -1 -1 -1000 -1000 -1000 -10 0.9716796875
Car -1 -1 -10 315.0 185.0 506.0 302.0 -1 -1 -1 -1000 -1000 -1000 -10 0.962890625
Car -1 -1 -10 723.0 190.0 889.0 303.0 -1 -1 -1 -1000 -1000 -1000 -10 0.9580078125
Car -1 -1 -10 686.0 187.0 788.0 258.0 -1 -1 -1 -1000 -1000 -1000 -10 0.95166015625
Car -1 -1 -10 426.0 178.0 525.0 247.0 -1 -1 -1 -1000 -1000 -1000 -10 0.943359375
Car -1 -1 -10 502.0 178.0 553.0 221.0 -1 -1 -1 -1000 -1000 -1000 -10 0.93115234375
Car -1 -1 -10 668.0 182.0 714.0 216.0 -1 -1 -1 -1000 -1000 -1000 -10 0.9228515625
Car -1 -1 -10 644.0 166.0 668.0 193.0 -1 -1 -1 -1000 -1000 -1000 -10 0.86376953125
Car -1 -1 -10 652.0 177.0 678.0 199.0 -1 -1 -1 -1000 -1000 -1000 -10 0.85693359375
Car -1 -1 -10 648.0 168.0 673.0 196.0 -1 -1 -1 -1000 -1000 -1000 -10 0.70458984375
Car -1 -1 -10 657.0 178.0 682.0 201.0 -1 -1 -1 -1000 -1000 -1000 -10 0.01290130615234375
Car -1 -1 -10 645.0 164.0 669.0 189.0 -1 -1 -1 -1000 -1000 -1000 -10 0.0105133056640625
Car -1 -1 -10 376.0 172.0 549.0 274.0 -1 -1 -1 -1000 -1000 -1000 -10 0.00701904296875
Car -1 -1 -10 533.0 179.0 569.0 210.0 -1 -1 -1 -1000 -1000 -1000 -10 0.005916595458984375
Car -1 -1 -10 684.0 175.0 812.0 273.0 -1 -1 -1 -1000 -1000 -1000 -10 0.003692626953125
Car -1 -1 -10 505.0 184.0 553.0 223.0 -1 -1 -1 -1000 -1000 -1000 -10 0.0034389495849609375
Car -1 -1 -10 656.0 173.0 682.0 197.0 -1 -1 -1 -1000 -1000 -1000 -10 0.001804351806640625
Car -1 -1 -10 666.0 170.0 728.0 235.0 -1 -1 -1 -1000 -1000 -1000 -10 0.0014896392822265625
Car -1 -1 -10 668.0 180.0 723.0 216.0 -1 -1 -1 -1000 -1000 -1000 -10 0.0013780593872070312
Car -1 -1 -10 410.0 166.0 537.0 263.0 -1 -1 -1 -1000 -1000 -1000 -10 0.0013647079467773438
Car -1 -1 -10 528.0 178.0 567.0 211.0 -1 -1 -1 -1000 -1000 -1000 -10 0.0012760162353515625
Car -1 -1 -10 334.0 186.0 481.0 298.0 -1 -1 -1 -1000 -1000 -1000 -10 0.0009918212890625
Car -1 -1 -10 646.0 165.0 672.0 203.0 -1 -1 -1 -1000 -1000 -1000 -10 0.00083160400390625
Car -1 -1 -10 663.0 165.0 720.0 225.0 -1 -1 -1 -1000 -1000 -1000 -10 0.0007810592651367188
Car -1 -1 -10 673.0 178.0 800.0 275.0 -1 -1 -1 -1000 -1000 -1000 -10 0.0007576942443847656
Car -1 -1 -10 499.0 169.0 566.0 235.0 -1 -1 -1 -1000 -1000 -1000 -10 0.0006856918334960938
Car -1 -1 -10 0.0 224.0 26.0 373.0 -1 -1 -1 -1000 -1000 -1000 -10 0.0006489753723144531
Car -1 -1 -10 429.0 158.0 565.0 265.0 -1 -1 -1 -1000 -1000 -1000 -10 0.0005965232849121094
Car -1 -1 -10 0.0 223.0 42.0 375.0 -1 -1 -1 -1000 -1000 -1000 -10 0.0005340576171875
Car -1 -1 -10 518.0 176.0 562.0 213.0 -1 -1 -1 -1000 -1000 -1000 -10 0.0004189014434814453
Car -1 -1 -10 496.0 166.0 555.0 227.0 -1 -1 -1 -1000 -1000 -1000 -10 0.0004181861877441406
Car -1 -1 -10 608.0 126.0 766.0 247.0 -1 -1 -1 -1000 -1000 -1000 -10 0.0003681182861328125
Car -1 -1 -10 652.0 169.0 674.0 192.0 -1 -1 -1 -1000 -1000 -1000 -10 0.0003190040588378906
Car -1 -1 -10 1217.0 195.0 1242.0 366.0 -1 -1 -1 -1000 -1000 -1000 -10 0.00028705596923828125
Car -1 -1 -10 664.0 177.0 726.0 225.0 -1 -1 -1 -1000 -1000 -1000 -10 0.00028634071350097656
Car -1 -1 -10 422.0 184.0 516.0 252.0 -1 -1 -1 -1000 -1000 -1000 -10 0.00028395652770996094
Car -1 -1 -10 638.0 166.0 661.0 191.0 -1 -1 -1 -1000 -1000 -1000 -10 0.00028133392333984375
Car -1 -1 -10 529.0 182.0 564.0 213.0 -1 -1 -1 -1000 -1000 -1000 -10 0.00026726722717285156
Car -1 -1 -10 0.0 194.0 45.0 375.0 -1 -1 -1 -1000 -1000 -1000 -10 0.0002605915069580078
Car -1 -1 -10 919.0 189.0 1230.0 370.0 -1 -1 -1 -1000 -1000 -1000 -10 0.00025534629821777344
Car -1 -1 -10 467.0 138.0 622.0 275.0 -1 -1 -1 -1000 -1000 -1000 -10 0.0002529621124267578
Car -1 -1 -10 410.0 178.0 515.0 255.0 -1 -1 -1 -1000 -1000 -1000 -10 0.000244140625
Car -1 -1 -10 1212.0 191.0 1242.0 370.0 -1 -1 -1 -1000 -1000 -1000 -10 0.0002372264862060547
Car -1 -1 -10 1217.0 177.0 1242.0 345.0 -1 -1 -1 -1000 -1000 -1000 -10 0.00022351741790771484
Car -1 -1 -10 0.0 201.0 28.0 375.0 -1 -1 -1 -1000 -1000 -1000 -10 0.00021886825561523438
Car -1 -1 -10 531.0 174.0 568.0 206.0 -1 -1 -1 -1000 -1000 -1000 -10 0.0002168416976928711
Car -1 -1 -10 697.0 186.0 778.0 257.0 -1 -1 -1 -1000 -1000 -1000 -10 0.00021660327911376953
Car -1 -1 -10 522.0 173.0 564.0 215.0 -1 -1 -1 -1000 -1000 -1000 -10 0.0002073049545288086
Car -1 -1 -10 610.0 138.0 772.0 276.0 -1 -1 -1 -1000 -1000 -1000 -10 0.0002052783966064453
Car -1 -1 -10 0.0 237.0 48.0 375.0 -1 -1 -1 -1000 -1000 -1000 -10 0.0001901388168334961
Car -1 -1 -10 0.0 247.0 26.0 375.0 -1 -1 -1 -1000 -1000 -1000 -10 0.00018835067749023438
Car -1 -1 -10 520.0 182.0 560.0 219.0 -1 -1 -1 -1000 -1000 -1000 -10 0.00017964839935302734
Car -1 -1 -10 433.0 132.0 596.0 247.0 -1 -1 -1 -1000 -1000 -1000 -10 0.00017881393432617188
Car -1 -1 -10 0.0 221.0 66.0 371.0 -1 -1 -1 -1000 -1000 -1000 -10 0.0001735687255859375
Car -1 -1 -10 1193.0 197.0 1242.0 366.0 -1 -1 -1 -1000 -1000 -1000 -10 0.00017249584197998047
Car -1 -1 -10 1189.0 220.0 1242.0 371.0 -1 -1 -1 -1000 -1000 -1000 -10 0.000171661376953125
Car -1 -1 -10 434.0 180.0 516.0 249.0 -1 -1 -1 -1000 -1000 -1000 -10 0.00016176700592041016
Car -1 -1 -10 1212.0 223.0 1242.0 370.0 -1 -1 -1 -1000 -1000 -1000 -10 0.00015795230865478516
Car -1 -1 -10 496.0 179.0 548.0 219.0 -1 -1 -1 -1000 -1000 -1000 -10 0.0001481771469116211
Car -1 -1 -10 648.0 166.0 675.0 201.0 -1 -1 -1 -1000 -1000 -1000 -10 0.0001367330551147461
Car -1 -1 -10 284.0 70.0 310.0 93.0 -1 -1 -1 -1000 -1000 -1000 -10 0.00012731552124023438
Car -1 -1 -10 1212.0 178.0 1242.0 343.0 -1 -1 -1 -1000 -1000 -1000 -10 0.00012052059173583984
Car -1 -1 -10 681.0 177.0 726.0 209.0 -1 -1 -1 -1000 -1000 -1000 -10 0.00011795759201049805
Car -1 -1 -10 1220.0 170.0 1242.0 314.0 -1 -1 -1 -1000 -1000 -1000 -10 0.00011718273162841797
Car -1 -1 -10 281.0 70.0 313.0 94.0 -1 -1 -1 -1000 -1000 -1000 -10 0.00011616945266723633
Car -1 -1 -10 0.0 239.0 16.0 372.0 -1 -1 -1 -1000 -1000 -1000 -10 0.00011491775512695312
Car -1 -1 -10 441.0 178.0 522.0 246.0 -1 -1 -1 -1000 -1000 -1000 -10 0.00010532140731811523
Car -1 -1 -10 1.0 242.0 30.0 375.0 -1 -1 -1 -1000 -1000 -1000 -10 0.00010138750076293945
