Car -1 -1 -10 772.0 163.0 1181.0 373.0 -1 -1 -1 -1000 -1000 -1000 -10 0.9716796875
Car -1 -1 -10 1.0 179.0 190.0 290.0 -1 -1 -1 -1000 -1000 -1000 -10 0.96240234375
Car -1 -1 -10 685.0 164.0 785.0 233.0 -1 -1 -1 -1000 -1000 -1000 -10 0.94287109375
Car -1 -1 -10 492.0 164.0 569.0 228.0 -1 -1 -1 -1000 -1000 -1000 -10 0.93212890625
Car -1 -1 -10 663.0 159.0 702.0 198.0 -1 -1 -1 -1000 -1000 -1000 -10 0.92626953125
Car -1 -1 -10 549.0 168.0 591.0 201.0 -1 -1 -1 -1000 -1000 -1000 -10 0.90673828125
Car -1 -1 -10 674.0 165.0 741.0 214.0 -1 -1 -1 -1000 -1000 -1000 -10 0.90283203125
Car -1 -1 -10 675.0 166.0 752.0 216.0 -1 -1 -1 -1000 -1000 -1000 -10 0.1011962890625
Car -1 -1 -10 551.0 166.0 591.0 197.0 -1 -1 -1 -1000 -1000 -1000 -10 0.0200042724609375
Car -1 -1 -10 1.0 190.0 41.0 372.0 -1 -1 -1 -1000 -1000 -1000 -10 0.01189422607421875
Car -1 -1 -10 0.0 186.0 31.0 371.0 -1 -1 -1 -1000 -1000 -1000 -10 0.01165771484375
Car -1 -1 -10 670.0 160.0 746.0 220.0 -1 -1 -1 -1000 -1000 -1000 -10 0.0107421875
Car -1 -1 -10 541.0 166.0 591.0 207.0 -1 -1 -1 -1000 -1000 -1000 -10 0.00653076171875
Car -1 -1 -10 1.0 172.0 38.0 359.0 -1 -1 -1 -1000 -1000 -1000 -10 0.005786895751953125
Car -1 -1 -10 660.0 162.0 690.0 193.0 -1 -1 -1 -1000 -1000 -1000 -10 0.00505828857421875
Car -1 -1 -10 580.0 164.0 604.0 187.0 -1 -1 -1 -1000 -1000 -1000 -10 0.00472259521484375
Car -1 -1 -10 562.0 167.0 594.0 195.0 -1 -1 -1 -1000 -1000 -1000 -10 0.00312042236328125
Car -1 -1 -10 1.0 190.0 56.0 370.0 -1 -1 -1 -1000 -1000 -1000 -10 0.0026760101318359375
Car -1 -1 -10 555.0 168.0 594.0 198.0 -1 -1 -1 -1000 -1000 -1000 -10 0.002391815185546875
Car -1 -1 -10 0.0 167.0 23.0 324.0 -1 -1 -1 -1000 -1000 -1000 -10 0.0017948150634765625
Car -1 -1 -10 681.0 167.0 733.0 212.0 -1 -1 -1 -1000 -1000 -1000 -10 0.0015087127685546875
Car -1 -1 -10 576.0 163.0 602.0 186.0 -1 -1 -1 -1000 -1000 -1000 -10 0.0014772415161132812
Car -1 -1 -10 663.0 165.0 706.0 200.0 -1 -1 -1 -1000 -1000 -1000 -10 0.0013370513916015625
Car -1 -1 -10 684.0 168.0 767.0 226.0 -1 -1 -1 -1000 -1000 -1000 -10 0.0012531280517578125
Car -1 -1 -10 0.0 213.0 31.0 355.0 -1 -1 -1 -1000 -1000 -1000 -10 0.0012187957763671875
Car -1 -1 -10 1.0 182.0 74.0 374.0 -1 -1 -1 -1000 -1000 -1000 -10 0.0010395050048828125
Car -1 -1 -10 1.0 214.0 46.0 355.0 -1 -1 -1 -1000 -1000 -1000 -10 0.0009069442749023438
Car -1 -1 -10 666.0 152.0 738.0 219.0 -1 -1 -1 -1000 -1000 -1000 -10 0.0008897781372070312
Car -1 -1 -10 653.0 162.0 682.0 190.0 -1 -1 -1 -1000 -1000 -1000 -10 0.0008187294006347656
Car -1 -1 -10 677.0 152.0 804.0 253.0 -1 -1 -1 -1000 -1000 -1000 -10 0.00066375732421875
Car -1 -1 -10 0.0 166.0 20.0 275.0 -1 -1 -1 -1000 -1000 -1000 -10 0.0006561279296875
Car -1 -1 -10 545.0 153.0 607.0 212.0 -1 -1 -1 -1000 -1000 -1000 -10 0.0005331039428710938
Car -1 -1 -10 521.0 153.0 586.0 221.0 -1 -1 -1 -1000 -1000 -1000 -10 0.0004298686981201172
Car -1 -1 -10 656.0 163.0 697.0 200.0 -1 -1 -1 -1000 -1000 -1000 -10 0.0004291534423828125
Car -1 -1 -10 462.0 145.0 587.0 238.0 -1 -1 -1 -1000 -1000 -1000 -10 0.0004191398620605469
Car -1 -1 -10 1215.0 181.0 1242.0 336.0 -1 -1 -1 -1000 -1000 -1000 -10 0.0004050731658935547
Car -1 -1 -10 677.0 172.0 756.0 231.0 -1 -1 -1 -1000 -1000 -1000 -10 0.0003809928894042969
Car -1 -1 -10 0.0 195.0 28.0 313.0 -1 -1 -1 -1000 -1000 -1000 -10 0.00037550926208496094
Car -1 -1 -10 1216.0 180.0 1242.0 300.0 -1 -1 -1 -1000 -1000 -1000 -10 0.00035762786865234375
Car -1 -1 -10 0.0 163.0 25.0 277.0 -1 -1 -1 -1000 -1000 -1000 -10 0.00035071372985839844
Car -1 -1 -10 692.0 164.0 774.0 229.0 -1 -1 -1 -1000 -1000 -1000 -10 0.0003495216369628906
Car -1 -1 -10 706.0 166.0 755.0 220.0 -1 -1 -1 -1000 -1000 -1000 -10 0.0003376007080078125
Car -1 -1 -10 0.0 215.0 18.0 354.0 -1 -1 -1 -1000 -1000 -1000 -10 0.0003235340118408203
Car -1 -1 -10 670.0 151.0 792.0 239.0 -1 -1 -1 -1000 -1000 -1000 -10 0.0003120899200439453
Car -1 -1 -10 0.0 167.0 15.0 261.0 -1 -1 -1 -1000 -1000 -1000 -10 0.0003063678741455078
Car -1 -1 -10 1211.0 176.0 1242.0 304.0 -1 -1 -1 -1000 -1000 -1000 -10 0.0002923011779785156
Car -1 -1 -10 1213.0 192.0 1241.0 367.0 -1 -1 -1 -1000 -1000 -1000 -10 0.0002913475036621094
Car -1 -1 -10 0.0 177.0 14.0 268.0 -1 -1 -1 -1000 -1000 -1000 -10 0.0002834796905517578
Car -1 -1 -10 687.0 166.0 737.0 209.0 -1 -1 -1 -1000 -1000 -1000 -10 0.0002827644348144531
Car -1 -1 -10 479.0 147.0 603.0 254.0 -1 -1 -1 -1000 -1000 -1000 -10 0.00028014183044433594
Car -1 -1 -10 1.0 176.0 168.0 282.0 -1 -1 -1 -1000 -1000 -1000 -10 0.00028014183044433594
Car -1 -1 -10 512.0 115.0 662.0 238.0 -1 -1 -1 -1000 -1000 -1000 -10 0.00026702880859375
Car -1 -1 -10 1.0 208.0 42.0 342.0 -1 -1 -1 -1000 -1000 -1000 -10 0.00026535987854003906
Car -1 -1 -10 0.0 208.0 49.0 375.0 -1 -1 -1 -1000 -1000 -1000 -10 0.0002582073211669922
Car -1 -1 -10 1192.0 175.0 1242.0 349.0 -1 -1 -1 -1000 -1000 -1000 -10 0.00024127960205078125
Car -1 -1 -10 1188.0 187.0 1241.0 374.0 -1 -1 -1 -1000 -1000 -1000 -10 0.0002359151840209961
Car -1 -1 -10 557.0 161.0 588.0 187.0 -1 -1 -1 -1000 -1000 -1000 -10 0.0002315044403076172
Car -1 -1 -10 648.0 147.0 708.0 208.0 -1 -1 -1 -1000 -1000 -1000 -10 0.00022530555725097656
Car -1 -1 -10 618.0 139.0 774.0 256.0 -1 -1 -1 -1000 -1000 -1000 -10 0.0002084970474243164
Car -1 -1 -10 0.0 174.0 43.0 307.0 -1 -1 -1 -1000 -1000 -1000 -10 0.0002052783966064453
Car -1 -1 -10 579.0 163.0 606.0 188.0 -1 -1 -1 -1000 -1000 -1000 -10 0.000202178955078125
Car -1 -1 -10 1216.0 166.0 1242.0 280.0 -1 -1 -1 -1000 -1000 -1000 -10 0.00020194053649902344
Car -1 -1 -10 0.0 188.0 26.0 302.0 -1 -1 -1 -1000 -1000 -1000 -10 0.00019693374633789062
Car -1 -1 -10 671.0 170.0 739.0 217.0 -1 -1 -1 -1000 -1000 -1000 -10 0.00019657611846923828
Car -1 -1 -10 0.0 169.0 25.0 259.0 -1 -1 -1 -1000 -1000 -1000 -10 0.00018680095672607422
Car -1 -1 -10 0.0 154.0 20.0 260.0 -1 -1 -1 -1000 -1000 -1000 -10 0.00017952919006347656
Car -1 -1 -10 1211.0 159.0 1242.0 287.0 -1 -1 -1 -1000 -1000 -1000 -10 0.0001691579818725586
Car -1 -1 -10 1.0 189.0 15.0 300.0 -1 -1 -1 -1000 -1000 -1000 -10 0.00016832351684570312
Car -1 -1 -10 0.0 182.0 14.0 280.0 -1 -1 -1 -1000 -1000 -1000 -10 0.00015914440155029297
Car -1 -1 -10 0.0 197.0 17.0 331.0 -1 -1 -1 -1000 -1000 -1000 -10 0.00015223026275634766
Car -1 -1 -10 0.0 161.0 14.0 249.0 -1 -1 -1 -1000 -1000 -1000 -10 0.0001494884490966797
Car -1 -1 -10 1206.0 189.0 1242.0 300.0 -1 -1 -1 -1000 -1000 -1000 -10 0.0001271963119506836
Car -1 -1 -10 1.0 202.0 39.0 306.0 -1 -1 -1 -1000 -1000 -1000 -10 0.0001271963119506836
Car -1 -1 -10 539.0 168.0 584.0 202.0 -1 -1 -1 -1000 -1000 -1000 -10 0.0001264810562133789
Car -1 -1 -10 1193.0 173.0 1242.0 310.0 -1 -1 -1 -1000 -1000 -1000 -10 0.00012540817260742188
Car -1 -1 -10 0.0 177.0 24.0 268.0 -1 -1 -1 -1000 -1000 -1000 -10 0.00012314319610595703
Car -1 -1 -10 0.0 189.0 124.0 373.0 -1 -1 -1 -1000 -1000 -1000 -10 0.0001214742660522461
Car -1 -1 -10 1208.0 181.0 1242.0 287.0 -1 -1 -1 -1000 -1000 -1000 -10 0.00012040138244628906
Car -1 -1 -10 579.0 115.0 750.0 236.0 -1 -1 -1 -1000 -1000 -1000 -10 0.00011944770812988281
Car -1 -1 -10 1.0 193.0 18.0 316.0 -1 -1 -1 -1000 -1000 -1000 -10 0.0001150965690612793
Car -1 -1 -10 468.0 112.0 640.0 249.0 -1 -1 -1 -1000 -1000 -1000 -10 0.00011259317398071289
Car -1 -1 -10 0.0 146.0 25.0 269.0 -1 -1 -1 -1000 -1000 -1000 -10 0.00010144710540771484
Car -1 -1 -10 19.0 179.0 173.0 288.0 -1 -1 -1 -1000 -1000 -1000 -10 0.00010055303573608398
