Car -1 -1 -10 346.0 189.0 644.0 315.0 -1 -1 -1 -1000 -1000 -1000 -10 0.96484375
Car -1 -1 -10 802.0 89.0 1197.0 216.0 -1 -1 -1 -1000 -1000 -1000 -10 0.9365234375
Pedestrian -1 -1 -10 279.0 149.0 389.0 370.0 -1 -1 -1 -1000 -1000 -1000 -10 0.9228515625
Pedestrian -1 -1 -10 0.0 180.0 118.0 371.0 -1 -1 -1 -1000 -1000 -1000 -10 0.892578125
Pedestrian -1 -1 -10 0.0 162.0 137.0 370.0 -1 -1 -1 -1000 -1000 -1000 -10 0.040924072265625
Pedestrian -1 -1 -10 1208.0 174.0 1238.0 345.0 -1 -1 -1 -1000 -1000 -1000 -10 0.03387451171875
Pedestrian -1 -1 -10 1188.0 176.0 1238.0 336.0 -1 -1 -1 -1000 -1000 -1000 -10 0.033203125
Pedestrian -1 -1 -10 1194.0 182.0 1237.0 364.0 -1 -1 -1 -1000 -1000 -1000 -10 0.027923583984375
Pedestrian -1 -1 -10 1178.0 174.0 1236.0 333.0 -1 -1 -1 -1000 -1000 -1000 -10 0.02496337890625
Pedestrian -1 -1 -10 0.0 161.0 98.0 374.0 -1 -1 -1 -1000 -1000 -1000 -10 0.0238800048828125
Pedestrian -1 -1 -10 1206.0 163.0 1238.0 329.0 -1 -1 -1 -1000 -1000 -1000 -10 0.018157958984375
Pedestrian -1 -1 -10 1181.0 176.0 1238.0 357.0 -1 -1 -1 -1000 -1000 -1000 -10 0.0107879638671875
Car -1 -1 -10 986.0 88.0 1238.0 212.0 -1 -1 -1 -1000 -1000 -1000 -10 0.01078033447265625
Pedestrian -1 -1 -10 0.0 152.0 110.0 360.0 -1 -1 -1 -1000 -1000 -1000 -10 0.008270263671875
Pedestrian -1 -1 -10 1172.0 183.0 1230.0 329.0 -1 -1 -1 -1000 -1000 -1000 -10 0.00788116455078125
Pedestrian -1 -1 -10 1182.0 159.0 1237.0 315.0 -1 -1 -1 -1000 -1000 -1000 -10 0.0073699951171875
Car -1 -1 -10 817.0 93.0 1128.0 217.0 -1 -1 -1 -1000 -1000 -1000 -10 0.00726318359375
Pedestrian -1 -1 -10 1171.0 172.0 1233.0 315.0 -1 -1 -1 -1000 -1000 -1000 -10 0.006072998046875
Pedestrian -1 -1 -10 1205.0 177.0 1237.0 313.0 -1 -1 -1 -1000 -1000 -1000 -10 0.005390167236328125
Pedestrian -1 -1 -10 1211.0 142.0 1238.0 312.0 -1 -1 -1 -1000 -1000 -1000 -10 0.00519561767578125
Pedestrian -1 -1 -10 1211.0 199.0 1238.0 374.0 -1 -1 -1 -1000 -1000 -1000 -10 0.00478363037109375
Pedestrian -1 -1 -10 1192.0 184.0 1237.0 322.0 -1 -1 -1 -1000 -1000 -1000 -10 0.00431060791015625
Pedestrian -1 -1 -10 0.0 106.0 72.0 358.0 -1 -1 -1 -1000 -1000 -1000 -10 0.003162384033203125
Pedestrian -1 -1 -10 1207.0 203.0 1238.0 340.0 -1 -1 -1 -1000 -1000 -1000 -10 0.0024166107177734375
Pedestrian -1 -1 -10 1170.0 190.0 1221.0 356.0 -1 -1 -1 -1000 -1000 -1000 -10 0.0017690658569335938
Pedestrian -1 -1 -10 1177.0 194.0 1232.0 328.0 -1 -1 -1 -1000 -1000 -1000 -10 0.0016841888427734375
Pedestrian -1 -1 -10 0.0 112.0 129.0 369.0 -1 -1 -1 -1000 -1000 -1000 -10 0.0016508102416992188
Car -1 -1 -10 880.0 98.0 1188.0 207.0 -1 -1 -1 -1000 -1000 -1000 -10 0.001415252685546875
Pedestrian -1 -1 -10 1221.0 186.0 1238.0 322.0 -1 -1 -1 -1000 -1000 -1000 -10 0.001377105712890625
Pedestrian -1 -1 -10 1170.0 186.0 1223.0 319.0 -1 -1 -1 -1000 -1000 -1000 -10 0.0012197494506835938
Pedestrian -1 -1 -10 1169.0 145.0 1233.0 307.0 -1 -1 -1 -1000 -1000 -1000 -10 0.00112152099609375
Pedestrian -1 -1 -10 1.0 192.0 39.0 369.0 -1 -1 -1 -1000 -1000 -1000 -10 0.0011138916015625
Pedestrian -1 -1 -10 1189.0 170.0 1237.0 301.0 -1 -1 -1 -1000 -1000 -1000 -10 0.0010652542114257812
Pedestrian -1 -1 -10 1195.0 204.0 1237.0 339.0 -1 -1 -1 -1000 -1000 -1000 -10 0.0010118484497070312
Pedestrian -1 -1 -10 5.0 184.0 145.0 373.0 -1 -1 -1 -1000 -1000 -1000 -10 0.0009918212890625
Pedestrian -1 -1 -10 1.0 128.0 80.0 371.0 -1 -1 -1 -1000 -1000 -1000 -10 0.0009002685546875
Pedestrian -1 -1 -10 5.0 155.0 157.0 374.0 -1 -1 -1 -1000 -1000 -1000 -10 0.0008287429809570312
Car -1 -1 -10 1022.0 86.0 1231.0 203.0 -1 -1 -1 -1000 -1000 -1000 -10 0.0007739067077636719
Car -1 -1 -10 925.0 91.0 1238.0 209.0 -1 -1 -1 -1000 -1000 -1000 -10 0.0007557868957519531
Pedestrian -1 -1 -10 1168.0 212.0 1199.0 330.0 -1 -1 -1 -1000 -1000 -1000 -10 0.0007266998291015625
Pedestrian -1 -1 -10 0.0 189.0 46.0 370.0 -1 -1 -1 -1000 -1000 -1000 -10 0.0007028579711914062
Pedestrian -1 -1 -10 0.0 216.0 32.0 371.0 -1 -1 -1 -1000 -1000 -1000 -10 0.0007014274597167969
Pedestrian -1 -1 -10 1221.0 205.0 1238.0 341.0 -1 -1 -1 -1000 -1000 -1000 -10 0.000698089599609375
Pedestrian -1 -1 -10 1223.0 170.0 1238.0 298.0 -1 -1 -1 -1000 -1000 -1000 -10 0.0006213188171386719
Pedestrian -1 -1 -10 1170.0 197.0 1217.0 327.0 -1 -1 -1 -1000 -1000 -1000 -10 0.0005664825439453125
Pedestrian -1 -1 -10 1206.0 160.0 1238.0 291.0 -1 -1 -1 -1000 -1000 -1000 -10 0.0005640983581542969
Car -1 -1 -10 446.0 200.0 557.0 298.0 -1 -1 -1 -1000 -1000 -1000 -10 0.0005178451538085938
Pedestrian -1 -1 -10 1168.0 200.0 1201.0 323.0 -1 -1 -1 -1000 -1000 -1000 -10 0.0004851818084716797
Pedestrian -1 -1 -10 1212.0 126.0 1238.0 285.0 -1 -1 -1 -1000 -1000 -1000 -10 0.0004291534423828125
Pedestrian -1 -1 -10 0.0 169.0 32.0 366.0 -1 -1 -1 -1000 -1000 -1000 -10 0.00041747093200683594
Car -1 -1 -10 871.0 90.0 1170.0 200.0 -1 -1 -1 -1000 -1000 -1000 -10 0.0004036426544189453
Car -1 -1 -10 1184.0 124.0 1237.0 285.0 -1 -1 -1 -1000 -1000 -1000 -10 0.00039505958557128906
Pedestrian -1 -1 -10 2.0 154.0 80.0 346.0 -1 -1 -1 -1000 -1000 -1000 -10 0.0003707408905029297
Pedestrian -1 -1 -10 1170.0 204.0 1226.0 374.0 -1 -1 -1 -1000 -1000 -1000 -10 0.0003654956817626953
Pedestrian -1 -1 -10 1170.0 207.0 1213.0 334.0 -1 -1 -1 -1000 -1000 -1000 -10 0.00036525726318359375
Pedestrian -1 -1 -10 0.0 208.0 130.0 374.0 -1 -1 -1 -1000 -1000 -1000 -10 0.000362396240234375
Car -1 -1 -10 1168.0 148.0 1235.0 298.0 -1 -1 -1 -1000 -1000 -1000 -10 0.00035858154296875
Car -1 -1 -10 1132.0 111.0 1235.0 208.0 -1 -1 -1 -1000 -1000 -1000 -10 0.00034809112548828125
Pedestrian -1 -1 -10 1209.0 224.0 1238.0 360.0 -1 -1 -1 -1000 -1000 -1000 -10 0.00033974647521972656
Car -1 -1 -10 1097.0 108.0 1238.0 209.0 -1 -1 -1 -1000 -1000 -1000 -10 0.00033855438232421875
Pedestrian -1 -1 -10 1.0 205.0 74.0 366.0 -1 -1 -1 -1000 -1000 -1000 -10 0.0003197193145751953
Pedestrian -1 -1 -10 1207.0 122.0 1238.0 289.0 -1 -1 -1 -1000 -1000 -1000 -10 0.00030684471130371094
Pedestrian -1 -1 -10 1163.0 213.0 1191.0 330.0 -1 -1 -1 -1000 -1000 -1000 -10 0.00029754638671875
Car -1 -1 -10 1096.0 90.0 1236.0 190.0 -1 -1 -1 -1000 -1000 -1000 -10 0.0002963542938232422
Pedestrian -1 -1 -10 1168.0 184.0 1203.0 302.0 -1 -1 -1 -1000 -1000 -1000 -10 0.0002846717834472656
Pedestrian -1 -1 -10 1174.0 188.0 1233.0 301.0 -1 -1 -1 -1000 -1000 -1000 -10 0.0002727508544921875
Car -1 -1 -10 1034.0 100.0 1238.0 211.0 -1 -1 -1 -1000 -1000 -1000 -10 0.00027179718017578125
Pedestrian -1 -1 -10 0.0 257.0 29.0 371.0 -1 -1 -1 -1000 -1000 -1000 -10 0.00026416778564453125
Car -1 -1 -10 953.0 95.0 1230.0 194.0 -1 -1 -1 -1000 -1000 -1000 -10 0.00025963783264160156
Car -1 -1 -10 432.0 197.0 546.0 303.0 -1 -1 -1 -1000 -1000 -1000 -10 0.00025200843811035156
Pedestrian -1 -1 -10 0.0 164.0 40.0 371.0 -1 -1 -1 -1000 -1000 -1000 -10 0.00025153160095214844
Car -1 -1 -10 1132.0 117.0 1235.0 229.0 -1 -1 -1 -1000 -1000 -1000 -10 0.0002472400665283203
Pedestrian -1 -1 -10 1161.0 187.0 1197.0 326.0 -1 -1 -1 -1000 -1000 -1000 -10 0.00023794174194335938
Pedestrian -1 -1 -10 1222.0 228.0 1238.0 359.0 -1 -1 -1 -1000 -1000 -1000 -10 0.00022745132446289062
Pedestrian -1 -1 -10 1186.0 201.0 1238.0 374.0 -1 -1 -1 -1000 -1000 -1000 -10 0.0002143383026123047
Pedestrian -1 -1 -10 1168.0 175.0 1226.0 295.0 -1 -1 -1 -1000 -1000 -1000 -10 0.00020265579223632812
Pedestrian -1 -1 -10 2.0 120.0 66.0 326.0 -1 -1 -1 -1000 -1000 -1000 -10 0.00020205974578857422
Car -1 -1 -10 1174.0 166.0 1233.0 285.0 -1 -1 -1 -1000 -1000 -1000 -10 0.00019943714141845703
Pedestrian -1 -1 -10 3.0 104.0 93.0 345.0 -1 -1 -1 -1000 -1000 -1000 -10 0.0001894235610961914
Pedestrian -1 -1 -10 1224.0 162.0 1238.0 287.0 -1 -1 -1 -1000 -1000 -1000 -10 0.00017845630645751953
Car -1 -1 -10 1134.0 92.0 1235.0 189.0 -1 -1 -1 -1000 -1000 -1000 -10 0.00017642974853515625
Car -1 -1 -10 1161.0 110.0 1234.0 221.0 -1 -1 -1 -1000 -1000 -1000 -10 0.00017559528350830078
Pedestrian -1 -1 -10 2.0 79.0 59.0 322.0 -1 -1 -1 -1000 -1000 -1000 -10 0.0001728534698486328
Pedestrian -1 -1 -10 274.0 150.0 360.0 374.0 -1 -1 -1 -1000 -1000 -1000 -10 0.0001722574234008789
Pedestrian -1 -1 -10 1.0 241.0 13.0 368.0 -1 -1 -1 -1000 -1000 -1000 -10 0.00016319751739501953
Car -1 -1 -10 1180.0 113.0 1237.0 243.0 -1 -1 -1 -1000 -1000 -1000 -10 0.00014913082122802734
Car -1 -1 -10 1183.0 102.0 1236.0 216.0 -1 -1 -1 -1000 -1000 -1000 -10 0.00014650821685791016
Pedestrian -1 -1 -10 1223.0 148.0 1238.0 261.0 -1 -1 -1 -1000 -1000 -1000 -10 0.00014209747314453125
Pedestrian -1 -1 -10 290.0 163.0 395.0 373.0 -1 -1 -1 -1000 -1000 -1000 -10 0.00014066696166992188
Pedestrian -1 -1 -10 1214.0 223.0 1238.0 374.0 -1 -1 -1 -1000 -1000 -1000 -10 0.00013446807861328125
Pedestrian -1 -1 -10 0.0 222.0 65.0 367.0 -1 -1 -1 -1000 -1000 -1000 -10 0.00013434886932373047
Car -1 -1 -10 1097.0 72.0 1237.0 169.0 -1 -1 -1 -1000 -1000 -1000 -10 0.00013113021850585938
Pedestrian -1 -1 -10 0.0 62.0 54.0 312.0 -1 -1 -1 -1000 -1000 -1000 -10 0.00012791156768798828
Car -1 -1 -10 1068.0 93.0 1238.0 223.0 -1 -1 -1 -1000 -1000 -1000 -10 0.00012481212615966797
Pedestrian -1 -1 -10 0.0 232.0 37.0 371.0 -1 -1 -1 -1000 -1000 -1000 -10 0.00011974573135375977
Pedestrian -1 -1 -10 0.0 253.0 35.0 374.0 -1 -1 -1 -1000 -1000 -1000 -10 0.00011974573135375977
Pedestrian -1 -1 -10 1161.0 198.0 1194.0 345.0 -1 -1 -1 -1000 -1000 -1000 -10 0.00011563301086425781
Pedestrian -1 -1 -10 1168.0 226.0 1197.0 331.0 -1 -1 -1 -1000 -1000 -1000 -10 0.00011527538299560547
Car -1 -1 -10 1099.0 124.0 1238.0 224.0 -1 -1 -1 -1000 -1000 -1000 -10 0.00011265277862548828
Car -1 -1 -10 1166.0 172.0 1230.0 277.0 -1 -1 -1 -1000 -1000 -1000 -10 0.00011098384857177734
Pedestrian -1 -1 -10 2.0 223.0 77.0 374.0 -1 -1 -1 -1000 -1000 -1000 -10 0.00011026859283447266
Pedestrian -1 -1 -10 1205.0 143.0 1237.0 264.0 -1 -1 -1 -1000 -1000 -1000 -10 0.00010830163955688477
Pedestrian -1 -1 -10 2.0 187.0 81.0 330.0 -1 -1 -1 -1000 -1000 -1000 -10 0.00010782480239868164
Pedestrian -1 -1 -10 1188.0 154.0 1235.0 278.0 -1 -1 -1 -1000 -1000 -1000 -10 0.00010544061660766602
Pedestrian -1 -1 -10 1198.0 227.0 1237.0 359.0 -1 -1 -1 -1000 -1000 -1000 -10 0.00010526180267333984
Pedestrian -1 -1 -10 1208.0 212.0 1237.0 374.0 -1 -1 -1 -1000 -1000 -1000 -10 0.00010067224502563477
