Car -1 -1 -10 33.0 77.0 424.0 340.0 -1 -1 -1 -1000 -1000 -1000 -10 0.97119140625
Car -1 -1 -10 399.0 177.0 522.0 239.0 -1 -1 -1 -1000 -1000 -1000 -10 0.94677734375
Cyclist -1 -1 -10 834.0 159.0 884.0 204.0 -1 -1 -1 -1000 -1000 -1000 -10 0.93994140625
Car -1 -1 -10 1089.0 160.0 1219.0 199.0 -1 -1 -1 -1000 -1000 -1000 -10 0.9306640625
Pedestrian -1 -1 -10 538.0 168.0 558.0 224.0 -1 -1 -1 -1000 -1000 -1000 -10 0.68212890625
Pedestrian -1 -1 -10 541.0 167.0 561.0 223.0 -1 -1 -1 -1000 -1000 -1000 -10 0.67626953125
Pedestrian -1 -1 -10 545.0 167.0 565.0 222.0 -1 -1 -1 -1000 -1000 -1000 -10 0.67041015625
Pedestrian -1 -1 -10 549.0 168.0 567.0 222.0 -1 -1 -1 -1000 -1000 -1000 -10 0.6640625
Pedestrian -1 -1 -10 528.0 166.0 551.0 227.0 -1 -1 -1 -1000 -1000 -1000 -10 0.5546875
Pedestrian -1 -1 -10 535.0 167.0 555.0 224.0 -1 -1 -1 -1000 -1000 -1000 -10 0.5234375
Pedestrian -1 -1 -10 522.0 166.0 542.0 227.0 -1 -1 -1 -1000 -1000 -1000 -10 0.392822265625
Pedestrian -1 -1 -10 526.0 166.0 546.0 227.0 -1 -1 -1 -1000 -1000 -1000 -10 0.32470703125
Pedestrian -1 -1 -10 533.0 167.0 562.0 225.0 -1 -1 -1 -1000 -1000 -1000 -10 0.32275390625
Pedestrian -1 -1 -10 551.0 169.0 568.0 221.0 -1 -1 -1 -1000 -1000 -1000 -10 0.2308349609375
Pedestrian -1 -1 -10 519.0 164.0 541.0 227.0 -1 -1 -1 -1000 -1000 -1000 -10 0.16259765625
Pedestrian -1 -1 -10 551.0 167.0 570.0 223.0 -1 -1 -1 -1000 -1000 -1000 -10 0.0264129638671875
Pedestrian -1 -1 -10 543.0 165.0 563.0 219.0 -1 -1 -1 -1000 -1000 -1000 -10 0.024078369140625
Pedestrian -1 -1 -10 536.0 170.0 559.0 227.0 -1 -1 -1 -1000 -1000 -1000 -10 0.0165557861328125
Pedestrian -1 -1 -10 554.0 175.0 571.0 223.0 -1 -1 -1 -1000 -1000 -1000 -10 0.0059051513671875
Pedestrian -1 -1 -10 511.0 168.0 540.0 228.0 -1 -1 -1 -1000 -1000 -1000 -10 0.00505828857421875
Pedestrian -1 -1 -10 516.0 160.0 537.0 222.0 -1 -1 -1 -1000 -1000 -1000 -10 0.00302886962890625
Car -1 -1 -10 0.0 171.0 22.0 352.0 -1 -1 -1 -1000 -1000 -1000 -10 0.002902984619140625
Car -1 -1 -10 407.0 186.0 517.0 242.0 -1 -1 -1 -1000 -1000 -1000 -10 0.0023822784423828125
Pedestrian -1 -1 -10 557.0 168.0 573.0 220.0 -1 -1 -1 -1000 -1000 -1000 -10 0.0021953582763671875
Car -1 -1 -10 0.0 181.0 25.0 373.0 -1 -1 -1 -1000 -1000 -1000 -10 0.00183868408203125
Cyclist -1 -1 -10 829.0 147.0 886.0 209.0 -1 -1 -1 -1000 -1000 -1000 -10 0.0017271041870117188
Car -1 -1 -10 0.0 180.0 33.0 375.0 -1 -1 -1 -1000 -1000 -1000 -10 0.0015840530395507812
Car -1 -1 -10 0.0 167.0 22.0 317.0 -1 -1 -1 -1000 -1000 -1000 -10 0.0013303756713867188
Car -1 -1 -10 0.0 167.0 36.0 354.0 -1 -1 -1 -1000 -1000 -1000 -10 0.001308441162109375
Pedestrian -1 -1 -10 557.0 175.0 572.0 223.0 -1 -1 -1 -1000 -1000 -1000 -10 0.0010509490966796875
Car -1 -1 -10 1080.0 162.0 1218.0 204.0 -1 -1 -1 -1000 -1000 -1000 -10 0.000988006591796875
Pedestrian -1 -1 -10 508.0 166.0 534.0 225.0 -1 -1 -1 -1000 -1000 -1000 -10 0.0008134841918945312
Car -1 -1 -10 401.0 174.0 520.0 230.0 -1 -1 -1 -1000 -1000 -1000 -10 0.0007457733154296875
Car -1 -1 -10 383.0 151.0 547.0 267.0 -1 -1 -1 -1000 -1000 -1000 -10 0.0007228851318359375
Car -1 -1 -10 437.0 178.0 483.0 231.0 -1 -1 -1 -1000 -1000 -1000 -10 0.0006947517395019531
Pedestrian -1 -1 -10 496.0 172.0 535.0 231.0 -1 -1 -1 -1000 -1000 -1000 -10 0.0006814002990722656
Car -1 -1 -10 0.0 164.0 40.0 319.0 -1 -1 -1 -1000 -1000 -1000 -10 0.00066375732421875
Car -1 -1 -10 1082.0 147.0 1223.0 209.0 -1 -1 -1 -1000 -1000 -1000 -10 0.0006089210510253906
Pedestrian -1 -1 -10 552.0 174.0 572.0 224.0 -1 -1 -1 -1000 -1000 -1000 -10 0.0005693435668945312
Car -1 -1 -10 0.0 207.0 22.0 375.0 -1 -1 -1 -1000 -1000 -1000 -10 0.000522613525390625
Pedestrian -1 -1 -10 507.0 166.0 559.0 223.0 -1 -1 -1 -1000 -1000 -1000 -10 0.0005102157592773438
Car -1 -1 -10 0.0 163.0 23.0 281.0 -1 -1 -1 -1000 -1000 -1000 -10 0.0004992485046386719
Cyclist -1 -1 -10 773.0 111.0 931.0 238.0 -1 -1 -1 -1000 -1000 -1000 -10 0.0004353523254394531
Car -1 -1 -10 385.0 159.0 537.0 253.0 -1 -1 -1 -1000 -1000 -1000 -10 0.0004215240478515625
Car -1 -1 -10 1054.0 108.0 1242.0 238.0 -1 -1 -1 -1000 -1000 -1000 -10 0.0003960132598876953
Car -1 -1 -10 1046.0 129.0 1242.0 260.0 -1 -1 -1 -1000 -1000 -1000 -10 0.00036263465881347656
Car -1 -1 -10 0.0 159.0 27.0 284.0 -1 -1 -1 -1000 -1000 -1000 -10 0.00033211708068847656
Car -1 -1 -10 1131.0 164.0 1176.0 192.0 -1 -1 -1 -1000 -1000 -1000 -10 0.000324249267578125
Cyclist -1 -1 -10 770.0 126.0 935.0 260.0 -1 -1 -1 -1000 -1000 -1000 -10 0.0003197193145751953
Cyclist -1 -1 -10 842.0 161.0 886.0 203.0 -1 -1 -1 -1000 -1000 -1000 -10 0.00031256675720214844
Cyclist -1 -1 -10 804.0 111.0 946.0 237.0 -1 -1 -1 -1000 -1000 -1000 -10 0.0002980232238769531
Pedestrian -1 -1 -10 526.0 176.0 546.0 231.0 -1 -1 -1 -1000 -1000 -1000 -10 0.0002541542053222656
Car -1 -1 -10 0.0 171.0 44.0 341.0 -1 -1 -1 -1000 -1000 -1000 -10 0.00023543834686279297
Car -1 -1 -10 0.0 183.0 42.0 367.0 -1 -1 -1 -1000 -1000 -1000 -10 0.00023543834686279297
Car -1 -1 -10 0.0 180.0 17.0 308.0 -1 -1 -1 -1000 -1000 -1000 -10 0.00022077560424804688
Car -1 -1 -10 0.0 156.0 22.0 252.0 -1 -1 -1 -1000 -1000 -1000 -10 0.00021314620971679688
Pedestrian -1 -1 -10 503.0 161.0 537.0 222.0 -1 -1 -1 -1000 -1000 -1000 -10 0.00020372867584228516
Car -1 -1 -10 0.0 208.0 15.0 340.0 -1 -1 -1 -1000 -1000 -1000 -10 0.00019824504852294922
Car -1 -1 -10 0.0 203.0 34.0 375.0 -1 -1 -1 -1000 -1000 -1000 -10 0.00019788742065429688
Car -1 -1 -10 1102.0 155.0 1223.0 196.0 -1 -1 -1 -1000 -1000 -1000 -10 0.00017964839935302734
Car -1 -1 -10 0.0 161.0 44.0 281.0 -1 -1 -1 -1000 -1000 -1000 -10 0.00017499923706054688
Pedestrian -1 -1 -10 512.0 166.0 561.0 231.0 -1 -1 -1 -1000 -1000 -1000 -10 0.00015032291412353516
Pedestrian -1 -1 -10 521.0 169.0 572.0 220.0 -1 -1 -1 -1000 -1000 -1000 -10 0.0001475811004638672
Car -1 -1 -10 0.0 186.0 25.0 320.0 -1 -1 -1 -1000 -1000 -1000 -10 0.00013959407806396484
Pedestrian -1 -1 -10 560.0 173.0 582.0 222.0 -1 -1 -1 -1000 -1000 -1000 -10 0.00013887882232666016
Car -1 -1 -10 0.0 149.0 28.0 258.0 -1 -1 -1 -1000 -1000 -1000 -10 0.00013208389282226562
Car -1 -1 -10 0.0 174.0 25.0 295.0 -1 -1 -1 -1000 -1000 -1000 -10 0.00012803077697753906
Car -1 -1 -10 0.0 206.0 24.0 340.0 -1 -1 -1 -1000 -1000 -1000 -10 0.000125885009765625
Car -1 -1 -10 0.0 166.0 16.0 280.0 -1 -1 -1 -1000 -1000 -1000 -10 0.00012564659118652344
Cyclist -1 -1 -10 838.0 156.0 879.0 197.0 -1 -1 -1 -1000 -1000 -1000 -10 0.0001233816146850586
Car -1 -1 -10 1123.0 164.0 1168.0 192.0 -1 -1 -1 -1000 -1000 -1000 -10 0.0001227855682373047
Pedestrian -1 -1 -10 534.0 176.0 552.0 231.0 -1 -1 -1 -1000 -1000 -1000 -10 0.00011140108108520508
Car -1 -1 -10 0.0 228.0 15.0 359.0 -1 -1 -1 -1000 -1000 -1000 -10 0.00011044740676879883
