Car -1 -1 -10 192.0 179.0 336.0 258.0 -1 -1 -1 -1000 -1000 -1000 -10 0.97119140625
Car -1 -1 -10 354.0 180.0 434.0 224.0 -1 -1 -1 -1000 -1000 -1000 -10 0.95556640625
Car -1 -1 -10 420.0 172.0 475.0 212.0 -1 -1 -1 -1000 -1000 -1000 -10 0.95068359375
Car -1 -1 -10 0.0 156.0 133.0 335.0 -1 -1 -1 -1000 -1000 -1000 -10 0.94482421875
Car -1 -1 -10 455.0 180.0 497.0 208.0 -1 -1 -1 -1000 -1000 -1000 -10 0.92138671875
Car -1 -1 -10 709.0 151.0 744.0 185.0 -1 -1 -1 -1000 -1000 -1000 -10 0.91796875
Car -1 -1 -10 475.0 175.0 517.0 205.0 -1 -1 -1 -1000 -1000 -1000 -10 0.900390625
Car -1 -1 -10 468.0 176.0 513.0 206.0 -1 -1 -1 -1000 -1000 -1000 -10 0.59716796875
Car -1 -1 -10 461.0 177.0 511.0 206.0 -1 -1 -1 -1000 -1000 -1000 -10 0.54150390625
Car -1 -1 -10 513.0 177.0 546.0 199.0 -1 -1 -1 -1000 -1000 -1000 -10 0.05389404296875
Car -1 -1 -10 453.0 177.0 496.0 207.0 -1 -1 -1 -1000 -1000 -1000 -10 0.01690673828125
Car -1 -1 -10 427.0 174.0 476.0 210.0 -1 -1 -1 -1000 -1000 -1000 -10 0.00423431396484375
Car -1 -1 -10 703.0 150.0 743.0 184.0 -1 -1 -1 -1000 -1000 -1000 -10 0.001560211181640625
Car -1 -1 -10 415.0 174.0 470.0 211.0 -1 -1 -1 -1000 -1000 -1000 -10 0.001399993896484375
Car -1 -1 -10 477.0 181.0 514.0 205.0 -1 -1 -1 -1000 -1000 -1000 -10 0.0011529922485351562
Car -1 -1 -10 187.0 173.0 341.0 272.0 -1 -1 -1 -1000 -1000 -1000 -10 0.0011167526245117188
Car -1 -1 -10 477.0 179.0 519.0 207.0 -1 -1 -1 -1000 -1000 -1000 -10 0.0010547637939453125
Car -1 -1 -10 0.0 173.0 135.0 355.0 -1 -1 -1 -1000 -1000 -1000 -10 0.0009098052978515625
Car -1 -1 -10 416.0 159.0 478.0 217.0 -1 -1 -1 -1000 -1000 -1000 -10 0.0008482933044433594
Car -1 -1 -10 406.0 163.0 475.0 228.0 -1 -1 -1 -1000 -1000 -1000 -10 0.0007004737854003906
Car -1 -1 -10 419.0 160.0 489.0 222.0 -1 -1 -1 -1000 -1000 -1000 -10 0.0006899833679199219
Car -1 -1 -10 349.0 170.0 439.0 235.0 -1 -1 -1 -1000 -1000 -1000 -10 0.0005984306335449219
Car -1 -1 -10 456.0 175.0 501.0 211.0 -1 -1 -1 -1000 -1000 -1000 -10 0.0005273818969726562
Car -1 -1 -10 455.0 173.0 509.0 210.0 -1 -1 -1 -1000 -1000 -1000 -10 0.0004134178161621094
Car -1 -1 -10 310.0 135.0 475.0 249.0 -1 -1 -1 -1000 -1000 -1000 -10 0.0003437995910644531
Car -1 -1 -10 300.0 133.0 486.0 278.0 -1 -1 -1 -1000 -1000 -1000 -10 0.00032830238342285156
Car -1 -1 -10 16.0 164.0 137.0 325.0 -1 -1 -1 -1000 -1000 -1000 -10 0.0002944469451904297
Car -1 -1 -10 449.0 175.0 496.0 211.0 -1 -1 -1 -1000 -1000 -1000 -10 0.0002593994140625
Cyclist -1 -1 -10 1225.0 159.0 1242.0 269.0 -1 -1 -1 -1000 -1000 -1000 -10 0.0002532005310058594
Car -1 -1 -10 371.0 184.0 422.0 220.0 -1 -1 -1 -1000 -1000 -1000 -10 0.00024509429931640625
Cyclist -1 -1 -10 1225.0 147.0 1242.0 255.0 -1 -1 -1 -1000 -1000 -1000 -10 0.0002357959747314453
Car -1 -1 -10 356.0 122.0 514.0 240.0 -1 -1 -1 -1000 -1000 -1000 -10 0.00022983551025390625
Car -1 -1 -10 714.0 152.0 746.0 185.0 -1 -1 -1 -1000 -1000 -1000 -10 0.00021314620971679688
Cyclist -1 -1 -10 1228.0 165.0 1242.0 259.0 -1 -1 -1 -1000 -1000 -1000 -10 0.00020062923431396484
Pedestrian -1 -1 -10 904.0 0.0 926.0 3.0 -1 -1 -1 -1000 -1000 -1000 -10 0.0001627206802368164
Cyclist -1 -1 -10 1223.0 165.0 1242.0 305.0 -1 -1 -1 -1000 -1000 -1000 -10 0.00015854835510253906
Car -1 -1 -10 459.0 164.0 536.0 227.0 -1 -1 -1 -1000 -1000 -1000 -10 0.0001583099365234375
Cyclist -1 -1 -10 1221.0 165.0 1242.0 258.0 -1 -1 -1 -1000 -1000 -1000 -10 0.00015366077423095703
Car -1 -1 -10 456.0 185.0 499.0 212.0 -1 -1 -1 -1000 -1000 -1000 -10 0.00014507770538330078
Car -1 -1 -10 496.0 177.0 525.0 201.0 -1 -1 -1 -1000 -1000 -1000 -10 0.00014281272888183594
Cyclist -1 -1 -10 1219.0 153.0 1242.0 277.0 -1 -1 -1 -1000 -1000 -1000 -10 0.00013327598571777344
Car -1 -1 -10 343.0 138.0 512.0 270.0 -1 -1 -1 -1000 -1000 -1000 -10 0.00012803077697753906
Cyclist -1 -1 -10 1220.0 140.0 1242.0 264.0 -1 -1 -1 -1000 -1000 -1000 -10 0.00012433528900146484
Car -1 -1 -10 444.0 157.0 511.0 216.0 -1 -1 -1 -1000 -1000 -1000 -10 0.00012350082397460938
Pedestrian -1 -1 -10 913.0 0.0 935.0 1.0 -1 -1 -1 -1000 -1000 -1000 -10 0.0001226663589477539
Car -1 -1 -10 474.0 172.0 519.0 208.0 -1 -1 -1 -1000 -1000 -1000 -10 0.00012105703353881836
Car -1 -1 -10 501.0 175.0 529.0 198.0 -1 -1 -1 -1000 -1000 -1000 -10 0.00011140108108520508
Cyclist -1 -1 -10 1217.0 157.0 1242.0 315.0 -1 -1 -1 -1000 -1000 -1000 -10 0.0001074075698852539
Car -1 -1 -10 827.0 167.0 897.0 195.0 -1 -1 -1 -1000 -1000 -1000 -10 0.00010132789611816406
