Cyclist -1 -1 -10 271.0 153.0 400.0 321.0 -1 -1 -1 -1000 -1000 -1000 -10 0.9404296875
Cyclist -1 -1 -10 392.0 158.0 486.0 276.0 -1 -1 -1 -1000 -1000 -1000 -10 0.93994140625
Car -1 -1 -10 612.0 129.0 661.0 191.0 -1 -1 -1 -1000 -1000 -1000 -10 0.9384765625
Pedestrian -1 -1 -10 802.0 158.0 854.0 265.0 -1 -1 -1 -1000 -1000 -1000 -10 0.9111328125
Car -1 -1 -10 565.0 156.0 594.0 182.0 -1 -1 -1 -1000 -1000 -1000 -10 0.8994140625
Pedestrian -1 -1 -10 705.0 155.0 725.0 212.0 -1 -1 -1 -1000 -1000 -1000 -10 0.67578125
Pedestrian -1 -1 -10 703.0 156.0 723.0 212.0 -1 -1 -1 -1000 -1000 -1000 -10 0.6123046875
Pedestrian -1 -1 -10 699.0 157.0 718.0 211.0 -1 -1 -1 -1000 -1000 -1000 -10 0.49365234375
Pedestrian -1 -1 -10 695.0 158.0 712.0 209.0 -1 -1 -1 -1000 -1000 -1000 -10 0.18115234375
Pedestrian -1 -1 -10 709.0 156.0 729.0 214.0 -1 -1 -1 -1000 -1000 -1000 -10 0.109130859375
Pedestrian -1 -1 -10 693.0 159.0 708.0 210.0 -1 -1 -1 -1000 -1000 -1000 -10 0.041717529296875
Pedestrian -1 -1 -10 714.0 159.0 733.0 216.0 -1 -1 -1 -1000 -1000 -1000 -10 0.0138092041015625
Pedestrian -1 -1 -10 694.0 158.0 714.0 212.0 -1 -1 -1 -1000 -1000 -1000 -10 0.006893157958984375
Car -1 -1 -10 618.0 134.0 663.0 191.0 -1 -1 -1 -1000 -1000 -1000 -10 0.0025157928466796875
Pedestrian -1 -1 -10 724.0 160.0 746.0 217.0 -1 -1 -1 -1000 -1000 -1000 -10 0.0022678375244140625
Cyclist -1 -1 -10 377.0 157.0 496.0 280.0 -1 -1 -1 -1000 -1000 -1000 -10 0.0019626617431640625
Cyclist -1 -1 -10 402.0 154.0 478.0 268.0 -1 -1 -1 -1000 -1000 -1000 -10 0.0011043548583984375
Pedestrian -1 -1 -10 1216.0 146.0 1238.0 367.0 -1 -1 -1 -1000 -1000 -1000 -10 0.00092315673828125
Car -1 -1 -10 565.0 160.0 593.0 184.0 -1 -1 -1 -1000 -1000 -1000 -10 0.0008649826049804688
Pedestrian -1 -1 -10 687.0 160.0 702.0 208.0 -1 -1 -1 -1000 -1000 -1000 -10 0.000858306884765625
Pedestrian -1 -1 -10 799.0 159.0 840.0 263.0 -1 -1 -1 -1000 -1000 -1000 -10 0.0007638931274414062
Car -1 -1 -10 610.0 129.0 656.0 184.0 -1 -1 -1 -1000 -1000 -1000 -10 0.0006361007690429688
Pedestrian -1 -1 -10 1212.0 134.0 1238.0 374.0 -1 -1 -1 -1000 -1000 -1000 -10 0.0006284713745117188
Pedestrian -1 -1 -10 1218.0 141.0 1238.0 340.0 -1 -1 -1 -1000 -1000 -1000 -10 0.0006074905395507812
Pedestrian -1 -1 -10 926.0 148.0 985.0 268.0 -1 -1 -1 -1000 -1000 -1000 -10 0.0005755424499511719
Pedestrian -1 -1 -10 758.0 151.0 877.0 272.0 -1 -1 -1 -1000 -1000 -1000 -10 0.0005583763122558594
Pedestrian -1 -1 -10 732.0 159.0 755.0 219.0 -1 -1 -1 -1000 -1000 -1000 -10 0.0005407333374023438
Pedestrian -1 -1 -10 780.0 152.0 899.0 272.0 -1 -1 -1 -1000 -1000 -1000 -10 0.00047779083251953125
Pedestrian -1 -1 -10 1201.0 136.0 1238.0 374.0 -1 -1 -1 -1000 -1000 -1000 -10 0.0004718303680419922
Car -1 -1 -10 564.0 153.0 595.0 188.0 -1 -1 -1 -1000 -1000 -1000 -10 0.0004239082336425781
Pedestrian -1 -1 -10 1214.0 127.0 1238.0 354.0 -1 -1 -1 -1000 -1000 -1000 -10 0.0003750324249267578
Pedestrian -1 -1 -10 711.0 151.0 731.0 210.0 -1 -1 -1 -1000 -1000 -1000 -10 0.0003674030303955078
Car -1 -1 -10 613.0 140.0 659.0 196.0 -1 -1 -1 -1000 -1000 -1000 -10 0.0003657341003417969
Car -1 -1 -10 571.0 106.0 705.0 203.0 -1 -1 -1 -1000 -1000 -1000 -10 0.0003364086151123047
Cyclist -1 -1 -10 1217.0 133.0 1238.0 319.0 -1 -1 -1 -1000 -1000 -1000 -10 0.00031280517578125
Cyclist -1 -1 -10 0.0 144.0 52.0 370.0 -1 -1 -1 -1000 -1000 -1000 -10 0.0003120899200439453
Cyclist -1 -1 -10 1213.0 117.0 1238.0 333.0 -1 -1 -1 -1000 -1000 -1000 -10 0.00028014183044433594
Car -1 -1 -10 550.0 107.0 695.0 221.0 -1 -1 -1 -1000 -1000 -1000 -10 0.0002586841583251953
Car -1 -1 -10 565.0 150.0 597.0 185.0 -1 -1 -1 -1000 -1000 -1000 -10 0.0002446174621582031
Cyclist -1 -1 -10 1.0 136.0 88.0 373.0 -1 -1 -1 -1000 -1000 -1000 -10 0.00024187564849853516
Car -1 -1 -10 571.0 156.0 596.0 180.0 -1 -1 -1 -1000 -1000 -1000 -10 0.00023877620697021484
Car -1 -1 -10 566.0 104.0 710.0 222.0 -1 -1 -1 -1000 -1000 -1000 -10 0.00021946430206298828
Pedestrian -1 -1 -10 686.0 162.0 700.0 209.0 -1 -1 -1 -1000 -1000 -1000 -10 0.0002105236053466797
Pedestrian -1 -1 -10 1204.0 133.0 1237.0 349.0 -1 -1 -1 -1000 -1000 -1000 -10 0.0002065896987915039
Cyclist -1 -1 -10 0.0 143.0 66.0 371.0 -1 -1 -1 -1000 -1000 -1000 -10 0.00019884109497070312
Pedestrian -1 -1 -10 1216.0 198.0 1238.0 374.0 -1 -1 -1 -1000 -1000 -1000 -10 0.00017595291137695312
Cyclist -1 -1 -10 405.0 159.0 495.0 269.0 -1 -1 -1 -1000 -1000 -1000 -10 0.00017309188842773438
Pedestrian -1 -1 -10 485.0 0.0 508.0 0.0 -1 -1 -1 -1000 -1000 -1000 -10 0.00016939640045166016
Pedestrian -1 -1 -10 1190.0 132.0 1238.0 367.0 -1 -1 -1 -1000 -1000 -1000 -10 0.00016677379608154297
Pedestrian -1 -1 -10 667.0 161.0 689.0 204.0 -1 -1 -1 -1000 -1000 -1000 -10 0.00016582012176513672
Cyclist -1 -1 -10 0.0 123.0 49.0 344.0 -1 -1 -1 -1000 -1000 -1000 -10 0.00015819072723388672
Pedestrian -1 -1 -10 1224.0 180.0 1238.0 294.0 -1 -1 -1 -1000 -1000 -1000 -10 0.00015652179718017578
Pedestrian -1 -1 -10 797.0 156.0 851.0 250.0 -1 -1 -1 -1000 -1000 -1000 -10 0.000148773193359375
Car -1 -1 -10 0.0 185.0 27.0 373.0 -1 -1 -1 -1000 -1000 -1000 -10 0.0001443624496459961
Car -1 -1 -10 0.0 0.0 238.0 2.0 -1 -1 -1 -1000 -1000 -1000 -10 0.00013935565948486328
Pedestrian -1 -1 -10 1201.0 103.0 1238.0 345.0 -1 -1 -1 -1000 -1000 -1000 -10 0.0001348257064819336
Pedestrian -1 -1 -10 0.0 183.0 52.0 373.0 -1 -1 -1 -1000 -1000 -1000 -10 0.0001277923583984375
Pedestrian -1 -1 -10 732.0 158.0 752.0 213.0 -1 -1 -1 -1000 -1000 -1000 -10 0.00011968612670898438
Pedestrian -1 -1 -10 800.0 156.0 836.0 255.0 -1 -1 -1 -1000 -1000 -1000 -10 0.0001195669174194336
Pedestrian -1 -1 -10 815.0 162.0 859.0 261.0 -1 -1 -1 -1000 -1000 -1000 -10 0.0001195073127746582
Cyclist -1 -1 -10 1212.0 138.0 1238.0 313.0 -1 -1 -1 -1000 -1000 -1000 -10 0.00011479854583740234
Pedestrian -1 -1 -10 1196.0 165.0 1238.0 374.0 -1 -1 -1 -1000 -1000 -1000 -10 0.00010895729064941406
Pedestrian -1 -1 -10 0.0 155.0 28.0 365.0 -1 -1 -1 -1000 -1000 -1000 -10 0.00010824203491210938
Pedestrian -1 -1 -10 1212.0 183.0 1238.0 374.0 -1 -1 -1 -1000 -1000 -1000 -10 0.0001043081283569336
Pedestrian -1 -1 -10 728.0 159.0 752.0 219.0 -1 -1 -1 -1000 -1000 -1000 -10 0.00010257959365844727
Car -1 -1 -10 0.0 0.0 205.0 3.0 -1 -1 -1 -1000 -1000 -1000 -10 0.00010138750076293945
Car -1 -1 -10 559.0 153.0 580.0 177.0 -1 -1 -1 -1000 -1000 -1000 -10 0.00010114908218383789
Car -1 -1 -10 612.0 130.0 672.0 193.0 -1 -1 -1 -1000 -1000 -1000 -10 0.00010013580322265625
