Car -1 -1 -10 800.0 179.0 1044.0 349.0 -1 -1 -1 -1000 -1000 -1000 -10 0.96142578125
Car -1 -1 -10 346.0 162.0 414.0 210.0 -1 -1 -1 -1000 -1000 -1000 -10 0.96044921875
Car -1 -1 -10 422.0 173.0 478.0 209.0 -1 -1 -1 -1000 -1000 -1000 -10 0.95166015625
Car -1 -1 -10 944.0 197.0 1242.0 373.0 -1 -1 -1 -1000 -1000 -1000 -10 0.94580078125
Car -1 -1 -10 217.0 174.0 301.0 211.0 -1 -1 -1 -1000 -1000 -1000 -10 0.9453125
Car -1 -1 -10 583.0 160.0 625.0 206.0 -1 -1 -1 -1000 -1000 -1000 -10 0.94482421875
Car -1 -1 -10 794.0 153.0 920.0 257.0 -1 -1 -1 -1000 -1000 -1000 -10 0.94189453125
Car -1 -1 -10 711.0 166.0 772.0 200.0 -1 -1 -1 -1000 -1000 -1000 -10 0.93994140625
Car -1 -1 -10 0.0 98.0 175.0 372.0 -1 -1 -1 -1000 -1000 -1000 -10 0.935546875
Car -1 -1 -10 818.0 129.0 1014.0 201.0 -1 -1 -1 -1000 -1000 -1000 -10 0.93408203125
Car -1 -1 -10 121.0 178.0 203.0 211.0 -1 -1 -1 -1000 -1000 -1000 -10 0.93115234375
Car -1 -1 -10 645.0 147.0 678.0 180.0 -1 -1 -1 -1000 -1000 -1000 -10 0.92041015625
Car -1 -1 -10 607.0 135.0 637.0 182.0 -1 -1 -1 -1000 -1000 -1000 -10 0.908203125
Car -1 -1 -10 754.0 163.0 820.0 200.0 -1 -1 -1 -1000 -1000 -1000 -10 0.90771484375
Car -1 -1 -10 520.0 166.0 551.0 194.0 -1 -1 -1 -1000 -1000 -1000 -10 0.90380859375
Car -1 -1 -10 0.0 104.0 104.0 302.0 -1 -1 -1 -1000 -1000 -1000 -10 0.8388671875
Car -1 -1 -10 710.0 164.0 818.0 199.0 -1 -1 -1 -1000 -1000 -1000 -10 0.541015625
Car -1 -1 -10 0.0 91.0 140.0 360.0 -1 -1 -1 -1000 -1000 -1000 -10 0.2578125
Car -1 -1 -10 0.0 102.0 136.0 321.0 -1 -1 -1 -1000 -1000 -1000 -10 0.206787109375
Car -1 -1 -10 615.0 150.0 642.0 183.0 -1 -1 -1 -1000 -1000 -1000 -10 0.11688232421875
Car -1 -1 -10 0.0 115.0 111.0 346.0 -1 -1 -1 -1000 -1000 -1000 -10 0.056976318359375
Car -1 -1 -10 1.0 115.0 67.0 340.0 -1 -1 -1 -1000 -1000 -1000 -10 0.052703857421875
Car -1 -1 -10 1.0 102.0 84.0 277.0 -1 -1 -1 -1000 -1000 -1000 -10 0.045166015625
Car -1 -1 -10 616.0 155.0 642.0 185.0 -1 -1 -1 -1000 -1000 -1000 -10 0.044891357421875
Car -1 -1 -10 614.0 139.0 640.0 182.0 -1 -1 -1 -1000 -1000 -1000 -10 0.035675048828125
Car -1 -1 -10 0.0 102.0 83.0 347.0 -1 -1 -1 -1000 -1000 -1000 -10 0.0199127197265625
Car -1 -1 -10 1.0 133.0 81.0 275.0 -1 -1 -1 -1000 -1000 -1000 -10 0.01441192626953125
Car -1 -1 -10 3.0 120.0 171.0 348.0 -1 -1 -1 -1000 -1000 -1000 -10 0.01393890380859375
Car -1 -1 -10 644.0 143.0 675.0 179.0 -1 -1 -1 -1000 -1000 -1000 -10 0.01026153564453125
Car -1 -1 -10 0.0 120.0 46.0 345.0 -1 -1 -1 -1000 -1000 -1000 -10 0.0102081298828125
Car -1 -1 -10 757.0 161.0 827.0 201.0 -1 -1 -1 -1000 -1000 -1000 -10 0.0101470947265625
Car -1 -1 -10 0.0 132.0 64.0 276.0 -1 -1 -1 -1000 -1000 -1000 -10 0.00795745849609375
Car -1 -1 -10 615.0 160.0 642.0 186.0 -1 -1 -1 -1000 -1000 -1000 -10 0.00591278076171875
Car -1 -1 -10 829.0 130.0 996.0 197.0 -1 -1 -1 -1000 -1000 -1000 -10 0.003658294677734375
Car -1 -1 -10 752.0 166.0 809.0 198.0 -1 -1 -1 -1000 -1000 -1000 -10 0.0034275054931640625
Car -1 -1 -10 610.0 153.0 638.0 184.0 -1 -1 -1 -1000 -1000 -1000 -10 0.0029506683349609375
Car -1 -1 -10 641.0 146.0 669.0 180.0 -1 -1 -1 -1000 -1000 -1000 -10 0.002368927001953125
Car -1 -1 -10 763.0 155.0 876.0 241.0 -1 -1 -1 -1000 -1000 -1000 -10 0.0021209716796875
Car -1 -1 -10 126.0 174.0 205.0 209.0 -1 -1 -1 -1000 -1000 -1000 -10 0.0019931793212890625
Car -1 -1 -10 801.0 121.0 1017.0 225.0 -1 -1 -1 -1000 -1000 -1000 -10 0.001773834228515625
Car -1 -1 -10 518.0 166.0 547.0 193.0 -1 -1 -1 -1000 -1000 -1000 -10 0.0015926361083984375
Car -1 -1 -10 801.0 165.0 922.0 265.0 -1 -1 -1 -1000 -1000 -1000 -10 0.001552581787109375
Car -1 -1 -10 763.0 163.0 814.0 199.0 -1 -1 -1 -1000 -1000 -1000 -10 0.0015401840209960938
Car -1 -1 -10 12.0 211.0 162.0 287.0 -1 -1 -1 -1000 -1000 -1000 -10 0.0014944076538085938
Car -1 -1 -10 952.0 184.0 1189.0 362.0 -1 -1 -1 -1000 -1000 -1000 -10 0.0012636184692382812
Car -1 -1 -10 0.0 130.0 57.0 366.0 -1 -1 -1 -1000 -1000 -1000 -10 0.0012607574462890625
Car -1 -1 -10 811.0 115.0 1025.0 237.0 -1 -1 -1 -1000 -1000 -1000 -10 0.0012054443359375
Car -1 -1 -10 620.0 160.0 644.0 186.0 -1 -1 -1 -1000 -1000 -1000 -10 0.0011873245239257812
Car -1 -1 -10 615.0 134.0 639.0 178.0 -1 -1 -1 -1000 -1000 -1000 -10 0.0011529922485351562
Car -1 -1 -10 211.0 162.0 307.0 226.0 -1 -1 -1 -1000 -1000 -1000 -10 0.0010929107666015625
Car -1 -1 -10 1043.0 207.0 1163.0 355.0 -1 -1 -1 -1000 -1000 -1000 -10 0.001087188720703125
Car -1 -1 -10 415.0 161.0 481.0 224.0 -1 -1 -1 -1000 -1000 -1000 -10 0.0010652542114257812
Car -1 -1 -10 1.0 108.0 42.0 247.0 -1 -1 -1 -1000 -1000 -1000 -10 0.0010576248168945312
Car -1 -1 -10 648.0 143.0 678.0 178.0 -1 -1 -1 -1000 -1000 -1000 -10 0.0010061264038085938
Car -1 -1 -10 211.0 159.0 305.0 217.0 -1 -1 -1 -1000 -1000 -1000 -10 0.0009784698486328125
Car -1 -1 -10 859.0 183.0 982.0 338.0 -1 -1 -1 -1000 -1000 -1000 -10 0.0009698867797851562
Car -1 -1 -10 0.0 146.0 26.0 358.0 -1 -1 -1 -1000 -1000 -1000 -10 0.00093841552734375
Car -1 -1 -10 0.0 133.0 30.0 369.0 -1 -1 -1 -1000 -1000 -1000 -10 0.0009374618530273438
Car -1 -1 -10 924.0 195.0 1187.0 372.0 -1 -1 -1 -1000 -1000 -1000 -10 0.0009341239929199219
Car -1 -1 -10 704.0 150.0 775.0 211.0 -1 -1 -1 -1000 -1000 -1000 -10 0.0009336471557617188
Car -1 -1 -10 1.0 116.0 46.0 288.0 -1 -1 -1 -1000 -1000 -1000 -10 0.0009284019470214844
Car -1 -1 -10 343.0 155.0 419.0 218.0 -1 -1 -1 -1000 -1000 -1000 -10 0.00084686279296875
Car -1 -1 -10 812.0 144.0 933.0 214.0 -1 -1 -1 -1000 -1000 -1000 -10 0.0008225440979003906
Car -1 -1 -10 579.0 162.0 618.0 206.0 -1 -1 -1 -1000 -1000 -1000 -10 0.0008082389831542969
Car -1 -1 -10 1030.0 204.0 1151.0 359.0 -1 -1 -1 -1000 -1000 -1000 -10 0.0007739067077636719
Car -1 -1 -10 353.0 164.0 417.0 206.0 -1 -1 -1 -1000 -1000 -1000 -10 0.0007605552673339844
Car -1 -1 -10 721.0 168.0 775.0 200.0 -1 -1 -1 -1000 -1000 -1000 -10 0.0007410049438476562
Car -1 -1 -10 743.0 153.0 818.0 219.0 -1 -1 -1 -1000 -1000 -1000 -10 0.0007348060607910156
Car -1 -1 -10 114.0 164.0 216.0 229.0 -1 -1 -1 -1000 -1000 -1000 -10 0.0007314682006835938
Car -1 -1 -10 632.0 141.0 675.0 181.0 -1 -1 -1 -1000 -1000 -1000 -10 0.00069427490234375
Car -1 -1 -10 716.0 165.0 767.0 198.0 -1 -1 -1 -1000 -1000 -1000 -10 0.0006895065307617188
Car -1 -1 -10 0.0 146.0 85.0 262.0 -1 -1 -1 -1000 -1000 -1000 -10 0.0006709098815917969
Car -1 -1 -10 747.0 141.0 900.0 267.0 -1 -1 -1 -1000 -1000 -1000 -10 0.0006613731384277344
Car -1 -1 -10 0.0 84.0 68.0 257.0 -1 -1 -1 -1000 -1000 -1000 -10 0.000640869140625
Car -1 -1 -10 754.0 147.0 836.0 213.0 -1 -1 -1 -1000 -1000 -1000 -10 0.0006322860717773438
Car -1 -1 -10 0.0 117.0 68.0 264.0 -1 -1 -1 -1000 -1000 -1000 -10 0.0006160736083984375
Car -1 -1 -10 813.0 118.0 1018.0 209.0 -1 -1 -1 -1000 -1000 -1000 -10 0.0006046295166015625
Car -1 -1 -10 719.0 147.0 809.0 204.0 -1 -1 -1 -1000 -1000 -1000 -10 0.0005974769592285156
Car -1 -1 -10 572.0 160.0 624.0 204.0 -1 -1 -1 -1000 -1000 -1000 -10 0.0005941390991210938
Car -1 -1 -10 806.0 148.0 928.0 239.0 -1 -1 -1 -1000 -1000 -1000 -10 0.0005826950073242188
Car -1 -1 -10 0.0 132.0 41.0 275.0 -1 -1 -1 -1000 -1000 -1000 -10 0.0005822181701660156
Car -1 -1 -10 578.0 145.0 634.0 208.0 -1 -1 -1 -1000 -1000 -1000 -10 0.0005583763122558594
Car -1 -1 -10 0.0 156.0 36.0 289.0 -1 -1 -1 -1000 -1000 -1000 -10 0.0005340576171875
Car -1 -1 -10 118.0 174.0 194.0 209.0 -1 -1 -1 -1000 -1000 -1000 -10 0.0005321502685546875
Car -1 -1 -10 950.0 190.0 1156.0 351.0 -1 -1 -1 -1000 -1000 -1000 -10 0.0005183219909667969
Car -1 -1 -10 0.0 97.0 37.0 221.0 -1 -1 -1 -1000 -1000 -1000 -10 0.0005164146423339844
Car -1 -1 -10 648.0 146.0 680.0 184.0 -1 -1 -1 -1000 -1000 -1000 -10 0.00045418739318847656
Car -1 -1 -10 135.0 179.0 186.0 205.0 -1 -1 -1 -1000 -1000 -1000 -10 0.0004401206970214844
Car -1 -1 -10 0.0 101.0 104.0 350.0 -1 -1 -1 -1000 -1000 -1000 -10 0.0004355907440185547
Car -1 -1 -10 811.0 144.0 919.0 223.0 -1 -1 -1 -1000 -1000 -1000 -10 0.00040650367736816406
Car -1 -1 -10 799.0 144.0 918.0 248.0 -1 -1 -1 -1000 -1000 -1000 -10 0.00040435791015625
Car -1 -1 -10 113.0 163.0 206.0 221.0 -1 -1 -1 -1000 -1000 -1000 -10 0.00040030479431152344
Car -1 -1 -10 121.0 182.0 203.0 215.0 -1 -1 -1 -1000 -1000 -1000 -10 0.0003933906555175781
Car -1 -1 -10 307.0 116.0 466.0 236.0 -1 -1 -1 -1000 -1000 -1000 -10 0.0003924369812011719
Car -1 -1 -10 0.0 142.0 178.0 366.0 -1 -1 -1 -1000 -1000 -1000 -10 0.000385284423828125
Car -1 -1 -10 83.0 132.0 262.0 276.0 -1 -1 -1 -1000 -1000 -1000 -10 0.0003790855407714844
Car -1 -1 -10 172.0 131.0 354.0 274.0 -1 -1 -1 -1000 -1000 -1000 -10 0.0003676414489746094
Car -1 -1 -10 0.0 155.0 51.0 289.0 -1 -1 -1 -1000 -1000 -1000 -10 0.0003628730773925781
Car -1 -1 -10 353.0 131.0 522.0 272.0 -1 -1 -1 -1000 -1000 -1000 -10 0.00034046173095703125
Car -1 -1 -10 49.0 131.0 238.0 279.0 -1 -1 -1 -1000 -1000 -1000 -10 0.0003399848937988281
Car -1 -1 -10 791.0 165.0 908.0 267.0 -1 -1 -1 -1000 -1000 -1000 -10 0.0003223419189453125
Car -1 -1 -10 658.0 148.0 680.0 179.0 -1 -1 -1 -1000 -1000 -1000 -10 0.0003223419189453125
Car -1 -1 -10 648.0 111.0 813.0 238.0 -1 -1 -1 -1000 -1000 -1000 -10 0.0003199577331542969
Car -1 -1 -10 289.0 121.0 446.0 235.0 -1 -1 -1 -1000 -1000 -1000 -10 0.00031566619873046875
Car -1 -1 -10 177.0 119.0 347.0 238.0 -1 -1 -1 -1000 -1000 -1000 -10 0.00030541419982910156
Car -1 -1 -10 0.0 89.0 35.0 197.0 -1 -1 -1 -1000 -1000 -1000 -10 0.000301361083984375
Car -1 -1 -10 302.0 129.0 474.0 261.0 -1 -1 -1 -1000 -1000 -1000 -10 0.0002982616424560547
Car -1 -1 -10 388.0 131.0 543.0 271.0 -1 -1 -1 -1000 -1000 -1000 -10 0.0002961158752441406
Car -1 -1 -10 851.0 135.0 997.0 201.0 -1 -1 -1 -1000 -1000 -1000 -10 0.00029087066650390625
Car -1 -1 -10 643.0 128.0 815.0 266.0 -1 -1 -1 -1000 -1000 -1000 -10 0.0002903938293457031
Car -1 -1 -10 159.0 134.0 334.0 269.0 -1 -1 -1 -1000 -1000 -1000 -10 0.0002887248992919922
Car -1 -1 -10 0.0 145.0 65.0 262.0 -1 -1 -1 -1000 -1000 -1000 -10 0.00028204917907714844
Car -1 -1 -10 518.0 161.0 552.0 196.0 -1 -1 -1 -1000 -1000 -1000 -10 0.00027942657470703125
Car -1 -1 -10 358.0 121.0 515.0 237.0 -1 -1 -1 -1000 -1000 -1000 -10 0.0002734661102294922
Car -1 -1 -10 575.0 154.0 631.0 216.0 -1 -1 -1 -1000 -1000 -1000 -10 0.0002589225769042969
Car -1 -1 -10 22.0 111.0 169.0 366.0 -1 -1 -1 -1000 -1000 -1000 -10 0.0002582073211669922
Car -1 -1 -10 759.0 156.0 820.0 195.0 -1 -1 -1 -1000 -1000 -1000 -10 0.00025391578674316406
Car -1 -1 -10 66.0 123.0 236.0 244.0 -1 -1 -1 -1000 -1000 -1000 -10 0.0002484321594238281
Car -1 -1 -10 987.0 179.0 1242.0 374.0 -1 -1 -1 -1000 -1000 -1000 -10 0.00023806095123291016
Car -1 -1 -10 724.0 107.0 882.0 242.0 -1 -1 -1 -1000 -1000 -1000 -10 0.00022554397583007812
Car -1 -1 -10 599.0 138.0 638.0 188.0 -1 -1 -1 -1000 -1000 -1000 -10 0.00022339820861816406
Car -1 -1 -10 858.0 163.0 1015.0 234.0 -1 -1 -1 -1000 -1000 -1000 -10 0.00021135807037353516
Car -1 -1 -10 3.0 157.0 112.0 263.0 -1 -1 -1 -1000 -1000 -1000 -10 0.0001995563507080078
Car -1 -1 -10 822.0 134.0 982.0 202.0 -1 -1 -1 -1000 -1000 -1000 -10 0.00019347667694091797
Car -1 -1 -10 518.0 109.0 685.0 237.0 -1 -1 -1 -1000 -1000 -1000 -10 0.00018346309661865234
Car -1 -1 -10 514.0 128.0 689.0 264.0 -1 -1 -1 -1000 -1000 -1000 -10 0.00018262863159179688
Car -1 -1 -10 527.0 156.0 555.0 190.0 -1 -1 -1 -1000 -1000 -1000 -10 0.00017690658569335938
Car -1 -1 -10 955.0 290.0 1242.0 373.0 -1 -1 -1 -1000 -1000 -1000 -10 0.00017571449279785156
Car -1 -1 -10 864.0 137.0 1014.0 202.0 -1 -1 -1 -1000 -1000 -1000 -10 0.00016796588897705078
Car -1 -1 -10 520.0 169.0 551.0 196.0 -1 -1 -1 -1000 -1000 -1000 -10 0.0001646280288696289
Car -1 -1 -10 1114.0 177.0 1242.0 342.0 -1 -1 -1 -1000 -1000 -1000 -10 0.00015807151794433594
Car -1 -1 -10 11.0 206.0 162.0 275.0 -1 -1 -1 -1000 -1000 -1000 -10 0.00015366077423095703
Car -1 -1 -10 0.0 148.0 115.0 355.0 -1 -1 -1 -1000 -1000 -1000 -10 0.00014972686767578125
Car -1 -1 -10 640.0 151.0 664.0 181.0 -1 -1 -1 -1000 -1000 -1000 -10 0.0001474618911743164
Car -1 -1 -10 768.0 158.0 831.0 203.0 -1 -1 -1 -1000 -1000 -1000 -10 0.00014531612396240234
Car -1 -1 -10 0.0 83.0 31.0 193.0 -1 -1 -1 -1000 -1000 -1000 -10 0.0001398324966430664
Car -1 -1 -10 1182.0 162.0 1242.0 352.0 -1 -1 -1 -1000 -1000 -1000 -10 0.00013625621795654297
Car -1 -1 -10 36.0 102.0 164.0 349.0 -1 -1 -1 -1000 -1000 -1000 -10 0.0001347064971923828
Car -1 -1 -10 210.0 171.0 287.0 208.0 -1 -1 -1 -1000 -1000 -1000 -10 0.00013077259063720703
Car -1 -1 -10 1140.0 167.0 1240.0 346.0 -1 -1 -1 -1000 -1000 -1000 -10 0.00013065338134765625
Car -1 -1 -10 0.0 90.0 62.0 227.0 -1 -1 -1 -1000 -1000 -1000 -10 0.00012874603271484375
Car -1 -1 -10 8.0 216.0 163.0 318.0 -1 -1 -1 -1000 -1000 -1000 -10 0.00012612342834472656
Car -1 -1 -10 5.0 116.0 87.0 259.0 -1 -1 -1 -1000 -1000 -1000 -10 0.00012254714965820312
Car -1 -1 -10 1180.0 187.0 1241.0 374.0 -1 -1 -1 -1000 -1000 -1000 -10 0.00011795759201049805
Car -1 -1 -10 0.0 160.0 153.0 361.0 -1 -1 -1 -1000 -1000 -1000 -10 0.0001157522201538086
Car -1 -1 -10 765.0 154.0 834.0 206.0 -1 -1 -1 -1000 -1000 -1000 -10 0.00011420249938964844
Car -1 -1 -10 1.0 88.0 59.0 203.0 -1 -1 -1 -1000 -1000 -1000 -10 0.00011336803436279297
Car -1 -1 -10 19.0 96.0 193.0 312.0 -1 -1 -1 -1000 -1000 -1000 -10 0.00011235475540161133
Car -1 -1 -10 435.0 170.0 481.0 202.0 -1 -1 -1 -1000 -1000 -1000 -10 0.00011205673217773438
Car -1 -1 -10 10.0 70.0 163.0 346.0 -1 -1 -1 -1000 -1000 -1000 -10 0.00011098384857177734
Car -1 -1 -10 953.0 252.0 1242.0 370.0 -1 -1 -1 -1000 -1000 -1000 -10 0.00011074542999267578
Car -1 -1 -10 0.0 70.0 57.0 245.0 -1 -1 -1 -1000 -1000 -1000 -10 0.00010800361633300781
Car -1 -1 -10 228.0 177.0 279.0 205.0 -1 -1 -1 -1000 -1000 -1000 -10 0.00010782480239868164
Car -1 -1 -10 0.0 130.0 88.0 248.0 -1 -1 -1 -1000 -1000 -1000 -10 0.00010544061660766602
Car -1 -1 -10 840.0 129.0 1008.0 192.0 -1 -1 -1 -1000 -1000 -1000 -10 0.00010520219802856445
Car -1 -1 -10 0.0 178.0 31.0 285.0 -1 -1 -1 -1000 -1000 -1000 -10 0.00010335445404052734
Car -1 -1 -10 0.0 134.0 19.0 273.0 -1 -1 -1 -1000 -1000 -1000 -10 0.00010275840759277344
Car -1 -1 -10 610.0 166.0 641.0 195.0 -1 -1 -1 -1000 -1000 -1000 -10 0.00010257959365844727
Car -1 -1 -10 856.0 142.0 1001.0 213.0 -1 -1 -1 -1000 -1000 -1000 -10 0.0001017451286315918
