Car -1 -1 -10 533.0 180.0 564.0 203.0 -1 -1 -1 -1000 -1000 -1000 -10 0.93115234375
Car -1 -1 -10 384.0 179.0 416.0 198.0 -1 -1 -1 -1000 -1000 -1000 -10 0.9228515625
Car -1 -1 -10 582.0 181.0 615.0 208.0 -1 -1 -1 -1000 -1000 -1000 -10 0.921875
Car -1 -1 -10 594.0 166.0 616.0 194.0 -1 -1 -1 -1000 -1000 -1000 -10 0.876953125
Car -1 -1 -10 585.0 176.0 616.0 206.0 -1 -1 -1 -1000 -1000 -1000 -10 0.65283203125
Car -1 -1 -10 588.0 169.0 615.0 199.0 -1 -1 -1 -1000 -1000 -1000 -10 0.475341796875
Car -1 -1 -10 595.0 164.0 617.0 190.0 -1 -1 -1 -1000 -1000 -1000 -10 0.0082550048828125
Car -1 -1 -10 585.0 170.0 617.0 208.0 -1 -1 -1 -1000 -1000 -1000 -10 0.0033168792724609375
Car -1 -1 -10 598.0 177.0 616.0 197.0 -1 -1 -1 -1000 -1000 -1000 -10 0.0014009475708007812
Car -1 -1 -10 375.0 1.0 435.0 59.0 -1 -1 -1 -1000 -1000 -1000 -10 0.0013418197631835938
Car -1 -1 -10 532.0 177.0 565.0 209.0 -1 -1 -1 -1000 -1000 -1000 -10 0.0009222030639648438
Car -1 -1 -10 383.0 177.0 418.0 207.0 -1 -1 -1 -1000 -1000 -1000 -10 0.0007538795471191406
Car -1 -1 -10 382.0 174.0 419.0 202.0 -1 -1 -1 -1000 -1000 -1000 -10 0.0006875991821289062
Car -1 -1 -10 581.0 177.0 616.0 210.0 -1 -1 -1 -1000 -1000 -1000 -10 0.0006346702575683594
Car -1 -1 -10 580.0 180.0 609.0 204.0 -1 -1 -1 -1000 -1000 -1000 -10 0.00057220458984375
Car -1 -1 -10 583.0 174.0 603.0 193.0 -1 -1 -1 -1000 -1000 -1000 -10 0.00033020973205566406
Car -1 -1 -10 0.0 189.0 19.0 328.0 -1 -1 -1 -1000 -1000 -1000 -10 0.0003292560577392578
Car -1 -1 -10 0.0 184.0 17.0 301.0 -1 -1 -1 -1000 -1000 -1000 -10 0.000316619873046875
Car -1 -1 -10 531.0 172.0 560.0 200.0 -1 -1 -1 -1000 -1000 -1000 -10 0.0002696514129638672
Car -1 -1 -10 0.0 189.0 13.0 296.0 -1 -1 -1 -1000 -1000 -1000 -10 0.00021183490753173828
Car -1 -1 -10 594.0 163.0 619.0 201.0 -1 -1 -1 -1000 -1000 -1000 -10 0.0002079010009765625
Car -1 -1 -10 1219.0 197.0 1242.0 371.0 -1 -1 -1 -1000 -1000 -1000 -10 0.00019347667694091797
Car -1 -1 -10 1226.0 185.0 1242.0 258.0 -1 -1 -1 -1000 -1000 -1000 -10 0.0001914501190185547
Car -1 -1 -10 0.0 195.0 14.0 313.0 -1 -1 -1 -1000 -1000 -1000 -10 0.00017404556274414062
Car -1 -1 -10 1226.0 172.0 1242.0 236.0 -1 -1 -1 -1000 -1000 -1000 -10 0.00017189979553222656
Car -1 -1 -10 0.0 183.0 24.0 333.0 -1 -1 -1 -1000 -1000 -1000 -10 0.0001697540283203125
Car -1 -1 -10 549.0 174.0 572.0 199.0 -1 -1 -1 -1000 -1000 -1000 -10 0.00015103816986083984
Car -1 -1 -10 1214.0 188.0 1241.0 375.0 -1 -1 -1 -1000 -1000 -1000 -10 0.00014579296112060547
Car -1 -1 -10 0.0 176.0 15.0 270.0 -1 -1 -1 -1000 -1000 -1000 -10 0.000133514404296875
Car -1 -1 -10 0.0 180.0 11.0 265.0 -1 -1 -1 -1000 -1000 -1000 -10 0.0001302957534790039
Car -1 -1 -10 1230.0 175.0 1242.0 235.0 -1 -1 -1 -1000 -1000 -1000 -10 0.00012803077697753906
Car -1 -1 -10 1230.0 186.0 1242.0 262.0 -1 -1 -1 -1000 -1000 -1000 -10 0.00012755393981933594
Car -1 -1 -10 0.0 185.0 11.0 281.0 -1 -1 -1 -1000 -1000 -1000 -10 0.00012683868408203125
Car -1 -1 -10 1231.0 190.0 1242.0 276.0 -1 -1 -1 -1000 -1000 -1000 -10 0.0001233816146850586
Car -1 -1 -10 429.0 0.0 492.0 56.0 -1 -1 -1 -1000 -1000 -1000 -10 0.0001227855682373047
Car -1 -1 -10 1230.0 182.0 1242.0 249.0 -1 -1 -1 -1000 -1000 -1000 -10 0.00011992454528808594
Car -1 -1 -10 0.0 175.0 23.0 310.0 -1 -1 -1 -1000 -1000 -1000 -10 0.0001195669174194336
Pedestrian -1 -1 -10 944.0 0.0 1004.0 2.0 -1 -1 -1 -1000 -1000 -1000 -10 0.00011152029037475586
Car -1 -1 -10 541.0 176.0 575.0 199.0 -1 -1 -1 -1000 -1000 -1000 -10 0.00010919570922851562
Car -1 -1 -10 431.0 0.0 508.0 58.0 -1 -1 -1 -1000 -1000 -1000 -10 0.00010800361633300781
Pedestrian -1 -1 -10 1107.0 0.0 1236.0 4.0 -1 -1 -1 -1000 -1000 -1000 -10 0.00010389089584350586
Pedestrian -1 -1 -10 966.0 0.0 1029.0 2.0 -1 -1 -1 -1000 -1000 -1000 -10 0.00010287761688232422
Car -1 -1 -10 1227.0 189.0 1242.0 283.0 -1 -1 -1 -1000 -1000 -1000 -10 0.00010216236114501953
Car -1 -1 -10 1232.0 198.0 1242.0 289.0 -1 -1 -1 -1000 -1000 -1000 -10 0.0001016855239868164
Car -1 -1 -10 350.0 0.0 425.0 59.0 -1 -1 -1 -1000 -1000 -1000 -10 0.00010102987289428711
