Car -1 -1 -10 1.0 205.0 131.0 363.0 -1 -1 -1 -1000 -1000 -1000 -10 0.9541015625
Car -1 -1 -10 464.0 183.0 514.0 212.0 -1 -1 -1 -1000 -1000 -1000 -10 0.94482421875
Car -1 -1 -10 491.0 176.0 533.0 208.0 -1 -1 -1 -1000 -1000 -1000 -10 0.943359375
Car -1 -1 -10 655.0 176.0 681.0 199.0 -1 -1 -1 -1000 -1000 -1000 -10 0.91845703125
Car -1 -1 -10 611.0 178.0 634.0 200.0 -1 -1 -1 -1000 -1000 -1000 -10 0.9140625
Car -1 -1 -10 921.0 164.0 993.0 189.0 -1 -1 -1 -1000 -1000 -1000 -10 0.80126953125
Car -1 -1 -10 479.0 179.0 530.0 212.0 -1 -1 -1 -1000 -1000 -1000 -10 0.60107421875
Car -1 -1 -10 914.0 162.0 989.0 188.0 -1 -1 -1 -1000 -1000 -1000 -10 0.019134521484375
Car -1 -1 -10 914.0 166.0 989.0 192.0 -1 -1 -1 -1000 -1000 -1000 -10 0.01212310791015625
Car -1 -1 -10 1215.0 172.0 1242.0 375.0 -1 -1 -1 -1000 -1000 -1000 -10 0.00409698486328125
Car -1 -1 -10 481.0 173.0 530.0 213.0 -1 -1 -1 -1000 -1000 -1000 -10 0.0036144256591796875
Car -1 -1 -10 1218.0 158.0 1242.0 370.0 -1 -1 -1 -1000 -1000 -1000 -10 0.003082275390625
Car -1 -1 -10 471.0 182.0 519.0 212.0 -1 -1 -1 -1000 -1000 -1000 -10 0.0024662017822265625
Car -1 -1 -10 1209.0 175.0 1242.0 375.0 -1 -1 -1 -1000 -1000 -1000 -10 0.00232696533203125
Car -1 -1 -10 917.0 163.0 996.0 194.0 -1 -1 -1 -1000 -1000 -1000 -10 0.0022640228271484375
Car -1 -1 -10 630.0 176.0 651.0 195.0 -1 -1 -1 -1000 -1000 -1000 -10 0.0016527175903320312
Car -1 -1 -10 459.0 184.0 510.0 211.0 -1 -1 -1 -1000 -1000 -1000 -10 0.0014591217041015625
Car -1 -1 -10 654.0 173.0 682.0 206.0 -1 -1 -1 -1000 -1000 -1000 -10 0.0008945465087890625
Car -1 -1 -10 926.0 163.0 1001.0 190.0 -1 -1 -1 -1000 -1000 -1000 -10 0.0008916854858398438
Car -1 -1 -10 626.0 177.0 644.0 196.0 -1 -1 -1 -1000 -1000 -1000 -10 0.0008111000061035156
Car -1 -1 -10 919.0 159.0 994.0 184.0 -1 -1 -1 -1000 -1000 -1000 -10 0.0007781982421875
Car -1 -1 -10 624.0 176.0 646.0 196.0 -1 -1 -1 -1000 -1000 -1000 -10 0.00077056884765625
Car -1 -1 -10 1221.0 150.0 1242.0 338.0 -1 -1 -1 -1000 -1000 -1000 -10 0.0007190704345703125
Car -1 -1 -10 611.0 175.0 637.0 208.0 -1 -1 -1 -1000 -1000 -1000 -10 0.0006747245788574219
Pedestrian -1 -1 -10 563.0 0.0 598.0 3.0 -1 -1 -1 -1000 -1000 -1000 -10 0.000614166259765625
Car -1 -1 -10 1216.0 140.0 1242.0 348.0 -1 -1 -1 -1000 -1000 -1000 -10 0.0005784034729003906
Car -1 -1 -10 949.0 68.0 983.0 92.0 -1 -1 -1 -1000 -1000 -1000 -10 0.0005736351013183594
Car -1 -1 -10 1199.0 170.0 1242.0 371.0 -1 -1 -1 -1000 -1000 -1000 -10 0.0005345344543457031
Car -1 -1 -10 1217.0 206.0 1242.0 375.0 -1 -1 -1 -1000 -1000 -1000 -10 0.0004553794860839844
Car -1 -1 -10 463.0 164.0 538.0 226.0 -1 -1 -1 -1000 -1000 -1000 -10 0.0004425048828125
Car -1 -1 -10 483.0 158.0 541.0 216.0 -1 -1 -1 -1000 -1000 -1000 -10 0.0004317760467529297
Pedestrian -1 -1 -10 590.0 0.0 617.0 9.0 -1 -1 -1 -1000 -1000 -1000 -10 0.00041604042053222656
Pedestrian -1 -1 -10 577.0 0.0 605.0 2.0 -1 -1 -1 -1000 -1000 -1000 -10 0.00039839744567871094
Car -1 -1 -10 654.0 171.0 684.0 203.0 -1 -1 -1 -1000 -1000 -1000 -10 0.00039649009704589844
Car -1 -1 -10 481.0 164.0 544.0 226.0 -1 -1 -1 -1000 -1000 -1000 -10 0.0003845691680908203
Car -1 -1 -10 488.0 175.0 532.0 204.0 -1 -1 -1 -1000 -1000 -1000 -10 0.0003666877746582031
Car -1 -1 -10 558.0 0.0 605.0 4.0 -1 -1 -1 -1000 -1000 -1000 -10 0.0003612041473388672
Car -1 -1 -10 932.0 165.0 983.0 187.0 -1 -1 -1 -1000 -1000 -1000 -10 0.0003476142883300781
Car -1 -1 -10 656.0 171.0 679.0 193.0 -1 -1 -1 -1000 -1000 -1000 -10 0.0003407001495361328
Car -1 -1 -10 392.0 138.0 574.0 270.0 -1 -1 -1 -1000 -1000 -1000 -10 0.00033211708068847656
Pedestrian -1 -1 -10 587.0 0.0 622.0 9.0 -1 -1 -1 -1000 -1000 -1000 -10 0.0003120899200439453
Car -1 -1 -10 611.0 172.0 637.0 204.0 -1 -1 -1 -1000 -1000 -1000 -10 0.00026702880859375
Car -1 -1 -10 1210.0 133.0 1242.0 352.0 -1 -1 -1 -1000 -1000 -1000 -10 0.00023806095123291016
Pedestrian -1 -1 -10 600.0 0.0 631.0 6.0 -1 -1 -1 -1000 -1000 -1000 -10 0.0002243518829345703
Car -1 -1 -10 1223.0 144.0 1242.0 303.0 -1 -1 -1 -1000 -1000 -1000 -10 0.00021469593048095703
Pedestrian -1 -1 -10 574.0 0.0 609.0 2.0 -1 -1 -1 -1000 -1000 -1000 -10 0.00021457672119140625
Car -1 -1 -10 427.0 116.0 601.0 241.0 -1 -1 -1 -1000 -1000 -1000 -10 0.00020241737365722656
Car -1 -1 -10 927.0 164.0 977.0 186.0 -1 -1 -1 -1000 -1000 -1000 -10 0.00019609928131103516
Car -1 -1 -10 953.0 72.0 976.0 88.0 -1 -1 -1 -1000 -1000 -1000 -10 0.00019311904907226562
Pedestrian -1 -1 -10 595.0 0.0 638.0 7.0 -1 -1 -1 -1000 -1000 -1000 -10 0.00019288063049316406
Car -1 -1 -10 919.0 170.0 991.0 196.0 -1 -1 -1 -1000 -1000 -1000 -10 0.0001876354217529297
Car -1 -1 -10 1204.0 214.0 1241.0 374.0 -1 -1 -1 -1000 -1000 -1000 -10 0.0001703500747680664
Car -1 -1 -10 459.0 163.0 521.0 221.0 -1 -1 -1 -1000 -1000 -1000 -10 0.00015246868133544922
Car -1 -1 -10 503.0 173.0 537.0 201.0 -1 -1 -1 -1000 -1000 -1000 -10 0.00014901161193847656
Car -1 -1 -10 1219.0 134.0 1242.0 313.0 -1 -1 -1 -1000 -1000 -1000 -10 0.0001417398452758789
Car -1 -1 -10 1188.0 159.0 1242.0 372.0 -1 -1 -1 -1000 -1000 -1000 -10 0.00013387203216552734
Car -1 -1 -10 423.0 136.0 602.0 272.0 -1 -1 -1 -1000 -1000 -1000 -10 0.0001289844512939453
Car -1 -1 -10 949.0 71.0 979.0 89.0 -1 -1 -1 -1000 -1000 -1000 -10 0.00011616945266723633
Car -1 -1 -10 397.0 124.0 564.0 245.0 -1 -1 -1 -1000 -1000 -1000 -10 0.00011497735977172852
Car -1 -1 -10 909.0 164.0 976.0 186.0 -1 -1 -1 -1000 -1000 -1000 -10 0.0001062154769897461
