Car -1 -1 -10 975.0 0.0 1242.0 370.0 -1 -1 -1 -1000 -1000 -1000 -10 0.955078125
Car -1 -1 -10 451.0 166.0 479.0 191.0 -1 -1 -1 -1000 -1000 -1000 -10 0.9384765625
Car -1 -1 -10 538.0 170.0 579.0 204.0 -1 -1 -1 -1000 -1000 -1000 -10 0.92236328125
Car -1 -1 -10 0.0 174.0 55.0 254.0 -1 -1 -1 -1000 -1000 -1000 -10 0.9072265625
Car -1 -1 -10 1.0 169.0 40.0 226.0 -1 -1 -1 -1000 -1000 -1000 -10 0.167236328125
Car -1 -1 -10 0.0 170.0 49.0 230.0 -1 -1 -1 -1000 -1000 -1000 -10 0.125732421875
Car -1 -1 -10 0.0 171.0 37.0 220.0 -1 -1 -1 -1000 -1000 -1000 -10 0.033477783203125
Car -1 -1 -10 0.0 174.0 14.0 227.0 -1 -1 -1 -1000 -1000 -1000 -10 0.028350830078125
Car -1 -1 -10 0.0 176.0 12.0 225.0 -1 -1 -1 -1000 -1000 -1000 -10 0.0279083251953125
Car -1 -1 -10 0.0 169.0 16.0 223.0 -1 -1 -1 -1000 -1000 -1000 -10 0.01629638671875
Car -1 -1 -10 0.0 165.0 55.0 239.0 -1 -1 -1 -1000 -1000 -1000 -10 0.01367950439453125
Car -1 -1 -10 0.0 168.0 46.0 221.0 -1 -1 -1 -1000 -1000 -1000 -10 0.01129150390625
Car -1 -1 -10 1.0 179.0 51.0 243.0 -1 -1 -1 -1000 -1000 -1000 -10 0.009521484375
Car -1 -1 -10 1025.0 0.0 1241.0 375.0 -1 -1 -1 -1000 -1000 -1000 -10 0.00890350341796875
Car -1 -1 -10 0.0 165.0 34.0 216.0 -1 -1 -1 -1000 -1000 -1000 -10 0.003932952880859375
Car -1 -1 -10 0.0 176.0 16.0 247.0 -1 -1 -1 -1000 -1000 -1000 -10 0.0021953582763671875
Car -1 -1 -10 0.0 166.0 17.0 215.0 -1 -1 -1 -1000 -1000 -1000 -10 0.0018053054809570312
Car -1 -1 -10 0.0 174.0 18.0 250.0 -1 -1 -1 -1000 -1000 -1000 -10 0.001468658447265625
Car -1 -1 -10 1040.0 0.0 1239.0 334.0 -1 -1 -1 -1000 -1000 -1000 -10 0.001331329345703125
Car -1 -1 -10 8.0 172.0 49.0 216.0 -1 -1 -1 -1000 -1000 -1000 -10 0.0009403228759765625
Car -1 -1 -10 963.0 48.0 1240.0 375.0 -1 -1 -1 -1000 -1000 -1000 -10 0.0008754730224609375
Car -1 -1 -10 1106.0 0.0 1241.0 375.0 -1 -1 -1 -1000 -1000 -1000 -10 0.000865936279296875
Car -1 -1 -10 964.0 5.0 1212.0 348.0 -1 -1 -1 -1000 -1000 -1000 -10 0.0008530616760253906
Car -1 -1 -10 1.0 180.0 14.0 240.0 -1 -1 -1 -1000 -1000 -1000 -10 0.0008001327514648438
Car -1 -1 -10 1084.0 0.0 1240.0 375.0 -1 -1 -1 -1000 -1000 -1000 -10 0.000774383544921875
Car -1 -1 -10 1162.0 0.0 1238.0 360.0 -1 -1 -1 -1000 -1000 -1000 -10 0.0007219314575195312
Car -1 -1 -10 1.0 168.0 42.0 213.0 -1 -1 -1 -1000 -1000 -1000 -10 0.0007157325744628906
Car -1 -1 -10 450.0 163.0 480.0 194.0 -1 -1 -1 -1000 -1000 -1000 -10 0.0006155967712402344
Car -1 -1 -10 0.0 163.0 93.0 267.0 -1 -1 -1 -1000 -1000 -1000 -10 0.0005955696105957031
Car -1 -1 -10 0.0 162.0 79.0 264.0 -1 -1 -1 -1000 -1000 -1000 -10 0.00055694580078125
Car -1 -1 -10 533.0 169.0 565.0 198.0 -1 -1 -1 -1000 -1000 -1000 -10 0.0005145072937011719
Car -1 -1 -10 523.0 170.0 552.0 193.0 -1 -1 -1 -1000 -1000 -1000 -10 0.0004475116729736328
Car -1 -1 -10 1175.0 6.0 1240.0 371.0 -1 -1 -1 -1000 -1000 -1000 -10 0.0004367828369140625
Car -1 -1 -10 521.0 168.0 548.0 190.0 -1 -1 -1 -1000 -1000 -1000 -10 0.00038313865661621094
Car -1 -1 -10 965.0 88.0 1242.0 305.0 -1 -1 -1 -1000 -1000 -1000 -10 0.0003485679626464844
Car -1 -1 -10 528.0 160.0 587.0 220.0 -1 -1 -1 -1000 -1000 -1000 -10 0.0003352165222167969
Car -1 -1 -10 7.0 175.0 59.0 230.0 -1 -1 -1 -1000 -1000 -1000 -10 0.0003349781036376953
Car -1 -1 -10 966.0 8.0 1128.0 340.0 -1 -1 -1 -1000 -1000 -1000 -10 0.0003142356872558594
Car -1 -1 -10 5.0 177.0 54.0 236.0 -1 -1 -1 -1000 -1000 -1000 -10 0.0002894401550292969
Car -1 -1 -10 530.0 154.0 585.0 211.0 -1 -1 -1 -1000 -1000 -1000 -10 0.0002765655517578125
Car -1 -1 -10 0.0 333.0 285.0 375.0 -1 -1 -1 -1000 -1000 -1000 -10 0.00027251243591308594
Pedestrian -1 -1 -10 1214.0 168.0 1242.0 363.0 -1 -1 -1 -1000 -1000 -1000 -10 0.00025725364685058594
Car -1 -1 -10 1130.0 0.0 1240.0 375.0 -1 -1 -1 -1000 -1000 -1000 -10 0.0002570152282714844
Car -1 -1 -10 523.0 168.0 557.0 194.0 -1 -1 -1 -1000 -1000 -1000 -10 0.00023734569549560547
Car -1 -1 -10 977.0 0.0 1160.0 365.0 -1 -1 -1 -1000 -1000 -1000 -10 0.0002353191375732422
Car -1 -1 -10 471.0 131.0 647.0 272.0 -1 -1 -1 -1000 -1000 -1000 -10 0.00022554397583007812
Car -1 -1 -10 1.0 184.0 56.0 264.0 -1 -1 -1 -1000 -1000 -1000 -10 0.00021409988403320312
Pedestrian -1 -1 -10 1210.0 186.0 1242.0 373.0 -1 -1 -1 -1000 -1000 -1000 -10 0.00017392635345458984
Car -1 -1 -10 469.0 111.0 647.0 238.0 -1 -1 -1 -1000 -1000 -1000 -10 0.00017058849334716797
Car -1 -1 -10 521.0 170.0 556.0 197.0 -1 -1 -1 -1000 -1000 -1000 -10 0.00016427040100097656
Car -1 -1 -10 0.0 338.0 423.0 375.0 -1 -1 -1 -1000 -1000 -1000 -10 0.00014388561248779297
Car -1 -1 -10 952.0 13.0 1112.0 302.0 -1 -1 -1 -1000 -1000 -1000 -10 0.00013685226440429688
Car -1 -1 -10 6.0 343.0 313.0 375.0 -1 -1 -1 -1000 -1000 -1000 -10 0.0001310110092163086
Car -1 -1 -10 605.0 0.0 640.0 5.0 -1 -1 -1 -1000 -1000 -1000 -10 0.00012636184692382812
Car -1 -1 -10 1178.0 0.0 1242.0 338.0 -1 -1 -1 -1000 -1000 -1000 -10 0.00012445449829101562
Pedestrian -1 -1 -10 1191.0 160.0 1241.0 367.0 -1 -1 -1 -1000 -1000 -1000 -10 0.00012433528900146484
Pedestrian -1 -1 -10 607.0 0.0 637.0 5.0 -1 -1 -1 -1000 -1000 -1000 -10 0.00012302398681640625
Car -1 -1 -10 1126.0 164.0 1241.0 338.0 -1 -1 -1 -1000 -1000 -1000 -10 0.0001227855682373047
Car -1 -1 -10 0.0 309.0 273.0 375.0 -1 -1 -1 -1000 -1000 -1000 -10 0.00011968612670898438
Car -1 -1 -10 0.0 330.0 240.0 375.0 -1 -1 -1 -1000 -1000 -1000 -10 0.00011879205703735352
Car -1 -1 -10 0.0 180.0 13.0 253.0 -1 -1 -1 -1000 -1000 -1000 -10 0.00011491775512695312
Car -1 -1 -10 519.0 163.0 588.0 219.0 -1 -1 -1 -1000 -1000 -1000 -10 0.00011080503463745117
Car -1 -1 -10 1202.0 2.0 1241.0 353.0 -1 -1 -1 -1000 -1000 -1000 -10 0.00011014938354492188
Car -1 -1 -10 526.0 173.0 555.0 198.0 -1 -1 -1 -1000 -1000 -1000 -10 0.00010818243026733398
