Car -1 -1 -10 596.0 136.0 653.0 198.0 -1 -1 -1 -1000 -1000 -1000 -10 0.94921875
Car -1 -1 -10 380.0 175.0 414.0 194.0 -1 -1 -1 -1000 -1000 -1000 -10 0.93310546875
Car -1 -1 -10 380.0 173.0 413.0 191.0 -1 -1 -1 -1000 -1000 -1000 -10 0.0023193359375
Car -1 -1 -10 375.0 176.0 410.0 194.0 -1 -1 -1 -1000 -1000 -1000 -10 0.0007710456848144531
Car -1 -1 -10 532.0 205.0 717.0 370.0 -1 -1 -1 -1000 -1000 -1000 -10 0.0007443428039550781
Car -1 -1 -10 378.0 173.0 417.0 204.0 -1 -1 -1 -1000 -1000 -1000 -10 0.0005550384521484375
Car -1 -1 -10 545.0 113.0 679.0 226.0 -1 -1 -1 -1000 -1000 -1000 -10 0.0005059242248535156
Car -1 -1 -10 401.0 174.0 434.0 189.0 -1 -1 -1 -1000 -1000 -1000 -10 0.00049591064453125
Car -1 -1 -10 403.0 176.0 431.0 191.0 -1 -1 -1 -1000 -1000 -1000 -10 0.0004668235778808594
Car -1 -1 -10 379.0 171.0 416.0 199.0 -1 -1 -1 -1000 -1000 -1000 -10 0.0003809928894042969
Car -1 -1 -10 399.0 174.0 430.0 191.0 -1 -1 -1 -1000 -1000 -1000 -10 0.00036835670471191406
Car -1 -1 -10 568.0 111.0 706.0 227.0 -1 -1 -1 -1000 -1000 -1000 -10 0.0003514289855957031
Car -1 -1 -10 401.0 175.0 433.0 193.0 -1 -1 -1 -1000 -1000 -1000 -10 0.0002627372741699219
Car -1 -1 -10 406.0 175.0 434.0 191.0 -1 -1 -1 -1000 -1000 -1000 -10 0.00025582313537597656
Car -1 -1 -10 685.0 0.0 751.0 48.0 -1 -1 -1 -1000 -1000 -1000 -10 0.00017535686492919922
Car -1 -1 -10 594.0 138.0 649.0 188.0 -1 -1 -1 -1000 -1000 -1000 -10 0.00014507770538330078
Car -1 -1 -10 0.0 193.0 22.0 333.0 -1 -1 -1 -1000 -1000 -1000 -10 0.00013148784637451172
Car -1 -1 -10 0.0 201.0 25.0 363.0 -1 -1 -1 -1000 -1000 -1000 -10 0.00010734796524047852
