Pedestrian -1 -1 -10 17.0 147.0 113.0 330.0 -1 -1 -1 -1000 -1000 -1000 -10 0.93212890625
Pedestrian -1 -1 -10 4.0 146.0 126.0 329.0 -1 -1 -1 -1000 -1000 -1000 -10 0.006488800048828125
Pedestrian -1 -1 -10 0.0 180.0 19.0 370.0 -1 -1 -1 -1000 -1000 -1000 -10 0.0006270408630371094
Pedestrian -1 -1 -10 0.0 125.0 16.0 315.0 -1 -1 -1 -1000 -1000 -1000 -10 0.0005526542663574219
Pedestrian -1 -1 -10 0.0 141.0 17.0 328.0 -1 -1 -1 -1000 -1000 -1000 -10 0.0003306865692138672
Pedestrian -1 -1 -10 5.0 122.0 46.0 320.0 -1 -1 -1 -1000 -1000 -1000 -10 0.00031948089599609375
Pedestrian -1 -1 -10 0.0 161.0 17.0 343.0 -1 -1 -1 -1000 -1000 -1000 -10 0.0002949237823486328
Pedestrian -1 -1 -10 0.0 178.0 24.0 370.0 -1 -1 -1 -1000 -1000 -1000 -10 0.0002720355987548828
Pedestrian -1 -1 -10 1.0 114.0 24.0 325.0 -1 -1 -1 -1000 -1000 -1000 -10 0.0002484321594238281
Pedestrian -1 -1 -10 12.0 146.0 74.0 328.0 -1 -1 -1 -1000 -1000 -1000 -10 0.00019693374633789062
Pedestrian -1 -1 -10 7.0 134.0 56.0 307.0 -1 -1 -1 -1000 -1000 -1000 -10 0.00011450052261352539
Pedestrian -1 -1 -10 0.0 152.0 24.0 353.0 -1 -1 -1 -1000 -1000 -1000 -10 0.00010061264038085938
