Car -1 -1 -10 1.0 201.0 367.0 372.0 -1 -1 -1 -1000 -1000 -1000 -10 0.97021484375
Car -1 -1 -10 454.0 179.0 514.0 234.0 -1 -1 -1 -1000 -1000 -1000 -10 0.94580078125
Car -1 -1 -10 625.0 165.0 694.0 231.0 -1 -1 -1 -1000 -1000 -1000 -10 0.9443359375
Car -1 -1 -10 499.0 178.0 532.0 210.0 -1 -1 -1 -1000 -1000 -1000 -10 0.76318359375
Car -1 -1 -10 520.0 175.0 543.0 198.0 -1 -1 -1 -1000 -1000 -1000 -10 0.211669921875
Car -1 -1 -10 523.0 175.0 544.0 195.0 -1 -1 -1 -1000 -1000 -1000 -10 0.02947998046875
Car -1 -1 -10 482.0 179.0 524.0 223.0 -1 -1 -1 -1000 -1000 -1000 -10 0.02581787109375
Car -1 -1 -10 494.0 177.0 534.0 211.0 -1 -1 -1 -1000 -1000 -1000 -10 0.0103302001953125
Car -1 -1 -10 621.0 168.0 683.0 223.0 -1 -1 -1 -1000 -1000 -1000 -10 0.0069427490234375
Car -1 -1 -10 493.0 178.0 528.0 213.0 -1 -1 -1 -1000 -1000 -1000 -10 0.004520416259765625
Car -1 -1 -10 470.0 177.0 523.0 229.0 -1 -1 -1 -1000 -1000 -1000 -10 0.0034332275390625
Car -1 -1 -10 485.0 181.0 533.0 222.0 -1 -1 -1 -1000 -1000 -1000 -10 0.0028324127197265625
Car -1 -1 -10 1183.0 180.0 1242.0 373.0 -1 -1 -1 -1000 -1000 -1000 -10 0.002696990966796875
Car -1 -1 -10 610.0 177.0 653.0 211.0 -1 -1 -1 -1000 -1000 -1000 -10 0.0021228790283203125
Car -1 -1 -10 1153.0 180.0 1242.0 374.0 -1 -1 -1 -1000 -1000 -1000 -10 0.0020046234130859375
Car -1 -1 -10 1204.0 189.0 1242.0 375.0 -1 -1 -1 -1000 -1000 -1000 -10 0.0018663406372070312
Car -1 -1 -10 1137.0 163.0 1242.0 372.0 -1 -1 -1 -1000 -1000 -1000 -10 0.0017290115356445312
Car -1 -1 -10 608.0 176.0 656.0 215.0 -1 -1 -1 -1000 -1000 -1000 -10 0.0015974044799804688
Car -1 -1 -10 451.0 173.0 517.0 239.0 -1 -1 -1 -1000 -1000 -1000 -10 0.0009641647338867188
Car -1 -1 -10 1208.0 165.0 1242.0 369.0 -1 -1 -1 -1000 -1000 -1000 -10 0.0008754730224609375
Car -1 -1 -10 1113.0 186.0 1242.0 374.0 -1 -1 -1 -1000 -1000 -1000 -10 0.0008559226989746094
Car -1 -1 -10 609.0 173.0 662.0 214.0 -1 -1 -1 -1000 -1000 -1000 -10 0.0008044242858886719
Car -1 -1 -10 1210.0 216.0 1242.0 372.0 -1 -1 -1 -1000 -1000 -1000 -10 0.0006880760192871094
Car -1 -1 -10 613.0 168.0 670.0 223.0 -1 -1 -1 -1000 -1000 -1000 -10 0.0006761550903320312
Car -1 -1 -10 632.0 170.0 695.0 233.0 -1 -1 -1 -1000 -1000 -1000 -10 0.0006461143493652344
Car -1 -1 -10 1192.0 211.0 1242.0 371.0 -1 -1 -1 -1000 -1000 -1000 -10 0.0006361007690429688
Car -1 -1 -10 519.0 177.0 545.0 200.0 -1 -1 -1 -1000 -1000 -1000 -10 0.0006117820739746094
Car -1 -1 -10 463.0 177.0 515.0 226.0 -1 -1 -1 -1000 -1000 -1000 -10 0.0005965232849121094
Car -1 -1 -10 591.0 152.0 708.0 250.0 -1 -1 -1 -1000 -1000 -1000 -10 0.00041866302490234375
Car -1 -1 -10 0.0 190.0 27.0 369.0 -1 -1 -1 -1000 -1000 -1000 -10 0.0003769397735595703
Car -1 -1 -10 0.0 192.0 40.0 371.0 -1 -1 -1 -1000 -1000 -1000 -10 0.0003521442413330078
Car -1 -1 -10 609.0 169.0 667.0 217.0 -1 -1 -1 -1000 -1000 -1000 -10 0.0003306865692138672
Car -1 -1 -10 612.0 151.0 730.0 253.0 -1 -1 -1 -1000 -1000 -1000 -10 0.0003249645233154297
Car -1 -1 -10 1049.0 160.0 1242.0 368.0 -1 -1 -1 -1000 -1000 -1000 -10 0.00032019615173339844
Car -1 -1 -10 592.0 173.0 617.0 194.0 -1 -1 -1 -1000 -1000 -1000 -10 0.000301361083984375
Car -1 -1 -10 603.0 177.0 642.0 209.0 -1 -1 -1 -1000 -1000 -1000 -10 0.0002789497375488281
Car -1 -1 -10 398.0 141.0 559.0 274.0 -1 -1 -1 -1000 -1000 -1000 -10 0.00025582313537597656
Car -1 -1 -10 1076.0 184.0 1242.0 372.0 -1 -1 -1 -1000 -1000 -1000 -10 0.00025534629821777344
Car -1 -1 -10 407.0 150.0 550.0 255.0 -1 -1 -1 -1000 -1000 -1000 -10 0.000240325927734375
Car -1 -1 -10 0.0 212.0 24.0 372.0 -1 -1 -1 -1000 -1000 -1000 -10 0.0002334117889404297
Car -1 -1 -10 591.0 173.0 613.0 193.0 -1 -1 -1 -1000 -1000 -1000 -10 0.00022733211517333984
Car -1 -1 -10 1140.0 209.0 1242.0 372.0 -1 -1 -1 -1000 -1000 -1000 -10 0.0002269744873046875
Car -1 -1 -10 1186.0 161.0 1242.0 320.0 -1 -1 -1 -1000 -1000 -1000 -10 0.00022339820861816406
Car -1 -1 -10 607.0 181.0 660.0 223.0 -1 -1 -1 -1000 -1000 -1000 -10 0.0002205371856689453
Car -1 -1 -10 594.0 171.0 628.0 196.0 -1 -1 -1 -1000 -1000 -1000 -10 0.00020182132720947266
Car -1 -1 -10 477.0 179.0 518.0 219.0 -1 -1 -1 -1000 -1000 -1000 -10 0.0001983642578125
Car -1 -1 -10 625.0 168.0 674.0 220.0 -1 -1 -1 -1000 -1000 -1000 -10 0.00019788742065429688
Car -1 -1 -10 588.0 170.0 616.0 193.0 -1 -1 -1 -1000 -1000 -1000 -10 0.00016558170318603516
Car -1 -1 -10 426.0 142.0 572.0 275.0 -1 -1 -1 -1000 -1000 -1000 -10 0.0001608133316040039
Car -1 -1 -10 1139.0 160.0 1242.0 330.0 -1 -1 -1 -1000 -1000 -1000 -10 0.00016057491302490234
Car -1 -1 -10 0.0 217.0 51.0 371.0 -1 -1 -1 -1000 -1000 -1000 -10 0.0001575946807861328
Car -1 -1 -10 1214.0 162.0 1242.0 319.0 -1 -1 -1 -1000 -1000 -1000 -10 0.0001552104949951172
Car -1 -1 -10 0.0 172.0 49.0 371.0 -1 -1 -1 -1000 -1000 -1000 -10 0.00014984607696533203
Car -1 -1 -10 505.0 170.0 538.0 209.0 -1 -1 -1 -1000 -1000 -1000 -10 0.00014293193817138672
Car -1 -1 -10 1208.0 156.0 1242.0 327.0 -1 -1 -1 -1000 -1000 -1000 -10 0.0001424551010131836
Car -1 -1 -10 1142.0 158.0 1242.0 296.0 -1 -1 -1 -1000 -1000 -1000 -10 0.0001392364501953125
Car -1 -1 -10 609.0 171.0 646.0 204.0 -1 -1 -1 -1000 -1000 -1000 -10 0.00013184547424316406
Car -1 -1 -10 522.0 170.0 543.0 193.0 -1 -1 -1 -1000 -1000 -1000 -10 0.0001316070556640625
Car -1 -1 -10 1183.0 158.0 1241.0 293.0 -1 -1 -1 -1000 -1000 -1000 -10 0.0001283884048461914
Car -1 -1 -10 1206.0 234.0 1242.0 373.0 -1 -1 -1 -1000 -1000 -1000 -10 0.00011646747589111328
Car -1 -1 -10 1172.0 155.0 1242.0 300.0 -1 -1 -1 -1000 -1000 -1000 -10 0.00010949373245239258
