Car -1 -1 -10 0.0 180.0 280.0 366.0 -1 -1 -1 -1000 -1000 -1000 -10 0.97119140625
Car -1 -1 -10 512.0 171.0 569.0 214.0 -1 -1 -1 -1000 -1000 -1000 -10 0.96044921875
Car -1 -1 -10 607.0 167.0 639.0 197.0 -1 -1 -1 -1000 -1000 -1000 -10 0.9482421875
Car -1 -1 -10 545.0 172.0 581.0 200.0 -1 -1 -1 -1000 -1000 -1000 -10 0.94580078125
Car -1 -1 -10 577.0 166.0 603.0 189.0 -1 -1 -1 -1000 -1000 -1000 -10 0.9169921875
Car -1 -1 -10 542.0 169.0 584.0 200.0 -1 -1 -1 -1000 -1000 -1000 -10 0.07464599609375
Car -1 -1 -10 541.0 171.0 578.0 198.0 -1 -1 -1 -1000 -1000 -1000 -10 0.042633056640625
Car -1 -1 -10 518.0 172.0 567.0 210.0 -1 -1 -1 -1000 -1000 -1000 -10 0.005374908447265625
Car -1 -1 -10 515.0 165.0 570.0 205.0 -1 -1 -1 -1000 -1000 -1000 -10 0.0008215904235839844
Car -1 -1 -10 536.0 158.0 565.0 182.0 -1 -1 -1 -1000 -1000 -1000 -10 0.0007967948913574219
Car -1 -1 -10 528.0 163.0 564.0 193.0 -1 -1 -1 -1000 -1000 -1000 -10 0.0007939338684082031
Car -1 -1 -10 506.0 162.0 572.0 224.0 -1 -1 -1 -1000 -1000 -1000 -10 0.0007839202880859375
Car -1 -1 -10 546.0 166.0 580.0 197.0 -1 -1 -1 -1000 -1000 -1000 -10 0.0007524490356445312
Car -1 -1 -10 545.0 170.0 582.0 204.0 -1 -1 -1 -1000 -1000 -1000 -10 0.0006308555603027344
Car -1 -1 -10 509.0 157.0 571.0 218.0 -1 -1 -1 -1000 -1000 -1000 -10 0.0005021095275878906
Car -1 -1 -10 575.0 162.0 604.0 194.0 -1 -1 -1 -1000 -1000 -1000 -10 0.0004627704620361328
Car -1 -1 -10 531.0 162.0 566.0 185.0 -1 -1 -1 -1000 -1000 -1000 -10 0.0004169940948486328
Car -1 -1 -10 513.0 166.0 556.0 197.0 -1 -1 -1 -1000 -1000 -1000 -10 0.0004105567932128906
Car -1 -1 -10 444.0 133.0 609.0 267.0 -1 -1 -1 -1000 -1000 -1000 -10 0.00036525726318359375
Car -1 -1 -10 534.0 160.0 567.0 192.0 -1 -1 -1 -1000 -1000 -1000 -10 0.00032448768615722656
Car -1 -1 -10 612.0 163.0 639.0 185.0 -1 -1 -1 -1000 -1000 -1000 -10 0.0003135204315185547
Car -1 -1 -10 80.0 186.0 193.0 353.0 -1 -1 -1 -1000 -1000 -1000 -10 0.00028967857360839844
Car -1 -1 -10 475.0 121.0 624.0 240.0 -1 -1 -1 -1000 -1000 -1000 -10 0.00022721290588378906
Car -1 -1 -10 468.0 130.0 633.0 273.0 -1 -1 -1 -1000 -1000 -1000 -10 0.00022041797637939453
Car -1 -1 -10 530.0 157.0 559.0 183.0 -1 -1 -1 -1000 -1000 -1000 -10 0.00018894672393798828
Car -1 -1 -10 1212.0 188.0 1238.0 374.0 -1 -1 -1 -1000 -1000 -1000 -10 0.00017440319061279297
Car -1 -1 -10 1203.0 187.0 1237.0 374.0 -1 -1 -1 -1000 -1000 -1000 -10 0.00015866756439208984
Car -1 -1 -10 598.0 168.0 627.0 193.0 -1 -1 -1 -1000 -1000 -1000 -10 0.000156402587890625
Car -1 -1 -10 605.0 163.0 641.0 199.0 -1 -1 -1 -1000 -1000 -1000 -10 0.0001455545425415039
Car -1 -1 -10 585.0 167.0 608.0 190.0 -1 -1 -1 -1000 -1000 -1000 -10 0.00013172626495361328
Car -1 -1 -10 0.0 189.0 24.0 336.0 -1 -1 -1 -1000 -1000 -1000 -10 0.00012934207916259766
Car -1 -1 -10 0.0 183.0 240.0 294.0 -1 -1 -1 -1000 -1000 -1000 -10 0.00011336803436279297
Car -1 -1 -10 556.0 168.0 583.0 189.0 -1 -1 -1 -1000 -1000 -1000 -10 0.00011134147644042969
Car -1 -1 -10 1106.0 101.0 1126.0 121.0 -1 -1 -1 -1000 -1000 -1000 -10 0.00011134147644042969
Car -1 -1 -10 1209.0 205.0 1237.0 374.0 -1 -1 -1 -1000 -1000 -1000 -10 0.00010693073272705078
Car -1 -1 -10 442.0 104.0 463.0 122.0 -1 -1 -1 -1000 -1000 -1000 -10 0.00010448694229125977
Car -1 -1 -10 604.0 170.0 635.0 197.0 -1 -1 -1 -1000 -1000 -1000 -10 0.00010114908218383789
Car -1 -1 -10 1104.0 101.0 1130.0 121.0 -1 -1 -1 -1000 -1000 -1000 -10 0.00010031461715698242
