Car -1 -1 -10 569.0 177.0 620.0 228.0 -1 -1 -1 -1000 -1000 -1000 -10 0.96484375
Car -1 -1 -10 113.0 180.0 202.0 216.0 -1 -1 -1 -1000 -1000 -1000 -10 0.94384765625
Car -1 -1 -10 1133.0 196.0 1226.0 231.0 -1 -1 -1 -1000 -1000 -1000 -10 0.94140625
Car -1 -1 -10 198.0 177.0 260.0 208.0 -1 -1 -1 -1000 -1000 -1000 -10 0.9375
Car -1 -1 -10 519.0 181.0 549.0 205.0 -1 -1 -1 -1000 -1000 -1000 -10 0.93505859375
Car -1 -1 -10 1034.0 195.0 1138.0 231.0 -1 -1 -1 -1000 -1000 -1000 -10 0.93408203125
Car -1 -1 -10 252.0 180.0 305.0 205.0 -1 -1 -1 -1000 -1000 -1000 -10 0.9296875
Car -1 -1 -10 299.0 181.0 343.0 203.0 -1 -1 -1 -1000 -1000 -1000 -10 0.91943359375
Cyclist -1 -1 -10 886.0 188.0 915.0 231.0 -1 -1 -1 -1000 -1000 -1000 -10 0.90673828125
Car -1 -1 -10 547.0 179.0 567.0 196.0 -1 -1 -1 -1000 -1000 -1000 -10 0.8974609375
Car -1 -1 -10 294.0 183.0 342.0 204.0 -1 -1 -1 -1000 -1000 -1000 -10 0.2406005859375
Car -1 -1 -10 546.0 179.0 568.0 198.0 -1 -1 -1 -1000 -1000 -1000 -10 0.0215911865234375
Car -1 -1 -10 288.0 183.0 331.0 204.0 -1 -1 -1 -1000 -1000 -1000 -10 0.005893707275390625
Car -1 -1 -10 1058.0 196.0 1142.0 229.0 -1 -1 -1 -1000 -1000 -1000 -10 0.0037784576416015625
Car -1 -1 -10 286.0 178.0 341.0 212.0 -1 -1 -1 -1000 -1000 -1000 -10 0.0022792816162109375
Car -1 -1 -10 266.0 181.0 311.0 205.0 -1 -1 -1 -1000 -1000 -1000 -10 0.0021991729736328125
Car -1 -1 -10 1051.0 196.0 1131.0 232.0 -1 -1 -1 -1000 -1000 -1000 -10 0.0016956329345703125
Car -1 -1 -10 1059.0 197.0 1106.0 224.0 -1 -1 -1 -1000 -1000 -1000 -10 0.00145721435546875
Car -1 -1 -10 1234.0 195.0 1242.0 229.0 -1 -1 -1 -1000 -1000 -1000 -10 0.0014553070068359375
Car -1 -1 -10 251.0 178.0 311.0 209.0 -1 -1 -1 -1000 -1000 -1000 -10 0.0013027191162109375
Car -1 -1 -10 297.0 175.0 345.0 207.0 -1 -1 -1 -1000 -1000 -1000 -10 0.0012922286987304688
Car -1 -1 -10 106.0 166.0 207.0 231.0 -1 -1 -1 -1000 -1000 -1000 -10 0.0011510848999023438
Car -1 -1 -10 1233.0 192.0 1242.0 233.0 -1 -1 -1 -1000 -1000 -1000 -10 0.001094818115234375
Car -1 -1 -10 565.0 171.0 623.0 236.0 -1 -1 -1 -1000 -1000 -1000 -10 0.0010547637939453125
Car -1 -1 -10 1029.0 180.0 1144.0 244.0 -1 -1 -1 -1000 -1000 -1000 -10 0.0010538101196289062
Car -1 -1 -10 190.0 164.0 268.0 227.0 -1 -1 -1 -1000 -1000 -1000 -10 0.0009632110595703125
Car -1 -1 -10 1128.0 180.0 1230.0 245.0 -1 -1 -1 -1000 -1000 -1000 -10 0.0009579658508300781
Car -1 -1 -10 1217.0 194.0 1241.0 369.0 -1 -1 -1 -1000 -1000 -1000 -10 0.0007624626159667969
Car -1 -1 -10 1236.0 197.0 1241.0 239.0 -1 -1 -1 -1000 -1000 -1000 -10 0.0007233619689941406
Car -1 -1 -10 1197.0 187.0 1241.0 375.0 -1 -1 -1 -1000 -1000 -1000 -10 0.0007176399230957031
Car -1 -1 -10 202.0 177.0 254.0 207.0 -1 -1 -1 -1000 -1000 -1000 -10 0.0007052421569824219
Car -1 -1 -10 1232.0 193.0 1242.0 223.0 -1 -1 -1 -1000 -1000 -1000 -10 0.0006966590881347656
Car -1 -1 -10 554.0 177.0 584.0 211.0 -1 -1 -1 -1000 -1000 -1000 -10 0.0006647109985351562
Car -1 -1 -10 1126.0 184.0 1231.0 255.0 -1 -1 -1 -1000 -1000 -1000 -10 0.0006580352783203125
Car -1 -1 -10 191.0 160.0 265.0 217.0 -1 -1 -1 -1000 -1000 -1000 -10 0.0006465911865234375
Car -1 -1 -10 1045.0 195.0 1126.0 230.0 -1 -1 -1 -1000 -1000 -1000 -10 0.0006098747253417969
Car -1 -1 -10 519.0 177.0 551.0 210.0 -1 -1 -1 -1000 -1000 -1000 -10 0.0005974769592285156
Car -1 -1 -10 1212.0 187.0 1241.0 375.0 -1 -1 -1 -1000 -1000 -1000 -10 0.0005936622619628906
Car -1 -1 -10 1234.0 187.0 1242.0 250.0 -1 -1 -1 -1000 -1000 -1000 -10 0.0005693435668945312
Car -1 -1 -10 134.0 182.0 185.0 209.0 -1 -1 -1 -1000 -1000 -1000 -10 0.0005412101745605469
Car -1 -1 -10 527.0 178.0 549.0 194.0 -1 -1 -1 -1000 -1000 -1000 -10 0.0005326271057128906
Car -1 -1 -10 1133.0 189.0 1223.0 226.0 -1 -1 -1 -1000 -1000 -1000 -10 0.0005068778991699219
Car -1 -1 -10 1065.0 198.0 1115.0 224.0 -1 -1 -1 -1000 -1000 -1000 -10 0.0005002021789550781
Car -1 -1 -10 286.0 182.0 328.0 202.0 -1 -1 -1 -1000 -1000 -1000 -10 0.00048160552978515625
Car -1 -1 -10 1149.0 199.0 1199.0 222.0 -1 -1 -1 -1000 -1000 -1000 -10 0.0004591941833496094
Car -1 -1 -10 546.0 85.0 575.0 109.0 -1 -1 -1 -1000 -1000 -1000 -10 0.00044345855712890625
Car -1 -1 -10 136.0 131.0 319.0 278.0 -1 -1 -1 -1000 -1000 -1000 -10 0.0004265308380126953
Car -1 -1 -10 1030.0 197.0 1126.0 233.0 -1 -1 -1 -1000 -1000 -1000 -10 0.00042319297790527344
Car -1 -1 -10 990.0 140.0 1166.0 283.0 -1 -1 -1 -1000 -1000 -1000 -10 0.00042247772216796875
Car -1 -1 -10 996.0 163.0 1186.0 291.0 -1 -1 -1 -1000 -1000 -1000 -10 0.0004062652587890625
Car -1 -1 -10 82.0 130.0 260.0 275.0 -1 -1 -1 -1000 -1000 -1000 -10 0.0003745555877685547
Car -1 -1 -10 491.0 141.0 661.0 272.0 -1 -1 -1 -1000 -1000 -1000 -10 0.0003464221954345703
Car -1 -1 -10 1087.0 161.0 1242.0 296.0 -1 -1 -1 -1000 -1000 -1000 -10 0.00034165382385253906
Car -1 -1 -10 60.0 130.0 245.0 278.0 -1 -1 -1 -1000 -1000 -1000 -10 0.0003387928009033203
Car -1 -1 -10 522.0 140.0 674.0 250.0 -1 -1 -1 -1000 -1000 -1000 -10 0.000335693359375
Car -1 -1 -10 513.0 137.0 682.0 276.0 -1 -1 -1 -1000 -1000 -1000 -10 0.0003228187561035156
Car -1 -1 -10 1039.0 189.0 1137.0 225.0 -1 -1 -1 -1000 -1000 -1000 -10 0.00029540061950683594
Car -1 -1 -10 1208.0 213.0 1241.0 375.0 -1 -1 -1 -1000 -1000 -1000 -10 0.0002925395965576172
Car -1 -1 -10 1226.0 191.0 1242.0 225.0 -1 -1 -1 -1000 -1000 -1000 -10 0.0002875328063964844
Car -1 -1 -10 71.0 128.0 236.0 243.0 -1 -1 -1 -1000 -1000 -1000 -10 0.00028061866760253906
Car -1 -1 -10 1192.0 218.0 1241.0 375.0 -1 -1 -1 -1000 -1000 -1000 -10 0.0002646446228027344
Car -1 -1 -10 138.0 116.0 314.0 242.0 -1 -1 -1 -1000 -1000 -1000 -10 0.00026297569274902344
Car -1 -1 -10 0.0 183.0 10.0 239.0 -1 -1 -1 -1000 -1000 -1000 -10 0.0002605915069580078
Car -1 -1 -10 1086.0 138.0 1242.0 283.0 -1 -1 -1 -1000 -1000 -1000 -10 0.00025963783264160156
Car -1 -1 -10 197.0 173.0 263.0 211.0 -1 -1 -1 -1000 -1000 -1000 -10 0.0002493858337402344
Car -1 -1 -10 0.0 175.0 10.0 228.0 -1 -1 -1 -1000 -1000 -1000 -10 0.0002472400665283203
Car -1 -1 -10 0.0 179.0 9.0 223.0 -1 -1 -1 -1000 -1000 -1000 -10 0.00024700164794921875
Car -1 -1 -10 0.0 187.0 8.0 234.0 -1 -1 -1 -1000 -1000 -1000 -10 0.00024700164794921875
Pedestrian -1 -1 -10 787.0 0.0 813.0 0.0 -1 -1 -1 -1000 -1000 -1000 -10 0.0002199411392211914
Car -1 -1 -10 1229.0 192.0 1242.0 232.0 -1 -1 -1 -1000 -1000 -1000 -10 0.00021958351135253906
Car -1 -1 -10 1222.0 175.0 1242.0 346.0 -1 -1 -1 -1000 -1000 -1000 -10 0.00021564960479736328
Car -1 -1 -10 1035.0 192.0 1127.0 228.0 -1 -1 -1 -1000 -1000 -1000 -10 0.00021398067474365234
Car -1 -1 -10 1204.0 172.0 1241.0 352.0 -1 -1 -1 -1000 -1000 -1000 -10 0.00021266937255859375
Cyclist -1 -1 -10 893.0 188.0 919.0 231.0 -1 -1 -1 -1000 -1000 -1000 -10 0.00020134449005126953
Car -1 -1 -10 0.0 176.0 14.0 252.0 -1 -1 -1 -1000 -1000 -1000 -10 0.00019693374633789062
Car -1 -1 -10 1172.0 231.0 1242.0 362.0 -1 -1 -1 -1000 -1000 -1000 -10 0.00019240379333496094
Car -1 -1 -10 244.0 177.0 291.0 205.0 -1 -1 -1 -1000 -1000 -1000 -10 0.00018537044525146484
Cyclist -1 -1 -10 888.0 192.0 915.0 236.0 -1 -1 -1 -1000 -1000 -1000 -10 0.0001850128173828125
Car -1 -1 -10 1180.0 200.0 1242.0 371.0 -1 -1 -1 -1000 -1000 -1000 -10 0.0001811981201171875
Cyclist -1 -1 -10 886.0 191.0 913.0 236.0 -1 -1 -1 -1000 -1000 -1000 -10 0.0001684427261352539
Cyclist -1 -1 -10 883.0 185.0 922.0 232.0 -1 -1 -1 -1000 -1000 -1000 -10 0.00016629695892333984
Car -1 -1 -10 166.0 133.0 328.0 272.0 -1 -1 -1 -1000 -1000 -1000 -10 0.00016617774963378906
Car -1 -1 -10 1157.0 199.0 1207.0 222.0 -1 -1 -1 -1000 -1000 -1000 -10 0.00016582012176513672
Car -1 -1 -10 0.0 185.0 10.0 253.0 -1 -1 -1 -1000 -1000 -1000 -10 0.00015306472778320312
Car -1 -1 -10 572.0 175.0 615.0 212.0 -1 -1 -1 -1000 -1000 -1000 -10 0.00015211105346679688
Car -1 -1 -10 0.0 163.0 14.0 234.0 -1 -1 -1 -1000 -1000 -1000 -10 0.00014138221740722656
Car -1 -1 -10 1160.0 195.0 1242.0 373.0 -1 -1 -1 -1000 -1000 -1000 -10 0.00013518333435058594
Car -1 -1 -10 0.0 189.0 101.0 375.0 -1 -1 -1 -1000 -1000 -1000 -10 0.0001341104507446289
Car -1 -1 -10 1058.0 199.0 1106.0 229.0 -1 -1 -1 -1000 -1000 -1000 -10 0.00013005733489990234
Pedestrian -1 -1 -10 778.0 0.0 803.0 0.0 -1 -1 -1 -1000 -1000 -1000 -10 0.0001291036605834961
Pedestrian -1 -1 -10 807.0 0.0 833.0 0.0 -1 -1 -1 -1000 -1000 -1000 -10 0.0001289844512939453
Pedestrian -1 -1 -10 785.0 0.0 830.0 1.0 -1 -1 -1 -1000 -1000 -1000 -10 0.00012254714965820312
Car -1 -1 -10 1215.0 167.0 1242.0 356.0 -1 -1 -1 -1000 -1000 -1000 -10 0.00012093782424926758
Car -1 -1 -10 1234.0 186.0 1242.0 272.0 -1 -1 -1 -1000 -1000 -1000 -10 0.00011986494064331055
Car -1 -1 -10 310.0 178.0 351.0 200.0 -1 -1 -1 -1000 -1000 -1000 -10 0.00011527538299560547
Pedestrian -1 -1 -10 822.0 0.0 874.0 3.0 -1 -1 -1 -1000 -1000 -1000 -10 0.00011450052261352539
Pedestrian -1 -1 -10 832.0 0.0 872.0 0.0 -1 -1 -1 -1000 -1000 -1000 -10 0.00011110305786132812
Car -1 -1 -10 1236.0 203.0 1241.0 251.0 -1 -1 -1 -1000 -1000 -1000 -10 0.00010782480239868164
Car -1 -1 -10 541.0 84.0 572.0 111.0 -1 -1 -1 -1000 -1000 -1000 -10 0.00010579824447631836
Car -1 -1 -10 545.0 174.0 569.0 202.0 -1 -1 -1 -1000 -1000 -1000 -10 0.00010484457015991211
Car -1 -1 -10 113.0 182.0 187.0 215.0 -1 -1 -1 -1000 -1000 -1000 -10 0.00010293722152709961
Pedestrian -1 -1 -10 797.0 0.0 823.0 0.0 -1 -1 -1 -1000 -1000 -1000 -10 0.00010287761688232422
Pedestrian -1 -1 -10 803.0 0.0 858.0 2.0 -1 -1 -1 -1000 -1000 -1000 -10 0.00010186433792114258
Car -1 -1 -10 1233.0 192.0 1242.0 246.0 -1 -1 -1 -1000 -1000 -1000 -10 0.0001004338264465332
