Car -1 -1 -10 332.0 182.0 478.0 280.0 -1 -1 -1 -1000 -1000 -1000 -10 0.96826171875
Car -1 -1 -10 584.0 176.0 623.0 214.0 -1 -1 -1 -1000 -1000 -1000 -10 0.96533203125
Car -1 -1 -10 138.0 174.0 219.0 217.0 -1 -1 -1 -1000 -1000 -1000 -10 0.96435546875
Car -1 -1 -10 525.0 150.0 572.0 204.0 -1 -1 -1 -1000 -1000 -1000 -10 0.94677734375
Car -1 -1 -10 402.0 178.0 426.0 193.0 -1 -1 -1 -1000 -1000 -1000 -10 0.8232421875
Car -1 -1 -10 402.0 179.0 424.0 195.0 -1 -1 -1 -1000 -1000 -1000 -10 0.305419921875
Car -1 -1 -10 561.0 176.0 578.0 193.0 -1 -1 -1 -1000 -1000 -1000 -10 0.1087646484375
Car -1 -1 -10 438.0 177.0 460.0 191.0 -1 -1 -1 -1000 -1000 -1000 -10 0.08551025390625
Car -1 -1 -10 562.0 173.0 579.0 194.0 -1 -1 -1 -1000 -1000 -1000 -10 0.034637451171875
Car -1 -1 -10 562.0 174.0 583.0 196.0 -1 -1 -1 -1000 -1000 -1000 -10 0.00617218017578125
Car -1 -1 -10 439.0 176.0 460.0 188.0 -1 -1 -1 -1000 -1000 -1000 -10 0.00438690185546875
Car -1 -1 -10 560.0 176.0 578.0 195.0 -1 -1 -1 -1000 -1000 -1000 -10 0.002925872802734375
Car -1 -1 -10 431.0 176.0 458.0 192.0 -1 -1 -1 -1000 -1000 -1000 -10 0.0026988983154296875
Car -1 -1 -10 418.0 179.0 440.0 193.0 -1 -1 -1 -1000 -1000 -1000 -10 0.002521514892578125
Car -1 -1 -10 436.0 175.0 460.0 192.0 -1 -1 -1 -1000 -1000 -1000 -10 0.00213623046875
Car -1 -1 -10 403.0 175.0 427.0 189.0 -1 -1 -1 -1000 -1000 -1000 -10 0.002086639404296875
Car -1 -1 -10 563.0 172.0 581.0 191.0 -1 -1 -1 -1000 -1000 -1000 -10 0.0015010833740234375
Car -1 -1 -10 434.0 178.0 456.0 192.0 -1 -1 -1 -1000 -1000 -1000 -10 0.0014696121215820312
Car -1 -1 -10 441.0 176.0 462.0 193.0 -1 -1 -1 -1000 -1000 -1000 -10 0.0014696121215820312
Car -1 -1 -10 134.0 164.0 224.0 231.0 -1 -1 -1 -1000 -1000 -1000 -10 0.0008068084716796875
Car -1 -1 -10 415.0 180.0 436.0 194.0 -1 -1 -1 -1000 -1000 -1000 -10 0.000804901123046875
Car -1 -1 -10 568.0 176.0 584.0 193.0 -1 -1 -1 -1000 -1000 -1000 -10 0.0007753372192382812
Car -1 -1 -10 523.0 143.0 576.0 207.0 -1 -1 -1 -1000 -1000 -1000 -10 0.0007572174072265625
Car -1 -1 -10 566.0 173.0 590.0 197.0 -1 -1 -1 -1000 -1000 -1000 -10 0.0006685256958007812
Car -1 -1 -10 402.0 177.0 426.0 196.0 -1 -1 -1 -1000 -1000 -1000 -10 0.0005726814270019531
Car -1 -1 -10 0.0 218.0 30.0 373.0 -1 -1 -1 -1000 -1000 -1000 -10 0.00043129920959472656
Car -1 -1 -10 0.0 199.0 32.0 369.0 -1 -1 -1 -1000 -1000 -1000 -10 0.00040435791015625
Car -1 -1 -10 397.0 183.0 420.0 204.0 -1 -1 -1 -1000 -1000 -1000 -10 0.00040078163146972656
Car -1 -1 -10 396.0 181.0 419.0 197.0 -1 -1 -1 -1000 -1000 -1000 -10 0.0003972053527832031
Car -1 -1 -10 82.0 134.0 255.0 271.0 -1 -1 -1 -1000 -1000 -1000 -10 0.0002875328063964844
Car -1 -1 -10 97.0 125.0 266.0 242.0 -1 -1 -1 -1000 -1000 -1000 -10 0.00028252601623535156
Car -1 -1 -10 575.0 165.0 630.0 228.0 -1 -1 -1 -1000 -1000 -1000 -10 0.00027251243591308594
Car -1 -1 -10 384.0 182.0 406.0 198.0 -1 -1 -1 -1000 -1000 -1000 -10 0.0002694129943847656
Car -1 -1 -10 1.0 214.0 49.0 373.0 -1 -1 -1 -1000 -1000 -1000 -10 0.00026798248291015625
Car -1 -1 -10 379.0 181.0 412.0 201.0 -1 -1 -1 -1000 -1000 -1000 -10 0.00025773048400878906
Car -1 -1 -10 451.0 115.0 611.0 235.0 -1 -1 -1 -1000 -1000 -1000 -10 0.0002536773681640625
Car -1 -1 -10 384.0 180.0 404.0 195.0 -1 -1 -1 -1000 -1000 -1000 -10 0.0002295970916748047
Car -1 -1 -10 577.0 159.0 627.0 218.0 -1 -1 -1 -1000 -1000 -1000 -10 0.00022876262664794922
Car -1 -1 -10 0.0 202.0 64.0 369.0 -1 -1 -1 -1000 -1000 -1000 -10 0.00021278858184814453
Car -1 -1 -10 515.0 132.0 684.0 275.0 -1 -1 -1 -1000 -1000 -1000 -10 0.0001938343048095703
Car -1 -1 -10 480.0 124.0 635.0 249.0 -1 -1 -1 -1000 -1000 -1000 -10 0.00018966197967529297
Car -1 -1 -10 396.0 180.0 417.0 194.0 -1 -1 -1 -1000 -1000 -1000 -10 0.00018095970153808594
Car -1 -1 -10 457.0 98.0 477.0 112.0 -1 -1 -1 -1000 -1000 -1000 -10 0.00017440319061279297
Car -1 -1 -10 578.0 165.0 648.0 232.0 -1 -1 -1 -1000 -1000 -1000 -10 0.00015175342559814453
Car -1 -1 -10 0.0 188.0 22.0 343.0 -1 -1 -1 -1000 -1000 -1000 -10 0.00015079975128173828
Car -1 -1 -10 515.0 119.0 681.0 243.0 -1 -1 -1 -1000 -1000 -1000 -10 0.00014066696166992188
Car -1 -1 -10 0.0 178.0 10.0 243.0 -1 -1 -1 -1000 -1000 -1000 -10 0.00012826919555664062
Car -1 -1 -10 548.0 135.0 707.0 273.0 -1 -1 -1 -1000 -1000 -1000 -10 0.00012290477752685547
Car -1 -1 -10 0.0 169.0 10.0 237.0 -1 -1 -1 -1000 -1000 -1000 -10 0.00012046098709106445
Car -1 -1 -10 0.0 186.0 48.0 360.0 -1 -1 -1 -1000 -1000 -1000 -10 0.00011307001113891602
Car -1 -1 -10 0.0 176.0 13.0 256.0 -1 -1 -1 -1000 -1000 -1000 -10 0.00011020898818969727
Car -1 -1 -10 380.0 178.0 410.0 195.0 -1 -1 -1 -1000 -1000 -1000 -10 0.00010663270950317383
Car -1 -1 -10 432.0 175.0 454.0 189.0 -1 -1 -1 -1000 -1000 -1000 -10 0.00010573863983154297
Car -1 -1 -10 0.0 179.0 28.0 351.0 -1 -1 -1 -1000 -1000 -1000 -10 0.00010341405868530273
Car -1 -1 -10 0.0 200.0 77.0 371.0 -1 -1 -1 -1000 -1000 -1000 -10 0.00010257959365844727
