Car -1 -1 -10 645.0 146.0 741.0 226.0 -1 -1 -1 -1000 -1000 -1000 -10 0.95849609375
Car -1 -1 -10 548.0 175.0 572.0 195.0 -1 -1 -1 -1000 -1000 -1000 -10 0.908203125
Car -1 -1 -10 499.0 173.0 518.0 190.0 -1 -1 -1 -1000 -1000 -1000 -10 0.00421905517578125
Car -1 -1 -10 525.0 170.0 543.0 187.0 -1 -1 -1 -1000 -1000 -1000 -10 0.0017299652099609375
Pedestrian -1 -1 -10 0.0 147.0 21.0 340.0 -1 -1 -1 -1000 -1000 -1000 -10 0.0016984939575195312
Pedestrian -1 -1 -10 1.0 139.0 26.0 348.0 -1 -1 -1 -1000 -1000 -1000 -10 0.0009493827819824219
Car -1 -1 -10 498.0 172.0 516.0 189.0 -1 -1 -1 -1000 -1000 -1000 -10 0.0009112358093261719
Car -1 -1 -10 525.0 172.0 545.0 189.0 -1 -1 -1 -1000 -1000 -1000 -10 0.0007772445678710938
Car -1 -1 -10 532.0 172.0 554.0 190.0 -1 -1 -1 -1000 -1000 -1000 -10 0.000774383544921875
Car -1 -1 -10 549.0 172.0 571.0 192.0 -1 -1 -1 -1000 -1000 -1000 -10 0.0007295608520507812
Pedestrian -1 -1 -10 0.0 154.0 23.0 361.0 -1 -1 -1 -1000 -1000 -1000 -10 0.0007171630859375
Car -1 -1 -10 631.0 137.0 750.0 231.0 -1 -1 -1 -1000 -1000 -1000 -10 0.0007081031799316406
Car -1 -1 -10 547.0 173.0 573.0 204.0 -1 -1 -1 -1000 -1000 -1000 -10 0.0007047653198242188
Car -1 -1 -10 546.0 170.0 571.0 198.0 -1 -1 -1 -1000 -1000 -1000 -10 0.0006923675537109375
Pedestrian -1 -1 -10 0.0 141.0 18.0 316.0 -1 -1 -1 -1000 -1000 -1000 -10 0.0006814002990722656
Car -1 -1 -10 546.0 171.0 570.0 192.0 -1 -1 -1 -1000 -1000 -1000 -10 0.0006351470947265625
Car -1 -1 -10 548.0 171.0 574.0 199.0 -1 -1 -1 -1000 -1000 -1000 -10 0.0005679130554199219
Pedestrian -1 -1 -10 1.0 131.0 34.0 353.0 -1 -1 -1 -1000 -1000 -1000 -10 0.00037097930908203125
Car -1 -1 -10 518.0 171.0 545.0 191.0 -1 -1 -1 -1000 -1000 -1000 -10 0.00034880638122558594
Pedestrian -1 -1 -10 0.0 145.0 38.0 375.0 -1 -1 -1 -1000 -1000 -1000 -10 0.0003211498260498047
Pedestrian -1 -1 -10 1.0 132.0 24.0 324.0 -1 -1 -1 -1000 -1000 -1000 -10 0.00028777122497558594
Car -1 -1 -10 498.0 174.0 519.0 194.0 -1 -1 -1 -1000 -1000 -1000 -10 0.00025653839111328125
Car -1 -1 -10 531.0 170.0 552.0 188.0 -1 -1 -1 -1000 -1000 -1000 -10 0.00022459030151367188
Pedestrian -1 -1 -10 160.0 2.0 205.0 64.0 -1 -1 -1 -1000 -1000 -1000 -10 0.00021779537200927734
Pedestrian -1 -1 -10 1.0 174.0 13.0 295.0 -1 -1 -1 -1000 -1000 -1000 -10 0.0002124309539794922
Car -1 -1 -10 544.0 172.0 571.0 205.0 -1 -1 -1 -1000 -1000 -1000 -10 0.0001977682113647461
Car -1 -1 -10 499.0 172.0 523.0 192.0 -1 -1 -1 -1000 -1000 -1000 -10 0.00016891956329345703
Pedestrian -1 -1 -10 2.0 131.0 32.0 320.0 -1 -1 -1 -1000 -1000 -1000 -10 0.00014793872833251953
Car -1 -1 -10 497.0 174.0 516.0 197.0 -1 -1 -1 -1000 -1000 -1000 -10 0.00014150142669677734
Car -1 -1 -10 519.0 172.0 537.0 190.0 -1 -1 -1 -1000 -1000 -1000 -10 0.0001373291015625
Car -1 -1 -10 241.0 175.0 282.0 198.0 -1 -1 -1 -1000 -1000 -1000 -10 0.000125885009765625
Pedestrian -1 -1 -10 1.0 173.0 21.0 297.0 -1 -1 -1 -1000 -1000 -1000 -10 0.00012350082397460938
Car -1 -1 -10 639.0 141.0 759.0 240.0 -1 -1 -1 -1000 -1000 -1000 -10 0.00011718273162841797
Pedestrian -1 -1 -10 1.0 139.0 16.0 275.0 -1 -1 -1 -1000 -1000 -1000 -10 0.0001169443130493164
Car -1 -1 -10 497.0 172.0 523.0 196.0 -1 -1 -1 -1000 -1000 -1000 -10 0.00010752677917480469
Car -1 -1 -10 242.0 178.0 279.0 201.0 -1 -1 -1 -1000 -1000 -1000 -10 0.00010293722152709961
Car -1 -1 -10 523.0 173.0 550.0 196.0 -1 -1 -1 -1000 -1000 -1000 -10 0.0001017451286315918
