Car -1 -1 -10 277.0 188.0 429.0 291.0 -1 -1 -1 -1000 -1000 -1000 -10 0.96630859375
Car -1 -1 -10 492.0 176.0 578.0 206.0 -1 -1 -1 -1000 -1000 -1000 -10 0.94970703125
Car -1 -1 -10 615.0 174.0 703.0 201.0 -1 -1 -1 -1000 -1000 -1000 -10 0.94775390625
Car -1 -1 -10 123.0 179.0 243.0 220.0 -1 -1 -1 -1000 -1000 -1000 -10 0.9443359375
Car -1 -1 -10 288.0 156.0 401.0 210.0 -1 -1 -1 -1000 -1000 -1000 -10 0.94189453125
Car -1 -1 -10 350.0 182.0 440.0 233.0 -1 -1 -1 -1000 -1000 -1000 -10 0.92529296875
Pedestrian -1 -1 -10 756.0 165.0 783.0 232.0 -1 -1 -1 -1000 -1000 -1000 -10 0.87646484375
Pedestrian -1 -1 -10 758.0 162.0 787.0 231.0 -1 -1 -1 -1000 -1000 -1000 -10 0.0179901123046875
Car -1 -1 -10 284.0 192.0 423.0 273.0 -1 -1 -1 -1000 -1000 -1000 -10 0.01418304443359375
Car -1 -1 -10 346.0 180.0 438.0 224.0 -1 -1 -1 -1000 -1000 -1000 -10 0.01123809814453125
Car -1 -1 -10 306.0 188.0 407.0 236.0 -1 -1 -1 -1000 -1000 -1000 -10 0.0036945343017578125
Car -1 -1 -10 0.0 182.0 18.0 256.0 -1 -1 -1 -1000 -1000 -1000 -10 0.003543853759765625
Car -1 -1 -10 297.0 188.0 401.0 233.0 -1 -1 -1 -1000 -1000 -1000 -10 0.003543853759765625
Car -1 -1 -10 0.0 185.0 19.0 289.0 -1 -1 -1 -1000 -1000 -1000 -10 0.0026035308837890625
Car -1 -1 -10 0.0 181.0 15.0 262.0 -1 -1 -1 -1000 -1000 -1000 -10 0.0023345947265625
Car -1 -1 -10 0.0 180.0 14.0 247.0 -1 -1 -1 -1000 -1000 -1000 -10 0.0022640228271484375
Car -1 -1 -10 342.0 185.0 431.0 234.0 -1 -1 -1 -1000 -1000 -1000 -10 0.002231597900390625
Pedestrian -1 -1 -10 751.0 162.0 776.0 229.0 -1 -1 -1 -1000 -1000 -1000 -10 0.0021343231201171875
Car -1 -1 -10 294.0 185.0 421.0 266.0 -1 -1 -1 -1000 -1000 -1000 -10 0.0016584396362304688
Car -1 -1 -10 342.0 178.0 441.0 248.0 -1 -1 -1 -1000 -1000 -1000 -10 0.0016489028930664062
Car -1 -1 -10 0.0 178.0 17.0 240.0 -1 -1 -1 -1000 -1000 -1000 -10 0.0016012191772460938
Pedestrian -1 -1 -10 753.0 169.0 778.0 233.0 -1 -1 -1 -1000 -1000 -1000 -10 0.0015926361083984375
Car -1 -1 -10 0.0 176.0 14.0 236.0 -1 -1 -1 -1000 -1000 -1000 -10 0.0015554428100585938
Car -1 -1 -10 358.0 188.0 437.0 239.0 -1 -1 -1 -1000 -1000 -1000 -10 0.0015344619750976562
Car -1 -1 -10 282.0 150.0 404.0 214.0 -1 -1 -1 -1000 -1000 -1000 -10 0.00150299072265625
Car -1 -1 -10 309.0 185.0 403.0 227.0 -1 -1 -1 -1000 -1000 -1000 -10 0.0015020370483398438
Car -1 -1 -10 0.0 187.0 13.0 239.0 -1 -1 -1 -1000 -1000 -1000 -10 0.0014867782592773438
Car -1 -1 -10 0.0 183.0 24.0 255.0 -1 -1 -1 -1000 -1000 -1000 -10 0.0013990402221679688
Car -1 -1 -10 0.0 196.0 19.0 321.0 -1 -1 -1 -1000 -1000 -1000 -10 0.0012903213500976562
Car -1 -1 -10 293.0 171.0 389.0 214.0 -1 -1 -1 -1000 -1000 -1000 -10 0.0012350082397460938
Car -1 -1 -10 0.0 182.0 13.0 229.0 -1 -1 -1 -1000 -1000 -1000 -10 0.0012273788452148438
Car -1 -1 -10 1210.0 195.0 1242.0 371.0 -1 -1 -1 -1000 -1000 -1000 -10 0.0012254714965820312
Car -1 -1 -10 0.0 183.0 24.0 291.0 -1 -1 -1 -1000 -1000 -1000 -10 0.0011882781982421875
Car -1 -1 -10 293.0 179.0 397.0 224.0 -1 -1 -1 -1000 -1000 -1000 -10 0.0011281967163085938
Car -1 -1 -10 0.0 185.0 16.0 279.0 -1 -1 -1 -1000 -1000 -1000 -10 0.0010805130004882812
Car -1 -1 -10 0.0 180.0 20.0 247.0 -1 -1 -1 -1000 -1000 -1000 -10 0.0010004043579101562
Car -1 -1 -10 1193.0 190.0 1241.0 375.0 -1 -1 -1 -1000 -1000 -1000 -10 0.0009660720825195312
Car -1 -1 -10 347.0 182.0 427.0 228.0 -1 -1 -1 -1000 -1000 -1000 -10 0.0008707046508789062
Car -1 -1 -10 116.0 167.0 247.0 231.0 -1 -1 -1 -1000 -1000 -1000 -10 0.0008211135864257812
Car -1 -1 -10 0.0 210.0 19.0 351.0 -1 -1 -1 -1000 -1000 -1000 -10 0.000789642333984375
Car -1 -1 -10 347.0 176.0 441.0 237.0 -1 -1 -1 -1000 -1000 -1000 -10 0.0007796287536621094
Pedestrian -1 -1 -10 764.0 165.0 792.0 231.0 -1 -1 -1 -1000 -1000 -1000 -10 0.0007762908935546875
Car -1 -1 -10 0.0 202.0 15.0 305.0 -1 -1 -1 -1000 -1000 -1000 -10 0.0007586479187011719
Car -1 -1 -10 0.0 192.0 14.0 249.0 -1 -1 -1 -1000 -1000 -1000 -10 0.0007505416870117188
Car -1 -1 -10 157.0 183.0 204.0 210.0 -1 -1 -1 -1000 -1000 -1000 -10 0.0007467269897460938
Car -1 -1 -10 0.0 190.0 15.0 294.0 -1 -1 -1 -1000 -1000 -1000 -10 0.0007433891296386719
Car -1 -1 -10 0.0 214.0 14.0 315.0 -1 -1 -1 -1000 -1000 -1000 -10 0.0007424354553222656
Car -1 -1 -10 507.0 180.0 558.0 201.0 -1 -1 -1 -1000 -1000 -1000 -10 0.0007367134094238281
Car -1 -1 -10 298.0 162.0 402.0 211.0 -1 -1 -1 -1000 -1000 -1000 -10 0.0007033348083496094
Car -1 -1 -10 1181.0 206.0 1242.0 371.0 -1 -1 -1 -1000 -1000 -1000 -10 0.0006170272827148438
Car -1 -1 -10 293.0 167.0 408.0 218.0 -1 -1 -1 -1000 -1000 -1000 -10 0.0005955696105957031
Car -1 -1 -10 0.0 191.0 24.0 325.0 -1 -1 -1 -1000 -1000 -1000 -10 0.0005917549133300781
Car -1 -1 -10 0.0 176.0 21.0 233.0 -1 -1 -1 -1000 -1000 -1000 -10 0.0005631446838378906
Car -1 -1 -10 0.0 187.0 19.0 239.0 -1 -1 -1 -1000 -1000 -1000 -10 0.0005555152893066406
Car -1 -1 -10 0.0 180.0 24.0 238.0 -1 -1 -1 -1000 -1000 -1000 -10 0.0005326271057128906
Car -1 -1 -10 91.0 133.0 273.0 244.0 -1 -1 -1 -1000 -1000 -1000 -10 0.0005259513854980469
Car -1 -1 -10 0.0 182.0 31.0 257.0 -1 -1 -1 -1000 -1000 -1000 -10 0.0005064010620117188
Car -1 -1 -10 251.0 119.0 427.0 238.0 -1 -1 -1 -1000 -1000 -1000 -10 0.0005006790161132812
Car -1 -1 -10 314.0 159.0 362.0 202.0 -1 -1 -1 -1000 -1000 -1000 -10 0.0004992485046386719
Car -1 -1 -10 0.0 172.0 24.0 246.0 -1 -1 -1 -1000 -1000 -1000 -10 0.00047516822814941406
Car -1 -1 -10 0.0 172.0 13.0 221.0 -1 -1 -1 -1000 -1000 -1000 -10 0.0004706382751464844
Car -1 -1 -10 82.0 132.0 281.0 275.0 -1 -1 -1 -1000 -1000 -1000 -10 0.00046443939208984375
Car -1 -1 -10 612.0 170.0 705.0 204.0 -1 -1 -1 -1000 -1000 -1000 -10 0.00045943260192871094
Car -1 -1 -10 1214.0 176.0 1242.0 363.0 -1 -1 -1 -1000 -1000 -1000 -10 0.0004589557647705078
Car -1 -1 -10 298.0 142.0 476.0 288.0 -1 -1 -1 -1000 -1000 -1000 -10 0.00045561790466308594
Car -1 -1 -10 0.0 176.0 11.0 217.0 -1 -1 -1 -1000 -1000 -1000 -10 0.0004508495330810547
Car -1 -1 -10 285.0 167.0 383.0 215.0 -1 -1 -1 -1000 -1000 -1000 -10 0.00044035911560058594
Car -1 -1 -10 0.0 186.0 32.0 292.0 -1 -1 -1 -1000 -1000 -1000 -10 0.0004343986511230469
Car -1 -1 -10 1.0 193.0 19.0 251.0 -1 -1 -1 -1000 -1000 -1000 -10 0.00040912628173828125
Car -1 -1 -10 0.0 202.0 25.0 358.0 -1 -1 -1 -1000 -1000 -1000 -10 0.0004088878631591797
Car -1 -1 -10 0.0 178.0 34.0 263.0 -1 -1 -1 -1000 -1000 -1000 -10 0.00039577484130859375
Car -1 -1 -10 632.0 177.0 682.0 194.0 -1 -1 -1 -1000 -1000 -1000 -10 0.00038695335388183594
Car -1 -1 -10 0.0 190.0 20.0 276.0 -1 -1 -1 -1000 -1000 -1000 -10 0.0003809928894042969
Car -1 -1 -10 1193.0 217.0 1241.0 358.0 -1 -1 -1 -1000 -1000 -1000 -10 0.00033736228942871094
Car -1 -1 -10 1.0 229.0 20.0 365.0 -1 -1 -1 -1000 -1000 -1000 -10 0.00032591819763183594
Car -1 -1 -10 304.0 158.0 385.0 209.0 -1 -1 -1 -1000 -1000 -1000 -10 0.00029850006103515625
Car -1 -1 -10 0.0 196.0 22.0 289.0 -1 -1 -1 -1000 -1000 -1000 -10 0.0002827644348144531
Car -1 -1 -10 144.0 182.0 242.0 218.0 -1 -1 -1 -1000 -1000 -1000 -10 0.00028204917907714844
Car -1 -1 -10 482.0 164.0 582.0 223.0 -1 -1 -1 -1000 -1000 -1000 -10 0.0002701282501220703
Car -1 -1 -10 320.0 145.0 481.0 276.0 -1 -1 -1 -1000 -1000 -1000 -10 0.00024771690368652344
Car -1 -1 -10 484.0 160.0 582.0 215.0 -1 -1 -1 -1000 -1000 -1000 -10 0.0002371072769165039
Car -1 -1 -10 0.0 185.0 36.0 335.0 -1 -1 -1 -1000 -1000 -1000 -10 0.0002300739288330078
Car -1 -1 -10 490.0 173.0 579.0 209.0 -1 -1 -1 -1000 -1000 -1000 -10 0.00022149085998535156
Car -1 -1 -10 0.0 204.0 22.0 302.0 -1 -1 -1 -1000 -1000 -1000 -10 0.00022017955780029297
Car -1 -1 -10 293.0 185.0 387.0 227.0 -1 -1 -1 -1000 -1000 -1000 -10 0.00021910667419433594
Car -1 -1 -10 0.0 214.0 21.0 313.0 -1 -1 -1 -1000 -1000 -1000 -10 0.00019943714141845703
Car -1 -1 -10 320.0 189.0 394.0 234.0 -1 -1 -1 -1000 -1000 -1000 -10 0.00019407272338867188
Car -1 -1 -10 1206.0 216.0 1242.0 357.0 -1 -1 -1 -1000 -1000 -1000 -10 0.00019276142120361328
Car -1 -1 -10 313.0 150.0 468.0 258.0 -1 -1 -1 -1000 -1000 -1000 -10 0.00019037723541259766
Car -1 -1 -10 1166.0 197.0 1242.0 373.0 -1 -1 -1 -1000 -1000 -1000 -10 0.00018835067749023438
Car -1 -1 -10 101.0 180.0 238.0 221.0 -1 -1 -1 -1000 -1000 -1000 -10 0.00018656253814697266
Pedestrian -1 -1 -10 750.0 167.0 795.0 227.0 -1 -1 -1 -1000 -1000 -1000 -10 0.0001837015151977539
Pedestrian -1 -1 -10 781.0 0.0 855.0 2.0 -1 -1 -1 -1000 -1000 -1000 -10 0.00017559528350830078
Pedestrian -1 -1 -10 759.0 172.0 781.0 234.0 -1 -1 -1 -1000 -1000 -1000 -10 0.00017368793487548828
Car -1 -1 -10 0.0 222.0 26.0 372.0 -1 -1 -1 -1000 -1000 -1000 -10 0.0001653432846069336
Car -1 -1 -10 0.0 228.0 13.0 339.0 -1 -1 -1 -1000 -1000 -1000 -10 0.00016498565673828125
Car -1 -1 -10 0.0 158.0 17.0 224.0 -1 -1 -1 -1000 -1000 -1000 -10 0.00015938282012939453
Pedestrian -1 -1 -10 759.0 159.0 783.0 226.0 -1 -1 -1 -1000 -1000 -1000 -10 0.00015878677368164062
Car -1 -1 -10 1173.0 220.0 1241.0 355.0 -1 -1 -1 -1000 -1000 -1000 -10 0.00015592575073242188
Car -1 -1 -10 0.0 201.0 14.0 261.0 -1 -1 -1 -1000 -1000 -1000 -10 0.00014591217041015625
Car -1 -1 -10 1.0 171.0 22.0 218.0 -1 -1 -1 -1000 -1000 -1000 -10 0.00013911724090576172
Car -1 -1 -10 799.0 0.0 864.0 0.0 -1 -1 -1 -1000 -1000 -1000 -10 0.0001373291015625
Car -1 -1 -10 372.0 186.0 423.0 223.0 -1 -1 -1 -1000 -1000 -1000 -10 0.00013720989227294922
Car -1 -1 -10 0.0 226.0 15.0 320.0 -1 -1 -1 -1000 -1000 -1000 -10 0.00013554096221923828
Car -1 -1 -10 0.0 193.0 36.0 372.0 -1 -1 -1 -1000 -1000 -1000 -10 0.0001341104507446289
Car -1 -1 -10 0.0 173.0 38.0 234.0 -1 -1 -1 -1000 -1000 -1000 -10 0.0001322031021118164
Pedestrian -1 -1 -10 764.0 0.0 829.0 1.0 -1 -1 -1 -1000 -1000 -1000 -10 0.0001316070556640625
Car -1 -1 -10 1188.0 222.0 1242.0 375.0 -1 -1 -1 -1000 -1000 -1000 -10 0.0001308917999267578
Car -1 -1 -10 512.0 179.0 563.0 199.0 -1 -1 -1 -1000 -1000 -1000 -10 0.00012385845184326172
Car -1 -1 -10 0.0 234.0 14.0 355.0 -1 -1 -1 -1000 -1000 -1000 -10 0.00012314319610595703
Car -1 -1 -10 0.0 228.0 35.0 374.0 -1 -1 -1 -1000 -1000 -1000 -10 0.00012314319610595703
Car -1 -1 -10 163.0 184.0 210.0 210.0 -1 -1 -1 -1000 -1000 -1000 -10 0.000118255615234375
Car -1 -1 -10 368.0 186.0 443.0 235.0 -1 -1 -1 -1000 -1000 -1000 -10 0.00011706352233886719
Car -1 -1 -10 289.0 177.0 375.0 213.0 -1 -1 -1 -1000 -1000 -1000 -10 0.00011658668518066406
Pedestrian -1 -1 -10 736.0 0.0 780.0 0.0 -1 -1 -1 -1000 -1000 -1000 -10 0.00010758638381958008
Car -1 -1 -10 108.0 177.0 228.0 218.0 -1 -1 -1 -1000 -1000 -1000 -10 0.00010758638381958008
Car -1 -1 -10 320.0 186.0 394.0 225.0 -1 -1 -1 -1000 -1000 -1000 -10 0.00010722875595092773
Car -1 -1 -10 0.0 166.0 12.0 211.0 -1 -1 -1 -1000 -1000 -1000 -10 0.00010710954666137695
Car -1 -1 -10 142.0 180.0 223.0 215.0 -1 -1 -1 -1000 -1000 -1000 -10 0.00010669231414794922
