Car -1 -1 -10 829.0 174.0 1241.0 373.0 -1 -1 -1 -1000 -1000 -1000 -10 0.9599609375
Car -1 -1 -10 685.0 182.0 763.0 243.0 -1 -1 -1 -1000 -1000 -1000 -10 0.95458984375
Car -1 -1 -10 191.0 186.0 411.0 266.0 -1 -1 -1 -1000 -1000 -1000 -10 0.951171875
Car -1 -1 -10 741.0 170.0 876.0 225.0 -1 -1 -1 -1000 -1000 -1000 -10 0.9501953125
Car -1 -1 -10 1.0 154.0 224.0 332.0 -1 -1 -1 -1000 -1000 -1000 -10 0.94482421875
Car -1 -1 -10 0.0 190.0 176.0 373.0 -1 -1 -1 -1000 -1000 -1000 -10 0.94287109375
Car -1 -1 -10 21.0 188.0 302.0 290.0 -1 -1 -1 -1000 -1000 -1000 -10 0.92822265625
Car -1 -1 -10 634.0 176.0 661.0 197.0 -1 -1 -1 -1000 -1000 -1000 -10 0.9208984375
Car -1 -1 -10 266.0 179.0 452.0 253.0 -1 -1 -1 -1000 -1000 -1000 -10 0.91748046875
Car -1 -1 -10 428.0 164.0 520.0 208.0 -1 -1 -1 -1000 -1000 -1000 -10 0.9091796875
Car -1 -1 -10 686.0 169.0 763.0 202.0 -1 -1 -1 -1000 -1000 -1000 -10 0.89599609375
Car -1 -1 -10 379.0 175.0 496.0 220.0 -1 -1 -1 -1000 -1000 -1000 -10 0.88916015625
Cyclist -1 -1 -10 572.0 173.0 580.0 194.0 -1 -1 -1 -1000 -1000 -1000 -10 0.8564453125
Car -1 -1 -10 315.0 172.0 467.0 237.0 -1 -1 -1 -1000 -1000 -1000 -10 0.8369140625
Car -1 -1 -10 283.0 175.0 455.0 246.0 -1 -1 -1 -1000 -1000 -1000 -10 0.7900390625
Car -1 -1 -10 0.0 159.0 208.0 356.0 -1 -1 -1 -1000 -1000 -1000 -10 0.76708984375
Car -1 -1 -10 305.0 178.0 452.0 241.0 -1 -1 -1 -1000 -1000 -1000 -10 0.64208984375
Car -1 -1 -10 685.0 174.0 760.0 229.0 -1 -1 -1 -1000 -1000 -1000 -10 0.488037109375
Car -1 -1 -10 331.0 175.0 483.0 227.0 -1 -1 -1 -1000 -1000 -1000 -10 0.42138671875
Car -1 -1 -10 294.0 179.0 441.0 251.0 -1 -1 -1 -1000 -1000 -1000 -10 0.3076171875
Car -1 -1 -10 416.0 171.0 515.0 211.0 -1 -1 -1 -1000 -1000 -1000 -10 0.1864013671875
Car -1 -1 -10 352.0 176.0 489.0 223.0 -1 -1 -1 -1000 -1000 -1000 -10 0.1834716796875
Car -1 -1 -10 361.0 175.0 479.0 219.0 -1 -1 -1 -1000 -1000 -1000 -10 0.1732177734375
Cyclist -1 -1 -10 571.0 172.0 581.0 195.0 -1 -1 -1 -1000 -1000 -1000 -10 0.1534423828125
Cyclist -1 -1 -10 570.0 173.0 578.0 194.0 -1 -1 -1 -1000 -1000 -1000 -10 0.07598876953125
Car -1 -1 -10 313.0 172.0 448.0 231.0 -1 -1 -1 -1000 -1000 -1000 -10 0.06414794921875
Car -1 -1 -10 346.0 174.0 471.0 220.0 -1 -1 -1 -1000 -1000 -1000 -10 0.05145263671875
Car -1 -1 -10 259.0 182.0 415.0 250.0 -1 -1 -1 -1000 -1000 -1000 -10 0.037506103515625
Car -1 -1 -10 618.0 168.0 632.0 183.0 -1 -1 -1 -1000 -1000 -1000 -10 0.02099609375
Car -1 -1 -10 415.0 177.0 506.0 214.0 -1 -1 -1 -1000 -1000 -1000 -10 0.01557159423828125
Car -1 -1 -10 15.0 173.0 164.0 367.0 -1 -1 -1 -1000 -1000 -1000 -10 0.01177215576171875
Car -1 -1 -10 4.0 159.0 279.0 300.0 -1 -1 -1 -1000 -1000 -1000 -10 0.008392333984375
Car -1 -1 -10 377.0 172.0 485.0 212.0 -1 -1 -1 -1000 -1000 -1000 -10 0.00811767578125
Car -1 -1 -10 313.0 184.0 459.0 245.0 -1 -1 -1 -1000 -1000 -1000 -10 0.006282806396484375
Car -1 -1 -10 692.0 170.0 770.0 204.0 -1 -1 -1 -1000 -1000 -1000 -10 0.006134033203125
Car -1 -1 -10 398.0 170.0 504.0 212.0 -1 -1 -1 -1000 -1000 -1000 -10 0.005401611328125
Car -1 -1 -10 426.0 171.0 506.0 210.0 -1 -1 -1 -1000 -1000 -1000 -10 0.00391387939453125
Car -1 -1 -10 344.0 178.0 489.0 231.0 -1 -1 -1 -1000 -1000 -1000 -10 0.00389862060546875
Car -1 -1 -10 237.0 184.0 393.0 253.0 -1 -1 -1 -1000 -1000 -1000 -10 0.0029087066650390625
Car -1 -1 -10 685.0 171.0 752.0 205.0 -1 -1 -1 -1000 -1000 -1000 -10 0.0028438568115234375
Car -1 -1 -10 438.0 165.0 527.0 206.0 -1 -1 -1 -1000 -1000 -1000 -10 0.0027561187744140625
Car -1 -1 -10 2.0 196.0 84.0 371.0 -1 -1 -1 -1000 -1000 -1000 -10 0.002349853515625
Car -1 -1 -10 350.0 176.0 426.0 231.0 -1 -1 -1 -1000 -1000 -1000 -10 0.0018205642700195312
Car -1 -1 -10 318.0 170.0 452.0 223.0 -1 -1 -1 -1000 -1000 -1000 -10 0.0016231536865234375
Cyclist -1 -1 -10 569.0 172.0 579.0 194.0 -1 -1 -1 -1000 -1000 -1000 -10 0.0015954971313476562
Car -1 -1 -10 0.0 190.0 65.0 369.0 -1 -1 -1 -1000 -1000 -1000 -10 0.0013456344604492188
Car -1 -1 -10 429.0 176.0 509.0 212.0 -1 -1 -1 -1000 -1000 -1000 -10 0.0013399124145507812
Car -1 -1 -10 231.0 188.0 373.0 258.0 -1 -1 -1 -1000 -1000 -1000 -10 0.0013322830200195312
Car -1 -1 -10 341.0 179.0 418.0 236.0 -1 -1 -1 -1000 -1000 -1000 -10 0.0013113021850585938
Car -1 -1 -10 632.0 174.0 663.0 205.0 -1 -1 -1 -1000 -1000 -1000 -10 0.0012845993041992188
Car -1 -1 -10 394.0 177.0 474.0 217.0 -1 -1 -1 -1000 -1000 -1000 -10 0.0012378692626953125
Car -1 -1 -10 370.0 180.0 485.0 226.0 -1 -1 -1 -1000 -1000 -1000 -10 0.0011491775512695312
Car -1 -1 -10 1214.0 184.0 1242.0 373.0 -1 -1 -1 -1000 -1000 -1000 -10 0.0011262893676757812
Car -1 -1 -10 188.0 178.0 414.0 280.0 -1 -1 -1 -1000 -1000 -1000 -10 0.0010843276977539062
Car -1 -1 -10 827.0 173.0 1124.0 373.0 -1 -1 -1 -1000 -1000 -1000 -10 0.00104522705078125
Car -1 -1 -10 686.0 165.0 765.0 199.0 -1 -1 -1 -1000 -1000 -1000 -10 0.0009570121765136719
Car -1 -1 -10 0.0 215.0 28.0 370.0 -1 -1 -1 -1000 -1000 -1000 -10 0.0009212493896484375
Car -1 -1 -10 401.0 165.0 517.0 226.0 -1 -1 -1 -1000 -1000 -1000 -10 0.0008935928344726562
Car -1 -1 -10 620.0 168.0 637.0 185.0 -1 -1 -1 -1000 -1000 -1000 -10 0.00087738037109375
Car -1 -1 -10 1215.0 160.0 1242.0 365.0 -1 -1 -1 -1000 -1000 -1000 -10 0.0008702278137207031
Car -1 -1 -10 358.0 175.0 435.0 226.0 -1 -1 -1 -1000 -1000 -1000 -10 0.0008559226989746094
Car -1 -1 -10 739.0 166.0 880.0 231.0 -1 -1 -1 -1000 -1000 -1000 -10 0.0008444786071777344
Car -1 -1 -10 701.0 172.0 752.0 200.0 -1 -1 -1 -1000 -1000 -1000 -10 0.0008325576782226562
Car -1 -1 -10 1195.0 190.0 1242.0 369.0 -1 -1 -1 -1000 -1000 -1000 -10 0.000812530517578125
Car -1 -1 -10 366.0 177.0 413.0 228.0 -1 -1 -1 -1000 -1000 -1000 -10 0.0007815361022949219
Car -1 -1 -10 0.0 207.0 114.0 371.0 -1 -1 -1 -1000 -1000 -1000 -10 0.0007543563842773438
Car -1 -1 -10 0.0 202.0 31.0 364.0 -1 -1 -1 -1000 -1000 -1000 -10 0.0007262229919433594
Car -1 -1 -10 45.0 157.0 180.0 323.0 -1 -1 -1 -1000 -1000 -1000 -10 0.0007042884826660156
Car -1 -1 -10 380.0 175.0 460.0 216.0 -1 -1 -1 -1000 -1000 -1000 -10 0.0006608963012695312
Car -1 -1 -10 290.0 161.0 467.0 263.0 -1 -1 -1 -1000 -1000 -1000 -10 0.0006504058837890625
Car -1 -1 -10 265.0 165.0 453.0 267.0 -1 -1 -1 -1000 -1000 -1000 -10 0.0006394386291503906
Car -1 -1 -10 632.0 171.0 663.0 200.0 -1 -1 -1 -1000 -1000 -1000 -10 0.0006365776062011719
Car -1 -1 -10 305.0 157.0 475.0 250.0 -1 -1 -1 -1000 -1000 -1000 -10 0.0006241798400878906
Car -1 -1 -10 692.0 172.0 783.0 211.0 -1 -1 -1 -1000 -1000 -1000 -10 0.0005884170532226562
Car -1 -1 -10 1189.0 166.0 1242.0 367.0 -1 -1 -1 -1000 -1000 -1000 -10 0.000553131103515625
Car -1 -1 -10 789.0 172.0 833.0 214.0 -1 -1 -1 -1000 -1000 -1000 -10 0.0005521774291992188
Car -1 -1 -10 1214.0 215.0 1242.0 368.0 -1 -1 -1 -1000 -1000 -1000 -10 0.0005278587341308594
Car -1 -1 -10 430.0 160.0 522.0 204.0 -1 -1 -1 -1000 -1000 -1000 -10 0.0004968643188476562
Car -1 -1 -10 649.0 161.0 801.0 276.0 -1 -1 -1 -1000 -1000 -1000 -10 0.00048661231994628906
Cyclist -1 -1 -10 577.0 174.0 586.0 188.0 -1 -1 -1 -1000 -1000 -1000 -10 0.00046706199645996094
Car -1 -1 -10 694.0 172.0 746.0 199.0 -1 -1 -1 -1000 -1000 -1000 -10 0.0004553794860839844
Car -1 -1 -10 710.0 135.0 910.0 271.0 -1 -1 -1 -1000 -1000 -1000 -10 0.000453948974609375
Car -1 -1 -10 368.0 176.0 447.0 218.0 -1 -1 -1 -1000 -1000 -1000 -10 0.0004458427429199219
Car -1 -1 -10 357.0 182.0 404.0 234.0 -1 -1 -1 -1000 -1000 -1000 -10 0.0004458427429199219
Car -1 -1 -10 414.0 178.0 462.0 209.0 -1 -1 -1 -1000 -1000 -1000 -10 0.00043845176696777344
Cyclist -1 -1 -10 556.0 173.0 566.0 193.0 -1 -1 -1 -1000 -1000 -1000 -10 0.0004336833953857422
Car -1 -1 -10 376.0 176.0 422.0 225.0 -1 -1 -1 -1000 -1000 -1000 -10 0.0004169940948486328
Car -1 -1 -10 684.0 158.0 768.0 230.0 -1 -1 -1 -1000 -1000 -1000 -10 0.00039839744567871094
Car -1 -1 -10 414.0 182.0 509.0 217.0 -1 -1 -1 -1000 -1000 -1000 -10 0.0003502368927001953
Car -1 -1 -10 718.0 135.0 900.0 242.0 -1 -1 -1 -1000 -1000 -1000 -10 0.0003228187561035156
Car -1 -1 -10 633.0 177.0 659.0 197.0 -1 -1 -1 -1000 -1000 -1000 -10 0.00032138824462890625
Car -1 -1 -10 365.0 163.0 493.0 226.0 -1 -1 -1 -1000 -1000 -1000 -10 0.0003108978271484375
Car -1 -1 -10 77.0 186.0 307.0 277.0 -1 -1 -1 -1000 -1000 -1000 -10 0.00031065940856933594
Car -1 -1 -10 259.0 180.0 398.0 241.0 -1 -1 -1 -1000 -1000 -1000 -10 0.00029540061950683594
Car -1 -1 -10 1188.0 214.0 1242.0 368.0 -1 -1 -1 -1000 -1000 -1000 -10 0.0002923011779785156
Car -1 -1 -10 204.0 175.0 406.0 256.0 -1 -1 -1 -1000 -1000 -1000 -10 0.0002849102020263672
Car -1 -1 -10 0.0 188.0 23.0 342.0 -1 -1 -1 -1000 -1000 -1000 -10 0.0002522468566894531
Car -1 -1 -10 404.0 175.0 486.0 213.0 -1 -1 -1 -1000 -1000 -1000 -10 0.0002474784851074219
Car -1 -1 -10 422.0 152.0 524.0 215.0 -1 -1 -1 -1000 -1000 -1000 -10 0.000244140625
Car -1 -1 -10 1219.0 155.0 1242.0 328.0 -1 -1 -1 -1000 -1000 -1000 -10 0.0002391338348388672
Car -1 -1 -10 0.0 180.0 59.0 346.0 -1 -1 -1 -1000 -1000 -1000 -10 0.00023603439331054688
Car -1 -1 -10 679.0 156.0 762.0 216.0 -1 -1 -1 -1000 -1000 -1000 -10 0.00023233890533447266
Car -1 -1 -10 677.0 156.0 779.0 217.0 -1 -1 -1 -1000 -1000 -1000 -10 0.0002300739288330078
Car -1 -1 -10 367.0 183.0 494.0 237.0 -1 -1 -1 -1000 -1000 -1000 -10 0.0002275705337524414
Car -1 -1 -10 364.0 138.0 560.0 268.0 -1 -1 -1 -1000 -1000 -1000 -10 0.0002269744873046875
Car -1 -1 -10 70.0 195.0 304.0 292.0 -1 -1 -1 -1000 -1000 -1000 -10 0.00022661685943603516
Car -1 -1 -10 1178.0 187.0 1242.0 372.0 -1 -1 -1 -1000 -1000 -1000 -10 0.000225067138671875
Car -1 -1 -10 104.0 195.0 236.0 274.0 -1 -1 -1 -1000 -1000 -1000 -10 0.0002199411392211914
Car -1 -1 -10 634.0 172.0 660.0 192.0 -1 -1 -1 -1000 -1000 -1000 -10 0.00021219253540039062
Car -1 -1 -10 437.0 176.0 519.0 210.0 -1 -1 -1 -1000 -1000 -1000 -10 0.00020778179168701172
Car -1 -1 -10 333.0 131.0 524.0 246.0 -1 -1 -1 -1000 -1000 -1000 -10 0.00019979476928710938
Car -1 -1 -10 269.0 179.0 424.0 239.0 -1 -1 -1 -1000 -1000 -1000 -10 0.00018918514251708984
Cyclist -1 -1 -10 569.0 173.0 577.0 195.0 -1 -1 -1 -1000 -1000 -1000 -10 0.00018644332885742188
Car -1 -1 -10 331.0 147.0 511.0 264.0 -1 -1 -1 -1000 -1000 -1000 -10 0.0001767873764038086
Car -1 -1 -10 921.0 178.0 1232.0 371.0 -1 -1 -1 -1000 -1000 -1000 -10 0.00017583370208740234
Car -1 -1 -10 380.0 115.0 562.0 243.0 -1 -1 -1 -1000 -1000 -1000 -10 0.0001703500747680664
Car -1 -1 -10 1212.0 149.0 1242.0 335.0 -1 -1 -1 -1000 -1000 -1000 -10 0.00017011165618896484
Car -1 -1 -10 1228.0 119.0 1242.0 150.0 -1 -1 -1 -1000 -1000 -1000 -10 0.00016927719116210938
Car -1 -1 -10 221.0 188.0 389.0 265.0 -1 -1 -1 -1000 -1000 -1000 -10 0.00016796588897705078
Car -1 -1 -10 387.0 177.0 433.0 221.0 -1 -1 -1 -1000 -1000 -1000 -10 0.0001652240753173828
Car -1 -1 -10 302.0 190.0 457.0 252.0 -1 -1 -1 -1000 -1000 -1000 -10 0.00016200542449951172
Car -1 -1 -10 1195.0 155.0 1242.0 328.0 -1 -1 -1 -1000 -1000 -1000 -10 0.00016188621520996094
Car -1 -1 -10 423.0 177.0 472.0 208.0 -1 -1 -1 -1000 -1000 -1000 -10 0.00015687942504882812
Car -1 -1 -10 331.0 180.0 409.0 242.0 -1 -1 -1 -1000 -1000 -1000 -10 0.00015676021575927734
Car -1 -1 -10 379.0 181.0 496.0 225.0 -1 -1 -1 -1000 -1000 -1000 -10 0.000148773193359375
Car -1 -1 -10 1220.0 158.0 1242.0 281.0 -1 -1 -1 -1000 -1000 -1000 -10 0.00014019012451171875
Car -1 -1 -10 351.0 171.0 466.0 214.0 -1 -1 -1 -1000 -1000 -1000 -10 0.0001271963119506836
Car -1 -1 -10 407.0 177.0 456.0 209.0 -1 -1 -1 -1000 -1000 -1000 -10 0.0001252889633178711
Car -1 -1 -10 0.0 191.0 28.0 339.0 -1 -1 -1 -1000 -1000 -1000 -10 0.00011974573135375977
Car -1 -1 -10 0.0 224.0 53.0 371.0 -1 -1 -1 -1000 -1000 -1000 -10 0.00011372566223144531
Car -1 -1 -10 1148.0 190.0 1242.0 369.0 -1 -1 -1 -1000 -1000 -1000 -10 0.00010663270950317383
Car -1 -1 -10 1.0 205.0 76.0 347.0 -1 -1 -1 -1000 -1000 -1000 -10 0.00010496377944946289
Cyclist -1 -1 -10 618.0 171.0 628.0 184.0 -1 -1 -1 -1000 -1000 -1000 -10 0.0001035928726196289
Car -1 -1 -10 704.0 173.0 780.0 207.0 -1 -1 -1 -1000 -1000 -1000 -10 0.00010305643081665039
Car -1 -1 -10 657.0 120.0 810.0 244.0 -1 -1 -1 -1000 -1000 -1000 -10 0.00010269880294799805
