Car -1 -1 -10 244.0 120.0 590.0 231.0 -1 -1 -1 -1000 -1000 -1000 -10 0.94140625
Pedestrian -1 -1 -10 300.0 173.0 336.0 271.0 -1 -1 -1 -1000 -1000 -1000 -10 0.91015625
Car -1 -1 -10 1142.0 156.0 1242.0 198.0 -1 -1 -1 -1000 -1000 -1000 -10 0.892578125
Car -1 -1 -10 572.0 175.0 603.0 193.0 -1 -1 -1 -1000 -1000 -1000 -10 0.732421875
Car -1 -1 -10 566.0 176.0 600.0 195.0 -1 -1 -1 -1000 -1000 -1000 -10 0.5556640625
Car -1 -1 -10 562.0 177.0 595.0 195.0 -1 -1 -1 -1000 -1000 -1000 -10 0.53466796875
Car -1 -1 -10 518.0 180.0 549.0 197.0 -1 -1 -1 -1000 -1000 -1000 -10 0.495361328125
Car -1 -1 -10 530.0 180.0 558.0 196.0 -1 -1 -1 -1000 -1000 -1000 -10 0.471923828125
Car -1 -1 -10 550.0 179.0 581.0 197.0 -1 -1 -1 -1000 -1000 -1000 -10 0.45361328125
Car -1 -1 -10 558.0 178.0 591.0 195.0 -1 -1 -1 -1000 -1000 -1000 -10 0.449951171875
Car -1 -1 -10 539.0 180.0 568.0 197.0 -1 -1 -1 -1000 -1000 -1000 -10 0.44189453125
Car -1 -1 -10 578.0 176.0 606.0 193.0 -1 -1 -1 -1000 -1000 -1000 -10 0.4150390625
Car -1 -1 -10 510.0 179.0 543.0 198.0 -1 -1 -1 -1000 -1000 -1000 -10 0.41064453125
Car -1 -1 -10 528.0 179.0 563.0 196.0 -1 -1 -1 -1000 -1000 -1000 -10 0.294921875
Car -1 -1 -10 501.0 180.0 531.0 196.0 -1 -1 -1 -1000 -1000 -1000 -10 0.2021484375
Car -1 -1 -10 504.0 180.0 537.0 197.0 -1 -1 -1 -1000 -1000 -1000 -10 0.1805419921875
Car -1 -1 -10 642.0 170.0 662.0 187.0 -1 -1 -1 -1000 -1000 -1000 -10 0.1748046875
Car -1 -1 -10 502.0 176.0 537.0 197.0 -1 -1 -1 -1000 -1000 -1000 -10 0.1514892578125
Car -1 -1 -10 599.0 176.0 624.0 192.0 -1 -1 -1 -1000 -1000 -1000 -10 0.1363525390625
Cyclist -1 -1 -10 1207.0 179.0 1242.0 329.0 -1 -1 -1 -1000 -1000 -1000 -10 0.1329345703125
Car -1 -1 -10 515.0 178.0 549.0 199.0 -1 -1 -1 -1000 -1000 -1000 -10 0.1148681640625
Cyclist -1 -1 -10 1211.0 186.0 1241.0 324.0 -1 -1 -1 -1000 -1000 -1000 -10 0.06463623046875
Car -1 -1 -10 490.0 178.0 519.0 197.0 -1 -1 -1 -1000 -1000 -1000 -10 0.06451416015625
Car -1 -1 -10 585.0 177.0 612.0 193.0 -1 -1 -1 -1000 -1000 -1000 -10 0.0582275390625
Car -1 -1 -10 1144.0 149.0 1242.0 194.0 -1 -1 -1 -1000 -1000 -1000 -10 0.056793212890625
Cyclist -1 -1 -10 1204.0 195.0 1241.0 330.0 -1 -1 -1 -1000 -1000 -1000 -10 0.0263671875
Car -1 -1 -10 609.0 174.0 641.0 190.0 -1 -1 -1 -1000 -1000 -1000 -10 0.024627685546875
Cyclist -1 -1 -10 1201.0 167.0 1241.0 336.0 -1 -1 -1 -1000 -1000 -1000 -10 0.0234222412109375
Car -1 -1 -10 528.0 178.0 560.0 198.0 -1 -1 -1 -1000 -1000 -1000 -10 0.0222320556640625
Car -1 -1 -10 572.0 172.0 601.0 192.0 -1 -1 -1 -1000 -1000 -1000 -10 0.020538330078125
Car -1 -1 -10 506.0 184.0 540.0 204.0 -1 -1 -1 -1000 -1000 -1000 -10 0.0178070068359375
Car -1 -1 -10 477.0 180.0 512.0 199.0 -1 -1 -1 -1000 -1000 -1000 -10 0.0166168212890625
Car -1 -1 -10 639.0 168.0 662.0 185.0 -1 -1 -1 -1000 -1000 -1000 -10 0.01611328125
Car -1 -1 -10 0.0 179.0 15.0 219.0 -1 -1 -1 -1000 -1000 -1000 -10 0.0157012939453125
Cyclist -1 -1 -10 1220.0 188.0 1242.0 321.0 -1 -1 -1 -1000 -1000 -1000 -10 0.01515960693359375
Car -1 -1 -10 607.0 176.0 627.0 192.0 -1 -1 -1 -1000 -1000 -1000 -10 0.01229095458984375
Car -1 -1 -10 1168.0 138.0 1241.0 191.0 -1 -1 -1 -1000 -1000 -1000 -10 0.0118865966796875
Car -1 -1 -10 577.0 173.0 605.0 191.0 -1 -1 -1 -1000 -1000 -1000 -10 0.00974273681640625
Car -1 -1 -10 501.0 186.0 531.0 203.0 -1 -1 -1 -1000 -1000 -1000 -10 0.00946807861328125
Car -1 -1 -10 482.0 181.0 508.0 200.0 -1 -1 -1 -1000 -1000 -1000 -10 0.0080718994140625
Car -1 -1 -10 0.0 172.0 16.0 219.0 -1 -1 -1 -1000 -1000 -1000 -10 0.00799560546875
Car -1 -1 -10 643.0 169.0 664.0 187.0 -1 -1 -1 -1000 -1000 -1000 -10 0.006832122802734375
Car -1 -1 -10 515.0 183.0 547.0 204.0 -1 -1 -1 -1000 -1000 -1000 -10 0.006591796875
Car -1 -1 -10 547.0 184.0 579.0 202.0 -1 -1 -1 -1000 -1000 -1000 -10 0.006591796875
Car -1 -1 -10 594.0 177.0 621.0 193.0 -1 -1 -1 -1000 -1000 -1000 -10 0.006343841552734375
Car -1 -1 -10 561.0 173.0 593.0 191.0 -1 -1 -1 -1000 -1000 -1000 -10 0.00598907470703125
Car -1 -1 -10 305.0 129.0 599.0 224.0 -1 -1 -1 -1000 -1000 -1000 -10 0.00594329833984375
Car -1 -1 -10 1146.0 139.0 1242.0 191.0 -1 -1 -1 -1000 -1000 -1000 -10 0.005859375
Car -1 -1 -10 1221.0 146.0 1242.0 191.0 -1 -1 -1 -1000 -1000 -1000 -10 0.005157470703125
Cyclist -1 -1 -10 1207.0 203.0 1242.0 318.0 -1 -1 -1 -1000 -1000 -1000 -10 0.004405975341796875
Cyclist -1 -1 -10 1204.0 182.0 1239.0 317.0 -1 -1 -1 -1000 -1000 -1000 -10 0.00428009033203125
Car -1 -1 -10 1226.0 145.0 1242.0 195.0 -1 -1 -1 -1000 -1000 -1000 -10 0.0042266845703125
Car -1 -1 -10 1217.0 146.0 1242.0 193.0 -1 -1 -1 -1000 -1000 -1000 -10 0.0042266845703125
Car -1 -1 -10 483.0 170.0 522.0 190.0 -1 -1 -1 -1000 -1000 -1000 -10 0.00415802001953125
Car -1 -1 -10 0.0 179.0 22.0 221.0 -1 -1 -1 -1000 -1000 -1000 -10 0.004150390625
Cyclist -1 -1 -10 1191.0 150.0 1242.0 283.0 -1 -1 -1 -1000 -1000 -1000 -10 0.004146575927734375
Car -1 -1 -10 471.0 181.0 522.0 203.0 -1 -1 -1 -1000 -1000 -1000 -10 0.0038967132568359375
Car -1 -1 -10 537.0 183.0 569.0 203.0 -1 -1 -1 -1000 -1000 -1000 -10 0.003841400146484375
Car -1 -1 -10 556.0 183.0 591.0 204.0 -1 -1 -1 -1000 -1000 -1000 -10 0.003765106201171875
Cyclist -1 -1 -10 1221.0 144.0 1242.0 318.0 -1 -1 -1 -1000 -1000 -1000 -10 0.0035858154296875
Car -1 -1 -10 0.0 183.0 15.0 227.0 -1 -1 -1 -1000 -1000 -1000 -10 0.003582000732421875
Car -1 -1 -10 1226.0 135.0 1242.0 189.0 -1 -1 -1 -1000 -1000 -1000 -10 0.003459930419921875
Car -1 -1 -10 550.0 174.0 581.0 190.0 -1 -1 -1 -1000 -1000 -1000 -10 0.0034313201904296875
Car -1 -1 -10 528.0 184.0 558.0 203.0 -1 -1 -1 -1000 -1000 -1000 -10 0.0033092498779296875
Car -1 -1 -10 255.0 124.0 558.0 220.0 -1 -1 -1 -1000 -1000 -1000 -10 0.0032291412353515625
Car -1 -1 -10 497.0 173.0 527.0 190.0 -1 -1 -1 -1000 -1000 -1000 -10 0.003131866455078125
Pedestrian -1 -1 -10 304.0 171.0 340.0 274.0 -1 -1 -1 -1000 -1000 -1000 -10 0.00311279296875
Car -1 -1 -10 487.0 171.0 516.0 189.0 -1 -1 -1 -1000 -1000 -1000 -10 0.003009796142578125
Car -1 -1 -10 490.0 186.0 517.0 204.0 -1 -1 -1 -1000 -1000 -1000 -10 0.0030040740966796875
Car -1 -1 -10 471.0 176.0 517.0 197.0 -1 -1 -1 -1000 -1000 -1000 -10 0.0028629302978515625
Car -1 -1 -10 0.0 184.0 13.0 226.0 -1 -1 -1 -1000 -1000 -1000 -10 0.0028629302978515625
Car -1 -1 -10 482.0 158.0 521.0 178.0 -1 -1 -1 -1000 -1000 -1000 -10 0.0027523040771484375
Cyclist -1 -1 -10 1221.0 198.0 1241.0 311.0 -1 -1 -1 -1000 -1000 -1000 -10 0.0026912689208984375
Car -1 -1 -10 1217.0 138.0 1242.0 188.0 -1 -1 -1 -1000 -1000 -1000 -10 0.002651214599609375
Car -1 -1 -10 1139.0 141.0 1242.0 202.0 -1 -1 -1 -1000 -1000 -1000 -10 0.0024871826171875
Cyclist -1 -1 -10 1226.0 182.0 1242.0 310.0 -1 -1 -1 -1000 -1000 -1000 -10 0.002399444580078125
Car -1 -1 -10 488.0 158.0 514.0 177.0 -1 -1 -1 -1000 -1000 -1000 -10 0.00228118896484375
Car -1 -1 -10 1142.0 164.0 1242.0 201.0 -1 -1 -1 -1000 -1000 -1000 -10 0.002197265625
Cyclist -1 -1 -10 1215.0 144.0 1242.0 318.0 -1 -1 -1 -1000 -1000 -1000 -10 0.0021266937255859375
Car -1 -1 -10 0.0 176.0 22.0 229.0 -1 -1 -1 -1000 -1000 -1000 -10 0.00203704833984375
Car -1 -1 -10 478.0 176.0 509.0 197.0 -1 -1 -1 -1000 -1000 -1000 -10 0.0018329620361328125
Car -1 -1 -10 508.0 172.0 540.0 191.0 -1 -1 -1 -1000 -1000 -1000 -10 0.0017757415771484375
Car -1 -1 -10 633.0 172.0 653.0 187.0 -1 -1 -1 -1000 -1000 -1000 -10 0.0017490386962890625
Car -1 -1 -10 550.0 167.0 594.0 210.0 -1 -1 -1 -1000 -1000 -1000 -10 0.0017032623291015625
Car -1 -1 -10 600.0 174.0 625.0 190.0 -1 -1 -1 -1000 -1000 -1000 -10 0.0016117095947265625
Car -1 -1 -10 630.0 171.0 652.0 188.0 -1 -1 -1 -1000 -1000 -1000 -10 0.0016088485717773438
Car -1 -1 -10 1228.0 157.0 1242.0 198.0 -1 -1 -1 -1000 -1000 -1000 -10 0.0016031265258789062
Car -1 -1 -10 0.0 165.0 22.0 224.0 -1 -1 -1 -1000 -1000 -1000 -10 0.0014486312866210938
Car -1 -1 -10 1.0 184.0 18.0 229.0 -1 -1 -1 -1000 -1000 -1000 -10 0.0014019012451171875
Car -1 -1 -10 539.0 173.0 568.0 191.0 -1 -1 -1 -1000 -1000 -1000 -10 0.0014009475708007812
Car -1 -1 -10 540.0 172.0 590.0 218.0 -1 -1 -1 -1000 -1000 -1000 -10 0.00136566162109375
Car -1 -1 -10 517.0 173.0 548.0 191.0 -1 -1 -1 -1000 -1000 -1000 -10 0.0013208389282226562
Cyclist -1 -1 -10 1214.0 192.0 1241.0 307.0 -1 -1 -1 -1000 -1000 -1000 -10 0.0013017654418945312
Car -1 -1 -10 498.0 161.0 524.0 178.0 -1 -1 -1 -1000 -1000 -1000 -10 0.001255035400390625
Cyclist -1 -1 -10 1192.0 178.0 1242.0 339.0 -1 -1 -1 -1000 -1000 -1000 -10 0.0012273788452148438
Car -1 -1 -10 564.0 172.0 602.0 208.0 -1 -1 -1 -1000 -1000 -1000 -10 0.0011739730834960938
Car -1 -1 -10 529.0 174.0 559.0 190.0 -1 -1 -1 -1000 -1000 -1000 -10 0.0011568069458007812
Car -1 -1 -10 1228.0 132.0 1242.0 176.0 -1 -1 -1 -1000 -1000 -1000 -10 0.0011539459228515625
Car -1 -1 -10 1149.0 136.0 1242.0 184.0 -1 -1 -1 -1000 -1000 -1000 -10 0.0011453628540039062
Car -1 -1 -10 475.0 185.0 511.0 205.0 -1 -1 -1 -1000 -1000 -1000 -10 0.0010919570922851562
Car -1 -1 -10 516.0 167.0 546.0 183.0 -1 -1 -1 -1000 -1000 -1000 -10 0.00104522705078125
Car -1 -1 -10 604.0 175.0 634.0 193.0 -1 -1 -1 -1000 -1000 -1000 -10 0.0010023117065429688
Car -1 -1 -10 278.0 127.0 572.0 229.0 -1 -1 -1 -1000 -1000 -1000 -10 0.0009860992431640625
Car -1 -1 -10 1217.0 131.0 1242.0 178.0 -1 -1 -1 -1000 -1000 -1000 -10 0.0009756088256835938
Car -1 -1 -10 640.0 169.0 661.0 188.0 -1 -1 -1 -1000 -1000 -1000 -10 0.0009264945983886719
Car -1 -1 -10 436.0 160.0 550.0 202.0 -1 -1 -1 -1000 -1000 -1000 -10 0.0009217262268066406
Car -1 -1 -10 464.0 155.0 521.0 180.0 -1 -1 -1 -1000 -1000 -1000 -10 0.0008420944213867188
Car -1 -1 -10 479.0 186.0 507.0 205.0 -1 -1 -1 -1000 -1000 -1000 -10 0.0008282661437988281
Car -1 -1 -10 464.0 161.0 528.0 198.0 -1 -1 -1 -1000 -1000 -1000 -10 0.0008158683776855469
Car -1 -1 -10 1136.0 146.0 1242.0 214.0 -1 -1 -1 -1000 -1000 -1000 -10 0.0007867813110351562
Car -1 -1 -10 1221.0 123.0 1242.0 179.0 -1 -1 -1 -1000 -1000 -1000 -10 0.0007753372192382812
Car -1 -1 -10 517.0 162.0 546.0 179.0 -1 -1 -1 -1000 -1000 -1000 -10 0.0007467269897460938
Cyclist -1 -1 -10 1203.0 212.0 1240.0 326.0 -1 -1 -1 -1000 -1000 -1000 -10 0.0006899833679199219
Car -1 -1 -10 457.0 178.0 502.0 203.0 -1 -1 -1 -1000 -1000 -1000 -10 0.0006699562072753906
Car -1 -1 -10 0.0 168.0 14.0 215.0 -1 -1 -1 -1000 -1000 -1000 -10 0.0006628036499023438
Car -1 -1 -10 255.0 109.0 584.0 221.0 -1 -1 -1 -1000 -1000 -1000 -10 0.0006556510925292969
Car -1 -1 -10 568.0 170.0 603.0 202.0 -1 -1 -1 -1000 -1000 -1000 -10 0.0006518363952636719
Car -1 -1 -10 516.0 175.0 569.0 218.0 -1 -1 -1 -1000 -1000 -1000 -10 0.00064849853515625
Cyclist -1 -1 -10 1220.0 206.0 1242.0 335.0 -1 -1 -1 -1000 -1000 -1000 -10 0.0006308555603027344
Car -1 -1 -10 499.0 171.0 538.0 202.0 -1 -1 -1 -1000 -1000 -1000 -10 0.0006031990051269531
Car -1 -1 -10 1224.0 156.0 1242.0 211.0 -1 -1 -1 -1000 -1000 -1000 -10 0.000583648681640625
Car -1 -1 -10 477.0 180.0 517.0 203.0 -1 -1 -1 -1000 -1000 -1000 -10 0.0005822181701660156
Pedestrian -1 -1 -10 299.0 171.0 331.0 265.0 -1 -1 -1 -1000 -1000 -1000 -10 0.0005712509155273438
Car -1 -1 -10 519.0 169.0 563.0 210.0 -1 -1 -1 -1000 -1000 -1000 -10 0.0005660057067871094
Car -1 -1 -10 1217.0 157.0 1242.0 197.0 -1 -1 -1 -1000 -1000 -1000 -10 0.00055694580078125
Pedestrian -1 -1 -10 289.0 173.0 342.0 271.0 -1 -1 -1 -1000 -1000 -1000 -10 0.0005521774291992188
Car -1 -1 -10 607.0 176.0 627.0 195.0 -1 -1 -1 -1000 -1000 -1000 -10 0.0005426406860351562
Car -1 -1 -10 480.0 156.0 504.0 176.0 -1 -1 -1 -1000 -1000 -1000 -10 0.0005393028259277344
Car -1 -1 -10 310.0 131.0 539.0 210.0 -1 -1 -1 -1000 -1000 -1000 -10 0.0005278587341308594
Car -1 -1 -10 0.0 191.0 24.0 375.0 -1 -1 -1 -1000 -1000 -1000 -10 0.0004992485046386719
Car -1 -1 -10 507.0 162.0 537.0 179.0 -1 -1 -1 -1000 -1000 -1000 -10 0.0004892349243164062
Car -1 -1 -10 0.0 184.0 27.0 238.0 -1 -1 -1 -1000 -1000 -1000 -10 0.00048279762268066406
Cyclist -1 -1 -10 1204.0 144.0 1242.0 300.0 -1 -1 -1 -1000 -1000 -1000 -10 0.0004744529724121094
Cyclist -1 -1 -10 1184.0 156.0 1242.0 295.0 -1 -1 -1 -1000 -1000 -1000 -10 0.00045108795166015625
Car -1 -1 -10 1214.0 125.0 1242.0 177.0 -1 -1 -1 -1000 -1000 -1000 -10 0.00043082237243652344
Car -1 -1 -10 1148.0 122.0 1239.0 182.0 -1 -1 -1 -1000 -1000 -1000 -10 0.00042319297790527344
Car -1 -1 -10 503.0 177.0 550.0 215.0 -1 -1 -1 -1000 -1000 -1000 -10 0.00042128562927246094
Car -1 -1 -10 1176.0 114.0 1242.0 183.0 -1 -1 -1 -1000 -1000 -1000 -10 0.00040650367736816406
Car -1 -1 -10 464.0 179.0 494.0 202.0 -1 -1 -1 -1000 -1000 -1000 -10 0.0003974437713623047
Car -1 -1 -10 0.0 179.0 12.0 258.0 -1 -1 -1 -1000 -1000 -1000 -10 0.0003910064697265625
Car -1 -1 -10 475.0 156.0 508.0 178.0 -1 -1 -1 -1000 -1000 -1000 -10 0.000370025634765625
Car -1 -1 -10 327.0 124.0 593.0 214.0 -1 -1 -1 -1000 -1000 -1000 -10 0.0003542900085449219
Car -1 -1 -10 1229.0 120.0 1242.0 175.0 -1 -1 -1 -1000 -1000 -1000 -10 0.0003371238708496094
Cyclist -1 -1 -10 1213.0 204.0 1241.0 375.0 -1 -1 -1 -1000 -1000 -1000 -10 0.00033354759216308594
Car -1 -1 -10 1102.0 104.0 1242.0 234.0 -1 -1 -1 -1000 -1000 -1000 -10 0.0003325939178466797
Pedestrian -1 -1 -10 284.0 168.0 357.0 273.0 -1 -1 -1 -1000 -1000 -1000 -10 0.0003299713134765625
Car -1 -1 -10 1142.0 145.0 1232.0 190.0 -1 -1 -1 -1000 -1000 -1000 -10 0.00032901763916015625
Car -1 -1 -10 242.0 119.0 526.0 225.0 -1 -1 -1 -1000 -1000 -1000 -10 0.0003261566162109375
Cyclist -1 -1 -10 1204.0 202.0 1240.0 375.0 -1 -1 -1 -1000 -1000 -1000 -10 0.0003204345703125
Car -1 -1 -10 640.0 166.0 662.0 187.0 -1 -1 -1 -1000 -1000 -1000 -10 0.000316619873046875
Cyclist -1 -1 -10 1229.0 174.0 1242.0 296.0 -1 -1 -1 -1000 -1000 -1000 -10 0.00031304359436035156
Cyclist -1 -1 -10 1226.0 191.0 1241.0 301.0 -1 -1 -1 -1000 -1000 -1000 -10 0.00030517578125
Car -1 -1 -10 0.0 169.0 20.0 358.0 -1 -1 -1 -1000 -1000 -1000 -10 0.0002918243408203125
Car -1 -1 -10 576.0 169.0 608.0 201.0 -1 -1 -1 -1000 -1000 -1000 -10 0.00028967857360839844
Car -1 -1 -10 472.0 149.0 529.0 169.0 -1 -1 -1 -1000 -1000 -1000 -10 0.000286102294921875
Car -1 -1 -10 508.0 171.0 549.0 206.0 -1 -1 -1 -1000 -1000 -1000 -10 0.0002853870391845703
Car -1 -1 -10 567.0 182.0 598.0 204.0 -1 -1 -1 -1000 -1000 -1000 -10 0.0002779960632324219
Car -1 -1 -10 1229.0 126.0 1242.0 168.0 -1 -1 -1 -1000 -1000 -1000 -10 0.00027108192443847656
Pedestrian -1 -1 -10 302.0 187.0 333.0 254.0 -1 -1 -1 -1000 -1000 -1000 -10 0.00026702880859375
Car -1 -1 -10 575.0 168.0 601.0 185.0 -1 -1 -1 -1000 -1000 -1000 -10 0.00025963783264160156
Car -1 -1 -10 423.0 149.0 556.0 211.0 -1 -1 -1 -1000 -1000 -1000 -10 0.0002570152282714844
Car -1 -1 -10 1216.0 157.0 1242.0 210.0 -1 -1 -1 -1000 -1000 -1000 -10 0.0002548694610595703
Car -1 -1 -10 521.0 170.0 594.0 207.0 -1 -1 -1 -1000 -1000 -1000 -10 0.0002529621124267578
Car -1 -1 -10 365.0 157.0 576.0 213.0 -1 -1 -1 -1000 -1000 -1000 -10 0.00024819374084472656
Car -1 -1 -10 460.0 162.0 527.0 194.0 -1 -1 -1 -1000 -1000 -1000 -10 0.00023424625396728516
Car -1 -1 -10 1151.0 157.0 1233.0 196.0 -1 -1 -1 -1000 -1000 -1000 -10 0.0002338886260986328
Car -1 -1 -10 219.0 82.0 232.0 96.0 -1 -1 -1 -1000 -1000 -1000 -10 0.00022351741790771484
Car -1 -1 -10 495.0 177.0 535.0 212.0 -1 -1 -1 -1000 -1000 -1000 -10 0.00021958351135253906
Car -1 -1 -10 1214.0 116.0 1242.0 187.0 -1 -1 -1 -1000 -1000 -1000 -10 0.0002186298370361328
Car -1 -1 -10 1096.0 120.0 1242.0 257.0 -1 -1 -1 -1000 -1000 -1000 -10 0.00021314620971679688
Car -1 -1 -10 0.0 215.0 28.0 375.0 -1 -1 -1 -1000 -1000 -1000 -10 0.00021219253540039062
Cyclist -1 -1 -10 1179.0 171.0 1234.0 346.0 -1 -1 -1 -1000 -1000 -1000 -10 0.00021123886108398438
Car -1 -1 -10 1144.0 124.0 1242.0 200.0 -1 -1 -1 -1000 -1000 -1000 -10 0.0002084970474243164
Car -1 -1 -10 1199.0 141.0 1242.0 187.0 -1 -1 -1 -1000 -1000 -1000 -10 0.0002053976058959961
Car -1 -1 -10 1228.0 163.0 1242.0 206.0 -1 -1 -1 -1000 -1000 -1000 -10 0.0002040863037109375
Car -1 -1 -10 0.0 169.0 16.0 303.0 -1 -1 -1 -1000 -1000 -1000 -10 0.00019419193267822266
Car -1 -1 -10 427.0 140.0 557.0 188.0 -1 -1 -1 -1000 -1000 -1000 -10 0.0001900196075439453
Car -1 -1 -10 451.0 173.0 494.0 203.0 -1 -1 -1 -1000 -1000 -1000 -10 0.00018775463104248047
Car -1 -1 -10 1170.0 157.0 1220.0 190.0 -1 -1 -1 -1000 -1000 -1000 -10 0.000186920166015625
Car -1 -1 -10 529.0 162.0 558.0 178.0 -1 -1 -1 -1000 -1000 -1000 -10 0.0001857280731201172
Car -1 -1 -10 454.0 144.0 532.0 170.0 -1 -1 -1 -1000 -1000 -1000 -10 0.0001844167709350586
Pedestrian -1 -1 -10 297.0 176.0 350.0 271.0 -1 -1 -1 -1000 -1000 -1000 -10 0.00017440319061279297
Car -1 -1 -10 484.0 161.0 534.0 182.0 -1 -1 -1 -1000 -1000 -1000 -10 0.0001697540283203125
Car -1 -1 -10 461.0 184.0 502.0 206.0 -1 -1 -1 -1000 -1000 -1000 -10 0.0001672506332397461
Car -1 -1 -10 504.0 189.0 553.0 211.0 -1 -1 -1 -1000 -1000 -1000 -10 0.00016319751739501953
Car -1 -1 -10 217.0 118.0 554.0 234.0 -1 -1 -1 -1000 -1000 -1000 -10 0.0001609325408935547
Cyclist -1 -1 -10 1219.0 170.0 1242.0 301.0 -1 -1 -1 -1000 -1000 -1000 -10 0.00016021728515625
Car -1 -1 -10 215.0 81.0 235.0 96.0 -1 -1 -1 -1000 -1000 -1000 -10 0.00015866756439208984
Car -1 -1 -10 1159.0 144.0 1239.0 191.0 -1 -1 -1 -1000 -1000 -1000 -10 0.00015461444854736328
Car -1 -1 -10 0.0 164.0 25.0 362.0 -1 -1 -1 -1000 -1000 -1000 -10 0.00015425682067871094
Car -1 -1 -10 1138.0 140.0 1234.0 196.0 -1 -1 -1 -1000 -1000 -1000 -10 0.00015044212341308594
Car -1 -1 -10 1.0 191.0 11.0 246.0 -1 -1 -1 -1000 -1000 -1000 -10 0.0001494884490966797
Car -1 -1 -10 1156.0 149.0 1237.0 195.0 -1 -1 -1 -1000 -1000 -1000 -10 0.0001493692398071289
Car -1 -1 -10 476.0 164.0 566.0 205.0 -1 -1 -1 -1000 -1000 -1000 -10 0.00014841556549072266
Car -1 -1 -10 475.0 163.0 510.0 192.0 -1 -1 -1 -1000 -1000 -1000 -10 0.00014722347259521484
Car -1 -1 -10 593.0 173.0 617.0 190.0 -1 -1 -1 -1000 -1000 -1000 -10 0.0001455545425415039
Car -1 -1 -10 485.0 149.0 515.0 167.0 -1 -1 -1 -1000 -1000 -1000 -10 0.00014460086822509766
Pedestrian -1 -1 -10 0.0 180.0 12.0 279.0 -1 -1 -1 -1000 -1000 -1000 -10 0.00014448165893554688
Car -1 -1 -10 0.0 184.0 38.0 375.0 -1 -1 -1 -1000 -1000 -1000 -10 0.000141143798828125
Car -1 -1 -10 1160.0 162.0 1242.0 206.0 -1 -1 -1 -1000 -1000 -1000 -10 0.00014030933380126953
Car -1 -1 -10 0.0 180.0 30.0 246.0 -1 -1 -1 -1000 -1000 -1000 -10 0.0001398324966430664
Car -1 -1 -10 413.0 120.0 564.0 168.0 -1 -1 -1 -1000 -1000 -1000 -10 0.0001385211944580078
Car -1 -1 -10 480.0 165.0 505.0 190.0 -1 -1 -1 -1000 -1000 -1000 -10 0.0001367330551147461
Car -1 -1 -10 441.0 162.0 499.0 204.0 -1 -1 -1 -1000 -1000 -1000 -10 0.0001322031021118164
Car -1 -1 -10 612.0 171.0 640.0 192.0 -1 -1 -1 -1000 -1000 -1000 -10 0.00013124942779541016
Car -1 -1 -10 466.0 184.0 496.0 205.0 -1 -1 -1 -1000 -1000 -1000 -10 0.00012350082397460938
Car -1 -1 -10 517.0 165.0 547.0 185.0 -1 -1 -1 -1000 -1000 -1000 -10 0.00012052059173583984
Car -1 -1 -10 1199.0 132.0 1242.0 179.0 -1 -1 -1 -1000 -1000 -1000 -10 0.00011658668518066406
Car -1 -1 -10 547.0 185.0 594.0 214.0 -1 -1 -1 -1000 -1000 -1000 -10 0.00011450052261352539
Cyclist -1 -1 -10 1164.0 158.0 1242.0 325.0 -1 -1 -1 -1000 -1000 -1000 -10 0.00011444091796875
Car -1 -1 -10 1164.0 158.0 1212.0 190.0 -1 -1 -1 -1000 -1000 -1000 -10 0.00011229515075683594
Car -1 -1 -10 643.0 175.0 657.0 191.0 -1 -1 -1 -1000 -1000 -1000 -10 0.00011163949966430664
Car -1 -1 -10 524.0 187.0 575.0 214.0 -1 -1 -1 -1000 -1000 -1000 -10 0.00010859966278076172
Car -1 -1 -10 351.0 142.0 584.0 228.0 -1 -1 -1 -1000 -1000 -1000 -10 0.00010782480239868164
Car -1 -1 -10 443.0 171.0 510.0 201.0 -1 -1 -1 -1000 -1000 -1000 -10 0.00010657310485839844
Car -1 -1 -10 2.0 183.0 19.0 252.0 -1 -1 -1 -1000 -1000 -1000 -10 0.00010561943054199219
Car -1 -1 -10 270.0 136.0 515.0 228.0 -1 -1 -1 -1000 -1000 -1000 -10 0.00010377168655395508
Pedestrian -1 -1 -10 1231.0 167.0 1241.0 277.0 -1 -1 -1 -1000 -1000 -1000 -10 0.0001035928726196289
Car -1 -1 -10 1217.0 151.0 1242.0 219.0 -1 -1 -1 -1000 -1000 -1000 -10 0.00010323524475097656
Cyclist -1 -1 -10 1175.0 188.0 1242.0 360.0 -1 -1 -1 -1000 -1000 -1000 -10 0.00010311603546142578
