Car -1 -1 -10 441.0 162.0 712.0 320.0 -1 -1 -1 -1000 -1000 -1000 -10 0.97216796875
Car -1 -1 -10 308.0 197.0 435.0 265.0 -1 -1 -1 -1000 -1000 -1000 -10 0.96240234375
Car -1 -1 -10 782.0 176.0 886.0 245.0 -1 -1 -1 -1000 -1000 -1000 -10 0.95556640625
Car -1 -1 -10 375.0 178.0 469.0 216.0 -1 -1 -1 -1000 -1000 -1000 -10 0.93896484375
Car -1 -1 -10 188.0 192.0 254.0 230.0 -1 -1 -1 -1000 -1000 -1000 -10 0.9365234375
Car -1 -1 -10 693.0 177.0 768.0 240.0 -1 -1 -1 -1000 -1000 -1000 -10 0.93603515625
Car -1 -1 -10 130.0 185.0 158.0 208.0 -1 -1 -1 -1000 -1000 -1000 -10 0.85986328125
Car -1 -1 -10 305.0 190.0 448.0 257.0 -1 -1 -1 -1000 -1000 -1000 -10 0.050048828125
Car -1 -1 -10 0.0 192.0 13.0 219.0 -1 -1 -1 -1000 -1000 -1000 -10 0.04547119140625
Car -1 -1 -10 0.0 190.0 16.0 218.0 -1 -1 -1 -1000 -1000 -1000 -10 0.0413818359375
Car -1 -1 -10 323.0 185.0 402.0 212.0 -1 -1 -1 -1000 -1000 -1000 -10 0.02435302734375
Car -1 -1 -10 0.0 188.0 13.0 215.0 -1 -1 -1 -1000 -1000 -1000 -10 0.007602691650390625
Car -1 -1 -10 126.0 184.0 151.0 207.0 -1 -1 -1 -1000 -1000 -1000 -10 0.004886627197265625
Car -1 -1 -10 0.0 192.0 21.0 218.0 -1 -1 -1 -1000 -1000 -1000 -10 0.00472259521484375
Car -1 -1 -10 132.0 187.0 160.0 210.0 -1 -1 -1 -1000 -1000 -1000 -10 0.00380706787109375
Car -1 -1 -10 129.0 180.0 155.0 204.0 -1 -1 -1 -1000 -1000 -1000 -10 0.001636505126953125
Car -1 -1 -10 127.0 187.0 150.0 208.0 -1 -1 -1 -1000 -1000 -1000 -10 0.0015773773193359375
Car -1 -1 -10 329.0 183.0 400.0 209.0 -1 -1 -1 -1000 -1000 -1000 -10 0.0014905929565429688
Car -1 -1 -10 136.0 183.0 165.0 208.0 -1 -1 -1 -1000 -1000 -1000 -10 0.0014171600341796875
Car -1 -1 -10 369.0 167.0 474.0 233.0 -1 -1 -1 -1000 -1000 -1000 -10 0.0013675689697265625
Car -1 -1 -10 181.0 191.0 249.0 231.0 -1 -1 -1 -1000 -1000 -1000 -10 0.0011234283447265625
Car -1 -1 -10 298.0 187.0 439.0 284.0 -1 -1 -1 -1000 -1000 -1000 -10 0.0010137557983398438
Car -1 -1 -10 519.0 171.0 642.0 302.0 -1 -1 -1 -1000 -1000 -1000 -10 0.0010051727294921875
Car -1 -1 -10 685.0 175.0 757.0 237.0 -1 -1 -1 -1000 -1000 -1000 -10 0.0009794235229492188
Car -1 -1 -10 775.0 163.0 902.0 261.0 -1 -1 -1 -1000 -1000 -1000 -10 0.0009636878967285156
Car -1 -1 -10 0.0 190.0 28.0 215.0 -1 -1 -1 -1000 -1000 -1000 -10 0.0008559226989746094
Car -1 -1 -10 0.0 188.0 25.0 216.0 -1 -1 -1 -1000 -1000 -1000 -10 0.0008282661437988281
Car -1 -1 -10 1224.0 200.0 1242.0 357.0 -1 -1 -1 -1000 -1000 -1000 -10 0.0008091926574707031
Car -1 -1 -10 394.0 181.0 444.0 208.0 -1 -1 -1 -1000 -1000 -1000 -10 0.000789642333984375
Car -1 -1 -10 1.0 188.0 19.0 212.0 -1 -1 -1 -1000 -1000 -1000 -10 0.0007271766662597656
Car -1 -1 -10 183.0 178.0 259.0 244.0 -1 -1 -1 -1000 -1000 -1000 -10 0.0007200241088867188
Car -1 -1 -10 188.0 187.0 254.0 227.0 -1 -1 -1 -1000 -1000 -1000 -10 0.0006666183471679688
Car -1 -1 -10 1226.0 196.0 1242.0 332.0 -1 -1 -1 -1000 -1000 -1000 -10 0.0006237030029296875
Car -1 -1 -10 332.0 183.0 406.0 211.0 -1 -1 -1 -1000 -1000 -1000 -10 0.0005822181701660156
Car -1 -1 -10 661.0 157.0 794.0 263.0 -1 -1 -1 -1000 -1000 -1000 -10 0.0005598068237304688
Car -1 -1 -10 370.0 165.0 473.0 222.0 -1 -1 -1 -1000 -1000 -1000 -10 0.0005564689636230469
Car -1 -1 -10 128.0 179.0 159.0 212.0 -1 -1 -1 -1000 -1000 -1000 -10 0.0005087852478027344
Car -1 -1 -10 679.0 158.0 804.0 263.0 -1 -1 -1 -1000 -1000 -1000 -10 0.0005044937133789062
Car -1 -1 -10 306.0 169.0 471.0 276.0 -1 -1 -1 -1000 -1000 -1000 -10 0.0004897117614746094
Car -1 -1 -10 178.0 192.0 240.0 227.0 -1 -1 -1 -1000 -1000 -1000 -10 0.0004334449768066406
Car -1 -1 -10 855.0 166.0 999.0 224.0 -1 -1 -1 -1000 -1000 -1000 -10 0.00042819976806640625
Car -1 -1 -10 1229.0 212.0 1242.0 320.0 -1 -1 -1 -1000 -1000 -1000 -10 0.0004138946533203125
Car -1 -1 -10 121.0 142.0 292.0 280.0 -1 -1 -1 -1000 -1000 -1000 -10 0.0003902912139892578
Car -1 -1 -10 327.0 186.0 411.0 214.0 -1 -1 -1 -1000 -1000 -1000 -10 0.000385284423828125
Car -1 -1 -10 138.0 161.0 313.0 288.0 -1 -1 -1 -1000 -1000 -1000 -10 0.00033855438232421875
Car -1 -1 -10 1218.0 194.0 1241.0 364.0 -1 -1 -1 -1000 -1000 -1000 -10 0.0003337860107421875
Car -1 -1 -10 332.0 135.0 516.0 278.0 -1 -1 -1 -1000 -1000 -1000 -10 0.0002963542938232422
Car -1 -1 -10 133.0 138.0 313.0 283.0 -1 -1 -1 -1000 -1000 -1000 -10 0.00027823448181152344
Car -1 -1 -10 366.0 183.0 459.0 218.0 -1 -1 -1 -1000 -1000 -1000 -10 0.0002772808074951172
Car -1 -1 -10 0.0 185.0 21.0 228.0 -1 -1 -1 -1000 -1000 -1000 -10 0.0002675056457519531
Car -1 -1 -10 197.0 193.0 248.0 228.0 -1 -1 -1 -1000 -1000 -1000 -10 0.00026535987854003906
Car -1 -1 -10 1229.0 209.0 1242.0 298.0 -1 -1 -1 -1000 -1000 -1000 -10 0.0002536773681640625
Car -1 -1 -10 1.0 193.0 10.0 236.0 -1 -1 -1 -1000 -1000 -1000 -10 0.00024700164794921875
Car -1 -1 -10 338.0 126.0 512.0 244.0 -1 -1 -1 -1000 -1000 -1000 -10 0.0002465248107910156
Car -1 -1 -10 1223.0 212.0 1242.0 370.0 -1 -1 -1 -1000 -1000 -1000 -10 0.00024235248565673828
Car -1 -1 -10 1223.0 206.0 1241.0 321.0 -1 -1 -1 -1000 -1000 -1000 -10 0.00024127960205078125
Car -1 -1 -10 1230.0 204.0 1242.0 286.0 -1 -1 -1 -1000 -1000 -1000 -10 0.00021386146545410156
Car -1 -1 -10 1210.0 195.0 1241.0 370.0 -1 -1 -1 -1000 -1000 -1000 -10 0.00020635128021240234
Car -1 -1 -10 1.0 197.0 9.0 232.0 -1 -1 -1 -1000 -1000 -1000 -10 0.00018966197967529297
Car -1 -1 -10 809.0 180.0 858.0 238.0 -1 -1 -1 -1000 -1000 -1000 -10 0.00017905235290527344
Car -1 -1 -10 134.0 181.0 160.0 204.0 -1 -1 -1 -1000 -1000 -1000 -10 0.00017321109771728516
Car -1 -1 -10 666.0 161.0 788.0 252.0 -1 -1 -1 -1000 -1000 -1000 -10 0.00017178058624267578
Car -1 -1 -10 1219.0 186.0 1242.0 344.0 -1 -1 -1 -1000 -1000 -1000 -10 0.00016450881958007812
Car -1 -1 -10 323.0 182.0 406.0 218.0 -1 -1 -1 -1000 -1000 -1000 -10 0.00015819072723388672
Car -1 -1 -10 675.0 173.0 759.0 249.0 -1 -1 -1 -1000 -1000 -1000 -10 0.000156402587890625
Car -1 -1 -10 345.0 201.0 390.0 256.0 -1 -1 -1 -1000 -1000 -1000 -10 0.00015616416931152344
Car -1 -1 -10 1212.0 189.0 1241.0 336.0 -1 -1 -1 -1000 -1000 -1000 -10 0.00014865398406982422
Car -1 -1 -10 339.0 186.0 388.0 209.0 -1 -1 -1 -1000 -1000 -1000 -10 0.00013446807861328125
Car -1 -1 -10 375.0 173.0 470.0 212.0 -1 -1 -1 -1000 -1000 -1000 -10 0.00013315677642822266
Car -1 -1 -10 0.0 174.0 15.0 213.0 -1 -1 -1 -1000 -1000 -1000 -10 0.00012874603271484375
Car -1 -1 -10 168.0 190.0 217.0 221.0 -1 -1 -1 -1000 -1000 -1000 -10 0.00012600421905517578
Car -1 -1 -10 175.0 191.0 232.0 225.0 -1 -1 -1 -1000 -1000 -1000 -10 0.00012433528900146484
Car -1 -1 -10 1223.0 212.0 1242.0 338.0 -1 -1 -1 -1000 -1000 -1000 -10 0.0001189112663269043
Car -1 -1 -10 125.0 180.0 167.0 211.0 -1 -1 -1 -1000 -1000 -1000 -10 0.00011175870895385742
Car -1 -1 -10 1207.0 181.0 1242.0 346.0 -1 -1 -1 -1000 -1000 -1000 -10 0.00011157989501953125
Car -1 -1 -10 865.0 164.0 985.0 219.0 -1 -1 -1 -1000 -1000 -1000 -10 0.00011080503463745117
Car -1 -1 -10 1226.0 191.0 1242.0 296.0 -1 -1 -1 -1000 -1000 -1000 -10 0.0001087188720703125
Car -1 -1 -10 131.0 179.0 162.0 212.0 -1 -1 -1 -1000 -1000 -1000 -10 0.00010132789611816406
