Car -1 -1 -10 186.0 197.0 468.0 372.0 -1 -1 -1 -1000 -1000 -1000 -10 0.9716796875
Car -1 -1 -10 597.0 204.0 629.0 238.0 -1 -1 -1 -1000 -1000 -1000 -10 0.93505859375
Car -1 -1 -10 534.0 205.0 559.0 229.0 -1 -1 -1 -1000 -1000 -1000 -10 0.0156402587890625
Pedestrian -1 -1 -10 1221.0 164.0 1242.0 355.0 -1 -1 -1 -1000 -1000 -1000 -10 0.0014495849609375
Car -1 -1 -10 592.0 205.0 626.0 237.0 -1 -1 -1 -1000 -1000 -1000 -10 0.0012359619140625
Car -1 -1 -10 651.0 215.0 686.0 237.0 -1 -1 -1 -1000 -1000 -1000 -10 0.001155853271484375
Car -1 -1 -10 595.0 202.0 630.0 235.0 -1 -1 -1 -1000 -1000 -1000 -10 0.0011186599731445312
Car -1 -1 -10 269.0 206.0 376.0 355.0 -1 -1 -1 -1000 -1000 -1000 -10 0.0010929107666015625
Pedestrian -1 -1 -10 1218.0 156.0 1242.0 363.0 -1 -1 -1 -1000 -1000 -1000 -10 0.0009918212890625
Pedestrian -1 -1 -10 1216.0 147.0 1242.0 345.0 -1 -1 -1 -1000 -1000 -1000 -10 0.0009016990661621094
Car -1 -1 -10 533.0 208.0 560.0 232.0 -1 -1 -1 -1000 -1000 -1000 -10 0.0007061958312988281
Pedestrian -1 -1 -10 1222.0 184.0 1242.0 373.0 -1 -1 -1 -1000 -1000 -1000 -10 0.0006680488586425781
Car -1 -1 -10 0.0 229.0 21.0 375.0 -1 -1 -1 -1000 -1000 -1000 -10 0.0006537437438964844
Pedestrian -1 -1 -10 1217.0 176.0 1242.0 375.0 -1 -1 -1 -1000 -1000 -1000 -10 0.00046372413635253906
Car -1 -1 -10 648.0 212.0 689.0 235.0 -1 -1 -1 -1000 -1000 -1000 -10 0.000438690185546875
Car -1 -1 -10 1.0 258.0 23.0 375.0 -1 -1 -1 -1000 -1000 -1000 -10 0.00040841102600097656
Car -1 -1 -10 0.0 225.0 26.0 375.0 -1 -1 -1 -1000 -1000 -1000 -10 0.00040268898010253906
Pedestrian -1 -1 -10 1207.0 160.0 1242.0 358.0 -1 -1 -1 -1000 -1000 -1000 -10 0.0003952980041503906
Car -1 -1 -10 601.0 206.0 631.0 238.0 -1 -1 -1 -1000 -1000 -1000 -10 0.0003764629364013672
Car -1 -1 -10 650.0 211.0 686.0 234.0 -1 -1 -1 -1000 -1000 -1000 -10 0.0003643035888671875
Car -1 -1 -10 0.0 223.0 35.0 375.0 -1 -1 -1 -1000 -1000 -1000 -10 0.0003025531768798828
Car -1 -1 -10 649.0 213.0 690.0 240.0 -1 -1 -1 -1000 -1000 -1000 -10 0.0002875328063964844
Pedestrian -1 -1 -10 1202.0 137.0 1242.0 347.0 -1 -1 -1 -1000 -1000 -1000 -10 0.00023603439331054688
Pedestrian -1 -1 -10 1209.0 187.0 1242.0 375.0 -1 -1 -1 -1000 -1000 -1000 -10 0.00023603439331054688
Car -1 -1 -10 0.0 252.0 27.0 375.0 -1 -1 -1 -1000 -1000 -1000 -10 0.0002357959747314453
Car -1 -1 -10 0.0 207.0 22.0 367.0 -1 -1 -1 -1000 -1000 -1000 -10 0.0001983642578125
Pedestrian -1 -1 -10 1194.0 150.0 1242.0 364.0 -1 -1 -1 -1000 -1000 -1000 -10 0.00019729137420654297
Car -1 -1 -10 0.0 242.0 14.0 368.0 -1 -1 -1 -1000 -1000 -1000 -10 0.00018262863159179688
Car -1 -1 -10 538.0 203.0 563.0 232.0 -1 -1 -1 -1000 -1000 -1000 -10 0.00017702579498291016
Pedestrian -1 -1 -10 1221.0 127.0 1242.0 320.0 -1 -1 -1 -1000 -1000 -1000 -10 0.00017595291137695312
Pedestrian -1 -1 -10 1193.0 195.0 1242.0 374.0 -1 -1 -1 -1000 -1000 -1000 -10 0.0001741647720336914
Car -1 -1 -10 597.0 203.0 636.0 238.0 -1 -1 -1 -1000 -1000 -1000 -10 0.00015974044799804688
Pedestrian -1 -1 -10 1215.0 116.0 1242.0 332.0 -1 -1 -1 -1000 -1000 -1000 -10 0.0001571178436279297
Pedestrian -1 -1 -10 1221.0 217.0 1242.0 375.0 -1 -1 -1 -1000 -1000 -1000 -10 0.00014126300811767578
Car -1 -1 -10 0.0 258.0 41.0 375.0 -1 -1 -1 -1000 -1000 -1000 -10 0.00013267993927001953
Car -1 -1 -10 0.0 269.0 16.0 375.0 -1 -1 -1 -1000 -1000 -1000 -10 0.00012069940567016602
Car -1 -1 -10 1104.0 0.0 1241.0 91.0 -1 -1 -1 -1000 -1000 -1000 -10 0.0001150369644165039
Car -1 -1 -10 0.0 202.0 26.0 371.0 -1 -1 -1 -1000 -1000 -1000 -10 0.00011372566223144531
Car -1 -1 -10 650.0 213.0 681.0 236.0 -1 -1 -1 -1000 -1000 -1000 -10 0.00011050701141357422
Car -1 -1 -10 340.0 87.0 369.0 108.0 -1 -1 -1 -1000 -1000 -1000 -10 0.00010597705841064453
