Car -1 -1 -10 671.0 178.0 833.0 324.0 -1 -1 -1 -1000 -1000 -1000 -10 0.966796875
Car -1 -1 -10 3.0 0.0 270.0 375.0 -1 -1 -1 -1000 -1000 -1000 -10 0.95654296875
Car -1 -1 -10 247.0 182.0 403.0 252.0 -1 -1 -1 -1000 -1000 -1000 -10 0.93359375
Pedestrian -1 -1 -10 646.0 166.0 689.0 301.0 -1 -1 -1 -1000 -1000 -1000 -10 0.90869140625
Pedestrian -1 -1 -10 335.0 182.0 361.0 258.0 -1 -1 -1 -1000 -1000 -1000 -10 0.89892578125
Pedestrian -1 -1 -10 326.0 179.0 366.0 256.0 -1 -1 -1 -1000 -1000 -1000 -10 0.305908203125
Pedestrian -1 -1 -10 321.0 184.0 369.0 252.0 -1 -1 -1 -1000 -1000 -1000 -10 0.272216796875
Car -1 -1 -10 320.0 183.0 366.0 252.0 -1 -1 -1 -1000 -1000 -1000 -10 0.263916015625
Pedestrian -1 -1 -10 283.0 184.0 389.0 253.0 -1 -1 -1 -1000 -1000 -1000 -10 0.11688232421875
Car -1 -1 -10 648.0 163.0 679.0 198.0 -1 -1 -1 -1000 -1000 -1000 -10 0.0936279296875
Pedestrian -1 -1 -10 317.0 185.0 356.0 251.0 -1 -1 -1 -1000 -1000 -1000 -10 0.0455322265625
Pedestrian -1 -1 -10 340.0 183.0 365.0 258.0 -1 -1 -1 -1000 -1000 -1000 -10 0.01047515869140625
Pedestrian -1 -1 -10 644.0 163.0 688.0 280.0 -1 -1 -1 -1000 -1000 -1000 -10 0.00937652587890625
Car -1 -1 -10 293.0 186.0 364.0 249.0 -1 -1 -1 -1000 -1000 -1000 -10 0.00551605224609375
Pedestrian -1 -1 -10 323.0 186.0 352.0 251.0 -1 -1 -1 -1000 -1000 -1000 -10 0.0052337646484375
Pedestrian -1 -1 -10 338.0 185.0 362.0 251.0 -1 -1 -1 -1000 -1000 -1000 -10 0.0045318603515625
Car -1 -1 -10 646.0 160.0 680.0 202.0 -1 -1 -1 -1000 -1000 -1000 -10 0.002895355224609375
Pedestrian -1 -1 -10 653.0 166.0 695.0 303.0 -1 -1 -1 -1000 -1000 -1000 -10 0.00238037109375
Car -1 -1 -10 645.0 158.0 682.0 207.0 -1 -1 -1 -1000 -1000 -1000 -10 0.0016689300537109375
Car -1 -1 -10 39.0 0.0 283.0 375.0 -1 -1 -1 -1000 -1000 -1000 -10 0.000881195068359375
Car -1 -1 -10 649.0 157.0 681.0 194.0 -1 -1 -1 -1000 -1000 -1000 -10 0.0007333755493164062
Car -1 -1 -10 308.0 186.0 350.0 249.0 -1 -1 -1 -1000 -1000 -1000 -10 0.0005970001220703125
Car -1 -1 -10 239.0 167.0 410.0 265.0 -1 -1 -1 -1000 -1000 -1000 -10 0.000576019287109375
Pedestrian -1 -1 -10 609.0 153.0 751.0 318.0 -1 -1 -1 -1000 -1000 -1000 -10 0.0005450248718261719
Car -1 -1 -10 646.0 158.0 675.0 193.0 -1 -1 -1 -1000 -1000 -1000 -10 0.00046253204345703125
Car -1 -1 -10 0.0 8.0 70.0 360.0 -1 -1 -1 -1000 -1000 -1000 -10 0.0004119873046875
Pedestrian -1 -1 -10 331.0 178.0 375.0 256.0 -1 -1 -1 -1000 -1000 -1000 -10 0.00036525726318359375
Pedestrian -1 -1 -10 339.0 177.0 372.0 257.0 -1 -1 -1 -1000 -1000 -1000 -10 0.0003571510314941406
Pedestrian -1 -1 -10 587.0 152.0 725.0 316.0 -1 -1 -1 -1000 -1000 -1000 -10 0.00033354759216308594
Pedestrian -1 -1 -10 645.0 179.0 686.0 296.0 -1 -1 -1 -1000 -1000 -1000 -10 0.0002942085266113281
Pedestrian -1 -1 -10 339.0 193.0 356.0 255.0 -1 -1 -1 -1000 -1000 -1000 -10 0.00024259090423583984
Pedestrian -1 -1 -10 640.0 166.0 673.0 298.0 -1 -1 -1 -1000 -1000 -1000 -10 0.00023937225341796875
Pedestrian -1 -1 -10 659.0 159.0 695.0 294.0 -1 -1 -1 -1000 -1000 -1000 -10 0.00022554397583007812
Car -1 -1 -10 6.0 3.0 121.0 359.0 -1 -1 -1 -1000 -1000 -1000 -10 0.00020074844360351562
Car -1 -1 -10 235.0 187.0 390.0 251.0 -1 -1 -1 -1000 -1000 -1000 -10 0.00019848346710205078
Car -1 -1 -10 0.0 14.0 91.0 375.0 -1 -1 -1 -1000 -1000 -1000 -10 0.00019299983978271484
Car -1 -1 -10 184.0 176.0 324.0 246.0 -1 -1 -1 -1000 -1000 -1000 -10 0.00018608570098876953
Car -1 -1 -10 266.0 181.0 395.0 244.0 -1 -1 -1 -1000 -1000 -1000 -10 0.0001518726348876953
Car -1 -1 -10 206.0 177.0 386.0 253.0 -1 -1 -1 -1000 -1000 -1000 -10 0.0001481771469116211
Pedestrian -1 -1 -10 337.0 187.0 357.0 261.0 -1 -1 -1 -1000 -1000 -1000 -10 0.00014603137969970703
Car -1 -1 -10 235.0 170.0 411.0 243.0 -1 -1 -1 -1000 -1000 -1000 -10 0.00013446807861328125
Car -1 -1 -10 190.0 175.0 316.0 235.0 -1 -1 -1 -1000 -1000 -1000 -10 0.00012505054473876953
Pedestrian -1 -1 -10 343.0 188.0 364.0 260.0 -1 -1 -1 -1000 -1000 -1000 -10 0.0001214146614074707
Car -1 -1 -10 0.0 143.0 50.0 361.0 -1 -1 -1 -1000 -1000 -1000 -10 0.00011998414993286133
Car -1 -1 -10 0.0 12.0 138.0 373.0 -1 -1 -1 -1000 -1000 -1000 -10 0.00011432170867919922
Pedestrian -1 -1 -10 650.0 179.0 690.0 296.0 -1 -1 -1 -1000 -1000 -1000 -10 0.00010818243026733398
