Car -1 -1 -10 347.0 184.0 443.0 241.0 -1 -1 -1 -1000 -1000 -1000 -10 0.96240234375
Car -1 -1 -10 649.0 170.0 699.0 191.0 -1 -1 -1 -1000 -1000 -1000 -10 0.91455078125
Car -1 -1 -10 536.0 176.0 567.0 197.0 -1 -1 -1 -1000 -1000 -1000 -10 0.8955078125
Car -1 -1 -10 681.0 168.0 703.0 186.0 -1 -1 -1 -1000 -1000 -1000 -10 0.64111328125
Car -1 -1 -10 675.0 170.0 702.0 188.0 -1 -1 -1 -1000 -1000 -1000 -10 0.5927734375
Car -1 -1 -10 538.0 175.0 572.0 196.0 -1 -1 -1 -1000 -1000 -1000 -10 0.044952392578125
Car -1 -1 -10 683.0 168.0 705.0 186.0 -1 -1 -1 -1000 -1000 -1000 -10 0.0214080810546875
Car -1 -1 -10 540.0 177.0 574.0 196.0 -1 -1 -1 -1000 -1000 -1000 -10 0.01030731201171875
Car -1 -1 -10 653.0 173.0 698.0 192.0 -1 -1 -1 -1000 -1000 -1000 -10 0.0098876953125
Car -1 -1 -10 0.0 178.0 15.0 287.0 -1 -1 -1 -1000 -1000 -1000 -10 0.007076263427734375
Car -1 -1 -10 0.0 193.0 12.0 293.0 -1 -1 -1 -1000 -1000 -1000 -10 0.0048065185546875
Car -1 -1 -10 0.0 161.0 18.0 290.0 -1 -1 -1 -1000 -1000 -1000 -10 0.0044097900390625
Car -1 -1 -10 530.0 176.0 563.0 197.0 -1 -1 -1 -1000 -1000 -1000 -10 0.003116607666015625
Car -1 -1 -10 654.0 164.0 701.0 196.0 -1 -1 -1 -1000 -1000 -1000 -10 0.002536773681640625
Car -1 -1 -10 0.0 193.0 14.0 298.0 -1 -1 -1 -1000 -1000 -1000 -10 0.0023403167724609375
Pedestrian -1 -1 -10 0.0 164.0 15.0 286.0 -1 -1 -1 -1000 -1000 -1000 -10 0.00203704833984375
Car -1 -1 -10 0.0 202.0 11.0 299.0 -1 -1 -1 -1000 -1000 -1000 -10 0.0019855499267578125
Car -1 -1 -10 551.0 175.0 581.0 194.0 -1 -1 -1 -1000 -1000 -1000 -10 0.001964569091796875
Car -1 -1 -10 647.0 170.0 688.0 190.0 -1 -1 -1 -1000 -1000 -1000 -10 0.001956939697265625
Car -1 -1 -10 0.0 162.0 23.0 289.0 -1 -1 -1 -1000 -1000 -1000 -10 0.0018339157104492188
Car -1 -1 -10 0.0 192.0 17.0 291.0 -1 -1 -1 -1000 -1000 -1000 -10 0.0012683868408203125
Car -1 -1 -10 0.0 129.0 20.0 289.0 -1 -1 -1 -1000 -1000 -1000 -10 0.0010862350463867188
Car -1 -1 -10 0.0 181.0 18.0 285.0 -1 -1 -1 -1000 -1000 -1000 -10 0.001018524169921875
Car -1 -1 -10 533.0 173.0 569.0 205.0 -1 -1 -1 -1000 -1000 -1000 -10 0.00095367431640625
Car -1 -1 -10 658.0 167.0 695.0 186.0 -1 -1 -1 -1000 -1000 -1000 -10 0.0008244514465332031
Car -1 -1 -10 0.0 184.0 25.0 294.0 -1 -1 -1 -1000 -1000 -1000 -10 0.0007905960083007812
Pedestrian -1 -1 -10 0.0 163.0 20.0 285.0 -1 -1 -1 -1000 -1000 -1000 -10 0.0006952285766601562
Car -1 -1 -10 0.0 151.0 28.0 294.0 -1 -1 -1 -1000 -1000 -1000 -10 0.0006947517395019531
Car -1 -1 -10 648.0 166.0 700.0 199.0 -1 -1 -1 -1000 -1000 -1000 -10 0.0006875991821289062
Car -1 -1 -10 527.0 180.0 560.0 199.0 -1 -1 -1 -1000 -1000 -1000 -10 0.0006175041198730469
Car -1 -1 -10 515.0 179.0 537.0 198.0 -1 -1 -1 -1000 -1000 -1000 -10 0.0005249977111816406
Car -1 -1 -10 524.0 179.0 553.0 199.0 -1 -1 -1 -1000 -1000 -1000 -10 0.0004818439483642578
Car -1 -1 -10 681.0 163.0 701.0 180.0 -1 -1 -1 -1000 -1000 -1000 -10 0.00045371055603027344
Car -1 -1 -10 309.0 159.0 479.0 281.0 -1 -1 -1 -1000 -1000 -1000 -10 0.0004436969757080078
Car -1 -1 -10 0.0 192.0 22.0 299.0 -1 -1 -1 -1000 -1000 -1000 -10 0.00043773651123046875
Car -1 -1 -10 364.0 185.0 413.0 234.0 -1 -1 -1 -1000 -1000 -1000 -10 0.00036644935607910156
Car -1 -1 -10 534.0 169.0 570.0 201.0 -1 -1 -1 -1000 -1000 -1000 -10 0.0003445148468017578
Cyclist -1 -1 -10 1219.0 112.0 1242.0 328.0 -1 -1 -1 -1000 -1000 -1000 -10 0.0003426074981689453
Car -1 -1 -10 0.0 213.0 10.0 304.0 -1 -1 -1 -1000 -1000 -1000 -10 0.0002944469451904297
Car -1 -1 -10 552.0 178.0 582.0 195.0 -1 -1 -1 -1000 -1000 -1000 -10 0.0002899169921875
Cyclist -1 -1 -10 1222.0 111.0 1242.0 281.0 -1 -1 -1 -1000 -1000 -1000 -10 0.00027179718017578125
Car -1 -1 -10 0.0 219.0 10.0 281.0 -1 -1 -1 -1000 -1000 -1000 -10 0.0002644062042236328
Cyclist -1 -1 -10 1214.0 104.0 1242.0 372.0 -1 -1 -1 -1000 -1000 -1000 -10 0.0002543926239013672
Car -1 -1 -10 0.0 154.0 21.0 273.0 -1 -1 -1 -1000 -1000 -1000 -10 0.00023233890533447266
Car -1 -1 -10 0.0 200.0 17.0 366.0 -1 -1 -1 -1000 -1000 -1000 -10 0.00022602081298828125
Car -1 -1 -10 525.0 176.0 553.0 197.0 -1 -1 -1 -1000 -1000 -1000 -10 0.00022017955780029297
Car -1 -1 -10 514.0 177.0 539.0 197.0 -1 -1 -1 -1000 -1000 -1000 -10 0.0002181529998779297
Car -1 -1 -10 546.0 171.0 577.0 191.0 -1 -1 -1 -1000 -1000 -1000 -10 0.00021517276763916016
Car -1 -1 -10 0.0 218.0 20.0 375.0 -1 -1 -1 -1000 -1000 -1000 -10 0.00020837783813476562
Car -1 -1 -10 678.0 160.0 705.0 191.0 -1 -1 -1 -1000 -1000 -1000 -10 0.00018417835235595703
Cyclist -1 -1 -10 1217.0 104.0 1242.0 289.0 -1 -1 -1 -1000 -1000 -1000 -10 0.00018107891082763672
Car -1 -1 -10 0.0 130.0 34.0 279.0 -1 -1 -1 -1000 -1000 -1000 -10 0.00017189979553222656
Car -1 -1 -10 0.0 112.0 36.0 296.0 -1 -1 -1 -1000 -1000 -1000 -10 0.00016927719116210938
Car -1 -1 -10 645.0 165.0 697.0 195.0 -1 -1 -1 -1000 -1000 -1000 -10 0.00016629695892333984
Car -1 -1 -10 0.0 209.0 11.0 274.0 -1 -1 -1 -1000 -1000 -1000 -10 0.00016367435455322266
Car -1 -1 -10 373.0 185.0 423.0 235.0 -1 -1 -1 -1000 -1000 -1000 -10 0.00016355514526367188
Car -1 -1 -10 535.0 171.0 567.0 193.0 -1 -1 -1 -1000 -1000 -1000 -10 0.00016236305236816406
Cyclist -1 -1 -10 1206.0 100.0 1242.0 340.0 -1 -1 -1 -1000 -1000 -1000 -10 0.00015032291412353516
Cyclist -1 -1 -10 1214.0 119.0 1242.0 320.0 -1 -1 -1 -1000 -1000 -1000 -10 0.00013315677642822266
Car -1 -1 -10 670.0 163.0 704.0 196.0 -1 -1 -1 -1000 -1000 -1000 -10 0.0001289844512939453
Car -1 -1 -10 684.0 163.0 704.0 180.0 -1 -1 -1 -1000 -1000 -1000 -10 0.00012564659118652344
Cyclist -1 -1 -10 1228.0 131.0 1242.0 253.0 -1 -1 -1 -1000 -1000 -1000 -10 0.00012165307998657227
Cyclist -1 -1 -10 1195.0 116.0 1242.0 365.0 -1 -1 -1 -1000 -1000 -1000 -10 0.00010782480239868164
Pedestrian -1 -1 -10 0.0 160.0 17.0 268.0 -1 -1 -1 -1000 -1000 -1000 -10 0.0001016855239868164
Cyclist -1 -1 -10 1204.0 108.0 1242.0 372.0 -1 -1 -1 -1000 -1000 -1000 -10 0.00010091066360473633
