Car -1 -1 -10 576.0 174.0 616.0 210.0 -1 -1 -1 -1000 -1000 -1000 -10 0.94970703125
Car -1 -1 -10 568.0 158.0 622.0 216.0 -1 -1 -1 -1000 -1000 -1000 -10 0.0005159378051757812
Car -1 -1 -10 568.0 163.0 625.0 225.0 -1 -1 -1 -1000 -1000 -1000 -10 0.0004711151123046875
Car -1 -1 -10 559.0 164.0 622.0 223.0 -1 -1 -1 -1000 -1000 -1000 -10 0.0002684593200683594
Car -1 -1 -10 735.0 0.0 792.0 48.0 -1 -1 -1 -1000 -1000 -1000 -10 0.0002675056457519531
Car -1 -1 -10 512.0 131.0 684.0 274.0 -1 -1 -1 -1000 -1000 -1000 -10 0.0002541542053222656
Car -1 -1 -10 514.0 117.0 684.0 240.0 -1 -1 -1 -1000 -1000 -1000 -10 0.00022709369659423828
Pedestrian -1 -1 -10 1223.0 171.0 1242.0 347.0 -1 -1 -1 -1000 -1000 -1000 -10 0.00017786026000976562
Car -1 -1 -10 480.0 136.0 664.0 268.0 -1 -1 -1 -1000 -1000 -1000 -10 0.00017118453979492188
Car -1 -1 -10 590.0 169.0 617.0 198.0 -1 -1 -1 -1000 -1000 -1000 -10 0.00014770030975341797
Pedestrian -1 -1 -10 1216.0 165.0 1242.0 354.0 -1 -1 -1 -1000 -1000 -1000 -10 0.00012183189392089844
Pedestrian -1 -1 -10 1219.0 180.0 1242.0 373.0 -1 -1 -1 -1000 -1000 -1000 -10 0.00010323524475097656
Pedestrian -1 -1 -10 1214.0 173.0 1242.0 375.0 -1 -1 -1 -1000 -1000 -1000 -10 0.00010305643081665039
