Car -1 -1 -10 0.0 193.0 247.0 340.0 -1 -1 -1 -1000 -1000 -1000 -10 0.9609375
Car -1 -1 -10 496.0 178.0 556.0 226.0 -1 -1 -1 -1000 -1000 -1000 -10 0.9482421875
Car -1 -1 -10 595.0 169.0 617.0 196.0 -1 -1 -1 -1000 -1000 -1000 -10 0.9267578125
Car -1 -1 -10 439.0 159.0 477.0 192.0 -1 -1 -1 -1000 -1000 -1000 -10 0.92529296875
Car -1 -1 -10 553.0 180.0 578.0 199.0 -1 -1 -1 -1000 -1000 -1000 -10 0.90625
Car -1 -1 -10 496.0 177.0 524.0 200.0 -1 -1 -1 -1000 -1000 -1000 -10 0.84619140625
Car -1 -1 -10 495.0 177.0 526.0 202.0 -1 -1 -1 -1000 -1000 -1000 -10 0.7451171875
Car -1 -1 -10 492.0 179.0 547.0 219.0 -1 -1 -1 -1000 -1000 -1000 -10 0.311279296875
Car -1 -1 -10 496.0 180.0 541.0 213.0 -1 -1 -1 -1000 -1000 -1000 -10 0.2435302734375
Car -1 -1 -10 489.0 178.0 521.0 202.0 -1 -1 -1 -1000 -1000 -1000 -10 0.1842041015625
Car -1 -1 -10 507.0 180.0 552.0 214.0 -1 -1 -1 -1000 -1000 -1000 -10 0.0859375
Car -1 -1 -10 510.0 179.0 551.0 210.0 -1 -1 -1 -1000 -1000 -1000 -10 0.07672119140625
Car -1 -1 -10 503.0 177.0 535.0 199.0 -1 -1 -1 -1000 -1000 -1000 -10 0.048248291015625
Car -1 -1 -10 521.0 178.0 543.0 199.0 -1 -1 -1 -1000 -1000 -1000 -10 0.0362548828125
Car -1 -1 -10 486.0 180.0 513.0 203.0 -1 -1 -1 -1000 -1000 -1000 -10 0.029327392578125
Car -1 -1 -10 527.0 179.0 564.0 217.0 -1 -1 -1 -1000 -1000 -1000 -10 0.0264892578125
Car -1 -1 -10 553.0 178.0 576.0 196.0 -1 -1 -1 -1000 -1000 -1000 -10 0.015899658203125
Car -1 -1 -10 486.0 177.0 514.0 199.0 -1 -1 -1 -1000 -1000 -1000 -10 0.0070343017578125
Car -1 -1 -10 551.0 179.0 576.0 198.0 -1 -1 -1 -1000 -1000 -1000 -10 0.004894256591796875
Car -1 -1 -10 525.0 181.0 547.0 201.0 -1 -1 -1 -1000 -1000 -1000 -10 0.004177093505859375
Car -1 -1 -10 504.0 179.0 529.0 199.0 -1 -1 -1 -1000 -1000 -1000 -10 0.003475189208984375
Car -1 -1 -10 490.0 183.0 520.0 203.0 -1 -1 -1 -1000 -1000 -1000 -10 0.00328826904296875
Car -1 -1 -10 501.0 172.0 544.0 214.0 -1 -1 -1 -1000 -1000 -1000 -10 0.002681732177734375
Car -1 -1 -10 486.0 178.0 509.0 201.0 -1 -1 -1 -1000 -1000 -1000 -10 0.0016546249389648438
Car -1 -1 -10 443.0 160.0 478.0 190.0 -1 -1 -1 -1000 -1000 -1000 -10 0.0016183853149414062
Car -1 -1 -10 493.0 172.0 526.0 207.0 -1 -1 -1 -1000 -1000 -1000 -10 0.00127410888671875
Car -1 -1 -10 527.0 178.0 547.0 196.0 -1 -1 -1 -1000 -1000 -1000 -10 0.001270294189453125
Car -1 -1 -10 551.0 178.0 573.0 195.0 -1 -1 -1 -1000 -1000 -1000 -10 0.0011320114135742188
Car -1 -1 -10 552.0 177.0 580.0 207.0 -1 -1 -1 -1000 -1000 -1000 -10 0.0009174346923828125
Car -1 -1 -10 491.0 168.0 558.0 233.0 -1 -1 -1 -1000 -1000 -1000 -10 0.0007638931274414062
Car -1 -1 -10 598.0 163.0 616.0 188.0 -1 -1 -1 -1000 -1000 -1000 -10 0.0007052421569824219
Car -1 -1 -10 483.0 183.0 506.0 204.0 -1 -1 -1 -1000 -1000 -1000 -10 0.0006504058837890625
Car -1 -1 -10 64.0 198.0 192.0 326.0 -1 -1 -1 -1000 -1000 -1000 -10 0.00060272216796875
Car -1 -1 -10 552.0 174.0 580.0 203.0 -1 -1 -1 -1000 -1000 -1000 -10 0.0005750656127929688
Car -1 -1 -10 437.0 164.0 474.0 193.0 -1 -1 -1 -1000 -1000 -1000 -10 0.0004069805145263672
Car -1 -1 -10 443.0 138.0 593.0 247.0 -1 -1 -1 -1000 -1000 -1000 -10 0.00030517578125
Car -1 -1 -10 488.0 174.0 522.0 208.0 -1 -1 -1 -1000 -1000 -1000 -10 0.0002989768981933594
Car -1 -1 -10 435.0 133.0 602.0 274.0 -1 -1 -1 -1000 -1000 -1000 -10 0.00029087066650390625
Car -1 -1 -10 466.0 135.0 615.0 273.0 -1 -1 -1 -1000 -1000 -1000 -10 0.00020635128021240234
Car -1 -1 -10 424.0 145.0 483.0 206.0 -1 -1 -1 -1000 -1000 -1000 -10 0.0001913309097290039
Car -1 -1 -10 573.0 177.0 594.0 198.0 -1 -1 -1 -1000 -1000 -1000 -10 0.00017881393432617188
Car -1 -1 -10 392.0 105.0 552.0 240.0 -1 -1 -1 -1000 -1000 -1000 -10 0.0001577138900756836
Car -1 -1 -10 595.0 167.0 618.0 201.0 -1 -1 -1 -1000 -1000 -1000 -10 0.00014972686767578125
Car -1 -1 -10 522.0 172.0 540.0 191.0 -1 -1 -1 -1000 -1000 -1000 -10 0.00014543533325195312
Car -1 -1 -10 434.0 144.0 499.0 207.0 -1 -1 -1 -1000 -1000 -1000 -10 0.00014495849609375
Car -1 -1 -10 0.0 206.0 20.0 360.0 -1 -1 -1 -1000 -1000 -1000 -10 0.00013303756713867188
Car -1 -1 -10 0.0 225.0 20.0 373.0 -1 -1 -1 -1000 -1000 -1000 -10 0.00012636184692382812
Car -1 -1 -10 354.0 108.0 525.0 237.0 -1 -1 -1 -1000 -1000 -1000 -10 0.00012552738189697266
Car -1 -1 -10 392.0 130.0 561.0 261.0 -1 -1 -1 -1000 -1000 -1000 -10 0.00010955333709716797
Car -1 -1 -10 444.0 164.0 479.0 193.0 -1 -1 -1 -1000 -1000 -1000 -10 0.00010150671005249023
Car -1 -1 -10 438.0 0.0 506.0 51.0 -1 -1 -1 -1000 -1000 -1000 -10 0.00010091066360473633
Car -1 -1 -10 446.0 0.0 515.0 50.0 -1 -1 -1 -1000 -1000 -1000 -10 0.00010067224502563477
