Car -1 -1 -10 330.0 127.0 493.0 257.0 -1 -1 -1 -1000 -1000 -1000 -10 0.96875
Car -1 -1 -10 467.0 177.0 554.0 220.0 -1 -1 -1 -1000 -1000 -1000 -10 0.93798828125
Cyclist -1 -1 -10 607.0 172.0 644.0 209.0 -1 -1 -1 -1000 -1000 -1000 -10 0.912109375
Cyclist -1 -1 -10 608.0 176.0 642.0 210.0 -1 -1 -1 -1000 -1000 -1000 -10 0.01457977294921875
Pedestrian -1 -1 -10 547.0 170.0 565.0 214.0 -1 -1 -1 -1000 -1000 -1000 -10 0.003082275390625
Pedestrian -1 -1 -10 551.0 169.0 565.0 214.0 -1 -1 -1 -1000 -1000 -1000 -10 0.0028514862060546875
Pedestrian -1 -1 -10 550.0 170.0 566.0 216.0 -1 -1 -1 -1000 -1000 -1000 -10 0.00202178955078125
Pedestrian -1 -1 -10 548.0 167.0 562.0 212.0 -1 -1 -1 -1000 -1000 -1000 -10 0.0016660690307617188
Pedestrian -1 -1 -10 552.0 170.0 570.0 213.0 -1 -1 -1 -1000 -1000 -1000 -10 0.0010194778442382812
Car -1 -1 -10 461.0 166.0 561.0 232.0 -1 -1 -1 -1000 -1000 -1000 -10 0.0008821487426757812
Cyclist -1 -1 -10 603.0 168.0 643.0 208.0 -1 -1 -1 -1000 -1000 -1000 -10 0.0008540153503417969
Car -1 -1 -10 486.0 178.0 537.0 214.0 -1 -1 -1 -1000 -1000 -1000 -10 0.0005526542663574219
Pedestrian -1 -1 -10 543.0 168.0 567.0 218.0 -1 -1 -1 -1000 -1000 -1000 -10 0.00045013427734375
Cyclist -1 -1 -10 0.0 173.0 27.0 350.0 -1 -1 -1 -1000 -1000 -1000 -10 0.00043392181396484375
Car -1 -1 -10 0.0 188.0 26.0 369.0 -1 -1 -1 -1000 -1000 -1000 -10 0.00039315223693847656
Car -1 -1 -10 425.0 130.0 597.0 244.0 -1 -1 -1 -1000 -1000 -1000 -10 0.0003509521484375
Car -1 -1 -10 417.0 133.0 607.0 275.0 -1 -1 -1 -1000 -1000 -1000 -10 0.0003495216369628906
Cyclist -1 -1 -10 0.0 160.0 28.0 325.0 -1 -1 -1 -1000 -1000 -1000 -10 0.00029778480529785156
Cyclist -1 -1 -10 0.0 148.0 45.0 333.0 -1 -1 -1 -1000 -1000 -1000 -10 0.0002739429473876953
Pedestrian -1 -1 -10 549.0 172.0 563.0 217.0 -1 -1 -1 -1000 -1000 -1000 -10 0.0002644062042236328
Cyclist -1 -1 -10 0.0 184.0 28.0 372.0 -1 -1 -1 -1000 -1000 -1000 -10 0.0002300739288330078
Pedestrian -1 -1 -10 544.0 171.0 569.0 215.0 -1 -1 -1 -1000 -1000 -1000 -10 0.0002263784408569336
Cyclist -1 -1 -10 1.0 164.0 43.0 357.0 -1 -1 -1 -1000 -1000 -1000 -10 0.00022077560424804688
Cyclist -1 -1 -10 0.0 147.0 24.0 306.0 -1 -1 -1 -1000 -1000 -1000 -10 0.00020873546600341797
Pedestrian -1 -1 -10 540.0 170.0 560.0 214.0 -1 -1 -1 -1000 -1000 -1000 -10 0.0002034902572631836
Cyclist -1 -1 -10 191.0 166.0 256.0 217.0 -1 -1 -1 -1000 -1000 -1000 -10 0.00018966197967529297
Cyclist -1 -1 -10 197.0 167.0 248.0 218.0 -1 -1 -1 -1000 -1000 -1000 -10 0.0001678466796875
Cyclist -1 -1 -10 0.0 137.0 30.0 315.0 -1 -1 -1 -1000 -1000 -1000 -10 0.00016188621520996094
Cyclist -1 -1 -10 1.0 186.0 37.0 375.0 -1 -1 -1 -1000 -1000 -1000 -10 0.00016033649444580078
Cyclist -1 -1 -10 0.0 129.0 53.0 321.0 -1 -1 -1 -1000 -1000 -1000 -10 0.0001533031463623047
Car -1 -1 -10 0.0 206.0 23.0 375.0 -1 -1 -1 -1000 -1000 -1000 -10 0.00014102458953857422
Cyclist -1 -1 -10 0.0 163.0 64.0 346.0 -1 -1 -1 -1000 -1000 -1000 -10 0.00013780593872070312
Pedestrian -1 -1 -10 539.0 166.0 558.0 209.0 -1 -1 -1 -1000 -1000 -1000 -10 0.00013554096221923828
Pedestrian -1 -1 -10 550.0 173.0 568.0 217.0 -1 -1 -1 -1000 -1000 -1000 -10 0.00013506412506103516
Car -1 -1 -10 0.0 185.0 44.0 367.0 -1 -1 -1 -1000 -1000 -1000 -10 0.0001189112663269043
Car -1 -1 -10 330.0 128.0 490.0 233.0 -1 -1 -1 -1000 -1000 -1000 -10 0.00011688470840454102
Car -1 -1 -10 481.0 175.0 560.0 219.0 -1 -1 -1 -1000 -1000 -1000 -10 0.00010633468627929688
Cyclist -1 -1 -10 603.0 164.0 659.0 224.0 -1 -1 -1 -1000 -1000 -1000 -10 0.00010228157043457031
