Car -1 -1 -10 1087.0 192.0 1242.0 367.0 -1 -1 -1 -1000 -1000 -1000 -10 0.95166015625
Car -1 -1 -10 580.0 180.0 613.0 208.0 -1 -1 -1 -1000 -1000 -1000 -10 0.93212890625
Car -1 -1 -10 712.0 177.0 877.0 234.0 -1 -1 -1 -1000 -1000 -1000 -10 0.90869140625
Car -1 -1 -10 681.0 178.0 794.0 217.0 -1 -1 -1 -1000 -1000 -1000 -10 0.9033203125
Car -1 -1 -10 699.0 177.0 840.0 225.0 -1 -1 -1 -1000 -1000 -1000 -10 0.86962890625
Car -1 -1 -10 693.0 177.0 823.0 222.0 -1 -1 -1 -1000 -1000 -1000 -10 0.6943359375
Car -1 -1 -10 704.0 174.0 858.0 228.0 -1 -1 -1 -1000 -1000 -1000 -10 0.363037109375
Car -1 -1 -10 685.0 176.0 805.0 219.0 -1 -1 -1 -1000 -1000 -1000 -10 0.329345703125
Car -1 -1 -10 679.0 179.0 779.0 215.0 -1 -1 -1 -1000 -1000 -1000 -10 0.00403594970703125
Car -1 -1 -10 699.0 172.0 869.0 236.0 -1 -1 -1 -1000 -1000 -1000 -10 0.0030689239501953125
Car -1 -1 -10 701.0 185.0 847.0 233.0 -1 -1 -1 -1000 -1000 -1000 -10 0.0025730133056640625
Car -1 -1 -10 678.0 172.0 800.0 213.0 -1 -1 -1 -1000 -1000 -1000 -10 0.0008859634399414062
Car -1 -1 -10 691.0 183.0 812.0 224.0 -1 -1 -1 -1000 -1000 -1000 -10 0.000797271728515625
Car -1 -1 -10 442.0 76.0 463.0 93.0 -1 -1 -1 -1000 -1000 -1000 -10 0.0007100105285644531
Car -1 -1 -10 674.0 167.0 810.0 232.0 -1 -1 -1 -1000 -1000 -1000 -10 0.0006918907165527344
Car -1 -1 -10 445.0 77.0 460.0 92.0 -1 -1 -1 -1000 -1000 -1000 -10 0.0006451606750488281
Car -1 -1 -10 638.0 136.0 839.0 274.0 -1 -1 -1 -1000 -1000 -1000 -10 0.00045180320739746094
Car -1 -1 -10 698.0 168.0 845.0 232.0 -1 -1 -1 -1000 -1000 -1000 -10 0.0004000663757324219
Car -1 -1 -10 692.0 150.0 898.0 252.0 -1 -1 -1 -1000 -1000 -1000 -10 0.0003762245178222656
Car -1 -1 -10 578.0 177.0 614.0 211.0 -1 -1 -1 -1000 -1000 -1000 -10 0.0002949237823486328
Car -1 -1 -10 645.0 128.0 829.0 244.0 -1 -1 -1 -1000 -1000 -1000 -10 0.00028824806213378906
Car -1 -1 -10 677.0 138.0 869.0 250.0 -1 -1 -1 -1000 -1000 -1000 -10 0.0002880096435546875
Car -1 -1 -10 0.0 226.0 25.0 373.0 -1 -1 -1 -1000 -1000 -1000 -10 0.0002841949462890625
Car -1 -1 -10 690.0 145.0 908.0 269.0 -1 -1 -1 -1000 -1000 -1000 -10 0.00027298927307128906
Car -1 -1 -10 1223.0 174.0 1242.0 265.0 -1 -1 -1 -1000 -1000 -1000 -10 0.0002701282501220703
Car -1 -1 -10 673.0 166.0 801.0 223.0 -1 -1 -1 -1000 -1000 -1000 -10 0.00025463104248046875
Car -1 -1 -10 719.0 179.0 800.0 221.0 -1 -1 -1 -1000 -1000 -1000 -10 0.00024366378784179688
Car -1 -1 -10 758.0 179.0 805.0 221.0 -1 -1 -1 -1000 -1000 -1000 -10 0.00022423267364501953
Car -1 -1 -10 697.0 179.0 778.0 216.0 -1 -1 -1 -1000 -1000 -1000 -10 0.00021827220916748047
Car -1 -1 -10 707.0 175.0 887.0 245.0 -1 -1 -1 -1000 -1000 -1000 -10 0.00021719932556152344
Car -1 -1 -10 1221.0 183.0 1242.0 289.0 -1 -1 -1 -1000 -1000 -1000 -10 0.00021183490753173828
Car -1 -1 -10 1215.0 196.0 1242.0 371.0 -1 -1 -1 -1000 -1000 -1000 -10 0.00020933151245117188
Car -1 -1 -10 712.0 182.0 761.0 211.0 -1 -1 -1 -1000 -1000 -1000 -10 0.00019657611846923828
Car -1 -1 -10 706.0 181.0 754.0 206.0 -1 -1 -1 -1000 -1000 -1000 -10 0.00019097328186035156
Car -1 -1 -10 744.0 179.0 793.0 220.0 -1 -1 -1 -1000 -1000 -1000 -10 0.00019073486328125
Car -1 -1 -10 0.0 226.0 50.0 374.0 -1 -1 -1 -1000 -1000 -1000 -10 0.00018894672393798828
Car -1 -1 -10 728.0 178.0 809.0 222.0 -1 -1 -1 -1000 -1000 -1000 -10 0.00017511844635009766
Car -1 -1 -10 1124.0 203.0 1239.0 372.0 -1 -1 -1 -1000 -1000 -1000 -10 0.0001691579818725586
Car -1 -1 -10 770.0 180.0 812.0 224.0 -1 -1 -1 -1000 -1000 -1000 -10 0.00016391277313232422
Car -1 -1 -10 587.0 178.0 617.0 205.0 -1 -1 -1 -1000 -1000 -1000 -10 0.00014972686767578125
Car -1 -1 -10 1193.0 164.0 1242.0 276.0 -1 -1 -1 -1000 -1000 -1000 -10 0.00014913082122802734
Car -1 -1 -10 1231.0 163.0 1241.0 246.0 -1 -1 -1 -1000 -1000 -1000 -10 0.00014638900756835938
Car -1 -1 -10 1209.0 195.0 1242.0 373.0 -1 -1 -1 -1000 -1000 -1000 -10 0.0001456737518310547
Car -1 -1 -10 1214.0 170.0 1242.0 261.0 -1 -1 -1 -1000 -1000 -1000 -10 0.00014150142669677734
Car -1 -1 -10 1214.0 183.0 1242.0 292.0 -1 -1 -1 -1000 -1000 -1000 -10 0.00013971328735351562
Car -1 -1 -10 4.0 369.0 93.0 375.0 -1 -1 -1 -1000 -1000 -1000 -10 0.00013887882232666016
Car -1 -1 -10 0.0 201.0 22.0 365.0 -1 -1 -1 -1000 -1000 -1000 -10 0.0001348257064819336
Car -1 -1 -10 1223.0 160.0 1241.0 254.0 -1 -1 -1 -1000 -1000 -1000 -10 0.00012767314910888672
Car -1 -1 -10 1217.0 215.0 1242.0 375.0 -1 -1 -1 -1000 -1000 -1000 -10 0.00012576580047607422
Car -1 -1 -10 1221.0 186.0 1242.0 326.0 -1 -1 -1 -1000 -1000 -1000 -10 0.0001195073127746582
Car -1 -1 -10 0.0 251.0 24.0 375.0 -1 -1 -1 -1000 -1000 -1000 -10 0.00010782480239868164
Car -1 -1 -10 1229.0 170.0 1242.0 260.0 -1 -1 -1 -1000 -1000 -1000 -10 0.00010508298873901367
Car -1 -1 -10 1213.0 177.0 1242.0 271.0 -1 -1 -1 -1000 -1000 -1000 -10 0.00010007619857788086
