Car -1 -1 -10 529.0 160.0 573.0 206.0 -1 -1 -1 -1000 -1000 -1000 -10 0.9365234375
Pedestrian -1 -1 -10 359.0 164.0 394.0 259.0 -1 -1 -1 -1000 -1000 -1000 -10 0.85009765625
Pedestrian -1 -1 -10 382.0 164.0 416.0 256.0 -1 -1 -1 -1000 -1000 -1000 -10 0.8076171875
Pedestrian -1 -1 -10 368.0 167.0 390.0 215.0 -1 -1 -1 -1000 -1000 -1000 -10 0.65771484375
Pedestrian -1 -1 -10 378.0 168.0 404.0 214.0 -1 -1 -1 -1000 -1000 -1000 -10 0.5859375
Pedestrian -1 -1 -10 370.0 167.0 394.0 214.0 -1 -1 -1 -1000 -1000 -1000 -10 0.57568359375
Pedestrian -1 -1 -10 382.0 168.0 409.0 216.0 -1 -1 -1 -1000 -1000 -1000 -10 0.388671875
Pedestrian -1 -1 -10 383.0 166.0 415.0 237.0 -1 -1 -1 -1000 -1000 -1000 -10 0.384033203125
Pedestrian -1 -1 -10 380.0 168.0 410.0 224.0 -1 -1 -1 -1000 -1000 -1000 -10 0.2802734375
Pedestrian -1 -1 -10 362.0 168.0 392.0 240.0 -1 -1 -1 -1000 -1000 -1000 -10 0.257568359375
Pedestrian -1 -1 -10 367.0 166.0 396.0 225.0 -1 -1 -1 -1000 -1000 -1000 -10 0.1932373046875
Pedestrian -1 -1 -10 366.0 167.0 386.0 215.0 -1 -1 -1 -1000 -1000 -1000 -10 0.1473388671875
Pedestrian -1 -1 -10 379.0 164.0 412.0 261.0 -1 -1 -1 -1000 -1000 -1000 -10 0.08624267578125
Pedestrian -1 -1 -10 389.0 163.0 419.0 257.0 -1 -1 -1 -1000 -1000 -1000 -10 0.036407470703125
Pedestrian -1 -1 -10 386.0 166.0 413.0 226.0 -1 -1 -1 -1000 -1000 -1000 -10 0.0301361083984375
Pedestrian -1 -1 -10 373.0 165.0 413.0 223.0 -1 -1 -1 -1000 -1000 -1000 -10 0.004917144775390625
Pedestrian -1 -1 -10 357.0 164.0 387.0 258.0 -1 -1 -1 -1000 -1000 -1000 -10 0.004425048828125
Pedestrian -1 -1 -10 386.0 167.0 409.0 211.0 -1 -1 -1 -1000 -1000 -1000 -10 0.0031681060791015625
Pedestrian -1 -1 -10 352.0 164.0 408.0 260.0 -1 -1 -1 -1000 -1000 -1000 -10 0.0020084381103515625
Car -1 -1 -10 0.0 189.0 28.0 366.0 -1 -1 -1 -1000 -1000 -1000 -10 0.00118255615234375
Car -1 -1 -10 0.0 188.0 34.0 370.0 -1 -1 -1 -1000 -1000 -1000 -10 0.00102996826171875
Car -1 -1 -10 532.0 158.0 572.0 200.0 -1 -1 -1 -1000 -1000 -1000 -10 0.0008859634399414062
Pedestrian -1 -1 -10 390.0 167.0 417.0 237.0 -1 -1 -1 -1000 -1000 -1000 -10 0.0007805824279785156
Car -1 -1 -10 493.0 161.0 508.0 182.0 -1 -1 -1 -1000 -1000 -1000 -10 0.0007715225219726562
Pedestrian -1 -1 -10 372.0 163.0 429.0 258.0 -1 -1 -1 -1000 -1000 -1000 -10 0.000751495361328125
Car -1 -1 -10 0.0 167.0 24.0 361.0 -1 -1 -1 -1000 -1000 -1000 -10 0.0007152557373046875
Car -1 -1 -10 527.0 158.0 567.0 199.0 -1 -1 -1 -1000 -1000 -1000 -10 0.0006227493286132812
Pedestrian -1 -1 -10 382.0 175.0 414.0 241.0 -1 -1 -1 -1000 -1000 -1000 -10 0.0006041526794433594
Car -1 -1 -10 525.0 158.0 559.0 200.0 -1 -1 -1 -1000 -1000 -1000 -10 0.0005712509155273438
Car -1 -1 -10 524.0 148.0 578.0 209.0 -1 -1 -1 -1000 -1000 -1000 -10 0.0003647804260253906
Car -1 -1 -10 0.0 149.0 36.0 370.0 -1 -1 -1 -1000 -1000 -1000 -10 0.0003554821014404297
Pedestrian -1 -1 -10 359.0 176.0 393.0 242.0 -1 -1 -1 -1000 -1000 -1000 -10 0.0003199577331542969
Cyclist -1 -1 -10 445.0 164.0 457.0 190.0 -1 -1 -1 -1000 -1000 -1000 -10 0.0003085136413574219
Pedestrian -1 -1 -10 365.0 165.0 384.0 206.0 -1 -1 -1 -1000 -1000 -1000 -10 0.00030040740966796875
Car -1 -1 -10 319.0 94.0 332.0 106.0 -1 -1 -1 -1000 -1000 -1000 -10 0.000278472900390625
Car -1 -1 -10 523.0 153.0 578.0 216.0 -1 -1 -1 -1000 -1000 -1000 -10 0.000274658203125
Car -1 -1 -10 0.0 213.0 38.0 368.0 -1 -1 -1 -1000 -1000 -1000 -10 0.00025534629821777344
Pedestrian -1 -1 -10 385.0 179.0 415.0 245.0 -1 -1 -1 -1000 -1000 -1000 -10 0.00024330615997314453
Pedestrian -1 -1 -10 363.0 168.0 381.0 213.0 -1 -1 -1 -1000 -1000 -1000 -10 0.00023543834686279297
Car -1 -1 -10 467.0 111.0 632.0 236.0 -1 -1 -1 -1000 -1000 -1000 -10 0.00022852420806884766
Car -1 -1 -10 313.0 97.0 337.0 114.0 -1 -1 -1 -1000 -1000 -1000 -10 0.0002225637435913086
Car -1 -1 -10 317.0 98.0 334.0 114.0 -1 -1 -1 -1000 -1000 -1000 -10 0.00020599365234375
Car -1 -1 -10 520.0 160.0 548.0 195.0 -1 -1 -1 -1000 -1000 -1000 -10 0.00020074844360351562
Pedestrian -1 -1 -10 474.0 167.0 484.0 191.0 -1 -1 -1 -1000 -1000 -1000 -10 0.0001983642578125
Car -1 -1 -10 518.0 159.0 545.0 195.0 -1 -1 -1 -1000 -1000 -1000 -10 0.00019443035125732422
Car -1 -1 -10 465.0 126.0 637.0 262.0 -1 -1 -1 -1000 -1000 -1000 -10 0.00019443035125732422
Car -1 -1 -10 522.0 150.0 586.0 211.0 -1 -1 -1 -1000 -1000 -1000 -10 0.00018095970153808594
Car -1 -1 -10 316.0 94.0 334.0 106.0 -1 -1 -1 -1000 -1000 -1000 -10 0.00017011165618896484
Pedestrian -1 -1 -10 391.0 171.0 416.0 231.0 -1 -1 -1 -1000 -1000 -1000 -10 0.00015807151794433594
Car -1 -1 -10 0.0 155.0 20.0 332.0 -1 -1 -1 -1000 -1000 -1000 -10 0.00014901161193847656
Car -1 -1 -10 491.0 163.0 505.0 185.0 -1 -1 -1 -1000 -1000 -1000 -10 0.00014638900756835938
Car -1 -1 -10 623.0 0.0 678.0 54.0 -1 -1 -1 -1000 -1000 -1000 -10 0.00013375282287597656
Pedestrian -1 -1 -10 440.0 165.0 450.0 190.0 -1 -1 -1 -1000 -1000 -1000 -10 0.00011771917343139648
Car -1 -1 -10 0.0 198.0 54.0 363.0 -1 -1 -1 -1000 -1000 -1000 -10 0.00011116266250610352
Car -1 -1 -10 526.0 164.0 557.0 202.0 -1 -1 -1 -1000 -1000 -1000 -10 0.00010567903518676758
Pedestrian -1 -1 -10 469.0 169.0 481.0 193.0 -1 -1 -1 -1000 -1000 -1000 -10 0.0001017451286315918
