Pedestrian -1 -1 -10 533.0 155.0 594.0 300.0 -1 -1 -1 -1000 -1000 -1000 -10 0.908203125
Pedestrian -1 -1 -10 530.0 158.0 580.0 301.0 -1 -1 -1 -1000 -1000 -1000 -10 0.0013427734375
Pedestrian -1 -1 -10 500.0 154.0 615.0 301.0 -1 -1 -1 -1000 -1000 -1000 -10 0.0013380050659179688
Pedestrian -1 -1 -10 519.0 155.0 629.0 301.0 -1 -1 -1 -1000 -1000 -1000 -10 0.0008807182312011719
Car -1 -1 -10 775.0 51.0 792.0 66.0 -1 -1 -1 -1000 -1000 -1000 -10 0.0008568763732910156
Car -1 -1 -10 771.0 50.0 796.0 66.0 -1 -1 -1 -1000 -1000 -1000 -10 0.0007848739624023438
Pedestrian -1 -1 -10 531.0 152.0 589.0 283.0 -1 -1 -1 -1000 -1000 -1000 -10 0.00026106834411621094
Car -1 -1 -10 663.0 52.0 694.0 73.0 -1 -1 -1 -1000 -1000 -1000 -10 0.00024962425231933594
Pedestrian -1 -1 -10 521.0 164.0 576.0 305.0 -1 -1 -1 -1000 -1000 -1000 -10 0.00020325183868408203
Pedestrian -1 -1 -10 0.0 173.0 17.0 345.0 -1 -1 -1 -1000 -1000 -1000 -10 0.0001722574234008789
Car -1 -1 -10 660.0 52.0 696.0 74.0 -1 -1 -1 -1000 -1000 -1000 -10 0.00016176700592041016
Pedestrian -1 -1 -10 513.0 160.0 581.0 307.0 -1 -1 -1 -1000 -1000 -1000 -10 0.00014889240264892578
Pedestrian -1 -1 -10 0.0 157.0 15.0 319.0 -1 -1 -1 -1000 -1000 -1000 -10 0.00013530254364013672
Car -1 -1 -10 656.0 52.0 699.0 75.0 -1 -1 -1 -1000 -1000 -1000 -10 0.0001322031021118164
Pedestrian -1 -1 -10 0.0 145.0 15.0 293.0 -1 -1 -1 -1000 -1000 -1000 -10 0.0001131892204284668
