Car -1 -1 -10 511.0 160.0 548.0 195.0 -1 -1 -1 -1000 -1000 -1000 -10 0.9296875
Car -1 -1 -10 531.0 163.0 561.0 188.0 -1 -1 -1 -1000 -1000 -1000 -10 0.9111328125
Car -1 -1 -10 1137.0 156.0 1224.0 214.0 -1 -1 -1 -1000 -1000 -1000 -10 0.900390625
Car -1 -1 -10 571.0 165.0 591.0 180.0 -1 -1 -1 -1000 -1000 -1000 -10 0.859375
Pedestrian -1 -1 -10 972.0 156.0 1000.0 218.0 -1 -1 -1 -1000 -1000 -1000 -10 0.77978515625
Pedestrian -1 -1 -10 975.0 156.0 1002.0 216.0 -1 -1 -1 -1000 -1000 -1000 -10 0.62255859375
Car -1 -1 -10 533.0 166.0 560.0 189.0 -1 -1 -1 -1000 -1000 -1000 -10 0.60498046875
Pedestrian -1 -1 -10 968.0 156.0 995.0 219.0 -1 -1 -1 -1000 -1000 -1000 -10 0.354736328125
Pedestrian -1 -1 -10 978.0 157.0 1005.0 217.0 -1 -1 -1 -1000 -1000 -1000 -10 0.1690673828125
Car -1 -1 -10 514.0 161.0 550.0 192.0 -1 -1 -1 -1000 -1000 -1000 -10 0.12371826171875
Car -1 -1 -10 533.0 163.0 559.0 185.0 -1 -1 -1 -1000 -1000 -1000 -10 0.1114501953125
Car -1 -1 -10 1200.0 162.0 1223.0 205.0 -1 -1 -1 -1000 -1000 -1000 -10 0.0257720947265625
Car -1 -1 -10 1210.0 160.0 1224.0 204.0 -1 -1 -1 -1000 -1000 -1000 -10 0.0213775634765625
Pedestrian -1 -1 -10 984.0 157.0 1007.0 216.0 -1 -1 -1 -1000 -1000 -1000 -10 0.0207672119140625
Car -1 -1 -10 1135.0 153.0 1224.0 205.0 -1 -1 -1 -1000 -1000 -1000 -10 0.018463134765625
Car -1 -1 -10 1208.0 162.0 1223.0 213.0 -1 -1 -1 -1000 -1000 -1000 -10 0.014495849609375
Car -1 -1 -10 596.0 167.0 617.0 178.0 -1 -1 -1 -1000 -1000 -1000 -10 0.014251708984375
Car -1 -1 -10 1193.0 165.0 1224.0 207.0 -1 -1 -1 -1000 -1000 -1000 -10 0.01367950439453125
Pedestrian -1 -1 -10 971.0 162.0 996.0 219.0 -1 -1 -1 -1000 -1000 -1000 -10 0.0111541748046875
Car -1 -1 -10 1198.0 164.0 1223.0 211.0 -1 -1 -1 -1000 -1000 -1000 -10 0.011138916015625
Pedestrian -1 -1 -10 959.0 154.0 982.0 214.0 -1 -1 -1 -1000 -1000 -1000 -10 0.00925445556640625
Pedestrian -1 -1 -10 959.0 157.0 984.0 220.0 -1 -1 -1 -1000 -1000 -1000 -10 0.00722503662109375
Car -1 -1 -10 1210.0 152.0 1224.0 199.0 -1 -1 -1 -1000 -1000 -1000 -10 0.006061553955078125
Car -1 -1 -10 508.0 162.0 539.0 191.0 -1 -1 -1 -1000 -1000 -1000 -10 0.005817413330078125
Car -1 -1 -10 1141.0 165.0 1224.0 217.0 -1 -1 -1 -1000 -1000 -1000 -10 0.004840850830078125
Car -1 -1 -10 583.0 167.0 607.0 180.0 -1 -1 -1 -1000 -1000 -1000 -10 0.004558563232421875
Car -1 -1 -10 561.0 165.0 579.0 180.0 -1 -1 -1 -1000 -1000 -1000 -10 0.0031642913818359375
Pedestrian -1 -1 -10 980.0 163.0 1006.0 219.0 -1 -1 -1 -1000 -1000 -1000 -10 0.002162933349609375
Car -1 -1 -10 1209.0 168.0 1224.0 220.0 -1 -1 -1 -1000 -1000 -1000 -10 0.0020503997802734375
Car -1 -1 -10 1199.0 154.0 1223.0 197.0 -1 -1 -1 -1000 -1000 -1000 -10 0.0020465850830078125
Pedestrian -1 -1 -10 967.0 158.0 1005.0 217.0 -1 -1 -1 -1000 -1000 -1000 -10 0.001953125
Car -1 -1 -10 1163.0 161.0 1224.0 208.0 -1 -1 -1 -1000 -1000 -1000 -10 0.001953125
Car -1 -1 -10 1204.0 143.0 1224.0 197.0 -1 -1 -1 -1000 -1000 -1000 -10 0.0017518997192382812
Pedestrian -1 -1 -10 951.0 162.0 975.0 218.0 -1 -1 -1 -1000 -1000 -1000 -10 0.0015420913696289062
Car -1 -1 -10 603.0 167.0 618.0 179.0 -1 -1 -1 -1000 -1000 -1000 -10 0.001438140869140625
Pedestrian -1 -1 -10 966.0 161.0 990.0 222.0 -1 -1 -1 -1000 -1000 -1000 -10 0.0013980865478515625
Car -1 -1 -10 555.0 168.0 570.0 182.0 -1 -1 -1 -1000 -1000 -1000 -10 0.0011920928955078125
Pedestrian -1 -1 -10 935.0 163.0 952.0 205.0 -1 -1 -1 -1000 -1000 -1000 -10 0.0011577606201171875
Pedestrian -1 -1 -10 949.0 160.0 972.0 210.0 -1 -1 -1 -1000 -1000 -1000 -10 0.0011529922485351562
Car -1 -1 -10 517.0 159.0 553.0 196.0 -1 -1 -1 -1000 -1000 -1000 -10 0.0009441375732421875
Car -1 -1 -10 1146.0 155.0 1224.0 201.0 -1 -1 -1 -1000 -1000 -1000 -10 0.0009021759033203125
Pedestrian -1 -1 -10 998.0 155.0 1017.0 211.0 -1 -1 -1 -1000 -1000 -1000 -10 0.0008492469787597656
Pedestrian -1 -1 -10 936.0 163.0 951.0 211.0 -1 -1 -1 -1000 -1000 -1000 -10 0.0008478164672851562
Pedestrian -1 -1 -10 949.0 158.0 966.0 207.0 -1 -1 -1 -1000 -1000 -1000 -10 0.0007877349853515625
Car -1 -1 -10 536.0 171.0 558.0 189.0 -1 -1 -1 -1000 -1000 -1000 -10 0.0007472038269042969
Car -1 -1 -10 1197.0 145.0 1224.0 195.0 -1 -1 -1 -1000 -1000 -1000 -10 0.0007390975952148438
Pedestrian -1 -1 -10 948.0 159.0 968.0 207.0 -1 -1 -1 -1000 -1000 -1000 -10 0.0007052421569824219
Pedestrian -1 -1 -10 949.0 162.0 965.0 214.0 -1 -1 -1 -1000 -1000 -1000 -10 0.0007023811340332031
Car -1 -1 -10 1197.0 169.0 1223.0 216.0 -1 -1 -1 -1000 -1000 -1000 -10 0.0006465911865234375
Car -1 -1 -10 1199.0 171.0 1222.0 214.0 -1 -1 -1 -1000 -1000 -1000 -10 0.0006265640258789062
Car -1 -1 -10 1211.0 140.0 1224.0 193.0 -1 -1 -1 -1000 -1000 -1000 -10 0.0005931854248046875
Car -1 -1 -10 538.0 167.0 562.0 187.0 -1 -1 -1 -1000 -1000 -1000 -10 0.0005922317504882812
Pedestrian -1 -1 -10 948.0 162.0 968.0 216.0 -1 -1 -1 -1000 -1000 -1000 -10 0.0005645751953125
Car -1 -1 -10 1098.0 134.0 1224.0 251.0 -1 -1 -1 -1000 -1000 -1000 -10 0.0005321502685546875
Car -1 -1 -10 513.0 163.0 547.0 197.0 -1 -1 -1 -1000 -1000 -1000 -10 0.00048470497131347656
Pedestrian -1 -1 -10 996.0 158.0 1016.0 215.0 -1 -1 -1 -1000 -1000 -1000 -10 0.00048160552978515625
Car -1 -1 -10 1213.0 144.0 1224.0 189.0 -1 -1 -1 -1000 -1000 -1000 -10 0.0004410743713378906
Pedestrian -1 -1 -10 945.0 158.0 973.0 213.0 -1 -1 -1 -1000 -1000 -1000 -10 0.00043129920959472656
Car -1 -1 -10 531.0 159.0 562.0 192.0 -1 -1 -1 -1000 -1000 -1000 -10 0.0004284381866455078
Car -1 -1 -10 1204.0 164.0 1224.0 236.0 -1 -1 -1 -1000 -1000 -1000 -10 0.0004131793975830078
Car -1 -1 -10 1197.0 136.0 1224.0 203.0 -1 -1 -1 -1000 -1000 -1000 -10 0.0004019737243652344
Car -1 -1 -10 1159.0 140.0 1224.0 204.0 -1 -1 -1 -1000 -1000 -1000 -10 0.00033974647521972656
Car -1 -1 -10 1105.0 130.0 1224.0 230.0 -1 -1 -1 -1000 -1000 -1000 -10 0.0003058910369873047
Pedestrian -1 -1 -10 981.0 153.0 1002.0 204.0 -1 -1 -1 -1000 -1000 -1000 -10 0.0002980232238769531
Car -1 -1 -10 570.0 161.0 594.0 189.0 -1 -1 -1 -1000 -1000 -1000 -10 0.0002799034118652344
Car -1 -1 -10 1197.0 165.0 1224.0 236.0 -1 -1 -1 -1000 -1000 -1000 -10 0.00026869773864746094
Car -1 -1 -10 1121.0 127.0 1224.0 230.0 -1 -1 -1 -1000 -1000 -1000 -10 0.00026607513427734375
Pedestrian -1 -1 -10 973.0 152.0 995.0 208.0 -1 -1 -1 -1000 -1000 -1000 -10 0.0002570152282714844
Car -1 -1 -10 1119.0 137.0 1224.0 249.0 -1 -1 -1 -1000 -1000 -1000 -10 0.0002338886260986328
Pedestrian -1 -1 -10 959.0 158.0 1002.0 215.0 -1 -1 -1 -1000 -1000 -1000 -10 0.00022840499877929688
Car -1 -1 -10 1138.0 142.0 1222.0 204.0 -1 -1 -1 -1000 -1000 -1000 -10 0.00020563602447509766
Car -1 -1 -10 501.0 162.0 532.0 190.0 -1 -1 -1 -1000 -1000 -1000 -10 0.00018465518951416016
Pedestrian -1 -1 -10 965.0 149.0 988.0 209.0 -1 -1 -1 -1000 -1000 -1000 -10 0.00017905235290527344
Car -1 -1 -10 1132.0 154.0 1214.0 203.0 -1 -1 -1 -1000 -1000 -1000 -10 0.00016188621520996094
Pedestrian -1 -1 -10 957.0 163.0 981.0 224.0 -1 -1 -1 -1000 -1000 -1000 -10 0.00015926361083984375
Car -1 -1 -10 1172.0 160.0 1220.0 207.0 -1 -1 -1 -1000 -1000 -1000 -10 0.00015747547149658203
Car -1 -1 -10 1153.0 157.0 1203.0 208.0 -1 -1 -1 -1000 -1000 -1000 -10 0.00014913082122802734
Pedestrian -1 -1 -10 928.0 159.0 944.0 205.0 -1 -1 -1 -1000 -1000 -1000 -10 0.00014269351959228516
Car -1 -1 -10 570.0 161.0 590.0 178.0 -1 -1 -1 -1000 -1000 -1000 -10 0.00014257431030273438
Car -1 -1 -10 510.0 146.0 565.0 204.0 -1 -1 -1 -1000 -1000 -1000 -10 0.00012874603271484375
Pedestrian -1 -1 -10 1048.0 159.0 1061.0 203.0 -1 -1 -1 -1000 -1000 -1000 -10 0.00012153387069702148
Car -1 -1 -10 1169.0 153.0 1223.0 196.0 -1 -1 -1 -1000 -1000 -1000 -10 0.0001150965690612793
Car -1 -1 -10 567.0 167.0 592.0 184.0 -1 -1 -1 -1000 -1000 -1000 -10 0.00011271238327026367
Pedestrian -1 -1 -10 990.0 165.0 1010.0 218.0 -1 -1 -1 -1000 -1000 -1000 -10 0.00010716915130615234
Pedestrian -1 -1 -10 979.0 151.0 998.0 196.0 -1 -1 -1 -1000 -1000 -1000 -10 0.00010532140731811523
Pedestrian -1 -1 -10 929.0 163.0 951.0 217.0 -1 -1 -1 -1000 -1000 -1000 -10 0.00010406970977783203
Car -1 -1 -10 1204.0 108.0 1224.0 175.0 -1 -1 -1 -1000 -1000 -1000 -10 0.00010246038436889648
