Car -1 -1 -10 939.0 182.0 1242.0 322.0 -1 -1 -1 -1000 -1000 -1000 -10 0.9677734375
Car -1 -1 -10 609.0 180.0 724.0 257.0 -1 -1 -1 -1000 -1000 -1000 -10 0.96728515625
Car -1 -1 -10 522.0 184.0 576.0 219.0 -1 -1 -1 -1000 -1000 -1000 -10 0.947265625
Car -1 -1 -10 470.0 178.0 532.0 205.0 -1 -1 -1 -1000 -1000 -1000 -10 0.9453125
Car -1 -1 -10 571.0 177.0 634.0 205.0 -1 -1 -1 -1000 -1000 -1000 -10 0.9443359375
Cyclist -1 -1 -10 385.0 182.0 415.0 249.0 -1 -1 -1 -1000 -1000 -1000 -10 0.92333984375
Car -1 -1 -10 674.0 177.0 718.0 197.0 -1 -1 -1 -1000 -1000 -1000 -10 0.8798828125
Car -1 -1 -10 621.0 176.0 679.0 201.0 -1 -1 -1 -1000 -1000 -1000 -10 0.08233642578125
Car -1 -1 -10 670.0 177.0 713.0 197.0 -1 -1 -1 -1000 -1000 -1000 -10 0.02203369140625
Car -1 -1 -10 677.0 178.0 721.0 198.0 -1 -1 -1 -1000 -1000 -1000 -10 0.01465606689453125
Car -1 -1 -10 402.0 360.0 494.0 375.0 -1 -1 -1 -1000 -1000 -1000 -10 0.005672454833984375
Car -1 -1 -10 623.0 175.0 673.0 198.0 -1 -1 -1 -1000 -1000 -1000 -10 0.00433349609375
Car -1 -1 -10 385.0 357.0 492.0 375.0 -1 -1 -1 -1000 -1000 -1000 -10 0.003993988037109375
Car -1 -1 -10 386.0 362.0 478.0 375.0 -1 -1 -1 -1000 -1000 -1000 -10 0.00251007080078125
Car -1 -1 -10 614.0 179.0 717.0 243.0 -1 -1 -1 -1000 -1000 -1000 -10 0.0011281967163085938
Car -1 -1 -10 388.0 364.0 478.0 375.0 -1 -1 -1 -1000 -1000 -1000 -10 0.0011167526245117188
Car -1 -1 -10 514.0 169.0 580.0 234.0 -1 -1 -1 -1000 -1000 -1000 -10 0.0011081695556640625
Car -1 -1 -10 667.0 179.0 708.0 198.0 -1 -1 -1 -1000 -1000 -1000 -10 0.0008974075317382812
Car -1 -1 -10 578.0 178.0 629.0 204.0 -1 -1 -1 -1000 -1000 -1000 -10 0.0008363723754882812
Car -1 -1 -10 1221.0 177.0 1242.0 263.0 -1 -1 -1 -1000 -1000 -1000 -10 0.0008249282836914062
Car -1 -1 -10 603.0 173.0 733.0 271.0 -1 -1 -1 -1000 -1000 -1000 -10 0.0008063316345214844
Car -1 -1 -10 396.0 362.0 490.0 375.0 -1 -1 -1 -1000 -1000 -1000 -10 0.0007991790771484375
Car -1 -1 -10 409.0 360.0 497.0 375.0 -1 -1 -1 -1000 -1000 -1000 -10 0.0007238388061523438
Car -1 -1 -10 669.0 177.0 706.0 197.0 -1 -1 -1 -1000 -1000 -1000 -10 0.0007205009460449219
Car -1 -1 -10 524.0 181.0 575.0 211.0 -1 -1 -1 -1000 -1000 -1000 -10 0.00069427490234375
Car -1 -1 -10 476.0 179.0 528.0 204.0 -1 -1 -1 -1000 -1000 -1000 -10 0.0006585121154785156
Car -1 -1 -10 469.0 175.0 533.0 210.0 -1 -1 -1 -1000 -1000 -1000 -10 0.000652313232421875
Car -1 -1 -10 670.0 174.0 720.0 209.0 -1 -1 -1 -1000 -1000 -1000 -10 0.0006394386291503906
Car -1 -1 -10 673.0 172.0 719.0 202.0 -1 -1 -1 -1000 -1000 -1000 -10 0.0006389617919921875
Car -1 -1 -10 1219.0 179.0 1242.0 292.0 -1 -1 -1 -1000 -1000 -1000 -10 0.000518798828125
Car -1 -1 -10 1221.0 167.0 1242.0 238.0 -1 -1 -1 -1000 -1000 -1000 -10 0.0004925727844238281
Cyclist -1 -1 -10 379.0 187.0 418.0 246.0 -1 -1 -1 -1000 -1000 -1000 -10 0.0004832744598388672
Car -1 -1 -10 557.0 282.0 610.0 310.0 -1 -1 -1 -1000 -1000 -1000 -10 0.00047469139099121094
Pedestrian -1 -1 -10 0.0 187.0 25.0 373.0 -1 -1 -1 -1000 -1000 -1000 -10 0.0004699230194091797
Car -1 -1 -10 1214.0 175.0 1242.0 268.0 -1 -1 -1 -1000 -1000 -1000 -10 0.0004696846008300781
Cyclist -1 -1 -10 386.0 186.0 409.0 216.0 -1 -1 -1 -1000 -1000 -1000 -10 0.0004069805145263672
Car -1 -1 -10 468.0 177.0 524.0 202.0 -1 -1 -1 -1000 -1000 -1000 -10 0.0004055500030517578
Car -1 -1 -10 626.0 177.0 675.0 199.0 -1 -1 -1 -1000 -1000 -1000 -10 0.0003879070281982422
Car -1 -1 -10 445.0 135.0 615.0 275.0 -1 -1 -1 -1000 -1000 -1000 -10 0.0003762245178222656
Car -1 -1 -10 620.0 178.0 670.0 202.0 -1 -1 -1 -1000 -1000 -1000 -10 0.0003559589385986328
Car -1 -1 -10 557.0 283.0 609.0 315.0 -1 -1 -1 -1000 -1000 -1000 -10 0.0003533363342285156
Car -1 -1 -10 1214.0 178.0 1242.0 295.0 -1 -1 -1 -1000 -1000 -1000 -10 0.0003402233123779297
Car -1 -1 -10 478.0 132.0 633.0 246.0 -1 -1 -1 -1000 -1000 -1000 -10 0.0003371238708496094
Car -1 -1 -10 570.0 174.0 636.0 210.0 -1 -1 -1 -1000 -1000 -1000 -10 0.000316619873046875
Car -1 -1 -10 385.0 362.0 490.0 375.0 -1 -1 -1 -1000 -1000 -1000 -10 0.0003159046173095703
Car -1 -1 -10 1228.0 181.0 1242.0 266.0 -1 -1 -1 -1000 -1000 -1000 -10 0.00028228759765625
Car -1 -1 -10 706.0 173.0 760.0 195.0 -1 -1 -1 -1000 -1000 -1000 -10 0.00027179718017578125
Car -1 -1 -10 467.0 132.0 643.0 278.0 -1 -1 -1 -1000 -1000 -1000 -10 0.0002663135528564453
Cyclist -1 -1 -10 384.0 184.0 407.0 227.0 -1 -1 -1 -1000 -1000 -1000 -10 0.0002651214599609375
Car -1 -1 -10 1190.0 172.0 1242.0 248.0 -1 -1 -1 -1000 -1000 -1000 -10 0.00026345252990722656
Pedestrian -1 -1 -10 1.0 180.0 42.0 375.0 -1 -1 -1 -1000 -1000 -1000 -10 0.0002605915069580078
Car -1 -1 -10 1227.0 175.0 1241.0 254.0 -1 -1 -1 -1000 -1000 -1000 -10 0.00025534629821777344
Car -1 -1 -10 1199.0 175.0 1241.0 264.0 -1 -1 -1 -1000 -1000 -1000 -10 0.0002548694610595703
Car -1 -1 -10 1214.0 169.0 1242.0 237.0 -1 -1 -1 -1000 -1000 -1000 -10 0.0002510547637939453
Car -1 -1 -10 1221.0 152.0 1241.0 220.0 -1 -1 -1 -1000 -1000 -1000 -10 0.0002460479736328125
Car -1 -1 -10 1215.0 162.0 1242.0 246.0 -1 -1 -1 -1000 -1000 -1000 -10 0.00024306774139404297
Car -1 -1 -10 1212.0 173.0 1242.0 256.0 -1 -1 -1 -1000 -1000 -1000 -10 0.00023877620697021484
Car -1 -1 -10 410.0 359.0 485.0 375.0 -1 -1 -1 -1000 -1000 -1000 -10 0.0002353191375732422
Cyclist -1 -1 -10 383.0 186.0 412.0 251.0 -1 -1 -1 -1000 -1000 -1000 -10 0.00023305416107177734
Car -1 -1 -10 554.0 287.0 608.0 314.0 -1 -1 -1 -1000 -1000 -1000 -10 0.0002294778823852539
Car -1 -1 -10 1228.0 170.0 1242.0 238.0 -1 -1 -1 -1000 -1000 -1000 -10 0.00021648406982421875
Car -1 -1 -10 668.0 182.0 712.0 205.0 -1 -1 -1 -1000 -1000 -1000 -10 0.00021004676818847656
Car -1 -1 -10 637.0 172.0 712.0 210.0 -1 -1 -1 -1000 -1000 -1000 -10 0.00020897388458251953
Car -1 -1 -10 948.0 178.0 1238.0 290.0 -1 -1 -1 -1000 -1000 -1000 -10 0.0002033710479736328
Car -1 -1 -10 1197.0 167.0 1241.0 234.0 -1 -1 -1 -1000 -1000 -1000 -10 0.00019812583923339844
Car -1 -1 -10 697.0 177.0 731.0 196.0 -1 -1 -1 -1000 -1000 -1000 -10 0.00019562244415283203
Car -1 -1 -10 1220.0 179.0 1242.0 329.0 -1 -1 -1 -1000 -1000 -1000 -10 0.0001932382583618164
Car -1 -1 -10 707.0 176.0 759.0 198.0 -1 -1 -1 -1000 -1000 -1000 -10 0.00019216537475585938
Cyclist -1 -1 -10 385.0 183.0 411.0 233.0 -1 -1 -1 -1000 -1000 -1000 -10 0.00018918514251708984
Car -1 -1 -10 1192.0 181.0 1242.0 296.0 -1 -1 -1 -1000 -1000 -1000 -10 0.00016891956329345703
Car -1 -1 -10 1229.0 165.0 1242.0 224.0 -1 -1 -1 -1000 -1000 -1000 -10 0.00016689300537109375
Car -1 -1 -10 396.0 355.0 503.0 375.0 -1 -1 -1 -1000 -1000 -1000 -10 0.00016045570373535156
Car -1 -1 -10 716.0 175.0 764.0 196.0 -1 -1 -1 -1000 -1000 -1000 -10 0.00015914440155029297
Pedestrian -1 -1 -10 0.0 151.0 27.0 375.0 -1 -1 -1 -1000 -1000 -1000 -10 0.00015735626220703125
Car -1 -1 -10 1214.0 164.0 1242.0 223.0 -1 -1 -1 -1000 -1000 -1000 -10 0.0001569986343383789
Car -1 -1 -10 1215.0 178.0 1242.0 332.0 -1 -1 -1 -1000 -1000 -1000 -10 0.0001500844955444336
Car -1 -1 -10 1229.0 172.0 1242.0 216.0 -1 -1 -1 -1000 -1000 -1000 -10 0.00013697147369384766
Car -1 -1 -10 1228.0 179.0 1242.0 228.0 -1 -1 -1 -1000 -1000 -1000 -10 0.00013530254364013672
Car -1 -1 -10 1190.0 158.0 1241.0 220.0 -1 -1 -1 -1000 -1000 -1000 -10 0.0001342296600341797
Car -1 -1 -10 1193.0 152.0 1241.0 215.0 -1 -1 -1 -1000 -1000 -1000 -10 0.0001277923583984375
Car -1 -1 -10 1032.0 193.0 1144.0 305.0 -1 -1 -1 -1000 -1000 -1000 -10 0.00012362003326416016
Pedestrian -1 -1 -10 0.0 192.0 48.0 375.0 -1 -1 -1 -1000 -1000 -1000 -10 0.0001208186149597168
Pedestrian -1 -1 -10 0.0 213.0 30.0 373.0 -1 -1 -1 -1000 -1000 -1000 -10 0.00011986494064331055
Car -1 -1 -10 1228.0 186.0 1242.0 241.0 -1 -1 -1 -1000 -1000 -1000 -10 0.00011461973190307617
Car -1 -1 -10 621.0 175.0 695.0 227.0 -1 -1 -1 -1000 -1000 -1000 -10 0.00011444091796875
Car -1 -1 -10 635.0 178.0 693.0 202.0 -1 -1 -1 -1000 -1000 -1000 -10 0.00011289119720458984
Car -1 -1 -10 1214.0 155.0 1242.0 218.0 -1 -1 -1 -1000 -1000 -1000 -10 0.00011265277862548828
Car -1 -1 -10 1161.0 174.0 1241.0 251.0 -1 -1 -1 -1000 -1000 -1000 -10 0.00011014938354492188
Car -1 -1 -10 401.0 357.0 498.0 375.0 -1 -1 -1 -1000 -1000 -1000 -10 0.00010991096496582031
Car -1 -1 -10 719.0 172.0 770.0 195.0 -1 -1 -1 -1000 -1000 -1000 -10 0.0001087188720703125
Car -1 -1 -10 382.0 365.0 466.0 375.0 -1 -1 -1 -1000 -1000 -1000 -10 0.00010842084884643555
Car -1 -1 -10 1214.0 143.0 1242.0 231.0 -1 -1 -1 -1000 -1000 -1000 -10 0.00010496377944946289
