Car -1 -1 -10 708.0 178.0 767.0 229.0 -1 -1 -1 -1000 -1000 -1000 -10 0.9599609375
Car -1 -1 -10 119.0 199.0 177.0 234.0 -1 -1 -1 -1000 -1000 -1000 -10 0.9345703125
Car -1 -1 -10 0.0 210.0 88.0 337.0 -1 -1 -1 -1000 -1000 -1000 -10 0.93017578125
Car -1 -1 -10 790.0 181.0 825.0 201.0 -1 -1 -1 -1000 -1000 -1000 -10 0.91845703125
Car -1 -1 -10 0.0 198.0 104.0 256.0 -1 -1 -1 -1000 -1000 -1000 -10 0.8818359375
Car -1 -1 -10 348.0 182.0 381.0 208.0 -1 -1 -1 -1000 -1000 -1000 -10 0.87109375
Car -1 -1 -10 317.0 187.0 358.0 215.0 -1 -1 -1 -1000 -1000 -1000 -10 0.84765625
Car -1 -1 -10 0.0 204.0 102.0 263.0 -1 -1 -1 -1000 -1000 -1000 -10 0.8466796875
Car -1 -1 -10 854.0 175.0 883.0 191.0 -1 -1 -1 -1000 -1000 -1000 -10 0.7236328125
Car -1 -1 -10 311.0 185.0 356.0 216.0 -1 -1 -1 -1000 -1000 -1000 -10 0.444091796875
Car -1 -1 -10 857.0 177.0 883.0 192.0 -1 -1 -1 -1000 -1000 -1000 -10 0.388671875
Car -1 -1 -10 0.0 204.0 90.0 280.0 -1 -1 -1 -1000 -1000 -1000 -10 0.31982421875
Car -1 -1 -10 855.0 173.0 884.0 189.0 -1 -1 -1 -1000 -1000 -1000 -10 0.29296875
Car -1 -1 -10 853.0 175.0 880.0 191.0 -1 -1 -1 -1000 -1000 -1000 -10 0.27734375
Car -1 -1 -10 855.0 178.0 881.0 193.0 -1 -1 -1 -1000 -1000 -1000 -10 0.14990234375
Car -1 -1 -10 845.0 176.0 875.0 192.0 -1 -1 -1 -1000 -1000 -1000 -10 0.1007080078125
Car -1 -1 -10 324.0 187.0 360.0 213.0 -1 -1 -1 -1000 -1000 -1000 -10 0.031402587890625
Car -1 -1 -10 356.0 181.0 387.0 205.0 -1 -1 -1 -1000 -1000 -1000 -10 0.024658203125
Car -1 -1 -10 363.0 180.0 392.0 204.0 -1 -1 -1 -1000 -1000 -1000 -10 0.020172119140625
Car -1 -1 -10 860.0 174.0 889.0 190.0 -1 -1 -1 -1000 -1000 -1000 -10 0.01544952392578125
Car -1 -1 -10 320.0 191.0 358.0 216.0 -1 -1 -1 -1000 -1000 -1000 -10 0.0107574462890625
Car -1 -1 -10 844.0 178.0 869.0 192.0 -1 -1 -1 -1000 -1000 -1000 -10 0.0095672607421875
Car -1 -1 -10 863.0 170.0 891.0 185.0 -1 -1 -1 -1000 -1000 -1000 -10 0.009124755859375
Car -1 -1 -10 0.0 209.0 52.0 271.0 -1 -1 -1 -1000 -1000 -1000 -10 0.0085601806640625
Car -1 -1 -10 121.0 196.0 180.0 231.0 -1 -1 -1 -1000 -1000 -1000 -10 0.00846099853515625
Car -1 -1 -10 362.0 182.0 389.0 204.0 -1 -1 -1 -1000 -1000 -1000 -10 0.006938934326171875
Car -1 -1 -10 0.0 208.0 34.0 271.0 -1 -1 -1 -1000 -1000 -1000 -10 0.0055084228515625
Car -1 -1 -10 320.0 183.0 360.0 212.0 -1 -1 -1 -1000 -1000 -1000 -10 0.005100250244140625
Car -1 -1 -10 1.0 196.0 102.0 240.0 -1 -1 -1 -1000 -1000 -1000 -10 0.00482177734375
Car -1 -1 -10 858.0 169.0 886.0 184.0 -1 -1 -1 -1000 -1000 -1000 -10 0.0037078857421875
Car -1 -1 -10 0.0 202.0 93.0 295.0 -1 -1 -1 -1000 -1000 -1000 -10 0.003513336181640625
Car -1 -1 -10 4.0 209.0 81.0 273.0 -1 -1 -1 -1000 -1000 -1000 -10 0.0023708343505859375
Car -1 -1 -10 853.0 172.0 884.0 193.0 -1 -1 -1 -1000 -1000 -1000 -10 0.0018777847290039062
Car -1 -1 -10 0.0 207.0 12.0 278.0 -1 -1 -1 -1000 -1000 -1000 -10 0.0016565322875976562
Car -1 -1 -10 6.0 210.0 94.0 318.0 -1 -1 -1 -1000 -1000 -1000 -10 0.0014467239379882812
Car -1 -1 -10 1.0 211.0 45.0 268.0 -1 -1 -1 -1000 -1000 -1000 -10 0.0014400482177734375
Car -1 -1 -10 0.0 201.0 24.0 265.0 -1 -1 -1 -1000 -1000 -1000 -10 0.0014028549194335938
Car -1 -1 -10 0.0 207.0 15.0 278.0 -1 -1 -1 -1000 -1000 -1000 -10 0.0013608932495117188
Car -1 -1 -10 868.0 172.0 900.0 189.0 -1 -1 -1 -1000 -1000 -1000 -10 0.0012979507446289062
Car -1 -1 -10 0.0 203.0 30.0 258.0 -1 -1 -1 -1000 -1000 -1000 -10 0.0010843276977539062
Car -1 -1 -10 838.0 177.0 867.0 193.0 -1 -1 -1 -1000 -1000 -1000 -10 0.0010776519775390625
Car -1 -1 -10 862.0 177.0 888.0 193.0 -1 -1 -1 -1000 -1000 -1000 -10 0.0010614395141601562
Car -1 -1 -10 852.0 169.0 879.0 185.0 -1 -1 -1 -1000 -1000 -1000 -10 0.0010595321655273438
Car -1 -1 -10 0.0 207.0 99.0 341.0 -1 -1 -1 -1000 -1000 -1000 -10 0.0010499954223632812
Car -1 -1 -10 0.0 212.0 30.0 289.0 -1 -1 -1 -1000 -1000 -1000 -10 0.0010442733764648438
Car -1 -1 -10 791.0 184.0 825.0 203.0 -1 -1 -1 -1000 -1000 -1000 -10 0.0009965896606445312
Car -1 -1 -10 347.0 186.0 382.0 211.0 -1 -1 -1 -1000 -1000 -1000 -10 0.00095367431640625
Car -1 -1 -10 747.0 181.0 772.0 201.0 -1 -1 -1 -1000 -1000 -1000 -10 0.0009398460388183594
Car -1 -1 -10 0.0 205.0 72.0 343.0 -1 -1 -1 -1000 -1000 -1000 -10 0.0009112358093261719
Car -1 -1 -10 0.0 203.0 14.0 270.0 -1 -1 -1 -1000 -1000 -1000 -10 0.0008788108825683594
Car -1 -1 -10 5.0 199.0 110.0 251.0 -1 -1 -1 -1000 -1000 -1000 -10 0.0008587837219238281
Car -1 -1 -10 317.0 184.0 360.0 220.0 -1 -1 -1 -1000 -1000 -1000 -10 0.0008425712585449219
Car -1 -1 -10 113.0 182.0 182.0 247.0 -1 -1 -1 -1000 -1000 -1000 -10 0.0008401870727539062
Car -1 -1 -10 116.0 199.0 172.0 231.0 -1 -1 -1 -1000 -1000 -1000 -10 0.0007662773132324219
Car -1 -1 -10 0.0 213.0 10.0 271.0 -1 -1 -1 -1000 -1000 -1000 -10 0.0006546974182128906
Car -1 -1 -10 705.0 171.0 769.0 236.0 -1 -1 -1 -1000 -1000 -1000 -10 0.0006427764892578125
Car -1 -1 -10 788.0 178.0 824.0 207.0 -1 -1 -1 -1000 -1000 -1000 -10 0.0006399154663085938
Car -1 -1 -10 0.0 210.0 12.0 292.0 -1 -1 -1 -1000 -1000 -1000 -10 0.0006308555603027344
Car -1 -1 -10 2.0 206.0 81.0 304.0 -1 -1 -1 -1000 -1000 -1000 -10 0.0006155967712402344
Car -1 -1 -10 0.0 203.0 109.0 339.0 -1 -1 -1 -1000 -1000 -1000 -10 0.0006151199340820312
Car -1 -1 -10 871.0 173.0 900.0 190.0 -1 -1 -1 -1000 -1000 -1000 -10 0.0006151199340820312
Car -1 -1 -10 347.0 178.0 382.0 213.0 -1 -1 -1 -1000 -1000 -1000 -10 0.0005822181701660156
Car -1 -1 -10 5.0 206.0 86.0 265.0 -1 -1 -1 -1000 -1000 -1000 -10 0.0005536079406738281
Car -1 -1 -10 789.0 174.0 828.0 205.0 -1 -1 -1 -1000 -1000 -1000 -10 0.0005421638488769531
Car -1 -1 -10 853.0 168.0 886.0 203.0 -1 -1 -1 -1000 -1000 -1000 -10 0.0005240440368652344
Car -1 -1 -10 843.0 173.0 873.0 190.0 -1 -1 -1 -1000 -1000 -1000 -10 0.0004973411560058594
Car -1 -1 -10 0.0 211.0 15.0 292.0 -1 -1 -1 -1000 -1000 -1000 -10 0.0004801750183105469
Car -1 -1 -10 0.0 208.0 12.0 263.0 -1 -1 -1 -1000 -1000 -1000 -10 0.00044846534729003906
Car -1 -1 -10 0.0 207.0 79.0 363.0 -1 -1 -1 -1000 -1000 -1000 -10 0.00044536590576171875
Car -1 -1 -10 0.0 199.0 14.0 261.0 -1 -1 -1 -1000 -1000 -1000 -10 0.0004398822784423828
Car -1 -1 -10 347.0 181.0 377.0 205.0 -1 -1 -1 -1000 -1000 -1000 -10 0.0004315376281738281
Car -1 -1 -10 113.0 184.0 199.0 249.0 -1 -1 -1 -1000 -1000 -1000 -10 0.00042557716369628906
Car -1 -1 -10 0.0 208.0 58.0 296.0 -1 -1 -1 -1000 -1000 -1000 -10 0.00041103363037109375
Car -1 -1 -10 0.0 205.0 56.0 257.0 -1 -1 -1 -1000 -1000 -1000 -10 0.0003895759582519531
Car -1 -1 -10 743.0 180.0 776.0 202.0 -1 -1 -1 -1000 -1000 -1000 -10 0.0003802776336669922
Car -1 -1 -10 852.0 169.0 883.0 200.0 -1 -1 -1 -1000 -1000 -1000 -10 0.0003261566162109375
Car -1 -1 -10 714.0 178.0 765.0 214.0 -1 -1 -1 -1000 -1000 -1000 -10 0.0003101825714111328
Car -1 -1 -10 57.0 140.0 231.0 284.0 -1 -1 -1 -1000 -1000 -1000 -10 0.00030303001403808594
Car -1 -1 -10 55.0 165.0 238.0 298.0 -1 -1 -1 -1000 -1000 -1000 -10 0.0002963542938232422
Car -1 -1 -10 886.0 167.0 915.0 182.0 -1 -1 -1 -1000 -1000 -1000 -10 0.00027561187744140625
Car -1 -1 -10 0.0 170.0 119.0 286.0 -1 -1 -1 -1000 -1000 -1000 -10 0.00026917457580566406
Car -1 -1 -10 656.0 143.0 802.0 249.0 -1 -1 -1 -1000 -1000 -1000 -10 0.00026535987854003906
Car -1 -1 -10 1.0 219.0 32.0 279.0 -1 -1 -1 -1000 -1000 -1000 -10 0.00024628639221191406
Car -1 -1 -10 0.0 214.0 12.0 310.0 -1 -1 -1 -1000 -1000 -1000 -10 0.00023806095123291016
Car -1 -1 -10 745.0 181.0 770.0 202.0 -1 -1 -1 -1000 -1000 -1000 -10 0.0002372264862060547
Car -1 -1 -10 645.0 137.0 811.0 273.0 -1 -1 -1 -1000 -1000 -1000 -10 0.00023412704467773438
Car -1 -1 -10 1.0 205.0 12.0 255.0 -1 -1 -1 -1000 -1000 -1000 -10 0.0002294778823852539
Car -1 -1 -10 0.0 211.0 29.0 312.0 -1 -1 -1 -1000 -1000 -1000 -10 0.00022792816162109375
Car -1 -1 -10 884.0 173.0 915.0 190.0 -1 -1 -1 -1000 -1000 -1000 -10 0.00021064281463623047
Car -1 -1 -10 305.0 181.0 352.0 214.0 -1 -1 -1 -1000 -1000 -1000 -10 0.00021016597747802734
Car -1 -1 -10 677.0 136.0 832.0 274.0 -1 -1 -1 -1000 -1000 -1000 -10 0.000202178955078125
Car -1 -1 -10 91.0 145.0 240.0 280.0 -1 -1 -1 -1000 -1000 -1000 -10 0.00019812583923339844
Car -1 -1 -10 873.0 167.0 902.0 183.0 -1 -1 -1 -1000 -1000 -1000 -10 0.0001939535140991211
Car -1 -1 -10 0.0 174.0 127.0 281.0 -1 -1 -1 -1000 -1000 -1000 -10 0.00019121170043945312
Car -1 -1 -10 302.0 181.0 354.0 222.0 -1 -1 -1 -1000 -1000 -1000 -10 0.00017786026000976562
Car -1 -1 -10 849.0 170.0 880.0 203.0 -1 -1 -1 -1000 -1000 -1000 -10 0.00016808509826660156
Car -1 -1 -10 802.0 183.0 828.0 200.0 -1 -1 -1 -1000 -1000 -1000 -10 0.000164031982421875
Car -1 -1 -10 855.0 169.0 890.0 205.0 -1 -1 -1 -1000 -1000 -1000 -10 0.0001615285873413086
Car -1 -1 -10 0.0 220.0 9.0 280.0 -1 -1 -1 -1000 -1000 -1000 -10 0.00015735626220703125
Car -1 -1 -10 127.0 197.0 187.0 234.0 -1 -1 -1 -1000 -1000 -1000 -10 0.00015294551849365234
Car -1 -1 -10 787.0 182.0 812.0 200.0 -1 -1 -1 -1000 -1000 -1000 -10 0.00014650821685791016
Car -1 -1 -10 22.0 206.0 70.0 254.0 -1 -1 -1 -1000 -1000 -1000 -10 0.00014448165893554688
Car -1 -1 -10 884.0 162.0 918.0 180.0 -1 -1 -1 -1000 -1000 -1000 -10 0.0001366138458251953
Car -1 -1 -10 869.0 165.0 895.0 179.0 -1 -1 -1 -1000 -1000 -1000 -10 0.00013554096221923828
Car -1 -1 -10 0.0 211.0 68.0 324.0 -1 -1 -1 -1000 -1000 -1000 -10 0.00013554096221923828
Car -1 -1 -10 0.0 221.0 91.0 372.0 -1 -1 -1 -1000 -1000 -1000 -10 0.000133514404296875
Car -1 -1 -10 310.0 189.0 355.0 220.0 -1 -1 -1 -1000 -1000 -1000 -10 0.0001277923583984375
Car -1 -1 -10 889.0 161.0 917.0 175.0 -1 -1 -1 -1000 -1000 -1000 -10 0.0001271963119506836
Car -1 -1 -10 371.0 179.0 395.0 201.0 -1 -1 -1 -1000 -1000 -1000 -10 0.0001264810562133789
Car -1 -1 -10 840.0 180.0 862.0 193.0 -1 -1 -1 -1000 -1000 -1000 -10 0.00012600421905517578
Car -1 -1 -10 818.0 182.0 838.0 196.0 -1 -1 -1 -1000 -1000 -1000 -10 0.00011366605758666992
Car -1 -1 -10 753.0 182.0 774.0 202.0 -1 -1 -1 -1000 -1000 -1000 -10 0.00011330842971801758
Car -1 -1 -10 763.0 182.0 798.0 201.0 -1 -1 -1 -1000 -1000 -1000 -10 0.00011265277862548828
Car -1 -1 -10 1.0 248.0 88.0 350.0 -1 -1 -1 -1000 -1000 -1000 -10 0.00011032819747924805
Car -1 -1 -10 30.0 202.0 120.0 258.0 -1 -1 -1 -1000 -1000 -1000 -10 0.00010156631469726562
