Car -1 -1 -10 585.0 178.0 633.0 224.0 -1 -1 -1 -1000 -1000 -1000 -10 0.97021484375
Car -1 -1 -10 433.0 185.0 517.0 242.0 -1 -1 -1 -1000 -1000 -1000 -10 0.96142578125
Car -1 -1 -10 106.0 186.0 197.0 224.0 -1 -1 -1 -1000 -1000 -1000 -10 0.95458984375
Car -1 -1 -10 0.0 184.0 103.0 231.0 -1 -1 -1 -1000 -1000 -1000 -10 0.95263671875
Car -1 -1 -10 543.0 179.0 569.0 200.0 -1 -1 -1 -1000 -1000 -1000 -10 0.931640625
Cyclist -1 -1 -10 1066.0 190.0 1128.0 265.0 -1 -1 -1 -1000 -1000 -1000 -10 0.92822265625
Car -1 -1 -10 565.0 179.0 581.0 194.0 -1 -1 -1 -1000 -1000 -1000 -10 0.671875
Car -1 -1 -10 567.0 179.0 583.0 194.0 -1 -1 -1 -1000 -1000 -1000 -10 0.09967041015625
Car -1 -1 -10 558.0 179.0 580.0 196.0 -1 -1 -1 -1000 -1000 -1000 -10 0.03228759765625
Car -1 -1 -10 564.0 177.0 585.0 195.0 -1 -1 -1 -1000 -1000 -1000 -10 0.00681304931640625
Car -1 -1 -10 561.0 177.0 582.0 194.0 -1 -1 -1 -1000 -1000 -1000 -10 0.004749298095703125
Car -1 -1 -10 563.0 175.0 582.0 195.0 -1 -1 -1 -1000 -1000 -1000 -10 0.0017843246459960938
Car -1 -1 -10 0.0 222.0 32.0 372.0 -1 -1 -1 -1000 -1000 -1000 -10 0.001438140869140625
Car -1 -1 -10 100.0 172.0 201.0 237.0 -1 -1 -1 -1000 -1000 -1000 -10 0.0012664794921875
Cyclist -1 -1 -10 1226.0 182.0 1242.0 331.0 -1 -1 -1 -1000 -1000 -1000 -10 0.0011968612670898438
Car -1 -1 -10 1.0 112.0 24.0 159.0 -1 -1 -1 -1000 -1000 -1000 -10 0.001178741455078125
Car -1 -1 -10 0.0 181.0 13.0 228.0 -1 -1 -1 -1000 -1000 -1000 -10 0.0011301040649414062
Car -1 -1 -10 0.0 175.0 107.0 239.0 -1 -1 -1 -1000 -1000 -1000 -10 0.0011053085327148438
Car -1 -1 -10 0.0 182.0 17.0 226.0 -1 -1 -1 -1000 -1000 -1000 -10 0.0011043548583984375
Car -1 -1 -10 1.0 198.0 46.0 372.0 -1 -1 -1 -1000 -1000 -1000 -10 0.0011005401611328125
Cyclist -1 -1 -10 1231.0 184.0 1241.0 284.0 -1 -1 -1 -1000 -1000 -1000 -10 0.0010728836059570312
Cyclist -1 -1 -10 1230.0 191.0 1242.0 294.0 -1 -1 -1 -1000 -1000 -1000 -10 0.001010894775390625
Cyclist -1 -1 -10 1226.0 175.0 1242.0 301.0 -1 -1 -1 -1000 -1000 -1000 -10 0.0009937286376953125
Car -1 -1 -10 541.0 174.0 571.0 204.0 -1 -1 -1 -1000 -1000 -1000 -10 0.0009665489196777344
Cyclist -1 -1 -10 1229.0 198.0 1242.0 309.0 -1 -1 -1 -1000 -1000 -1000 -10 0.0009226799011230469
Cyclist -1 -1 -10 1223.0 193.0 1242.0 360.0 -1 -1 -1 -1000 -1000 -1000 -10 0.0008263587951660156
Cyclist -1 -1 -10 1038.0 177.0 1155.0 271.0 -1 -1 -1 -1000 -1000 -1000 -10 0.0006742477416992188
Car -1 -1 -10 569.0 179.0 584.0 198.0 -1 -1 -1 -1000 -1000 -1000 -10 0.0006151199340820312
Car -1 -1 -10 0.0 106.0 21.0 163.0 -1 -1 -1 -1000 -1000 -1000 -10 0.000553131103515625
Car -1 -1 -10 0.0 93.0 20.0 166.0 -1 -1 -1 -1000 -1000 -1000 -10 0.00054931640625
Car -1 -1 -10 1.0 187.0 12.0 231.0 -1 -1 -1 -1000 -1000 -1000 -10 0.00054168701171875
Car -1 -1 -10 0.0 175.0 12.0 220.0 -1 -1 -1 -1000 -1000 -1000 -10 0.0005311965942382812
Cyclist -1 -1 -10 1219.0 175.0 1242.0 340.0 -1 -1 -1 -1000 -1000 -1000 -10 0.000518798828125
Car -1 -1 -10 0.0 177.0 11.0 219.0 -1 -1 -1 -1000 -1000 -1000 -10 0.0005092620849609375
Car -1 -1 -10 580.0 168.0 635.0 234.0 -1 -1 -1 -1000 -1000 -1000 -10 0.0005011558532714844
Car -1 -1 -10 583.0 170.0 646.0 237.0 -1 -1 -1 -1000 -1000 -1000 -10 0.0004773139953613281
Car -1 -1 -10 0.0 183.0 20.0 227.0 -1 -1 -1 -1000 -1000 -1000 -10 0.00046896934509277344
Cyclist -1 -1 -10 1218.0 185.0 1242.0 368.0 -1 -1 -1 -1000 -1000 -1000 -10 0.00046634674072265625
Car -1 -1 -10 104.0 187.0 188.0 227.0 -1 -1 -1 -1000 -1000 -1000 -10 0.00045108795166015625
Car -1 -1 -10 0.0 184.0 15.0 233.0 -1 -1 -1 -1000 -1000 -1000 -10 0.000431060791015625
Car -1 -1 -10 391.0 161.0 561.0 284.0 -1 -1 -1 -1000 -1000 -1000 -10 0.000431060791015625
Car -1 -1 -10 1.0 114.0 21.0 155.0 -1 -1 -1 -1000 -1000 -1000 -10 0.0004253387451171875
Car -1 -1 -10 0.0 160.0 15.0 216.0 -1 -1 -1 -1000 -1000 -1000 -10 0.00040602684020996094
Car -1 -1 -10 0.0 179.0 26.0 230.0 -1 -1 -1 -1000 -1000 -1000 -10 0.000385284423828125
Car -1 -1 -10 0.0 183.0 25.0 225.0 -1 -1 -1 -1000 -1000 -1000 -10 0.00037932395935058594
Cyclist -1 -1 -10 1230.0 190.0 1242.0 278.0 -1 -1 -1 -1000 -1000 -1000 -10 0.00037217140197753906
Car -1 -1 -10 124.0 189.0 175.0 215.0 -1 -1 -1 -1000 -1000 -1000 -10 0.0003414154052734375
Car -1 -1 -10 0.0 236.0 48.0 373.0 -1 -1 -1 -1000 -1000 -1000 -10 0.0003387928009033203
Cyclist -1 -1 -10 1219.0 168.0 1242.0 308.0 -1 -1 -1 -1000 -1000 -1000 -10 0.0003380775451660156
Car -1 -1 -10 74.0 134.0 245.0 280.0 -1 -1 -1 -1000 -1000 -1000 -10 0.00033402442932128906
Car -1 -1 -10 1.0 187.0 21.0 229.0 -1 -1 -1 -1000 -1000 -1000 -10 0.00032448768615722656
Car -1 -1 -10 526.0 136.0 677.0 249.0 -1 -1 -1 -1000 -1000 -1000 -10 0.0003058910369873047
Car -1 -1 -10 555.0 137.0 701.0 276.0 -1 -1 -1 -1000 -1000 -1000 -10 0.0003044605255126953
Cyclist -1 -1 -10 1232.0 172.0 1242.0 262.0 -1 -1 -1 -1000 -1000 -1000 -10 0.0002791881561279297
Cyclist -1 -1 -10 1220.0 181.0 1242.0 288.0 -1 -1 -1 -1000 -1000 -1000 -10 0.00027489662170410156
Car -1 -1 -10 0.0 190.0 20.0 348.0 -1 -1 -1 -1000 -1000 -1000 -10 0.0002655982971191406
Car -1 -1 -10 0.0 209.0 57.0 374.0 -1 -1 -1 -1000 -1000 -1000 -10 0.0002646446228027344
Car -1 -1 -10 0.0 139.0 142.0 277.0 -1 -1 -1 -1000 -1000 -1000 -10 0.0002646446228027344
Car -1 -1 -10 0.0 86.0 24.0 171.0 -1 -1 -1 -1000 -1000 -1000 -10 0.00026297569274902344
Car -1 -1 -10 518.0 133.0 684.0 276.0 -1 -1 -1 -1000 -1000 -1000 -10 0.00025200843811035156
Cyclist -1 -1 -10 1217.0 189.0 1242.0 295.0 -1 -1 -1 -1000 -1000 -1000 -10 0.0002472400665283203
Cyclist -1 -1 -10 1073.0 193.0 1124.0 259.0 -1 -1 -1 -1000 -1000 -1000 -10 0.00024700164794921875
Car -1 -1 -10 0.0 101.0 24.0 168.0 -1 -1 -1 -1000 -1000 -1000 -10 0.00024175643920898438
Car -1 -1 -10 107.0 188.0 198.0 230.0 -1 -1 -1 -1000 -1000 -1000 -10 0.0002390146255493164
Cyclist -1 -1 -10 1063.0 191.0 1119.0 261.0 -1 -1 -1 -1000 -1000 -1000 -10 0.00023853778839111328
Car -1 -1 -10 0.0 120.0 18.0 191.0 -1 -1 -1 -1000 -1000 -1000 -10 0.0002262592315673828
Cyclist -1 -1 -10 1210.0 188.0 1242.0 369.0 -1 -1 -1 -1000 -1000 -1000 -10 0.00022149085998535156
Car -1 -1 -10 67.0 141.0 229.0 253.0 -1 -1 -1 -1000 -1000 -1000 -10 0.0002186298370361328
Car -1 -1 -10 1.0 182.0 75.0 226.0 -1 -1 -1 -1000 -1000 -1000 -10 0.00021576881408691406
Car -1 -1 -10 0.0 220.0 29.0 352.0 -1 -1 -1 -1000 -1000 -1000 -10 0.0002067089080810547
Car -1 -1 -10 590.0 176.0 629.0 216.0 -1 -1 -1 -1000 -1000 -1000 -10 0.00019562244415283203
Car -1 -1 -10 0.0 177.0 22.0 216.0 -1 -1 -1 -1000 -1000 -1000 -10 0.00018131732940673828
Cyclist -1 -1 -10 1211.0 174.0 1242.0 342.0 -1 -1 -1 -1000 -1000 -1000 -10 0.00017976760864257812
Car -1 -1 -10 1.0 111.0 27.0 168.0 -1 -1 -1 -1000 -1000 -1000 -10 0.00016546249389648438
Cyclist -1 -1 -10 1232.0 203.0 1242.0 262.0 -1 -1 -1 -1000 -1000 -1000 -10 0.00016438961029052734
Car -1 -1 -10 1.0 219.0 50.0 356.0 -1 -1 -1 -1000 -1000 -1000 -10 0.00015974044799804688
Cyclist -1 -1 -10 1209.0 167.0 1242.0 309.0 -1 -1 -1 -1000 -1000 -1000 -10 0.0001577138900756836
Car -1 -1 -10 0.0 192.0 12.0 243.0 -1 -1 -1 -1000 -1000 -1000 -10 0.0001531839370727539
Cyclist -1 -1 -10 1228.0 214.0 1242.0 337.0 -1 -1 -1 -1000 -1000 -1000 -10 0.00015175342559814453
Car -1 -1 -10 0.0 187.0 26.0 350.0 -1 -1 -1 -1000 -1000 -1000 -10 0.0001506805419921875
Car -1 -1 -10 21.0 187.0 69.0 221.0 -1 -1 -1 -1000 -1000 -1000 -10 0.00014269351959228516
Cyclist -1 -1 -10 1219.0 201.0 1242.0 301.0 -1 -1 -1 -1000 -1000 -1000 -10 0.00013875961303710938
Cyclist -1 -1 -10 1219.0 210.0 1242.0 340.0 -1 -1 -1 -1000 -1000 -1000 -10 0.0001379251480102539
Cyclist -1 -1 -10 1227.0 158.0 1242.0 261.0 -1 -1 -1 -1000 -1000 -1000 -10 0.00013780593872070312
Car -1 -1 -10 540.0 178.0 566.0 200.0 -1 -1 -1 -1000 -1000 -1000 -10 0.0001367330551147461
Car -1 -1 -10 0.0 151.0 131.0 258.0 -1 -1 -1 -1000 -1000 -1000 -10 0.00013518333435058594
Cyclist -1 -1 -10 1217.0 199.0 1242.0 375.0 -1 -1 -1 -1000 -1000 -1000 -10 0.0001310110092163086
Car -1 -1 -10 0.0 163.0 23.0 213.0 -1 -1 -1 -1000 -1000 -1000 -10 0.00013017654418945312
Cyclist -1 -1 -10 1218.0 169.0 1242.0 284.0 -1 -1 -1 -1000 -1000 -1000 -10 0.0001289844512939453
Cyclist -1 -1 -10 1220.0 200.0 1242.0 324.0 -1 -1 -1 -1000 -1000 -1000 -10 0.00012814998626708984
Cyclist -1 -1 -10 1223.0 174.0 1242.0 275.0 -1 -1 -1 -1000 -1000 -1000 -10 0.0001232624053955078
Car -1 -1 -10 0.0 122.0 24.0 189.0 -1 -1 -1 -1000 -1000 -1000 -10 0.0001226663589477539
Car -1 -1 -10 0.0 185.0 64.0 269.0 -1 -1 -1 -1000 -1000 -1000 -10 0.00012230873107910156
Car -1 -1 -10 0.0 160.0 12.0 214.0 -1 -1 -1 -1000 -1000 -1000 -10 0.00011771917343139648
Car -1 -1 -10 0.0 230.0 16.0 359.0 -1 -1 -1 -1000 -1000 -1000 -10 0.00011736154556274414
Cyclist -1 -1 -10 1230.0 211.0 1242.0 272.0 -1 -1 -1 -1000 -1000 -1000 -10 0.00011622905731201172
Car -1 -1 -10 0.0 243.0 34.0 374.0 -1 -1 -1 -1000 -1000 -1000 -10 0.0001131296157836914
Cyclist -1 -1 -10 1206.0 159.0 1242.0 291.0 -1 -1 -1 -1000 -1000 -1000 -10 0.0001080632209777832
Cyclist -1 -1 -10 1232.0 194.0 1242.0 253.0 -1 -1 -1 -1000 -1000 -1000 -10 0.00010752677917480469
Car -1 -1 -10 2.0 180.0 46.0 350.0 -1 -1 -1 -1000 -1000 -1000 -10 0.00010710954666137695
Car -1 -1 -10 1.0 196.0 10.0 239.0 -1 -1 -1 -1000 -1000 -1000 -10 0.00010013580322265625
