Car -1 -1 -10 196.0 192.0 431.0 346.0 -1 -1 -1 -1000 -1000 -1000 -10 0.96826171875
Car -1 -1 -10 419.0 179.0 534.0 260.0 -1 -1 -1 -1000 -1000 -1000 -10 0.9658203125
Car -1 -1 -10 0.0 223.0 192.0 373.0 -1 -1 -1 -1000 -1000 -1000 -10 0.95166015625
Car -1 -1 -10 1.0 213.0 161.0 363.0 -1 -1 -1 -1000 -1000 -1000 -10 0.00399017333984375
Car -1 -1 -10 0.0 209.0 61.0 359.0 -1 -1 -1 -1000 -1000 -1000 -10 0.0018215179443359375
Car -1 -1 -10 1.0 214.0 73.0 370.0 -1 -1 -1 -1000 -1000 -1000 -10 0.0014581680297851562
Car -1 -1 -10 0.0 208.0 29.0 358.0 -1 -1 -1 -1000 -1000 -1000 -10 0.0013151168823242188
Car -1 -1 -10 19.0 226.0 169.0 370.0 -1 -1 -1 -1000 -1000 -1000 -10 0.001041412353515625
Car -1 -1 -10 0.0 216.0 113.0 360.0 -1 -1 -1 -1000 -1000 -1000 -10 0.0009236335754394531
Car -1 -1 -10 414.0 169.0 539.0 266.0 -1 -1 -1 -1000 -1000 -1000 -10 0.0007548332214355469
Car -1 -1 -10 0.0 220.0 33.0 373.0 -1 -1 -1 -1000 -1000 -1000 -10 0.0007119178771972656
Car -1 -1 -10 2.0 224.0 158.0 337.0 -1 -1 -1 -1000 -1000 -1000 -10 0.0006060600280761719
Car -1 -1 -10 1.0 233.0 60.0 373.0 -1 -1 -1 -1000 -1000 -1000 -10 0.0005288124084472656
Car -1 -1 -10 0.0 199.0 25.0 334.0 -1 -1 -1 -1000 -1000 -1000 -10 0.00052642822265625
Car -1 -1 -10 0.0 195.0 57.0 335.0 -1 -1 -1 -1000 -1000 -1000 -10 0.0005102157592773438
Car -1 -1 -10 253.0 195.0 381.0 338.0 -1 -1 -1 -1000 -1000 -1000 -10 0.0005040168762207031
Cyclist -1 -1 -10 1177.0 148.0 1241.0 361.0 -1 -1 -1 -1000 -1000 -1000 -10 0.0004696846008300781
Car -1 -1 -10 1.0 231.0 153.0 375.0 -1 -1 -1 -1000 -1000 -1000 -10 0.00046563148498535156
Car -1 -1 -10 0.0 203.0 73.0 350.0 -1 -1 -1 -1000 -1000 -1000 -10 0.00044918060302734375
Cyclist -1 -1 -10 1120.0 148.0 1239.0 370.0 -1 -1 -1 -1000 -1000 -1000 -10 0.0004062652587890625
Cyclist -1 -1 -10 1137.0 153.0 1242.0 363.0 -1 -1 -1 -1000 -1000 -1000 -10 0.0003256797790527344
Car -1 -1 -10 0.0 226.0 55.0 361.0 -1 -1 -1 -1000 -1000 -1000 -10 0.0003209114074707031
Car -1 -1 -10 0.0 201.0 104.0 340.0 -1 -1 -1 -1000 -1000 -1000 -10 0.00028252601623535156
Cyclist -1 -1 -10 1109.0 131.0 1242.0 361.0 -1 -1 -1 -1000 -1000 -1000 -10 0.0002727508544921875
Car -1 -1 -10 717.0 0.0 771.0 36.0 -1 -1 -1 -1000 -1000 -1000 -10 0.0002684593200683594
Car -1 -1 -10 0.0 247.0 64.0 375.0 -1 -1 -1 -1000 -1000 -1000 -10 0.0002205371856689453
Pedestrian -1 -1 -10 467.0 0.0 511.0 40.0 -1 -1 -1 -1000 -1000 -1000 -10 0.0002181529998779297
Car -1 -1 -10 2.0 208.0 144.0 337.0 -1 -1 -1 -1000 -1000 -1000 -10 0.000213623046875
Cyclist -1 -1 -10 1182.0 134.0 1242.0 346.0 -1 -1 -1 -1000 -1000 -1000 -10 0.000209808349609375
Car -1 -1 -10 0.0 246.0 27.0 375.0 -1 -1 -1 -1000 -1000 -1000 -10 0.0001995563507080078
Cyclist -1 -1 -10 1182.0 177.0 1242.0 365.0 -1 -1 -1 -1000 -1000 -1000 -10 0.0001990795135498047
Cyclist -1 -1 -10 1213.0 164.0 1242.0 352.0 -1 -1 -1 -1000 -1000 -1000 -10 0.0001556873321533203
Cyclist -1 -1 -10 1186.0 118.0 1242.0 327.0 -1 -1 -1 -1000 -1000 -1000 -10 0.00014722347259521484
Car -1 -1 -10 556.0 168.0 575.0 185.0 -1 -1 -1 -1000 -1000 -1000 -10 0.0001327991485595703
Car -1 -1 -10 0.0 210.0 54.0 345.0 -1 -1 -1 -1000 -1000 -1000 -10 0.00012612342834472656
Cyclist -1 -1 -10 1208.0 154.0 1242.0 361.0 -1 -1 -1 -1000 -1000 -1000 -10 0.00012254714965820312
Cyclist -1 -1 -10 1063.0 150.0 1242.0 373.0 -1 -1 -1 -1000 -1000 -1000 -10 0.00012093782424926758
Car -1 -1 -10 0.0 224.0 119.0 336.0 -1 -1 -1 -1000 -1000 -1000 -10 0.00011938810348510742
Car -1 -1 -10 4.0 204.0 177.0 341.0 -1 -1 -1 -1000 -1000 -1000 -10 0.00011473894119262695
Car -1 -1 -10 557.0 172.0 576.0 188.0 -1 -1 -1 -1000 -1000 -1000 -10 0.00010710954666137695
Cyclist -1 -1 -10 1146.0 128.0 1239.0 331.0 -1 -1 -1 -1000 -1000 -1000 -10 0.00010442733764648438
Car -1 -1 -10 32.0 217.0 213.0 362.0 -1 -1 -1 -1000 -1000 -1000 -10 0.0001042485237121582
Car -1 -1 -10 0.0 193.0 21.0 296.0 -1 -1 -1 -1000 -1000 -1000 -10 0.0001024007797241211
