Car -1 -1 -10 523.0 176.0 582.0 217.0 -1 -1 -1 -1000 -1000 -1000 -10 0.95703125
Car -1 -1 -10 583.0 173.0 613.0 198.0 -1 -1 -1 -1000 -1000 -1000 -10 0.9384765625
Pedestrian -1 -1 -10 793.0 165.0 803.0 197.0 -1 -1 -1 -1000 -1000 -1000 -10 0.78515625
Pedestrian -1 -1 -10 792.0 165.0 802.0 197.0 -1 -1 -1 -1000 -1000 -1000 -10 0.0665283203125
Car -1 -1 -10 1218.0 211.0 1242.0 375.0 -1 -1 -1 -1000 -1000 -1000 -10 0.0007982254028320312
Car -1 -1 -10 518.0 163.0 584.0 222.0 -1 -1 -1 -1000 -1000 -1000 -10 0.0007901191711425781
Pedestrian -1 -1 -10 744.0 170.0 756.0 199.0 -1 -1 -1 -1000 -1000 -1000 -10 0.0006036758422851562
Car -1 -1 -10 581.0 171.0 614.0 204.0 -1 -1 -1 -1000 -1000 -1000 -10 0.0005698204040527344
Pedestrian -1 -1 -10 743.0 171.0 754.0 201.0 -1 -1 -1 -1000 -1000 -1000 -10 0.0005197525024414062
Car -1 -1 -10 1210.0 213.0 1242.0 375.0 -1 -1 -1 -1000 -1000 -1000 -10 0.00047135353088378906
Pedestrian -1 -1 -10 792.0 162.0 803.0 191.0 -1 -1 -1 -1000 -1000 -1000 -10 0.0004589557647705078
Car -1 -1 -10 579.0 173.0 610.0 198.0 -1 -1 -1 -1000 -1000 -1000 -10 0.00044536590576171875
Car -1 -1 -10 1221.0 243.0 1242.0 375.0 -1 -1 -1 -1000 -1000 -1000 -10 0.0004324913024902344
Car -1 -1 -10 1215.0 179.0 1242.0 375.0 -1 -1 -1 -1000 -1000 -1000 -10 0.00040721893310546875
Car -1 -1 -10 452.0 137.0 622.0 269.0 -1 -1 -1 -1000 -1000 -1000 -10 0.00039696693420410156
Pedestrian -1 -1 -10 739.0 170.0 751.0 200.0 -1 -1 -1 -1000 -1000 -1000 -10 0.00035190582275390625
Car -1 -1 -10 474.0 127.0 637.0 242.0 -1 -1 -1 -1000 -1000 -1000 -10 0.00034689903259277344
Car -1 -1 -10 1216.0 235.0 1242.0 375.0 -1 -1 -1 -1000 -1000 -1000 -10 0.0003218650817871094
Car -1 -1 -10 465.0 131.0 646.0 274.0 -1 -1 -1 -1000 -1000 -1000 -10 0.0003199577331542969
Car -1 -1 -10 518.0 177.0 566.0 213.0 -1 -1 -1 -1000 -1000 -1000 -10 0.0002913475036621094
Pedestrian -1 -1 -10 739.0 166.0 754.0 198.0 -1 -1 -1 -1000 -1000 -1000 -10 0.00028324127197265625
Car -1 -1 -10 1208.0 177.0 1242.0 375.0 -1 -1 -1 -1000 -1000 -1000 -10 0.00024819374084472656
Pedestrian -1 -1 -10 798.0 168.0 808.0 196.0 -1 -1 -1 -1000 -1000 -1000 -10 0.00023508071899414062
Car -1 -1 -10 1210.0 251.0 1241.0 375.0 -1 -1 -1 -1000 -1000 -1000 -10 0.00021982192993164062
Car -1 -1 -10 1222.0 172.0 1242.0 358.0 -1 -1 -1 -1000 -1000 -1000 -10 0.00019669532775878906
Car -1 -1 -10 1219.0 265.0 1242.0 375.0 -1 -1 -1 -1000 -1000 -1000 -10 0.000186920166015625
Car -1 -1 -10 1217.0 156.0 1242.0 374.0 -1 -1 -1 -1000 -1000 -1000 -10 0.00016641616821289062
Pedestrian -1 -1 -10 747.0 170.0 759.0 198.0 -1 -1 -1 -1000 -1000 -1000 -10 0.00016367435455322266
Pedestrian -1 -1 -10 740.0 171.0 750.0 203.0 -1 -1 -1 -1000 -1000 -1000 -10 0.00015974044799804688
Car -1 -1 -10 1196.0 227.0 1242.0 375.0 -1 -1 -1 -1000 -1000 -1000 -10 0.00012922286987304688
Car -1 -1 -10 1227.0 267.0 1242.0 375.0 -1 -1 -1 -1000 -1000 -1000 -10 0.00011140108108520508
Car -1 -1 -10 1206.0 154.0 1242.0 373.0 -1 -1 -1 -1000 -1000 -1000 -10 0.00010907649993896484
Car -1 -1 -10 1197.0 199.0 1242.0 375.0 -1 -1 -1 -1000 -1000 -1000 -10 0.00010889768600463867
Car -1 -1 -10 519.0 175.0 573.0 217.0 -1 -1 -1 -1000 -1000 -1000 -10 0.00010776519775390625
Car -1 -1 -10 583.0 170.0 612.0 194.0 -1 -1 -1 -1000 -1000 -1000 -10 0.00010263919830322266
