Car -1 -1 -10 83.0 184.0 326.0 308.0 -1 -1 -1 -1000 -1000 -1000 -10 0.96435546875
Car -1 -1 -10 790.0 180.0 1129.0 373.0 -1 -1 -1 -1000 -1000 -1000 -10 0.96435546875
Car -1 -1 -10 0.0 197.0 165.0 374.0 -1 -1 -1 -1000 -1000 -1000 -10 0.96337890625
Car -1 -1 -10 467.0 175.0 524.0 203.0 -1 -1 -1 -1000 -1000 -1000 -10 0.9541015625
Car -1 -1 -10 571.0 148.0 649.0 191.0 -1 -1 -1 -1000 -1000 -1000 -10 0.9501953125
Car -1 -1 -10 346.0 176.0 416.0 200.0 -1 -1 -1 -1000 -1000 -1000 -10 0.92431640625
Car -1 -1 -10 555.0 172.0 611.0 192.0 -1 -1 -1 -1000 -1000 -1000 -10 0.89013671875
Pedestrian -1 -1 -10 673.0 170.0 686.0 205.0 -1 -1 -1 -1000 -1000 -1000 -10 0.79150390625
Car -1 -1 -10 656.0 171.0 721.0 190.0 -1 -1 -1 -1000 -1000 -1000 -10 0.66162109375
Car -1 -1 -10 664.0 169.0 726.0 189.0 -1 -1 -1 -1000 -1000 -1000 -10 0.60400390625
Car -1 -1 -10 667.0 169.0 723.0 192.0 -1 -1 -1 -1000 -1000 -1000 -10 0.5361328125
Car -1 -1 -10 556.0 165.0 619.0 191.0 -1 -1 -1 -1000 -1000 -1000 -10 0.492919921875
Car -1 -1 -10 666.0 170.0 699.0 196.0 -1 -1 -1 -1000 -1000 -1000 -10 0.471923828125
Pedestrian -1 -1 -10 664.0 170.0 701.0 196.0 -1 -1 -1 -1000 -1000 -1000 -10 0.359375
Pedestrian -1 -1 -10 672.0 171.0 692.0 198.0 -1 -1 -1 -1000 -1000 -1000 -10 0.335693359375
Car -1 -1 -10 664.0 172.0 704.0 197.0 -1 -1 -1 -1000 -1000 -1000 -10 0.31591796875
Pedestrian -1 -1 -10 668.0 169.0 697.0 195.0 -1 -1 -1 -1000 -1000 -1000 -10 0.30322265625
Pedestrian -1 -1 -10 669.0 167.0 710.0 193.0 -1 -1 -1 -1000 -1000 -1000 -10 0.2481689453125
Pedestrian -1 -1 -10 664.0 169.0 717.0 193.0 -1 -1 -1 -1000 -1000 -1000 -10 0.2015380859375
Car -1 -1 -10 560.0 171.0 619.0 192.0 -1 -1 -1 -1000 -1000 -1000 -10 0.1356201171875
Car -1 -1 -10 563.0 152.0 643.0 198.0 -1 -1 -1 -1000 -1000 -1000 -10 0.1348876953125
Car -1 -1 -10 653.0 171.0 710.0 191.0 -1 -1 -1 -1000 -1000 -1000 -10 0.10009765625
Pedestrian -1 -1 -10 675.0 170.0 688.0 203.0 -1 -1 -1 -1000 -1000 -1000 -10 0.077392578125
Car -1 -1 -10 568.0 160.0 641.0 189.0 -1 -1 -1 -1000 -1000 -1000 -10 0.060943603515625
Car -1 -1 -10 559.0 170.0 608.0 191.0 -1 -1 -1 -1000 -1000 -1000 -10 0.058441162109375
Pedestrian -1 -1 -10 688.0 169.0 715.0 193.0 -1 -1 -1 -1000 -1000 -1000 -10 0.047210693359375
Car -1 -1 -10 674.0 169.0 721.0 188.0 -1 -1 -1 -1000 -1000 -1000 -10 0.04705810546875
Car -1 -1 -10 565.0 171.0 613.0 190.0 -1 -1 -1 -1000 -1000 -1000 -10 0.043670654296875
Pedestrian -1 -1 -10 684.0 169.0 718.0 193.0 -1 -1 -1 -1000 -1000 -1000 -10 0.0275726318359375
Pedestrian -1 -1 -10 666.0 171.0 694.0 190.0 -1 -1 -1 -1000 -1000 -1000 -10 0.0226287841796875
Pedestrian -1 -1 -10 699.0 170.0 712.0 197.0 -1 -1 -1 -1000 -1000 -1000 -10 0.0217437744140625
Car -1 -1 -10 339.0 174.0 415.0 199.0 -1 -1 -1 -1000 -1000 -1000 -10 0.0193634033203125
Car -1 -1 -10 1180.0 210.0 1242.0 372.0 -1 -1 -1 -1000 -1000 -1000 -10 0.0175628662109375
Car -1 -1 -10 1023.0 207.0 1242.0 373.0 -1 -1 -1 -1000 -1000 -1000 -10 0.0174102783203125
Car -1 -1 -10 1191.0 203.0 1241.0 368.0 -1 -1 -1 -1000 -1000 -1000 -10 0.01690673828125
Car -1 -1 -10 663.0 171.0 712.0 188.0 -1 -1 -1 -1000 -1000 -1000 -10 0.01486968994140625
Car -1 -1 -10 553.0 174.0 606.0 193.0 -1 -1 -1 -1000 -1000 -1000 -10 0.01320648193359375
Car -1 -1 -10 1200.0 203.0 1241.0 364.0 -1 -1 -1 -1000 -1000 -1000 -10 0.01276397705078125
Pedestrian -1 -1 -10 669.0 171.0 693.0 201.0 -1 -1 -1 -1000 -1000 -1000 -10 0.01003265380859375
Car -1 -1 -10 1205.0 212.0 1242.0 371.0 -1 -1 -1 -1000 -1000 -1000 -10 0.0091552734375
Pedestrian -1 -1 -10 672.0 169.0 682.0 194.0 -1 -1 -1 -1000 -1000 -1000 -10 0.0078887939453125
Pedestrian -1 -1 -10 660.0 170.0 694.0 194.0 -1 -1 -1 -1000 -1000 -1000 -10 0.007785797119140625
Car -1 -1 -10 555.0 170.0 602.0 191.0 -1 -1 -1 -1000 -1000 -1000 -10 0.00753021240234375
Car -1 -1 -10 652.0 170.0 703.0 194.0 -1 -1 -1 -1000 -1000 -1000 -10 0.00641632080078125
Pedestrian -1 -1 -10 666.0 164.0 721.0 199.0 -1 -1 -1 -1000 -1000 -1000 -10 0.0059051513671875
Car -1 -1 -10 662.0 167.0 721.0 187.0 -1 -1 -1 -1000 -1000 -1000 -10 0.004634857177734375
Car -1 -1 -10 1164.0 206.0 1242.0 367.0 -1 -1 -1 -1000 -1000 -1000 -10 0.002490997314453125
Car -1 -1 -10 570.0 153.0 644.0 189.0 -1 -1 -1 -1000 -1000 -1000 -10 0.002468109130859375
Car -1 -1 -10 682.0 172.0 720.0 194.0 -1 -1 -1 -1000 -1000 -1000 -10 0.0024204254150390625
Car -1 -1 -10 355.0 177.0 407.0 198.0 -1 -1 -1 -1000 -1000 -1000 -10 0.002285003662109375
Pedestrian -1 -1 -10 690.0 171.0 715.0 194.0 -1 -1 -1 -1000 -1000 -1000 -10 0.002166748046875
Pedestrian -1 -1 -10 662.0 167.0 703.0 206.0 -1 -1 -1 -1000 -1000 -1000 -10 0.0016088485717773438
Car -1 -1 -10 650.0 171.0 699.0 186.0 -1 -1 -1 -1000 -1000 -1000 -10 0.0016050338745117188
Car -1 -1 -10 1175.0 207.0 1242.0 349.0 -1 -1 -1 -1000 -1000 -1000 -10 0.0015811920166015625
Car -1 -1 -10 582.0 151.0 632.0 185.0 -1 -1 -1 -1000 -1000 -1000 -10 0.001575469970703125
Car -1 -1 -10 1211.0 187.0 1242.0 354.0 -1 -1 -1 -1000 -1000 -1000 -10 0.001537322998046875
Car -1 -1 -10 1099.0 208.0 1242.0 375.0 -1 -1 -1 -1000 -1000 -1000 -10 0.0014677047729492188
Car -1 -1 -10 579.0 161.0 627.0 187.0 -1 -1 -1 -1000 -1000 -1000 -10 0.0013866424560546875
Pedestrian -1 -1 -10 670.0 168.0 692.0 208.0 -1 -1 -1 -1000 -1000 -1000 -10 0.0012464523315429688
Pedestrian -1 -1 -10 682.0 167.0 721.0 188.0 -1 -1 -1 -1000 -1000 -1000 -10 0.0011625289916992188
Car -1 -1 -10 1150.0 193.0 1242.0 372.0 -1 -1 -1 -1000 -1000 -1000 -10 0.001117706298828125
Car -1 -1 -10 682.0 168.0 721.0 189.0 -1 -1 -1 -1000 -1000 -1000 -10 0.0010385513305664062
Car -1 -1 -10 1206.0 205.0 1242.0 349.0 -1 -1 -1 -1000 -1000 -1000 -10 0.0010223388671875
Pedestrian -1 -1 -10 694.0 168.0 714.0 195.0 -1 -1 -1 -1000 -1000 -1000 -10 0.0010204315185546875
Car -1 -1 -10 658.0 171.0 687.0 186.0 -1 -1 -1 -1000 -1000 -1000 -10 0.001018524169921875
Pedestrian -1 -1 -10 675.0 176.0 686.0 209.0 -1 -1 -1 -1000 -1000 -1000 -10 0.0009822845458984375
Pedestrian -1 -1 -10 699.0 167.0 720.0 192.0 -1 -1 -1 -1000 -1000 -1000 -10 0.0009655952453613281
Car -1 -1 -10 343.0 171.0 419.0 204.0 -1 -1 -1 -1000 -1000 -1000 -10 0.0009388923645019531
Car -1 -1 -10 140.0 188.0 274.0 296.0 -1 -1 -1 -1000 -1000 -1000 -10 0.000919342041015625
Pedestrian -1 -1 -10 696.0 167.0 723.0 192.0 -1 -1 -1 -1000 -1000 -1000 -10 0.0009131431579589844
Pedestrian -1 -1 -10 688.0 167.0 718.0 188.0 -1 -1 -1 -1000 -1000 -1000 -10 0.000797271728515625
Car -1 -1 -10 567.0 174.0 612.0 193.0 -1 -1 -1 -1000 -1000 -1000 -10 0.0006256103515625
Car -1 -1 -10 566.0 136.0 652.0 201.0 -1 -1 -1 -1000 -1000 -1000 -10 0.0005769729614257812
Car -1 -1 -10 553.0 166.0 610.0 196.0 -1 -1 -1 -1000 -1000 -1000 -10 0.0005321502685546875
Car -1 -1 -10 701.0 0.0 733.0 2.0 -1 -1 -1 -1000 -1000 -1000 -10 0.0004718303680419922
Pedestrian -1 -1 -10 682.0 169.0 729.0 193.0 -1 -1 -1 -1000 -1000 -1000 -10 0.0003676414489746094
Car -1 -1 -10 697.0 0.0 736.0 2.0 -1 -1 -1 -1000 -1000 -1000 -10 0.0003390312194824219
Car -1 -1 -10 662.0 164.0 728.0 199.0 -1 -1 -1 -1000 -1000 -1000 -10 0.00031876564025878906
Car -1 -1 -10 1192.0 202.0 1241.0 337.0 -1 -1 -1 -1000 -1000 -1000 -10 0.00031447410583496094
Car -1 -1 -10 709.0 0.0 739.0 2.0 -1 -1 -1 -1000 -1000 -1000 -10 0.0002970695495605469
Car -1 -1 -10 553.0 167.0 614.0 202.0 -1 -1 -1 -1000 -1000 -1000 -10 0.0002963542938232422
Car -1 -1 -10 464.0 173.0 524.0 207.0 -1 -1 -1 -1000 -1000 -1000 -10 0.0002849102020263672
Car -1 -1 -10 1209.0 199.0 1242.0 336.0 -1 -1 -1 -1000 -1000 -1000 -10 0.0002849102020263672
Car -1 -1 -10 648.0 172.0 684.0 192.0 -1 -1 -1 -1000 -1000 -1000 -10 0.0002551078796386719
Car -1 -1 -10 538.0 98.0 705.0 241.0 -1 -1 -1 -1000 -1000 -1000 -10 0.0002536773681640625
Car -1 -1 -10 515.0 96.0 692.0 240.0 -1 -1 -1 -1000 -1000 -1000 -10 0.0002467632293701172
Car -1 -1 -10 0.0 185.0 25.0 336.0 -1 -1 -1 -1000 -1000 -1000 -10 0.00024378299713134766
Car -1 -1 -10 652.0 172.0 680.0 192.0 -1 -1 -1 -1000 -1000 -1000 -10 0.00023734569549560547
Pedestrian -1 -1 -10 674.0 170.0 682.0 202.0 -1 -1 -1 -1000 -1000 -1000 -10 0.00022804737091064453
Car -1 -1 -10 652.0 169.0 679.0 187.0 -1 -1 -1 -1000 -1000 -1000 -10 0.00022590160369873047
Car -1 -1 -10 647.0 169.0 684.0 187.0 -1 -1 -1 -1000 -1000 -1000 -10 0.0002040863037109375
Car -1 -1 -10 0.0 195.0 26.0 367.0 -1 -1 -1 -1000 -1000 -1000 -10 0.0001996755599975586
Car -1 -1 -10 547.0 174.0 595.0 192.0 -1 -1 -1 -1000 -1000 -1000 -10 0.00019812583923339844
Car -1 -1 -10 1132.0 220.0 1242.0 371.0 -1 -1 -1 -1000 -1000 -1000 -10 0.00018906593322753906
Car -1 -1 -10 655.0 166.0 707.0 186.0 -1 -1 -1 -1000 -1000 -1000 -10 0.0001819133758544922
Car -1 -1 -10 0.0 182.0 25.0 304.0 -1 -1 -1 -1000 -1000 -1000 -10 0.00017309188842773438
Car -1 -1 -10 1217.0 157.0 1242.0 331.0 -1 -1 -1 -1000 -1000 -1000 -10 0.0001518726348876953
Car -1 -1 -10 1210.0 140.0 1241.0 349.0 -1 -1 -1 -1000 -1000 -1000 -10 0.00013947486877441406
Pedestrian -1 -1 -10 671.0 171.0 685.0 203.0 -1 -1 -1 -1000 -1000 -1000 -10 0.0001360177993774414
Car -1 -1 -10 1225.0 208.0 1242.0 344.0 -1 -1 -1 -1000 -1000 -1000 -10 0.00013434886932373047
Car -1 -1 -10 1009.0 325.0 1241.0 375.0 -1 -1 -1 -1000 -1000 -1000 -10 0.00013136863708496094
Car -1 -1 -10 1007.0 316.0 1242.0 375.0 -1 -1 -1 -1000 -1000 -1000 -10 0.0001289844512939453
Car -1 -1 -10 0.0 191.0 47.0 347.0 -1 -1 -1 -1000 -1000 -1000 -10 0.00012171268463134766
Pedestrian -1 -1 -10 668.0 171.0 688.0 202.0 -1 -1 -1 -1000 -1000 -1000 -10 0.00012058019638061523
Car -1 -1 -10 582.0 149.0 651.0 187.0 -1 -1 -1 -1000 -1000 -1000 -10 0.00011026859283447266
Car -1 -1 -10 1195.0 138.0 1242.0 354.0 -1 -1 -1 -1000 -1000 -1000 -10 0.00010800361633300781
Car -1 -1 -10 0.0 168.0 20.0 281.0 -1 -1 -1 -1000 -1000 -1000 -10 0.00010329484939575195
