Car -1 -1 -10 500.0 182.0 553.0 219.0 -1 -1 -1 -1000 -1000 -1000 -10 0.9560546875
Car -1 -1 -10 1214.0 155.0 1242.0 285.0 -1 -1 -1 -1000 -1000 -1000 -10 0.0028076171875
Car -1 -1 -10 1216.0 175.0 1242.0 295.0 -1 -1 -1 -1000 -1000 -1000 -10 0.002361297607421875
Car -1 -1 -10 1210.0 110.0 1242.0 296.0 -1 -1 -1 -1000 -1000 -1000 -10 0.0021076202392578125
Car -1 -1 -10 1212.0 125.0 1242.0 283.0 -1 -1 -1 -1000 -1000 -1000 -10 0.00199127197265625
Car -1 -1 -10 1213.0 168.0 1242.0 302.0 -1 -1 -1 -1000 -1000 -1000 -10 0.0019426345825195312
Car -1 -1 -10 1208.0 142.0 1242.0 296.0 -1 -1 -1 -1000 -1000 -1000 -10 0.0016603469848632812
Car -1 -1 -10 1204.0 100.0 1242.0 300.0 -1 -1 -1 -1000 -1000 -1000 -10 0.001453399658203125
Car -1 -1 -10 1208.0 175.0 1241.0 302.0 -1 -1 -1 -1000 -1000 -1000 -10 0.0014514923095703125
Car -1 -1 -10 497.0 169.0 567.0 234.0 -1 -1 -1 -1000 -1000 -1000 -10 0.0013036727905273438
Car -1 -1 -10 1200.0 133.0 1242.0 295.0 -1 -1 -1 -1000 -1000 -1000 -10 0.0012769699096679688
Car -1 -1 -10 1210.0 158.0 1242.0 271.0 -1 -1 -1 -1000 -1000 -1000 -10 0.0012178421020507812
Car -1 -1 -10 1200.0 58.0 1241.0 301.0 -1 -1 -1 -1000 -1000 -1000 -10 0.0010824203491210938
Car -1 -1 -10 1223.0 158.0 1242.0 271.0 -1 -1 -1 -1000 -1000 -1000 -10 0.00101470947265625
Car -1 -1 -10 1208.0 65.0 1242.0 299.0 -1 -1 -1 -1000 -1000 -1000 -10 0.0009889602661132812
Car -1 -1 -10 1211.0 180.0 1242.0 286.0 -1 -1 -1 -1000 -1000 -1000 -10 0.000885009765625
Car -1 -1 -10 496.0 169.0 556.0 226.0 -1 -1 -1 -1000 -1000 -1000 -10 0.0008492469787597656
Car -1 -1 -10 1219.0 194.0 1241.0 313.0 -1 -1 -1 -1000 -1000 -1000 -10 0.0008263587951660156
Car -1 -1 -10 1223.0 170.0 1242.0 278.0 -1 -1 -1 -1000 -1000 -1000 -10 0.000766754150390625
Car -1 -1 -10 1201.0 163.0 1242.0 310.0 -1 -1 -1 -1000 -1000 -1000 -10 0.0007290840148925781
Car -1 -1 -10 503.0 181.0 552.0 214.0 -1 -1 -1 -1000 -1000 -1000 -10 0.0007138252258300781
Car -1 -1 -10 1208.0 149.0 1242.0 261.0 -1 -1 -1 -1000 -1000 -1000 -10 0.0006933212280273438
Car -1 -1 -10 1204.0 122.0 1241.0 282.0 -1 -1 -1 -1000 -1000 -1000 -10 0.0006694793701171875
Car -1 -1 -10 1211.0 83.0 1242.0 283.0 -1 -1 -1 -1000 -1000 -1000 -10 0.0006613731384277344
Car -1 -1 -10 1214.0 187.0 1241.0 321.0 -1 -1 -1 -1000 -1000 -1000 -10 0.0006422996520996094
Car -1 -1 -10 1225.0 184.0 1242.0 285.0 -1 -1 -1 -1000 -1000 -1000 -10 0.0006175041198730469
Car -1 -1 -10 1204.0 166.0 1242.0 283.0 -1 -1 -1 -1000 -1000 -1000 -10 0.0005888938903808594
Car -1 -1 -10 1212.0 194.0 1242.0 294.0 -1 -1 -1 -1000 -1000 -1000 -10 0.0005497932434082031
Car -1 -1 -10 1201.0 182.0 1242.0 289.0 -1 -1 -1 -1000 -1000 -1000 -10 0.0005307197570800781
Car -1 -1 -10 1207.0 190.0 1242.0 321.0 -1 -1 -1 -1000 -1000 -1000 -10 0.0005068778991699219
Car -1 -1 -10 442.0 133.0 595.0 246.0 -1 -1 -1 -1000 -1000 -1000 -10 0.0005049705505371094
Car -1 -1 -10 1221.0 201.0 1242.0 361.0 -1 -1 -1 -1000 -1000 -1000 -10 0.0004878044128417969
Car -1 -1 -10 433.0 133.0 604.0 278.0 -1 -1 -1 -1000 -1000 -1000 -10 0.0004093647003173828
Car -1 -1 -10 1226.0 195.0 1242.0 295.0 -1 -1 -1 -1000 -1000 -1000 -10 0.0004038810729980469
Car -1 -1 -10 1183.0 150.0 1242.0 279.0 -1 -1 -1 -1000 -1000 -1000 -10 0.00037670135498046875
Car -1 -1 -10 470.0 136.0 619.0 275.0 -1 -1 -1 -1000 -1000 -1000 -10 0.0003693103790283203
Car -1 -1 -10 1223.0 149.0 1242.0 260.0 -1 -1 -1 -1000 -1000 -1000 -10 0.0003540515899658203
Car -1 -1 -10 1212.0 205.0 1242.0 302.0 -1 -1 -1 -1000 -1000 -1000 -10 0.0003514289855957031
Car -1 -1 -10 1201.0 88.0 1241.0 275.0 -1 -1 -1 -1000 -1000 -1000 -10 0.0003514289855957031
Car -1 -1 -10 1212.0 222.0 1241.0 375.0 -1 -1 -1 -1000 -1000 -1000 -10 0.00033354759216308594
Car -1 -1 -10 1200.0 199.0 1241.0 308.0 -1 -1 -1 -1000 -1000 -1000 -10 0.0003333091735839844
Car -1 -1 -10 1220.0 221.0 1242.0 375.0 -1 -1 -1 -1000 -1000 -1000 -10 0.0003192424774169922
Car -1 -1 -10 1215.0 195.0 1241.0 368.0 -1 -1 -1 -1000 -1000 -1000 -10 0.000308990478515625
Car -1 -1 -10 1226.0 204.0 1242.0 306.0 -1 -1 -1 -1000 -1000 -1000 -10 0.0002911090850830078
Car -1 -1 -10 1202.0 148.0 1241.0 263.0 -1 -1 -1 -1000 -1000 -1000 -10 0.00028395652770996094
Car -1 -1 -10 1188.0 25.0 1242.0 269.0 -1 -1 -1 -1000 -1000 -1000 -10 0.0002536773681640625
Car -1 -1 -10 1190.0 127.0 1242.0 297.0 -1 -1 -1 -1000 -1000 -1000 -10 0.0002522468566894531
Car -1 -1 -10 1214.0 210.0 1242.0 316.0 -1 -1 -1 -1000 -1000 -1000 -10 0.00024628639221191406
Car -1 -1 -10 1208.0 194.0 1241.0 366.0 -1 -1 -1 -1000 -1000 -1000 -10 0.00020372867584228516
Car -1 -1 -10 1185.0 186.0 1242.0 310.0 -1 -1 -1 -1000 -1000 -1000 -10 0.00018930435180664062
Car -1 -1 -10 1188.0 68.0 1242.0 291.0 -1 -1 -1 -1000 -1000 -1000 -10 0.00018322467803955078
Car -1 -1 -10 1195.0 22.0 1241.0 296.0 -1 -1 -1 -1000 -1000 -1000 -10 0.00016772747039794922
Car -1 -1 -10 1169.0 145.0 1242.0 281.0 -1 -1 -1 -1000 -1000 -1000 -10 0.00013375282287597656
Car -1 -1 -10 1190.0 163.0 1242.0 316.0 -1 -1 -1 -1000 -1000 -1000 -10 0.00012177228927612305
Car -1 -1 -10 1209.0 32.0 1241.0 293.0 -1 -1 -1 -1000 -1000 -1000 -10 0.00012153387069702148
Car -1 -1 -10 1209.0 142.0 1242.0 247.0 -1 -1 -1 -1000 -1000 -1000 -10 0.00011289119720458984
Car -1 -1 -10 1134.0 0.0 1242.0 4.0 -1 -1 -1 -1000 -1000 -1000 -10 0.00010383129119873047
Car -1 -1 -10 1202.0 209.0 1241.0 317.0 -1 -1 -1 -1000 -1000 -1000 -10 0.00010353326797485352
