Car -1 -1 -10 762.0 189.0 974.0 320.0 -1 -1 -1 -1000 -1000 -1000 -10 0.9716796875
Car -1 -1 -10 754.0 176.0 811.0 213.0 -1 -1 -1 -1000 -1000 -1000 -10 0.97021484375
Car -1 -1 -10 658.0 177.0 698.0 210.0 -1 -1 -1 -1000 -1000 -1000 -10 0.9521484375
Car -1 -1 -10 853.0 179.0 996.0 248.0 -1 -1 -1 -1000 -1000 -1000 -10 0.9482421875
Car -1 -1 -10 831.0 170.0 1003.0 268.0 -1 -1 -1 -1000 -1000 -1000 -10 0.0036487579345703125
Car -1 -1 -10 748.0 164.0 814.0 227.0 -1 -1 -1 -1000 -1000 -1000 -10 0.0021076202392578125
Car -1 -1 -10 753.0 165.0 825.0 231.0 -1 -1 -1 -1000 -1000 -1000 -10 0.001750946044921875
Car -1 -1 -10 1219.0 192.0 1242.0 368.0 -1 -1 -1 -1000 -1000 -1000 -10 0.0011806488037109375
Car -1 -1 -10 535.0 2.0 610.0 57.0 -1 -1 -1 -1000 -1000 -1000 -10 0.001132965087890625
Car -1 -1 -10 1206.0 190.0 1242.0 375.0 -1 -1 -1 -1000 -1000 -1000 -10 0.0010633468627929688
Car -1 -1 -10 289.0 69.0 307.0 86.0 -1 -1 -1 -1000 -1000 -1000 -10 0.0010423660278320312
Car -1 -1 -10 292.0 70.0 305.0 86.0 -1 -1 -1 -1000 -1000 -1000 -10 0.0010089874267578125
Car -1 -1 -10 1214.0 186.0 1241.0 375.0 -1 -1 -1 -1000 -1000 -1000 -10 0.0009007453918457031
Car -1 -1 -10 1216.0 211.0 1242.0 375.0 -1 -1 -1 -1000 -1000 -1000 -10 0.0006847381591796875
Car -1 -1 -10 293.0 70.0 307.0 85.0 -1 -1 -1 -1000 -1000 -1000 -10 0.000675201416015625
Car -1 -1 -10 290.0 70.0 309.0 86.0 -1 -1 -1 -1000 -1000 -1000 -10 0.0006022453308105469
Car -1 -1 -10 1223.0 186.0 1242.0 341.0 -1 -1 -1 -1000 -1000 -1000 -10 0.0005979537963867188
Car -1 -1 -10 798.0 191.0 944.0 315.0 -1 -1 -1 -1000 -1000 -1000 -10 0.0005474090576171875
Car -1 -1 -10 1212.0 203.0 1241.0 375.0 -1 -1 -1 -1000 -1000 -1000 -10 0.0005369186401367188
Car -1 -1 -10 611.0 3.0 684.0 54.0 -1 -1 -1 -1000 -1000 -1000 -10 0.0005016326904296875
Car -1 -1 -10 651.0 160.0 705.0 216.0 -1 -1 -1 -1000 -1000 -1000 -10 0.0004954338073730469
Car -1 -1 -10 650.0 164.0 708.0 226.0 -1 -1 -1 -1000 -1000 -1000 -10 0.00048232078552246094
Car -1 -1 -10 690.0 133.0 853.0 273.0 -1 -1 -1 -1000 -1000 -1000 -10 0.0004494190216064453
Car -1 -1 -10 857.0 177.0 989.0 237.0 -1 -1 -1 -1000 -1000 -1000 -10 0.0004165172576904297
Car -1 -1 -10 724.0 135.0 876.0 275.0 -1 -1 -1 -1000 -1000 -1000 -10 0.00040602684020996094
Car -1 -1 -10 693.0 126.0 847.0 239.0 -1 -1 -1 -1000 -1000 -1000 -10 0.0003764629364013672
Car -1 -1 -10 1217.0 179.0 1242.0 348.0 -1 -1 -1 -1000 -1000 -1000 -10 0.0003750324249267578
Car -1 -1 -10 531.0 1.0 619.0 60.0 -1 -1 -1 -1000 -1000 -1000 -10 0.00037097930908203125
Car -1 -1 -10 1198.0 213.0 1242.0 375.0 -1 -1 -1 -1000 -1000 -1000 -10 0.00033926963806152344
Car -1 -1 -10 1210.0 179.0 1241.0 348.0 -1 -1 -1 -1000 -1000 -1000 -10 0.00026702880859375
Car -1 -1 -10 643.0 165.0 704.0 224.0 -1 -1 -1 -1000 -1000 -1000 -10 0.0002593994140625
Car -1 -1 -10 596.0 131.0 767.0 276.0 -1 -1 -1 -1000 -1000 -1000 -10 0.00025534629821777344
Car -1 -1 -10 1228.0 195.0 1242.0 315.0 -1 -1 -1 -1000 -1000 -1000 -10 0.00023293495178222656
Car -1 -1 -10 598.0 116.0 765.0 242.0 -1 -1 -1 -1000 -1000 -1000 -10 0.00020837783813476562
Car -1 -1 -10 1225.0 179.0 1242.0 307.0 -1 -1 -1 -1000 -1000 -1000 -10 0.00019800662994384766
Car -1 -1 -10 533.0 2.0 600.0 54.0 -1 -1 -1 -1000 -1000 -1000 -10 0.00018894672393798828
Car -1 -1 -10 562.0 135.0 748.0 271.0 -1 -1 -1 -1000 -1000 -1000 -10 0.00017189979553222656
Car -1 -1 -10 899.0 181.0 941.0 239.0 -1 -1 -1 -1000 -1000 -1000 -10 0.00017082691192626953
Car -1 -1 -10 1230.0 189.0 1242.0 298.0 -1 -1 -1 -1000 -1000 -1000 -10 0.00015616416931152344
Car -1 -1 -10 1175.0 209.0 1242.0 371.0 -1 -1 -1 -1000 -1000 -1000 -10 0.00015294551849365234
Car -1 -1 -10 1219.0 192.0 1242.0 317.0 -1 -1 -1 -1000 -1000 -1000 -10 0.0001513957977294922
Car -1 -1 -10 904.0 181.0 948.0 240.0 -1 -1 -1 -1000 -1000 -1000 -10 0.00014710426330566406
Car -1 -1 -10 603.0 2.0 675.0 52.0 -1 -1 -1 -1000 -1000 -1000 -10 0.00013053417205810547
Car -1 -1 -10 315.0 101.0 345.0 129.0 -1 -1 -1 -1000 -1000 -1000 -10 0.00011652708053588867
Car -1 -1 -10 664.0 1.0 735.0 51.0 -1 -1 -1 -1000 -1000 -1000 -10 0.00011456012725830078
Car -1 -1 -10 1152.0 198.0 1242.0 375.0 -1 -1 -1 -1000 -1000 -1000 -10 0.00011402368545532227
Car -1 -1 -10 1187.0 225.0 1242.0 375.0 -1 -1 -1 -1000 -1000 -1000 -10 0.00010913610458374023
Car -1 -1 -10 1233.0 169.0 1242.0 238.0 -1 -1 -1 -1000 -1000 -1000 -10 0.00010478496551513672
