Car -1 -1 -10 431.0 169.0 487.0 211.0 -1 -1 -1 -1000 -1000 -1000 -10 0.9482421875
Car -1 -1 -10 685.0 177.0 706.0 194.0 -1 -1 -1 -1000 -1000 -1000 -10 0.888671875
Car -1 -1 -10 681.0 177.0 703.0 193.0 -1 -1 -1 -1000 -1000 -1000 -10 0.00519561767578125
Car -1 -1 -10 686.0 177.0 710.0 195.0 -1 -1 -1 -1000 -1000 -1000 -10 0.0021343231201171875
Car -1 -1 -10 687.0 174.0 705.0 190.0 -1 -1 -1 -1000 -1000 -1000 -10 0.0006341934204101562
Car -1 -1 -10 428.0 160.0 495.0 225.0 -1 -1 -1 -1000 -1000 -1000 -10 0.0006051063537597656
Car -1 -1 -10 427.0 155.0 490.0 216.0 -1 -1 -1 -1000 -1000 -1000 -10 0.00058746337890625
Car -1 -1 -10 1212.0 194.0 1242.0 372.0 -1 -1 -1 -1000 -1000 -1000 -10 0.0005640983581542969
Car -1 -1 -10 434.0 173.0 485.0 212.0 -1 -1 -1 -1000 -1000 -1000 -10 0.0005412101745605469
Car -1 -1 -10 689.0 177.0 710.0 193.0 -1 -1 -1 -1000 -1000 -1000 -10 0.0004303455352783203
Car -1 -1 -10 682.0 174.0 707.0 205.0 -1 -1 -1 -1000 -1000 -1000 -10 0.00040459632873535156
Car -1 -1 -10 558.0 1.0 631.0 55.0 -1 -1 -1 -1000 -1000 -1000 -10 0.00030994415283203125
Car -1 -1 -10 358.0 132.0 527.0 266.0 -1 -1 -1 -1000 -1000 -1000 -10 0.00030112266540527344
Car -1 -1 -10 684.0 173.0 707.0 199.0 -1 -1 -1 -1000 -1000 -1000 -10 0.0002906322479248047
Car -1 -1 -10 386.0 131.0 553.0 270.0 -1 -1 -1 -1000 -1000 -1000 -10 0.00026226043701171875
Car -1 -1 -10 1194.0 195.0 1242.0 375.0 -1 -1 -1 -1000 -1000 -1000 -10 0.00023877620697021484
Car -1 -1 -10 391.0 118.0 546.0 237.0 -1 -1 -1 -1000 -1000 -1000 -10 0.00023734569549560547
Car -1 -1 -10 430.0 176.0 481.0 212.0 -1 -1 -1 -1000 -1000 -1000 -10 0.0002084970474243164
Car -1 -1 -10 1219.0 180.0 1242.0 351.0 -1 -1 -1 -1000 -1000 -1000 -10 0.00017261505126953125
Car -1 -1 -10 1221.0 116.0 1242.0 194.0 -1 -1 -1 -1000 -1000 -1000 -10 0.00014829635620117188
Car -1 -1 -10 724.0 335.0 842.0 372.0 -1 -1 -1 -1000 -1000 -1000 -10 0.0001361370086669922
Car -1 -1 -10 1188.0 216.0 1242.0 372.0 -1 -1 -1 -1000 -1000 -1000 -10 0.00012540817260742188
Car -1 -1 -10 1213.0 172.0 1241.0 360.0 -1 -1 -1 -1000 -1000 -1000 -10 0.00011980533599853516
Car -1 -1 -10 677.0 179.0 702.0 199.0 -1 -1 -1 -1000 -1000 -1000 -10 0.00010263919830322266
