Car -1 -1 -10 435.0 182.0 501.0 226.0 -1 -1 -1 -1000 -1000 -1000 -10 0.97314453125
Car -1 -1 -10 576.0 173.0 655.0 245.0 -1 -1 -1 -1000 -1000 -1000 -10 0.9697265625
Car -1 -1 -10 265.0 180.0 439.0 288.0 -1 -1 -1 -1000 -1000 -1000 -10 0.96875
Car -1 -1 -10 73.0 188.0 275.0 274.0 -1 -1 -1 -1000 -1000 -1000 -10 0.96484375
Car -1 -1 -10 482.0 178.0 533.0 212.0 -1 -1 -1 -1000 -1000 -1000 -10 0.9384765625
Car -1 -1 -10 240.0 182.0 322.0 221.0 -1 -1 -1 -1000 -1000 -1000 -10 0.9296875
Car -1 -1 -10 403.0 170.0 445.0 199.0 -1 -1 -1 -1000 -1000 -1000 -10 0.927734375
Car -1 -1 -10 120.0 183.0 257.0 235.0 -1 -1 -1 -1000 -1000 -1000 -10 0.87841796875
Car -1 -1 -10 642.0 178.0 663.0 193.0 -1 -1 -1 -1000 -1000 -1000 -10 0.826171875
Car -1 -1 -10 97.0 183.0 264.0 245.0 -1 -1 -1 -1000 -1000 -1000 -10 0.340576171875
Car -1 -1 -10 87.0 186.0 271.0 259.0 -1 -1 -1 -1000 -1000 -1000 -10 0.177734375
Car -1 -1 -10 116.0 188.0 238.0 261.0 -1 -1 -1 -1000 -1000 -1000 -10 0.16845703125
Car -1 -1 -10 636.0 177.0 662.0 194.0 -1 -1 -1 -1000 -1000 -1000 -10 0.059814453125
Car -1 -1 -10 109.0 182.0 248.0 238.0 -1 -1 -1 -1000 -1000 -1000 -10 0.0166473388671875
Car -1 -1 -10 115.0 179.0 266.0 243.0 -1 -1 -1 -1000 -1000 -1000 -10 0.01406097412109375
Car -1 -1 -10 649.0 178.0 666.0 191.0 -1 -1 -1 -1000 -1000 -1000 -10 0.00576019287109375
Car -1 -1 -10 309.0 181.0 377.0 212.0 -1 -1 -1 -1000 -1000 -1000 -10 0.0038204193115234375
Car -1 -1 -10 0.0 205.0 31.0 368.0 -1 -1 -1 -1000 -1000 -1000 -10 0.0031604766845703125
Car -1 -1 -10 0.0 202.0 41.0 369.0 -1 -1 -1 -1000 -1000 -1000 -10 0.002361297607421875
Car -1 -1 -10 104.0 190.0 244.0 268.0 -1 -1 -1 -1000 -1000 -1000 -10 0.002285003662109375
Car -1 -1 -10 224.0 140.0 397.0 291.0 -1 -1 -1 -1000 -1000 -1000 -10 0.002223968505859375
Car -1 -1 -10 609.0 173.0 632.0 190.0 -1 -1 -1 -1000 -1000 -1000 -10 0.002063751220703125
Car -1 -1 -10 430.0 179.0 493.0 219.0 -1 -1 -1 -1000 -1000 -1000 -10 0.0015821456909179688
Car -1 -1 -10 390.0 172.0 441.0 207.0 -1 -1 -1 -1000 -1000 -1000 -10 0.0014181137084960938
Car -1 -1 -10 0.0 206.0 57.0 369.0 -1 -1 -1 -1000 -1000 -1000 -10 0.0011644363403320312
Car -1 -1 -10 644.0 176.0 664.0 189.0 -1 -1 -1 -1000 -1000 -1000 -10 0.0010995864868164062
Car -1 -1 -10 586.0 175.0 611.0 194.0 -1 -1 -1 -1000 -1000 -1000 -10 0.001071929931640625
Car -1 -1 -10 239.0 171.0 371.0 254.0 -1 -1 -1 -1000 -1000 -1000 -10 0.0010499954223632812
Car -1 -1 -10 477.0 161.0 537.0 218.0 -1 -1 -1 -1000 -1000 -1000 -10 0.0009403228759765625
Car -1 -1 -10 131.0 184.0 265.0 240.0 -1 -1 -1 -1000 -1000 -1000 -10 0.0008769035339355469
Car -1 -1 -10 231.0 171.0 328.0 237.0 -1 -1 -1 -1000 -1000 -1000 -10 0.0008759498596191406
Car -1 -1 -10 434.0 168.0 511.0 234.0 -1 -1 -1 -1000 -1000 -1000 -10 0.0007829666137695312
Car -1 -1 -10 394.0 171.0 442.0 204.0 -1 -1 -1 -1000 -1000 -1000 -10 0.0007824897766113281
Car -1 -1 -10 109.0 186.0 266.0 253.0 -1 -1 -1 -1000 -1000 -1000 -10 0.000782012939453125
Car -1 -1 -10 476.0 165.0 541.0 229.0 -1 -1 -1 -1000 -1000 -1000 -10 0.0007801055908203125
Car -1 -1 -10 308.0 180.0 381.0 219.0 -1 -1 -1 -1000 -1000 -1000 -10 0.0007357597351074219
Car -1 -1 -10 626.0 177.0 649.0 193.0 -1 -1 -1 -1000 -1000 -1000 -10 0.0006299018859863281
Car -1 -1 -10 431.0 172.0 503.0 230.0 -1 -1 -1 -1000 -1000 -1000 -10 0.0005865097045898438
Car -1 -1 -10 551.0 162.0 666.0 257.0 -1 -1 -1 -1000 -1000 -1000 -10 0.0005297660827636719
Car -1 -1 -10 585.0 174.0 606.0 191.0 -1 -1 -1 -1000 -1000 -1000 -10 0.0005207061767578125
Car -1 -1 -10 0.0 201.0 47.0 355.0 -1 -1 -1 -1000 -1000 -1000 -10 0.0005064010620117188
Car -1 -1 -10 582.0 173.0 598.0 186.0 -1 -1 -1 -1000 -1000 -1000 -10 0.0005040168762207031
Car -1 -1 -10 610.0 175.0 635.0 192.0 -1 -1 -1 -1000 -1000 -1000 -10 0.0004756450653076172
Car -1 -1 -10 403.0 168.0 443.0 196.0 -1 -1 -1 -1000 -1000 -1000 -10 0.000453948974609375
Car -1 -1 -10 307.0 115.0 489.0 250.0 -1 -1 -1 -1000 -1000 -1000 -10 0.0004336833953857422
Car -1 -1 -10 0.0 192.0 23.0 347.0 -1 -1 -1 -1000 -1000 -1000 -10 0.0004138946533203125
Car -1 -1 -10 0.0 226.0 49.0 376.0 -1 -1 -1 -1000 -1000 -1000 -10 0.00040411949157714844
Car -1 -1 -10 180.0 135.0 368.0 281.0 -1 -1 -1 -1000 -1000 -1000 -10 0.00037789344787597656
Car -1 -1 -10 586.0 177.0 646.0 224.0 -1 -1 -1 -1000 -1000 -1000 -10 0.00036215782165527344
Car -1 -1 -10 250.0 182.0 337.0 219.0 -1 -1 -1 -1000 -1000 -1000 -10 0.0003573894500732422
Car -1 -1 -10 0.0 218.0 29.0 356.0 -1 -1 -1 -1000 -1000 -1000 -10 0.0003387928009033203
Car -1 -1 -10 582.0 176.0 608.0 198.0 -1 -1 -1 -1000 -1000 -1000 -10 0.00031757354736328125
Car -1 -1 -10 425.0 133.0 596.0 276.0 -1 -1 -1 -1000 -1000 -1000 -10 0.00030541419982910156
Car -1 -1 -10 400.0 167.0 445.0 204.0 -1 -1 -1 -1000 -1000 -1000 -10 0.0002987384796142578
Car -1 -1 -10 569.0 161.0 683.0 258.0 -1 -1 -1 -1000 -1000 -1000 -10 0.0002942085266113281
Car -1 -1 -10 429.0 120.0 593.0 241.0 -1 -1 -1 -1000 -1000 -1000 -10 0.0002913475036621094
Car -1 -1 -10 369.0 179.0 426.0 212.0 -1 -1 -1 -1000 -1000 -1000 -10 0.0002841949462890625
Car -1 -1 -10 380.0 153.0 451.0 223.0 -1 -1 -1 -1000 -1000 -1000 -10 0.00028014183044433594
Car -1 -1 -10 315.0 179.0 384.0 212.0 -1 -1 -1 -1000 -1000 -1000 -10 0.0002796649932861328
Car -1 -1 -10 641.0 176.0 664.0 195.0 -1 -1 -1 -1000 -1000 -1000 -10 0.0002644062042236328
Car -1 -1 -10 145.0 182.0 225.0 232.0 -1 -1 -1 -1000 -1000 -1000 -10 0.0002562999725341797
Car -1 -1 -10 396.0 139.0 547.0 250.0 -1 -1 -1 -1000 -1000 -1000 -10 0.0002465248107910156
Car -1 -1 -10 192.0 134.0 357.0 249.0 -1 -1 -1 -1000 -1000 -1000 -10 0.00024437904357910156
Car -1 -1 -10 90.0 153.0 301.0 275.0 -1 -1 -1 -1000 -1000 -1000 -10 0.00023746490478515625
Car -1 -1 -10 398.0 170.0 439.0 200.0 -1 -1 -1 -1000 -1000 -1000 -10 0.0002359151840209961
Car -1 -1 -10 296.0 179.0 371.0 216.0 -1 -1 -1 -1000 -1000 -1000 -10 0.00022983551025390625
Car -1 -1 -10 394.0 140.0 558.0 271.0 -1 -1 -1 -1000 -1000 -1000 -10 0.00022399425506591797
Car -1 -1 -10 166.0 184.0 213.0 230.0 -1 -1 -1 -1000 -1000 -1000 -10 0.0002193450927734375
Car -1 -1 -10 0.0 189.0 18.0 255.0 -1 -1 -1 -1000 -1000 -1000 -10 0.00021600723266601562
Car -1 -1 -10 589.0 172.0 631.0 195.0 -1 -1 -1 -1000 -1000 -1000 -10 0.00021278858184814453
Car -1 -1 -10 0.0 248.0 29.0 376.0 -1 -1 -1 -1000 -1000 -1000 -10 0.0002086162567138672
Car -1 -1 -10 1.0 188.0 43.0 351.0 -1 -1 -1 -1000 -1000 -1000 -10 0.00020420551300048828
Car -1 -1 -10 359.0 178.0 425.0 216.0 -1 -1 -1 -1000 -1000 -1000 -10 0.00018405914306640625
Car -1 -1 -10 0.0 221.0 15.0 352.0 -1 -1 -1 -1000 -1000 -1000 -10 0.00018084049224853516
Car -1 -1 -10 578.0 170.0 606.0 191.0 -1 -1 -1 -1000 -1000 -1000 -10 0.00016701221466064453
Car -1 -1 -10 2.0 219.0 45.0 357.0 -1 -1 -1 -1000 -1000 -1000 -10 0.00016438961029052734
Car -1 -1 -10 0.0 200.0 82.0 371.0 -1 -1 -1 -1000 -1000 -1000 -10 0.00015723705291748047
Car -1 -1 -10 363.0 139.0 532.0 273.0 -1 -1 -1 -1000 -1000 -1000 -10 0.00015437602996826172
Car -1 -1 -10 0.0 193.0 20.0 271.0 -1 -1 -1 -1000 -1000 -1000 -10 0.00015175342559814453
Car -1 -1 -10 0.0 235.0 30.0 372.0 -1 -1 -1 -1000 -1000 -1000 -10 0.00015079975128173828
Car -1 -1 -10 643.0 178.0 670.0 195.0 -1 -1 -1 -1000 -1000 -1000 -10 0.00014221668243408203
Car -1 -1 -10 159.0 184.0 206.0 230.0 -1 -1 -1 -1000 -1000 -1000 -10 0.00013756752014160156
Car -1 -1 -10 638.0 173.0 664.0 200.0 -1 -1 -1 -1000 -1000 -1000 -10 0.0001232624053955078
Car -1 -1 -10 518.0 177.0 558.0 202.0 -1 -1 -1 -1000 -1000 -1000 -10 0.00012177228927612305
Car -1 -1 -10 642.0 173.0 666.0 201.0 -1 -1 -1 -1000 -1000 -1000 -10 0.00011646747589111328
Car -1 -1 -10 269.0 162.0 461.0 282.0 -1 -1 -1 -1000 -1000 -1000 -10 0.00011521577835083008
Car -1 -1 -10 606.0 173.0 626.0 188.0 -1 -1 -1 -1000 -1000 -1000 -10 0.00011134147644042969
Car -1 -1 -10 0.0 185.0 25.0 259.0 -1 -1 -1 -1000 -1000 -1000 -10 0.00010693073272705078
Car -1 -1 -10 257.0 185.0 309.0 216.0 -1 -1 -1 -1000 -1000 -1000 -10 0.00010561943054199219
Car -1 -1 -10 242.0 181.0 330.0 226.0 -1 -1 -1 -1000 -1000 -1000 -10 0.00010412931442260742
