Car -1 -1 -10 486.0 175.0 715.0 266.0 -1 -1 -1 -1000 -1000 -1000 -10 0.96484375
Car -1 -1 -10 539.0 177.0 671.0 257.0 -1 -1 -1 -1000 -1000 -1000 -10 0.0012454986572265625
Car -1 -1 -10 292.0 70.0 305.0 85.0 -1 -1 -1 -1000 -1000 -1000 -10 0.0008392333984375
Car -1 -1 -10 289.0 69.0 307.0 86.0 -1 -1 -1 -1000 -1000 -1000 -10 0.0007719993591308594
Car -1 -1 -10 1219.0 201.0 1242.0 363.0 -1 -1 -1 -1000 -1000 -1000 -10 0.0006442070007324219
Car -1 -1 -10 293.0 70.0 307.0 85.0 -1 -1 -1 -1000 -1000 -1000 -10 0.0005321502685546875
Car -1 -1 -10 1215.0 195.0 1242.0 370.0 -1 -1 -1 -1000 -1000 -1000 -10 0.0004475116729736328
Car -1 -1 -10 290.0 70.0 309.0 85.0 -1 -1 -1 -1000 -1000 -1000 -10 0.000431060791015625
Car -1 -1 -10 1222.0 186.0 1241.0 343.0 -1 -1 -1 -1000 -1000 -1000 -10 0.0003056526184082031
Car -1 -1 -10 1206.0 199.0 1242.0 369.0 -1 -1 -1 -1000 -1000 -1000 -10 0.0002498626708984375
Car -1 -1 -10 1213.0 211.0 1241.0 375.0 -1 -1 -1 -1000 -1000 -1000 -10 0.0002467632293701172
Car -1 -1 -10 1216.0 180.0 1242.0 351.0 -1 -1 -1 -1000 -1000 -1000 -10 0.00019216537475585938
Car -1 -1 -10 1202.0 222.0 1242.0 374.0 -1 -1 -1 -1000 -1000 -1000 -10 0.0001380443572998047
Car -1 -1 -10 1215.0 229.0 1242.0 362.0 -1 -1 -1 -1000 -1000 -1000 -10 0.00011116266250610352
