Car -1 -1 -10 152.0 178.0 237.0 215.0 -1 -1 -1 -1000 -1000 -1000 -10 0.94775390625
Car -1 -1 -10 633.0 131.0 694.0 202.0 -1 -1 -1 -1000 -1000 -1000 -10 0.943359375
Car -1 -1 -10 218.0 179.0 291.0 208.0 -1 -1 -1 -1000 -1000 -1000 -10 0.935546875
Car -1 -1 -10 286.0 177.0 344.0 201.0 -1 -1 -1 -1000 -1000 -1000 -10 0.92578125
Car -1 -1 -10 358.0 176.0 398.0 195.0 -1 -1 -1 -1000 -1000 -1000 -10 0.70751953125
Car -1 -1 -10 330.0 176.0 374.0 197.0 -1 -1 -1 -1000 -1000 -1000 -10 0.30859375
Car -1 -1 -10 411.0 174.0 442.0 191.0 -1 -1 -1 -1000 -1000 -1000 -10 0.28564453125
Car -1 -1 -10 405.0 174.0 438.0 191.0 -1 -1 -1 -1000 -1000 -1000 -10 0.06048583984375
Car -1 -1 -10 418.0 174.0 446.0 191.0 -1 -1 -1 -1000 -1000 -1000 -10 0.04132080078125
Car -1 -1 -10 353.0 177.0 397.0 197.0 -1 -1 -1 -1000 -1000 -1000 -10 0.0079803466796875
Car -1 -1 -10 308.0 48.0 334.0 64.0 -1 -1 -1 -1000 -1000 -1000 -10 0.00748443603515625
Car -1 -1 -10 408.0 173.0 437.0 190.0 -1 -1 -1 -1000 -1000 -1000 -10 0.0066070556640625
Car -1 -1 -10 421.0 174.0 452.0 190.0 -1 -1 -1 -1000 -1000 -1000 -10 0.005268096923828125
Car -1 -1 -10 410.0 175.0 438.0 191.0 -1 -1 -1 -1000 -1000 -1000 -10 0.0034027099609375
Car -1 -1 -10 304.0 47.0 337.0 65.0 -1 -1 -1 -1000 -1000 -1000 -10 0.00276947021484375
Car -1 -1 -10 402.0 175.0 431.0 192.0 -1 -1 -1 -1000 -1000 -1000 -10 0.002544403076171875
Car -1 -1 -10 424.0 175.0 450.0 191.0 -1 -1 -1 -1000 -1000 -1000 -10 0.0015459060668945312
Car -1 -1 -10 411.0 172.0 444.0 192.0 -1 -1 -1 -1000 -1000 -1000 -10 0.0014667510986328125
Car -1 -1 -10 146.0 165.0 242.0 230.0 -1 -1 -1 -1000 -1000 -1000 -10 0.0012683868408203125
Car -1 -1 -10 430.0 175.0 454.0 190.0 -1 -1 -1 -1000 -1000 -1000 -10 0.000732421875
Car -1 -1 -10 284.0 174.0 346.0 208.0 -1 -1 -1 -1000 -1000 -1000 -10 0.000682830810546875
Car -1 -1 -10 380.0 176.0 424.0 195.0 -1 -1 -1 -1000 -1000 -1000 -10 0.0006213188171386719
Car -1 -1 -10 308.0 50.0 336.0 67.0 -1 -1 -1 -1000 -1000 -1000 -10 0.0006074905395507812
Car -1 -1 -10 285.0 181.0 343.0 205.0 -1 -1 -1 -1000 -1000 -1000 -10 0.0005879402160644531
Car -1 -1 -10 597.0 121.0 705.0 216.0 -1 -1 -1 -1000 -1000 -1000 -10 0.00057220458984375
Car -1 -1 -10 426.0 173.0 450.0 188.0 -1 -1 -1 -1000 -1000 -1000 -10 0.0005464553833007812
Car -1 -1 -10 216.0 176.0 293.0 211.0 -1 -1 -1 -1000 -1000 -1000 -10 0.0004968643188476562
Car -1 -1 -10 360.0 173.0 397.0 192.0 -1 -1 -1 -1000 -1000 -1000 -10 0.0004801750183105469
Car -1 -1 -10 305.0 50.0 339.0 67.0 -1 -1 -1 -1000 -1000 -1000 -10 0.0004398822784423828
Cyclist -1 -1 -10 1223.0 179.0 1242.0 340.0 -1 -1 -1 -1000 -1000 -1000 -10 0.0003960132598876953
Car -1 -1 -10 325.0 177.0 362.0 195.0 -1 -1 -1 -1000 -1000 -1000 -10 0.00038123130798339844
Car -1 -1 -10 98.0 130.0 282.0 276.0 -1 -1 -1 -1000 -1000 -1000 -10 0.00035500526428222656
Car -1 -1 -10 355.0 173.0 401.0 206.0 -1 -1 -1 -1000 -1000 -1000 -10 0.0003314018249511719
Car -1 -1 -10 620.0 119.0 732.0 217.0 -1 -1 -1 -1000 -1000 -1000 -10 0.0002808570861816406
Car -1 -1 -10 106.0 127.0 273.0 242.0 -1 -1 -1 -1000 -1000 -1000 -10 0.0002684593200683594
Cyclist -1 -1 -10 1217.0 168.0 1242.0 352.0 -1 -1 -1 -1000 -1000 -1000 -10 0.0002593994140625
Car -1 -1 -10 294.0 177.0 344.0 199.0 -1 -1 -1 -1000 -1000 -1000 -10 0.00025582313537597656
Cyclist -1 -1 -10 1223.0 162.0 1242.0 320.0 -1 -1 -1 -1000 -1000 -1000 -10 0.0002524852752685547
Car -1 -1 -10 340.0 54.0 360.0 68.0 -1 -1 -1 -1000 -1000 -1000 -10 0.00024378299713134766
Car -1 -1 -10 166.0 181.0 216.0 208.0 -1 -1 -1 -1000 -1000 -1000 -10 0.00024116039276123047
Car -1 -1 -10 356.0 170.0 400.0 200.0 -1 -1 -1 -1000 -1000 -1000 -10 0.00021636486053466797
Car -1 -1 -10 634.0 126.0 690.0 195.0 -1 -1 -1 -1000 -1000 -1000 -10 0.0002046823501586914
Car -1 -1 -10 343.0 169.0 393.0 202.0 -1 -1 -1 -1000 -1000 -1000 -10 0.00018084049224853516
Cyclist -1 -1 -10 1225.0 151.0 1242.0 292.0 -1 -1 -1 -1000 -1000 -1000 -10 0.00017821788787841797
Car -1 -1 -10 338.0 54.0 362.0 68.0 -1 -1 -1 -1000 -1000 -1000 -10 0.00017321109771728516
Car -1 -1 -10 122.0 132.0 293.0 272.0 -1 -1 -1 -1000 -1000 -1000 -10 0.0001704692840576172
Cyclist -1 -1 -10 1218.0 150.0 1242.0 333.0 -1 -1 -1 -1000 -1000 -1000 -10 0.00016963481903076172
Car -1 -1 -10 375.0 175.0 406.0 193.0 -1 -1 -1 -1000 -1000 -1000 -10 0.0001621246337890625
Car -1 -1 -10 336.0 48.0 364.0 67.0 -1 -1 -1 -1000 -1000 -1000 -10 0.0001538991928100586
Car -1 -1 -10 228.0 180.0 280.0 204.0 -1 -1 -1 -1000 -1000 -1000 -10 0.000152587890625
Car -1 -1 -10 397.0 176.0 427.0 193.0 -1 -1 -1 -1000 -1000 -1000 -10 0.0001404285430908203
Car -1 -1 -10 327.0 174.0 375.0 207.0 -1 -1 -1 -1000 -1000 -1000 -10 0.00013875961303710938
Car -1 -1 -10 412.0 168.0 447.0 198.0 -1 -1 -1 -1000 -1000 -1000 -10 0.00012671947479248047
Car -1 -1 -10 322.0 178.0 358.0 198.0 -1 -1 -1 -1000 -1000 -1000 -10 0.00012552738189697266
Car -1 -1 -10 328.0 170.0 374.0 201.0 -1 -1 -1 -1000 -1000 -1000 -10 0.00012129545211791992
Pedestrian -1 -1 -10 726.0 0.0 748.0 0.0 -1 -1 -1 -1000 -1000 -1000 -10 0.00011795759201049805
Car -1 -1 -10 0.0 192.0 22.0 332.0 -1 -1 -1 -1000 -1000 -1000 -10 0.00011652708053588867
Cyclist -1 -1 -10 1221.0 193.0 1242.0 356.0 -1 -1 -1 -1000 -1000 -1000 -10 0.00011491775512695312
Cyclist -1 -1 -10 1208.0 168.0 1242.0 353.0 -1 -1 -1 -1000 -1000 -1000 -10 0.00011491775512695312
Car -1 -1 -10 461.0 325.0 603.0 370.0 -1 -1 -1 -1000 -1000 -1000 -10 0.00011205673217773438
Cyclist -1 -1 -10 1221.0 127.0 1242.0 278.0 -1 -1 -1 -1000 -1000 -1000 -10 0.0001055002212524414
