Car -1 -1 -10 62.0 193.0 157.0 230.0 -1 -1 -1 -1000 -1000 -1000 -10 0.95361328125
Car -1 -1 -10 580.0 160.0 609.0 189.0 -1 -1 -1 -1000 -1000 -1000 -10 0.947265625
Car -1 -1 -10 237.0 187.0 297.0 217.0 -1 -1 -1 -1000 -1000 -1000 -10 0.939453125
Car -1 -1 -10 546.0 173.0 568.0 194.0 -1 -1 -1 -1000 -1000 -1000 -10 0.9267578125
Car -1 -1 -10 0.0 200.0 52.0 235.0 -1 -1 -1 -1000 -1000 -1000 -10 0.923828125
Car -1 -1 -10 0.0 189.0 56.0 259.0 -1 -1 -1 -1000 -1000 -1000 -10 0.0015935897827148438
Car -1 -1 -10 54.0 178.0 160.0 245.0 -1 -1 -1 -1000 -1000 -1000 -10 0.0012998580932617188
Car -1 -1 -10 288.0 185.0 326.0 204.0 -1 -1 -1 -1000 -1000 -1000 -10 0.0012102127075195312
Car -1 -1 -10 1216.0 193.0 1242.0 368.0 -1 -1 -1 -1000 -1000 -1000 -10 0.0009751319885253906
Car -1 -1 -10 1220.0 182.0 1242.0 346.0 -1 -1 -1 -1000 -1000 -1000 -10 0.0009679794311523438
Car -1 -1 -10 578.0 164.0 606.0 190.0 -1 -1 -1 -1000 -1000 -1000 -10 0.0009188652038574219
Car -1 -1 -10 526.0 0.0 602.0 56.0 -1 -1 -1 -1000 -1000 -1000 -10 0.0009112358093261719
Car -1 -1 -10 0.0 184.0 63.0 249.0 -1 -1 -1 -1000 -1000 -1000 -10 0.000843048095703125
Car -1 -1 -10 576.0 0.0 652.0 56.0 -1 -1 -1 -1000 -1000 -1000 -10 0.0008082389831542969
Car -1 -1 -10 1215.0 177.0 1241.0 352.0 -1 -1 -1 -1000 -1000 -1000 -10 0.0007619857788085938
Car -1 -1 -10 545.0 168.0 569.0 197.0 -1 -1 -1 -1000 -1000 -1000 -10 0.0006995201110839844
Car -1 -1 -10 84.0 198.0 133.0 224.0 -1 -1 -1 -1000 -1000 -1000 -10 0.0006785392761230469
Car -1 -1 -10 515.0 0.0 595.0 56.0 -1 -1 -1 -1000 -1000 -1000 -10 0.00066375732421875
Car -1 -1 -10 615.0 163.0 640.0 185.0 -1 -1 -1 -1000 -1000 -1000 -10 0.0006628036499023438
Car -1 -1 -10 228.0 172.0 305.0 237.0 -1 -1 -1 -1000 -1000 -1000 -10 0.0005464553833007812
Car -1 -1 -10 14.0 138.0 196.0 283.0 -1 -1 -1 -1000 -1000 -1000 -10 0.0005354881286621094
Car -1 -1 -10 0.0 194.0 26.0 227.0 -1 -1 -1 -1000 -1000 -1000 -10 0.00047707557678222656
Car -1 -1 -10 550.0 170.0 571.0 192.0 -1 -1 -1 -1000 -1000 -1000 -10 0.00046706199645996094
Car -1 -1 -10 571.0 0.0 641.0 55.0 -1 -1 -1 -1000 -1000 -1000 -10 0.00043129920959472656
Car -1 -1 -10 1225.0 184.0 1241.0 304.0 -1 -1 -1 -1000 -1000 -1000 -10 0.00041866302490234375
Car -1 -1 -10 535.0 1.0 608.0 55.0 -1 -1 -1 -1000 -1000 -1000 -10 0.00036525726318359375
Car -1 -1 -10 0.0 147.0 113.0 281.0 -1 -1 -1 -1000 -1000 -1000 -10 0.0003204345703125
Car -1 -1 -10 1208.0 170.0 1242.0 359.0 -1 -1 -1 -1000 -1000 -1000 -10 0.00031495094299316406
Car -1 -1 -10 560.0 1.0 637.0 55.0 -1 -1 -1 -1000 -1000 -1000 -10 0.0003066062927246094
Car -1 -1 -10 61.0 191.0 150.0 227.0 -1 -1 -1 -1000 -1000 -1000 -10 0.00030159950256347656
Car -1 -1 -10 230.0 171.0 301.0 226.0 -1 -1 -1 -1000 -1000 -1000 -10 0.0003006458282470703
Car -1 -1 -10 616.0 166.0 636.0 184.0 -1 -1 -1 -1000 -1000 -1000 -10 0.00029206275939941406
Car -1 -1 -10 0.0 232.0 26.0 367.0 -1 -1 -1 -1000 -1000 -1000 -10 0.0002834796905517578
Car -1 -1 -10 1206.0 192.0 1242.0 373.0 -1 -1 -1 -1000 -1000 -1000 -10 0.00028252601623535156
Car -1 -1 -10 287.0 187.0 326.0 206.0 -1 -1 -1 -1000 -1000 -1000 -10 0.0002818107604980469
Car -1 -1 -10 0.0 213.0 25.0 354.0 -1 -1 -1 -1000 -1000 -1000 -10 0.0002732276916503906
Car -1 -1 -10 579.0 158.0 610.0 192.0 -1 -1 -1 -1000 -1000 -1000 -10 0.0002675056457519531
Car -1 -1 -10 1229.0 193.0 1242.0 293.0 -1 -1 -1 -1000 -1000 -1000 -10 0.0002586841583251953
Car -1 -1 -10 503.0 0.0 583.0 55.0 -1 -1 -1 -1000 -1000 -1000 -10 0.00024580955505371094
Car -1 -1 -10 0.0 207.0 19.0 307.0 -1 -1 -1 -1000 -1000 -1000 -10 0.00023984909057617188
Car -1 -1 -10 0.0 167.0 104.0 302.0 -1 -1 -1 -1000 -1000 -1000 -10 0.0002321004867553711
Car -1 -1 -10 1218.0 172.0 1241.0 317.0 -1 -1 -1 -1000 -1000 -1000 -10 0.0002275705337524414
Car -1 -1 -10 0.0 142.0 101.0 285.0 -1 -1 -1 -1000 -1000 -1000 -10 0.0002205371856689453
Car -1 -1 -10 1212.0 210.0 1242.0 371.0 -1 -1 -1 -1000 -1000 -1000 -10 0.00020766258239746094
Car -1 -1 -10 0.0 194.0 52.0 232.0 -1 -1 -1 -1000 -1000 -1000 -10 0.00019979476928710938
Car -1 -1 -10 0.0 194.0 9.0 223.0 -1 -1 -1 -1000 -1000 -1000 -10 0.00019073486328125
Car -1 -1 -10 184.0 131.0 349.0 249.0 -1 -1 -1 -1000 -1000 -1000 -10 0.00018727779388427734
Car -1 -1 -10 176.0 137.0 356.0 280.0 -1 -1 -1 -1000 -1000 -1000 -10 0.0001825094223022461
Car -1 -1 -10 564.0 1.0 648.0 60.0 -1 -1 -1 -1000 -1000 -1000 -10 0.00018215179443359375
Car -1 -1 -10 0.0 226.0 31.0 373.0 -1 -1 -1 -1000 -1000 -1000 -10 0.0001760721206665039
Car -1 -1 -10 1230.0 192.0 1242.0 276.0 -1 -1 -1 -1000 -1000 -1000 -10 0.0001728534698486328
Car -1 -1 -10 474.0 0.0 551.0 56.0 -1 -1 -1 -1000 -1000 -1000 -10 0.000171661376953125
Car -1 -1 -10 483.0 0.0 561.0 55.0 -1 -1 -1 -1000 -1000 -1000 -10 0.0001690387725830078
Car -1 -1 -10 0.0 207.0 29.0 359.0 -1 -1 -1 -1000 -1000 -1000 -10 0.0001647472381591797
Car -1 -1 -10 1219.0 185.0 1242.0 304.0 -1 -1 -1 -1000 -1000 -1000 -10 0.0001647472381591797
Car -1 -1 -10 285.0 182.0 329.0 204.0 -1 -1 -1 -1000 -1000 -1000 -10 0.0001634359359741211
Car -1 -1 -10 1221.0 191.0 1242.0 296.0 -1 -1 -1 -1000 -1000 -1000 -10 0.00016224384307861328
Car -1 -1 -10 75.0 193.0 158.0 228.0 -1 -1 -1 -1000 -1000 -1000 -10 0.00016045570373535156
Car -1 -1 -10 1.0 229.0 53.0 372.0 -1 -1 -1 -1000 -1000 -1000 -10 0.00016021728515625
Car -1 -1 -10 235.0 185.0 299.0 222.0 -1 -1 -1 -1000 -1000 -1000 -10 0.0001583099365234375
Car -1 -1 -10 0.0 200.0 50.0 367.0 -1 -1 -1 -1000 -1000 -1000 -10 0.00015211105346679688
Car -1 -1 -10 548.0 2.0 620.0 55.0 -1 -1 -1 -1000 -1000 -1000 -10 0.0001480579376220703
Car -1 -1 -10 842.0 84.0 856.0 100.0 -1 -1 -1 -1000 -1000 -1000 -10 0.00014007091522216797
Car -1 -1 -10 0.0 194.0 14.0 224.0 -1 -1 -1 -1000 -1000 -1000 -10 0.00013887882232666016
Car -1 -1 -10 1209.0 166.0 1242.0 320.0 -1 -1 -1 -1000 -1000 -1000 -10 0.00013506412506103516
Car -1 -1 -10 1214.0 201.0 1242.0 327.0 -1 -1 -1 -1000 -1000 -1000 -10 0.00013339519500732422
Car -1 -1 -10 838.0 81.0 864.0 103.0 -1 -1 -1 -1000 -1000 -1000 -10 0.00013196468353271484
Car -1 -1 -10 1227.0 198.0 1242.0 309.0 -1 -1 -1 -1000 -1000 -1000 -10 0.00012993812561035156
Car -1 -1 -10 492.0 0.0 571.0 55.0 -1 -1 -1 -1000 -1000 -1000 -10 0.00012958049774169922
Car -1 -1 -10 836.0 83.0 863.0 100.0 -1 -1 -1 -1000 -1000 -1000 -10 0.00012731552124023438
Car -1 -1 -10 1.0 203.0 52.0 245.0 -1 -1 -1 -1000 -1000 -1000 -10 0.00012314319610595703
Car -1 -1 -10 613.0 160.0 639.0 182.0 -1 -1 -1 -1000 -1000 -1000 -10 0.00012063980102539062
Car -1 -1 -10 1212.0 178.0 1241.0 308.0 -1 -1 -1 -1000 -1000 -1000 -10 0.00011992454528808594
Car -1 -1 -10 0.0 201.0 9.0 231.0 -1 -1 -1 -1000 -1000 -1000 -10 0.00011819601058959961
Car -1 -1 -10 1223.0 170.0 1242.0 284.0 -1 -1 -1 -1000 -1000 -1000 -10 0.00010710954666137695
