Car -1 -1 -10 577.0 177.0 637.0 235.0 -1 -1 -1 -1000 -1000 -1000 -10 0.9619140625
Car -1 -1 -10 726.0 100.0 870.0 225.0 -1 -1 -1 -1000 -1000 -1000 -10 0.96142578125
Car -1 -1 -10 960.0 0.0 1239.0 360.0 -1 -1 -1 -1000 -1000 -1000 -10 0.96142578125
Car -1 -1 -10 789.0 28.0 1122.0 276.0 -1 -1 -1 -1000 -1000 -1000 -10 0.94970703125
Car -1 -1 -10 1192.0 15.0 1242.0 371.0 -1 -1 -1 -1000 -1000 -1000 -10 0.00794219970703125
Car -1 -1 -10 1208.0 9.0 1242.0 370.0 -1 -1 -1 -1000 -1000 -1000 -10 0.00482177734375
Car -1 -1 -10 1181.0 3.0 1241.0 349.0 -1 -1 -1 -1000 -1000 -1000 -10 0.0016841888427734375
Car -1 -1 -10 1197.0 6.0 1242.0 318.0 -1 -1 -1 -1000 -1000 -1000 -10 0.0009293556213378906
Car -1 -1 -10 1214.0 46.0 1242.0 306.0 -1 -1 -1 -1000 -1000 -1000 -10 0.000926971435546875
Car -1 -1 -10 988.0 3.0 1242.0 321.0 -1 -1 -1 -1000 -1000 -1000 -10 0.0007071495056152344
Car -1 -1 -10 1158.0 0.0 1242.0 360.0 -1 -1 -1 -1000 -1000 -1000 -10 0.0006499290466308594
Car -1 -1 -10 1217.0 41.0 1242.0 283.0 -1 -1 -1 -1000 -1000 -1000 -10 0.0005712509155273438
Car -1 -1 -10 1212.0 83.0 1242.0 346.0 -1 -1 -1 -1000 -1000 -1000 -10 0.0005145072937011719
Car -1 -1 -10 1209.0 91.0 1242.0 375.0 -1 -1 -1 -1000 -1000 -1000 -10 0.0005078315734863281
Car -1 -1 -10 1190.0 80.0 1242.0 353.0 -1 -1 -1 -1000 -1000 -1000 -10 0.0004987716674804688
Car -1 -1 -10 0.0 229.0 23.0 370.0 -1 -1 -1 -1000 -1000 -1000 -10 0.0003905296325683594
Car -1 -1 -10 1213.0 112.0 1242.0 359.0 -1 -1 -1 -1000 -1000 -1000 -10 0.0003566741943359375
Car -1 -1 -10 551.0 144.0 695.0 273.0 -1 -1 -1 -1000 -1000 -1000 -10 0.00031757354736328125
Car -1 -1 -10 947.0 9.0 1206.0 348.0 -1 -1 -1 -1000 -1000 -1000 -10 0.0002789497375488281
Car -1 -1 -10 533.0 151.0 673.0 254.0 -1 -1 -1 -1000 -1000 -1000 -10 0.0002696514129638672
Car -1 -1 -10 524.0 142.0 682.0 272.0 -1 -1 -1 -1000 -1000 -1000 -10 0.0002677440643310547
Car -1 -1 -10 1141.0 7.0 1242.0 349.0 -1 -1 -1 -1000 -1000 -1000 -10 0.00024199485778808594
Car -1 -1 -10 584.0 178.0 642.0 233.0 -1 -1 -1 -1000 -1000 -1000 -10 0.00020992755889892578
Car -1 -1 -10 0.0 205.0 21.0 364.0 -1 -1 -1 -1000 -1000 -1000 -10 0.00020372867584228516
Car -1 -1 -10 1216.0 150.0 1242.0 365.0 -1 -1 -1 -1000 -1000 -1000 -10 0.00019860267639160156
Car -1 -1 -10 815.0 15.0 1107.0 251.0 -1 -1 -1 -1000 -1000 -1000 -10 0.00017440319061279297
Car -1 -1 -10 723.0 114.0 860.0 222.0 -1 -1 -1 -1000 -1000 -1000 -10 0.0001634359359741211
Car -1 -1 -10 1211.0 135.0 1242.0 375.0 -1 -1 -1 -1000 -1000 -1000 -10 0.00016176700592041016
Car -1 -1 -10 1.0 186.0 19.0 335.0 -1 -1 -1 -1000 -1000 -1000 -10 0.00016021728515625
Car -1 -1 -10 1219.0 187.0 1242.0 367.0 -1 -1 -1 -1000 -1000 -1000 -10 0.00013840198516845703
Car -1 -1 -10 0.0 231.0 40.0 372.0 -1 -1 -1 -1000 -1000 -1000 -10 0.00013720989227294922
Car -1 -1 -10 0.0 198.0 25.0 370.0 -1 -1 -1 -1000 -1000 -1000 -10 0.00013399124145507812
Car -1 -1 -10 966.0 76.0 1236.0 304.0 -1 -1 -1 -1000 -1000 -1000 -10 0.00013136863708496094
Car -1 -1 -10 0.0 166.0 19.0 313.0 -1 -1 -1 -1000 -1000 -1000 -10 0.0001304149627685547
Car -1 -1 -10 0.0 251.0 25.0 374.0 -1 -1 -1 -1000 -1000 -1000 -10 0.00010460615158081055
Car -1 -1 -10 797.0 30.0 1095.0 235.0 -1 -1 -1 -1000 -1000 -1000 -10 0.00010442733764648438
Car -1 -1 -10 1212.0 57.0 1242.0 264.0 -1 -1 -1 -1000 -1000 -1000 -10 0.00010406970977783203
Car -1 -1 -10 1184.0 102.0 1242.0 365.0 -1 -1 -1 -1000 -1000 -1000 -10 0.00010097026824951172
Car -1 -1 -10 1087.0 2.0 1242.0 353.0 -1 -1 -1 -1000 -1000 -1000 -10 0.00010091066360473633
