Car -1 -1 -10 313.0 194.0 387.0 228.0 -1 -1 -1 -1000 -1000 -1000 -10 0.95703125
Car -1 -1 -10 584.0 182.0 637.0 232.0 -1 -1 -1 -1000 -1000 -1000 -10 0.9541015625
Car -1 -1 -10 439.0 189.0 472.0 209.0 -1 -1 -1 -1000 -1000 -1000 -10 0.8935546875
Car -1 -1 -10 641.0 178.0 688.0 199.0 -1 -1 -1 -1000 -1000 -1000 -10 0.8857421875
Car -1 -1 -10 455.0 186.0 487.0 206.0 -1 -1 -1 -1000 -1000 -1000 -10 0.87939453125
Car -1 -1 -10 442.0 187.0 484.0 208.0 -1 -1 -1 -1000 -1000 -1000 -10 0.6337890625
Car -1 -1 -10 633.0 179.0 677.0 198.0 -1 -1 -1 -1000 -1000 -1000 -10 0.1341552734375
Car -1 -1 -10 648.0 178.0 691.0 198.0 -1 -1 -1 -1000 -1000 -1000 -10 0.0101318359375
Car -1 -1 -10 442.0 181.0 487.0 213.0 -1 -1 -1 -1000 -1000 -1000 -10 0.001861572265625
Car -1 -1 -10 525.0 180.0 543.0 193.0 -1 -1 -1 -1000 -1000 -1000 -10 0.0013685226440429688
Car -1 -1 -10 436.0 186.0 474.0 214.0 -1 -1 -1 -1000 -1000 -1000 -10 0.0008592605590820312
Car -1 -1 -10 489.0 85.0 517.0 106.0 -1 -1 -1 -1000 -1000 -1000 -10 0.0007719993591308594
Car -1 -1 -10 453.0 182.0 488.0 213.0 -1 -1 -1 -1000 -1000 -1000 -10 0.0007586479187011719
Car -1 -1 -10 627.0 177.0 668.0 197.0 -1 -1 -1 -1000 -1000 -1000 -10 0.0006308555603027344
Car -1 -1 -10 637.0 175.0 688.0 206.0 -1 -1 -1 -1000 -1000 -1000 -10 0.00060272216796875
Car -1 -1 -10 639.0 172.0 691.0 203.0 -1 -1 -1 -1000 -1000 -1000 -10 0.0005860328674316406
Car -1 -1 -10 307.0 178.0 393.0 244.0 -1 -1 -1 -1000 -1000 -1000 -10 0.0005755424499511719
Car -1 -1 -10 580.0 173.0 639.0 238.0 -1 -1 -1 -1000 -1000 -1000 -10 0.0005273818969726562
Car -1 -1 -10 454.0 183.0 486.0 202.0 -1 -1 -1 -1000 -1000 -1000 -10 0.0004241466522216797
Car -1 -1 -10 313.0 190.0 385.0 225.0 -1 -1 -1 -1000 -1000 -1000 -10 0.0003218650817871094
Car -1 -1 -10 1.0 183.0 18.0 294.0 -1 -1 -1 -1000 -1000 -1000 -10 0.00031185150146484375
Car -1 -1 -10 0.0 182.0 13.0 283.0 -1 -1 -1 -1000 -1000 -1000 -10 0.0002753734588623047
Car -1 -1 -10 459.0 183.0 492.0 204.0 -1 -1 -1 -1000 -1000 -1000 -10 0.0002689361572265625
Car -1 -1 -10 256.0 135.0 442.0 285.0 -1 -1 -1 -1000 -1000 -1000 -10 0.00026226043701171875
Car -1 -1 -10 1.0 176.0 17.0 276.0 -1 -1 -1 -1000 -1000 -1000 -10 0.0002608299255371094
Car -1 -1 -10 520.0 138.0 683.0 276.0 -1 -1 -1 -1000 -1000 -1000 -10 0.0002491474151611328
Car -1 -1 -10 556.0 140.0 703.0 277.0 -1 -1 -1 -1000 -1000 -1000 -10 0.0002149343490600586
Car -1 -1 -10 523.0 179.0 539.0 192.0 -1 -1 -1 -1000 -1000 -1000 -10 0.00020837783813476562
Car -1 -1 -10 1.0 187.0 18.0 327.0 -1 -1 -1 -1000 -1000 -1000 -10 0.00018525123596191406
Car -1 -1 -10 531.0 149.0 675.0 255.0 -1 -1 -1 -1000 -1000 -1000 -10 0.00017881393432617188
Car -1 -1 -10 0.0 225.0 21.0 374.0 -1 -1 -1 -1000 -1000 -1000 -10 0.00017452239990234375
Car -1 -1 -10 0.0 200.0 19.0 369.0 -1 -1 -1 -1000 -1000 -1000 -10 0.0001691579818725586
Car -1 -1 -10 525.0 181.0 544.0 194.0 -1 -1 -1 -1000 -1000 -1000 -10 0.00016641616821289062
Car -1 -1 -10 437.0 183.0 480.0 217.0 -1 -1 -1 -1000 -1000 -1000 -10 0.00015676021575927734
Car -1 -1 -10 586.0 181.0 631.0 223.0 -1 -1 -1 -1000 -1000 -1000 -10 0.0001552104949951172
Car -1 -1 -10 0.0 199.0 13.0 305.0 -1 -1 -1 -1000 -1000 -1000 -10 0.00014674663543701172
Car -1 -1 -10 1.0 175.0 24.0 301.0 -1 -1 -1 -1000 -1000 -1000 -10 0.00013446807861328125
Car -1 -1 -10 0.0 188.0 15.0 278.0 -1 -1 -1 -1000 -1000 -1000 -10 0.00012505054473876953
Car -1 -1 -10 448.0 182.0 475.0 202.0 -1 -1 -1 -1000 -1000 -1000 -10 0.00011277198791503906
Car -1 -1 -10 628.0 179.0 664.0 198.0 -1 -1 -1 -1000 -1000 -1000 -10 0.00011074542999267578
Car -1 -1 -10 656.0 176.0 699.0 197.0 -1 -1 -1 -1000 -1000 -1000 -10 0.00011026859283447266
Car -1 -1 -10 1227.0 160.0 1242.0 245.0 -1 -1 -1 -1000 -1000 -1000 -10 0.00010418891906738281
Car -1 -1 -10 471.0 183.0 492.0 198.0 -1 -1 -1 -1000 -1000 -1000 -10 0.00010120868682861328
