Car -1 -1 -10 411.0 182.0 522.0 263.0 -1 -1 -1 -1000 -1000 -1000 -10 0.974609375
Car -1 -1 -10 3.0 194.0 407.0 371.0 -1 -1 -1 -1000 -1000 -1000 -10 0.97412109375
Car -1 -1 -10 587.0 173.0 645.0 228.0 -1 -1 -1 -1000 -1000 -1000 -10 0.95849609375
Car -1 -1 -10 380.0 172.0 463.0 227.0 -1 -1 -1 -1000 -1000 -1000 -10 0.94091796875
Car -1 -1 -10 530.0 172.0 580.0 216.0 -1 -1 -1 -1000 -1000 -1000 -10 0.939453125
Car -1 -1 -10 466.0 176.0 513.0 204.0 -1 -1 -1 -1000 -1000 -1000 -10 0.9111328125
Car -1 -1 -10 384.0 172.0 464.0 219.0 -1 -1 -1 -1000 -1000 -1000 -10 0.036285400390625
Car -1 -1 -10 534.0 171.0 581.0 211.0 -1 -1 -1 -1000 -1000 -1000 -10 0.0174102783203125
Car -1 -1 -10 459.0 178.0 510.0 211.0 -1 -1 -1 -1000 -1000 -1000 -10 0.00580596923828125
Car -1 -1 -10 0.0 181.0 29.0 331.0 -1 -1 -1 -1000 -1000 -1000 -10 0.0050048828125
Car -1 -1 -10 0.0 182.0 26.0 300.0 -1 -1 -1 -1000 -1000 -1000 -10 0.004581451416015625
Car -1 -1 -10 0.0 191.0 31.0 367.0 -1 -1 -1 -1000 -1000 -1000 -10 0.003917694091796875
Car -1 -1 -10 0.0 189.0 24.0 282.0 -1 -1 -1 -1000 -1000 -1000 -10 0.0032806396484375
Car -1 -1 -10 0.0 190.0 28.0 317.0 -1 -1 -1 -1000 -1000 -1000 -10 0.002994537353515625
Car -1 -1 -10 469.0 175.0 514.0 201.0 -1 -1 -1 -1000 -1000 -1000 -10 0.00286102294921875
Car -1 -1 -10 0.0 192.0 52.0 370.0 -1 -1 -1 -1000 -1000 -1000 -10 0.0027904510498046875
Car -1 -1 -10 0.0 177.0 42.0 343.0 -1 -1 -1 -1000 -1000 -1000 -10 0.00252532958984375
Car -1 -1 -10 0.0 188.0 44.0 322.0 -1 -1 -1 -1000 -1000 -1000 -10 0.0023593902587890625
Car -1 -1 -10 0.0 175.0 33.0 309.0 -1 -1 -1 -1000 -1000 -1000 -10 0.00200653076171875
Car -1 -1 -10 389.0 170.0 464.0 209.0 -1 -1 -1 -1000 -1000 -1000 -10 0.0018777847290039062
Car -1 -1 -10 1.0 183.0 24.0 271.0 -1 -1 -1 -1000 -1000 -1000 -10 0.0016918182373046875
Car -1 -1 -10 443.0 172.0 514.0 214.0 -1 -1 -1 -1000 -1000 -1000 -10 0.0014781951904296875
Car -1 -1 -10 0.0 185.0 40.0 307.0 -1 -1 -1 -1000 -1000 -1000 -10 0.0013065338134765625
Car -1 -1 -10 1.0 182.0 38.0 292.0 -1 -1 -1 -1000 -1000 -1000 -10 0.0012760162353515625
Car -1 -1 -10 590.0 173.0 644.0 219.0 -1 -1 -1 -1000 -1000 -1000 -10 0.0011959075927734375
Car -1 -1 -10 0.0 198.0 75.0 369.0 -1 -1 -1 -1000 -1000 -1000 -10 0.001132965087890625
Car -1 -1 -10 0.0 191.0 18.0 278.0 -1 -1 -1 -1000 -1000 -1000 -10 0.0011157989501953125
Car -1 -1 -10 0.0 182.0 16.0 271.0 -1 -1 -1 -1000 -1000 -1000 -10 0.0010576248168945312
Car -1 -1 -10 0.0 204.0 27.0 374.0 -1 -1 -1 -1000 -1000 -1000 -10 0.001033782958984375
Car -1 -1 -10 404.0 175.0 530.0 275.0 -1 -1 -1 -1000 -1000 -1000 -10 0.0010223388671875
Car -1 -1 -10 464.0 174.0 515.0 210.0 -1 -1 -1 -1000 -1000 -1000 -10 0.0008487701416015625
Car -1 -1 -10 509.0 166.0 579.0 232.0 -1 -1 -1 -1000 -1000 -1000 -10 0.0008339881896972656
Car -1 -1 -10 0.0 180.0 63.0 358.0 -1 -1 -1 -1000 -1000 -1000 -10 0.0006990432739257812
Car -1 -1 -10 525.0 159.0 584.0 219.0 -1 -1 -1 -1000 -1000 -1000 -10 0.0006780624389648438
Car -1 -1 -10 529.0 172.0 573.0 213.0 -1 -1 -1 -1000 -1000 -1000 -10 0.0006337165832519531
Car -1 -1 -10 640.0 168.0 658.0 187.0 -1 -1 -1 -1000 -1000 -1000 -10 0.0006127357482910156
Car -1 -1 -10 1210.0 183.0 1238.0 374.0 -1 -1 -1 -1000 -1000 -1000 -10 0.0005884170532226562
Car -1 -1 -10 0.0 158.0 44.0 313.0 -1 -1 -1 -1000 -1000 -1000 -10 0.0005846023559570312
Car -1 -1 -10 1.0 195.0 95.0 371.0 -1 -1 -1 -1000 -1000 -1000 -10 0.0005784034729003906
Car -1 -1 -10 583.0 168.0 646.0 232.0 -1 -1 -1 -1000 -1000 -1000 -10 0.0005359649658203125
Car -1 -1 -10 0.0 147.0 35.0 307.0 -1 -1 -1 -1000 -1000 -1000 -10 0.0004622936248779297
Car -1 -1 -10 431.0 175.0 510.0 230.0 -1 -1 -1 -1000 -1000 -1000 -10 0.000431060791015625
Car -1 -1 -10 0.0 193.0 19.0 291.0 -1 -1 -1 -1000 -1000 -1000 -10 0.0004107952117919922
Car -1 -1 -10 0.0 191.0 18.0 313.0 -1 -1 -1 -1000 -1000 -1000 -10 0.00037860870361328125
Car -1 -1 -10 329.0 140.0 496.0 268.0 -1 -1 -1 -1000 -1000 -1000 -10 0.00034165382385253906
Car -1 -1 -10 473.0 123.0 639.0 241.0 -1 -1 -1 -1000 -1000 -1000 -10 0.0002868175506591797
Car -1 -1 -10 91.0 195.0 399.0 370.0 -1 -1 -1 -1000 -1000 -1000 -10 0.0002853870391845703
Car -1 -1 -10 0.0 166.0 35.0 287.0 -1 -1 -1 -1000 -1000 -1000 -10 0.0002574920654296875
Car -1 -1 -10 350.0 139.0 512.0 249.0 -1 -1 -1 -1000 -1000 -1000 -10 0.00025343894958496094
Car -1 -1 -10 1.0 189.0 62.0 322.0 -1 -1 -1 -1000 -1000 -1000 -10 0.0002472400665283203
Car -1 -1 -10 1195.0 181.0 1238.0 374.0 -1 -1 -1 -1000 -1000 -1000 -10 0.00023698806762695312
Car -1 -1 -10 405.0 169.0 466.0 206.0 -1 -1 -1 -1000 -1000 -1000 -10 0.00023186206817626953
Car -1 -1 -10 554.0 136.0 710.0 273.0 -1 -1 -1 -1000 -1000 -1000 -10 0.00021648406982421875
Car -1 -1 -10 520.0 172.0 570.0 208.0 -1 -1 -1 -1000 -1000 -1000 -10 0.00020897388458251953
Car -1 -1 -10 533.0 91.0 558.0 112.0 -1 -1 -1 -1000 -1000 -1000 -10 0.00019371509552001953
Car -1 -1 -10 0.0 109.0 27.0 303.0 -1 -1 -1 -1000 -1000 -1000 -10 0.00019180774688720703
Car -1 -1 -10 0.0 129.0 24.0 286.0 -1 -1 -1 -1000 -1000 -1000 -10 0.00018906593322753906
Car -1 -1 -10 1213.0 168.0 1238.0 359.0 -1 -1 -1 -1000 -1000 -1000 -10 0.0001862049102783203
Car -1 -1 -10 0.0 200.0 139.0 371.0 -1 -1 -1 -1000 -1000 -1000 -10 0.0001817941665649414
Car -1 -1 -10 454.0 177.0 503.0 209.0 -1 -1 -1 -1000 -1000 -1000 -10 0.00018072128295898438
Car -1 -1 -10 577.0 178.0 616.0 212.0 -1 -1 -1 -1000 -1000 -1000 -10 0.00017547607421875
Car -1 -1 -10 535.0 142.0 676.0 247.0 -1 -1 -1 -1000 -1000 -1000 -10 0.0001709461212158203
Car -1 -1 -10 522.0 137.0 685.0 269.0 -1 -1 -1 -1000 -1000 -1000 -10 0.0001704692840576172
Car -1 -1 -10 467.0 131.0 642.0 272.0 -1 -1 -1 -1000 -1000 -1000 -10 0.0001684427261352539
Car -1 -1 -10 0.0 195.0 23.0 258.0 -1 -1 -1 -1000 -1000 -1000 -10 0.00016629695892333984
Car -1 -1 -10 638.0 167.0 657.0 188.0 -1 -1 -1 -1000 -1000 -1000 -10 0.00015735626220703125
Car -1 -1 -10 1209.0 157.0 1237.0 370.0 -1 -1 -1 -1000 -1000 -1000 -10 0.00015497207641601562
Car -1 -1 -10 1.0 176.0 38.0 275.0 -1 -1 -1 -1000 -1000 -1000 -10 0.00015473365783691406
Car -1 -1 -10 45.0 196.0 310.0 369.0 -1 -1 -1 -1000 -1000 -1000 -10 0.00014662742614746094
Car -1 -1 -10 447.0 161.0 517.0 229.0 -1 -1 -1 -1000 -1000 -1000 -10 0.00014543533325195312
Car -1 -1 -10 533.0 86.0 557.0 109.0 -1 -1 -1 -1000 -1000 -1000 -10 0.0001417398452758789
Car -1 -1 -10 535.0 96.0 555.0 113.0 -1 -1 -1 -1000 -1000 -1000 -10 0.00013911724090576172
Car -1 -1 -10 0.0 195.0 15.0 256.0 -1 -1 -1 -1000 -1000 -1000 -10 0.00013887882232666016
Car -1 -1 -10 1.0 227.0 55.0 373.0 -1 -1 -1 -1000 -1000 -1000 -10 0.00013530254364013672
Car -1 -1 -10 639.0 165.0 657.0 185.0 -1 -1 -1 -1000 -1000 -1000 -10 0.0001348257064819336
Car -1 -1 -10 382.0 169.0 456.0 214.0 -1 -1 -1 -1000 -1000 -1000 -10 0.00012350082397460938
Car -1 -1 -10 587.0 172.0 631.0 214.0 -1 -1 -1 -1000 -1000 -1000 -10 0.00012314319610595703
Car -1 -1 -10 0.0 204.0 50.0 344.0 -1 -1 -1 -1000 -1000 -1000 -10 0.00011420249938964844
Car -1 -1 -10 469.0 178.0 517.0 207.0 -1 -1 -1 -1000 -1000 -1000 -10 0.0001137852668762207
Car -1 -1 -10 0.0 147.0 56.0 314.0 -1 -1 -1 -1000 -1000 -1000 -10 0.0001131296157836914
Car -1 -1 -10 0.0 203.0 32.0 344.0 -1 -1 -1 -1000 -1000 -1000 -10 0.00011205673217773438
Car -1 -1 -10 533.0 95.0 557.0 113.0 -1 -1 -1 -1000 -1000 -1000 -10 0.0001112222671508789
Car -1 -1 -10 0.0 201.0 16.0 324.0 -1 -1 -1 -1000 -1000 -1000 -10 0.00011104345321655273
Car -1 -1 -10 0.0 175.0 14.0 256.0 -1 -1 -1 -1000 -1000 -1000 -10 0.00011068582534790039
Car -1 -1 -10 637.0 168.0 660.0 190.0 -1 -1 -1 -1000 -1000 -1000 -10 0.00010710954666137695
