Car -1 -1 -10 635.0 154.0 701.0 204.0 -1 -1 -1 -1000 -1000 -1000 -10 0.9521484375
Car -1 -1 -10 561.0 172.0 581.0 188.0 -1 -1 -1 -1000 -1000 -1000 -10 0.912109375
Car -1 -1 -10 556.0 172.0 578.0 189.0 -1 -1 -1 -1000 -1000 -1000 -10 0.001735687255859375
Pedestrian -1 -1 -10 1220.0 161.0 1242.0 366.0 -1 -1 -1 -1000 -1000 -1000 -10 0.0016317367553710938
Pedestrian -1 -1 -10 1215.0 170.0 1242.0 375.0 -1 -1 -1 -1000 -1000 -1000 -10 0.0011730194091796875
Car -1 -1 -10 563.0 175.0 581.0 190.0 -1 -1 -1 -1000 -1000 -1000 -10 0.0009751319885253906
Car -1 -1 -10 632.0 150.0 706.0 214.0 -1 -1 -1 -1000 -1000 -1000 -10 0.0008606910705566406
Pedestrian -1 -1 -10 1204.0 157.0 1241.0 367.0 -1 -1 -1 -1000 -1000 -1000 -10 0.0006394386291503906
Pedestrian -1 -1 -10 1201.0 179.0 1241.0 375.0 -1 -1 -1 -1000 -1000 -1000 -10 0.0006346702575683594
Pedestrian -1 -1 -10 1219.0 143.0 1242.0 343.0 -1 -1 -1 -1000 -1000 -1000 -10 0.0005612373352050781
Car -1 -1 -10 0.0 201.0 24.0 369.0 -1 -1 -1 -1000 -1000 -1000 -10 0.0003936290740966797
Car -1 -1 -10 575.0 116.0 734.0 235.0 -1 -1 -1 -1000 -1000 -1000 -10 0.0003368854522705078
Car -1 -1 -10 597.0 111.0 757.0 237.0 -1 -1 -1 -1000 -1000 -1000 -10 0.00032019615173339844
Car -1 -1 -10 595.0 128.0 760.0 256.0 -1 -1 -1 -1000 -1000 -1000 -10 0.0002982616424560547
Pedestrian -1 -1 -10 1193.0 149.0 1241.0 375.0 -1 -1 -1 -1000 -1000 -1000 -10 0.00028133392333984375
Pedestrian -1 -1 -10 1219.0 201.0 1242.0 375.0 -1 -1 -1 -1000 -1000 -1000 -10 0.0002372264862060547
Car -1 -1 -10 0.0 194.0 28.0 375.0 -1 -1 -1 -1000 -1000 -1000 -10 0.00023090839385986328
Car -1 -1 -10 478.0 294.0 622.0 363.0 -1 -1 -1 -1000 -1000 -1000 -10 0.0001817941665649414
Car -1 -1 -10 614.0 0.0 666.0 40.0 -1 -1 -1 -1000 -1000 -1000 -10 0.0001589059829711914
Car -1 -1 -10 1.0 197.0 47.0 373.0 -1 -1 -1 -1000 -1000 -1000 -10 0.0001575946807861328
Car -1 -1 -10 0.0 223.0 29.0 368.0 -1 -1 -1 -1000 -1000 -1000 -10 0.00015246868133544922
Pedestrian -1 -1 -10 1200.0 137.0 1241.0 343.0 -1 -1 -1 -1000 -1000 -1000 -10 0.0001518726348876953
Car -1 -1 -10 0.0 226.0 46.0 369.0 -1 -1 -1 -1000 -1000 -1000 -10 0.0001481771469116211
Car -1 -1 -10 631.0 160.0 693.0 208.0 -1 -1 -1 -1000 -1000 -1000 -10 0.0001462697982788086
Car -1 -1 -10 566.0 173.0 584.0 188.0 -1 -1 -1 -1000 -1000 -1000 -10 0.00013327598571777344
Pedestrian -1 -1 -10 1173.0 0.0 1237.0 8.0 -1 -1 -1 -1000 -1000 -1000 -10 0.00012302398681640625
Pedestrian -1 -1 -10 1196.0 0.0 1239.0 9.0 -1 -1 -1 -1000 -1000 -1000 -10 0.0001189112663269043
Car -1 -1 -10 557.0 166.0 580.0 185.0 -1 -1 -1 -1000 -1000 -1000 -10 0.00011873245239257812
Car -1 -1 -10 439.0 297.0 651.0 372.0 -1 -1 -1 -1000 -1000 -1000 -10 0.00011539459228515625
