Car -1 -1 -10 13.0 186.0 452.0 370.0 -1 -1 -1 -1000 -1000 -1000 -10 0.97265625
Car -1 -1 -10 855.0 192.0 1239.0 372.0 -1 -1 -1 -1000 -1000 -1000 -10 0.970703125
Car -1 -1 -10 707.0 189.0 914.0 341.0 -1 -1 -1 -1000 -1000 -1000 -10 0.9638671875
Car -1 -1 -10 352.0 183.0 499.0 303.0 -1 -1 -1 -1000 -1000 -1000 -10 0.96240234375
Car -1 -1 -10 675.0 179.0 778.0 258.0 -1 -1 -1 -1000 -1000 -1000 -10 0.9560546875
Car -1 -1 -10 428.0 184.0 525.0 259.0 -1 -1 -1 -1000 -1000 -1000 -10 0.955078125
Car -1 -1 -10 537.0 170.0 577.0 210.0 -1 -1 -1 -1000 -1000 -1000 -10 0.9482421875
Car -1 -1 -10 512.0 178.0 559.0 217.0 -1 -1 -1 -1000 -1000 -1000 -10 0.93798828125
Car -1 -1 -10 558.0 172.0 594.0 205.0 -1 -1 -1 -1000 -1000 -1000 -10 0.9296875
Car -1 -1 -10 648.0 180.0 720.0 237.0 -1 -1 -1 -1000 -1000 -1000 -10 0.90673828125
Car -1 -1 -10 547.0 172.0 586.0 207.0 -1 -1 -1 -1000 -1000 -1000 -10 0.408935546875
Car -1 -1 -10 1.0 153.0 70.0 374.0 -1 -1 -1 -1000 -1000 -1000 -10 0.05072021484375
Car -1 -1 -10 662.0 180.0 754.0 250.0 -1 -1 -1 -1000 -1000 -1000 -10 0.039215087890625
Car -1 -1 -10 0.0 172.0 81.0 373.0 -1 -1 -1 -1000 -1000 -1000 -10 0.024505615234375
Car -1 -1 -10 552.0 170.0 590.0 208.0 -1 -1 -1 -1000 -1000 -1000 -10 0.01690673828125
Car -1 -1 -10 0.0 147.0 44.0 375.0 -1 -1 -1 -1000 -1000 -1000 -10 0.01064300537109375
Car -1 -1 -10 537.0 175.0 576.0 211.0 -1 -1 -1 -1000 -1000 -1000 -10 0.008819580078125
Car -1 -1 -10 600.0 176.0 629.0 196.0 -1 -1 -1 -1000 -1000 -1000 -10 0.007724761962890625
Car -1 -1 -10 0.0 139.0 64.0 357.0 -1 -1 -1 -1000 -1000 -1000 -10 0.006267547607421875
Car -1 -1 -10 1.0 120.0 83.0 372.0 -1 -1 -1 -1000 -1000 -1000 -10 0.003215789794921875
Car -1 -1 -10 0.0 133.0 39.0 357.0 -1 -1 -1 -1000 -1000 -1000 -10 0.0032138824462890625
Car -1 -1 -10 0.0 114.0 72.0 358.0 -1 -1 -1 -1000 -1000 -1000 -10 0.002826690673828125
Car -1 -1 -10 3.0 146.0 122.0 375.0 -1 -1 -1 -1000 -1000 -1000 -10 0.0026645660400390625
Car -1 -1 -10 401.0 178.0 531.0 279.0 -1 -1 -1 -1000 -1000 -1000 -10 0.0018405914306640625
Car -1 -1 -10 413.0 174.0 536.0 269.0 -1 -1 -1 -1000 -1000 -1000 -10 0.00164794921875
Car -1 -1 -10 648.0 177.0 730.0 243.0 -1 -1 -1 -1000 -1000 -1000 -10 0.0014886856079101562
Car -1 -1 -10 418.0 171.0 552.0 262.0 -1 -1 -1 -1000 -1000 -1000 -10 0.0011920928955078125
Car -1 -1 -10 664.0 169.0 788.0 265.0 -1 -1 -1 -1000 -1000 -1000 -10 0.001148223876953125
Car -1 -1 -10 1217.0 170.0 1242.0 343.0 -1 -1 -1 -1000 -1000 -1000 -10 0.0010671615600585938
Car -1 -1 -10 0.0 204.0 61.0 371.0 -1 -1 -1 -1000 -1000 -1000 -10 0.0010614395141601562
Car -1 -1 -10 0.0 113.0 91.0 348.0 -1 -1 -1 -1000 -1000 -1000 -10 0.000995635986328125
Car -1 -1 -10 1219.0 169.0 1242.0 311.0 -1 -1 -1 -1000 -1000 -1000 -10 0.0008511543273925781
Car -1 -1 -10 1212.0 166.0 1241.0 350.0 -1 -1 -1 -1000 -1000 -1000 -10 0.0008287429809570312
Car -1 -1 -10 741.0 193.0 886.0 335.0 -1 -1 -1 -1000 -1000 -1000 -10 0.0007996559143066406
Car -1 -1 -10 0.0 130.0 29.0 324.0 -1 -1 -1 -1000 -1000 -1000 -10 0.00078582763671875
Car -1 -1 -10 517.0 180.0 564.0 219.0 -1 -1 -1 -1000 -1000 -1000 -10 0.0006842613220214844
Car -1 -1 -10 1214.0 165.0 1242.0 317.0 -1 -1 -1 -1000 -1000 -1000 -10 0.0006709098815917969
Car -1 -1 -10 622.0 154.0 768.0 273.0 -1 -1 -1 -1000 -1000 -1000 -10 0.0005707740783691406
Car -1 -1 -10 597.0 175.0 627.0 197.0 -1 -1 -1 -1000 -1000 -1000 -10 0.000514984130859375
Car -1 -1 -10 0.0 209.0 33.0 372.0 -1 -1 -1 -1000 -1000 -1000 -10 0.00048828125
Car -1 -1 -10 1199.0 170.0 1242.0 350.0 -1 -1 -1 -1000 -1000 -1000 -10 0.0004363059997558594
Car -1 -1 -10 1202.0 165.0 1242.0 315.0 -1 -1 -1 -1000 -1000 -1000 -10 0.00043487548828125
Car -1 -1 -10 1212.0 181.0 1242.0 289.0 -1 -1 -1 -1000 -1000 -1000 -10 0.0003981590270996094
Car -1 -1 -10 2.0 182.0 128.0 372.0 -1 -1 -1 -1000 -1000 -1000 -10 0.00039196014404296875
Car -1 -1 -10 135.0 192.0 444.0 370.0 -1 -1 -1 -1000 -1000 -1000 -10 0.0003876686096191406
Car -1 -1 -10 598.0 177.0 625.0 198.0 -1 -1 -1 -1000 -1000 -1000 -10 0.0003809928894042969
Car -1 -1 -10 602.0 177.0 632.0 199.0 -1 -1 -1 -1000 -1000 -1000 -10 0.0003802776336669922
Car -1 -1 -10 1.0 185.0 72.0 322.0 -1 -1 -1 -1000 -1000 -1000 -10 0.00036716461181640625
Car -1 -1 -10 0.0 88.0 52.0 314.0 -1 -1 -1 -1000 -1000 -1000 -10 0.00036525726318359375
Car -1 -1 -10 1.0 179.0 58.0 319.0 -1 -1 -1 -1000 -1000 -1000 -10 0.0003452301025390625
Car -1 -1 -10 1221.0 164.0 1242.0 286.0 -1 -1 -1 -1000 -1000 -1000 -10 0.00033736228942871094
Car -1 -1 -10 1215.0 184.0 1242.0 369.0 -1 -1 -1 -1000 -1000 -1000 -10 0.00033736228942871094
Car -1 -1 -10 1213.0 187.0 1242.0 304.0 -1 -1 -1 -1000 -1000 -1000 -10 0.00033283233642578125
Car -1 -1 -10 505.0 165.0 561.0 226.0 -1 -1 -1 -1000 -1000 -1000 -10 0.00032782554626464844
Car -1 -1 -10 599.0 178.0 635.0 201.0 -1 -1 -1 -1000 -1000 -1000 -10 0.0002913475036621094
Car -1 -1 -10 1211.0 180.0 1242.0 374.0 -1 -1 -1 -1000 -1000 -1000 -10 0.0002837181091308594
Car -1 -1 -10 1212.0 175.0 1242.0 275.0 -1 -1 -1 -1000 -1000 -1000 -10 0.0002684593200683594
Car -1 -1 -10 1202.0 181.0 1241.0 291.0 -1 -1 -1 -1000 -1000 -1000 -10 0.0002505779266357422
Car -1 -1 -10 1192.0 185.0 1242.0 369.0 -1 -1 -1 -1000 -1000 -1000 -10 0.000247955322265625
Car -1 -1 -10 514.0 166.0 581.0 228.0 -1 -1 -1 -1000 -1000 -1000 -10 0.0002453327178955078
Car -1 -1 -10 1214.0 153.0 1242.0 298.0 -1 -1 -1 -1000 -1000 -1000 -10 0.00023353099822998047
Car -1 -1 -10 1210.0 190.0 1242.0 316.0 -1 -1 -1 -1000 -1000 -1000 -10 0.00022113323211669922
Car -1 -1 -10 0.0 112.0 30.0 294.0 -1 -1 -1 -1000 -1000 -1000 -10 0.00021851062774658203
Car -1 -1 -10 559.0 179.0 592.0 207.0 -1 -1 -1 -1000 -1000 -1000 -10 0.00021541118621826172
Car -1 -1 -10 525.0 152.0 582.0 220.0 -1 -1 -1 -1000 -1000 -1000 -10 0.00020813941955566406
Car -1 -1 -10 0.0 129.0 28.0 280.0 -1 -1 -1 -1000 -1000 -1000 -10 0.0002002716064453125
Car -1 -1 -10 1228.0 186.0 1242.0 284.0 -1 -1 -1 -1000 -1000 -1000 -10 0.0001939535140991211
Car -1 -1 -10 4.0 85.0 127.0 366.0 -1 -1 -1 -1000 -1000 -1000 -10 0.0001901388168334961
Car -1 -1 -10 0.0 111.0 53.0 293.0 -1 -1 -1 -1000 -1000 -1000 -10 0.0001804828643798828
Car -1 -1 -10 511.0 177.0 563.0 223.0 -1 -1 -1 -1000 -1000 -1000 -10 0.00017201900482177734
Car -1 -1 -10 1200.0 154.0 1241.0 294.0 -1 -1 -1 -1000 -1000 -1000 -10 0.00017058849334716797
Car -1 -1 -10 1229.0 179.0 1242.0 270.0 -1 -1 -1 -1000 -1000 -1000 -10 0.00016760826110839844
Car -1 -1 -10 1226.0 191.0 1242.0 298.0 -1 -1 -1 -1000 -1000 -1000 -10 0.00016510486602783203
Car -1 -1 -10 2.0 160.0 156.0 374.0 -1 -1 -1 -1000 -1000 -1000 -10 0.0001621246337890625
Car -1 -1 -10 1.0 211.0 91.0 370.0 -1 -1 -1 -1000 -1000 -1000 -10 0.00016129016876220703
Car -1 -1 -10 1.0 220.0 71.0 364.0 -1 -1 -1 -1000 -1000 -1000 -10 0.00015592575073242188
Car -1 -1 -10 6.0 155.0 181.0 375.0 -1 -1 -1 -1000 -1000 -1000 -10 0.00015544891357421875
Car -1 -1 -10 0.0 166.0 92.0 373.0 -1 -1 -1 -1000 -1000 -1000 -10 0.0001538991928100586
Car -1 -1 -10 438.0 128.0 599.0 249.0 -1 -1 -1 -1000 -1000 -1000 -10 0.00014734268188476562
Car -1 -1 -10 1217.0 205.0 1242.0 375.0 -1 -1 -1 -1000 -1000 -1000 -10 0.00014519691467285156
Car -1 -1 -10 1012.0 0.0 1242.0 106.0 -1 -1 -1 -1000 -1000 -1000 -10 0.00014126300811767578
Car -1 -1 -10 540.0 162.0 615.0 231.0 -1 -1 -1 -1000 -1000 -1000 -10 0.0001354217529296875
Car -1 -1 -10 0.0 185.0 35.0 324.0 -1 -1 -1 -1000 -1000 -1000 -10 0.00013458728790283203
Car -1 -1 -10 385.0 182.0 465.0 303.0 -1 -1 -1 -1000 -1000 -1000 -10 0.0001270771026611328
Car -1 -1 -10 0.0 171.0 72.0 307.0 -1 -1 -1 -1000 -1000 -1000 -10 0.00012671947479248047
Car -1 -1 -10 0.0 85.0 58.0 287.0 -1 -1 -1 -1000 -1000 -1000 -10 0.00011831521987915039
Car -1 -1 -10 595.0 153.0 759.0 268.0 -1 -1 -1 -1000 -1000 -1000 -10 0.00011032819747924805
Car -1 -1 -10 1181.0 191.0 1242.0 369.0 -1 -1 -1 -1000 -1000 -1000 -10 0.00011020898818969727
Car -1 -1 -10 1200.0 172.0 1241.0 279.0 -1 -1 -1 -1000 -1000 -1000 -10 0.0001099705696105957
Car -1 -1 -10 0.0 107.0 29.0 263.0 -1 -1 -1 -1000 -1000 -1000 -10 0.00010651350021362305
Car -1 -1 -10 1.0 213.0 56.0 358.0 -1 -1 -1 -1000 -1000 -1000 -10 0.00010436773300170898
