Cyclist -1 -1 -10 745.0 178.0 835.0 317.0 -1 -1 -1 -1000 -1000 -1000 -10 0.93798828125
Cyclist -1 -1 -10 935.0 188.0 973.0 253.0 -1 -1 -1 -1000 -1000 -1000 -10 0.9326171875
Pedestrian -1 -1 -10 16.0 141.0 151.0 366.0 -1 -1 -1 -1000 -1000 -1000 -10 0.92626953125
Cyclist -1 -1 -10 1073.0 181.0 1124.0 288.0 -1 -1 -1 -1000 -1000 -1000 -10 0.92041015625
Pedestrian -1 -1 -10 563.0 176.0 573.0 212.0 -1 -1 -1 -1000 -1000 -1000 -10 0.8564453125
Pedestrian -1 -1 -10 902.0 183.0 917.0 221.0 -1 -1 -1 -1000 -1000 -1000 -10 0.853515625
Cyclist -1 -1 -10 827.0 186.0 864.0 223.0 -1 -1 -1 -1000 -1000 -1000 -10 0.814453125
Pedestrian -1 -1 -10 545.0 172.0 558.0 213.0 -1 -1 -1 -1000 -1000 -1000 -10 0.802734375
Pedestrian -1 -1 -10 928.0 189.0 946.0 231.0 -1 -1 -1 -1000 -1000 -1000 -10 0.69970703125
Cyclist -1 -1 -10 940.0 189.0 970.0 247.0 -1 -1 -1 -1000 -1000 -1000 -10 0.52392578125
Pedestrian -1 -1 -10 928.0 190.0 944.0 227.0 -1 -1 -1 -1000 -1000 -1000 -10 0.458251953125
Pedestrian -1 -1 -10 900.0 183.0 921.0 223.0 -1 -1 -1 -1000 -1000 -1000 -10 0.42822265625
Pedestrian -1 -1 -10 552.0 175.0 576.0 211.0 -1 -1 -1 -1000 -1000 -1000 -10 0.390380859375
Pedestrian -1 -1 -10 547.0 175.0 573.0 212.0 -1 -1 -1 -1000 -1000 -1000 -10 0.349853515625
Pedestrian -1 -1 -10 940.0 191.0 963.0 231.0 -1 -1 -1 -1000 -1000 -1000 -10 0.1802978515625
Pedestrian -1 -1 -10 926.0 191.0 947.0 233.0 -1 -1 -1 -1000 -1000 -1000 -10 0.15283203125
Cyclist -1 -1 -10 819.0 189.0 859.0 225.0 -1 -1 -1 -1000 -1000 -1000 -10 0.11859130859375
Pedestrian -1 -1 -10 560.0 178.0 574.0 214.0 -1 -1 -1 -1000 -1000 -1000 -10 0.11029052734375
Pedestrian -1 -1 -10 563.0 177.0 575.0 213.0 -1 -1 -1 -1000 -1000 -1000 -10 0.08380126953125
Cyclist -1 -1 -10 939.0 192.0 966.0 231.0 -1 -1 -1 -1000 -1000 -1000 -10 0.0777587890625
Cyclist -1 -1 -10 931.0 188.0 963.0 246.0 -1 -1 -1 -1000 -1000 -1000 -10 0.06829833984375
Cyclist -1 -1 -10 940.0 189.0 966.0 236.0 -1 -1 -1 -1000 -1000 -1000 -10 0.05078125
Pedestrian -1 -1 -10 899.0 183.0 931.0 227.0 -1 -1 -1 -1000 -1000 -1000 -10 0.040863037109375
Pedestrian -1 -1 -10 898.0 183.0 916.0 220.0 -1 -1 -1 -1000 -1000 -1000 -10 0.032562255859375
Pedestrian -1 -1 -10 990.0 191.0 1002.0 229.0 -1 -1 -1 -1000 -1000 -1000 -10 0.031280517578125
Pedestrian -1 -1 -10 930.0 191.0 948.0 225.0 -1 -1 -1 -1000 -1000 -1000 -10 0.0305328369140625
Pedestrian -1 -1 -10 896.0 183.0 926.0 223.0 -1 -1 -1 -1000 -1000 -1000 -10 0.0218963623046875
Cyclist -1 -1 -10 834.0 187.0 871.0 223.0 -1 -1 -1 -1000 -1000 -1000 -10 0.020294189453125
Pedestrian -1 -1 -10 989.0 192.0 1000.0 229.0 -1 -1 -1 -1000 -1000 -1000 -10 0.0160675048828125
Cyclist -1 -1 -10 941.0 188.0 969.0 240.0 -1 -1 -1 -1000 -1000 -1000 -10 0.01251983642578125
Pedestrian -1 -1 -10 545.0 176.0 556.0 217.0 -1 -1 -1 -1000 -1000 -1000 -10 0.0109100341796875
Pedestrian -1 -1 -10 902.0 181.0 916.0 217.0 -1 -1 -1 -1000 -1000 -1000 -10 0.0081634521484375
Pedestrian -1 -1 -10 987.0 191.0 1002.0 227.0 -1 -1 -1 -1000 -1000 -1000 -10 0.007068634033203125
Pedestrian -1 -1 -10 923.0 189.0 938.0 228.0 -1 -1 -1 -1000 -1000 -1000 -10 0.00617218017578125
Pedestrian -1 -1 -10 563.0 174.0 574.0 206.0 -1 -1 -1 -1000 -1000 -1000 -10 0.00542449951171875
Cyclist -1 -1 -10 1078.0 182.0 1126.0 282.0 -1 -1 -1 -1000 -1000 -1000 -10 0.00489044189453125
Pedestrian -1 -1 -10 898.0 181.0 919.0 220.0 -1 -1 -1 -1000 -1000 -1000 -10 0.004375457763671875
Cyclist -1 -1 -10 825.0 191.0 859.0 232.0 -1 -1 -1 -1000 -1000 -1000 -10 0.0042266845703125
Cyclist -1 -1 -10 930.0 189.0 968.0 247.0 -1 -1 -1 -1000 -1000 -1000 -10 0.003894805908203125
Cyclist -1 -1 -10 851.0 188.0 879.0 224.0 -1 -1 -1 -1000 -1000 -1000 -10 0.0035953521728515625
Pedestrian -1 -1 -10 908.0 186.0 921.0 222.0 -1 -1 -1 -1000 -1000 -1000 -10 0.00344085693359375
Pedestrian -1 -1 -10 565.0 176.0 578.0 210.0 -1 -1 -1 -1000 -1000 -1000 -10 0.003139495849609375
Pedestrian -1 -1 -10 546.0 173.0 558.0 207.0 -1 -1 -1 -1000 -1000 -1000 -10 0.0031070709228515625
Cyclist -1 -1 -10 833.0 192.0 865.0 231.0 -1 -1 -1 -1000 -1000 -1000 -10 0.0030384063720703125
Cyclist -1 -1 -10 827.0 182.0 863.0 218.0 -1 -1 -1 -1000 -1000 -1000 -10 0.0029773712158203125
Car -1 -1 -10 1203.0 166.0 1223.0 277.0 -1 -1 -1 -1000 -1000 -1000 -10 0.0022125244140625
Pedestrian -1 -1 -10 1.0 146.0 19.0 350.0 -1 -1 -1 -1000 -1000 -1000 -10 0.0021114349365234375
Car -1 -1 -10 1206.0 180.0 1223.0 281.0 -1 -1 -1 -1000 -1000 -1000 -10 0.0021076202392578125
Pedestrian -1 -1 -10 563.0 185.0 574.0 216.0 -1 -1 -1 -1000 -1000 -1000 -10 0.0019283294677734375
Cyclist -1 -1 -10 729.0 177.0 843.0 320.0 -1 -1 -1 -1000 -1000 -1000 -10 0.0017251968383789062
Pedestrian -1 -1 -10 942.0 188.0 965.0 230.0 -1 -1 -1 -1000 -1000 -1000 -10 0.0016460418701171875
Car -1 -1 -10 1210.0 187.0 1224.0 274.0 -1 -1 -1 -1000 -1000 -1000 -10 0.0016279220581054688
Cyclist -1 -1 -10 940.0 190.0 980.0 247.0 -1 -1 -1 -1000 -1000 -1000 -10 0.0016031265258789062
Pedestrian -1 -1 -10 51.0 142.0 157.0 350.0 -1 -1 -1 -1000 -1000 -1000 -10 0.0014257431030273438
Pedestrian -1 -1 -10 564.0 180.0 576.0 214.0 -1 -1 -1 -1000 -1000 -1000 -10 0.00140380859375
Pedestrian -1 -1 -10 986.0 192.0 998.0 228.0 -1 -1 -1 -1000 -1000 -1000 -10 0.0013628005981445312
Cyclist -1 -1 -10 778.0 168.0 850.0 268.0 -1 -1 -1 -1000 -1000 -1000 -10 0.0013551712036132812
Cyclist -1 -1 -10 868.0 186.0 892.0 220.0 -1 -1 -1 -1000 -1000 -1000 -10 0.0012826919555664062
Car -1 -1 -10 1209.0 172.0 1224.0 270.0 -1 -1 -1 -1000 -1000 -1000 -10 0.0012531280517578125
Car -1 -1 -10 1197.0 158.0 1224.0 286.0 -1 -1 -1 -1000 -1000 -1000 -10 0.0012369155883789062
Pedestrian -1 -1 -10 895.0 184.0 918.0 220.0 -1 -1 -1 -1000 -1000 -1000 -10 0.0012044906616210938
Pedestrian -1 -1 -10 0.0 172.0 22.0 370.0 -1 -1 -1 -1000 -1000 -1000 -10 0.0010099411010742188
Car -1 -1 -10 1172.0 148.0 1224.0 291.0 -1 -1 -1 -1000 -1000 -1000 -10 0.0009317398071289062
Pedestrian -1 -1 -10 984.0 192.0 1000.0 228.0 -1 -1 -1 -1000 -1000 -1000 -10 0.00084686279296875
Car -1 -1 -10 1198.0 181.0 1224.0 281.0 -1 -1 -1 -1000 -1000 -1000 -10 0.0008234977722167969
Pedestrian -1 -1 -10 0.0 146.0 26.0 367.0 -1 -1 -1 -1000 -1000 -1000 -10 0.000774383544921875
Pedestrian -1 -1 -10 919.0 195.0 935.0 229.0 -1 -1 -1 -1000 -1000 -1000 -10 0.0007343292236328125
Cyclist -1 -1 -10 816.0 192.0 853.0 232.0 -1 -1 -1 -1000 -1000 -1000 -10 0.0006995201110839844
Cyclist -1 -1 -10 1057.0 175.0 1167.0 298.0 -1 -1 -1 -1000 -1000 -1000 -10 0.0006818771362304688
Cyclist -1 -1 -10 810.0 180.0 866.0 241.0 -1 -1 -1 -1000 -1000 -1000 -10 0.0006718635559082031
Cyclist -1 -1 -10 1034.0 172.0 1142.0 293.0 -1 -1 -1 -1000 -1000 -1000 -10 0.0006561279296875
Pedestrian -1 -1 -10 545.0 185.0 554.0 218.0 -1 -1 -1 -1000 -1000 -1000 -10 0.000637054443359375
Car -1 -1 -10 1179.0 159.0 1224.0 303.0 -1 -1 -1 -1000 -1000 -1000 -10 0.0006356239318847656
Cyclist -1 -1 -10 806.0 187.0 843.0 221.0 -1 -1 -1 -1000 -1000 -1000 -10 0.0005917549133300781
Pedestrian -1 -1 -10 901.0 179.0 917.0 209.0 -1 -1 -1 -1000 -1000 -1000 -10 0.0005908012390136719
Car -1 -1 -10 1211.0 197.0 1224.0 281.0 -1 -1 -1 -1000 -1000 -1000 -10 0.0005879402160644531
Pedestrian -1 -1 -10 905.0 194.0 920.0 228.0 -1 -1 -1 -1000 -1000 -1000 -10 0.0005750656127929688
Pedestrian -1 -1 -10 544.0 171.0 557.0 209.0 -1 -1 -1 -1000 -1000 -1000 -10 0.0005726814270019531
Pedestrian -1 -1 -10 1.0 148.0 43.0 365.0 -1 -1 -1 -1000 -1000 -1000 -10 0.0005354881286621094
Cyclist -1 -1 -10 924.0 185.0 977.0 253.0 -1 -1 -1 -1000 -1000 -1000 -10 0.0005316734313964844
Pedestrian -1 -1 -10 872.0 83.0 894.0 102.0 -1 -1 -1 -1000 -1000 -1000 -10 0.00047206878662109375
Car -1 -1 -10 1211.0 202.0 1224.0 257.0 -1 -1 -1 -1000 -1000 -1000 -10 0.00045680999755859375
Cyclist -1 -1 -10 836.0 191.0 877.0 229.0 -1 -1 -1 -1000 -1000 -1000 -10 0.00043487548828125
Cyclist -1 -1 -10 1087.0 183.0 1128.0 283.0 -1 -1 -1 -1000 -1000 -1000 -10 0.00042176246643066406
Pedestrian -1 -1 -10 10.0 145.0 127.0 367.0 -1 -1 -1 -1000 -1000 -1000 -10 0.00038886070251464844
Car -1 -1 -10 1198.0 174.0 1224.0 269.0 -1 -1 -1 -1000 -1000 -1000 -10 0.0003886222839355469
Car -1 -1 -10 1204.0 148.0 1224.0 266.0 -1 -1 -1 -1000 -1000 -1000 -10 0.0003848075866699219
Pedestrian -1 -1 -10 877.0 84.0 889.0 101.0 -1 -1 -1 -1000 -1000 -1000 -10 0.0003743171691894531
Pedestrian -1 -1 -10 681.0 180.0 697.0 220.0 -1 -1 -1 -1000 -1000 -1000 -10 0.0003566741943359375
Car -1 -1 -10 1208.0 195.0 1224.0 297.0 -1 -1 -1 -1000 -1000 -1000 -10 0.0003561973571777344
Pedestrian -1 -1 -10 683.0 183.0 699.0 216.0 -1 -1 -1 -1000 -1000 -1000 -10 0.0003535747528076172
Pedestrian -1 -1 -10 681.0 183.0 697.0 215.0 -1 -1 -1 -1000 -1000 -1000 -10 0.00034999847412109375
Cyclist -1 -1 -10 840.0 193.0 875.0 230.0 -1 -1 -1 -1000 -1000 -1000 -10 0.00033855438232421875
Cyclist -1 -1 -10 740.0 182.0 834.0 296.0 -1 -1 -1 -1000 -1000 -1000 -10 0.0003192424774169922
Cyclist -1 -1 -10 803.0 188.0 843.0 226.0 -1 -1 -1 -1000 -1000 -1000 -10 0.0003123283386230469
Pedestrian -1 -1 -10 4.0 134.0 46.0 351.0 -1 -1 -1 -1000 -1000 -1000 -10 0.0003077983856201172
Cyclist -1 -1 -10 745.0 176.0 822.0 302.0 -1 -1 -1 -1000 -1000 -1000 -10 0.0003070831298828125
Pedestrian -1 -1 -10 924.0 195.0 950.0 240.0 -1 -1 -1 -1000 -1000 -1000 -10 0.00029468536376953125
Cyclist -1 -1 -10 885.0 186.0 906.0 220.0 -1 -1 -1 -1000 -1000 -1000 -10 0.0002753734588623047
Car -1 -1 -10 1212.0 211.0 1223.0 265.0 -1 -1 -1 -1000 -1000 -1000 -10 0.00026226043701171875
Car -1 -1 -10 1209.0 191.0 1224.0 249.0 -1 -1 -1 -1000 -1000 -1000 -10 0.00026154518127441406
Car -1 -1 -10 1153.0 167.0 1224.0 273.0 -1 -1 -1 -1000 -1000 -1000 -10 0.0002498626708984375
Pedestrian -1 -1 -10 0.0 161.0 45.0 370.0 -1 -1 -1 -1000 -1000 -1000 -10 0.00024771690368652344
Car -1 -1 -10 1198.0 137.0 1224.0 278.0 -1 -1 -1 -1000 -1000 -1000 -10 0.00024628639221191406
Pedestrian -1 -1 -10 543.0 173.0 574.0 214.0 -1 -1 -1 -1000 -1000 -1000 -10 0.00024437904357910156
Car -1 -1 -10 1176.0 168.0 1223.0 284.0 -1 -1 -1 -1000 -1000 -1000 -10 0.0002416372299194336
Cyclist -1 -1 -10 920.0 196.0 951.0 239.0 -1 -1 -1 -1000 -1000 -1000 -10 0.00023317337036132812
Pedestrian -1 -1 -10 880.0 189.0 906.0 222.0 -1 -1 -1 -1000 -1000 -1000 -10 0.0002193450927734375
Pedestrian -1 -1 -10 989.0 189.0 1005.0 225.0 -1 -1 -1 -1000 -1000 -1000 -10 0.0002161264419555664
Car -1 -1 -10 1165.0 131.0 1224.0 282.0 -1 -1 -1 -1000 -1000 -1000 -10 0.00021398067474365234
Car -1 -1 -10 1211.0 161.0 1224.0 248.0 -1 -1 -1 -1000 -1000 -1000 -10 0.00021195411682128906
Cyclist -1 -1 -10 835.0 184.0 876.0 221.0 -1 -1 -1 -1000 -1000 -1000 -10 0.00020313262939453125
Pedestrian -1 -1 -10 0.0 207.0 21.0 370.0 -1 -1 -1 -1000 -1000 -1000 -10 0.00019979476928710938
Pedestrian -1 -1 -10 989.0 194.0 1003.0 234.0 -1 -1 -1 -1000 -1000 -1000 -10 0.00019788742065429688
Car -1 -1 -10 0.0 157.0 9.0 209.0 -1 -1 -1 -1000 -1000 -1000 -10 0.00018298625946044922
Pedestrian -1 -1 -10 679.0 182.0 698.0 222.0 -1 -1 -1 -1000 -1000 -1000 -10 0.00018286705017089844
Pedestrian -1 -1 -10 548.0 186.0 557.0 217.0 -1 -1 -1 -1000 -1000 -1000 -10 0.00017523765563964844
Cyclist -1 -1 -10 797.0 186.0 827.0 230.0 -1 -1 -1 -1000 -1000 -1000 -10 0.00017344951629638672
Cyclist -1 -1 -10 0.0 160.0 10.0 218.0 -1 -1 -1 -1000 -1000 -1000 -10 0.00017201900482177734
Car -1 -1 -10 1198.0 151.0 1224.0 264.0 -1 -1 -1 -1000 -1000 -1000 -10 0.00015151500701904297
Car -1 -1 -10 871.0 85.0 898.0 105.0 -1 -1 -1 -1000 -1000 -1000 -10 0.00014531612396240234
Car -1 -1 -10 0.0 162.0 8.0 203.0 -1 -1 -1 -1000 -1000 -1000 -10 0.00014531612396240234
Pedestrian -1 -1 -10 1.0 125.0 156.0 360.0 -1 -1 -1 -1000 -1000 -1000 -10 0.0001442432403564453
Pedestrian -1 -1 -10 679.0 184.0 693.0 217.0 -1 -1 -1 -1000 -1000 -1000 -10 0.00014388561248779297
Car -1 -1 -10 1166.0 149.0 1223.0 264.0 -1 -1 -1 -1000 -1000 -1000 -10 0.0001379251480102539
Car -1 -1 -10 1210.0 183.0 1224.0 240.0 -1 -1 -1 -1000 -1000 -1000 -10 0.00013506412506103516
Cyclist -1 -1 -10 920.0 190.0 952.0 244.0 -1 -1 -1 -1000 -1000 -1000 -10 0.00013315677642822266
Cyclist -1 -1 -10 826.0 176.0 884.0 240.0 -1 -1 -1 -1000 -1000 -1000 -10 0.00012934207916259766
Car -1 -1 -10 1173.0 175.0 1224.0 271.0 -1 -1 -1 -1000 -1000 -1000 -10 0.00012826919555664062
Pedestrian -1 -1 -10 11.0 133.0 139.0 348.0 -1 -1 -1 -1000 -1000 -1000 -10 0.00012803077697753906
Car -1 -1 -10 1200.0 196.0 1224.0 297.0 -1 -1 -1 -1000 -1000 -1000 -10 0.00012576580047607422
Pedestrian -1 -1 -10 542.0 171.0 560.0 215.0 -1 -1 -1 -1000 -1000 -1000 -10 0.00012230873107910156
Car -1 -1 -10 1198.0 196.0 1224.0 282.0 -1 -1 -1 -1000 -1000 -1000 -10 0.0001156926155090332
Car -1 -1 -10 1199.0 183.0 1223.0 312.0 -1 -1 -1 -1000 -1000 -1000 -10 0.00011289119720458984
Cyclist -1 -1 -10 752.0 190.0 833.0 322.0 -1 -1 -1 -1000 -1000 -1000 -10 0.00010836124420166016
Car -1 -1 -10 1198.0 200.0 1224.0 258.0 -1 -1 -1 -1000 -1000 -1000 -10 0.00010818243026733398
Cyclist -1 -1 -10 1063.0 181.0 1109.0 285.0 -1 -1 -1 -1000 -1000 -1000 -10 0.00010776519775390625
Pedestrian -1 -1 -10 946.0 190.0 966.0 225.0 -1 -1 -1 -1000 -1000 -1000 -10 0.00010478496551513672
Pedestrian -1 -1 -10 898.0 193.0 915.0 230.0 -1 -1 -1 -1000 -1000 -1000 -10 0.00010395050048828125
Pedestrian -1 -1 -10 555.0 176.0 578.0 218.0 -1 -1 -1 -1000 -1000 -1000 -10 0.00010347366333007812
Pedestrian -1 -1 -10 875.0 83.0 894.0 106.0 -1 -1 -1 -1000 -1000 -1000 -10 0.00010156631469726562
Cyclist -1 -1 -10 1072.0 176.0 1117.0 278.0 -1 -1 -1 -1000 -1000 -1000 -10 0.00010144710540771484
