Car -1 -1 -10 583.0 169.0 640.0 225.0 -1 -1 -1 -1000 -1000 -1000 -10 0.9619140625
Car -1 -1 -10 123.0 172.0 205.0 207.0 -1 -1 -1 -1000 -1000 -1000 -10 0.94970703125
Car -1 -1 -10 271.0 170.0 314.0 194.0 -1 -1 -1 -1000 -1000 -1000 -10 0.94775390625
Car -1 -1 -10 210.0 169.0 272.0 199.0 -1 -1 -1 -1000 -1000 -1000 -10 0.9453125
Cyclist -1 -1 -10 741.0 172.0 752.0 196.0 -1 -1 -1 -1000 -1000 -1000 -10 0.8154296875
Cyclist -1 -1 -10 739.0 172.0 750.0 196.0 -1 -1 -1 -1000 -1000 -1000 -10 0.03216552734375
Cyclist -1 -1 -10 741.0 170.0 753.0 194.0 -1 -1 -1 -1000 -1000 -1000 -10 0.006671905517578125
Cyclist -1 -1 -10 746.0 172.0 756.0 195.0 -1 -1 -1 -1000 -1000 -1000 -10 0.0026702880859375
Car -1 -1 -10 200.0 151.0 275.0 211.0 -1 -1 -1 -1000 -1000 -1000 -10 0.00099945068359375
Car -1 -1 -10 115.0 161.0 210.0 222.0 -1 -1 -1 -1000 -1000 -1000 -10 0.0008482933044433594
Cyclist -1 -1 -10 739.0 171.0 748.0 193.0 -1 -1 -1 -1000 -1000 -1000 -10 0.000762939453125
Car -1 -1 -10 582.0 165.0 644.0 230.0 -1 -1 -1 -1000 -1000 -1000 -10 0.0006227493286132812
Cyclist -1 -1 -10 734.0 173.0 744.0 193.0 -1 -1 -1 -1000 -1000 -1000 -10 0.000492095947265625
Car -1 -1 -10 266.0 170.0 310.0 195.0 -1 -1 -1 -1000 -1000 -1000 -10 0.0004420280456542969
Car -1 -1 -10 268.0 167.0 316.0 202.0 -1 -1 -1 -1000 -1000 -1000 -10 0.00040650367736816406
Car -1 -1 -10 198.0 157.0 277.0 218.0 -1 -1 -1 -1000 -1000 -1000 -10 0.00040030479431152344
Cyclist -1 -1 -10 706.0 175.0 715.0 192.0 -1 -1 -1 -1000 -1000 -1000 -10 0.00033855438232421875
Car -1 -1 -10 531.0 135.0 676.0 242.0 -1 -1 -1 -1000 -1000 -1000 -10 0.0003275871276855469
Car -1 -1 -10 180.0 110.0 330.0 238.0 -1 -1 -1 -1000 -1000 -1000 -10 0.000308990478515625
Car -1 -1 -10 554.0 136.0 703.0 268.0 -1 -1 -1 -1000 -1000 -1000 -10 0.0003082752227783203
Cyclist -1 -1 -10 717.0 175.0 726.0 193.0 -1 -1 -1 -1000 -1000 -1000 -10 0.00029158592224121094
Car -1 -1 -10 269.0 166.0 315.0 197.0 -1 -1 -1 -1000 -1000 -1000 -10 0.0002789497375488281
Car -1 -1 -10 521.0 135.0 685.0 269.0 -1 -1 -1 -1000 -1000 -1000 -10 0.00025653839111328125
Car -1 -1 -10 0.0 199.0 30.0 371.0 -1 -1 -1 -1000 -1000 -1000 -10 0.0002562999725341797
Car -1 -1 -10 64.0 131.0 244.0 272.0 -1 -1 -1 -1000 -1000 -1000 -10 0.00025343894958496094
Car -1 -1 -10 85.0 130.0 264.0 271.0 -1 -1 -1 -1000 -1000 -1000 -10 0.0002396106719970703
Car -1 -1 -10 134.0 175.0 185.0 201.0 -1 -1 -1 -1000 -1000 -1000 -10 0.00023627281188964844
Car -1 -1 -10 0.0 195.0 51.0 375.0 -1 -1 -1 -1000 -1000 -1000 -10 0.00022041797637939453
Pedestrian -1 -1 -10 514.0 0.0 589.0 72.0 -1 -1 -1 -1000 -1000 -1000 -10 0.00021970272064208984
Car -1 -1 -10 137.0 129.0 323.0 269.0 -1 -1 -1 -1000 -1000 -1000 -10 0.00021266937255859375
Car -1 -1 -10 146.0 109.0 313.0 239.0 -1 -1 -1 -1000 -1000 -1000 -10 0.00021064281463623047
Cyclist -1 -1 -10 765.0 173.0 778.0 198.0 -1 -1 -1 -1000 -1000 -1000 -10 0.0001709461212158203
Car -1 -1 -10 72.0 119.0 240.0 237.0 -1 -1 -1 -1000 -1000 -1000 -10 0.00015974044799804688
Car -1 -1 -10 142.0 174.0 193.0 201.0 -1 -1 -1 -1000 -1000 -1000 -10 0.0001302957534790039
Cyclist -1 -1 -10 760.0 175.0 772.0 196.0 -1 -1 -1 -1000 -1000 -1000 -10 0.0001264810562133789
Car -1 -1 -10 207.0 167.0 273.0 204.0 -1 -1 -1 -1000 -1000 -1000 -10 0.00011992454528808594
Car -1 -1 -10 216.0 169.0 267.0 198.0 -1 -1 -1 -1000 -1000 -1000 -10 0.00011420249938964844
Car -1 -1 -10 1232.0 206.0 1242.0 281.0 -1 -1 -1 -1000 -1000 -1000 -10 0.0001131892204284668
Cyclist -1 -1 -10 772.0 174.0 785.0 198.0 -1 -1 -1 -1000 -1000 -1000 -10 0.00010830163955688477
Car -1 -1 -10 584.0 167.0 636.0 218.0 -1 -1 -1 -1000 -1000 -1000 -10 0.00010526180267333984
