Car -1 -1 -10 1.0 198.0 288.0 344.0 -1 -1 -1 -1000 -1000 -1000 -10 0.96337890625
Car -1 -1 -10 392.0 183.0 621.0 258.0 -1 -1 -1 -1000 -1000 -1000 -10 0.96337890625
Pedestrian -1 -1 -10 332.0 171.0 356.0 234.0 -1 -1 -1 -1000 -1000 -1000 -10 0.9150390625
Pedestrian -1 -1 -10 328.0 171.0 353.0 236.0 -1 -1 -1 -1000 -1000 -1000 -10 0.01018524169921875
Car -1 -1 -10 4.0 186.0 185.0 254.0 -1 -1 -1 -1000 -1000 -1000 -10 0.006103515625
Car -1 -1 -10 12.0 199.0 268.0 274.0 -1 -1 -1 -1000 -1000 -1000 -10 0.005542755126953125
Car -1 -1 -10 11.0 200.0 283.0 294.0 -1 -1 -1 -1000 -1000 -1000 -10 0.00455474853515625
Car -1 -1 -10 0.0 182.0 139.0 258.0 -1 -1 -1 -1000 -1000 -1000 -10 0.0026264190673828125
Car -1 -1 -10 1.0 187.0 203.0 272.0 -1 -1 -1 -1000 -1000 -1000 -10 0.0023136138916015625
Car -1 -1 -10 446.0 185.0 567.0 250.0 -1 -1 -1 -1000 -1000 -1000 -10 0.0017986297607421875
Pedestrian -1 -1 -10 335.0 172.0 358.0 232.0 -1 -1 -1 -1000 -1000 -1000 -10 0.001422882080078125
Car -1 -1 -10 0.0 185.0 114.0 262.0 -1 -1 -1 -1000 -1000 -1000 -10 0.001247406005859375
Car -1 -1 -10 22.0 196.0 276.0 260.0 -1 -1 -1 -1000 -1000 -1000 -10 0.0012054443359375
Car -1 -1 -10 388.0 175.0 626.0 273.0 -1 -1 -1 -1000 -1000 -1000 -10 0.0011138916015625
Car -1 -1 -10 0.0 180.0 95.0 266.0 -1 -1 -1 -1000 -1000 -1000 -10 0.0010929107666015625
Car -1 -1 -10 0.0 178.0 73.0 268.0 -1 -1 -1 -1000 -1000 -1000 -10 0.001079559326171875
Car -1 -1 -10 0.0 177.0 59.0 264.0 -1 -1 -1 -1000 -1000 -1000 -10 0.0009279251098632812
Car -1 -1 -10 4.0 193.0 187.0 281.0 -1 -1 -1 -1000 -1000 -1000 -10 0.0009255409240722656
Car -1 -1 -10 0.0 182.0 25.0 287.0 -1 -1 -1 -1000 -1000 -1000 -10 0.0009145736694335938
Car -1 -1 -10 0.0 178.0 28.0 270.0 -1 -1 -1 -1000 -1000 -1000 -10 0.0006551742553710938
Car -1 -1 -10 71.0 192.0 284.0 249.0 -1 -1 -1 -1000 -1000 -1000 -10 0.0006384849548339844
Car -1 -1 -10 6.0 180.0 185.0 239.0 -1 -1 -1 -1000 -1000 -1000 -10 0.0006093978881835938
Car -1 -1 -10 2.0 186.0 144.0 276.0 -1 -1 -1 -1000 -1000 -1000 -10 0.0005736351013183594
Car -1 -1 -10 1.0 187.0 129.0 286.0 -1 -1 -1 -1000 -1000 -1000 -10 0.0005373954772949219
Car -1 -1 -10 7.0 190.0 224.0 248.0 -1 -1 -1 -1000 -1000 -1000 -10 0.0005340576171875
Car -1 -1 -10 0.0 181.0 56.0 280.0 -1 -1 -1 -1000 -1000 -1000 -10 0.0004572868347167969
Car -1 -1 -10 85.0 206.0 193.0 331.0 -1 -1 -1 -1000 -1000 -1000 -10 0.00037860870361328125
Car -1 -1 -10 34.0 198.0 293.0 280.0 -1 -1 -1 -1000 -1000 -1000 -10 0.0003769397735595703
Car -1 -1 -10 0.0 173.0 118.0 244.0 -1 -1 -1 -1000 -1000 -1000 -10 0.0003402233123779297
Car -1 -1 -10 0.0 198.0 22.0 365.0 -1 -1 -1 -1000 -1000 -1000 -10 0.0003383159637451172
Car -1 -1 -10 2.0 184.0 159.0 248.0 -1 -1 -1 -1000 -1000 -1000 -10 0.0003323554992675781
Car -1 -1 -10 0.0 184.0 22.0 330.0 -1 -1 -1 -1000 -1000 -1000 -10 0.00032830238342285156
Car -1 -1 -10 0.0 178.0 30.0 285.0 -1 -1 -1 -1000 -1000 -1000 -10 0.00031375885009765625
Pedestrian -1 -1 -10 330.0 170.0 356.0 224.0 -1 -1 -1 -1000 -1000 -1000 -10 0.0002639293670654297
Car -1 -1 -10 94.0 209.0 209.0 328.0 -1 -1 -1 -1000 -1000 -1000 -10 0.0002498626708984375
Car -1 -1 -10 406.0 184.0 579.0 241.0 -1 -1 -1 -1000 -1000 -1000 -10 0.00022923946380615234
Car -1 -1 -10 0.0 162.0 59.0 254.0 -1 -1 -1 -1000 -1000 -1000 -10 0.00020575523376464844
Car -1 -1 -10 2.0 173.0 216.0 296.0 -1 -1 -1 -1000 -1000 -1000 -10 0.00020253658294677734
Car -1 -1 -10 4.0 184.0 228.0 236.0 -1 -1 -1 -1000 -1000 -1000 -10 0.00020194053649902344
Car -1 -1 -10 3.0 174.0 145.0 243.0 -1 -1 -1 -1000 -1000 -1000 -10 0.0001983642578125
Car -1 -1 -10 12.0 171.0 191.0 228.0 -1 -1 -1 -1000 -1000 -1000 -10 0.0001919269561767578
Car -1 -1 -10 4.0 183.0 98.0 276.0 -1 -1 -1 -1000 -1000 -1000 -10 0.0001914501190185547
Pedestrian -1 -1 -10 333.0 177.0 356.0 238.0 -1 -1 -1 -1000 -1000 -1000 -10 0.00018489360809326172
Car -1 -1 -10 0.0 171.0 96.0 246.0 -1 -1 -1 -1000 -1000 -1000 -10 0.0001844167709350586
Car -1 -1 -10 0.0 164.0 24.0 250.0 -1 -1 -1 -1000 -1000 -1000 -10 0.00018346309661865234
Car -1 -1 -10 0.0 182.0 66.0 298.0 -1 -1 -1 -1000 -1000 -1000 -10 0.00017583370208740234
Car -1 -1 -10 2.0 165.0 124.0 230.0 -1 -1 -1 -1000 -1000 -1000 -10 0.00017511844635009766
Car -1 -1 -10 3.0 181.0 279.0 300.0 -1 -1 -1 -1000 -1000 -1000 -10 0.00017082691192626953
Car -1 -1 -10 48.0 187.0 295.0 266.0 -1 -1 -1 -1000 -1000 -1000 -10 0.00016832351684570312
Car -1 -1 -10 0.0 174.0 32.0 261.0 -1 -1 -1 -1000 -1000 -1000 -10 0.00016689300537109375
Car -1 -1 -10 0.0 186.0 27.0 328.0 -1 -1 -1 -1000 -1000 -1000 -10 0.00015354156494140625
Car -1 -1 -10 1.0 185.0 167.0 318.0 -1 -1 -1 -1000 -1000 -1000 -10 0.00015044212341308594
Car -1 -1 -10 89.0 196.0 244.0 239.0 -1 -1 -1 -1000 -1000 -1000 -10 0.00014841556549072266
Car -1 -1 -10 10.0 188.0 172.0 246.0 -1 -1 -1 -1000 -1000 -1000 -10 0.0001417398452758789
Car -1 -1 -10 0.0 182.0 16.0 283.0 -1 -1 -1 -1000 -1000 -1000 -10 0.0001386404037475586
Car -1 -1 -10 0.0 213.0 24.0 375.0 -1 -1 -1 -1000 -1000 -1000 -10 0.00013756752014160156
Pedestrian -1 -1 -10 262.0 196.0 288.0 255.0 -1 -1 -1 -1000 -1000 -1000 -10 0.00013685226440429688
Car -1 -1 -10 5.0 182.0 85.0 263.0 -1 -1 -1 -1000 -1000 -1000 -10 0.0001367330551147461
Pedestrian -1 -1 -10 255.0 194.0 295.0 256.0 -1 -1 -1 -1000 -1000 -1000 -10 0.00013256072998046875
Car -1 -1 -10 0.0 196.0 227.0 290.0 -1 -1 -1 -1000 -1000 -1000 -10 0.0001291036605834961
Car -1 -1 -10 5.0 193.0 157.0 255.0 -1 -1 -1 -1000 -1000 -1000 -10 0.0001270771026611328
Car -1 -1 -10 0.0 197.0 243.0 335.0 -1 -1 -1 -1000 -1000 -1000 -10 0.00012695789337158203
Car -1 -1 -10 12.0 178.0 260.0 243.0 -1 -1 -1 -1000 -1000 -1000 -10 0.0001239776611328125
Car -1 -1 -10 0.0 177.0 17.0 271.0 -1 -1 -1 -1000 -1000 -1000 -10 0.00012350082397460938
Car -1 -1 -10 0.0 166.0 72.0 249.0 -1 -1 -1 -1000 -1000 -1000 -10 0.00011599063873291016
Car -1 -1 -10 0.0 164.0 161.0 285.0 -1 -1 -1 -1000 -1000 -1000 -10 0.00011360645294189453
Car -1 -1 -10 25.0 298.0 148.0 375.0 -1 -1 -1 -1000 -1000 -1000 -10 0.0001131296157836914
Car -1 -1 -10 0.0 160.0 30.0 256.0 -1 -1 -1 -1000 -1000 -1000 -10 0.00011235475540161133
Pedestrian -1 -1 -10 403.0 179.0 419.0 225.0 -1 -1 -1 -1000 -1000 -1000 -10 0.00011134147644042969
Car -1 -1 -10 112.0 194.0 269.0 238.0 -1 -1 -1 -1000 -1000 -1000 -10 0.00010865926742553711
Car -1 -1 -10 0.0 205.0 45.0 357.0 -1 -1 -1 -1000 -1000 -1000 -10 0.00010269880294799805
