Car -1 -1 -10 587.0 171.0 612.0 186.0 -1 -1 -1 -1000 -1000 -1000 -10 0.91552734375
Car -1 -1 -10 718.0 171.0 737.0 187.0 -1 -1 -1 -1000 -1000 -1000 -10 0.90771484375
Car -1 -1 -10 584.0 168.0 611.0 184.0 -1 -1 -1 -1000 -1000 -1000 -10 0.003986358642578125
Car -1 -1 -10 589.0 168.0 617.0 184.0 -1 -1 -1 -1000 -1000 -1000 -10 0.0018014907836914062
Car -1 -1 -10 717.0 167.0 738.0 185.0 -1 -1 -1 -1000 -1000 -1000 -10 0.0013904571533203125
Car -1 -1 -10 720.0 170.0 739.0 186.0 -1 -1 -1 -1000 -1000 -1000 -10 0.00054931640625
Car -1 -1 -10 280.0 54.0 298.0 69.0 -1 -1 -1 -1000 -1000 -1000 -10 0.0003204345703125
Car -1 -1 -10 277.0 54.0 301.0 69.0 -1 -1 -1 -1000 -1000 -1000 -10 0.0002434253692626953
Car -1 -1 -10 714.0 169.0 736.0 191.0 -1 -1 -1 -1000 -1000 -1000 -10 0.0001475811004638672
Car -1 -1 -10 717.0 169.0 739.0 188.0 -1 -1 -1 -1000 -1000 -1000 -10 0.00013530254364013672
