Car -1 -1 -10 772.0 168.0 994.0 275.0 -1 -1 -1 -1000 -1000 -1000 -10 0.96923828125
Car -1 -1 -10 308.0 187.0 410.0 243.0 -1 -1 -1 -1000 -1000 -1000 -10 0.9609375
Car -1 -1 -10 591.0 173.0 641.0 219.0 -1 -1 -1 -1000 -1000 -1000 -10 0.95947265625
Car -1 -1 -10 379.0 173.0 434.0 207.0 -1 -1 -1 -1000 -1000 -1000 -10 0.94091796875
Car -1 -1 -10 657.0 160.0 748.0 205.0 -1 -1 -1 -1000 -1000 -1000 -10 0.939453125
Car -1 -1 -10 699.0 173.0 842.0 233.0 -1 -1 -1 -1000 -1000 -1000 -10 0.93505859375
Car -1 -1 -10 414.0 175.0 458.0 202.0 -1 -1 -1 -1000 -1000 -1000 -10 0.9326171875
Car -1 -1 -10 527.0 160.0 559.0 188.0 -1 -1 -1 -1000 -1000 -1000 -10 0.9306640625
Car -1 -1 -10 105.0 179.0 144.0 204.0 -1 -1 -1 -1000 -1000 -1000 -10 0.923828125
Car -1 -1 -10 484.0 174.0 511.0 191.0 -1 -1 -1 -1000 -1000 -1000 -10 0.89404296875
Car -1 -1 -10 693.0 169.0 796.0 217.0 -1 -1 -1 -1000 -1000 -1000 -10 0.88916015625
Car -1 -1 -10 359.0 176.0 392.0 199.0 -1 -1 -1 -1000 -1000 -1000 -10 0.88525390625
Car -1 -1 -10 442.0 177.0 479.0 198.0 -1 -1 -1 -1000 -1000 -1000 -10 0.81005859375
Car -1 -1 -10 646.0 172.0 714.0 199.0 -1 -1 -1 -1000 -1000 -1000 -10 0.798828125
Car -1 -1 -10 639.0 171.0 695.0 191.0 -1 -1 -1 -1000 -1000 -1000 -10 0.7685546875
Car -1 -1 -10 650.0 168.0 726.0 201.0 -1 -1 -1 -1000 -1000 -1000 -10 0.73291015625
Car -1 -1 -10 694.0 172.0 807.0 221.0 -1 -1 -1 -1000 -1000 -1000 -10 0.69140625
Car -1 -1 -10 693.0 173.0 821.0 228.0 -1 -1 -1 -1000 -1000 -1000 -10 0.1163330078125
Car -1 -1 -10 659.0 163.0 738.0 205.0 -1 -1 -1 -1000 -1000 -1000 -10 0.056549072265625
Car -1 -1 -10 644.0 174.0 703.0 194.0 -1 -1 -1 -1000 -1000 -1000 -10 0.029296875
Car -1 -1 -10 689.0 167.0 778.0 209.0 -1 -1 -1 -1000 -1000 -1000 -10 0.0189666748046875
Car -1 -1 -10 637.0 171.0 688.0 190.0 -1 -1 -1 -1000 -1000 -1000 -10 0.01517486572265625
Car -1 -1 -10 652.0 175.0 703.0 198.0 -1 -1 -1 -1000 -1000 -1000 -10 0.01287841796875
Car -1 -1 -10 644.0 168.0 710.0 195.0 -1 -1 -1 -1000 -1000 -1000 -10 0.01186370849609375
Car -1 -1 -10 702.0 168.0 783.0 213.0 -1 -1 -1 -1000 -1000 -1000 -10 0.0118560791015625
Car -1 -1 -10 524.0 166.0 553.0 189.0 -1 -1 -1 -1000 -1000 -1000 -10 0.0111236572265625
Car -1 -1 -10 94.0 180.0 133.0 204.0 -1 -1 -1 -1000 -1000 -1000 -10 0.01076507568359375
Car -1 -1 -10 83.0 181.0 124.0 205.0 -1 -1 -1 -1000 -1000 -1000 -10 0.00971221923828125
Car -1 -1 -10 515.0 167.0 540.0 187.0 -1 -1 -1 -1000 -1000 -1000 -10 0.00970458984375
Car -1 -1 -10 446.0 176.0 479.0 196.0 -1 -1 -1 -1000 -1000 -1000 -10 0.00893402099609375
Car -1 -1 -10 671.0 163.0 756.0 204.0 -1 -1 -1 -1000 -1000 -1000 -10 0.006259918212890625
Car -1 -1 -10 515.0 171.0 539.0 187.0 -1 -1 -1 -1000 -1000 -1000 -10 0.006107330322265625
Car -1 -1 -10 331.0 185.0 403.0 224.0 -1 -1 -1 -1000 -1000 -1000 -10 0.00559234619140625
Car -1 -1 -10 525.0 157.0 560.0 186.0 -1 -1 -1 -1000 -1000 -1000 -10 0.004222869873046875
Car -1 -1 -10 660.0 170.0 711.0 198.0 -1 -1 -1 -1000 -1000 -1000 -10 0.004077911376953125
Car -1 -1 -10 357.0 183.0 397.0 205.0 -1 -1 -1 -1000 -1000 -1000 -10 0.00394439697265625
Car -1 -1 -10 648.0 169.0 719.0 207.0 -1 -1 -1 -1000 -1000 -1000 -10 0.0032787322998046875
Car -1 -1 -10 361.0 176.0 400.0 203.0 -1 -1 -1 -1000 -1000 -1000 -10 0.0019445419311523438
Car -1 -1 -10 99.0 176.0 144.0 206.0 -1 -1 -1 -1000 -1000 -1000 -10 0.0018310546875
Car -1 -1 -10 318.0 187.0 400.0 241.0 -1 -1 -1 -1000 -1000 -1000 -10 0.0017995834350585938
Car -1 -1 -10 673.0 163.0 724.0 196.0 -1 -1 -1 -1000 -1000 -1000 -10 0.0016679763793945312
Car -1 -1 -10 413.0 174.0 463.0 204.0 -1 -1 -1 -1000 -1000 -1000 -10 0.0015745162963867188
Car -1 -1 -10 688.0 172.0 783.0 216.0 -1 -1 -1 -1000 -1000 -1000 -10 0.001552581787109375
Car -1 -1 -10 362.0 176.0 397.0 200.0 -1 -1 -1 -1000 -1000 -1000 -10 0.0014095306396484375
Car -1 -1 -10 748.0 174.0 793.0 226.0 -1 -1 -1 -1000 -1000 -1000 -10 0.00127410888671875
Car -1 -1 -10 103.0 175.0 147.0 204.0 -1 -1 -1 -1000 -1000 -1000 -10 0.0011997222900390625
Car -1 -1 -10 76.0 182.0 116.0 206.0 -1 -1 -1 -1000 -1000 -1000 -10 0.0011806488037109375
Car -1 -1 -10 636.0 173.0 687.0 192.0 -1 -1 -1 -1000 -1000 -1000 -10 0.00115966796875
Car -1 -1 -10 494.0 173.0 519.0 189.0 -1 -1 -1 -1000 -1000 -1000 -10 0.0010423660278320312
Car -1 -1 -10 93.0 177.0 132.0 202.0 -1 -1 -1 -1000 -1000 -1000 -10 0.0010356903076171875
Car -1 -1 -10 527.0 164.0 559.0 191.0 -1 -1 -1 -1000 -1000 -1000 -10 0.0010213851928710938
Car -1 -1 -10 83.0 177.0 123.0 202.0 -1 -1 -1 -1000 -1000 -1000 -10 0.0009784698486328125
Car -1 -1 -10 332.0 187.0 381.0 235.0 -1 -1 -1 -1000 -1000 -1000 -10 0.0009579658508300781
Car -1 -1 -10 678.0 161.0 728.0 198.0 -1 -1 -1 -1000 -1000 -1000 -10 0.0008916854858398438
Car -1 -1 -10 709.0 173.0 789.0 219.0 -1 -1 -1 -1000 -1000 -1000 -10 0.0008597373962402344
Car -1 -1 -10 513.0 170.0 541.0 188.0 -1 -1 -1 -1000 -1000 -1000 -10 0.000835418701171875
Car -1 -1 -10 374.0 177.0 430.0 210.0 -1 -1 -1 -1000 -1000 -1000 -10 0.0006971359252929688
Car -1 -1 -10 586.0 164.0 644.0 229.0 -1 -1 -1 -1000 -1000 -1000 -10 0.0006771087646484375
Car -1 -1 -10 348.0 185.0 391.0 216.0 -1 -1 -1 -1000 -1000 -1000 -10 0.0006670951843261719
Car -1 -1 -10 526.0 156.0 559.0 191.0 -1 -1 -1 -1000 -1000 -1000 -10 0.0006399154663085938
Car -1 -1 -10 647.0 152.0 750.0 216.0 -1 -1 -1 -1000 -1000 -1000 -10 0.0006389617919921875
Car -1 -1 -10 104.0 175.0 146.0 209.0 -1 -1 -1 -1000 -1000 -1000 -10 0.0006356239318847656
Car -1 -1 -10 684.0 149.0 858.0 248.0 -1 -1 -1 -1000 -1000 -1000 -10 0.0006322860717773438
Car -1 -1 -10 414.0 170.0 460.0 206.0 -1 -1 -1 -1000 -1000 -1000 -10 0.0006237030029296875
Car -1 -1 -10 815.0 173.0 947.0 269.0 -1 -1 -1 -1000 -1000 -1000 -10 0.000606536865234375
Car -1 -1 -10 357.0 172.0 393.0 203.0 -1 -1 -1 -1000 -1000 -1000 -10 0.0005979537963867188
Car -1 -1 -10 681.0 166.0 767.0 207.0 -1 -1 -1 -1000 -1000 -1000 -10 0.0005855560302734375
Car -1 -1 -10 516.0 160.0 546.0 187.0 -1 -1 -1 -1000 -1000 -1000 -10 0.0005602836608886719
Car -1 -1 -10 0.0 198.0 8.0 226.0 -1 -1 -1 -1000 -1000 -1000 -10 0.0005440711975097656
Car -1 -1 -10 738.0 174.0 786.0 221.0 -1 -1 -1 -1000 -1000 -1000 -10 0.0005130767822265625
Car -1 -1 -10 0.0 197.0 9.0 228.0 -1 -1 -1 -1000 -1000 -1000 -10 0.0005068778991699219
Car -1 -1 -10 658.0 150.0 785.0 219.0 -1 -1 -1 -1000 -1000 -1000 -10 0.00046443939208984375
Car -1 -1 -10 355.0 174.0 397.0 211.0 -1 -1 -1 -1000 -1000 -1000 -10 0.0004315376281738281
Car -1 -1 -10 321.0 187.0 410.0 236.0 -1 -1 -1 -1000 -1000 -1000 -10 0.0004096031188964844
Car -1 -1 -10 644.0 116.0 809.0 248.0 -1 -1 -1 -1000 -1000 -1000 -10 0.00040221214294433594
Car -1 -1 -10 723.0 174.0 772.0 216.0 -1 -1 -1 -1000 -1000 -1000 -10 0.00039887428283691406
Car -1 -1 -10 686.0 164.0 800.0 228.0 -1 -1 -1 -1000 -1000 -1000 -10 0.0003933906555175781
Car -1 -1 -10 371.0 157.0 437.0 217.0 -1 -1 -1 -1000 -1000 -1000 -10 0.00037097930908203125
Car -1 -1 -10 638.0 168.0 697.0 198.0 -1 -1 -1 -1000 -1000 -1000 -10 0.0003590583801269531
Car -1 -1 -10 373.0 161.0 448.0 224.0 -1 -1 -1 -1000 -1000 -1000 -10 0.0003523826599121094
Car -1 -1 -10 439.0 174.0 481.0 207.0 -1 -1 -1 -1000 -1000 -1000 -10 0.00034117698669433594
Car -1 -1 -10 269.0 161.0 445.0 286.0 -1 -1 -1 -1000 -1000 -1000 -10 0.0003380775451660156
Car -1 -1 -10 673.0 165.0 723.0 202.0 -1 -1 -1 -1000 -1000 -1000 -10 0.0003352165222167969
Car -1 -1 -10 530.0 132.0 677.0 240.0 -1 -1 -1 -1000 -1000 -1000 -10 0.0003311634063720703
Car -1 -1 -10 522.0 133.0 684.0 269.0 -1 -1 -1 -1000 -1000 -1000 -10 0.00031304359436035156
Car -1 -1 -10 274.0 151.0 440.0 274.0 -1 -1 -1 -1000 -1000 -1000 -10 0.0003046989440917969
Car -1 -1 -10 1221.0 197.0 1242.0 364.0 -1 -1 -1 -1000 -1000 -1000 -10 0.00030159950256347656
Car -1 -1 -10 717.0 173.0 797.0 222.0 -1 -1 -1 -1000 -1000 -1000 -10 0.0002982616424560547
Car -1 -1 -10 593.0 170.0 640.0 215.0 -1 -1 -1 -1000 -1000 -1000 -10 0.0002970695495605469
Car -1 -1 -10 715.0 171.0 765.0 206.0 -1 -1 -1 -1000 -1000 -1000 -10 0.0002899169921875
Car -1 -1 -10 0.0 200.0 9.0 236.0 -1 -1 -1 -1000 -1000 -1000 -10 0.0002887248992919922
Car -1 -1 -10 0.0 193.0 9.0 221.0 -1 -1 -1 -1000 -1000 -1000 -10 0.00027823448181152344
Car -1 -1 -10 0.0 203.0 8.0 233.0 -1 -1 -1 -1000 -1000 -1000 -10 0.0002758502960205078
Car -1 -1 -10 474.0 174.0 496.0 190.0 -1 -1 -1 -1000 -1000 -1000 -10 0.0002646446228027344
Car -1 -1 -10 0.0 197.0 10.0 234.0 -1 -1 -1 -1000 -1000 -1000 -10 0.0002644062042236328
Car -1 -1 -10 641.0 166.0 693.0 187.0 -1 -1 -1 -1000 -1000 -1000 -10 0.0002548694610595703
Car -1 -1 -10 603.0 126.0 785.0 260.0 -1 -1 -1 -1000 -1000 -1000 -10 0.0002396106719970703
Car -1 -1 -10 677.0 146.0 865.0 265.0 -1 -1 -1 -1000 -1000 -1000 -10 0.00023436546325683594
Car -1 -1 -10 337.0 184.0 405.0 220.0 -1 -1 -1 -1000 -1000 -1000 -10 0.0002281665802001953
Car -1 -1 -10 657.0 157.0 745.0 196.0 -1 -1 -1 -1000 -1000 -1000 -10 0.00022041797637939453
Car -1 -1 -10 556.0 132.0 713.0 270.0 -1 -1 -1 -1000 -1000 -1000 -10 0.0002180337905883789
Car -1 -1 -10 484.0 171.0 515.0 197.0 -1 -1 -1 -1000 -1000 -1000 -10 0.00019598007202148438
Car -1 -1 -10 0.0 230.0 23.0 369.0 -1 -1 -1 -1000 -1000 -1000 -10 0.00019025802612304688
Car -1 -1 -10 500.0 169.0 525.0 187.0 -1 -1 -1 -1000 -1000 -1000 -10 0.00018990039825439453
Car -1 -1 -10 441.0 171.0 481.0 202.0 -1 -1 -1 -1000 -1000 -1000 -10 0.0001875162124633789
Car -1 -1 -10 0.0 218.0 18.0 349.0 -1 -1 -1 -1000 -1000 -1000 -10 0.0001844167709350586
Car -1 -1 -10 334.0 191.0 382.0 231.0 -1 -1 -1 -1000 -1000 -1000 -10 0.00018346309661865234
Car -1 -1 -10 482.0 172.0 516.0 202.0 -1 -1 -1 -1000 -1000 -1000 -10 0.00018072128295898438
Car -1 -1 -10 1215.0 192.0 1241.0 371.0 -1 -1 -1 -1000 -1000 -1000 -10 0.0001722574234008789
Car -1 -1 -10 0.0 198.0 12.0 227.0 -1 -1 -1 -1000 -1000 -1000 -10 0.0001704692840576172
Car -1 -1 -10 0.0 189.0 11.0 227.0 -1 -1 -1 -1000 -1000 -1000 -10 0.00016820430755615234
Car -1 -1 -10 81.0 184.0 118.0 207.0 -1 -1 -1 -1000 -1000 -1000 -10 0.0001671314239501953
Car -1 -1 -10 337.0 188.0 388.0 235.0 -1 -1 -1 -1000 -1000 -1000 -10 0.0001646280288696289
Car -1 -1 -10 639.0 169.0 708.0 203.0 -1 -1 -1 -1000 -1000 -1000 -10 0.00016367435455322266
Car -1 -1 -10 112.0 181.0 147.0 205.0 -1 -1 -1 -1000 -1000 -1000 -10 0.00016200542449951172
Car -1 -1 -10 308.0 116.0 479.0 244.0 -1 -1 -1 -1000 -1000 -1000 -10 0.00016176700592041016
Car -1 -1 -10 0.0 194.0 12.0 220.0 -1 -1 -1 -1000 -1000 -1000 -10 0.00015652179718017578
Car -1 -1 -10 706.0 168.0 831.0 224.0 -1 -1 -1 -1000 -1000 -1000 -10 0.00015628337860107422
Car -1 -1 -10 1224.0 183.0 1242.0 342.0 -1 -1 -1 -1000 -1000 -1000 -10 0.00015354156494140625
Car -1 -1 -10 610.0 110.0 783.0 240.0 -1 -1 -1 -1000 -1000 -1000 -10 0.00015115737915039062
Car -1 -1 -10 734.0 175.0 783.0 218.0 -1 -1 -1 -1000 -1000 -1000 -10 0.00014722347259521484
Car -1 -1 -10 641.0 135.0 833.0 267.0 -1 -1 -1 -1000 -1000 -1000 -10 0.00014483928680419922
Car -1 -1 -10 0.0 226.0 27.0 373.0 -1 -1 -1 -1000 -1000 -1000 -10 0.0001264810562133789
Car -1 -1 -10 1131.0 0.0 1242.0 4.0 -1 -1 -1 -1000 -1000 -1000 -10 0.0001207590103149414
Car -1 -1 -10 483.0 173.0 510.0 192.0 -1 -1 -1 -1000 -1000 -1000 -10 0.00011986494064331055
Car -1 -1 -10 1208.0 195.0 1242.0 369.0 -1 -1 -1 -1000 -1000 -1000 -10 0.00011771917343139648
Car -1 -1 -10 0.0 217.0 10.0 306.0 -1 -1 -1 -1000 -1000 -1000 -10 0.0001093149185180664
Car -1 -1 -10 0.0 223.0 11.0 322.0 -1 -1 -1 -1000 -1000 -1000 -10 0.00010788440704345703
Car -1 -1 -10 92.0 184.0 126.0 207.0 -1 -1 -1 -1000 -1000 -1000 -10 0.00010693073272705078
Car -1 -1 -10 76.0 187.0 113.0 208.0 -1 -1 -1 -1000 -1000 -1000 -10 0.00010484457015991211
Car -1 -1 -10 0.0 215.0 14.0 304.0 -1 -1 -1 -1000 -1000 -1000 -10 0.00010454654693603516
Car -1 -1 -10 0.0 205.0 8.0 275.0 -1 -1 -1 -1000 -1000 -1000 -10 0.00010389089584350586
Car -1 -1 -10 647.0 181.0 710.0 204.0 -1 -1 -1 -1000 -1000 -1000 -10 0.000102996826171875
Car -1 -1 -10 0.0 201.0 12.0 234.0 -1 -1 -1 -1000 -1000 -1000 -10 0.00010192394256591797
Car -1 -1 -10 337.0 132.0 507.0 271.0 -1 -1 -1 -1000 -1000 -1000 -10 0.00010061264038085938
