Car -1 -1 -10 528.0 178.0 551.0 196.0 -1 -1 -1 -1000 -1000 -1000 -10 0.94189453125
Cyclist -1 -1 -10 1030.0 86.0 1241.0 373.0 -1 -1 -1 -1000 -1000 -1000 -10 0.9375
Cyclist -1 -1 -10 1178.0 90.0 1241.0 358.0 -1 -1 -1 -1000 -1000 -1000 -10 0.022857666015625
Cyclist -1 -1 -10 1132.0 85.0 1239.0 361.0 -1 -1 -1 -1000 -1000 -1000 -10 0.01329803466796875
Car -1 -1 -10 0.0 220.0 29.0 370.0 -1 -1 -1 -1000 -1000 -1000 -10 0.00890350341796875
Cyclist -1 -1 -10 1206.0 81.0 1242.0 366.0 -1 -1 -1 -1000 -1000 -1000 -10 0.00826263427734375
Cyclist -1 -1 -10 1082.0 85.0 1231.0 363.0 -1 -1 -1 -1000 -1000 -1000 -10 0.007633209228515625
Car -1 -1 -10 0.0 223.0 37.0 372.0 -1 -1 -1 -1000 -1000 -1000 -10 0.005794525146484375
Cyclist -1 -1 -10 1167.0 104.0 1241.0 368.0 -1 -1 -1 -1000 -1000 -1000 -10 0.00534820556640625
Cyclist -1 -1 -10 1190.0 84.0 1242.0 327.0 -1 -1 -1 -1000 -1000 -1000 -10 0.004436492919921875
Cyclist -1 -1 -10 1180.0 128.0 1242.0 373.0 -1 -1 -1 -1000 -1000 -1000 -10 0.0030689239501953125
Cyclist -1 -1 -10 1209.0 128.0 1242.0 375.0 -1 -1 -1 -1000 -1000 -1000 -10 0.003017425537109375
Car -1 -1 -10 1.0 213.0 46.0 374.0 -1 -1 -1 -1000 -1000 -1000 -10 0.0024394989013671875
Car -1 -1 -10 0.0 191.0 22.0 346.0 -1 -1 -1 -1000 -1000 -1000 -10 0.00238800048828125
Cyclist -1 -1 -10 1216.0 99.0 1242.0 309.0 -1 -1 -1 -1000 -1000 -1000 -10 0.002124786376953125
Cyclist -1 -1 -10 1211.0 84.0 1242.0 324.0 -1 -1 -1 -1000 -1000 -1000 -10 0.00205230712890625
Car -1 -1 -10 0.0 217.0 54.0 371.0 -1 -1 -1 -1000 -1000 -1000 -10 0.00183868408203125
Cyclist -1 -1 -10 1133.0 125.0 1242.0 371.0 -1 -1 -1 -1000 -1000 -1000 -10 0.0016450881958007812
Cyclist -1 -1 -10 1206.0 117.0 1242.0 332.0 -1 -1 -1 -1000 -1000 -1000 -10 0.0012750625610351562
Cyclist -1 -1 -10 1102.0 86.0 1241.0 335.0 -1 -1 -1 -1000 -1000 -1000 -10 0.0012140274047851562
Cyclist -1 -1 -10 1063.0 83.0 1204.0 366.0 -1 -1 -1 -1000 -1000 -1000 -10 0.0012063980102539062
Cyclist -1 -1 -10 1094.0 137.0 1242.0 352.0 -1 -1 -1 -1000 -1000 -1000 -10 0.0011816024780273438
Car -1 -1 -10 0.0 244.0 31.0 374.0 -1 -1 -1 -1000 -1000 -1000 -10 0.0011167526245117188
Cyclist -1 -1 -10 1047.0 103.0 1242.0 325.0 -1 -1 -1 -1000 -1000 -1000 -10 0.0010709762573242188
Car -1 -1 -10 0.0 211.0 25.0 339.0 -1 -1 -1 -1000 -1000 -1000 -10 0.0009822845458984375
Car -1 -1 -10 0.0 212.0 18.0 338.0 -1 -1 -1 -1000 -1000 -1000 -10 0.0009102821350097656
Cyclist -1 -1 -10 1203.0 131.0 1242.0 347.0 -1 -1 -1 -1000 -1000 -1000 -10 0.0007333755493164062
Car -1 -1 -10 0.0 195.0 44.0 360.0 -1 -1 -1 -1000 -1000 -1000 -10 0.0007166862487792969
Car -1 -1 -10 0.0 180.0 34.0 350.0 -1 -1 -1 -1000 -1000 -1000 -10 0.0007123947143554688
Cyclist -1 -1 -10 1210.0 106.0 1242.0 301.0 -1 -1 -1 -1000 -1000 -1000 -10 0.0006756782531738281
Cyclist -1 -1 -10 1219.0 108.0 1242.0 263.0 -1 -1 -1 -1000 -1000 -1000 -10 0.0006451606750488281
Car -1 -1 -10 0.0 183.0 20.0 302.0 -1 -1 -1 -1000 -1000 -1000 -10 0.0006380081176757812
Car -1 -1 -10 0.0 228.0 20.0 362.0 -1 -1 -1 -1000 -1000 -1000 -10 0.0006213188171386719
Car -1 -1 -10 0.0 205.0 16.0 325.0 -1 -1 -1 -1000 -1000 -1000 -10 0.0005731582641601562
Cyclist -1 -1 -10 1194.0 95.0 1242.0 272.0 -1 -1 -1 -1000 -1000 -1000 -10 0.0005507469177246094
Cyclist -1 -1 -10 1186.0 154.0 1242.0 367.0 -1 -1 -1 -1000 -1000 -1000 -10 0.0005331039428710938
Cyclist -1 -1 -10 1213.0 94.0 1242.0 277.0 -1 -1 -1 -1000 -1000 -1000 -10 0.0005130767822265625
Cyclist -1 -1 -10 1228.0 133.0 1242.0 255.0 -1 -1 -1 -1000 -1000 -1000 -10 0.0005016326904296875
Cyclist -1 -1 -10 1029.0 117.0 1242.0 348.0 -1 -1 -1 -1000 -1000 -1000 -10 0.00048542022705078125
Car -1 -1 -10 526.0 177.0 554.0 205.0 -1 -1 -1 -1000 -1000 -1000 -10 0.0004544258117675781
Cyclist -1 -1 -10 1140.0 100.0 1241.0 314.0 -1 -1 -1 -1000 -1000 -1000 -10 0.0004513263702392578
Cyclist -1 -1 -10 1177.0 89.0 1242.0 297.0 -1 -1 -1 -1000 -1000 -1000 -10 0.0004029273986816406
Car -1 -1 -10 0.0 197.0 15.0 313.0 -1 -1 -1 -1000 -1000 -1000 -10 0.0004019737243652344
Car -1 -1 -10 0.0 237.0 21.0 372.0 -1 -1 -1 -1000 -1000 -1000 -10 0.0003833770751953125
Car -1 -1 -10 0.0 181.0 25.0 305.0 -1 -1 -1 -1000 -1000 -1000 -10 0.0003802776336669922
Car -1 -1 -10 527.0 173.0 554.0 200.0 -1 -1 -1 -1000 -1000 -1000 -10 0.00034689903259277344
Car -1 -1 -10 0.0 246.0 51.0 375.0 -1 -1 -1 -1000 -1000 -1000 -10 0.00033783912658691406
Car -1 -1 -10 0.0 176.0 18.0 259.0 -1 -1 -1 -1000 -1000 -1000 -10 0.0003306865692138672
Car -1 -1 -10 0.0 211.0 24.0 319.0 -1 -1 -1 -1000 -1000 -1000 -10 0.0003006458282470703
Car -1 -1 -10 0.0 229.0 26.0 343.0 -1 -1 -1 -1000 -1000 -1000 -10 0.00027680397033691406
Cyclist -1 -1 -10 1212.0 111.0 1242.0 259.0 -1 -1 -1 -1000 -1000 -1000 -10 0.0002689361572265625
Cyclist -1 -1 -10 1212.0 168.0 1242.0 374.0 -1 -1 -1 -1000 -1000 -1000 -10 0.00023424625396728516
Car -1 -1 -10 0.0 178.0 13.0 246.0 -1 -1 -1 -1000 -1000 -1000 -10 0.00022745132446289062
Car -1 -1 -10 0.0 182.0 14.0 260.0 -1 -1 -1 -1000 -1000 -1000 -10 0.00021886825561523438
Cyclist -1 -1 -10 1122.0 75.0 1242.0 320.0 -1 -1 -1 -1000 -1000 -1000 -10 0.00021541118621826172
Cyclist -1 -1 -10 1073.0 112.0 1219.0 374.0 -1 -1 -1 -1000 -1000 -1000 -10 0.00020968914031982422
Car -1 -1 -10 0.0 172.0 13.0 239.0 -1 -1 -1 -1000 -1000 -1000 -10 0.0001989603042602539
Car -1 -1 -10 0.0 157.0 18.0 249.0 -1 -1 -1 -1000 -1000 -1000 -10 0.0001983642578125
Pedestrian -1 -1 -10 743.0 0.0 772.0 0.0 -1 -1 -1 -1000 -1000 -1000 -10 0.00019347667694091797
Cyclist -1 -1 -10 1170.0 185.0 1242.0 307.0 -1 -1 -1 -1000 -1000 -1000 -10 0.0001881122589111328
Car -1 -1 -10 0.0 204.0 16.0 306.0 -1 -1 -1 -1000 -1000 -1000 -10 0.0001817941665649414
Car -1 -1 -10 0.0 181.0 16.0 244.0 -1 -1 -1 -1000 -1000 -1000 -10 0.00017118453979492188
Cyclist -1 -1 -10 1227.0 142.0 1241.0 246.0 -1 -1 -1 -1000 -1000 -1000 -10 0.00017118453979492188
Car -1 -1 -10 0.0 227.0 78.0 374.0 -1 -1 -1 -1000 -1000 -1000 -10 0.00016808509826660156
Cyclist -1 -1 -10 1214.0 143.0 1242.0 265.0 -1 -1 -1 -1000 -1000 -1000 -10 0.00016498565673828125
Car -1 -1 -10 0.0 191.0 14.0 296.0 -1 -1 -1 -1000 -1000 -1000 -10 0.00016415119171142578
Cyclist -1 -1 -10 1215.0 129.0 1242.0 256.0 -1 -1 -1 -1000 -1000 -1000 -10 0.00016200542449951172
Cyclist -1 -1 -10 1142.0 89.0 1241.0 275.0 -1 -1 -1 -1000 -1000 -1000 -10 0.0001556873321533203
Car -1 -1 -10 0.0 187.0 16.0 256.0 -1 -1 -1 -1000 -1000 -1000 -10 0.00015342235565185547
Car -1 -1 -10 0.0 171.0 26.0 265.0 -1 -1 -1 -1000 -1000 -1000 -10 0.00014281272888183594
Cyclist -1 -1 -10 1206.0 161.0 1242.0 375.0 -1 -1 -1 -1000 -1000 -1000 -10 0.00014066696166992188
Cyclist -1 -1 -10 1069.0 119.0 1241.0 348.0 -1 -1 -1 -1000 -1000 -1000 -10 0.00014019012451171875
Car -1 -1 -10 0.0 175.0 15.0 237.0 -1 -1 -1 -1000 -1000 -1000 -10 0.00013947486877441406
Car -1 -1 -10 0.0 182.0 36.0 298.0 -1 -1 -1 -1000 -1000 -1000 -10 0.00013768672943115234
Car -1 -1 -10 1073.0 210.0 1230.0 289.0 -1 -1 -1 -1000 -1000 -1000 -10 0.0001304149627685547
Cyclist -1 -1 -10 1081.0 66.0 1242.0 329.0 -1 -1 -1 -1000 -1000 -1000 -10 0.00012803077697753906
Car -1 -1 -10 0.0 179.0 25.0 255.0 -1 -1 -1 -1000 -1000 -1000 -10 0.00012755393981933594
Cyclist -1 -1 -10 1145.0 104.0 1242.0 258.0 -1 -1 -1 -1000 -1000 -1000 -10 0.00012743473052978516
Cyclist -1 -1 -10 1043.0 158.0 1238.0 371.0 -1 -1 -1 -1000 -1000 -1000 -10 0.00012129545211791992
Car -1 -1 -10 0.0 187.0 12.0 237.0 -1 -1 -1 -1000 -1000 -1000 -10 0.00011450052261352539
Cyclist -1 -1 -10 1220.0 102.0 1242.0 225.0 -1 -1 -1 -1000 -1000 -1000 -10 0.00010895729064941406
Car -1 -1 -10 0.0 181.0 11.0 230.0 -1 -1 -1 -1000 -1000 -1000 -10 0.00010865926742553711
Car -1 -1 -10 0.0 124.0 18.0 244.0 -1 -1 -1 -1000 -1000 -1000 -10 0.00010347366333007812
Car -1 -1 -10 0.0 189.0 13.0 274.0 -1 -1 -1 -1000 -1000 -1000 -10 0.00010126829147338867
