Cyclist -1 -1 -10 250.0 190.0 289.0 238.0 -1 -1 -1 -1000 -1000 -1000 -10 0.9423828125
Car -1 -1 -10 429.0 186.0 501.0 214.0 -1 -1 -1 -1000 -1000 -1000 -10 0.8876953125
Car -1 -1 -10 453.0 184.0 511.0 209.0 -1 -1 -1 -1000 -1000 -1000 -10 0.8095703125
Car -1 -1 -10 442.0 184.0 508.0 211.0 -1 -1 -1 -1000 -1000 -1000 -10 0.54638671875
Car -1 -1 -10 1206.0 0.0 1242.0 339.0 -1 -1 -1 -1000 -1000 -1000 -10 0.012603759765625
Car -1 -1 -10 1201.0 0.0 1241.0 311.0 -1 -1 -1 -1000 -1000 -1000 -10 0.00861358642578125
Car -1 -1 -10 449.0 182.0 511.0 211.0 -1 -1 -1 -1000 -1000 -1000 -10 0.0041961669921875
Car -1 -1 -10 1199.0 0.0 1242.0 343.0 -1 -1 -1 -1000 -1000 -1000 -10 0.003314971923828125
Car -1 -1 -10 450.0 185.0 501.0 209.0 -1 -1 -1 -1000 -1000 -1000 -10 0.0026836395263671875
Car -1 -1 -10 428.0 190.0 499.0 217.0 -1 -1 -1 -1000 -1000 -1000 -10 0.0025463104248046875
Car -1 -1 -10 1208.0 30.0 1242.0 283.0 -1 -1 -1 -1000 -1000 -1000 -10 0.0016756057739257812
Car -1 -1 -10 0.0 203.0 24.0 375.0 -1 -1 -1 -1000 -1000 -1000 -10 0.0015420913696289062
Car -1 -1 -10 0.0 184.0 18.0 302.0 -1 -1 -1 -1000 -1000 -1000 -10 0.00146484375
Cyclist -1 -1 -10 257.0 193.0 293.0 236.0 -1 -1 -1 -1000 -1000 -1000 -10 0.0013751983642578125
Car -1 -1 -10 1206.0 30.0 1241.0 351.0 -1 -1 -1 -1000 -1000 -1000 -10 0.0013141632080078125
Car -1 -1 -10 468.0 184.0 518.0 208.0 -1 -1 -1 -1000 -1000 -1000 -10 0.0011816024780273438
Car -1 -1 -10 1201.0 7.0 1242.0 271.0 -1 -1 -1 -1000 -1000 -1000 -10 0.000980377197265625
Car -1 -1 -10 0.0 175.0 18.0 288.0 -1 -1 -1 -1000 -1000 -1000 -10 0.0009045600891113281
Car -1 -1 -10 1.0 193.0 20.0 297.0 -1 -1 -1 -1000 -1000 -1000 -10 0.0008511543273925781
Car -1 -1 -10 0.0 185.0 15.0 288.0 -1 -1 -1 -1000 -1000 -1000 -10 0.0007886886596679688
Pedestrian -1 -1 -10 0.0 183.0 22.0 335.0 -1 -1 -1 -1000 -1000 -1000 -10 0.0007653236389160156
Car -1 -1 -10 0.0 187.0 27.0 375.0 -1 -1 -1 -1000 -1000 -1000 -10 0.00075531005859375
Car -1 -1 -10 1204.0 60.0 1242.0 298.0 -1 -1 -1 -1000 -1000 -1000 -10 0.0007047653198242188
Car -1 -1 -10 431.0 181.0 505.0 216.0 -1 -1 -1 -1000 -1000 -1000 -10 0.0006866455078125
Car -1 -1 -10 1.0 189.0 19.0 285.0 -1 -1 -1 -1000 -1000 -1000 -10 0.0006136894226074219
Cyclist -1 -1 -10 247.0 183.0 292.0 231.0 -1 -1 -1 -1000 -1000 -1000 -10 0.0005946159362792969
Car -1 -1 -10 455.0 180.0 511.0 205.0 -1 -1 -1 -1000 -1000 -1000 -10 0.000579833984375
Car -1 -1 -10 445.0 186.0 496.0 211.0 -1 -1 -1 -1000 -1000 -1000 -10 0.0005459785461425781
Car -1 -1 -10 0.0 180.0 22.0 306.0 -1 -1 -1 -1000 -1000 -1000 -10 0.0005254745483398438
Car -1 -1 -10 1212.0 82.0 1242.0 299.0 -1 -1 -1 -1000 -1000 -1000 -10 0.0005078315734863281
Car -1 -1 -10 1195.0 1.0 1242.0 297.0 -1 -1 -1 -1000 -1000 -1000 -10 0.0004558563232421875
Car -1 -1 -10 1191.0 0.0 1242.0 249.0 -1 -1 -1 -1000 -1000 -1000 -10 0.000453948974609375
Car -1 -1 -10 1208.0 73.0 1242.0 275.0 -1 -1 -1 -1000 -1000 -1000 -10 0.0004165172576904297
Cyclist -1 -1 -10 247.0 190.0 281.0 237.0 -1 -1 -1 -1000 -1000 -1000 -10 0.00040602684020996094
Car -1 -1 -10 1.0 209.0 33.0 375.0 -1 -1 -1 -1000 -1000 -1000 -10 0.00040221214294433594
Car -1 -1 -10 1184.0 21.0 1242.0 322.0 -1 -1 -1 -1000 -1000 -1000 -10 0.0003952980041503906
Car -1 -1 -10 0.0 183.0 25.0 335.0 -1 -1 -1 -1000 -1000 -1000 -10 0.00038695335388183594
Car -1 -1 -10 0.0 195.0 17.0 292.0 -1 -1 -1 -1000 -1000 -1000 -10 0.00038504600524902344
Car -1 -1 -10 0.0 188.0 35.0 375.0 -1 -1 -1 -1000 -1000 -1000 -10 0.00033974647521972656
Car -1 -1 -10 611.0 178.0 627.0 194.0 -1 -1 -1 -1000 -1000 -1000 -10 0.0002970695495605469
Car -1 -1 -10 424.0 184.0 495.0 211.0 -1 -1 -1 -1000 -1000 -1000 -10 0.00028514862060546875
Car -1 -1 -10 1205.0 54.0 1241.0 259.0 -1 -1 -1 -1000 -1000 -1000 -10 0.0002849102020263672
Car -1 -1 -10 0.0 184.0 28.0 303.0 -1 -1 -1 -1000 -1000 -1000 -10 0.0002567768096923828
Car -1 -1 -10 0.0 186.0 33.0 335.0 -1 -1 -1 -1000 -1000 -1000 -10 0.00025534629821777344
Cyclist -1 -1 -10 243.0 186.0 298.0 248.0 -1 -1 -1 -1000 -1000 -1000 -10 0.0002148151397705078
Car -1 -1 -10 1.0 234.0 25.0 375.0 -1 -1 -1 -1000 -1000 -1000 -10 0.00020885467529296875
Car -1 -1 -10 0.0 191.0 44.0 374.0 -1 -1 -1 -1000 -1000 -1000 -10 0.0002034902572631836
Car -1 -1 -10 0.0 193.0 16.0 311.0 -1 -1 -1 -1000 -1000 -1000 -10 0.00018167495727539062
Car -1 -1 -10 1201.0 81.0 1242.0 309.0 -1 -1 -1 -1000 -1000 -1000 -10 0.00017952919006347656
Pedestrian -1 -1 -10 0.0 175.0 13.0 282.0 -1 -1 -1 -1000 -1000 -1000 -10 0.00016558170318603516
Car -1 -1 -10 447.0 181.0 514.0 216.0 -1 -1 -1 -1000 -1000 -1000 -10 0.00016558170318603516
Car -1 -1 -10 0.0 238.0 23.0 371.0 -1 -1 -1 -1000 -1000 -1000 -10 0.0001614093780517578
Car -1 -1 -10 842.0 43.0 860.0 57.0 -1 -1 -1 -1000 -1000 -1000 -10 0.00016033649444580078
Car -1 -1 -10 452.0 178.0 514.0 213.0 -1 -1 -1 -1000 -1000 -1000 -10 0.00015473365783691406
Car -1 -1 -10 1.0 224.0 28.0 375.0 -1 -1 -1 -1000 -1000 -1000 -10 0.00013053417205810547
Car -1 -1 -10 490.0 0.0 540.0 31.0 -1 -1 -1 -1000 -1000 -1000 -10 0.00012433528900146484
Car -1 -1 -10 0.0 238.0 16.0 370.0 -1 -1 -1 -1000 -1000 -1000 -10 0.00011831521987915039
Car -1 -1 -10 1214.0 111.0 1241.0 319.0 -1 -1 -1 -1000 -1000 -1000 -10 0.00011116266250610352
Car -1 -1 -10 437.0 188.0 488.0 211.0 -1 -1 -1 -1000 -1000 -1000 -10 0.00010842084884643555
Cyclist -1 -1 -10 192.0 164.0 354.0 290.0 -1 -1 -1 -1000 -1000 -1000 -10 0.00010466575622558594
Cyclist -1 -1 -10 185.0 143.0 351.0 280.0 -1 -1 -1 -1000 -1000 -1000 -10 0.00010383129119873047
Cyclist -1 -1 -10 233.0 183.0 298.0 244.0 -1 -1 -1 -1000 -1000 -1000 -10 0.00010305643081665039
Car -1 -1 -10 323.0 358.0 441.0 375.0 -1 -1 -1 -1000 -1000 -1000 -10 0.00010114908218383789
