Car -1 -1 -10 583.0 178.0 621.0 216.0 -1 -1 -1 -1000 -1000 -1000 -10 0.96728515625
Car -1 -1 -10 434.0 116.0 543.0 236.0 -1 -1 -1 -1000 -1000 -1000 -10 0.96337890625
Car -1 -1 -10 356.0 182.0 388.0 202.0 -1 -1 -1 -1000 -1000 -1000 -10 0.93359375
Car -1 -1 -10 545.0 180.0 570.0 202.0 -1 -1 -1 -1000 -1000 -1000 -10 0.9189453125
Car -1 -1 -10 548.0 180.0 572.0 201.0 -1 -1 -1 -1000 -1000 -1000 -10 0.01505279541015625
Car -1 -1 -10 581.0 178.0 617.0 214.0 -1 -1 -1 -1000 -1000 -1000 -10 0.0015554428100585938
Car -1 -1 -10 543.0 178.0 570.0 208.0 -1 -1 -1 -1000 -1000 -1000 -10 0.0009236335754394531
Car -1 -1 -10 354.0 180.0 389.0 208.0 -1 -1 -1 -1000 -1000 -1000 -10 0.0006570816040039062
Car -1 -1 -10 544.0 174.0 570.0 205.0 -1 -1 -1 -1000 -1000 -1000 -10 0.0005807876586914062
Car -1 -1 -10 541.0 179.0 565.0 201.0 -1 -1 -1 -1000 -1000 -1000 -10 0.00015461444854736328
Car -1 -1 -10 574.0 178.0 620.0 217.0 -1 -1 -1 -1000 -1000 -1000 -10 0.0001417398452758789
Car -1 -1 -10 356.0 176.0 392.0 206.0 -1 -1 -1 -1000 -1000 -1000 -10 0.0001308917999267578
Car -1 -1 -10 0.0 182.0 7.0 241.0 -1 -1 -1 -1000 -1000 -1000 -10 0.00012743473052978516
Car -1 -1 -10 558.0 180.0 576.0 197.0 -1 -1 -1 -1000 -1000 -1000 -10 0.00011736154556274414
Car -1 -1 -10 0.0 184.0 8.0 254.0 -1 -1 -1 -1000 -1000 -1000 -10 0.00011527538299560547
Car -1 -1 -10 0.0 188.0 6.0 233.0 -1 -1 -1 -1000 -1000 -1000 -10 0.00011473894119262695
Car -1 -1 -10 548.0 183.0 572.0 203.0 -1 -1 -1 -1000 -1000 -1000 -10 0.00011169910430908203
Car -1 -1 -10 575.0 168.0 629.0 229.0 -1 -1 -1 -1000 -1000 -1000 -10 0.00010269880294799805
