Car -1 -1 -10 588.0 159.0 744.0 233.0 -1 -1 -1 -1000 -1000 -1000 -10 0.9609375
Car -1 -1 -10 1052.0 172.0 1102.0 200.0 -1 -1 -1 -1000 -1000 -1000 -10 0.94140625
Pedestrian -1 -1 -10 205.0 154.0 248.0 247.0 -1 -1 -1 -1000 -1000 -1000 -10 0.87255859375
Pedestrian -1 -1 -10 226.0 155.0 267.0 246.0 -1 -1 -1 -1000 -1000 -1000 -10 0.8076171875
Pedestrian -1 -1 -10 209.0 155.0 256.0 247.0 -1 -1 -1 -1000 -1000 -1000 -10 0.71826171875
Pedestrian -1 -1 -10 221.0 154.0 261.0 247.0 -1 -1 -1 -1000 -1000 -1000 -10 0.7158203125
Pedestrian -1 -1 -10 233.0 155.0 270.0 246.0 -1 -1 -1 -1000 -1000 -1000 -10 0.1817626953125
Car -1 -1 -10 1199.0 173.0 1223.0 191.0 -1 -1 -1 -1000 -1000 -1000 -10 0.040679931640625
Pedestrian -1 -1 -10 200.0 155.0 259.0 246.0 -1 -1 -1 -1000 -1000 -1000 -10 0.031280517578125
Car -1 -1 -10 1202.0 171.0 1222.0 192.0 -1 -1 -1 -1000 -1000 -1000 -10 0.01995849609375
Car -1 -1 -10 1200.0 170.0 1224.0 191.0 -1 -1 -1 -1000 -1000 -1000 -10 0.01690673828125
Pedestrian -1 -1 -10 238.0 157.0 274.0 245.0 -1 -1 -1 -1000 -1000 -1000 -10 0.0066070556640625
Pedestrian -1 -1 -10 207.0 163.0 252.0 250.0 -1 -1 -1 -1000 -1000 -1000 -10 0.005016326904296875
Pedestrian -1 -1 -10 221.0 155.0 274.0 247.0 -1 -1 -1 -1000 -1000 -1000 -10 0.004070281982421875
Pedestrian -1 -1 -10 194.0 154.0 250.0 247.0 -1 -1 -1 -1000 -1000 -1000 -10 0.0035762786865234375
Pedestrian -1 -1 -10 198.0 153.0 240.0 245.0 -1 -1 -1 -1000 -1000 -1000 -10 0.0020904541015625
Pedestrian -1 -1 -10 211.0 151.0 252.0 238.0 -1 -1 -1 -1000 -1000 -1000 -10 0.001819610595703125
Car -1 -1 -10 1206.0 174.0 1224.0 192.0 -1 -1 -1 -1000 -1000 -1000 -10 0.0015773773193359375
Car -1 -1 -10 1200.0 166.0 1223.0 190.0 -1 -1 -1 -1000 -1000 -1000 -10 0.0015316009521484375
Pedestrian -1 -1 -10 228.0 166.0 272.0 248.0 -1 -1 -1 -1000 -1000 -1000 -10 0.0013980865478515625
Pedestrian -1 -1 -10 0.0 127.0 16.0 268.0 -1 -1 -1 -1000 -1000 -1000 -10 0.0011415481567382812
Pedestrian -1 -1 -10 222.0 166.0 260.0 231.0 -1 -1 -1 -1000 -1000 -1000 -10 0.0010271072387695312
Pedestrian -1 -1 -10 0.0 139.0 15.0 284.0 -1 -1 -1 -1000 -1000 -1000 -10 0.0010023117065429688
Pedestrian -1 -1 -10 0.0 100.0 19.0 262.0 -1 -1 -1 -1000 -1000 -1000 -10 0.0008282661437988281
Car -1 -1 -10 583.0 150.0 746.0 246.0 -1 -1 -1 -1000 -1000 -1000 -10 0.0007510185241699219
Pedestrian -1 -1 -10 228.0 166.0 266.0 232.0 -1 -1 -1 -1000 -1000 -1000 -10 0.0006480216979980469
Pedestrian -1 -1 -10 0.0 149.0 17.0 315.0 -1 -1 -1 -1000 -1000 -1000 -10 0.0005965232849121094
Pedestrian -1 -1 -10 231.0 149.0 268.0 236.0 -1 -1 -1 -1000 -1000 -1000 -10 0.000576019287109375
Pedestrian -1 -1 -10 232.0 169.0 269.0 234.0 -1 -1 -1 -1000 -1000 -1000 -10 0.0004744529724121094
Pedestrian -1 -1 -10 0.0 90.0 24.0 271.0 -1 -1 -1 -1000 -1000 -1000 -10 0.0004572868347167969
Pedestrian -1 -1 -10 154.0 141.0 301.0 262.0 -1 -1 -1 -1000 -1000 -1000 -10 0.0004360675811767578
Pedestrian -1 -1 -10 178.0 143.0 320.0 261.0 -1 -1 -1 -1000 -1000 -1000 -10 0.0004246234893798828
Pedestrian -1 -1 -10 208.0 166.0 248.0 231.0 -1 -1 -1 -1000 -1000 -1000 -10 0.00041866302490234375
Pedestrian -1 -1 -10 0.0 118.0 22.0 275.0 -1 -1 -1 -1000 -1000 -1000 -10 0.00040793418884277344
Car -1 -1 -10 1194.0 172.0 1223.0 198.0 -1 -1 -1 -1000 -1000 -1000 -10 0.0004050731658935547
Pedestrian -1 -1 -10 1.0 69.0 21.0 254.0 -1 -1 -1 -1000 -1000 -1000 -10 0.0003514289855957031
Pedestrian -1 -1 -10 0.0 158.0 17.0 350.0 -1 -1 -1 -1000 -1000 -1000 -10 0.0003483295440673828
Car -1 -1 -10 1210.0 164.0 1224.0 187.0 -1 -1 -1 -1000 -1000 -1000 -10 0.0003383159637451172
Pedestrian -1 -1 -10 0.0 146.0 13.0 253.0 -1 -1 -1 -1000 -1000 -1000 -10 0.0003342628479003906
Pedestrian -1 -1 -10 0.0 134.0 21.0 289.0 -1 -1 -1 -1000 -1000 -1000 -10 0.00030231475830078125
Car -1 -1 -10 1049.0 170.0 1102.0 205.0 -1 -1 -1 -1000 -1000 -1000 -10 0.0002961158752441406
Car -1 -1 -10 1206.0 152.0 1224.0 191.0 -1 -1 -1 -1000 -1000 -1000 -10 0.0002551078796386719
Pedestrian -1 -1 -10 0.0 154.0 13.0 264.0 -1 -1 -1 -1000 -1000 -1000 -10 0.00022912025451660156
Pedestrian -1 -1 -10 1.0 58.0 28.0 264.0 -1 -1 -1 -1000 -1000 -1000 -10 0.00022029876708984375
Pedestrian -1 -1 -10 244.0 155.0 277.0 244.0 -1 -1 -1 -1000 -1000 -1000 -10 0.0002123117446899414
Pedestrian -1 -1 -10 0.0 143.0 22.0 320.0 -1 -1 -1 -1000 -1000 -1000 -10 0.00020122528076171875
Pedestrian -1 -1 -10 0.0 76.0 40.0 277.0 -1 -1 -1 -1000 -1000 -1000 -10 0.00016021728515625
Car -1 -1 -10 1194.0 170.0 1222.0 191.0 -1 -1 -1 -1000 -1000 -1000 -10 0.0001494884490966797
Pedestrian -1 -1 -10 199.0 146.0 244.0 241.0 -1 -1 -1 -1000 -1000 -1000 -10 0.00014269351959228516
Car -1 -1 -10 1195.0 161.0 1223.0 197.0 -1 -1 -1 -1000 -1000 -1000 -10 0.00013518333435058594
Pedestrian -1 -1 -10 1.0 141.0 22.0 241.0 -1 -1 -1 -1000 -1000 -1000 -10 0.00013375282287597656
Pedestrian -1 -1 -10 2.0 54.0 46.0 263.0 -1 -1 -1 -1000 -1000 -1000 -10 0.00013065338134765625
Pedestrian -1 -1 -10 0.0 152.0 20.0 248.0 -1 -1 -1 -1000 -1000 -1000 -10 0.00012969970703125
Pedestrian -1 -1 -10 0.0 154.0 22.0 354.0 -1 -1 -1 -1000 -1000 -1000 -10 0.00012034177780151367
Pedestrian -1 -1 -10 1082.0 4.0 1160.0 59.0 -1 -1 -1 -1000 -1000 -1000 -10 0.00011461973190307617
Pedestrian -1 -1 -10 0.0 123.0 31.0 270.0 -1 -1 -1 -1000 -1000 -1000 -10 0.00010478496551513672
