Pedestrian -1 -1 -10 851.0 170.0 886.0 251.0 -1 -1 -1 -1000 -1000 -1000 -10 0.87060546875
Cyclist -1 -1 -10 679.0 174.0 694.0 206.0 -1 -1 -1 -1000 -1000 -1000 -10 0.131591796875
Pedestrian -1 -1 -10 1221.0 166.0 1242.0 374.0 -1 -1 -1 -1000 -1000 -1000 -10 0.010589599609375
Pedestrian -1 -1 -10 1219.0 187.0 1241.0 375.0 -1 -1 -1 -1000 -1000 -1000 -10 0.00963592529296875
Pedestrian -1 -1 -10 1217.0 160.0 1242.0 375.0 -1 -1 -1 -1000 -1000 -1000 -10 0.00688934326171875
Cyclist -1 -1 -10 677.0 172.0 692.0 204.0 -1 -1 -1 -1000 -1000 -1000 -10 0.005489349365234375
Pedestrian -1 -1 -10 847.0 170.0 880.0 253.0 -1 -1 -1 -1000 -1000 -1000 -10 0.004535675048828125
Pedestrian -1 -1 -10 1210.0 185.0 1242.0 375.0 -1 -1 -1 -1000 -1000 -1000 -10 0.0034351348876953125
Pedestrian -1 -1 -10 1206.0 151.0 1242.0 375.0 -1 -1 -1 -1000 -1000 -1000 -10 0.0031032562255859375
Pedestrian -1 -1 -10 852.0 176.0 886.0 242.0 -1 -1 -1 -1000 -1000 -1000 -10 0.002899169921875
Pedestrian -1 -1 -10 1221.0 213.0 1242.0 373.0 -1 -1 -1 -1000 -1000 -1000 -10 0.0027141571044921875
Pedestrian -1 -1 -10 1196.0 169.0 1242.0 375.0 -1 -1 -1 -1000 -1000 -1000 -10 0.0015974044799804688
Pedestrian -1 -1 -10 1217.0 207.0 1242.0 375.0 -1 -1 -1 -1000 -1000 -1000 -10 0.001495361328125
Pedestrian -1 -1 -10 1224.0 232.0 1242.0 365.0 -1 -1 -1 -1000 -1000 -1000 -10 0.001468658447265625
Cyclist -1 -1 -10 677.0 174.0 696.0 206.0 -1 -1 -1 -1000 -1000 -1000 -10 0.0014171600341796875
Cyclist -1 -1 -10 681.0 175.0 697.0 205.0 -1 -1 -1 -1000 -1000 -1000 -10 0.0013437271118164062
Pedestrian -1 -1 -10 1223.0 157.0 1242.0 333.0 -1 -1 -1 -1000 -1000 -1000 -10 0.0011415481567382812
Pedestrian -1 -1 -10 845.0 163.0 888.0 247.0 -1 -1 -1 -1000 -1000 -1000 -10 0.0009756088256835938
Pedestrian -1 -1 -10 1217.0 234.0 1242.0 371.0 -1 -1 -1 -1000 -1000 -1000 -10 0.000728607177734375
Pedestrian -1 -1 -10 859.0 169.0 891.0 253.0 -1 -1 -1 -1000 -1000 -1000 -10 0.0006761550903320312
Pedestrian -1 -1 -10 1186.0 167.0 1242.0 375.0 -1 -1 -1 -1000 -1000 -1000 -10 0.000667572021484375
Pedestrian -1 -1 -10 851.0 164.0 893.0 245.0 -1 -1 -1 -1000 -1000 -1000 -10 0.0006628036499023438
Pedestrian -1 -1 -10 1218.0 146.0 1242.0 344.0 -1 -1 -1 -1000 -1000 -1000 -10 0.000598907470703125
Pedestrian -1 -1 -10 1229.0 212.0 1242.0 326.0 -1 -1 -1 -1000 -1000 -1000 -10 0.0005207061767578125
Pedestrian -1 -1 -10 1211.0 219.0 1241.0 375.0 -1 -1 -1 -1000 -1000 -1000 -10 0.0004940032958984375
Pedestrian -1 -1 -10 1227.0 225.0 1241.0 349.0 -1 -1 -1 -1000 -1000 -1000 -10 0.0004763603210449219
Cyclist -1 -1 -10 677.0 170.0 695.0 208.0 -1 -1 -1 -1000 -1000 -1000 -10 0.0004439353942871094
Pedestrian -1 -1 -10 1183.0 202.0 1242.0 374.0 -1 -1 -1 -1000 -1000 -1000 -10 0.0004341602325439453
Car -1 -1 -10 0.0 184.0 16.0 261.0 -1 -1 -1 -1000 -1000 -1000 -10 0.0004184246063232422
Car -1 -1 -10 0.0 186.0 12.0 261.0 -1 -1 -1 -1000 -1000 -1000 -10 0.0004048347473144531
Car -1 -1 -10 0.0 194.0 16.0 270.0 -1 -1 -1 -1000 -1000 -1000 -10 0.0003361701965332031
Pedestrian -1 -1 -10 1224.0 149.0 1242.0 303.0 -1 -1 -1 -1000 -1000 -1000 -10 0.00031638145446777344
Cyclist -1 -1 -10 679.0 177.0 693.0 209.0 -1 -1 -1 -1000 -1000 -1000 -10 0.0002911090850830078
Car -1 -1 -10 0.0 194.0 12.0 268.0 -1 -1 -1 -1000 -1000 -1000 -10 0.00028514862060546875
Car -1 -1 -10 0.0 177.0 11.0 252.0 -1 -1 -1 -1000 -1000 -1000 -10 0.00026917457580566406
Pedestrian -1 -1 -10 1230.0 203.0 1241.0 315.0 -1 -1 -1 -1000 -1000 -1000 -10 0.0002675056457519531
Car -1 -1 -10 0.0 188.0 14.0 258.0 -1 -1 -1 -1000 -1000 -1000 -10 0.00022864341735839844
Cyclist -1 -1 -10 674.0 172.0 695.0 204.0 -1 -1 -1 -1000 -1000 -1000 -10 0.0002281665802001953
Pedestrian -1 -1 -10 1223.0 249.0 1242.0 359.0 -1 -1 -1 -1000 -1000 -1000 -10 0.00020551681518554688
Pedestrian -1 -1 -10 724.0 176.0 746.0 211.0 -1 -1 -1 -1000 -1000 -1000 -10 0.00020122528076171875
Pedestrian -1 -1 -10 1205.0 142.0 1242.0 346.0 -1 -1 -1 -1000 -1000 -1000 -10 0.00019085407257080078
Pedestrian -1 -1 -10 1221.0 246.0 1242.0 374.0 -1 -1 -1 -1000 -1000 -1000 -10 0.0001838207244873047
Car -1 -1 -10 0.0 196.0 11.0 250.0 -1 -1 -1 -1000 -1000 -1000 -10 0.00018215179443359375
Pedestrian -1 -1 -10 1175.0 162.0 1240.0 367.0 -1 -1 -1 -1000 -1000 -1000 -10 0.00016987323760986328
Pedestrian -1 -1 -10 1203.0 233.0 1241.0 364.0 -1 -1 -1 -1000 -1000 -1000 -10 0.0001697540283203125
Pedestrian -1 -1 -10 728.0 175.0 749.0 208.0 -1 -1 -1 -1000 -1000 -1000 -10 0.00016200542449951172
Car -1 -1 -10 0.0 164.0 16.0 251.0 -1 -1 -1 -1000 -1000 -1000 -10 0.00016117095947265625
Pedestrian -1 -1 -10 1230.0 182.0 1241.0 290.0 -1 -1 -1 -1000 -1000 -1000 -10 0.0001583099365234375
Pedestrian -1 -1 -10 847.0 169.0 902.0 252.0 -1 -1 -1 -1000 -1000 -1000 -10 0.00015342235565185547
Pedestrian -1 -1 -10 1230.0 191.0 1242.0 304.0 -1 -1 -1 -1000 -1000 -1000 -10 0.0001456737518310547
Pedestrian -1 -1 -10 1218.0 222.0 1241.0 354.0 -1 -1 -1 -1000 -1000 -1000 -10 0.0001437664031982422
Pedestrian -1 -1 -10 1217.0 135.0 1242.0 318.0 -1 -1 -1 -1000 -1000 -1000 -10 0.0001423358917236328
Pedestrian -1 -1 -10 847.0 178.0 880.0 244.0 -1 -1 -1 -1000 -1000 -1000 -10 0.00014078617095947266
Car -1 -1 -10 0.0 167.0 11.0 244.0 -1 -1 -1 -1000 -1000 -1000 -10 0.00013518333435058594
Car -1 -1 -10 0.0 204.0 11.0 257.0 -1 -1 -1 -1000 -1000 -1000 -10 0.0001341104507446289
Car -1 -1 -10 0.0 176.0 24.0 270.0 -1 -1 -1 -1000 -1000 -1000 -10 0.00012505054473876953
Car -1 -1 -10 0.0 187.0 10.0 240.0 -1 -1 -1 -1000 -1000 -1000 -10 0.00012254714965820312
Pedestrian -1 -1 -10 1195.0 224.0 1241.0 375.0 -1 -1 -1 -1000 -1000 -1000 -10 0.00012195110321044922
Car -1 -1 -10 0.0 189.0 24.0 277.0 -1 -1 -1 -1000 -1000 -1000 -10 0.00010567903518676758
Car -1 -1 -10 0.0 179.0 13.0 250.0 -1 -1 -1 -1000 -1000 -1000 -10 0.00010216236114501953
