Car -1 -1 -10 0.0 187.0 312.0 373.0 -1 -1 -1 -1000 -1000 -1000 -10 0.9736328125
Car -1 -1 -10 787.0 124.0 1237.0 373.0 -1 -1 -1 -1000 -1000 -1000 -10 0.97021484375
Car -1 -1 -10 510.0 173.0 549.0 210.0 -1 -1 -1 -1000 -1000 -1000 -10 0.9580078125
Car -1 -1 -10 738.0 172.0 891.0 295.0 -1 -1 -1 -1000 -1000 -1000 -10 0.95556640625
Car -1 -1 -10 310.0 187.0 437.0 269.0 -1 -1 -1 -1000 -1000 -1000 -10 0.91357421875
Car -1 -1 -10 1122.0 141.0 1242.0 371.0 -1 -1 -1 -1000 -1000 -1000 -10 0.89599609375
Pedestrian -1 -1 -10 425.0 183.0 439.0 221.0 -1 -1 -1 -1000 -1000 -1000 -10 0.86767578125
Pedestrian -1 -1 -10 630.0 173.0 640.0 202.0 -1 -1 -1 -1000 -1000 -1000 -10 0.8310546875
Pedestrian -1 -1 -10 711.0 163.0 732.0 220.0 -1 -1 -1 -1000 -1000 -1000 -10 0.7626953125
Pedestrian -1 -1 -10 709.0 163.0 727.0 219.0 -1 -1 -1 -1000 -1000 -1000 -10 0.2364501953125
Car -1 -1 -10 1138.0 159.0 1242.0 375.0 -1 -1 -1 -1000 -1000 -1000 -10 0.2279052734375
Pedestrian -1 -1 -10 715.0 162.0 734.0 220.0 -1 -1 -1 -1000 -1000 -1000 -10 0.150146484375
Car -1 -1 -10 1093.0 121.0 1236.0 368.0 -1 -1 -1 -1000 -1000 -1000 -10 0.073974609375
Pedestrian -1 -1 -10 423.0 183.0 435.0 222.0 -1 -1 -1 -1000 -1000 -1000 -10 0.0634765625
Pedestrian -1 -1 -10 633.0 174.0 641.0 202.0 -1 -1 -1 -1000 -1000 -1000 -10 0.046356201171875
Pedestrian -1 -1 -10 632.0 173.0 642.0 199.0 -1 -1 -1 -1000 -1000 -1000 -10 0.036468505859375
Car -1 -1 -10 1153.0 170.0 1242.0 372.0 -1 -1 -1 -1000 -1000 -1000 -10 0.0321044921875
Car -1 -1 -10 0.0 200.0 33.0 375.0 -1 -1 -1 -1000 -1000 -1000 -10 0.02508544921875
Pedestrian -1 -1 -10 708.0 164.0 723.0 212.0 -1 -1 -1 -1000 -1000 -1000 -10 0.0199737548828125
Car -1 -1 -10 0.0 211.0 39.0 375.0 -1 -1 -1 -1000 -1000 -1000 -10 0.018646240234375
Car -1 -1 -10 1148.0 144.0 1242.0 351.0 -1 -1 -1 -1000 -1000 -1000 -10 0.01299285888671875
Car -1 -1 -10 1133.0 135.0 1240.0 335.0 -1 -1 -1 -1000 -1000 -1000 -10 0.01007080078125
Car -1 -1 -10 0.0 204.0 48.0 375.0 -1 -1 -1 -1000 -1000 -1000 -10 0.00899505615234375
Car -1 -1 -10 0.0 234.0 30.0 374.0 -1 -1 -1 -1000 -1000 -1000 -10 0.00693511962890625
Pedestrian -1 -1 -10 448.0 182.0 459.0 212.0 -1 -1 -1 -1000 -1000 -1000 -10 0.00620269775390625
Car -1 -1 -10 1115.0 130.0 1237.0 343.0 -1 -1 -1 -1000 -1000 -1000 -10 0.00556182861328125
Pedestrian -1 -1 -10 450.0 183.0 460.0 213.0 -1 -1 -1 -1000 -1000 -1000 -10 0.00385284423828125
Pedestrian -1 -1 -10 721.0 163.0 740.0 221.0 -1 -1 -1 -1000 -1000 -1000 -10 0.0037479400634765625
Car -1 -1 -10 1199.0 152.0 1241.0 369.0 -1 -1 -1 -1000 -1000 -1000 -10 0.0027408599853515625
Car -1 -1 -10 0.0 237.0 21.0 374.0 -1 -1 -1 -1000 -1000 -1000 -10 0.0026111602783203125
Car -1 -1 -10 0.0 195.0 56.0 370.0 -1 -1 -1 -1000 -1000 -1000 -10 0.0025634765625
Pedestrian -1 -1 -10 703.0 166.0 721.0 216.0 -1 -1 -1 -1000 -1000 -1000 -10 0.0025272369384765625
Car -1 -1 -10 1115.0 206.0 1242.0 375.0 -1 -1 -1 -1000 -1000 -1000 -10 0.0024852752685546875
Pedestrian -1 -1 -10 429.0 184.0 441.0 221.0 -1 -1 -1 -1000 -1000 -1000 -10 0.0023021697998046875
Car -1 -1 -10 0.0 184.0 29.0 359.0 -1 -1 -1 -1000 -1000 -1000 -10 0.0022430419921875
Car -1 -1 -10 1162.0 201.0 1242.0 371.0 -1 -1 -1 -1000 -1000 -1000 -10 0.0018796920776367188
Car -1 -1 -10 1161.0 230.0 1240.0 371.0 -1 -1 -1 -1000 -1000 -1000 -10 0.0018463134765625
Pedestrian -1 -1 -10 450.0 183.0 459.0 214.0 -1 -1 -1 -1000 -1000 -1000 -10 0.00173187255859375
Car -1 -1 -10 0.0 222.0 57.0 375.0 -1 -1 -1 -1000 -1000 -1000 -10 0.00168609619140625
Car -1 -1 -10 0.0 179.0 51.0 360.0 -1 -1 -1 -1000 -1000 -1000 -10 0.0015697479248046875
Car -1 -1 -10 0.0 213.0 33.0 356.0 -1 -1 -1 -1000 -1000 -1000 -10 0.001415252685546875
Pedestrian -1 -1 -10 426.0 182.0 439.0 219.0 -1 -1 -1 -1000 -1000 -1000 -10 0.0013399124145507812
Car -1 -1 -10 1170.0 137.0 1242.0 335.0 -1 -1 -1 -1000 -1000 -1000 -10 0.0013208389282226562
Pedestrian -1 -1 -10 708.0 167.0 723.0 221.0 -1 -1 -1 -1000 -1000 -1000 -10 0.0012683868408203125
Pedestrian -1 -1 -10 699.0 166.0 715.0 205.0 -1 -1 -1 -1000 -1000 -1000 -10 0.0011930465698242188
Pedestrian -1 -1 -10 426.0 180.0 437.0 215.0 -1 -1 -1 -1000 -1000 -1000 -10 0.0011281967163085938
Car -1 -1 -10 1013.0 121.0 1242.0 372.0 -1 -1 -1 -1000 -1000 -1000 -10 0.0011138916015625
Pedestrian -1 -1 -10 698.0 165.0 710.0 204.0 -1 -1 -1 -1000 -1000 -1000 -10 0.0009765625
Car -1 -1 -10 1211.0 148.0 1242.0 345.0 -1 -1 -1 -1000 -1000 -1000 -10 0.0008835792541503906
Car -1 -1 -10 0.0 236.0 46.0 374.0 -1 -1 -1 -1000 -1000 -1000 -10 0.0008368492126464844
Car -1 -1 -10 507.0 174.0 544.0 209.0 -1 -1 -1 -1000 -1000 -1000 -10 0.0008115768432617188
Pedestrian -1 -1 -10 477.0 181.0 486.0 208.0 -1 -1 -1 -1000 -1000 -1000 -10 0.0007128715515136719
Car -1 -1 -10 1136.0 227.0 1242.0 368.0 -1 -1 -1 -1000 -1000 -1000 -10 0.000576019287109375
Car -1 -1 -10 1219.0 152.0 1242.0 292.0 -1 -1 -1 -1000 -1000 -1000 -10 0.0005540847778320312
Pedestrian -1 -1 -10 462.0 181.0 473.0 210.0 -1 -1 -1 -1000 -1000 -1000 -10 0.0005526542663574219
Car -1 -1 -10 1193.0 180.0 1242.0 370.0 -1 -1 -1 -1000 -1000 -1000 -10 0.0005350112915039062
Pedestrian -1 -1 -10 427.0 186.0 440.0 222.0 -1 -1 -1 -1000 -1000 -1000 -10 0.0005321502685546875
Car -1 -1 -10 307.0 181.0 442.0 281.0 -1 -1 -1 -1000 -1000 -1000 -10 0.0005164146423339844
Car -1 -1 -10 1230.0 162.0 1242.0 263.0 -1 -1 -1 -1000 -1000 -1000 -10 0.0005059242248535156
Pedestrian -1 -1 -10 700.0 167.0 713.0 209.0 -1 -1 -1 -1000 -1000 -1000 -10 0.0004925727844238281
Pedestrian -1 -1 -10 699.0 165.0 724.0 219.0 -1 -1 -1 -1000 -1000 -1000 -10 0.0004916191101074219
Pedestrian -1 -1 -10 441.0 180.0 458.0 211.0 -1 -1 -1 -1000 -1000 -1000 -10 0.00048804283142089844
Pedestrian -1 -1 -10 621.0 169.0 636.0 197.0 -1 -1 -1 -1000 -1000 -1000 -10 0.000423431396484375
Car -1 -1 -10 0.0 214.0 51.0 356.0 -1 -1 -1 -1000 -1000 -1000 -10 0.00042176246643066406
Car -1 -1 -10 1221.0 144.0 1241.0 254.0 -1 -1 -1 -1000 -1000 -1000 -10 0.0004057884216308594
Pedestrian -1 -1 -10 410.0 185.0 428.0 225.0 -1 -1 -1 -1000 -1000 -1000 -10 0.00037217140197753906
Car -1 -1 -10 1211.0 149.0 1242.0 296.0 -1 -1 -1 -1000 -1000 -1000 -10 0.0003502368927001953
Car -1 -1 -10 741.0 170.0 890.0 272.0 -1 -1 -1 -1000 -1000 -1000 -10 0.0003132820129394531
Car -1 -1 -10 0.0 226.0 18.0 363.0 -1 -1 -1 -1000 -1000 -1000 -10 0.0003058910369873047
Pedestrian -1 -1 -10 410.0 185.0 423.0 220.0 -1 -1 -1 -1000 -1000 -1000 -10 0.0003018379211425781
Car -1 -1 -10 1072.0 176.0 1242.0 372.0 -1 -1 -1 -1000 -1000 -1000 -10 0.0002918243408203125
Pedestrian -1 -1 -10 723.0 161.0 739.0 212.0 -1 -1 -1 -1000 -1000 -1000 -10 0.0002834796905517578
Car -1 -1 -10 0.0 246.0 30.0 363.0 -1 -1 -1 -1000 -1000 -1000 -10 0.0002770423889160156
Car -1 -1 -10 498.0 162.0 553.0 224.0 -1 -1 -1 -1000 -1000 -1000 -10 0.0002677440643310547
Car -1 -1 -10 508.0 163.0 574.0 229.0 -1 -1 -1 -1000 -1000 -1000 -10 0.0002593994140625
Car -1 -1 -10 966.0 130.0 1242.0 370.0 -1 -1 -1 -1000 -1000 -1000 -10 0.0002548694610595703
Car -1 -1 -10 474.0 134.0 630.0 273.0 -1 -1 -1 -1000 -1000 -1000 -10 0.0002486705780029297
Pedestrian -1 -1 -10 422.0 182.0 440.0 222.0 -1 -1 -1 -1000 -1000 -1000 -10 0.0002467632293701172
Car -1 -1 -10 1103.0 300.0 1242.0 372.0 -1 -1 -1 -1000 -1000 -1000 -10 0.00024628639221191406
Car -1 -1 -10 1230.0 164.0 1242.0 242.0 -1 -1 -1 -1000 -1000 -1000 -10 0.00024366378784179688
Car -1 -1 -10 1.0 213.0 85.0 375.0 -1 -1 -1 -1000 -1000 -1000 -10 0.00023162364959716797
Car -1 -1 -10 1223.0 120.0 1241.0 245.0 -1 -1 -1 -1000 -1000 -1000 -10 0.00023090839385986328
Pedestrian -1 -1 -10 476.0 184.0 486.0 207.0 -1 -1 -1 -1000 -1000 -1000 -10 0.0002282857894897461
Car -1 -1 -10 1192.0 133.0 1240.0 268.0 -1 -1 -1 -1000 -1000 -1000 -10 0.00022530555725097656
Pedestrian -1 -1 -10 690.0 166.0 701.0 200.0 -1 -1 -1 -1000 -1000 -1000 -10 0.00022101402282714844
Car -1 -1 -10 1212.0 138.0 1242.0 263.0 -1 -1 -1 -1000 -1000 -1000 -10 0.0002200603485107422
Pedestrian -1 -1 -10 712.0 170.0 730.0 228.0 -1 -1 -1 -1000 -1000 -1000 -10 0.0002129077911376953
Car -1 -1 -10 1161.0 163.0 1240.0 304.0 -1 -1 -1 -1000 -1000 -1000 -10 0.0001881122589111328
Pedestrian -1 -1 -10 631.0 180.0 640.0 206.0 -1 -1 -1 -1000 -1000 -1000 -10 0.00018358230590820312
Car -1 -1 -10 1229.0 168.0 1242.0 279.0 -1 -1 -1 -1000 -1000 -1000 -10 0.00018155574798583984
Pedestrian -1 -1 -10 630.0 169.0 640.0 195.0 -1 -1 -1 -1000 -1000 -1000 -10 0.00017654895782470703
Car -1 -1 -10 1125.0 297.0 1242.0 373.0 -1 -1 -1 -1000 -1000 -1000 -10 0.00017201900482177734
Car -1 -1 -10 0.0 204.0 123.0 374.0 -1 -1 -1 -1000 -1000 -1000 -10 0.00016891956329345703
Car -1 -1 -10 0.0 201.0 29.0 335.0 -1 -1 -1 -1000 -1000 -1000 -10 0.0001671314239501953
Car -1 -1 -10 5.0 193.0 263.0 373.0 -1 -1 -1 -1000 -1000 -1000 -10 0.00016391277313232422
Car -1 -1 -10 1217.0 155.0 1242.0 269.0 -1 -1 -1 -1000 -1000 -1000 -10 0.00016367435455322266
Pedestrian -1 -1 -10 478.0 178.0 488.0 209.0 -1 -1 -1 -1000 -1000 -1000 -10 0.0001621246337890625
Car -1 -1 -10 1231.0 182.0 1241.0 238.0 -1 -1 -1 -1000 -1000 -1000 -10 0.00016188621520996094
Car -1 -1 -10 1217.0 152.0 1239.0 229.0 -1 -1 -1 -1000 -1000 -1000 -10 0.00016009807586669922
Pedestrian -1 -1 -10 423.0 183.0 432.0 216.0 -1 -1 -1 -1000 -1000 -1000 -10 0.0001537799835205078
Car -1 -1 -10 1211.0 220.0 1242.0 363.0 -1 -1 -1 -1000 -1000 -1000 -10 0.0001481771469116211
Car -1 -1 -10 0.0 208.0 69.0 344.0 -1 -1 -1 -1000 -1000 -1000 -10 0.00014662742614746094
Car -1 -1 -10 1219.0 159.0 1241.0 245.0 -1 -1 -1 -1000 -1000 -1000 -10 0.0001443624496459961
Car -1 -1 -10 1231.0 175.0 1241.0 229.0 -1 -1 -1 -1000 -1000 -1000 -10 0.00013649463653564453
Car -1 -1 -10 501.0 157.0 553.0 215.0 -1 -1 -1 -1000 -1000 -1000 -10 0.00013518333435058594
Car -1 -1 -10 433.0 131.0 603.0 272.0 -1 -1 -1 -1000 -1000 -1000 -10 0.0001323223114013672
Car -1 -1 -10 0.0 209.0 17.0 343.0 -1 -1 -1 -1000 -1000 -1000 -10 0.0001308917999267578
Car -1 -1 -10 0.0 264.0 18.0 375.0 -1 -1 -1 -1000 -1000 -1000 -10 0.00012373924255371094
Car -1 -1 -10 1162.0 197.0 1241.0 343.0 -1 -1 -1 -1000 -1000 -1000 -10 0.00011909008026123047
Car -1 -1 -10 0.0 264.0 31.0 375.0 -1 -1 -1 -1000 -1000 -1000 -10 0.00011771917343139648
Car -1 -1 -10 1214.0 111.0 1241.0 256.0 -1 -1 -1 -1000 -1000 -1000 -10 0.00011742115020751953
Car -1 -1 -10 1227.0 173.0 1242.0 292.0 -1 -1 -1 -1000 -1000 -1000 -10 0.00011670589447021484
Car -1 -1 -10 0.0 200.0 54.0 336.0 -1 -1 -1 -1000 -1000 -1000 -10 0.00011616945266723633
Car -1 -1 -10 1155.0 210.0 1236.0 357.0 -1 -1 -1 -1000 -1000 -1000 -10 0.00011527538299560547
Car -1 -1 -10 1146.0 162.0 1236.0 276.0 -1 -1 -1 -1000 -1000 -1000 -10 0.00011032819747924805
Pedestrian -1 -1 -10 693.0 163.0 706.0 198.0 -1 -1 -1 -1000 -1000 -1000 -10 0.00011026859283447266
Car -1 -1 -10 1230.0 156.0 1242.0 230.0 -1 -1 -1 -1000 -1000 -1000 -10 0.00010895729064941406
Car -1 -1 -10 1113.0 258.0 1240.0 374.0 -1 -1 -1 -1000 -1000 -1000 -10 0.00010889768600463867
Car -1 -1 -10 1212.0 166.0 1242.0 300.0 -1 -1 -1 -1000 -1000 -1000 -10 0.00010854005813598633
Car -1 -1 -10 1188.0 110.0 1242.0 263.0 -1 -1 -1 -1000 -1000 -1000 -10 0.00010824203491210938
Car -1 -1 -10 0.0 169.0 23.0 324.0 -1 -1 -1 -1000 -1000 -1000 -10 0.00010704994201660156
Car -1 -1 -10 434.0 117.0 600.0 240.0 -1 -1 -1 -1000 -1000 -1000 -10 0.0001055598258972168
Pedestrian -1 -1 -10 456.0 178.0 470.0 210.0 -1 -1 -1 -1000 -1000 -1000 -10 0.00010460615158081055
Car -1 -1 -10 0.0 205.0 14.0 328.0 -1 -1 -1 -1000 -1000 -1000 -10 0.0001035928726196289
Car -1 -1 -10 1219.0 95.0 1241.0 232.0 -1 -1 -1 -1000 -1000 -1000 -10 0.0001024007797241211
