Car -1 -1 -10 719.0 170.0 870.0 285.0 -1 -1 -1 -1000 -1000 -1000 -10 0.9716796875
Car -1 -1 -10 524.0 173.0 634.0 278.0 -1 -1 -1 -1000 -1000 -1000 -10 0.96142578125
Car -1 -1 -10 670.0 173.0 761.0 246.0 -1 -1 -1 -1000 -1000 -1000 -10 0.95947265625
Car -1 -1 -10 565.0 163.0 641.0 242.0 -1 -1 -1 -1000 -1000 -1000 -10 0.9501953125
Car -1 -1 -10 645.0 172.0 704.0 223.0 -1 -1 -1 -1000 -1000 -1000 -10 0.9453125
Car -1 -1 -10 241.0 181.0 307.0 207.0 -1 -1 -1 -1000 -1000 -1000 -10 0.93408203125
Car -1 -1 -10 349.0 176.0 403.0 200.0 -1 -1 -1 -1000 -1000 -1000 -10 0.9248046875
Car -1 -1 -10 637.0 174.0 675.0 210.0 -1 -1 -1 -1000 -1000 -1000 -10 0.119140625
Car -1 -1 -10 641.0 171.0 684.0 216.0 -1 -1 -1 -1000 -1000 -1000 -10 0.0240020751953125
Car -1 -1 -10 636.0 177.0 671.0 212.0 -1 -1 -1 -1000 -1000 -1000 -10 0.00525665283203125
Car -1 -1 -10 564.0 162.0 623.0 229.0 -1 -1 -1 -1000 -1000 -1000 -10 0.0025653839111328125
Car -1 -1 -10 240.0 175.0 310.0 210.0 -1 -1 -1 -1000 -1000 -1000 -10 0.0018024444580078125
Car -1 -1 -10 644.0 167.0 713.0 228.0 -1 -1 -1 -1000 -1000 -1000 -10 0.00119781494140625
Car -1 -1 -10 639.0 172.0 672.0 206.0 -1 -1 -1 -1000 -1000 -1000 -10 0.0011453628540039062
Car -1 -1 -10 658.0 162.0 783.0 259.0 -1 -1 -1 -1000 -1000 -1000 -10 0.0010223388671875
Car -1 -1 -10 347.0 174.0 405.0 207.0 -1 -1 -1 -1000 -1000 -1000 -10 0.0010099411010742188
Car -1 -1 -10 5.0 176.0 101.0 228.0 -1 -1 -1 -1000 -1000 -1000 -10 0.0008182525634765625
Car -1 -1 -10 650.0 171.0 709.0 221.0 -1 -1 -1 -1000 -1000 -1000 -10 0.00074005126953125
Car -1 -1 -10 567.0 158.0 637.0 235.0 -1 -1 -1 -1000 -1000 -1000 -10 0.0006608963012695312
Car -1 -1 -10 3.0 171.0 98.0 223.0 -1 -1 -1 -1000 -1000 -1000 -10 0.0005016326904296875
Pedestrian -1 -1 -10 1199.0 143.0 1241.0 375.0 -1 -1 -1 -1000 -1000 -1000 -10 0.0004642009735107422
Car -1 -1 -10 5.0 175.0 85.0 239.0 -1 -1 -1 -1000 -1000 -1000 -10 0.00045418739318847656
Pedestrian -1 -1 -10 1215.0 146.0 1242.0 371.0 -1 -1 -1 -1000 -1000 -1000 -10 0.00038886070251464844
Car -1 -1 -10 0.0 224.0 28.0 370.0 -1 -1 -1 -1000 -1000 -1000 -10 0.0003879070281982422
Car -1 -1 -10 2.0 169.0 67.0 230.0 -1 -1 -1 -1000 -1000 -1000 -10 0.0003733634948730469
Car -1 -1 -10 637.0 165.0 770.0 257.0 -1 -1 -1 -1000 -1000 -1000 -10 0.0003592967987060547
Pedestrian -1 -1 -10 1212.0 131.0 1242.0 375.0 -1 -1 -1 -1000 -1000 -1000 -10 0.00035572052001953125
Pedestrian -1 -1 -10 1190.0 126.0 1242.0 375.0 -1 -1 -1 -1000 -1000 -1000 -10 0.0003237724304199219
Car -1 -1 -10 3.0 173.0 103.0 247.0 -1 -1 -1 -1000 -1000 -1000 -10 0.0003085136413574219
Car -1 -1 -10 549.0 171.0 634.0 265.0 -1 -1 -1 -1000 -1000 -1000 -10 0.0003001689910888672
Car -1 -1 -10 0.0 210.0 26.0 360.0 -1 -1 -1 -1000 -1000 -1000 -10 0.00029587745666503906
Car -1 -1 -10 0.0 174.0 21.0 257.0 -1 -1 -1 -1000 -1000 -1000 -10 0.00029158592224121094
Car -1 -1 -10 2.0 163.0 67.0 239.0 -1 -1 -1 -1000 -1000 -1000 -10 0.0002868175506591797
Car -1 -1 -10 630.0 171.0 662.0 215.0 -1 -1 -1 -1000 -1000 -1000 -10 0.00026154518127441406
Car -1 -1 -10 1.0 176.0 100.0 218.0 -1 -1 -1 -1000 -1000 -1000 -10 0.0002524852752685547
Car -1 -1 -10 0.0 227.0 42.0 372.0 -1 -1 -1 -1000 -1000 -1000 -10 0.00022935867309570312
Car -1 -1 -10 540.0 151.0 659.0 249.0 -1 -1 -1 -1000 -1000 -1000 -10 0.00022530555725097656
Car -1 -1 -10 239.0 178.0 298.0 203.0 -1 -1 -1 -1000 -1000 -1000 -10 0.00021708011627197266
Car -1 -1 -10 0.0 195.0 22.0 337.0 -1 -1 -1 -1000 -1000 -1000 -10 0.0002130270004272461
Car -1 -1 -10 0.0 198.0 38.0 371.0 -1 -1 -1 -1000 -1000 -1000 -10 0.00021183490753173828
Pedestrian -1 -1 -10 1195.0 117.0 1241.0 357.0 -1 -1 -1 -1000 -1000 -1000 -10 0.00020229816436767578
Car -1 -1 -10 556.0 153.0 668.0 262.0 -1 -1 -1 -1000 -1000 -1000 -10 0.00020122528076171875
Car -1 -1 -10 1.0 174.0 58.0 256.0 -1 -1 -1 -1000 -1000 -1000 -10 0.00018870830535888672
Car -1 -1 -10 539.0 170.0 618.0 255.0 -1 -1 -1 -1000 -1000 -1000 -10 0.00018608570098876953
Car -1 -1 -10 347.0 170.0 403.0 202.0 -1 -1 -1 -1000 -1000 -1000 -10 0.00018286705017089844
Car -1 -1 -10 673.0 170.0 758.0 234.0 -1 -1 -1 -1000 -1000 -1000 -10 0.0001710653305053711
Pedestrian -1 -1 -10 1210.0 185.0 1242.0 375.0 -1 -1 -1 -1000 -1000 -1000 -10 0.00017082691192626953
Car -1 -1 -10 200.0 63.0 214.0 77.0 -1 -1 -1 -1000 -1000 -1000 -10 0.00017011165618896484
Car -1 -1 -10 0.0 171.0 20.0 236.0 -1 -1 -1 -1000 -1000 -1000 -10 0.00016963481903076172
Car -1 -1 -10 248.0 181.0 300.0 204.0 -1 -1 -1 -1000 -1000 -1000 -10 0.00016701221466064453
Pedestrian -1 -1 -10 1170.0 120.0 1241.0 375.0 -1 -1 -1 -1000 -1000 -1000 -10 0.00016355514526367188
Car -1 -1 -10 0.0 171.0 26.0 231.0 -1 -1 -1 -1000 -1000 -1000 -10 0.00016355514526367188
Pedestrian -1 -1 -10 1214.0 122.0 1242.0 354.0 -1 -1 -1 -1000 -1000 -1000 -10 0.00016069412231445312
Car -1 -1 -10 175.0 180.0 234.0 205.0 -1 -1 -1 -1000 -1000 -1000 -10 0.00016057491302490234
Car -1 -1 -10 4.0 159.0 100.0 226.0 -1 -1 -1 -1000 -1000 -1000 -10 0.00015461444854736328
Car -1 -1 -10 1193.0 185.0 1241.0 375.0 -1 -1 -1 -1000 -1000 -1000 -10 0.00015437602996826172
Car -1 -1 -10 605.0 136.0 763.0 247.0 -1 -1 -1 -1000 -1000 -1000 -10 0.00015401840209960938
Car -1 -1 -10 594.0 160.0 661.0 230.0 -1 -1 -1 -1000 -1000 -1000 -10 0.0001494884490966797
Car -1 -1 -10 0.0 188.0 27.0 343.0 -1 -1 -1 -1000 -1000 -1000 -10 0.00014507770538330078
Pedestrian -1 -1 -10 1189.0 180.0 1242.0 375.0 -1 -1 -1 -1000 -1000 -1000 -10 0.0001366138458251953
Car -1 -1 -10 0.0 176.0 28.0 255.0 -1 -1 -1 -1000 -1000 -1000 -10 0.00012958049774169922
Car -1 -1 -10 182.0 180.0 237.0 201.0 -1 -1 -1 -1000 -1000 -1000 -10 0.0001285076141357422
Car -1 -1 -10 169.0 178.0 234.0 203.0 -1 -1 -1 -1000 -1000 -1000 -10 0.00012540817260742188
Car -1 -1 -10 0.0 179.0 19.0 297.0 -1 -1 -1 -1000 -1000 -1000 -10 0.0001245737075805664
Car -1 -1 -10 1209.0 220.0 1242.0 375.0 -1 -1 -1 -1000 -1000 -1000 -10 0.0001220703125
Car -1 -1 -10 0.0 175.0 14.0 253.0 -1 -1 -1 -1000 -1000 -1000 -10 0.00012099742889404297
Car -1 -1 -10 1206.0 175.0 1242.0 375.0 -1 -1 -1 -1000 -1000 -1000 -10 0.0001208186149597168
Car -1 -1 -10 195.0 62.0 217.0 77.0 -1 -1 -1 -1000 -1000 -1000 -10 0.00011754035949707031
Car -1 -1 -10 618.0 169.0 659.0 223.0 -1 -1 -1 -1000 -1000 -1000 -10 0.00011616945266723633
Car -1 -1 -10 173.0 179.0 234.0 209.0 -1 -1 -1 -1000 -1000 -1000 -10 0.00011020898818969727
Car -1 -1 -10 1189.0 217.0 1242.0 372.0 -1 -1 -1 -1000 -1000 -1000 -10 0.00010347366333007812
Pedestrian -1 -1 -10 1211.0 154.0 1242.0 363.0 -1 -1 -1 -1000 -1000 -1000 -10 0.0001017451286315918
