Cyclist -1 -1 -10 194.0 180.0 239.0 237.0 -1 -1 -1 -1000 -1000 -1000 -10 0.93408203125
Car -1 -1 -10 415.0 178.0 486.0 206.0 -1 -1 -1 -1000 -1000 -1000 -10 0.91259765625
Car -1 -1 -10 440.0 175.0 502.0 202.0 -1 -1 -1 -1000 -1000 -1000 -10 0.8896484375
Car -1 -1 -10 420.0 177.0 491.0 205.0 -1 -1 -1 -1000 -1000 -1000 -10 0.771484375
Car -1 -1 -10 608.0 172.0 627.0 187.0 -1 -1 -1 -1000 -1000 -1000 -10 0.006092071533203125
Car -1 -1 -10 446.0 176.0 497.0 201.0 -1 -1 -1 -1000 -1000 -1000 -10 0.0036869049072265625
Car -1 -1 -10 450.0 174.0 501.0 200.0 -1 -1 -1 -1000 -1000 -1000 -10 0.0026950836181640625
Car -1 -1 -10 452.0 174.0 512.0 199.0 -1 -1 -1 -1000 -1000 -1000 -10 0.0014133453369140625
Car -1 -1 -10 431.0 177.0 483.0 202.0 -1 -1 -1 -1000 -1000 -1000 -10 0.0011358261108398438
Cyclist -1 -1 -10 0.0 173.0 23.0 351.0 -1 -1 -1 -1000 -1000 -1000 -10 0.0010747909545898438
Car -1 -1 -10 413.0 175.0 487.0 212.0 -1 -1 -1 -1000 -1000 -1000 -10 0.0010480880737304688
Car -1 -1 -10 412.0 180.0 481.0 208.0 -1 -1 -1 -1000 -1000 -1000 -10 0.0010061264038085938
Car -1 -1 -10 419.0 172.0 501.0 210.0 -1 -1 -1 -1000 -1000 -1000 -10 0.0009975433349609375
Car -1 -1 -10 438.0 180.0 501.0 206.0 -1 -1 -1 -1000 -1000 -1000 -10 0.0008945465087890625
Car -1 -1 -10 0.0 212.0 22.0 375.0 -1 -1 -1 -1000 -1000 -1000 -10 0.0008893013000488281
Cyclist -1 -1 -10 188.0 176.0 242.0 239.0 -1 -1 -1 -1000 -1000 -1000 -10 0.0007410049438476562
Cyclist -1 -1 -10 196.0 190.0 237.0 238.0 -1 -1 -1 -1000 -1000 -1000 -10 0.0006957054138183594
Car -1 -1 -10 440.0 176.0 491.0 200.0 -1 -1 -1 -1000 -1000 -1000 -10 0.0005612373352050781
Cyclist -1 -1 -10 0.0 168.0 33.0 356.0 -1 -1 -1 -1000 -1000 -1000 -10 0.0005140304565429688
Cyclist -1 -1 -10 0.0 184.0 26.0 371.0 -1 -1 -1 -1000 -1000 -1000 -10 0.000507354736328125
Cyclist -1 -1 -10 0.0 152.0 26.0 337.0 -1 -1 -1 -1000 -1000 -1000 -10 0.00045299530029296875
Cyclist -1 -1 -10 191.0 182.0 233.0 237.0 -1 -1 -1 -1000 -1000 -1000 -10 0.00041556358337402344
Car -1 -1 -10 606.0 171.0 630.0 188.0 -1 -1 -1 -1000 -1000 -1000 -10 0.0003693103790283203
Car -1 -1 -10 426.0 179.0 477.0 204.0 -1 -1 -1 -1000 -1000 -1000 -10 0.00033926963806152344
Cyclist -1 -1 -10 0.0 190.0 34.0 372.0 -1 -1 -1 -1000 -1000 -1000 -10 0.0003371238708496094
Car -1 -1 -10 438.0 170.0 504.0 205.0 -1 -1 -1 -1000 -1000 -1000 -10 0.0003077983856201172
Cyclist -1 -1 -10 0.0 149.0 37.0 334.0 -1 -1 -1 -1000 -1000 -1000 -10 0.00028514862060546875
Cyclist -1 -1 -10 122.0 144.0 281.0 276.0 -1 -1 -1 -1000 -1000 -1000 -10 0.0002777576446533203
Cyclist -1 -1 -10 0.0 164.0 44.0 362.0 -1 -1 -1 -1000 -1000 -1000 -10 0.000244140625
Cyclist -1 -1 -10 0.0 147.0 20.0 305.0 -1 -1 -1 -1000 -1000 -1000 -10 0.00022649765014648438
Car -1 -1 -10 408.0 165.0 507.0 227.0 -1 -1 -1 -1000 -1000 -1000 -10 0.00021588802337646484
Car -1 -1 -10 0.0 214.0 36.0 375.0 -1 -1 -1 -1000 -1000 -1000 -10 0.00018310546875
Cyclist -1 -1 -10 0.0 201.0 17.0 330.0 -1 -1 -1 -1000 -1000 -1000 -10 0.00017654895782470703
Cyclist -1 -1 -10 147.0 139.0 305.0 277.0 -1 -1 -1 -1000 -1000 -1000 -10 0.0001685619354248047
Car -1 -1 -10 607.0 170.0 632.0 188.0 -1 -1 -1 -1000 -1000 -1000 -10 0.0001590251922607422
Car -1 -1 -10 1.0 242.0 22.0 375.0 -1 -1 -1 -1000 -1000 -1000 -10 0.00013899803161621094
Cyclist -1 -1 -10 0.0 141.0 26.0 311.0 -1 -1 -1 -1000 -1000 -1000 -10 0.00013399124145507812
Car -1 -1 -10 405.0 160.0 495.0 216.0 -1 -1 -1 -1000 -1000 -1000 -10 0.00012022256851196289
Cyclist -1 -1 -10 3.0 137.0 93.0 264.0 -1 -1 -1 -1000 -1000 -1000 -10 0.00011479854583740234
Cyclist -1 -1 -10 3.0 133.0 65.0 305.0 -1 -1 -1 -1000 -1000 -1000 -10 0.00011372566223144531
Car -1 -1 -10 610.0 170.0 627.0 185.0 -1 -1 -1 -1000 -1000 -1000 -10 0.00011372566223144531
Cyclist -1 -1 -10 1.0 201.0 24.0 330.0 -1 -1 -1 -1000 -1000 -1000 -10 0.00010538101196289062
Cyclist -1 -1 -10 2.0 159.0 64.0 342.0 -1 -1 -1 -1000 -1000 -1000 -10 0.00010257959365844727
Car -1 -1 -10 458.0 174.0 507.0 198.0 -1 -1 -1 -1000 -1000 -1000 -10 0.00010120868682861328
