Car -1 -1 -10 518.0 161.0 740.0 373.0 -1 -1 -1 -1000 -1000 -1000 -10 0.97412109375
Car -1 -1 -10 377.0 185.0 417.0 204.0 -1 -1 -1 -1000 -1000 -1000 -10 0.95703125
Car -1 -1 -10 1081.0 172.0 1221.0 213.0 -1 -1 -1 -1000 -1000 -1000 -10 0.94970703125
Car -1 -1 -10 424.0 181.0 462.0 201.0 -1 -1 -1 -1000 -1000 -1000 -10 0.94677734375
Car -1 -1 -10 947.0 174.0 1085.0 218.0 -1 -1 -1 -1000 -1000 -1000 -10 0.94384765625
Car -1 -1 -10 333.0 188.0 372.0 207.0 -1 -1 -1 -1000 -1000 -1000 -10 0.9052734375
Car -1 -1 -10 600.0 175.0 693.0 212.0 -1 -1 -1 -1000 -1000 -1000 -10 0.07745361328125
Car -1 -1 -10 596.0 173.0 692.0 218.0 -1 -1 -1 -1000 -1000 -1000 -10 0.0283203125
Car -1 -1 -10 605.0 174.0 690.0 207.0 -1 -1 -1 -1000 -1000 -1000 -10 0.022613525390625
Car -1 -1 -10 946.0 174.0 1066.0 211.0 -1 -1 -1 -1000 -1000 -1000 -10 0.0150604248046875
Car -1 -1 -10 594.0 173.0 685.0 211.0 -1 -1 -1 -1000 -1000 -1000 -10 0.0108795166015625
Car -1 -1 -10 581.0 176.0 677.0 219.0 -1 -1 -1 -1000 -1000 -1000 -10 0.0093231201171875
Car -1 -1 -10 603.0 176.0 708.0 218.0 -1 -1 -1 -1000 -1000 -1000 -10 0.00846099853515625
Car -1 -1 -10 603.0 176.0 677.0 212.0 -1 -1 -1 -1000 -1000 -1000 -10 0.00603485107421875
Car -1 -1 -10 601.0 177.0 671.0 218.0 -1 -1 -1 -1000 -1000 -1000 -10 0.0050048828125
Car -1 -1 -10 589.0 170.0 684.0 216.0 -1 -1 -1 -1000 -1000 -1000 -10 0.0044097900390625
Car -1 -1 -10 597.0 0.0 634.0 27.0 -1 -1 -1 -1000 -1000 -1000 -10 0.0041656494140625
Car -1 -1 -10 598.0 177.0 699.0 224.0 -1 -1 -1 -1000 -1000 -1000 -10 0.003620147705078125
Car -1 -1 -10 616.0 177.0 692.0 210.0 -1 -1 -1 -1000 -1000 -1000 -10 0.0033168792724609375
Car -1 -1 -10 594.0 176.0 662.0 217.0 -1 -1 -1 -1000 -1000 -1000 -10 0.0028228759765625
Car -1 -1 -10 575.0 172.0 691.0 219.0 -1 -1 -1 -1000 -1000 -1000 -10 0.002628326416015625
Car -1 -1 -10 340.0 102.0 367.0 122.0 -1 -1 -1 -1000 -1000 -1000 -10 0.002475738525390625
Car -1 -1 -10 610.0 176.0 681.0 217.0 -1 -1 -1 -1000 -1000 -1000 -10 0.0022335052490234375
Car -1 -1 -10 376.0 178.0 420.0 209.0 -1 -1 -1 -1000 -1000 -1000 -10 0.001720428466796875
Car -1 -1 -10 997.0 177.0 1040.0 207.0 -1 -1 -1 -1000 -1000 -1000 -10 0.00164794921875
Car -1 -1 -10 948.0 171.0 1060.0 205.0 -1 -1 -1 -1000 -1000 -1000 -10 0.0015716552734375
Car -1 -1 -10 571.0 175.0 666.0 220.0 -1 -1 -1 -1000 -1000 -1000 -10 0.001544952392578125
Car -1 -1 -10 422.0 176.0 464.0 204.0 -1 -1 -1 -1000 -1000 -1000 -10 0.0014696121215820312
Car -1 -1 -10 1236.0 171.0 1242.0 214.0 -1 -1 -1 -1000 -1000 -1000 -10 0.00130462646484375
Car -1 -1 -10 1235.0 176.0 1241.0 220.0 -1 -1 -1 -1000 -1000 -1000 -10 0.00128936767578125
Car -1 -1 -10 1096.0 170.0 1221.0 209.0 -1 -1 -1 -1000 -1000 -1000 -10 0.0012025833129882812
Car -1 -1 -10 1234.0 171.0 1242.0 226.0 -1 -1 -1 -1000 -1000 -1000 -10 0.0010852813720703125
Car -1 -1 -10 1234.0 167.0 1242.0 219.0 -1 -1 -1 -1000 -1000 -1000 -10 0.0010595321655273438
Car -1 -1 -10 425.0 183.0 462.0 203.0 -1 -1 -1 -1000 -1000 -1000 -10 0.00101470947265625
Car -1 -1 -10 331.0 184.0 371.0 211.0 -1 -1 -1 -1000 -1000 -1000 -10 0.0009217262268066406
Car -1 -1 -10 1.0 11.0 57.0 324.0 -1 -1 -1 -1000 -1000 -1000 -10 0.0008234977722167969
Car -1 -1 -10 1.0 27.0 32.0 329.0 -1 -1 -1 -1000 -1000 -1000 -10 0.0008082389831542969
Car -1 -1 -10 1078.0 162.0 1223.0 224.0 -1 -1 -1 -1000 -1000 -1000 -10 0.0006990432739257812
Car -1 -1 -10 562.0 160.0 697.0 367.0 -1 -1 -1 -1000 -1000 -1000 -10 0.0006642341613769531
Car -1 -1 -10 593.0 0.0 636.0 29.0 -1 -1 -1 -1000 -1000 -1000 -10 0.0006589889526367188
Car -1 -1 -10 613.0 177.0 659.0 216.0 -1 -1 -1 -1000 -1000 -1000 -10 0.0006422996520996094
Car -1 -1 -10 989.0 177.0 1034.0 207.0 -1 -1 -1 -1000 -1000 -1000 -10 0.0006403923034667969
Car -1 -1 -10 333.0 181.0 375.0 212.0 -1 -1 -1 -1000 -1000 -1000 -10 0.0006313323974609375
Car -1 -1 -10 612.0 171.0 697.0 207.0 -1 -1 -1 -1000 -1000 -1000 -10 0.0005674362182617188
Car -1 -1 -10 944.0 164.0 1087.0 228.0 -1 -1 -1 -1000 -1000 -1000 -10 0.0005578994750976562
Car -1 -1 -10 622.0 175.0 671.0 207.0 -1 -1 -1 -1000 -1000 -1000 -10 0.0005178451538085938
Car -1 -1 -10 963.0 173.0 1084.0 209.0 -1 -1 -1 -1000 -1000 -1000 -10 0.0004906654357910156
Car -1 -1 -10 996.0 178.0 1040.0 212.0 -1 -1 -1 -1000 -1000 -1000 -10 0.0004601478576660156
Car -1 -1 -10 616.0 175.0 664.0 209.0 -1 -1 -1 -1000 -1000 -1000 -10 0.00044536590576171875
Car -1 -1 -10 421.0 182.0 457.0 201.0 -1 -1 -1 -1000 -1000 -1000 -10 0.00042629241943359375
Car -1 -1 -10 1236.0 166.0 1242.0 205.0 -1 -1 -1 -1000 -1000 -1000 -10 0.0004246234893798828
Car -1 -1 -10 623.0 172.0 700.0 204.0 -1 -1 -1 -1000 -1000 -1000 -10 0.00041937828063964844
Car -1 -1 -10 0.0 13.0 72.0 310.0 -1 -1 -1 -1000 -1000 -1000 -10 0.0004181861877441406
Car -1 -1 -10 0.0 73.0 28.0 322.0 -1 -1 -1 -1000 -1000 -1000 -10 0.000408172607421875
Car -1 -1 -10 583.0 178.0 689.0 226.0 -1 -1 -1 -1000 -1000 -1000 -10 0.0004038810729980469
Car -1 -1 -10 583.0 176.0 652.0 218.0 -1 -1 -1 -1000 -1000 -1000 -10 0.0003933906555175781
Car -1 -1 -10 915.0 132.0 1117.0 271.0 -1 -1 -1 -1000 -1000 -1000 -10 0.00038123130798339844
Car -1 -1 -10 0.0 76.0 25.0 283.0 -1 -1 -1 -1000 -1000 -1000 -10 0.00037407875061035156
Car -1 -1 -10 1.0 15.0 36.0 311.0 -1 -1 -1 -1000 -1000 -1000 -10 0.0003714561462402344
Car -1 -1 -10 1046.0 131.0 1242.0 269.0 -1 -1 -1 -1000 -1000 -1000 -10 0.00036263465881347656
Car -1 -1 -10 1234.0 164.0 1242.0 209.0 -1 -1 -1 -1000 -1000 -1000 -10 0.0003528594970703125
Car -1 -1 -10 623.0 177.0 668.0 216.0 -1 -1 -1 -1000 -1000 -1000 -10 0.0003437995910644531
Car -1 -1 -10 1131.0 175.0 1175.0 204.0 -1 -1 -1 -1000 -1000 -1000 -10 0.00033974647521972656
Car -1 -1 -10 922.0 130.0 1111.0 240.0 -1 -1 -1 -1000 -1000 -1000 -10 0.0003342628479003906
Car -1 -1 -10 1124.0 175.0 1168.0 205.0 -1 -1 -1 -1000 -1000 -1000 -10 0.0003159046173095703
Car -1 -1 -10 583.0 170.0 670.0 210.0 -1 -1 -1 -1000 -1000 -1000 -10 0.0003104209899902344
Car -1 -1 -10 605.0 177.0 651.0 217.0 -1 -1 -1 -1000 -1000 -1000 -10 0.0003104209899902344
Car -1 -1 -10 585.0 176.0 706.0 236.0 -1 -1 -1 -1000 -1000 -1000 -10 0.000308990478515625
Car -1 -1 -10 0.0 121.0 22.0 278.0 -1 -1 -1 -1000 -1000 -1000 -10 0.00030517578125
Car -1 -1 -10 371.0 183.0 409.0 203.0 -1 -1 -1 -1000 -1000 -1000 -10 0.0003025531768798828
Car -1 -1 -10 1.0 42.0 56.0 271.0 -1 -1 -1 -1000 -1000 -1000 -10 0.00029015541076660156
Car -1 -1 -10 419.0 177.0 458.0 198.0 -1 -1 -1 -1000 -1000 -1000 -10 0.0002815723419189453
Car -1 -1 -10 1056.0 124.0 1242.0 237.0 -1 -1 -1 -1000 -1000 -1000 -10 0.0002808570861816406
Car -1 -1 -10 1221.0 214.0 1242.0 375.0 -1 -1 -1 -1000 -1000 -1000 -10 0.00027942657470703125
Car -1 -1 -10 0.0 71.0 53.0 278.0 -1 -1 -1 -1000 -1000 -1000 -10 0.0002696514129638672
Car -1 -1 -10 333.0 100.0 365.0 122.0 -1 -1 -1 -1000 -1000 -1000 -10 0.0002486705780029297
Car -1 -1 -10 593.0 174.0 667.0 208.0 -1 -1 -1 -1000 -1000 -1000 -10 0.0002332925796508789
Car -1 -1 -10 561.0 167.0 708.0 251.0 -1 -1 -1 -1000 -1000 -1000 -10 0.00022518634796142578
Car -1 -1 -10 1.0 54.0 29.0 271.0 -1 -1 -1 -1000 -1000 -1000 -10 0.00021898746490478516
Car -1 -1 -10 948.0 173.0 1041.0 207.0 -1 -1 -1 -1000 -1000 -1000 -10 0.00020933151245117188
Car -1 -1 -10 0.0 206.0 18.0 326.0 -1 -1 -1 -1000 -1000 -1000 -10 0.00019216537475585938
Car -1 -1 -10 589.0 164.0 701.0 226.0 -1 -1 -1 -1000 -1000 -1000 -10 0.00019073486328125
Car -1 -1 -10 0.0 213.0 22.0 354.0 -1 -1 -1 -1000 -1000 -1000 -10 0.00017595291137695312
Car -1 -1 -10 972.0 175.0 1089.0 214.0 -1 -1 -1 -1000 -1000 -1000 -10 0.00017201900482177734
Car -1 -1 -10 0.0 171.0 17.0 265.0 -1 -1 -1 -1000 -1000 -1000 -10 0.00016736984252929688
Car -1 -1 -10 1216.0 206.0 1242.0 375.0 -1 -1 -1 -1000 -1000 -1000 -10 0.00016498565673828125
Car -1 -1 -10 1.0 93.0 49.0 306.0 -1 -1 -1 -1000 -1000 -1000 -10 0.0001556873321533203
Car -1 -1 -10 1232.0 176.0 1242.0 238.0 -1 -1 -1 -1000 -1000 -1000 -10 0.00015151500701904297
Car -1 -1 -10 1231.0 168.0 1242.0 219.0 -1 -1 -1 -1000 -1000 -1000 -10 0.00014603137969970703
Car -1 -1 -10 0.0 90.0 31.0 268.0 -1 -1 -1 -1000 -1000 -1000 -10 0.00014483928680419922
Car -1 -1 -10 0.0 77.0 46.0 318.0 -1 -1 -1 -1000 -1000 -1000 -10 0.0001423358917236328
Car -1 -1 -10 0.0 228.0 23.0 366.0 -1 -1 -1 -1000 -1000 -1000 -10 0.0001327991485595703
Car -1 -1 -10 581.0 171.0 657.0 208.0 -1 -1 -1 -1000 -1000 -1000 -10 0.00012874603271484375
Car -1 -1 -10 0.0 4.0 64.0 292.0 -1 -1 -1 -1000 -1000 -1000 -10 0.0001283884048461914
Car -1 -1 -10 577.0 174.0 691.0 231.0 -1 -1 -1 -1000 -1000 -1000 -10 0.00012242794036865234
Car -1 -1 -10 589.0 169.0 721.0 238.0 -1 -1 -1 -1000 -1000 -1000 -10 0.00012004375457763672
Car -1 -1 -10 559.0 175.0 655.0 220.0 -1 -1 -1 -1000 -1000 -1000 -10 0.000118255615234375
Car -1 -1 -10 0.0 131.0 27.0 268.0 -1 -1 -1 -1000 -1000 -1000 -10 0.00011783838272094727
Car -1 -1 -10 1204.0 218.0 1242.0 375.0 -1 -1 -1 -1000 -1000 -1000 -10 0.00011098384857177734
Car -1 -1 -10 0.0 206.0 27.0 361.0 -1 -1 -1 -1000 -1000 -1000 -10 0.0001100301742553711
Car -1 -1 -10 530.0 147.0 739.0 283.0 -1 -1 -1 -1000 -1000 -1000 -10 0.00010889768600463867
Car -1 -1 -10 703.0 0.0 761.0 5.0 -1 -1 -1 -1000 -1000 -1000 -10 0.0001080632209777832
Car -1 -1 -10 0.0 195.0 16.0 279.0 -1 -1 -1 -1000 -1000 -1000 -10 0.00010710954666137695
Car -1 -1 -10 443.0 7.0 520.0 54.0 -1 -1 -1 -1000 -1000 -1000 -10 0.0001010894775390625
