Car -1 -1 -10 739.0 174.0 793.0 219.0 -1 -1 -1 -1000 -1000 -1000 -10 0.95751953125
Car -1 -1 -10 71.0 201.0 138.0 240.0 -1 -1 -1 -1000 -1000 -1000 -10 0.93359375
Car -1 -1 -10 1.0 210.0 65.0 255.0 -1 -1 -1 -1000 -1000 -1000 -10 0.91259765625
Car -1 -1 -10 794.0 175.0 827.0 196.0 -1 -1 -1 -1000 -1000 -1000 -10 0.9013671875
Car -1 -1 -10 860.0 171.0 885.0 186.0 -1 -1 -1 -1000 -1000 -1000 -10 0.8681640625
Car -1 -1 -10 0.0 213.0 13.0 260.0 -1 -1 -1 -1000 -1000 -1000 -10 0.2406005859375
Car -1 -1 -10 0.0 213.0 16.0 258.0 -1 -1 -1 -1000 -1000 -1000 -10 0.2008056640625
Car -1 -1 -10 863.0 172.0 887.0 186.0 -1 -1 -1 -1000 -1000 -1000 -10 0.129638671875
Car -1 -1 -10 0.0 213.0 22.0 258.0 -1 -1 -1 -1000 -1000 -1000 -10 0.0667724609375
Car -1 -1 -10 135.0 202.0 176.0 229.0 -1 -1 -1 -1000 -1000 -1000 -10 0.0582275390625
Car -1 -1 -10 14.0 209.0 74.0 246.0 -1 -1 -1 -1000 -1000 -1000 -10 0.05474853515625
Car -1 -1 -10 6.0 210.0 69.0 251.0 -1 -1 -1 -1000 -1000 -1000 -10 0.05413818359375
Car -1 -1 -10 0.0 213.0 29.0 256.0 -1 -1 -1 -1000 -1000 -1000 -10 0.040557861328125
Car -1 -1 -10 0.0 213.0 61.0 258.0 -1 -1 -1 -1000 -1000 -1000 -10 0.0399169921875
Car -1 -1 -10 0.0 210.0 32.0 260.0 -1 -1 -1 -1000 -1000 -1000 -10 0.034332275390625
Car -1 -1 -10 0.0 210.0 11.0 256.0 -1 -1 -1 -1000 -1000 -1000 -10 0.0281524658203125
Car -1 -1 -10 860.0 169.0 886.0 185.0 -1 -1 -1 -1000 -1000 -1000 -10 0.0184478759765625
Car -1 -1 -10 0.0 205.0 24.0 370.0 -1 -1 -1 -1000 -1000 -1000 -10 0.014251708984375
Car -1 -1 -10 79.0 203.0 139.0 239.0 -1 -1 -1 -1000 -1000 -1000 -10 0.01372528076171875
Car -1 -1 -10 0.0 208.0 20.0 279.0 -1 -1 -1 -1000 -1000 -1000 -10 0.010833740234375
Car -1 -1 -10 0.0 198.0 34.0 369.0 -1 -1 -1 -1000 -1000 -1000 -10 0.0089111328125
Car -1 -1 -10 0.0 211.0 25.0 276.0 -1 -1 -1 -1000 -1000 -1000 -10 0.00478363037109375
Car -1 -1 -10 803.0 177.0 830.0 194.0 -1 -1 -1 -1000 -1000 -1000 -10 0.002910614013671875
Car -1 -1 -10 0.0 202.0 68.0 268.0 -1 -1 -1 -1000 -1000 -1000 -10 0.002838134765625
Car -1 -1 -10 0.0 212.0 28.0 342.0 -1 -1 -1 -1000 -1000 -1000 -10 0.0022029876708984375
Car -1 -1 -10 10.0 211.0 61.0 253.0 -1 -1 -1 -1000 -1000 -1000 -10 0.0016527175903320312
Car -1 -1 -10 743.0 174.0 791.0 211.0 -1 -1 -1 -1000 -1000 -1000 -10 0.001583099365234375
Car -1 -1 -10 15.0 206.0 76.0 241.0 -1 -1 -1 -1000 -1000 -1000 -10 0.001415252685546875
Car -1 -1 -10 1.0 207.0 22.0 254.0 -1 -1 -1 -1000 -1000 -1000 -10 0.0013971328735351562
Car -1 -1 -10 0.0 213.0 42.0 338.0 -1 -1 -1 -1000 -1000 -1000 -10 0.0012645721435546875
Car -1 -1 -10 0.0 211.0 19.0 341.0 -1 -1 -1 -1000 -1000 -1000 -10 0.001251220703125
Car -1 -1 -10 791.0 177.0 823.0 197.0 -1 -1 -1 -1000 -1000 -1000 -10 0.00115203857421875
Car -1 -1 -10 67.0 186.0 141.0 249.0 -1 -1 -1 -1000 -1000 -1000 -10 0.001087188720703125
Car -1 -1 -10 855.0 171.0 881.0 189.0 -1 -1 -1 -1000 -1000 -1000 -10 0.0010499954223632812
Car -1 -1 -10 121.0 202.0 173.0 232.0 -1 -1 -1 -1000 -1000 -1000 -10 0.00096893310546875
Car -1 -1 -10 792.0 173.0 828.0 204.0 -1 -1 -1 -1000 -1000 -1000 -10 0.0009093284606933594
Car -1 -1 -10 5.0 211.0 56.0 256.0 -1 -1 -1 -1000 -1000 -1000 -10 0.0008921623229980469
Car -1 -1 -10 736.0 164.0 797.0 229.0 -1 -1 -1 -1000 -1000 -1000 -10 0.0008740425109863281
Car -1 -1 -10 756.0 176.0 792.0 206.0 -1 -1 -1 -1000 -1000 -1000 -10 0.0007915496826171875
Car -1 -1 -10 64.0 192.0 142.0 256.0 -1 -1 -1 -1000 -1000 -1000 -10 0.0007576942443847656
Car -1 -1 -10 132.0 200.0 179.0 230.0 -1 -1 -1 -1000 -1000 -1000 -10 0.000583648681640625
Car -1 -1 -10 0.0 218.0 18.0 353.0 -1 -1 -1 -1000 -1000 -1000 -10 0.0005640983581542969
Car -1 -1 -10 129.0 198.0 176.0 228.0 -1 -1 -1 -1000 -1000 -1000 -10 0.0005621910095214844
Car -1 -1 -10 0.0 220.0 16.0 272.0 -1 -1 -1 -1000 -1000 -1000 -10 0.00055694580078125
Car -1 -1 -10 889.0 167.0 911.0 180.0 -1 -1 -1 -1000 -1000 -1000 -10 0.0005540847778320312
Car -1 -1 -10 793.0 171.0 828.0 199.0 -1 -1 -1 -1000 -1000 -1000 -10 0.0005211830139160156
Car -1 -1 -10 0.0 199.0 10.0 245.0 -1 -1 -1 -1000 -1000 -1000 -10 0.0005059242248535156
Car -1 -1 -10 1.0 201.0 27.0 320.0 -1 -1 -1 -1000 -1000 -1000 -10 0.0005002021789550781
Car -1 -1 -10 48.0 187.0 133.0 252.0 -1 -1 -1 -1000 -1000 -1000 -10 0.0004897117614746094
Car -1 -1 -10 0.0 203.0 17.0 320.0 -1 -1 -1 -1000 -1000 -1000 -10 0.00047850608825683594
Car -1 -1 -10 0.0 202.0 9.0 241.0 -1 -1 -1 -1000 -1000 -1000 -10 0.0004367828369140625
Car -1 -1 -10 11.0 167.0 193.0 303.0 -1 -1 -1 -1000 -1000 -1000 -10 0.0004239082336425781
Car -1 -1 -10 0.0 226.0 26.0 363.0 -1 -1 -1 -1000 -1000 -1000 -10 0.0004229545593261719
Car -1 -1 -10 21.0 210.0 76.0 244.0 -1 -1 -1 -1000 -1000 -1000 -10 0.00039839744567871094
Car -1 -1 -10 884.0 170.0 903.0 182.0 -1 -1 -1 -1000 -1000 -1000 -10 0.0003867149353027344
Car -1 -1 -10 0.0 235.0 19.0 376.0 -1 -1 -1 -1000 -1000 -1000 -10 0.0003590583801269531
Car -1 -1 -10 16.0 146.0 186.0 280.0 -1 -1 -1 -1000 -1000 -1000 -10 0.0003523826599121094
Car -1 -1 -10 763.0 177.0 790.0 198.0 -1 -1 -1 -1000 -1000 -1000 -10 0.0003497600555419922
Car -1 -1 -10 882.0 173.0 901.0 185.0 -1 -1 -1 -1000 -1000 -1000 -10 0.000308990478515625
Car -1 -1 -10 0.0 199.0 57.0 368.0 -1 -1 -1 -1000 -1000 -1000 -10 0.00030112266540527344
Car -1 -1 -10 0.0 215.0 56.0 269.0 -1 -1 -1 -1000 -1000 -1000 -10 0.00029778480529785156
Car -1 -1 -10 683.0 127.0 845.0 242.0 -1 -1 -1 -1000 -1000 -1000 -10 0.0002970695495605469
Car -1 -1 -10 795.0 173.0 825.0 192.0 -1 -1 -1 -1000 -1000 -1000 -10 0.0002949237823486328
Car -1 -1 -10 679.0 133.0 851.0 272.0 -1 -1 -1 -1000 -1000 -1000 -10 0.0002894401550292969
Car -1 -1 -10 124.0 203.0 165.0 229.0 -1 -1 -1 -1000 -1000 -1000 -10 0.00027251243591308594
Car -1 -1 -10 0.0 228.0 38.0 362.0 -1 -1 -1 -1000 -1000 -1000 -10 0.00025534629821777344
Car -1 -1 -10 0.0 176.0 122.0 306.0 -1 -1 -1 -1000 -1000 -1000 -10 0.00023686885833740234
Car -1 -1 -10 0.0 175.0 104.0 311.0 -1 -1 -1 -1000 -1000 -1000 -10 0.00022923946380615234
Car -1 -1 -10 1.0 220.0 62.0 325.0 -1 -1 -1 -1000 -1000 -1000 -10 0.0002193450927734375
Car -1 -1 -10 66.0 202.0 130.0 242.0 -1 -1 -1 -1000 -1000 -1000 -10 0.0002143383026123047
Car -1 -1 -10 0.0 242.0 15.0 370.0 -1 -1 -1 -1000 -1000 -1000 -10 0.00021195411682128906
Car -1 -1 -10 27.0 205.0 101.0 241.0 -1 -1 -1 -1000 -1000 -1000 -10 0.00020956993103027344
Car -1 -1 -10 1.0 219.0 25.0 273.0 -1 -1 -1 -1000 -1000 -1000 -10 0.00020134449005126953
Car -1 -1 -10 892.0 163.0 914.0 176.0 -1 -1 -1 -1000 -1000 -1000 -10 0.00018799304962158203
Car -1 -1 -10 859.0 167.0 887.0 194.0 -1 -1 -1 -1000 -1000 -1000 -10 0.00017952919006347656
Car -1 -1 -10 0.0 199.0 13.0 246.0 -1 -1 -1 -1000 -1000 -1000 -10 0.0001709461212158203
Car -1 -1 -10 0.0 223.0 46.0 376.0 -1 -1 -1 -1000 -1000 -1000 -10 0.0001691579818725586
Car -1 -1 -10 0.0 229.0 24.0 376.0 -1 -1 -1 -1000 -1000 -1000 -10 0.00016295909881591797
Car -1 -1 -10 0.0 164.0 100.0 282.0 -1 -1 -1 -1000 -1000 -1000 -10 0.0001627206802368164
Car -1 -1 -10 889.0 172.0 910.0 186.0 -1 -1 -1 -1000 -1000 -1000 -10 0.0001304149627685547
Car -1 -1 -10 852.0 173.0 870.0 186.0 -1 -1 -1 -1000 -1000 -1000 -10 0.00012671947479248047
Car -1 -1 -10 71.0 205.0 135.0 244.0 -1 -1 -1 -1000 -1000 -1000 -10 0.00011736154556274414
Car -1 -1 -10 39.0 153.0 185.0 275.0 -1 -1 -1 -1000 -1000 -1000 -10 0.00011438131332397461
Car -1 -1 -10 737.0 178.0 767.0 208.0 -1 -1 -1 -1000 -1000 -1000 -10 0.00010949373245239258
Car -1 -1 -10 3.0 198.0 72.0 363.0 -1 -1 -1 -1000 -1000 -1000 -10 0.00010675191879272461
Car -1 -1 -10 114.0 197.0 166.0 227.0 -1 -1 -1 -1000 -1000 -1000 -10 0.00010651350021362305
