Car -1 -1 -10 558.0 104.0 651.0 218.0 -1 -1 -1 -1000 -1000 -1000 -10 0.955078125
Car -1 -1 -10 4.0 191.0 108.0 231.0 -1 -1 -1 -1000 -1000 -1000 -10 0.94189453125
Car -1 -1 -10 0.0 194.0 27.0 238.0 -1 -1 -1 -1000 -1000 -1000 -10 0.67138671875
Car -1 -1 -10 0.0 194.0 35.0 234.0 -1 -1 -1 -1000 -1000 -1000 -10 0.0987548828125
Car -1 -1 -10 0.0 197.0 24.0 239.0 -1 -1 -1 -1000 -1000 -1000 -10 0.04833984375
Car -1 -1 -10 0.0 198.0 35.0 238.0 -1 -1 -1 -1000 -1000 -1000 -10 0.0233154296875
Car -1 -1 -10 0.0 191.0 26.0 233.0 -1 -1 -1 -1000 -1000 -1000 -10 0.02203369140625
Car -1 -1 -10 0.0 195.0 43.0 234.0 -1 -1 -1 -1000 -1000 -1000 -10 0.01479339599609375
Car -1 -1 -10 0.0 191.0 17.0 232.0 -1 -1 -1 -1000 -1000 -1000 -10 0.006183624267578125
Car -1 -1 -10 14.0 189.0 107.0 226.0 -1 -1 -1 -1000 -1000 -1000 -10 0.004421234130859375
Car -1 -1 -10 32.0 196.0 81.0 224.0 -1 -1 -1 -1000 -1000 -1000 -10 0.0010356903076171875
Car -1 -1 -10 0.0 178.0 112.0 243.0 -1 -1 -1 -1000 -1000 -1000 -10 0.0010118484497070312
Car -1 -1 -10 1.0 190.0 47.0 229.0 -1 -1 -1 -1000 -1000 -1000 -10 0.000865936279296875
Car -1 -1 -10 545.0 100.0 660.0 220.0 -1 -1 -1 -1000 -1000 -1000 -10 0.00069427490234375
Car -1 -1 -10 0.0 176.0 12.0 222.0 -1 -1 -1 -1000 -1000 -1000 -10 0.0006270408630371094
Car -1 -1 -10 27.0 194.0 75.0 223.0 -1 -1 -1 -1000 -1000 -1000 -10 0.0006203651428222656
Car -1 -1 -10 15.0 192.0 97.0 230.0 -1 -1 -1 -1000 -1000 -1000 -10 0.0005750656127929688
Car -1 -1 -10 0.0 180.0 11.0 218.0 -1 -1 -1 -1000 -1000 -1000 -10 0.0005469322204589844
Car -1 -1 -10 0.0 177.0 15.0 221.0 -1 -1 -1 -1000 -1000 -1000 -10 0.000469207763671875
Car -1 -1 -10 0.0 186.0 48.0 235.0 -1 -1 -1 -1000 -1000 -1000 -10 0.00046253204345703125
Car -1 -1 -10 514.0 219.0 752.0 365.0 -1 -1 -1 -1000 -1000 -1000 -10 0.0004372596740722656
Car -1 -1 -10 1.0 190.0 40.0 227.0 -1 -1 -1 -1000 -1000 -1000 -10 0.0004284381866455078
Car -1 -1 -10 10.0 187.0 99.0 217.0 -1 -1 -1 -1000 -1000 -1000 -10 0.0003452301025390625
Car -1 -1 -10 0.0 159.0 147.0 284.0 -1 -1 -1 -1000 -1000 -1000 -10 0.0003285408020019531
Car -1 -1 -10 0.0 198.0 38.0 247.0 -1 -1 -1 -1000 -1000 -1000 -10 0.0003237724304199219
Car -1 -1 -10 1.0 179.0 54.0 229.0 -1 -1 -1 -1000 -1000 -1000 -10 0.00027251243591308594
Car -1 -1 -10 1.0 200.0 29.0 248.0 -1 -1 -1 -1000 -1000 -1000 -10 0.0002655982971191406
Car -1 -1 -10 487.0 223.0 730.0 362.0 -1 -1 -1 -1000 -1000 -1000 -10 0.00024819374084472656
Car -1 -1 -10 3.0 195.0 102.0 234.0 -1 -1 -1 -1000 -1000 -1000 -10 0.00017368793487548828
Car -1 -1 -10 0.0 143.0 128.0 276.0 -1 -1 -1 -1000 -1000 -1000 -10 0.00016260147094726562
Car -1 -1 -10 0.0 167.0 14.0 206.0 -1 -1 -1 -1000 -1000 -1000 -10 0.00016045570373535156
Car -1 -1 -10 0.0 159.0 19.0 217.0 -1 -1 -1 -1000 -1000 -1000 -10 0.00015974044799804688
Car -1 -1 -10 1.0 176.0 26.0 218.0 -1 -1 -1 -1000 -1000 -1000 -10 0.0001558065414428711
Car -1 -1 -10 1.0 168.0 24.0 205.0 -1 -1 -1 -1000 -1000 -1000 -10 0.00014531612396240234
Car -1 -1 -10 572.0 177.0 645.0 230.0 -1 -1 -1 -1000 -1000 -1000 -10 0.00014388561248779297
Car -1 -1 -10 0.0 168.0 40.0 209.0 -1 -1 -1 -1000 -1000 -1000 -10 0.00012022256851196289
Car -1 -1 -10 8.0 192.0 76.0 227.0 -1 -1 -1 -1000 -1000 -1000 -10 0.00011998414993286133
Car -1 -1 -10 10.0 190.0 71.0 222.0 -1 -1 -1 -1000 -1000 -1000 -10 0.00011205673217773438
Car -1 -1 -10 553.0 115.0 643.0 215.0 -1 -1 -1 -1000 -1000 -1000 -10 0.00011068582534790039
Pedestrian -1 -1 -10 676.0 0.0 697.0 0.0 -1 -1 -1 -1000 -1000 -1000 -10 0.0001087188720703125
Car -1 -1 -10 0.0 186.0 56.0 267.0 -1 -1 -1 -1000 -1000 -1000 -10 0.00010824203491210938
Pedestrian -1 -1 -10 645.0 0.0 664.0 1.0 -1 -1 -1 -1000 -1000 -1000 -10 0.00010704994201660156
Car -1 -1 -10 0.0 207.0 25.0 358.0 -1 -1 -1 -1000 -1000 -1000 -10 0.00010675191879272461
Pedestrian -1 -1 -10 655.0 0.0 677.0 3.0 -1 -1 -1 -1000 -1000 -1000 -10 0.00010210275650024414
