Car -1 -1 -10 1.0 210.0 347.0 373.0 -1 -1 -1 -1000 -1000 -1000 -10 0.97265625
Car -1 -1 -10 302.0 196.0 464.0 307.0 -1 -1 -1 -1000 -1000 -1000 -10 0.96484375
Car -1 -1 -10 448.0 185.0 545.0 251.0 -1 -1 -1 -1000 -1000 -1000 -10 0.95947265625
Car -1 -1 -10 429.0 171.0 551.0 263.0 -1 -1 -1 -1000 -1000 -1000 -10 0.0007319450378417969
Car -1 -1 -10 0.0 192.0 27.0 365.0 -1 -1 -1 -1000 -1000 -1000 -10 0.0006861686706542969
Car -1 -1 -10 0.0 183.0 25.0 344.0 -1 -1 -1 -1000 -1000 -1000 -10 0.0006122589111328125
Car -1 -1 -10 0.0 196.0 43.0 369.0 -1 -1 -1 -1000 -1000 -1000 -10 0.0004925727844238281
Car -1 -1 -10 0.0 179.0 39.0 346.0 -1 -1 -1 -1000 -1000 -1000 -10 0.0002961158752441406
Car -1 -1 -10 0.0 173.0 24.0 312.0 -1 -1 -1 -1000 -1000 -1000 -10 0.0002834796905517578
Car -1 -1 -10 0.0 211.0 30.0 375.0 -1 -1 -1 -1000 -1000 -1000 -10 0.0002601146697998047
Car -1 -1 -10 0.0 165.0 27.0 319.0 -1 -1 -1 -1000 -1000 -1000 -10 0.00020694732666015625
Car -1 -1 -10 0.0 214.0 49.0 375.0 -1 -1 -1 -1000 -1000 -1000 -10 0.0001913309097290039
Car -1 -1 -10 0.0 159.0 38.0 322.0 -1 -1 -1 -1000 -1000 -1000 -10 0.00012201070785522461
Car -1 -1 -10 467.0 187.0 516.0 243.0 -1 -1 -1 -1000 -1000 -1000 -10 0.00011515617370605469
Car -1 -1 -10 439.0 177.0 564.0 272.0 -1 -1 -1 -1000 -1000 -1000 -10 0.00011092424392700195
Car -1 -1 -10 0.0 201.0 61.0 372.0 -1 -1 -1 -1000 -1000 -1000 -10 0.00010687112808227539
