Car -1 -1 -10 578.0 175.0 615.0 210.0 -1 -1 -1 -1000 -1000 -1000 -10 0.9423828125
Car -1 -1 -10 515.0 151.0 559.0 195.0 -1 -1 -1 -1000 -1000 -1000 -10 0.91845703125
Car -1 -1 -10 729.0 162.0 809.0 195.0 -1 -1 -1 -1000 -1000 -1000 -10 0.89794921875
Car -1 -1 -10 796.0 162.0 884.0 192.0 -1 -1 -1 -1000 -1000 -1000 -10 0.0255889892578125
Car -1 -1 -10 785.0 164.0 887.0 193.0 -1 -1 -1 -1000 -1000 -1000 -10 0.01690673828125
Cyclist -1 -1 -10 293.0 178.0 312.0 205.0 -1 -1 -1 -1000 -1000 -1000 -10 0.01154327392578125
Car -1 -1 -10 776.0 163.0 875.0 193.0 -1 -1 -1 -1000 -1000 -1000 -10 0.008941650390625
Car -1 -1 -10 727.0 161.0 803.0 191.0 -1 -1 -1 -1000 -1000 -1000 -10 0.006622314453125
Car -1 -1 -10 734.0 160.0 814.0 192.0 -1 -1 -1 -1000 -1000 -1000 -10 0.0039520263671875
Car -1 -1 -10 765.0 158.0 867.0 191.0 -1 -1 -1 -1000 -1000 -1000 -10 0.002777099609375
Car -1 -1 -10 727.0 159.0 811.0 198.0 -1 -1 -1 -1000 -1000 -1000 -10 0.0021991729736328125
Cyclist -1 -1 -10 292.0 182.0 312.0 205.0 -1 -1 -1 -1000 -1000 -1000 -10 0.0021877288818359375
Cyclist -1 -1 -10 291.0 179.0 314.0 204.0 -1 -1 -1 -1000 -1000 -1000 -10 0.0020885467529296875
Car -1 -1 -10 787.0 159.0 885.0 189.0 -1 -1 -1 -1000 -1000 -1000 -10 0.0020751953125
Car -1 -1 -10 789.0 165.0 882.0 196.0 -1 -1 -1 -1000 -1000 -1000 -10 0.0019702911376953125
Car -1 -1 -10 726.0 164.0 794.0 194.0 -1 -1 -1 -1000 -1000 -1000 -10 0.0019025802612304688
Car -1 -1 -10 740.0 163.0 855.0 196.0 -1 -1 -1 -1000 -1000 -1000 -10 0.0013408660888671875
Car -1 -1 -10 778.0 169.0 889.0 199.0 -1 -1 -1 -1000 -1000 -1000 -10 0.0011491775512695312
Car -1 -1 -10 753.0 159.0 850.0 192.0 -1 -1 -1 -1000 -1000 -1000 -10 0.0011234283447265625
Car -1 -1 -10 722.0 145.0 815.0 210.0 -1 -1 -1 -1000 -1000 -1000 -10 0.0008435249328613281
Car -1 -1 -10 745.0 164.0 795.0 189.0 -1 -1 -1 -1000 -1000 -1000 -10 0.0007686614990234375
Car -1 -1 -10 762.0 163.0 866.0 193.0 -1 -1 -1 -1000 -1000 -1000 -10 0.0007371902465820312
Car -1 -1 -10 772.0 169.0 874.0 201.0 -1 -1 -1 -1000 -1000 -1000 -10 0.0006389617919921875
Car -1 -1 -10 796.0 156.0 891.0 186.0 -1 -1 -1 -1000 -1000 -1000 -10 0.0005717277526855469
Car -1 -1 -10 515.0 156.0 558.0 199.0 -1 -1 -1 -1000 -1000 -1000 -10 0.0005583763122558594
Car -1 -1 -10 507.0 138.0 562.0 203.0 -1 -1 -1 -1000 -1000 -1000 -10 0.000522613525390625
Car -1 -1 -10 719.0 151.0 816.0 216.0 -1 -1 -1 -1000 -1000 -1000 -10 0.0005030632019042969
Car -1 -1 -10 719.0 147.0 833.0 210.0 -1 -1 -1 -1000 -1000 -1000 -10 0.0004901885986328125
Car -1 -1 -10 516.0 139.0 580.0 205.0 -1 -1 -1 -1000 -1000 -1000 -10 0.0004711151123046875
Car -1 -1 -10 798.0 158.0 898.0 190.0 -1 -1 -1 -1000 -1000 -1000 -10 0.0004024505615234375
Car -1 -1 -10 730.0 157.0 811.0 186.0 -1 -1 -1 -1000 -1000 -1000 -10 0.00037360191345214844
Car -1 -1 -10 589.0 170.0 618.0 199.0 -1 -1 -1 -1000 -1000 -1000 -10 0.00034999847412109375
Car -1 -1 -10 677.0 103.0 858.0 244.0 -1 -1 -1 -1000 -1000 -1000 -10 0.00031447410583496094
Pedestrian -1 -1 -10 822.0 0.0 877.0 1.0 -1 -1 -1 -1000 -1000 -1000 -10 0.0003108978271484375
Car -1 -1 -10 730.0 166.0 808.0 199.0 -1 -1 -1 -1000 -1000 -1000 -10 0.0003070831298828125
Cyclist -1 -1 -10 290.0 178.0 310.0 204.0 -1 -1 -1 -1000 -1000 -1000 -10 0.00029158592224121094
Car -1 -1 -10 673.0 125.0 862.0 263.0 -1 -1 -1 -1000 -1000 -1000 -10 0.000278472900390625
Car -1 -1 -10 781.0 157.0 884.0 197.0 -1 -1 -1 -1000 -1000 -1000 -10 0.00027489662170410156
Car -1 -1 -10 527.0 151.0 562.0 193.0 -1 -1 -1 -1000 -1000 -1000 -10 0.00027179718017578125
Car -1 -1 -10 513.0 140.0 560.0 192.0 -1 -1 -1 -1000 -1000 -1000 -10 0.0002684593200683594
Cyclist -1 -1 -10 285.0 178.0 311.0 210.0 -1 -1 -1 -1000 -1000 -1000 -10 0.0002644062042236328
Car -1 -1 -10 444.0 103.0 602.0 237.0 -1 -1 -1 -1000 -1000 -1000 -10 0.0002605915069580078
Pedestrian -1 -1 -10 807.0 0.0 860.0 1.0 -1 -1 -1 -1000 -1000 -1000 -10 0.0002579689025878906
Car -1 -1 -10 701.0 108.0 867.0 240.0 -1 -1 -1 -1000 -1000 -1000 -10 0.00025391578674316406
Car -1 -1 -10 738.0 161.0 829.0 195.0 -1 -1 -1 -1000 -1000 -1000 -10 0.0002372264862060547
Car -1 -1 -10 502.0 156.0 539.0 192.0 -1 -1 -1 -1000 -1000 -1000 -10 0.0002315044403076172
Car -1 -1 -10 482.0 103.0 631.0 240.0 -1 -1 -1 -1000 -1000 -1000 -10 0.00022673606872558594
Pedestrian -1 -1 -10 849.0 0.0 908.0 3.0 -1 -1 -1 -1000 -1000 -1000 -10 0.0001926422119140625
Car -1 -1 -10 442.0 124.0 603.0 243.0 -1 -1 -1 -1000 -1000 -1000 -10 0.00018167495727539062
Car -1 -1 -10 785.0 163.0 866.0 193.0 -1 -1 -1 -1000 -1000 -1000 -10 0.00018155574798583984
Car -1 -1 -10 497.0 157.0 528.0 192.0 -1 -1 -1 -1000 -1000 -1000 -10 0.00016188621520996094
Car -1 -1 -10 770.0 155.0 876.0 187.0 -1 -1 -1 -1000 -1000 -1000 -10 0.0001474618911743164
Car -1 -1 -10 501.0 150.0 543.0 196.0 -1 -1 -1 -1000 -1000 -1000 -10 0.0001436471939086914
Car -1 -1 -10 605.0 0.0 684.0 54.0 -1 -1 -1 -1000 -1000 -1000 -10 0.00014281272888183594
Car -1 -1 -10 648.0 159.0 706.0 187.0 -1 -1 -1 -1000 -1000 -1000 -10 0.00013267993927001953
Cyclist -1 -1 -10 1217.0 151.0 1242.0 366.0 -1 -1 -1 -1000 -1000 -1000 -10 0.00012767314910888672
Car -1 -1 -10 785.0 161.0 882.0 203.0 -1 -1 -1 -1000 -1000 -1000 -10 0.0001264810562133789
Car -1 -1 -10 784.0 160.0 864.0 190.0 -1 -1 -1 -1000 -1000 -1000 -10 0.00012117624282836914
Pedestrian -1 -1 -10 877.0 0.0 939.0 4.0 -1 -1 -1 -1000 -1000 -1000 -10 0.00011628866195678711
Pedestrian -1 -1 -10 825.0 0.0 857.0 0.0 -1 -1 -1 -1000 -1000 -1000 -10 0.00011211633682250977
Car -1 -1 -10 798.0 154.0 903.0 186.0 -1 -1 -1 -1000 -1000 -1000 -10 0.00010859966278076172
Pedestrian -1 -1 -10 861.0 0.0 921.0 3.0 -1 -1 -1 -1000 -1000 -1000 -10 0.00010657310485839844
Car -1 -1 -10 731.0 157.0 832.0 198.0 -1 -1 -1 -1000 -1000 -1000 -10 0.00010144710540771484
