Car -1 -1 -10 0.0 198.0 239.0 373.0 -1 -1 -1 -1000 -1000 -1000 -10 0.97265625
Car -1 -1 -10 856.0 149.0 1241.0 373.0 -1 -1 -1 -1000 -1000 -1000 -10 0.9716796875
Car -1 -1 -10 365.0 185.0 463.0 252.0 -1 -1 -1 -1000 -1000 -1000 -10 0.96484375
Car -1 -1 -10 164.0 184.0 380.0 313.0 -1 -1 -1 -1000 -1000 -1000 -10 0.9638671875
Car -1 -1 -10 740.0 148.0 990.0 330.0 -1 -1 -1 -1000 -1000 -1000 -10 0.958984375
Car -1 -1 -10 712.0 171.0 825.0 264.0 -1 -1 -1 -1000 -1000 -1000 -10 0.951171875
Car -1 -1 -10 519.0 173.0 555.0 207.0 -1 -1 -1 -1000 -1000 -1000 -10 0.94873046875
Pedestrian -1 -1 -10 624.0 172.0 633.0 199.0 -1 -1 -1 -1000 -1000 -1000 -10 0.80712890625
Pedestrian -1 -1 -10 692.0 166.0 708.0 213.0 -1 -1 -1 -1000 -1000 -1000 -10 0.74169921875
Pedestrian -1 -1 -10 447.0 181.0 460.0 215.0 -1 -1 -1 -1000 -1000 -1000 -10 0.703125
Pedestrian -1 -1 -10 448.0 179.0 459.0 214.0 -1 -1 -1 -1000 -1000 -1000 -10 0.65087890625
Pedestrian -1 -1 -10 690.0 166.0 704.0 212.0 -1 -1 -1 -1000 -1000 -1000 -10 0.35205078125
Pedestrian -1 -1 -10 697.0 165.0 712.0 213.0 -1 -1 -1 -1000 -1000 -1000 -10 0.2159423828125
Pedestrian -1 -1 -10 468.0 179.0 478.0 208.0 -1 -1 -1 -1000 -1000 -1000 -10 0.044097900390625
Pedestrian -1 -1 -10 690.0 165.0 710.0 215.0 -1 -1 -1 -1000 -1000 -1000 -10 0.04254150390625
Pedestrian -1 -1 -10 625.0 174.0 634.0 201.0 -1 -1 -1 -1000 -1000 -1000 -10 0.037872314453125
Pedestrian -1 -1 -10 621.0 171.0 631.0 200.0 -1 -1 -1 -1000 -1000 -1000 -10 0.035736083984375
Pedestrian -1 -1 -10 441.0 184.0 453.0 214.0 -1 -1 -1 -1000 -1000 -1000 -10 0.0265045166015625
Pedestrian -1 -1 -10 703.0 166.0 719.0 213.0 -1 -1 -1 -1000 -1000 -1000 -10 0.0250244140625
Pedestrian -1 -1 -10 455.0 180.0 469.0 210.0 -1 -1 -1 -1000 -1000 -1000 -10 0.024810791015625
Pedestrian -1 -1 -10 704.0 165.0 720.0 209.0 -1 -1 -1 -1000 -1000 -1000 -10 0.015960693359375
Pedestrian -1 -1 -10 695.0 164.0 718.0 214.0 -1 -1 -1 -1000 -1000 -1000 -10 0.013702392578125
Car -1 -1 -10 0.0 200.0 32.0 359.0 -1 -1 -1 -1000 -1000 -1000 -10 0.012725830078125
Car -1 -1 -10 0.0 200.0 44.0 362.0 -1 -1 -1 -1000 -1000 -1000 -10 0.007541656494140625
Pedestrian -1 -1 -10 467.0 181.0 475.0 209.0 -1 -1 -1 -1000 -1000 -1000 -10 0.00597381591796875
Car -1 -1 -10 0.0 195.0 29.0 340.0 -1 -1 -1 -1000 -1000 -1000 -10 0.00479888916015625
Pedestrian -1 -1 -10 623.0 168.0 633.0 196.0 -1 -1 -1 -1000 -1000 -1000 -10 0.0037899017333984375
Car -1 -1 -10 0.0 209.0 29.0 372.0 -1 -1 -1 -1000 -1000 -1000 -10 0.0036163330078125
Car -1 -1 -10 708.0 165.0 833.0 269.0 -1 -1 -1 -1000 -1000 -1000 -10 0.00337982177734375
Pedestrian -1 -1 -10 466.0 180.0 476.0 209.0 -1 -1 -1 -1000 -1000 -1000 -10 0.002811431884765625
Pedestrian -1 -1 -10 427.0 183.0 440.0 210.0 -1 -1 -1 -1000 -1000 -1000 -10 0.0027523040771484375
Pedestrian -1 -1 -10 466.0 183.0 474.0 208.0 -1 -1 -1 -1000 -1000 -1000 -10 0.0025577545166015625
Pedestrian -1 -1 -10 450.0 182.0 463.0 218.0 -1 -1 -1 -1000 -1000 -1000 -10 0.0021495819091796875
Pedestrian -1 -1 -10 697.0 169.0 712.0 218.0 -1 -1 -1 -1000 -1000 -1000 -10 0.0020656585693359375
Car -1 -1 -10 0.0 212.0 49.0 372.0 -1 -1 -1 -1000 -1000 -1000 -10 0.0019664764404296875
Pedestrian -1 -1 -10 683.0 167.0 699.0 202.0 -1 -1 -1 -1000 -1000 -1000 -10 0.0018091201782226562
Pedestrian -1 -1 -10 443.0 181.0 452.0 213.0 -1 -1 -1 -1000 -1000 -1000 -10 0.001674652099609375
Pedestrian -1 -1 -10 622.0 173.0 629.0 200.0 -1 -1 -1 -1000 -1000 -1000 -10 0.0014314651489257812
Car -1 -1 -10 0.0 200.0 59.0 359.0 -1 -1 -1 -1000 -1000 -1000 -10 0.001293182373046875
Pedestrian -1 -1 -10 441.0 183.0 460.0 217.0 -1 -1 -1 -1000 -1000 -1000 -10 0.0011920928955078125
Pedestrian -1 -1 -10 683.0 169.0 700.0 214.0 -1 -1 -1 -1000 -1000 -1000 -10 0.001155853271484375
Pedestrian -1 -1 -10 469.0 183.0 478.0 209.0 -1 -1 -1 -1000 -1000 -1000 -10 0.0011377334594726562
Car -1 -1 -10 803.0 152.0 920.0 318.0 -1 -1 -1 -1000 -1000 -1000 -10 0.0011339187622070312
Pedestrian -1 -1 -10 449.0 177.0 459.0 208.0 -1 -1 -1 -1000 -1000 -1000 -10 0.0010547637939453125
Pedestrian -1 -1 -10 713.0 165.0 730.0 208.0 -1 -1 -1 -1000 -1000 -1000 -10 0.0010509490966796875
Car -1 -1 -10 0.0 205.0 52.0 346.0 -1 -1 -1 -1000 -1000 -1000 -10 0.0009851455688476562
Pedestrian -1 -1 -10 435.0 177.0 456.0 226.0 -1 -1 -1 -1000 -1000 -1000 -10 0.0009469985961914062
Car -1 -1 -10 1.0 195.0 46.0 325.0 -1 -1 -1 -1000 -1000 -1000 -10 0.00080108642578125
Car -1 -1 -10 358.0 171.0 481.0 264.0 -1 -1 -1 -1000 -1000 -1000 -10 0.0007944107055664062
Car -1 -1 -10 55.0 203.0 177.0 362.0 -1 -1 -1 -1000 -1000 -1000 -10 0.00078582763671875
Pedestrian -1 -1 -10 691.0 161.0 704.0 203.0 -1 -1 -1 -1000 -1000 -1000 -10 0.0007662773132324219
Pedestrian -1 -1 -10 708.0 163.0 728.0 212.0 -1 -1 -1 -1000 -1000 -1000 -10 0.0006833076477050781
Car -1 -1 -10 204.0 187.0 344.0 305.0 -1 -1 -1 -1000 -1000 -1000 -10 0.0006794929504394531
Car -1 -1 -10 0.0 199.0 17.0 330.0 -1 -1 -1 -1000 -1000 -1000 -10 0.0006694793701171875
Car -1 -1 -10 0.0 185.0 24.0 316.0 -1 -1 -1 -1000 -1000 -1000 -10 0.0006594657897949219
Pedestrian -1 -1 -10 444.0 188.0 459.0 220.0 -1 -1 -1 -1000 -1000 -1000 -10 0.0006060600280761719
Car -1 -1 -10 0.0 202.0 27.0 315.0 -1 -1 -1 -1000 -1000 -1000 -10 0.00047659873962402344
Pedestrian -1 -1 -10 711.0 169.0 733.0 213.0 -1 -1 -1 -1000 -1000 -1000 -10 0.0004558563232421875
Car -1 -1 -10 0.0 179.0 27.0 320.0 -1 -1 -1 -1000 -1000 -1000 -10 0.0004417896270751953
Pedestrian -1 -1 -10 451.0 177.0 461.0 208.0 -1 -1 -1 -1000 -1000 -1000 -10 0.0004215240478515625
Pedestrian -1 -1 -10 424.0 184.0 443.0 211.0 -1 -1 -1 -1000 -1000 -1000 -10 0.0004210472106933594
Car -1 -1 -10 0.0 206.0 70.0 345.0 -1 -1 -1 -1000 -1000 -1000 -10 0.00041675567626953125
Pedestrian -1 -1 -10 622.0 168.0 635.0 196.0 -1 -1 -1 -1000 -1000 -1000 -10 0.00041413307189941406
Car -1 -1 -10 0.0 204.0 82.0 363.0 -1 -1 -1 -1000 -1000 -1000 -10 0.0004105567932128906
Pedestrian -1 -1 -10 551.0 175.0 563.0 198.0 -1 -1 -1 -1000 -1000 -1000 -10 0.0004019737243652344
Car -1 -1 -10 0.0 206.0 18.0 342.0 -1 -1 -1 -1000 -1000 -1000 -10 0.00036907196044921875
Car -1 -1 -10 2.0 204.0 101.0 363.0 -1 -1 -1 -1000 -1000 -1000 -10 0.0003635883331298828
Pedestrian -1 -1 -10 481.0 178.0 492.0 207.0 -1 -1 -1 -1000 -1000 -1000 -10 0.0003490447998046875
Pedestrian -1 -1 -10 442.0 181.0 454.0 213.0 -1 -1 -1 -1000 -1000 -1000 -10 0.0003330707550048828
Car -1 -1 -10 520.0 177.0 554.0 209.0 -1 -1 -1 -1000 -1000 -1000 -10 0.0003299713134765625
Pedestrian -1 -1 -10 705.0 166.0 730.0 220.0 -1 -1 -1 -1000 -1000 -1000 -10 0.0003018379211425781
Pedestrian -1 -1 -10 626.0 169.0 641.0 199.0 -1 -1 -1 -1000 -1000 -1000 -10 0.0002949237823486328
Car -1 -1 -10 0.0 198.0 27.0 296.0 -1 -1 -1 -1000 -1000 -1000 -10 0.0002837181091308594
Car -1 -1 -10 0.0 196.0 14.0 296.0 -1 -1 -1 -1000 -1000 -1000 -10 0.0002453327178955078
Pedestrian -1 -1 -10 429.0 183.0 439.0 211.0 -1 -1 -1 -1000 -1000 -1000 -10 0.0002422332763671875
Pedestrian -1 -1 -10 701.0 158.0 715.0 205.0 -1 -1 -1 -1000 -1000 -1000 -10 0.00023186206817626953
Car -1 -1 -10 382.0 185.0 457.0 237.0 -1 -1 -1 -1000 -1000 -1000 -10 0.0002295970916748047
Pedestrian -1 -1 -10 686.0 164.0 697.0 199.0 -1 -1 -1 -1000 -1000 -1000 -10 0.00022399425506591797
Pedestrian -1 -1 -10 478.0 177.0 489.0 207.0 -1 -1 -1 -1000 -1000 -1000 -10 0.00021517276763916016
Car -1 -1 -10 1210.0 105.0 1242.0 335.0 -1 -1 -1 -1000 -1000 -1000 -10 0.00021326541900634766
Pedestrian -1 -1 -10 467.0 178.0 475.0 206.0 -1 -1 -1 -1000 -1000 -1000 -10 0.0002065896987915039
Car -1 -1 -10 1119.0 0.0 1242.0 5.0 -1 -1 -1 -1000 -1000 -1000 -10 0.0002048015594482422
Car -1 -1 -10 3.0 195.0 96.0 340.0 -1 -1 -1 -1000 -1000 -1000 -10 0.00020205974578857422
Pedestrian -1 -1 -10 708.0 156.0 725.0 205.0 -1 -1 -1 -1000 -1000 -1000 -10 0.00019943714141845703
Car -1 -1 -10 1109.0 0.0 1241.0 3.0 -1 -1 -1 -1000 -1000 -1000 -10 0.00017547607421875
Car -1 -1 -10 551.0 173.0 566.0 200.0 -1 -1 -1 -1000 -1000 -1000 -10 0.00017333030700683594
Car -1 -1 -10 550.0 176.0 564.0 200.0 -1 -1 -1 -1000 -1000 -1000 -10 0.00017189979553222656
Car -1 -1 -10 0.0 40.0 38.0 357.0 -1 -1 -1 -1000 -1000 -1000 -10 0.00016939640045166016
Car -1 -1 -10 0.0 176.0 48.0 322.0 -1 -1 -1 -1000 -1000 -1000 -10 0.0001595020294189453
Car -1 -1 -10 0.0 202.0 18.0 312.0 -1 -1 -1 -1000 -1000 -1000 -10 0.00015914440155029297
Car -1 -1 -10 0.0 0.0 65.0 364.0 -1 -1 -1 -1000 -1000 -1000 -10 0.00015878677368164062
Car -1 -1 -10 1214.0 122.0 1242.0 317.0 -1 -1 -1 -1000 -1000 -1000 -10 0.0001571178436279297
Car -1 -1 -10 0.0 61.0 54.0 356.0 -1 -1 -1 -1000 -1000 -1000 -10 0.00015437602996826172
Pedestrian -1 -1 -10 484.0 182.0 493.0 208.0 -1 -1 -1 -1000 -1000 -1000 -10 0.0001513957977294922
Car -1 -1 -10 1215.0 138.0 1242.0 338.0 -1 -1 -1 -1000 -1000 -1000 -10 0.00015115737915039062
Car -1 -1 -10 1124.0 0.0 1242.0 5.0 -1 -1 -1 -1000 -1000 -1000 -10 0.00014901161193847656
Car -1 -1 -10 1.0 195.0 69.0 322.0 -1 -1 -1 -1000 -1000 -1000 -10 0.00014650821685791016
Car -1 -1 -10 1191.0 136.0 1241.0 360.0 -1 -1 -1 -1000 -1000 -1000 -10 0.00014579296112060547
Car -1 -1 -10 1045.0 0.0 1242.0 5.0 -1 -1 -1 -1000 -1000 -1000 -10 0.00014495849609375
Car -1 -1 -10 1093.0 0.0 1242.0 5.0 -1 -1 -1 -1000 -1000 -1000 -10 0.0001437664031982422
Car -1 -1 -10 0.0 209.0 30.0 325.0 -1 -1 -1 -1000 -1000 -1000 -10 0.0001385211944580078
Car -1 -1 -10 0.0 227.0 62.0 372.0 -1 -1 -1 -1000 -1000 -1000 -10 0.0001310110092163086
Car -1 -1 -10 343.0 178.0 470.0 271.0 -1 -1 -1 -1000 -1000 -1000 -10 0.0001289844512939453
Pedestrian -1 -1 -10 464.0 183.0 475.0 208.0 -1 -1 -1 -1000 -1000 -1000 -10 0.00012826919555664062
Car -1 -1 -10 1210.0 135.0 1241.0 375.0 -1 -1 -1 -1000 -1000 -1000 -10 0.00012803077697753906
Car -1 -1 -10 0.0 247.0 26.0 375.0 -1 -1 -1 -1000 -1000 -1000 -10 0.0001245737075805664
Car -1 -1 -10 385.0 186.0 432.0 242.0 -1 -1 -1 -1000 -1000 -1000 -10 0.00011986494064331055
Car -1 -1 -10 0.0 9.0 46.0 360.0 -1 -1 -1 -1000 -1000 -1000 -10 0.00011211633682250977
Car -1 -1 -10 814.0 146.0 940.0 325.0 -1 -1 -1 -1000 -1000 -1000 -10 0.00010824203491210938
Car -1 -1 -10 1148.0 0.0 1242.0 6.0 -1 -1 -1 -1000 -1000 -1000 -10 0.00010478496551513672
Pedestrian -1 -1 -10 689.0 170.0 701.0 218.0 -1 -1 -1 -1000 -1000 -1000 -10 0.00010466575622558594
Pedestrian -1 -1 -10 699.0 166.0 741.0 227.0 -1 -1 -1 -1000 -1000 -1000 -10 0.00010383129119873047
Car -1 -1 -10 541.0 176.0 561.0 206.0 -1 -1 -1 -1000 -1000 -1000 -10 0.00010067224502563477
