Car -1 -1 -10 61.0 171.0 197.0 228.0 -1 -1 -1 -1000 -1000 -1000 -10 0.96044921875
Car -1 -1 -10 181.0 181.0 272.0 218.0 -1 -1 -1 -1000 -1000 -1000 -10 0.93212890625
Car -1 -1 -10 1.0 181.0 77.0 241.0 -1 -1 -1 -1000 -1000 -1000 -10 0.9296875
Car -1 -1 -10 0.0 180.0 24.0 224.0 -1 -1 -1 -1000 -1000 -1000 -10 0.261962890625
Car -1 -1 -10 0.0 177.0 16.0 226.0 -1 -1 -1 -1000 -1000 -1000 -10 0.23291015625
Car -1 -1 -10 0.0 180.0 21.0 228.0 -1 -1 -1 -1000 -1000 -1000 -10 0.21923828125
Car -1 -1 -10 0.0 179.0 15.0 234.0 -1 -1 -1 -1000 -1000 -1000 -10 0.0762939453125
Car -1 -1 -10 0.0 183.0 24.0 231.0 -1 -1 -1 -1000 -1000 -1000 -10 0.06329345703125
Car -1 -1 -10 0.0 179.0 70.0 235.0 -1 -1 -1 -1000 -1000 -1000 -10 0.047821044921875
Car -1 -1 -10 0.0 174.0 20.0 218.0 -1 -1 -1 -1000 -1000 -1000 -10 0.024200439453125
Car -1 -1 -10 0.0 172.0 24.0 220.0 -1 -1 -1 -1000 -1000 -1000 -10 0.00858306884765625
Car -1 -1 -10 0.0 180.0 56.0 232.0 -1 -1 -1 -1000 -1000 -1000 -10 0.0081024169921875
Car -1 -1 -10 0.0 183.0 14.0 250.0 -1 -1 -1 -1000 -1000 -1000 -10 0.00446319580078125
Car -1 -1 -10 0.0 180.0 45.0 229.0 -1 -1 -1 -1000 -1000 -1000 -10 0.0031261444091796875
Car -1 -1 -10 0.0 179.0 41.0 220.0 -1 -1 -1 -1000 -1000 -1000 -10 0.002758026123046875
Car -1 -1 -10 1.0 189.0 13.0 243.0 -1 -1 -1 -1000 -1000 -1000 -10 0.0027008056640625
Car -1 -1 -10 0.0 171.0 13.0 212.0 -1 -1 -1 -1000 -1000 -1000 -10 0.0021152496337890625
Car -1 -1 -10 107.0 175.0 152.0 221.0 -1 -1 -1 -1000 -1000 -1000 -10 0.0018720626831054688
Car -1 -1 -10 0.0 171.0 16.0 212.0 -1 -1 -1 -1000 -1000 -1000 -10 0.0018215179443359375
Car -1 -1 -10 1.0 172.0 24.0 210.0 -1 -1 -1 -1000 -1000 -1000 -10 0.00130462646484375
Car -1 -1 -10 611.0 52.0 625.0 66.0 -1 -1 -1 -1000 -1000 -1000 -10 0.0009703636169433594
Car -1 -1 -10 176.0 167.0 278.0 233.0 -1 -1 -1 -1000 -1000 -1000 -10 0.0008387565612792969
Pedestrian -1 -1 -10 656.0 0.0 705.0 38.0 -1 -1 -1 -1000 -1000 -1000 -10 0.0007405281066894531
Car -1 -1 -10 0.0 188.0 25.0 244.0 -1 -1 -1 -1000 -1000 -1000 -10 0.0006060600280761719
Car -1 -1 -10 10.0 182.0 61.0 236.0 -1 -1 -1 -1000 -1000 -1000 -10 0.0005908012390136719
Car -1 -1 -10 1.0 179.0 83.0 249.0 -1 -1 -1 -1000 -1000 -1000 -10 0.0005540847778320312
Car -1 -1 -10 180.0 184.0 271.0 222.0 -1 -1 -1 -1000 -1000 -1000 -10 0.0004925727844238281
Car -1 -1 -10 609.0 52.0 626.0 67.0 -1 -1 -1 -1000 -1000 -1000 -10 0.0004703998565673828
Car -1 -1 -10 0.0 188.0 17.0 262.0 -1 -1 -1 -1000 -1000 -1000 -10 0.00044417381286621094
Car -1 -1 -10 0.0 171.0 54.0 218.0 -1 -1 -1 -1000 -1000 -1000 -10 0.0003914833068847656
Car -1 -1 -10 0.0 151.0 122.0 272.0 -1 -1 -1 -1000 -1000 -1000 -10 0.0003769397735595703
Car -1 -1 -10 40.0 139.0 221.0 246.0 -1 -1 -1 -1000 -1000 -1000 -10 0.0003757476806640625
Car -1 -1 -10 575.0 54.0 592.0 71.0 -1 -1 -1 -1000 -1000 -1000 -10 0.00036525726318359375
Car -1 -1 -10 36.0 136.0 228.0 270.0 -1 -1 -1 -1000 -1000 -1000 -10 0.0003490447998046875
Car -1 -1 -10 0.0 193.0 13.0 258.0 -1 -1 -1 -1000 -1000 -1000 -10 0.0003476142883300781
Car -1 -1 -10 140.0 130.0 310.0 246.0 -1 -1 -1 -1000 -1000 -1000 -10 0.00033283233642578125
Car -1 -1 -10 612.0 54.0 624.0 67.0 -1 -1 -1 -1000 -1000 -1000 -10 0.0003151893615722656
Car -1 -1 -10 131.0 131.0 319.0 279.0 -1 -1 -1 -1000 -1000 -1000 -10 0.0003116130828857422
Car -1 -1 -10 0.0 153.0 102.0 270.0 -1 -1 -1 -1000 -1000 -1000 -10 0.0002741813659667969
Car -1 -1 -10 445.0 94.0 459.0 109.0 -1 -1 -1 -1000 -1000 -1000 -10 0.00026345252990722656
Car -1 -1 -10 567.0 49.0 596.0 73.0 -1 -1 -1 -1000 -1000 -1000 -10 0.00023877620697021484
Car -1 -1 -10 0.0 162.0 12.0 198.0 -1 -1 -1 -1000 -1000 -1000 -10 0.00021135807037353516
Car -1 -1 -10 198.0 184.0 248.0 211.0 -1 -1 -1 -1000 -1000 -1000 -10 0.00020682811737060547
Car -1 -1 -10 570.0 53.0 595.0 71.0 -1 -1 -1 -1000 -1000 -1000 -10 0.00020420551300048828
Car -1 -1 -10 0.0 164.0 11.0 196.0 -1 -1 -1 -1000 -1000 -1000 -10 0.00019240379333496094
Car -1 -1 -10 1.0 177.0 70.0 226.0 -1 -1 -1 -1000 -1000 -1000 -10 0.00019085407257080078
Car -1 -1 -10 447.0 92.0 459.0 107.0 -1 -1 -1 -1000 -1000 -1000 -10 0.0001888275146484375
Car -1 -1 -10 0.0 201.0 12.0 249.0 -1 -1 -1 -1000 -1000 -1000 -10 0.00018215179443359375
Car -1 -1 -10 442.0 93.0 463.0 110.0 -1 -1 -1 -1000 -1000 -1000 -10 0.00018203258514404297
Car -1 -1 -10 443.0 91.0 463.0 108.0 -1 -1 -1 -1000 -1000 -1000 -10 0.0001621246337890625
Car -1 -1 -10 186.0 92.0 202.0 105.0 -1 -1 -1 -1000 -1000 -1000 -10 0.00014507770538330078
Car -1 -1 -10 0.0 166.0 59.0 224.0 -1 -1 -1 -1000 -1000 -1000 -10 0.0001361370086669922
Car -1 -1 -10 89.0 174.0 168.0 224.0 -1 -1 -1 -1000 -1000 -1000 -10 0.00012862682342529297
Car -1 -1 -10 611.0 57.0 624.0 68.0 -1 -1 -1 -1000 -1000 -1000 -10 0.00012385845184326172
Car -1 -1 -10 59.0 168.0 185.0 221.0 -1 -1 -1 -1000 -1000 -1000 -10 0.00011521577835083008
Car -1 -1 -10 193.0 179.0 275.0 215.0 -1 -1 -1 -1000 -1000 -1000 -10 0.00010627508163452148
