Car -1 -1 -10 607.0 169.0 666.0 214.0 -1 -1 -1 -1000 -1000 -1000 -10 0.9560546875
Car -1 -1 -10 950.0 161.0 1177.0 232.0 -1 -1 -1 -1000 -1000 -1000 -10 0.955078125
Car -1 -1 -10 282.0 205.0 366.0 255.0 -1 -1 -1 -1000 -1000 -1000 -10 0.9521484375
Car -1 -1 -10 849.0 163.0 1051.0 221.0 -1 -1 -1 -1000 -1000 -1000 -10 0.93603515625
Car -1 -1 -10 192.0 208.0 294.0 270.0 -1 -1 -1 -1000 -1000 -1000 -10 0.9306640625
Car -1 -1 -10 0.0 238.0 131.0 373.0 -1 -1 -1 -1000 -1000 -1000 -10 0.927734375
Car -1 -1 -10 652.0 165.0 690.0 194.0 -1 -1 -1 -1000 -1000 -1000 -10 0.9072265625
Car -1 -1 -10 697.0 163.0 717.0 178.0 -1 -1 -1 -1000 -1000 -1000 -10 0.452392578125
Car -1 -1 -10 659.0 166.0 695.0 187.0 -1 -1 -1 -1000 -1000 -1000 -10 0.03326416015625
Car -1 -1 -10 869.0 163.0 1032.0 219.0 -1 -1 -1 -1000 -1000 -1000 -10 0.0262451171875
Car -1 -1 -10 661.0 165.0 692.0 189.0 -1 -1 -1 -1000 -1000 -1000 -10 0.0213623046875
Car -1 -1 -10 654.0 164.0 690.0 189.0 -1 -1 -1 -1000 -1000 -1000 -10 0.0183258056640625
Car -1 -1 -10 700.0 163.0 719.0 179.0 -1 -1 -1 -1000 -1000 -1000 -10 0.005764007568359375
Car -1 -1 -10 697.0 165.0 717.0 180.0 -1 -1 -1 -1000 -1000 -1000 -10 0.00533294677734375
Car -1 -1 -10 0.0 254.0 118.0 375.0 -1 -1 -1 -1000 -1000 -1000 -10 0.0033817291259765625
Car -1 -1 -10 5.0 256.0 135.0 371.0 -1 -1 -1 -1000 -1000 -1000 -10 0.0026397705078125
Car -1 -1 -10 642.0 164.0 688.0 203.0 -1 -1 -1 -1000 -1000 -1000 -10 0.002086639404296875
Car -1 -1 -10 175.0 216.0 286.0 265.0 -1 -1 -1 -1000 -1000 -1000 -10 0.0016155242919921875
Car -1 -1 -10 0.0 268.0 128.0 372.0 -1 -1 -1 -1000 -1000 -1000 -10 0.0015239715576171875
Car -1 -1 -10 0.0 213.0 127.0 361.0 -1 -1 -1 -1000 -1000 -1000 -10 0.001434326171875
Car -1 -1 -10 173.0 186.0 324.0 301.0 -1 -1 -1 -1000 -1000 -1000 -10 0.0011110305786132812
Car -1 -1 -10 1129.0 160.0 1240.0 211.0 -1 -1 -1 -1000 -1000 -1000 -10 0.001079559326171875
Car -1 -1 -10 1127.0 168.0 1242.0 228.0 -1 -1 -1 -1000 -1000 -1000 -10 0.0010433197021484375
Car -1 -1 -10 608.0 165.0 664.0 205.0 -1 -1 -1 -1000 -1000 -1000 -10 0.0010194778442382812
Car -1 -1 -10 0.0 289.0 127.0 374.0 -1 -1 -1 -1000 -1000 -1000 -10 0.0009646415710449219
Car -1 -1 -10 296.0 206.0 346.0 250.0 -1 -1 -1 -1000 -1000 -1000 -10 0.0009217262268066406
Car -1 -1 -10 1106.0 162.0 1241.0 224.0 -1 -1 -1 -1000 -1000 -1000 -10 0.0009207725524902344
Car -1 -1 -10 1052.0 160.0 1239.0 231.0 -1 -1 -1 -1000 -1000 -1000 -10 0.0009140968322753906
Car -1 -1 -10 997.0 163.0 1131.0 227.0 -1 -1 -1 -1000 -1000 -1000 -10 0.0008883476257324219
Car -1 -1 -10 278.0 200.0 367.0 264.0 -1 -1 -1 -1000 -1000 -1000 -10 0.0008835792541503906
Car -1 -1 -10 653.0 169.0 689.0 196.0 -1 -1 -1 -1000 -1000 -1000 -10 0.0007915496826171875
Car -1 -1 -10 204.0 205.0 296.0 260.0 -1 -1 -1 -1000 -1000 -1000 -10 0.0007176399230957031
Car -1 -1 -10 1188.0 167.0 1242.0 234.0 -1 -1 -1 -1000 -1000 -1000 -10 0.0006771087646484375
Car -1 -1 -10 697.0 161.0 714.0 177.0 -1 -1 -1 -1000 -1000 -1000 -10 0.0006532669067382812
Car -1 -1 -10 278.0 204.0 358.0 251.0 -1 -1 -1 -1000 -1000 -1000 -10 0.00063323974609375
Car -1 -1 -10 1171.0 170.0 1241.0 233.0 -1 -1 -1 -1000 -1000 -1000 -10 0.0006132125854492188
Car -1 -1 -10 603.0 155.0 669.0 217.0 -1 -1 -1 -1000 -1000 -1000 -10 0.000606536865234375
Car -1 -1 -10 945.0 150.0 1181.0 249.0 -1 -1 -1 -1000 -1000 -1000 -10 0.000591278076171875
Car -1 -1 -10 1.0 240.0 118.0 345.0 -1 -1 -1 -1000 -1000 -1000 -10 0.0005712509155273438
Car -1 -1 -10 816.0 136.0 1081.0 259.0 -1 -1 -1 -1000 -1000 -1000 -10 0.00055694580078125
Car -1 -1 -10 652.0 162.0 691.0 196.0 -1 -1 -1 -1000 -1000 -1000 -10 0.0005354881286621094
Car -1 -1 -10 1217.0 166.0 1242.0 235.0 -1 -1 -1 -1000 -1000 -1000 -10 0.0004916191101074219
Car -1 -1 -10 301.0 206.0 352.0 250.0 -1 -1 -1 -1000 -1000 -1000 -10 0.00048160552978515625
Car -1 -1 -10 1218.0 174.0 1242.0 250.0 -1 -1 -1 -1000 -1000 -1000 -10 0.0004780292510986328
Car -1 -1 -10 1192.0 174.0 1242.0 252.0 -1 -1 -1 -1000 -1000 -1000 -10 0.0004699230194091797
Car -1 -1 -10 600.0 163.0 668.0 222.0 -1 -1 -1 -1000 -1000 -1000 -10 0.0004696846008300781
Car -1 -1 -10 684.0 159.0 714.0 179.0 -1 -1 -1 -1000 -1000 -1000 -10 0.000453948974609375
Car -1 -1 -10 1133.0 157.0 1242.0 219.0 -1 -1 -1 -1000 -1000 -1000 -10 0.0004305839538574219
Car -1 -1 -10 371.0 98.0 409.0 126.0 -1 -1 -1 -1000 -1000 -1000 -10 0.00042510032653808594
Car -1 -1 -10 1.0 237.0 92.0 372.0 -1 -1 -1 -1000 -1000 -1000 -10 0.0004246234893798828
Car -1 -1 -10 1109.0 156.0 1239.0 216.0 -1 -1 -1 -1000 -1000 -1000 -10 0.0004131793975830078
Car -1 -1 -10 1120.0 164.0 1239.0 239.0 -1 -1 -1 -1000 -1000 -1000 -10 0.0004017353057861328
Car -1 -1 -10 3.0 237.0 114.0 320.0 -1 -1 -1 -1000 -1000 -1000 -10 0.0003943443298339844
Car -1 -1 -10 1209.0 170.0 1242.0 235.0 -1 -1 -1 -1000 -1000 -1000 -10 0.00038909912109375
Car -1 -1 -10 170.0 186.0 309.0 282.0 -1 -1 -1 -1000 -1000 -1000 -10 0.0003662109375
Car -1 -1 -10 182.0 208.0 293.0 259.0 -1 -1 -1 -1000 -1000 -1000 -10 0.0003592967987060547
Car -1 -1 -10 1210.0 164.0 1242.0 223.0 -1 -1 -1 -1000 -1000 -1000 -10 0.0003540515899658203
Car -1 -1 -10 2.0 208.0 110.0 336.0 -1 -1 -1 -1000 -1000 -1000 -10 0.00032067298889160156
Car -1 -1 -10 829.0 135.0 1070.0 235.0 -1 -1 -1 -1000 -1000 -1000 -10 0.0003032684326171875
Car -1 -1 -10 1213.0 172.0 1242.0 253.0 -1 -1 -1 -1000 -1000 -1000 -10 0.000293731689453125
Car -1 -1 -10 1065.0 157.0 1235.0 220.0 -1 -1 -1 -1000 -1000 -1000 -10 0.00028443336486816406
Car -1 -1 -10 225.0 173.0 403.0 308.0 -1 -1 -1 -1000 -1000 -1000 -10 0.0002830028533935547
Car -1 -1 -10 558.0 119.0 722.0 239.0 -1 -1 -1 -1000 -1000 -1000 -10 0.00027751922607421875
Car -1 -1 -10 1093.0 161.0 1238.0 212.0 -1 -1 -1 -1000 -1000 -1000 -10 0.0002689361572265625
Car -1 -1 -10 1142.0 168.0 1242.0 219.0 -1 -1 -1 -1000 -1000 -1000 -10 0.0002675056457519531
Car -1 -1 -10 3.0 215.0 128.0 328.0 -1 -1 -1 -1000 -1000 -1000 -10 0.0002658367156982422
Car -1 -1 -10 536.0 136.0 706.0 264.0 -1 -1 -1 -1000 -1000 -1000 -10 0.00026226043701171875
Car -1 -1 -10 1.0 212.0 68.0 361.0 -1 -1 -1 -1000 -1000 -1000 -10 0.0002617835998535156
Car -1 -1 -10 18.0 249.0 140.0 375.0 -1 -1 -1 -1000 -1000 -1000 -10 0.00025653839111328125
Car -1 -1 -10 1209.0 175.0 1242.0 248.0 -1 -1 -1 -1000 -1000 -1000 -10 0.0002529621124267578
Car -1 -1 -10 181.0 219.0 292.0 271.0 -1 -1 -1 -1000 -1000 -1000 -10 0.0002448558807373047
Car -1 -1 -10 1164.0 165.0 1241.0 241.0 -1 -1 -1 -1000 -1000 -1000 -10 0.00024187564849853516
Car -1 -1 -10 1177.0 163.0 1241.0 226.0 -1 -1 -1 -1000 -1000 -1000 -10 0.00023984909057617188
Car -1 -1 -10 550.0 129.0 730.0 271.0 -1 -1 -1 -1000 -1000 -1000 -10 0.0002391338348388672
Car -1 -1 -10 252.0 174.0 419.0 306.0 -1 -1 -1 -1000 -1000 -1000 -10 0.00023412704467773438
Car -1 -1 -10 647.0 166.0 686.0 196.0 -1 -1 -1 -1000 -1000 -1000 -10 0.00023281574249267578
Car -1 -1 -10 530.0 99.0 555.0 120.0 -1 -1 -1 -1000 -1000 -1000 -10 0.00022423267364501953
Car -1 -1 -10 0.0 244.0 108.0 356.0 -1 -1 -1 -1000 -1000 -1000 -10 0.0002092123031616211
Car -1 -1 -10 204.0 211.0 286.0 268.0 -1 -1 -1 -1000 -1000 -1000 -10 0.00020813941955566406
Car -1 -1 -10 1139.0 170.0 1242.0 252.0 -1 -1 -1 -1000 -1000 -1000 -10 0.00020313262939453125
Car -1 -1 -10 280.0 193.0 372.0 259.0 -1 -1 -1 -1000 -1000 -1000 -10 0.0002027750015258789
Car -1 -1 -10 17.0 225.0 150.0 358.0 -1 -1 -1 -1000 -1000 -1000 -10 0.0001957416534423828
Car -1 -1 -10 1184.0 155.0 1242.0 219.0 -1 -1 -1 -1000 -1000 -1000 -10 0.00018167495727539062
Car -1 -1 -10 1225.0 166.0 1242.0 239.0 -1 -1 -1 -1000 -1000 -1000 -10 0.00017392635345458984
Car -1 -1 -10 218.0 212.0 268.0 262.0 -1 -1 -1 -1000 -1000 -1000 -10 0.00016927719116210938
Car -1 -1 -10 1108.0 168.0 1242.0 232.0 -1 -1 -1 -1000 -1000 -1000 -10 0.00016891956329345703
Car -1 -1 -10 1120.0 152.0 1241.0 230.0 -1 -1 -1 -1000 -1000 -1000 -10 0.0001685619354248047
Pedestrian -1 -1 -10 873.0 0.0 907.0 3.0 -1 -1 -1 -1000 -1000 -1000 -10 0.0001684427261352539
Car -1 -1 -10 1210.0 158.0 1242.0 213.0 -1 -1 -1 -1000 -1000 -1000 -10 0.00016736984252929688
Car -1 -1 -10 951.0 159.0 1216.0 230.0 -1 -1 -1 -1000 -1000 -1000 -10 0.0001537799835205078
Car -1 -1 -10 235.0 163.0 397.0 281.0 -1 -1 -1 -1000 -1000 -1000 -10 0.0001493692398071289
Car -1 -1 -10 1060.0 164.0 1219.0 222.0 -1 -1 -1 -1000 -1000 -1000 -10 0.0001462697982788086
Car -1 -1 -10 1036.0 159.0 1226.0 222.0 -1 -1 -1 -1000 -1000 -1000 -10 0.0001461505889892578
Car -1 -1 -10 1225.0 160.0 1242.0 224.0 -1 -1 -1 -1000 -1000 -1000 -10 0.00014495849609375
Car -1 -1 -10 915.0 165.0 986.0 213.0 -1 -1 -1 -1000 -1000 -1000 -10 0.00014317035675048828
Car -1 -1 -10 0.0 203.0 59.0 322.0 -1 -1 -1 -1000 -1000 -1000 -10 0.00014197826385498047
Car -1 -1 -10 1226.0 172.0 1242.0 252.0 -1 -1 -1 -1000 -1000 -1000 -10 0.0001392364501953125
Car -1 -1 -10 659.0 158.0 688.0 184.0 -1 -1 -1 -1000 -1000 -1000 -10 0.0001379251480102539
Car -1 -1 -10 1047.0 161.0 1242.0 254.0 -1 -1 -1 -1000 -1000 -1000 -10 0.00013780593872070312
Car -1 -1 -10 172.0 221.0 267.0 264.0 -1 -1 -1 -1000 -1000 -1000 -10 0.00013625621795654297
Car -1 -1 -10 1187.0 169.0 1242.0 272.0 -1 -1 -1 -1000 -1000 -1000 -10 0.00013148784637451172
Car -1 -1 -10 1218.0 155.0 1242.0 223.0 -1 -1 -1 -1000 -1000 -1000 -10 0.00013148784637451172
Pedestrian -1 -1 -10 867.0 0.0 913.0 3.0 -1 -1 -1 -1000 -1000 -1000 -10 0.00013005733489990234
Car -1 -1 -10 0.0 264.0 23.0 375.0 -1 -1 -1 -1000 -1000 -1000 -10 0.00012922286987304688
Car -1 -1 -10 614.0 168.0 668.0 207.0 -1 -1 -1 -1000 -1000 -1000 -10 0.0001291036605834961
Car -1 -1 -10 0.0 260.0 90.0 375.0 -1 -1 -1 -1000 -1000 -1000 -10 0.00012683868408203125
Car -1 -1 -10 655.0 158.0 697.0 196.0 -1 -1 -1 -1000 -1000 -1000 -10 0.00012505054473876953
Car -1 -1 -10 156.0 218.0 270.0 265.0 -1 -1 -1 -1000 -1000 -1000 -10 0.0001233816146850586
Car -1 -1 -10 175.0 215.0 282.0 275.0 -1 -1 -1 -1000 -1000 -1000 -10 0.00011932849884033203
Car -1 -1 -10 954.0 350.0 1242.0 375.0 -1 -1 -1 -1000 -1000 -1000 -10 0.00011831521987915039
Car -1 -1 -10 370.0 101.0 402.0 125.0 -1 -1 -1 -1000 -1000 -1000 -10 0.000110626220703125
Car -1 -1 -10 1226.0 166.0 1242.0 218.0 -1 -1 -1 -1000 -1000 -1000 -10 0.00011026859283447266
Car -1 -1 -10 981.0 162.0 1206.0 226.0 -1 -1 -1 -1000 -1000 -1000 -10 0.00010889768600463867
Car -1 -1 -10 0.0 205.0 20.0 318.0 -1 -1 -1 -1000 -1000 -1000 -10 0.00010848045349121094
Car -1 -1 -10 3.0 202.0 66.0 339.0 -1 -1 -1 -1000 -1000 -1000 -10 0.00010794401168823242
Car -1 -1 -10 1220.0 178.0 1242.0 288.0 -1 -1 -1 -1000 -1000 -1000 -10 0.00010734796524047852
Car -1 -1 -10 1144.0 174.0 1242.0 232.0 -1 -1 -1 -1000 -1000 -1000 -10 0.00010436773300170898
Pedestrian -1 -1 -10 856.0 0.0 912.0 3.0 -1 -1 -1 -1000 -1000 -1000 -10 0.00010406970977783203
Car -1 -1 -10 1.0 303.0 130.0 375.0 -1 -1 -1 -1000 -1000 -1000 -10 0.00010347366333007812
Car -1 -1 -10 1194.0 172.0 1241.0 236.0 -1 -1 -1 -1000 -1000 -1000 -10 0.0001016855239868164
Car -1 -1 -10 1195.0 166.0 1241.0 223.0 -1 -1 -1 -1000 -1000 -1000 -10 0.00010085105895996094
Car -1 -1 -10 606.0 168.0 660.0 209.0 -1 -1 -1 -1000 -1000 -1000 -10 0.00010061264038085938
