Car -1 -1 -10 201.0 178.0 328.0 231.0 -1 -1 -1 -1000 -1000 -1000 -10 0.96142578125
Car -1 -1 -10 694.0 172.0 732.0 203.0 -1 -1 -1 -1000 -1000 -1000 -10 0.95556640625
Car -1 -1 -10 881.0 163.0 932.0 182.0 -1 -1 -1 -1000 -1000 -1000 -10 0.91796875
Car -1 -1 -10 1040.0 160.0 1099.0 182.0 -1 -1 -1 -1000 -1000 -1000 -10 0.89111328125
Car -1 -1 -10 808.0 166.0 853.0 182.0 -1 -1 -1 -1000 -1000 -1000 -10 0.86865234375
Pedestrian -1 -1 -10 567.0 171.0 573.0 193.0 -1 -1 -1 -1000 -1000 -1000 -10 0.701171875
Pedestrian -1 -1 -10 566.0 171.0 574.0 193.0 -1 -1 -1 -1000 -1000 -1000 -10 0.6025390625
Pedestrian -1 -1 -10 568.0 169.0 575.0 193.0 -1 -1 -1 -1000 -1000 -1000 -10 0.455810546875
Pedestrian -1 -1 -10 566.0 170.0 572.0 192.0 -1 -1 -1 -1000 -1000 -1000 -10 0.1732177734375
Pedestrian -1 -1 -10 566.0 173.0 572.0 193.0 -1 -1 -1 -1000 -1000 -1000 -10 0.12158203125
Car -1 -1 -10 802.0 167.0 851.0 183.0 -1 -1 -1 -1000 -1000 -1000 -10 0.0290679931640625
Pedestrian -1 -1 -10 572.0 170.0 579.0 193.0 -1 -1 -1 -1000 -1000 -1000 -10 0.0192413330078125
Car -1 -1 -10 968.0 162.0 1019.0 181.0 -1 -1 -1 -1000 -1000 -1000 -10 0.018402099609375
Pedestrian -1 -1 -10 565.0 171.0 575.0 192.0 -1 -1 -1 -1000 -1000 -1000 -10 0.00963592529296875
Car -1 -1 -10 1034.0 162.0 1095.0 182.0 -1 -1 -1 -1000 -1000 -1000 -10 0.00930023193359375
Pedestrian -1 -1 -10 566.0 171.0 577.0 193.0 -1 -1 -1 -1000 -1000 -1000 -10 0.008056640625
Car -1 -1 -10 798.0 167.0 837.0 182.0 -1 -1 -1 -1000 -1000 -1000 -10 0.006931304931640625
Car -1 -1 -10 972.0 161.0 1023.0 180.0 -1 -1 -1 -1000 -1000 -1000 -10 0.006679534912109375
Car -1 -1 -10 1047.0 159.0 1097.0 180.0 -1 -1 -1 -1000 -1000 -1000 -10 0.0033969879150390625
Car -1 -1 -10 809.0 164.0 855.0 180.0 -1 -1 -1 -1000 -1000 -1000 -10 0.00255584716796875
Car -1 -1 -10 696.0 171.0 735.0 200.0 -1 -1 -1 -1000 -1000 -1000 -10 0.002391815185546875
Car -1 -1 -10 964.0 160.0 1018.0 182.0 -1 -1 -1 -1000 -1000 -1000 -10 0.0021877288818359375
Car -1 -1 -10 964.0 164.0 1018.0 183.0 -1 -1 -1 -1000 -1000 -1000 -10 0.001964569091796875
Car -1 -1 -10 1043.0 162.0 1094.0 183.0 -1 -1 -1 -1000 -1000 -1000 -10 0.0018711090087890625
Pedestrian -1 -1 -10 513.0 170.0 519.0 190.0 -1 -1 -1 -1000 -1000 -1000 -10 0.0015897750854492188
Car -1 -1 -10 197.0 173.0 330.0 237.0 -1 -1 -1 -1000 -1000 -1000 -10 0.0015344619750976562
Car -1 -1 -10 1038.0 155.0 1101.0 186.0 -1 -1 -1 -1000 -1000 -1000 -10 0.0014095306396484375
Car -1 -1 -10 888.0 162.0 942.0 182.0 -1 -1 -1 -1000 -1000 -1000 -10 0.001392364501953125
Car -1 -1 -10 792.0 167.0 827.0 181.0 -1 -1 -1 -1000 -1000 -1000 -10 0.0012960433959960938
Pedestrian -1 -1 -10 564.0 173.0 573.0 193.0 -1 -1 -1 -1000 -1000 -1000 -10 0.0012807846069335938
Pedestrian -1 -1 -10 561.0 171.0 573.0 193.0 -1 -1 -1 -1000 -1000 -1000 -10 0.0012159347534179688
Car -1 -1 -10 760.0 165.0 792.0 185.0 -1 -1 -1 -1000 -1000 -1000 -10 0.0011997222900390625
Pedestrian -1 -1 -10 514.0 169.0 521.0 189.0 -1 -1 -1 -1000 -1000 -1000 -10 0.00116729736328125
Car -1 -1 -10 1045.0 158.0 1106.0 180.0 -1 -1 -1 -1000 -1000 -1000 -10 0.00113677978515625
Pedestrian -1 -1 -10 513.0 170.0 520.0 190.0 -1 -1 -1 -1000 -1000 -1000 -10 0.0010709762573242188
Car -1 -1 -10 878.0 157.0 933.0 187.0 -1 -1 -1 -1000 -1000 -1000 -10 0.0009946823120117188
Car -1 -1 -10 756.0 167.0 792.0 187.0 -1 -1 -1 -1000 -1000 -1000 -10 0.000934600830078125
Cyclist -1 -1 -10 757.0 166.0 789.0 189.0 -1 -1 -1 -1000 -1000 -1000 -10 0.0008068084716796875
Car -1 -1 -10 868.0 165.0 924.0 182.0 -1 -1 -1 -1000 -1000 -1000 -10 0.000732421875
Car -1 -1 -10 814.0 168.0 856.0 182.0 -1 -1 -1 -1000 -1000 -1000 -10 0.0007138252258300781
Cyclist -1 -1 -10 756.0 164.0 788.0 185.0 -1 -1 -1 -1000 -1000 -1000 -10 0.0006642341613769531
Pedestrian -1 -1 -10 513.0 167.0 520.0 187.0 -1 -1 -1 -1000 -1000 -1000 -10 0.0006422996520996094
Car -1 -1 -10 879.0 160.0 932.0 190.0 -1 -1 -1 -1000 -1000 -1000 -10 0.0006289482116699219
Car -1 -1 -10 809.0 169.0 855.0 187.0 -1 -1 -1 -1000 -1000 -1000 -10 0.0006098747253417969
Pedestrian -1 -1 -10 572.0 168.0 579.0 189.0 -1 -1 -1 -1000 -1000 -1000 -10 0.0005602836608886719
Car -1 -1 -10 178.0 146.0 353.0 252.0 -1 -1 -1 -1000 -1000 -1000 -10 0.000522613525390625
Car -1 -1 -10 239.0 181.0 287.0 223.0 -1 -1 -1 -1000 -1000 -1000 -10 0.0004496574401855469
Cyclist -1 -1 -10 757.0 167.0 794.0 192.0 -1 -1 -1 -1000 -1000 -1000 -10 0.00043511390686035156
Car -1 -1 -10 750.0 165.0 785.0 183.0 -1 -1 -1 -1000 -1000 -1000 -10 0.00043129920959472656
Car -1 -1 -10 172.0 139.0 358.0 274.0 -1 -1 -1 -1000 -1000 -1000 -10 0.00043082237243652344
Car -1 -1 -10 750.0 166.0 788.0 186.0 -1 -1 -1 -1000 -1000 -1000 -10 0.0004220008850097656
Car -1 -1 -10 1039.0 161.0 1089.0 181.0 -1 -1 -1 -1000 -1000 -1000 -10 0.0003685951232910156
Car -1 -1 -10 827.0 167.0 864.0 181.0 -1 -1 -1 -1000 -1000 -1000 -10 0.0003502368927001953
Car -1 -1 -10 1214.0 198.0 1242.0 367.0 -1 -1 -1 -1000 -1000 -1000 -10 0.00034999847412109375
Car -1 -1 -10 754.0 163.0 794.0 184.0 -1 -1 -1 -1000 -1000 -1000 -10 0.00034332275390625
Car -1 -1 -10 782.0 166.0 823.0 182.0 -1 -1 -1 -1000 -1000 -1000 -10 0.0003223419189453125
Pedestrian -1 -1 -10 559.0 173.0 564.0 192.0 -1 -1 -1 -1000 -1000 -1000 -10 0.0003180503845214844
Car -1 -1 -10 806.0 163.0 856.0 193.0 -1 -1 -1 -1000 -1000 -1000 -10 0.0003070831298828125
Cyclist -1 -1 -10 753.0 164.0 787.0 189.0 -1 -1 -1 -1000 -1000 -1000 -10 0.00026679039001464844
Car -1 -1 -10 979.0 162.0 1025.0 181.0 -1 -1 -1 -1000 -1000 -1000 -10 0.00025916099548339844
Car -1 -1 -10 692.0 171.0 732.0 207.0 -1 -1 -1 -1000 -1000 -1000 -10 0.0002467632293701172
Car -1 -1 -10 1187.0 197.0 1241.0 370.0 -1 -1 -1 -1000 -1000 -1000 -10 0.00023376941680908203
Car -1 -1 -10 805.0 159.0 858.0 189.0 -1 -1 -1 -1000 -1000 -1000 -10 0.0002167224884033203
Car -1 -1 -10 752.0 166.0 784.0 188.0 -1 -1 -1 -1000 -1000 -1000 -10 0.00019359588623046875
Pedestrian -1 -1 -10 512.0 166.0 521.0 188.0 -1 -1 -1 -1000 -1000 -1000 -10 0.00017642974853515625
Car -1 -1 -10 1217.0 179.0 1242.0 347.0 -1 -1 -1 -1000 -1000 -1000 -10 0.0001761913299560547
Pedestrian -1 -1 -10 573.0 174.0 580.0 194.0 -1 -1 -1 -1000 -1000 -1000 -10 0.00017213821411132812
Car -1 -1 -10 880.0 164.0 925.0 182.0 -1 -1 -1 -1000 -1000 -1000 -10 0.00016236305236816406
Pedestrian -1 -1 -10 558.0 173.0 565.0 193.0 -1 -1 -1 -1000 -1000 -1000 -10 0.00016009807586669922
Pedestrian -1 -1 -10 570.0 170.0 580.0 193.0 -1 -1 -1 -1000 -1000 -1000 -10 0.00015282630920410156
Car -1 -1 -10 1212.0 172.0 1241.0 354.0 -1 -1 -1 -1000 -1000 -1000 -10 0.00015056133270263672
Car -1 -1 -10 895.0 164.0 941.0 182.0 -1 -1 -1 -1000 -1000 -1000 -10 0.00014472007751464844
Car -1 -1 -10 822.0 166.0 867.0 182.0 -1 -1 -1 -1000 -1000 -1000 -10 0.00014293193817138672
Car -1 -1 -10 234.0 182.0 282.0 222.0 -1 -1 -1 -1000 -1000 -1000 -10 0.00014293193817138672
Car -1 -1 -10 1210.0 214.0 1242.0 373.0 -1 -1 -1 -1000 -1000 -1000 -10 0.00014007091522216797
Car -1 -1 -10 773.0 167.0 807.0 182.0 -1 -1 -1 -1000 -1000 -1000 -10 0.00013065338134765625
Car -1 -1 -10 943.0 164.0 1001.0 185.0 -1 -1 -1 -1000 -1000 -1000 -10 0.000110626220703125
Car -1 -1 -10 213.0 176.0 328.0 225.0 -1 -1 -1 -1000 -1000 -1000 -10 0.0001068115234375
Car -1 -1 -10 790.0 168.0 824.0 183.0 -1 -1 -1 -1000 -1000 -1000 -10 0.0001061558723449707
Car -1 -1 -10 806.0 164.0 855.0 184.0 -1 -1 -1 -1000 -1000 -1000 -10 0.00010442733764648438
Cyclist -1 -1 -10 757.0 161.0 793.0 187.0 -1 -1 -1 -1000 -1000 -1000 -10 0.0001016855239868164
