Car -1 -1 -10 777.0 179.0 1086.0 372.0 -1 -1 -1 -1000 -1000 -1000 -10 0.9716796875
Car -1 -1 -10 26.0 200.0 431.0 373.0 -1 -1 -1 -1000 -1000 -1000 -10 0.9677734375
Car -1 -1 -10 633.0 128.0 700.0 208.0 -1 -1 -1 -1000 -1000 -1000 -10 0.9619140625
Car -1 -1 -10 319.0 191.0 491.0 306.0 -1 -1 -1 -1000 -1000 -1000 -10 0.96142578125
Car -1 -1 -10 647.0 179.0 704.0 222.0 -1 -1 -1 -1000 -1000 -1000 -10 0.94970703125
Car -1 -1 -10 564.0 180.0 623.0 227.0 -1 -1 -1 -1000 -1000 -1000 -10 0.9462890625
Car -1 -1 -10 98.0 183.0 221.0 227.0 -1 -1 -1 -1000 -1000 -1000 -10 0.943359375
Car -1 -1 -10 180.0 190.0 362.0 278.0 -1 -1 -1 -1000 -1000 -1000 -10 0.92041015625
Car -1 -1 -10 523.0 179.0 563.0 209.0 -1 -1 -1 -1000 -1000 -1000 -10 0.9189453125
Car -1 -1 -10 581.0 176.0 615.0 207.0 -1 -1 -1 -1000 -1000 -1000 -10 0.90234375
Car -1 -1 -10 460.0 175.0 525.0 201.0 -1 -1 -1 -1000 -1000 -1000 -10 0.87939453125
Pedestrian -1 -1 -10 726.0 168.0 739.0 210.0 -1 -1 -1 -1000 -1000 -1000 -10 0.87890625
Car -1 -1 -10 424.0 179.0 496.0 209.0 -1 -1 -1 -1000 -1000 -1000 -10 0.87744140625
Car -1 -1 -10 354.0 181.0 458.0 224.0 -1 -1 -1 -1000 -1000 -1000 -10 0.82861328125
Car -1 -1 -10 294.0 177.0 357.0 207.0 -1 -1 -1 -1000 -1000 -1000 -10 0.64306640625
Car -1 -1 -10 360.0 179.0 469.0 223.0 -1 -1 -1 -1000 -1000 -1000 -10 0.64013671875
Car -1 -1 -10 389.0 178.0 479.0 216.0 -1 -1 -1 -1000 -1000 -1000 -10 0.62841796875
Car -1 -1 -10 372.0 179.0 488.0 218.0 -1 -1 -1 -1000 -1000 -1000 -10 0.44189453125
Car -1 -1 -10 461.0 178.0 516.0 200.0 -1 -1 -1 -1000 -1000 -1000 -10 0.39111328125
Car -1 -1 -10 640.0 145.0 703.0 216.0 -1 -1 -1 -1000 -1000 -1000 -10 0.277587890625
Car -1 -1 -10 397.0 179.0 486.0 214.0 -1 -1 -1 -1000 -1000 -1000 -10 0.1287841796875
Car -1 -1 -10 642.0 177.0 698.0 217.0 -1 -1 -1 -1000 -1000 -1000 -10 0.1278076171875
Car -1 -1 -10 291.0 178.0 363.0 210.0 -1 -1 -1 -1000 -1000 -1000 -10 0.12353515625
Car -1 -1 -10 390.0 177.0 484.0 221.0 -1 -1 -1 -1000 -1000 -1000 -10 0.10968017578125
Car -1 -1 -10 285.0 180.0 365.0 213.0 -1 -1 -1 -1000 -1000 -1000 -10 0.108642578125
Car -1 -1 -10 575.0 179.0 611.0 209.0 -1 -1 -1 -1000 -1000 -1000 -10 0.100341796875
Car -1 -1 -10 411.0 179.0 490.0 214.0 -1 -1 -1 -1000 -1000 -1000 -10 0.09869384765625
Car -1 -1 -10 379.0 175.0 479.0 218.0 -1 -1 -1 -1000 -1000 -1000 -10 0.095703125
Car -1 -1 -10 571.0 179.0 622.0 220.0 -1 -1 -1 -1000 -1000 -1000 -10 0.0712890625
Car -1 -1 -10 567.0 180.0 618.0 223.0 -1 -1 -1 -1000 -1000 -1000 -10 0.06494140625
Pedestrian -1 -1 -10 724.0 168.0 737.0 206.0 -1 -1 -1 -1000 -1000 -1000 -10 0.040985107421875
Car -1 -1 -10 262.0 189.0 366.0 234.0 -1 -1 -1 -1000 -1000 -1000 -10 0.0296630859375
Car -1 -1 -10 567.0 181.0 603.0 211.0 -1 -1 -1 -1000 -1000 -1000 -10 0.028594970703125
Car -1 -1 -10 520.0 177.0 564.0 207.0 -1 -1 -1 -1000 -1000 -1000 -10 0.0257720947265625
Car -1 -1 -10 580.0 173.0 616.0 210.0 -1 -1 -1 -1000 -1000 -1000 -10 0.0247650146484375
Car -1 -1 -10 275.0 185.0 360.0 219.0 -1 -1 -1 -1000 -1000 -1000 -10 0.0244140625
Car -1 -1 -10 348.0 182.0 443.0 222.0 -1 -1 -1 -1000 -1000 -1000 -10 0.02099609375
Car -1 -1 -10 640.0 157.0 705.0 220.0 -1 -1 -1 -1000 -1000 -1000 -10 0.017486572265625
Car -1 -1 -10 173.0 185.0 376.0 297.0 -1 -1 -1 -1000 -1000 -1000 -10 0.0161895751953125
Car -1 -1 -10 635.0 135.0 695.0 212.0 -1 -1 -1 -1000 -1000 -1000 -10 0.01236724853515625
Car -1 -1 -10 194.0 191.0 344.0 277.0 -1 -1 -1 -1000 -1000 -1000 -10 0.01151275634765625
Car -1 -1 -10 232.0 189.0 366.0 255.0 -1 -1 -1 -1000 -1000 -1000 -10 0.01148223876953125
Car -1 -1 -10 281.0 183.0 362.0 212.0 -1 -1 -1 -1000 -1000 -1000 -10 0.01097869873046875
Car -1 -1 -10 586.0 175.0 617.0 207.0 -1 -1 -1 -1000 -1000 -1000 -10 0.01049041748046875
Car -1 -1 -10 176.0 192.0 336.0 284.0 -1 -1 -1 -1000 -1000 -1000 -10 0.01039886474609375
Car -1 -1 -10 245.0 190.0 365.0 244.0 -1 -1 -1 -1000 -1000 -1000 -10 0.0093231201171875
Car -1 -1 -10 270.0 183.0 364.0 221.0 -1 -1 -1 -1000 -1000 -1000 -10 0.0092620849609375
Pedestrian -1 -1 -10 724.0 169.0 735.0 208.0 -1 -1 -1 -1000 -1000 -1000 -10 0.0092620849609375
Car -1 -1 -10 365.0 181.0 446.0 222.0 -1 -1 -1 -1000 -1000 -1000 -10 0.009246826171875
Car -1 -1 -10 440.0 176.0 503.0 203.0 -1 -1 -1 -1000 -1000 -1000 -10 0.00887298583984375
Pedestrian -1 -1 -10 730.0 169.0 741.0 212.0 -1 -1 -1 -1000 -1000 -1000 -10 0.006786346435546875
Car -1 -1 -10 422.0 182.0 498.0 215.0 -1 -1 -1 -1000 -1000 -1000 -10 0.004730224609375
Car -1 -1 -10 210.0 192.0 370.0 270.0 -1 -1 -1 -1000 -1000 -1000 -10 0.0046234130859375
Car -1 -1 -10 358.0 183.0 470.0 227.0 -1 -1 -1 -1000 -1000 -1000 -10 0.00446319580078125
Car -1 -1 -10 358.0 177.0 459.0 218.0 -1 -1 -1 -1000 -1000 -1000 -10 0.0044403076171875
Car -1 -1 -10 378.0 183.0 479.0 226.0 -1 -1 -1 -1000 -1000 -1000 -10 0.003864288330078125
Car -1 -1 -10 300.0 191.0 418.0 237.0 -1 -1 -1 -1000 -1000 -1000 -10 0.00373077392578125
Car -1 -1 -10 0.0 209.0 31.0 360.0 -1 -1 -1 -1000 -1000 -1000 -10 0.0036106109619140625
Car -1 -1 -10 0.0 209.0 44.0 365.0 -1 -1 -1 -1000 -1000 -1000 -10 0.0032520294189453125
Car -1 -1 -10 341.0 184.0 452.0 227.0 -1 -1 -1 -1000 -1000 -1000 -10 0.0031948089599609375
Car -1 -1 -10 513.0 175.0 567.0 207.0 -1 -1 -1 -1000 -1000 -1000 -10 0.0030879974365234375
Car -1 -1 -10 302.0 178.0 353.0 205.0 -1 -1 -1 -1000 -1000 -1000 -10 0.00284576416015625
Pedestrian -1 -1 -10 1217.0 188.0 1242.0 375.0 -1 -1 -1 -1000 -1000 -1000 -10 0.0027618408203125
Car -1 -1 -10 254.0 187.0 376.0 237.0 -1 -1 -1 -1000 -1000 -1000 -10 0.002490997314453125
Car -1 -1 -10 0.0 216.0 36.0 371.0 -1 -1 -1 -1000 -1000 -1000 -10 0.0023441314697265625
Car -1 -1 -10 354.0 177.0 478.0 251.0 -1 -1 -1 -1000 -1000 -1000 -10 0.0022945404052734375
Car -1 -1 -10 437.0 180.0 488.0 208.0 -1 -1 -1 -1000 -1000 -1000 -10 0.0022449493408203125
Car -1 -1 -10 478.0 172.0 536.0 197.0 -1 -1 -1 -1000 -1000 -1000 -10 0.0021114349365234375
Car -1 -1 -10 318.0 153.0 517.0 290.0 -1 -1 -1 -1000 -1000 -1000 -10 0.0018825531005859375
Car -1 -1 -10 515.0 175.0 557.0 199.0 -1 -1 -1 -1000 -1000 -1000 -10 0.0018634796142578125
Car -1 -1 -10 377.0 179.0 456.0 219.0 -1 -1 -1 -1000 -1000 -1000 -10 0.0017786026000976562
Pedestrian -1 -1 -10 724.0 167.0 733.0 209.0 -1 -1 -1 -1000 -1000 -1000 -10 0.001712799072265625
Car -1 -1 -10 262.0 184.0 358.0 230.0 -1 -1 -1 -1000 -1000 -1000 -10 0.0016756057739257812
Car -1 -1 -10 92.0 172.0 224.0 237.0 -1 -1 -1 -1000 -1000 -1000 -10 0.0015697479248046875
Car -1 -1 -10 391.0 184.0 485.0 224.0 -1 -1 -1 -1000 -1000 -1000 -10 0.0015106201171875
Car -1 -1 -10 467.0 175.0 518.0 198.0 -1 -1 -1 -1000 -1000 -1000 -10 0.0015010833740234375
Car -1 -1 -10 279.0 190.0 402.0 244.0 -1 -1 -1 -1000 -1000 -1000 -10 0.0014791488647460938
Car -1 -1 -10 361.0 185.0 440.0 225.0 -1 -1 -1 -1000 -1000 -1000 -10 0.0013523101806640625
Car -1 -1 -10 300.0 176.0 363.0 206.0 -1 -1 -1 -1000 -1000 -1000 -10 0.0013265609741210938
Pedestrian -1 -1 -10 723.0 167.0 741.0 211.0 -1 -1 -1 -1000 -1000 -1000 -10 0.0012617111206054688
Car -1 -1 -10 411.0 168.0 505.0 234.0 -1 -1 -1 -1000 -1000 -1000 -10 0.0012540817260742188
Car -1 -1 -10 459.0 182.0 509.0 205.0 -1 -1 -1 -1000 -1000 -1000 -10 0.001194000244140625
Car -1 -1 -10 638.0 173.0 684.0 209.0 -1 -1 -1 -1000 -1000 -1000 -10 0.0011844635009765625
Car -1 -1 -10 0.0 203.0 22.0 331.0 -1 -1 -1 -1000 -1000 -1000 -10 0.0011806488037109375
Car -1 -1 -10 415.0 176.0 493.0 207.0 -1 -1 -1 -1000 -1000 -1000 -10 0.00116729736328125
Pedestrian -1 -1 -10 1219.0 207.0 1242.0 375.0 -1 -1 -1 -1000 -1000 -1000 -10 0.0011110305786132812
Car -1 -1 -10 439.0 178.0 490.0 206.0 -1 -1 -1 -1000 -1000 -1000 -10 0.0010738372802734375
Pedestrian -1 -1 -10 1206.0 183.0 1242.0 375.0 -1 -1 -1 -1000 -1000 -1000 -10 0.0010318756103515625
Car -1 -1 -10 641.0 180.0 686.0 213.0 -1 -1 -1 -1000 -1000 -1000 -10 0.00101470947265625
Car -1 -1 -10 471.0 174.0 536.0 199.0 -1 -1 -1 -1000 -1000 -1000 -10 0.0009226799011230469
Car -1 -1 -10 566.0 178.0 611.0 218.0 -1 -1 -1 -1000 -1000 -1000 -10 0.0009217262268066406
Car -1 -1 -10 0.0 213.0 30.0 340.0 -1 -1 -1 -1000 -1000 -1000 -10 0.0009150505065917969
Pedestrian -1 -1 -10 723.0 167.0 734.0 209.0 -1 -1 -1 -1000 -1000 -1000 -10 0.000885009765625
Car -1 -1 -10 586.0 170.0 621.0 212.0 -1 -1 -1 -1000 -1000 -1000 -10 0.0008115768432617188
Car -1 -1 -10 561.0 168.0 628.0 234.0 -1 -1 -1 -1000 -1000 -1000 -10 0.0007686614990234375
Car -1 -1 -10 422.0 175.0 497.0 212.0 -1 -1 -1 -1000 -1000 -1000 -10 0.000705718994140625
Pedestrian -1 -1 -10 1215.0 161.0 1242.0 373.0 -1 -1 -1 -1000 -1000 -1000 -10 0.0006999969482421875
Car -1 -1 -10 0.0 217.0 59.0 365.0 -1 -1 -1 -1000 -1000 -1000 -10 0.000698089599609375
Car -1 -1 -10 0.0 203.0 13.0 306.0 -1 -1 -1 -1000 -1000 -1000 -10 0.0006279945373535156
Car -1 -1 -10 456.0 172.0 528.0 208.0 -1 -1 -1 -1000 -1000 -1000 -10 0.0006232261657714844
Car -1 -1 -10 564.0 182.0 604.0 214.0 -1 -1 -1 -1000 -1000 -1000 -10 0.000621795654296875
Car -1 -1 -10 293.0 193.0 424.0 242.0 -1 -1 -1 -1000 -1000 -1000 -10 0.0006132125854492188
Pedestrian -1 -1 -10 734.0 174.0 745.0 214.0 -1 -1 -1 -1000 -1000 -1000 -10 0.0005564689636230469
Car -1 -1 -10 1.0 213.0 46.0 343.0 -1 -1 -1 -1000 -1000 -1000 -10 0.0005240440368652344
Car -1 -1 -10 61.0 138.0 250.0 276.0 -1 -1 -1 -1000 -1000 -1000 -10 0.000518798828125
Car -1 -1 -10 620.0 122.0 736.0 226.0 -1 -1 -1 -1000 -1000 -1000 -10 0.0005154609680175781
Car -1 -1 -10 301.0 193.0 456.0 274.0 -1 -1 -1 -1000 -1000 -1000 -10 0.0005049705505371094
Car -1 -1 -10 0.0 220.0 49.0 356.0 -1 -1 -1 -1000 -1000 -1000 -10 0.0005040168762207031
Car -1 -1 -10 1142.0 217.0 1242.0 375.0 -1 -1 -1 -1000 -1000 -1000 -10 0.000492095947265625
Car -1 -1 -10 73.0 145.0 244.0 252.0 -1 -1 -1 -1000 -1000 -1000 -10 0.0004906654357910156
Car -1 -1 -10 126.0 183.0 224.0 226.0 -1 -1 -1 -1000 -1000 -1000 -10 0.00047206878662109375
Car -1 -1 -10 457.0 181.0 522.0 205.0 -1 -1 -1 -1000 -1000 -1000 -10 0.0004687309265136719
Car -1 -1 -10 0.0 180.0 11.0 223.0 -1 -1 -1 -1000 -1000 -1000 -10 0.00045037269592285156
Car -1 -1 -10 521.0 140.0 677.0 249.0 -1 -1 -1 -1000 -1000 -1000 -10 0.00044918060302734375
Car -1 -1 -10 0.0 206.0 25.0 325.0 -1 -1 -1 -1000 -1000 -1000 -10 0.00043201446533203125
Car -1 -1 -10 1192.0 159.0 1242.0 375.0 -1 -1 -1 -1000 -1000 -1000 -10 0.0004146099090576172
Pedestrian -1 -1 -10 725.0 172.0 739.0 213.0 -1 -1 -1 -1000 -1000 -1000 -10 0.00041365623474121094
Car -1 -1 -10 0.0 197.0 38.0 338.0 -1 -1 -1 -1000 -1000 -1000 -10 0.00041103363037109375
Car -1 -1 -10 159.0 192.0 322.0 280.0 -1 -1 -1 -1000 -1000 -1000 -10 0.0004086494445800781
Car -1 -1 -10 598.0 120.0 712.0 221.0 -1 -1 -1 -1000 -1000 -1000 -10 0.00040721893310546875
Car -1 -1 -10 0.0 210.0 14.0 318.0 -1 -1 -1 -1000 -1000 -1000 -10 0.0003693103790283203
Car -1 -1 -10 598.0 161.0 634.0 194.0 -1 -1 -1 -1000 -1000 -1000 -10 0.00035762786865234375
Car -1 -1 -10 295.0 191.0 461.0 287.0 -1 -1 -1 -1000 -1000 -1000 -10 0.0003540515899658203
Car -1 -1 -10 289.0 180.0 360.0 219.0 -1 -1 -1 -1000 -1000 -1000 -10 0.0003540515899658203
Car -1 -1 -10 346.0 171.0 461.0 231.0 -1 -1 -1 -1000 -1000 -1000 -10 0.0003535747528076172
Car -1 -1 -10 97.0 191.0 223.0 237.0 -1 -1 -1 -1000 -1000 -1000 -10 0.0003509521484375
Car -1 -1 -10 416.0 160.0 504.0 221.0 -1 -1 -1 -1000 -1000 -1000 -10 0.00034046173095703125
Car -1 -1 -10 395.0 174.0 483.0 210.0 -1 -1 -1 -1000 -1000 -1000 -10 0.00033736228942871094
Car -1 -1 -10 0.0 177.0 13.0 221.0 -1 -1 -1 -1000 -1000 -1000 -10 0.0003287792205810547
Car -1 -1 -10 0.0 196.0 11.0 286.0 -1 -1 -1 -1000 -1000 -1000 -10 0.0003209114074707031
Car -1 -1 -10 0.0 186.0 10.0 255.0 -1 -1 -1 -1000 -1000 -1000 -10 0.0003209114074707031
Car -1 -1 -10 371.0 140.0 551.0 276.0 -1 -1 -1 -1000 -1000 -1000 -10 0.0003185272216796875
Car -1 -1 -10 0.0 181.0 13.0 222.0 -1 -1 -1 -1000 -1000 -1000 -10 0.0003173351287841797
Car -1 -1 -10 284.0 180.0 414.0 250.0 -1 -1 -1 -1000 -1000 -1000 -10 0.0003147125244140625
Car -1 -1 -10 0.0 195.0 14.0 285.0 -1 -1 -1 -1000 -1000 -1000 -10 0.0003104209899902344
Car -1 -1 -10 416.0 178.0 498.0 220.0 -1 -1 -1 -1000 -1000 -1000 -10 0.00030732154846191406
Car -1 -1 -10 508.0 133.0 685.0 273.0 -1 -1 -1 -1000 -1000 -1000 -10 0.0003066062927246094
Car -1 -1 -10 306.0 189.0 408.0 230.0 -1 -1 -1 -1000 -1000 -1000 -10 0.0003046989440917969
Car -1 -1 -10 0.0 184.0 15.0 239.0 -1 -1 -1 -1000 -1000 -1000 -10 0.0003039836883544922
Pedestrian -1 -1 -10 1204.0 215.0 1242.0 375.0 -1 -1 -1 -1000 -1000 -1000 -10 0.000301361083984375
Car -1 -1 -10 159.0 191.0 350.0 272.0 -1 -1 -1 -1000 -1000 -1000 -10 0.0003001689910888672
Car -1 -1 -10 0.0 178.0 9.0 212.0 -1 -1 -1 -1000 -1000 -1000 -10 0.00029468536376953125
Car -1 -1 -10 586.0 131.0 732.0 255.0 -1 -1 -1 -1000 -1000 -1000 -10 0.00028896331787109375
Car -1 -1 -10 378.0 165.0 485.0 231.0 -1 -1 -1 -1000 -1000 -1000 -10 0.0002856254577636719
Car -1 -1 -10 381.0 183.0 432.0 216.0 -1 -1 -1 -1000 -1000 -1000 -10 0.0002837181091308594
Car -1 -1 -10 0.0 214.0 18.0 337.0 -1 -1 -1 -1000 -1000 -1000 -10 0.0002799034118652344
Car -1 -1 -10 288.0 186.0 472.0 312.0 -1 -1 -1 -1000 -1000 -1000 -10 0.00026607513427734375
Car -1 -1 -10 136.0 188.0 183.0 221.0 -1 -1 -1 -1000 -1000 -1000 -10 0.0002532005310058594
Car -1 -1 -10 530.0 175.0 566.0 203.0 -1 -1 -1 -1000 -1000 -1000 -10 0.00024771690368652344
Pedestrian -1 -1 -10 711.0 168.0 721.0 207.0 -1 -1 -1 -1000 -1000 -1000 -10 0.0002422332763671875
Car -1 -1 -10 0.0 181.0 10.0 237.0 -1 -1 -1 -1000 -1000 -1000 -10 0.00024199485778808594
Car -1 -1 -10 380.0 173.0 476.0 211.0 -1 -1 -1 -1000 -1000 -1000 -10 0.0002353191375732422
Car -1 -1 -10 460.0 169.0 524.0 195.0 -1 -1 -1 -1000 -1000 -1000 -10 0.00023365020751953125
Car -1 -1 -10 483.0 140.0 661.0 272.0 -1 -1 -1 -1000 -1000 -1000 -10 0.00023233890533447266
Car -1 -1 -10 604.0 153.0 631.0 188.0 -1 -1 -1 -1000 -1000 -1000 -10 0.00022339820861816406
Car -1 -1 -10 525.0 181.0 566.0 207.0 -1 -1 -1 -1000 -1000 -1000 -10 0.00022113323211669922
Car -1 -1 -10 0.0 205.0 23.0 305.0 -1 -1 -1 -1000 -1000 -1000 -10 0.0002187490463256836
Car -1 -1 -10 378.0 119.0 550.0 246.0 -1 -1 -1 -1000 -1000 -1000 -10 0.000217437744140625
Pedestrian -1 -1 -10 710.0 169.0 723.0 206.0 -1 -1 -1 -1000 -1000 -1000 -10 0.00021588802337646484
Car -1 -1 -10 1193.0 195.0 1242.0 374.0 -1 -1 -1 -1000 -1000 -1000 -10 0.00021326541900634766
Car -1 -1 -10 0.0 191.0 10.0 272.0 -1 -1 -1 -1000 -1000 -1000 -10 0.00019609928131103516
Car -1 -1 -10 376.0 183.0 426.0 215.0 -1 -1 -1 -1000 -1000 -1000 -10 0.00019407272338867188
Car -1 -1 -10 1069.0 228.0 1237.0 375.0 -1 -1 -1 -1000 -1000 -1000 -10 0.00019359588623046875
Car -1 -1 -10 1166.0 156.0 1242.0 373.0 -1 -1 -1 -1000 -1000 -1000 -10 0.0001926422119140625
Car -1 -1 -10 205.0 188.0 362.0 256.0 -1 -1 -1 -1000 -1000 -1000 -10 0.00019240379333496094
Car -1 -1 -10 447.0 177.0 498.0 202.0 -1 -1 -1 -1000 -1000 -1000 -10 0.00019037723541259766
Car -1 -1 -10 236.0 192.0 387.0 263.0 -1 -1 -1 -1000 -1000 -1000 -10 0.00018906593322753906
Pedestrian -1 -1 -10 1201.0 153.0 1242.0 375.0 -1 -1 -1 -1000 -1000 -1000 -10 0.00018417835235595703
Car -1 -1 -10 504.0 166.0 569.0 227.0 -1 -1 -1 -1000 -1000 -1000 -10 0.0001838207244873047
Car -1 -1 -10 337.0 130.0 522.0 252.0 -1 -1 -1 -1000 -1000 -1000 -10 0.00018084049224853516
Car -1 -1 -10 178.0 203.0 304.0 284.0 -1 -1 -1 -1000 -1000 -1000 -10 0.00017273426055908203
Car -1 -1 -10 0.0 188.0 13.0 252.0 -1 -1 -1 -1000 -1000 -1000 -10 0.0001722574234008789
Car -1 -1 -10 0.0 186.0 10.0 230.0 -1 -1 -1 -1000 -1000 -1000 -10 0.00017070770263671875
Car -1 -1 -10 1197.0 86.0 1242.0 356.0 -1 -1 -1 -1000 -1000 -1000 -10 0.00016820430755615234
Car -1 -1 -10 0.0 195.0 9.0 245.0 -1 -1 -1 -1000 -1000 -1000 -10 0.00016486644744873047
Car -1 -1 -10 0.0 228.0 34.0 342.0 -1 -1 -1 -1000 -1000 -1000 -10 0.00016367435455322266
Car -1 -1 -10 276.0 199.0 413.0 256.0 -1 -1 -1 -1000 -1000 -1000 -10 0.00016319751739501953
Car -1 -1 -10 1225.0 134.0 1241.0 317.0 -1 -1 -1 -1000 -1000 -1000 -10 0.00016236305236816406
Car -1 -1 -10 375.0 184.0 453.0 226.0 -1 -1 -1 -1000 -1000 -1000 -10 0.00015723705291748047
Car -1 -1 -10 102.0 211.0 332.0 362.0 -1 -1 -1 -1000 -1000 -1000 -10 0.00015652179718017578
Car -1 -1 -10 612.0 125.0 741.0 248.0 -1 -1 -1 -1000 -1000 -1000 -10 0.00014960765838623047
Car -1 -1 -10 499.0 172.0 547.0 194.0 -1 -1 -1 -1000 -1000 -1000 -10 0.00014829635620117188
Car -1 -1 -10 600.0 150.0 632.0 191.0 -1 -1 -1 -1000 -1000 -1000 -10 0.00014102458953857422
Car -1 -1 -10 245.0 193.0 381.0 256.0 -1 -1 -1 -1000 -1000 -1000 -10 0.00014066696166992188
Car -1 -1 -10 270.0 162.0 363.0 230.0 -1 -1 -1 -1000 -1000 -1000 -10 0.0001398324966430664
Car -1 -1 -10 275.0 189.0 355.0 232.0 -1 -1 -1 -1000 -1000 -1000 -10 0.00013518333435058594
Pedestrian -1 -1 -10 261.0 0.0 286.0 7.0 -1 -1 -1 -1000 -1000 -1000 -10 0.00013387203216552734
Car -1 -1 -10 424.0 138.0 616.0 270.0 -1 -1 -1 -1000 -1000 -1000 -10 0.00013208389282226562
Car -1 -1 -10 1092.0 212.0 1242.0 375.0 -1 -1 -1 -1000 -1000 -1000 -10 0.00013148784637451172
Pedestrian -1 -1 -10 732.0 166.0 747.0 207.0 -1 -1 -1 -1000 -1000 -1000 -10 0.00013113021850585938
Car -1 -1 -10 0.0 177.0 12.0 212.0 -1 -1 -1 -1000 -1000 -1000 -10 0.00012862682342529297
Pedestrian -1 -1 -10 726.0 159.0 737.0 205.0 -1 -1 -1 -1000 -1000 -1000 -10 0.00012791156768798828
Car -1 -1 -10 0.0 221.0 82.0 373.0 -1 -1 -1 -1000 -1000 -1000 -10 0.00012755393981933594
Pedestrian -1 -1 -10 271.0 0.0 294.0 7.0 -1 -1 -1 -1000 -1000 -1000 -10 0.00012743473052978516
Car -1 -1 -10 181.0 191.0 335.0 253.0 -1 -1 -1 -1000 -1000 -1000 -10 0.00012683868408203125
Car -1 -1 -10 430.0 180.0 481.0 208.0 -1 -1 -1 -1000 -1000 -1000 -10 0.00012552738189697266
Car -1 -1 -10 125.0 204.0 386.0 368.0 -1 -1 -1 -1000 -1000 -1000 -10 0.00012421607971191406
Car -1 -1 -10 131.0 186.0 177.0 217.0 -1 -1 -1 -1000 -1000 -1000 -10 0.00012385845184326172
Car -1 -1 -10 0.0 182.0 12.0 235.0 -1 -1 -1 -1000 -1000 -1000 -10 0.00012189149856567383
Car -1 -1 -10 308.0 136.0 494.0 254.0 -1 -1 -1 -1000 -1000 -1000 -10 0.00012105703353881836
Pedestrian -1 -1 -10 1223.0 144.0 1242.0 331.0 -1 -1 -1 -1000 -1000 -1000 -10 0.00011706352233886719
Car -1 -1 -10 1187.0 76.0 1241.0 369.0 -1 -1 -1 -1000 -1000 -1000 -10 0.0001170039176940918
Car -1 -1 -10 406.0 180.0 456.0 214.0 -1 -1 -1 -1000 -1000 -1000 -10 0.00011658668518066406
Pedestrian -1 -1 -10 1226.0 228.0 1242.0 362.0 -1 -1 -1 -1000 -1000 -1000 -10 0.00011402368545532227
Pedestrian -1 -1 -10 792.0 183.0 810.0 239.0 -1 -1 -1 -1000 -1000 -1000 -10 0.00011283159255981445
Car -1 -1 -10 389.0 181.0 439.0 216.0 -1 -1 -1 -1000 -1000 -1000 -10 0.00011217594146728516
Car -1 -1 -10 270.0 194.0 410.0 248.0 -1 -1 -1 -1000 -1000 -1000 -10 0.00011199712753295898
Car -1 -1 -10 0.0 234.0 53.0 372.0 -1 -1 -1 -1000 -1000 -1000 -10 0.00011014938354492188
Car -1 -1 -10 499.0 175.0 548.0 197.0 -1 -1 -1 -1000 -1000 -1000 -10 0.00010657310485839844
Car -1 -1 -10 1192.0 60.0 1242.0 339.0 -1 -1 -1 -1000 -1000 -1000 -10 0.00010603666305541992
Car -1 -1 -10 1215.0 108.0 1241.0 344.0 -1 -1 -1 -1000 -1000 -1000 -10 0.00010597705841064453
Car -1 -1 -10 1223.0 122.0 1241.0 286.0 -1 -1 -1 -1000 -1000 -1000 -10 0.00010573863983154297
Car -1 -1 -10 215.0 128.0 401.0 252.0 -1 -1 -1 -1000 -1000 -1000 -10 0.00010138750076293945
