Pedestrian -1 -1 -10 364.0 135.0 440.0 300.0 -1 -1 -1 -1000 -1000 -1000 -10 0.91259765625
Pedestrian -1 -1 -10 361.0 141.0 432.0 288.0 -1 -1 -1 -1000 -1000 -1000 -10 0.01123809814453125
Pedestrian -1 -1 -10 369.0 154.0 443.0 299.0 -1 -1 -1 -1000 -1000 -1000 -10 0.006816864013671875
Pedestrian -1 -1 -10 338.0 133.0 456.0 301.0 -1 -1 -1 -1000 -1000 -1000 -10 0.0025177001953125
Pedestrian -1 -1 -10 370.0 141.0 438.0 286.0 -1 -1 -1 -1000 -1000 -1000 -10 0.0002932548522949219
Car -1 -1 -10 685.0 53.0 708.0 68.0 -1 -1 -1 -1000 -1000 -1000 -10 0.00012564659118652344
Pedestrian -1 -1 -10 353.0 134.0 480.0 306.0 -1 -1 -1 -1000 -1000 -1000 -10 0.00012314319610595703
Pedestrian -1 -1 -10 350.0 140.0 420.0 292.0 -1 -1 -1 -1000 -1000 -1000 -10 0.00012183189392089844
Pedestrian -1 -1 -10 0.0 163.0 13.0 309.0 -1 -1 -1 -1000 -1000 -1000 -10 0.0001074671745300293
Pedestrian -1 -1 -10 0.0 170.0 10.0 270.0 -1 -1 -1 -1000 -1000 -1000 -10 0.00010538101196289062
