Car -1 -1 -10 878.0 87.0 1239.0 373.0 -1 -1 -1 -1000 -1000 -1000 -10 0.97021484375
Car -1 -1 -10 23.0 172.0 321.0 372.0 -1 -1 -1 -1000 -1000 -1000 -10 0.96923828125
Car -1 -1 -10 734.0 188.0 853.0 261.0 -1 -1 -1 -1000 -1000 -1000 -10 0.9638671875
Car -1 -1 -10 178.0 185.0 418.0 299.0 -1 -1 -1 -1000 -1000 -1000 -10 0.95654296875
Car -1 -1 -10 700.0 174.0 778.0 231.0 -1 -1 -1 -1000 -1000 -1000 -10 0.9501953125
Car -1 -1 -10 0.0 155.0 114.0 273.0 -1 -1 -1 -1000 -1000 -1000 -10 0.94189453125
Car -1 -1 -10 590.0 185.0 655.0 238.0 -1 -1 -1 -1000 -1000 -1000 -10 0.9404296875
Car -1 -1 -10 413.0 179.0 526.0 235.0 -1 -1 -1 -1000 -1000 -1000 -10 0.935546875
Car -1 -1 -10 783.0 162.0 878.0 198.0 -1 -1 -1 -1000 -1000 -1000 -10 0.93408203125
Car -1 -1 -10 275.0 186.0 480.0 269.0 -1 -1 -1 -1000 -1000 -1000 -10 0.92919921875
Car -1 -1 -10 489.0 178.0 564.0 208.0 -1 -1 -1 -1000 -1000 -1000 -10 0.92236328125
Car -1 -1 -10 598.0 178.0 637.0 212.0 -1 -1 -1 -1000 -1000 -1000 -10 0.8798828125
Car -1 -1 -10 153.0 172.0 262.0 213.0 -1 -1 -1 -1000 -1000 -1000 -10 0.876953125
Pedestrian -1 -1 -10 685.0 177.0 706.0 226.0 -1 -1 -1 -1000 -1000 -1000 -10 0.80224609375
Car -1 -1 -10 595.0 179.0 639.0 218.0 -1 -1 -1 -1000 -1000 -1000 -10 0.619140625
Pedestrian -1 -1 -10 682.0 174.0 706.0 215.0 -1 -1 -1 -1000 -1000 -1000 -10 0.39599609375
Car -1 -1 -10 594.0 181.0 644.0 229.0 -1 -1 -1 -1000 -1000 -1000 -10 0.32666015625
Pedestrian -1 -1 -10 681.0 174.0 703.0 215.0 -1 -1 -1 -1000 -1000 -1000 -10 0.2496337890625
Car -1 -1 -10 548.0 163.0 599.0 188.0 -1 -1 -1 -1000 -1000 -1000 -10 0.2152099609375
Pedestrian -1 -1 -10 679.0 176.0 704.0 213.0 -1 -1 -1 -1000 -1000 -1000 -10 0.1884765625
Car -1 -1 -10 140.0 170.0 255.0 212.0 -1 -1 -1 -1000 -1000 -1000 -10 0.1171875
Car -1 -1 -10 673.0 175.0 703.0 208.0 -1 -1 -1 -1000 -1000 -1000 -10 0.0435791015625
Car -1 -1 -10 603.0 178.0 640.0 211.0 -1 -1 -1 -1000 -1000 -1000 -10 0.0270538330078125
Car -1 -1 -10 163.0 174.0 273.0 216.0 -1 -1 -1 -1000 -1000 -1000 -10 0.02545166015625
Pedestrian -1 -1 -10 674.0 176.0 699.0 209.0 -1 -1 -1 -1000 -1000 -1000 -10 0.01197052001953125
Car -1 -1 -10 547.0 167.0 596.0 190.0 -1 -1 -1 -1000 -1000 -1000 -10 0.01165771484375
Car -1 -1 -10 136.0 174.0 253.0 219.0 -1 -1 -1 -1000 -1000 -1000 -10 0.010162353515625
Car -1 -1 -10 163.0 170.0 267.0 210.0 -1 -1 -1 -1000 -1000 -1000 -10 0.0089111328125
Car -1 -1 -10 0.0 161.0 29.0 265.0 -1 -1 -1 -1000 -1000 -1000 -10 0.00621795654296875
Car -1 -1 -10 0.0 171.0 23.0 261.0 -1 -1 -1 -1000 -1000 -1000 -10 0.005748748779296875
Pedestrian -1 -1 -10 683.0 179.0 704.0 229.0 -1 -1 -1 -1000 -1000 -1000 -10 0.0043792724609375
Car -1 -1 -10 418.0 177.0 525.0 228.0 -1 -1 -1 -1000 -1000 -1000 -10 0.004032135009765625
Car -1 -1 -10 672.0 173.0 697.0 206.0 -1 -1 -1 -1000 -1000 -1000 -10 0.0038299560546875
Car -1 -1 -10 0.0 169.0 14.0 260.0 -1 -1 -1 -1000 -1000 -1000 -10 0.003650665283203125
Pedestrian -1 -1 -10 672.0 173.0 698.0 206.0 -1 -1 -1 -1000 -1000 -1000 -10 0.0033721923828125
Car -1 -1 -10 145.0 165.0 280.0 233.0 -1 -1 -1 -1000 -1000 -1000 -10 0.00327301025390625
Car -1 -1 -10 776.0 165.0 868.0 199.0 -1 -1 -1 -1000 -1000 -1000 -10 0.0027561187744140625
Car -1 -1 -10 140.0 177.0 264.0 222.0 -1 -1 -1 -1000 -1000 -1000 -10 0.0025730133056640625
Car -1 -1 -10 252.0 182.0 479.0 283.0 -1 -1 -1 -1000 -1000 -1000 -10 0.002429962158203125
Car -1 -1 -10 594.0 181.0 634.0 214.0 -1 -1 -1 -1000 -1000 -1000 -10 0.0022430419921875
Car -1 -1 -10 0.0 155.0 52.0 270.0 -1 -1 -1 -1000 -1000 -1000 -10 0.002162933349609375
Car -1 -1 -10 0.0 183.0 24.0 267.0 -1 -1 -1 -1000 -1000 -1000 -10 0.0021076202392578125
Car -1 -1 -10 679.0 175.0 708.0 209.0 -1 -1 -1 -1000 -1000 -1000 -10 0.00202178955078125
Car -1 -1 -10 2.0 158.0 86.0 270.0 -1 -1 -1 -1000 -1000 -1000 -10 0.0018796920776367188
Car -1 -1 -10 602.0 175.0 640.0 214.0 -1 -1 -1 -1000 -1000 -1000 -10 0.0018291473388671875
Car -1 -1 -10 1.0 158.0 27.0 255.0 -1 -1 -1 -1000 -1000 -1000 -10 0.001800537109375
Car -1 -1 -10 531.0 173.0 580.0 193.0 -1 -1 -1 -1000 -1000 -1000 -10 0.00173187255859375
Car -1 -1 -10 127.0 165.0 267.0 236.0 -1 -1 -1 -1000 -1000 -1000 -10 0.001617431640625
Car -1 -1 -10 0.0 179.0 17.0 263.0 -1 -1 -1 -1000 -1000 -1000 -10 0.0015392303466796875
Pedestrian -1 -1 -10 688.0 178.0 710.0 224.0 -1 -1 -1 -1000 -1000 -1000 -10 0.001495361328125
Car -1 -1 -10 432.0 178.0 526.0 224.0 -1 -1 -1 -1000 -1000 -1000 -10 0.00148773193359375
Car -1 -1 -10 611.0 179.0 644.0 212.0 -1 -1 -1 -1000 -1000 -1000 -10 0.0014696121215820312
Car -1 -1 -10 0.0 166.0 16.0 246.0 -1 -1 -1 -1000 -1000 -1000 -10 0.0014410018920898438
Car -1 -1 -10 553.0 166.0 598.0 191.0 -1 -1 -1 -1000 -1000 -1000 -10 0.0014352798461914062
Car -1 -1 -10 129.0 167.0 248.0 209.0 -1 -1 -1 -1000 -1000 -1000 -10 0.0014200210571289062
Car -1 -1 -10 3.0 154.0 76.0 264.0 -1 -1 -1 -1000 -1000 -1000 -10 0.0014095306396484375
Car -1 -1 -10 122.0 141.0 315.0 273.0 -1 -1 -1 -1000 -1000 -1000 -10 0.0013303756713867188
Car -1 -1 -10 531.0 170.0 588.0 194.0 -1 -1 -1 -1000 -1000 -1000 -10 0.00131988525390625
Car -1 -1 -10 397.0 179.0 527.0 245.0 -1 -1 -1 -1000 -1000 -1000 -10 0.001255035400390625
Car -1 -1 -10 0.0 181.0 29.0 269.0 -1 -1 -1 -1000 -1000 -1000 -10 0.0012340545654296875
Car -1 -1 -10 588.0 179.0 625.0 208.0 -1 -1 -1 -1000 -1000 -1000 -10 0.0012187957763671875
Car -1 -1 -10 148.0 159.0 274.0 222.0 -1 -1 -1 -1000 -1000 -1000 -10 0.0011157989501953125
Pedestrian -1 -1 -10 678.0 179.0 695.0 216.0 -1 -1 -1 -1000 -1000 -1000 -10 0.0010328292846679688
Car -1 -1 -10 499.0 179.0 549.0 204.0 -1 -1 -1 -1000 -1000 -1000 -10 0.0010309219360351562
Car -1 -1 -10 0.0 167.0 58.0 272.0 -1 -1 -1 -1000 -1000 -1000 -10 0.0009889602661132812
Car -1 -1 -10 528.0 175.0 578.0 195.0 -1 -1 -1 -1000 -1000 -1000 -10 0.0008707046508789062
Car -1 -1 -10 728.0 180.0 863.0 278.0 -1 -1 -1 -1000 -1000 -1000 -10 0.0008168220520019531
Car -1 -1 -10 306.0 188.0 455.0 264.0 -1 -1 -1 -1000 -1000 -1000 -10 0.0008149147033691406
Car -1 -1 -10 90.0 140.0 292.0 278.0 -1 -1 -1 -1000 -1000 -1000 -10 0.0006690025329589844
Car -1 -1 -10 773.0 157.0 888.0 226.0 -1 -1 -1 -1000 -1000 -1000 -10 0.0006246566772460938
Car -1 -1 -10 671.0 176.0 711.0 211.0 -1 -1 -1 -1000 -1000 -1000 -10 0.0006151199340820312
Car -1 -1 -10 610.0 181.0 648.0 215.0 -1 -1 -1 -1000 -1000 -1000 -10 0.0006041526794433594
Car -1 -1 -10 2.0 169.0 49.0 270.0 -1 -1 -1 -1000 -1000 -1000 -10 0.0005812644958496094
Car -1 -1 -10 0.0 162.0 77.0 278.0 -1 -1 -1 -1000 -1000 -1000 -10 0.0005612373352050781
Car -1 -1 -10 124.0 176.0 248.0 223.0 -1 -1 -1 -1000 -1000 -1000 -10 0.0005412101745605469
Car -1 -1 -10 0.0 187.0 14.0 270.0 -1 -1 -1 -1000 -1000 -1000 -10 0.0005321502685546875
Car -1 -1 -10 282.0 186.0 438.0 273.0 -1 -1 -1 -1000 -1000 -1000 -10 0.0005221366882324219
Car -1 -1 -10 0.0 161.0 13.0 231.0 -1 -1 -1 -1000 -1000 -1000 -10 0.0005211830139160156
Car -1 -1 -10 116.0 170.0 239.0 215.0 -1 -1 -1 -1000 -1000 -1000 -10 0.0005068778991699219
Car -1 -1 -10 0.0 146.0 16.0 224.0 -1 -1 -1 -1000 -1000 -1000 -10 0.0005025863647460938
Car -1 -1 -10 1.0 183.0 13.0 244.0 -1 -1 -1 -1000 -1000 -1000 -10 0.00048542022705078125
Car -1 -1 -10 773.0 147.0 879.0 221.0 -1 -1 -1 -1000 -1000 -1000 -10 0.0004832744598388672
Car -1 -1 -10 2.0 152.0 107.0 247.0 -1 -1 -1 -1000 -1000 -1000 -10 0.0004756450653076172
Car -1 -1 -10 487.0 176.0 565.0 212.0 -1 -1 -1 -1000 -1000 -1000 -10 0.00046563148498535156
Car -1 -1 -10 786.0 160.0 878.0 194.0 -1 -1 -1 -1000 -1000 -1000 -10 0.0004544258117675781
Car -1 -1 -10 441.0 180.0 488.0 226.0 -1 -1 -1 -1000 -1000 -1000 -10 0.00045037269592285156
Car -1 -1 -10 778.0 147.0 884.0 211.0 -1 -1 -1 -1000 -1000 -1000 -10 0.0004494190216064453
Car -1 -1 -10 0.0 191.0 13.0 249.0 -1 -1 -1 -1000 -1000 -1000 -10 0.0004150867462158203
Car -1 -1 -10 0.0 176.0 13.0 234.0 -1 -1 -1 -1000 -1000 -1000 -10 0.00041294097900390625
Car -1 -1 -10 513.0 170.0 592.0 204.0 -1 -1 -1 -1000 -1000 -1000 -10 0.0004031658172607422
Car -1 -1 -10 0.0 146.0 123.0 266.0 -1 -1 -1 -1000 -1000 -1000 -10 0.0003991127014160156
Car -1 -1 -10 232.0 188.0 367.0 288.0 -1 -1 -1 -1000 -1000 -1000 -10 0.000392913818359375
Car -1 -1 -10 125.0 125.0 304.0 242.0 -1 -1 -1 -1000 -1000 -1000 -10 0.0003871917724609375
Pedestrian -1 -1 -10 688.0 181.0 713.0 227.0 -1 -1 -1 -1000 -1000 -1000 -10 0.0003802776336669922
Car -1 -1 -10 0.0 199.0 19.0 370.0 -1 -1 -1 -1000 -1000 -1000 -10 0.0003750324249267578
Car -1 -1 -10 0.0 152.0 12.0 218.0 -1 -1 -1 -1000 -1000 -1000 -10 0.00036406517028808594
Car -1 -1 -10 381.0 143.0 561.0 273.0 -1 -1 -1 -1000 -1000 -1000 -10 0.0003619194030761719
Car -1 -1 -10 269.0 186.0 429.0 265.0 -1 -1 -1 -1000 -1000 -1000 -10 0.0003571510314941406
Pedestrian -1 -1 -10 670.0 168.0 699.0 210.0 -1 -1 -1 -1000 -1000 -1000 -10 0.0003535747528076172
Car -1 -1 -10 948.0 82.0 1239.0 362.0 -1 -1 -1 -1000 -1000 -1000 -10 0.0003376007080078125
Car -1 -1 -10 446.0 180.0 495.0 226.0 -1 -1 -1 -1000 -1000 -1000 -10 0.0003285408020019531
Car -1 -1 -10 535.0 173.0 582.0 194.0 -1 -1 -1 -1000 -1000 -1000 -10 0.0003209114074707031
Car -1 -1 -10 388.0 152.0 554.0 257.0 -1 -1 -1 -1000 -1000 -1000 -10 0.0003173351287841797
Car -1 -1 -10 732.0 103.0 910.0 257.0 -1 -1 -1 -1000 -1000 -1000 -10 0.0002961158752441406
Car -1 -1 -10 677.0 176.0 717.0 213.0 -1 -1 -1 -1000 -1000 -1000 -10 0.00029158592224121094
Car -1 -1 -10 745.0 104.0 927.0 244.0 -1 -1 -1 -1000 -1000 -1000 -10 0.0002865791320800781
Car -1 -1 -10 161.0 184.0 387.0 297.0 -1 -1 -1 -1000 -1000 -1000 -10 0.0002803802490234375
Car -1 -1 -10 583.0 177.0 657.0 242.0 -1 -1 -1 -1000 -1000 -1000 -10 0.00027561187744140625
Car -1 -1 -10 585.0 168.0 649.0 234.0 -1 -1 -1 -1000 -1000 -1000 -10 0.00027489662170410156
Car -1 -1 -10 107.0 180.0 230.0 361.0 -1 -1 -1 -1000 -1000 -1000 -10 0.00026702880859375
Car -1 -1 -10 167.0 171.0 249.0 209.0 -1 -1 -1 -1000 -1000 -1000 -10 0.00026607513427734375
Car -1 -1 -10 0.0 168.0 12.0 222.0 -1 -1 -1 -1000 -1000 -1000 -10 0.0002644062042236328
Car -1 -1 -10 506.0 179.0 556.0 203.0 -1 -1 -1 -1000 -1000 -1000 -10 0.00026154518127441406
Car -1 -1 -10 478.0 160.0 569.0 219.0 -1 -1 -1 -1000 -1000 -1000 -10 0.0002586841583251953
Car -1 -1 -10 0.0 145.0 11.0 203.0 -1 -1 -1 -1000 -1000 -1000 -10 0.00024819374084472656
Car -1 -1 -10 0.0 180.0 28.0 243.0 -1 -1 -1 -1000 -1000 -1000 -10 0.0002455711364746094
Car -1 -1 -10 518.0 138.0 699.0 254.0 -1 -1 -1 -1000 -1000 -1000 -10 0.00024509429931640625
Car -1 -1 -10 704.0 173.0 776.0 220.0 -1 -1 -1 -1000 -1000 -1000 -10 0.00023257732391357422
Car -1 -1 -10 744.0 137.0 929.0 264.0 -1 -1 -1 -1000 -1000 -1000 -10 0.00022852420806884766
Pedestrian -1 -1 -10 678.0 181.0 697.0 225.0 -1 -1 -1 -1000 -1000 -1000 -10 0.0002224445343017578
Car -1 -1 -10 720.0 177.0 853.0 264.0 -1 -1 -1 -1000 -1000 -1000 -10 0.00021541118621826172
Car -1 -1 -10 105.0 129.0 286.0 242.0 -1 -1 -1 -1000 -1000 -1000 -10 0.00021529197692871094
Car -1 -1 -10 0.0 187.0 29.0 249.0 -1 -1 -1 -1000 -1000 -1000 -10 0.00020325183868408203
Car -1 -1 -10 524.0 147.0 693.0 273.0 -1 -1 -1 -1000 -1000 -1000 -10 0.00019812583923339844
Car -1 -1 -10 659.0 146.0 807.0 250.0 -1 -1 -1 -1000 -1000 -1000 -10 0.0001913309097290039
Car -1 -1 -10 135.0 160.0 254.0 203.0 -1 -1 -1 -1000 -1000 -1000 -10 0.00019085407257080078
Car -1 -1 -10 701.0 182.0 775.0 237.0 -1 -1 -1 -1000 -1000 -1000 -10 0.0001882314682006836
Car -1 -1 -10 1.0 154.0 25.0 235.0 -1 -1 -1 -1000 -1000 -1000 -10 0.00018489360809326172
Car -1 -1 -10 506.0 177.0 566.0 203.0 -1 -1 -1 -1000 -1000 -1000 -10 0.0001844167709350586
Car -1 -1 -10 1.0 147.0 48.0 219.0 -1 -1 -1 -1000 -1000 -1000 -10 0.00017583370208740234
Car -1 -1 -10 0.0 159.0 10.0 209.0 -1 -1 -1 -1000 -1000 -1000 -10 0.0001747608184814453
Car -1 -1 -10 0.0 151.0 9.0 197.0 -1 -1 -1 -1000 -1000 -1000 -10 0.00017368793487548828
Car -1 -1 -10 807.0 166.0 857.0 192.0 -1 -1 -1 -1000 -1000 -1000 -10 0.00016891956329345703
Car -1 -1 -10 87.0 170.0 255.0 233.0 -1 -1 -1 -1000 -1000 -1000 -10 0.0001678466796875
Car -1 -1 -10 416.0 189.0 523.0 239.0 -1 -1 -1 -1000 -1000 -1000 -10 0.00016546249389648438
Car -1 -1 -10 360.0 148.0 550.0 278.0 -1 -1 -1 -1000 -1000 -1000 -10 0.00016510486602783203
Car -1 -1 -10 449.0 135.0 625.0 275.0 -1 -1 -1 -1000 -1000 -1000 -10 0.00016450881958007812
Car -1 -1 -10 0.0 142.0 24.0 230.0 -1 -1 -1 -1000 -1000 -1000 -10 0.00015997886657714844
Car -1 -1 -10 1.0 197.0 30.0 257.0 -1 -1 -1 -1000 -1000 -1000 -10 0.0001590251922607422
Car -1 -1 -10 1.0 174.0 26.0 236.0 -1 -1 -1 -1000 -1000 -1000 -10 0.00015401840209960938
Car -1 -1 -10 0.0 136.0 14.0 198.0 -1 -1 -1 -1000 -1000 -1000 -10 0.000148773193359375
Car -1 -1 -10 554.0 145.0 717.0 274.0 -1 -1 -1 -1000 -1000 -1000 -10 0.00014793872833251953
Car -1 -1 -10 1.0 152.0 23.0 216.0 -1 -1 -1 -1000 -1000 -1000 -10 0.0001437664031982422
Car -1 -1 -10 0.0 199.0 13.0 257.0 -1 -1 -1 -1000 -1000 -1000 -10 0.0001423358917236328
Car -1 -1 -10 5.0 152.0 101.0 224.0 -1 -1 -1 -1000 -1000 -1000 -10 0.0001354217529296875
Pedestrian -1 -1 -10 685.0 182.0 716.0 226.0 -1 -1 -1 -1000 -1000 -1000 -10 0.00013399124145507812
Car -1 -1 -10 461.0 169.0 567.0 234.0 -1 -1 -1 -1000 -1000 -1000 -10 0.00013375282287597656
Car -1 -1 -10 428.0 179.0 509.0 232.0 -1 -1 -1 -1000 -1000 -1000 -10 0.00013136863708496094
Car -1 -1 -10 0.0 147.0 13.0 202.0 -1 -1 -1 -1000 -1000 -1000 -10 0.00012767314910888672
Car -1 -1 -10 557.0 161.0 603.0 185.0 -1 -1 -1 -1000 -1000 -1000 -10 0.0001214742660522461
Car -1 -1 -10 0.0 142.0 52.0 227.0 -1 -1 -1 -1000 -1000 -1000 -10 0.00012093782424926758
Car -1 -1 -10 6.0 160.0 133.0 266.0 -1 -1 -1 -1000 -1000 -1000 -10 0.00012087821960449219
Car -1 -1 -10 426.0 118.0 604.0 245.0 -1 -1 -1 -1000 -1000 -1000 -10 0.00011861324310302734
Car -1 -1 -10 648.0 140.0 814.0 269.0 -1 -1 -1 -1000 -1000 -1000 -10 0.00011849403381347656
Car -1 -1 -10 146.0 177.0 278.0 230.0 -1 -1 -1 -1000 -1000 -1000 -10 0.00011521577835083008
Car -1 -1 -10 0.0 201.0 24.0 369.0 -1 -1 -1 -1000 -1000 -1000 -10 0.00011444091796875
Car -1 -1 -10 0.0 171.0 127.0 280.0 -1 -1 -1 -1000 -1000 -1000 -10 0.00011301040649414062
Car -1 -1 -10 479.0 166.0 584.0 231.0 -1 -1 -1 -1000 -1000 -1000 -10 0.00011181831359863281
Car -1 -1 -10 1.0 186.0 50.0 268.0 -1 -1 -1 -1000 -1000 -1000 -10 0.0001062154769897461
Car -1 -1 -10 533.0 169.0 581.0 191.0 -1 -1 -1 -1000 -1000 -1000 -10 0.00010508298873901367
Car -1 -1 -10 0.0 140.0 10.0 192.0 -1 -1 -1 -1000 -1000 -1000 -10 0.0001036524772644043
