Car -1 -1 -10 585.0 173.0 631.0 217.0 -1 -1 -1 -1000 -1000 -1000 -10 0.9697265625
Car -1 -1 -10 134.0 192.0 277.0 249.0 -1 -1 -1 -1000 -1000 -1000 -10 0.96826171875
Car -1 -1 -10 416.0 178.0 458.0 203.0 -1 -1 -1 -1000 -1000 -1000 -10 0.94775390625
Car -1 -1 -10 391.0 181.0 438.0 207.0 -1 -1 -1 -1000 -1000 -1000 -10 0.93701171875
Car -1 -1 -10 648.0 170.0 706.0 196.0 -1 -1 -1 -1000 -1000 -1000 -10 0.91748046875
Car -1 -1 -10 631.0 171.0 688.0 192.0 -1 -1 -1 -1000 -1000 -1000 -10 0.798828125
Car -1 -1 -10 641.0 170.0 703.0 195.0 -1 -1 -1 -1000 -1000 -1000 -10 0.744140625
Car -1 -1 -10 391.0 181.0 447.0 207.0 -1 -1 -1 -1000 -1000 -1000 -10 0.488525390625
Car -1 -1 -10 636.0 170.0 695.0 193.0 -1 -1 -1 -1000 -1000 -1000 -10 0.19970703125
Car -1 -1 -10 633.0 173.0 681.0 193.0 -1 -1 -1 -1000 -1000 -1000 -10 0.031280517578125
Car -1 -1 -10 630.0 171.0 679.0 191.0 -1 -1 -1 -1000 -1000 -1000 -10 0.018829345703125
Car -1 -1 -10 646.0 171.0 696.0 192.0 -1 -1 -1 -1000 -1000 -1000 -10 0.0171356201171875
Car -1 -1 -10 393.0 180.0 437.0 204.0 -1 -1 -1 -1000 -1000 -1000 -10 0.011566162109375
Car -1 -1 -10 626.0 171.0 677.0 189.0 -1 -1 -1 -1000 -1000 -1000 -10 0.009185791015625
Car -1 -1 -10 651.0 170.0 702.0 194.0 -1 -1 -1 -1000 -1000 -1000 -10 0.0022716522216796875
Car -1 -1 -10 653.0 171.0 714.0 197.0 -1 -1 -1 -1000 -1000 -1000 -10 0.001689910888671875
Car -1 -1 -10 626.0 174.0 679.0 192.0 -1 -1 -1 -1000 -1000 -1000 -10 0.0015954971313476562
Car -1 -1 -10 1.0 186.0 24.0 284.0 -1 -1 -1 -1000 -1000 -1000 -10 0.0014057159423828125
Car -1 -1 -10 1.0 173.0 25.0 260.0 -1 -1 -1 -1000 -1000 -1000 -10 0.0011348724365234375
Car -1 -1 -10 645.0 166.0 708.0 202.0 -1 -1 -1 -1000 -1000 -1000 -10 0.0010213851928710938
Car -1 -1 -10 1.0 165.0 22.0 246.0 -1 -1 -1 -1000 -1000 -1000 -10 0.0009326934814453125
Car -1 -1 -10 1220.0 195.0 1242.0 366.0 -1 -1 -1 -1000 -1000 -1000 -10 0.0008611679077148438
Car -1 -1 -10 389.0 178.0 438.0 211.0 -1 -1 -1 -1000 -1000 -1000 -10 0.00079345703125
Car -1 -1 -10 1.0 187.0 30.0 282.0 -1 -1 -1 -1000 -1000 -1000 -10 0.0007915496826171875
Car -1 -1 -10 629.0 167.0 689.0 202.0 -1 -1 -1 -1000 -1000 -1000 -10 0.0007824897766113281
Car -1 -1 -10 2.0 170.0 35.0 264.0 -1 -1 -1 -1000 -1000 -1000 -10 0.000751495361328125
Car -1 -1 -10 0.0 175.0 44.0 267.0 -1 -1 -1 -1000 -1000 -1000 -10 0.0007219314575195312
Car -1 -1 -10 1.0 184.0 36.0 290.0 -1 -1 -1 -1000 -1000 -1000 -10 0.0007176399230957031
Car -1 -1 -10 0.0 201.0 23.0 307.0 -1 -1 -1 -1000 -1000 -1000 -10 0.0006995201110839844
Car -1 -1 -10 1215.0 188.0 1242.0 373.0 -1 -1 -1 -1000 -1000 -1000 -10 0.0006723403930664062
Pedestrian -1 -1 -10 0.0 160.0 13.0 250.0 -1 -1 -1 -1000 -1000 -1000 -10 0.0006518363952636719
Car -1 -1 -10 1.0 171.0 30.0 261.0 -1 -1 -1 -1000 -1000 -1000 -10 0.0006508827209472656
Car -1 -1 -10 415.0 175.0 460.0 209.0 -1 -1 -1 -1000 -1000 -1000 -10 0.0005879402160644531
Car -1 -1 -10 1.0 166.0 28.0 246.0 -1 -1 -1 -1000 -1000 -1000 -10 0.0005321502685546875
Car -1 -1 -10 391.0 175.0 449.0 211.0 -1 -1 -1 -1000 -1000 -1000 -10 0.0005130767822265625
Car -1 -1 -10 625.0 170.0 674.0 193.0 -1 -1 -1 -1000 -1000 -1000 -10 0.0005059242248535156
Car -1 -1 -10 580.0 161.0 635.0 222.0 -1 -1 -1 -1000 -1000 -1000 -10 0.00047850608825683594
Car -1 -1 -10 2.0 160.0 38.0 249.0 -1 -1 -1 -1000 -1000 -1000 -10 0.00044226646423339844
Car -1 -1 -10 1206.0 186.0 1242.0 375.0 -1 -1 -1 -1000 -1000 -1000 -10 0.0004355907440185547
Car -1 -1 -10 0.0 215.0 24.0 345.0 -1 -1 -1 -1000 -1000 -1000 -10 0.0004284381866455078
Pedestrian -1 -1 -10 0.0 148.0 13.0 241.0 -1 -1 -1 -1000 -1000 -1000 -10 0.00039768218994140625
Car -1 -1 -10 0.0 188.0 15.0 275.0 -1 -1 -1 -1000 -1000 -1000 -10 0.0003859996795654297
Car -1 -1 -10 0.0 179.0 14.0 265.0 -1 -1 -1 -1000 -1000 -1000 -10 0.00038504600524902344
Car -1 -1 -10 634.0 166.0 683.0 187.0 -1 -1 -1 -1000 -1000 -1000 -10 0.00035309791564941406
Car -1 -1 -10 582.0 163.0 644.0 228.0 -1 -1 -1 -1000 -1000 -1000 -10 0.00034928321838378906
Car -1 -1 -10 0.0 195.0 16.0 291.0 -1 -1 -1 -1000 -1000 -1000 -10 0.0003452301025390625
Car -1 -1 -10 1221.0 174.0 1242.0 353.0 -1 -1 -1 -1000 -1000 -1000 -10 0.0003414154052734375
Car -1 -1 -10 1214.0 217.0 1242.0 354.0 -1 -1 -1 -1000 -1000 -1000 -10 0.0003364086151123047
Car -1 -1 -10 655.0 169.0 712.0 194.0 -1 -1 -1 -1000 -1000 -1000 -10 0.0003342628479003906
Car -1 -1 -10 0.0 175.0 27.0 268.0 -1 -1 -1 -1000 -1000 -1000 -10 0.0003299713134765625
Car -1 -1 -10 522.0 126.0 679.0 242.0 -1 -1 -1 -1000 -1000 -1000 -10 0.00030803680419921875
Car -1 -1 -10 0.0 228.0 26.0 365.0 -1 -1 -1 -1000 -1000 -1000 -10 0.00030303001403808594
Car -1 -1 -10 186.0 194.0 230.0 242.0 -1 -1 -1 -1000 -1000 -1000 -10 0.00030159950256347656
Car -1 -1 -10 103.0 167.0 300.0 291.0 -1 -1 -1 -1000 -1000 -1000 -10 0.00028395652770996094
Car -1 -1 -10 109.0 156.0 297.0 277.0 -1 -1 -1 -1000 -1000 -1000 -10 0.0002739429473876953
Car -1 -1 -10 625.0 171.0 666.0 189.0 -1 -1 -1 -1000 -1000 -1000 -10 0.0002739429473876953
Car -1 -1 -10 0.0 204.0 16.0 304.0 -1 -1 -1 -1000 -1000 -1000 -10 0.0002677440643310547
Car -1 -1 -10 3.0 165.0 42.0 243.0 -1 -1 -1 -1000 -1000 -1000 -10 0.0002493858337402344
Car -1 -1 -10 517.0 132.0 684.0 272.0 -1 -1 -1 -1000 -1000 -1000 -10 0.00024139881134033203
Car -1 -1 -10 407.0 177.0 456.0 206.0 -1 -1 -1 -1000 -1000 -1000 -10 0.00023865699768066406
Car -1 -1 -10 583.0 172.0 639.0 218.0 -1 -1 -1 -1000 -1000 -1000 -10 0.0002319812774658203
Car -1 -1 -10 1226.0 220.0 1242.0 351.0 -1 -1 -1 -1000 -1000 -1000 -10 0.00022685527801513672
Car -1 -1 -10 1.0 205.0 29.0 300.0 -1 -1 -1 -1000 -1000 -1000 -10 0.00021946430206298828
Pedestrian -1 -1 -10 0.0 152.0 15.0 237.0 -1 -1 -1 -1000 -1000 -1000 -10 0.00021767616271972656
Car -1 -1 -10 590.0 173.0 634.0 210.0 -1 -1 -1 -1000 -1000 -1000 -10 0.000217437744140625
Car -1 -1 -10 1193.0 198.0 1241.0 372.0 -1 -1 -1 -1000 -1000 -1000 -10 0.00021696090698242188
Car -1 -1 -10 178.0 194.0 224.0 244.0 -1 -1 -1 -1000 -1000 -1000 -10 0.00021398067474365234
Car -1 -1 -10 1.0 199.0 37.0 311.0 -1 -1 -1 -1000 -1000 -1000 -10 0.00020134449005126953
Car -1 -1 -10 422.0 178.0 459.0 203.0 -1 -1 -1 -1000 -1000 -1000 -10 0.00019729137420654297
Car -1 -1 -10 1201.0 218.0 1242.0 353.0 -1 -1 -1 -1000 -1000 -1000 -10 0.0001913309097290039
Car -1 -1 -10 391.0 186.0 439.0 211.0 -1 -1 -1 -1000 -1000 -1000 -10 0.0001838207244873047
Car -1 -1 -10 417.0 183.0 455.0 204.0 -1 -1 -1 -1000 -1000 -1000 -10 0.00017762184143066406
Car -1 -1 -10 596.0 172.0 655.0 205.0 -1 -1 -1 -1000 -1000 -1000 -10 0.0001748800277709961
Car -1 -1 -10 0.0 144.0 46.0 250.0 -1 -1 -1 -1000 -1000 -1000 -10 0.00017213821411132812
Car -1 -1 -10 554.0 133.0 701.0 268.0 -1 -1 -1 -1000 -1000 -1000 -10 0.00017130374908447266
Car -1 -1 -10 0.0 209.0 38.0 353.0 -1 -1 -1 -1000 -1000 -1000 -10 0.00017082691192626953
Car -1 -1 -10 644.0 166.0 689.0 187.0 -1 -1 -1 -1000 -1000 -1000 -10 0.00016880035400390625
Car -1 -1 -10 0.0 214.0 16.0 314.0 -1 -1 -1 -1000 -1000 -1000 -10 0.0001666545867919922
Pedestrian -1 -1 -10 0.0 175.0 12.0 234.0 -1 -1 -1 -1000 -1000 -1000 -10 0.00016248226165771484
Car -1 -1 -10 659.0 171.0 708.0 196.0 -1 -1 -1 -1000 -1000 -1000 -10 0.000156402587890625
Pedestrian -1 -1 -10 0.0 172.0 16.0 253.0 -1 -1 -1 -1000 -1000 -1000 -10 0.00015497207641601562
Car -1 -1 -10 1205.0 163.0 1242.0 362.0 -1 -1 -1 -1000 -1000 -1000 -10 0.00015091896057128906
Car -1 -1 -10 0.0 229.0 30.0 334.0 -1 -1 -1 -1000 -1000 -1000 -10 0.00015044212341308594
Car -1 -1 -10 0.0 193.0 13.0 249.0 -1 -1 -1 -1000 -1000 -1000 -10 0.00014770030975341797
Car -1 -1 -10 0.0 234.0 31.0 350.0 -1 -1 -1 -1000 -1000 -1000 -10 0.0001430511474609375
Car -1 -1 -10 1.0 176.0 58.0 259.0 -1 -1 -1 -1000 -1000 -1000 -10 0.0001418590545654297
Pedestrian -1 -1 -10 0.0 183.0 13.0 240.0 -1 -1 -1 -1000 -1000 -1000 -10 0.00014007091522216797
Car -1 -1 -10 0.0 165.0 52.0 273.0 -1 -1 -1 -1000 -1000 -1000 -10 0.00013256072998046875
Pedestrian -1 -1 -10 1220.0 141.0 1242.0 305.0 -1 -1 -1 -1000 -1000 -1000 -10 0.00012695789337158203
Pedestrian -1 -1 -10 1.0 147.0 28.0 241.0 -1 -1 -1 -1000 -1000 -1000 -10 0.00012350082397460938
Pedestrian -1 -1 -10 787.0 0.0 814.0 0.0 -1 -1 -1 -1000 -1000 -1000 -10 0.0001207590103149414
Car -1 -1 -10 1165.0 209.0 1242.0 371.0 -1 -1 -1 -1000 -1000 -1000 -10 0.00011402368545532227
Car -1 -1 -10 0.0 220.0 18.0 309.0 -1 -1 -1 -1000 -1000 -1000 -10 0.00011146068572998047
Car -1 -1 -10 0.0 181.0 27.0 240.0 -1 -1 -1 -1000 -1000 -1000 -10 0.00011140108108520508
Car -1 -1 -10 1221.0 156.0 1242.0 329.0 -1 -1 -1 -1000 -1000 -1000 -10 0.00011050701141357422
Car -1 -1 -10 0.0 226.0 42.0 371.0 -1 -1 -1 -1000 -1000 -1000 -10 0.00010961294174194336
Car -1 -1 -10 0.0 202.0 14.0 259.0 -1 -1 -1 -1000 -1000 -1000 -10 0.00010579824447631836
Car -1 -1 -10 0.0 232.0 17.0 334.0 -1 -1 -1 -1000 -1000 -1000 -10 0.00010418891906738281
