Car -1 -1 -10 682.0 173.0 719.0 194.0 -1 -1 -1 -1000 -1000 -1000 -10 0.96240234375
Car -1 -1 -10 289.0 70.0 307.0 86.0 -1 -1 -1 -1000 -1000 -1000 -10 0.00098419189453125
Car -1 -1 -10 292.0 70.0 305.0 86.0 -1 -1 -1 -1000 -1000 -1000 -10 0.0009713172912597656
Car -1 -1 -10 679.0 170.0 721.0 202.0 -1 -1 -1 -1000 -1000 -1000 -10 0.0006737709045410156
Car -1 -1 -10 1219.0 200.0 1242.0 363.0 -1 -1 -1 -1000 -1000 -1000 -10 0.0006041526794433594
Car -1 -1 -10 293.0 71.0 307.0 85.0 -1 -1 -1 -1000 -1000 -1000 -10 0.0005464553833007812
Car -1 -1 -10 537.0 3.0 610.0 56.0 -1 -1 -1 -1000 -1000 -1000 -10 0.0005383491516113281
Car -1 -1 -10 680.0 168.0 723.0 198.0 -1 -1 -1 -1000 -1000 -1000 -10 0.0005354881286621094
Car -1 -1 -10 1214.0 195.0 1241.0 370.0 -1 -1 -1 -1000 -1000 -1000 -10 0.0004265308380126953
Car -1 -1 -10 1221.0 187.0 1242.0 343.0 -1 -1 -1 -1000 -1000 -1000 -10 0.0002815723419189453
Car -1 -1 -10 688.0 173.0 724.0 195.0 -1 -1 -1 -1000 -1000 -1000 -10 0.00023686885833740234
Car -1 -1 -10 1207.0 199.0 1242.0 369.0 -1 -1 -1 -1000 -1000 -1000 -10 0.00023376941680908203
Car -1 -1 -10 1216.0 180.0 1242.0 351.0 -1 -1 -1 -1000 -1000 -1000 -10 0.00018167495727539062
Car -1 -1 -10 615.0 5.0 679.0 53.0 -1 -1 -1 -1000 -1000 -1000 -10 0.00014579296112060547
Car -1 -1 -10 1203.0 222.0 1242.0 375.0 -1 -1 -1 -1000 -1000 -1000 -10 0.00012302398681640625
Car -1 -1 -10 291.0 75.0 304.0 87.0 -1 -1 -1 -1000 -1000 -1000 -10 0.00011044740676879883
Car -1 -1 -10 315.0 101.0 345.0 129.0 -1 -1 -1 -1000 -1000 -1000 -10 0.00010055303573608398
Car -1 -1 -10 365.0 74.0 385.0 93.0 -1 -1 -1 -1000 -1000 -1000 -10 0.00010019540786743164
