Car -1 -1 -10 598.0 175.0 626.0 203.0 -1 -1 -1 -1000 -1000 -1000 -10 0.951171875
Car -1 -1 -10 427.0 181.0 470.0 210.0 -1 -1 -1 -1000 -1000 -1000 -10 0.94287109375
Car -1 -1 -10 365.0 184.0 416.0 212.0 -1 -1 -1 -1000 -1000 -1000 -10 0.94140625
Car -1 -1 -10 495.0 179.0 518.0 197.0 -1 -1 -1 -1000 -1000 -1000 -10 0.91015625
Car -1 -1 -10 496.0 178.0 521.0 195.0 -1 -1 -1 -1000 -1000 -1000 -10 0.005451202392578125
Car -1 -1 -10 429.0 179.0 469.0 205.0 -1 -1 -1 -1000 -1000 -1000 -10 0.001644134521484375
Car -1 -1 -10 0.0 185.0 17.0 241.0 -1 -1 -1 -1000 -1000 -1000 -10 0.0014104843139648438
Car -1 -1 -10 0.0 186.0 13.0 228.0 -1 -1 -1 -1000 -1000 -1000 -10 0.0011053085327148438
Car -1 -1 -10 0.0 181.0 14.0 256.0 -1 -1 -1 -1000 -1000 -1000 -10 0.0010862350463867188
Car -1 -1 -10 0.0 188.0 13.0 236.0 -1 -1 -1 -1000 -1000 -1000 -10 0.000682830810546875
Car -1 -1 -10 0.0 188.0 23.0 230.0 -1 -1 -1 -1000 -1000 -1000 -10 0.0006079673767089844
Car -1 -1 -10 369.0 184.0 418.0 209.0 -1 -1 -1 -1000 -1000 -1000 -10 0.0006051063537597656
Car -1 -1 -10 0.0 186.0 22.0 239.0 -1 -1 -1 -1000 -1000 -1000 -10 0.0005426406860351562
Car -1 -1 -10 1.0 192.0 13.0 244.0 -1 -1 -1 -1000 -1000 -1000 -10 0.00044417381286621094
Car -1 -1 -10 426.0 178.0 471.0 213.0 -1 -1 -1 -1000 -1000 -1000 -10 0.00041556358337402344
Car -1 -1 -10 0.0 185.0 20.0 224.0 -1 -1 -1 -1000 -1000 -1000 -10 0.00034999847412109375
Car -1 -1 -10 0.0 185.0 17.0 272.0 -1 -1 -1 -1000 -1000 -1000 -10 0.0003452301025390625
Car -1 -1 -10 492.0 177.0 519.0 206.0 -1 -1 -1 -1000 -1000 -1000 -10 0.0003418922424316406
Car -1 -1 -10 0.0 186.0 13.0 272.0 -1 -1 -1 -1000 -1000 -1000 -10 0.0002503395080566406
Car -1 -1 -10 424.0 181.0 457.0 208.0 -1 -1 -1 -1000 -1000 -1000 -10 0.0002486705780029297
Car -1 -1 -10 0.0 182.0 35.0 219.0 -1 -1 -1 -1000 -1000 -1000 -10 0.00024580955505371094
Car -1 -1 -10 363.0 181.0 416.0 215.0 -1 -1 -1 -1000 -1000 -1000 -10 0.0002446174621582031
Car -1 -1 -10 1.0 188.0 19.0 236.0 -1 -1 -1 -1000 -1000 -1000 -10 0.00023806095123291016
Car -1 -1 -10 0.0 188.0 28.0 243.0 -1 -1 -1 -1000 -1000 -1000 -10 0.00023365020751953125
Car -1 -1 -10 1.0 187.0 20.0 250.0 -1 -1 -1 -1000 -1000 -1000 -10 0.00022351741790771484
Car -1 -1 -10 594.0 170.0 623.0 199.0 -1 -1 -1 -1000 -1000 -1000 -10 0.00020885467529296875
Car -1 -1 -10 0.0 187.0 20.0 339.0 -1 -1 -1 -1000 -1000 -1000 -10 0.0001901388168334961
Car -1 -1 -10 597.0 174.0 626.0 208.0 -1 -1 -1 -1000 -1000 -1000 -10 0.00017523765563964844
Car -1 -1 -10 493.0 175.0 520.0 201.0 -1 -1 -1 -1000 -1000 -1000 -10 0.00017189979553222656
Car -1 -1 -10 0.0 182.0 10.0 212.0 -1 -1 -1 -1000 -1000 -1000 -10 0.000171661376953125
Car -1 -1 -10 0.0 197.0 24.0 368.0 -1 -1 -1 -1000 -1000 -1000 -10 0.0001614093780517578
Car -1 -1 -10 0.0 186.0 23.0 271.0 -1 -1 -1 -1000 -1000 -1000 -10 0.00011801719665527344
Car -1 -1 -10 1.0 191.0 20.0 244.0 -1 -1 -1 -1000 -1000 -1000 -10 0.0001170039176940918
Car -1 -1 -10 143.0 103.0 177.0 130.0 -1 -1 -1 -1000 -1000 -1000 -10 0.00011235475540161133
Car -1 -1 -10 0.0 182.0 14.0 213.0 -1 -1 -1 -1000 -1000 -1000 -10 0.00010538101196289062
Car -1 -1 -10 0.0 185.0 24.0 340.0 -1 -1 -1 -1000 -1000 -1000 -10 0.00010031461715698242
