Car -1 -1 -10 328.0 188.0 485.0 266.0 -1 -1 -1 -1000 -1000 -1000 -10 0.96484375
Car -1 -1 -10 193.0 166.0 378.0 265.0 -1 -1 -1 -1000 -1000 -1000 -10 0.96337890625
Car -1 -1 -10 955.0 173.0 1142.0 257.0 -1 -1 -1 -1000 -1000 -1000 -10 0.96240234375
Car -1 -1 -10 672.0 155.0 770.0 265.0 -1 -1 -1 -1000 -1000 -1000 -10 0.95947265625
Car -1 -1 -10 1060.0 162.0 1242.0 253.0 -1 -1 -1 -1000 -1000 -1000 -10 0.95849609375
Car -1 -1 -10 0.0 192.0 196.0 266.0 -1 -1 -1 -1000 -1000 -1000 -10 0.95654296875
Car -1 -1 -10 801.0 145.0 857.0 196.0 -1 -1 -1 -1000 -1000 -1000 -10 0.9521484375
Car -1 -1 -10 575.0 172.0 644.0 223.0 -1 -1 -1 -1000 -1000 -1000 -10 0.94384765625
Car -1 -1 -10 756.0 164.0 802.0 204.0 -1 -1 -1 -1000 -1000 -1000 -10 0.92822265625
Car -1 -1 -10 745.0 126.0 794.0 195.0 -1 -1 -1 -1000 -1000 -1000 -10 0.923828125
Car -1 -1 -10 0.0 200.0 45.0 255.0 -1 -1 -1 -1000 -1000 -1000 -10 0.81005859375
Car -1 -1 -10 1186.0 176.0 1242.0 248.0 -1 -1 -1 -1000 -1000 -1000 -10 0.794921875
Car -1 -1 -10 747.0 134.0 799.0 201.0 -1 -1 -1 -1000 -1000 -1000 -10 0.72900390625
Car -1 -1 -10 754.0 157.0 802.0 201.0 -1 -1 -1 -1000 -1000 -1000 -10 0.453369140625
Car -1 -1 -10 1203.0 179.0 1242.0 246.0 -1 -1 -1 -1000 -1000 -1000 -10 0.4267578125
Car -1 -1 -10 1193.0 181.0 1241.0 243.0 -1 -1 -1 -1000 -1000 -1000 -10 0.2012939453125
Car -1 -1 -10 750.0 133.0 796.0 193.0 -1 -1 -1 -1000 -1000 -1000 -10 0.1986083984375
Car -1 -1 -10 438.0 0.0 481.0 29.0 -1 -1 -1 -1000 -1000 -1000 -10 0.1405029296875
Car -1 -1 -10 1179.0 172.0 1239.0 251.0 -1 -1 -1 -1000 -1000 -1000 -10 0.1297607421875
Car -1 -1 -10 1208.0 179.0 1241.0 255.0 -1 -1 -1 -1000 -1000 -1000 -10 0.11297607421875
Car -1 -1 -10 4.0 195.0 50.0 256.0 -1 -1 -1 -1000 -1000 -1000 -10 0.0992431640625
Car -1 -1 -10 1219.0 176.0 1242.0 280.0 -1 -1 -1 -1000 -1000 -1000 -10 0.06085205078125
Car -1 -1 -10 1208.0 186.0 1241.0 248.0 -1 -1 -1 -1000 -1000 -1000 -10 0.038665771484375
Car -1 -1 -10 1169.0 174.0 1240.0 247.0 -1 -1 -1 -1000 -1000 -1000 -10 0.031829833984375
Car -1 -1 -10 0.0 198.0 43.0 248.0 -1 -1 -1 -1000 -1000 -1000 -10 0.0307769775390625
Car -1 -1 -10 1216.0 182.0 1242.0 244.0 -1 -1 -1 -1000 -1000 -1000 -10 0.029266357421875
Car -1 -1 -10 1186.0 181.0 1237.0 242.0 -1 -1 -1 -1000 -1000 -1000 -10 0.0235595703125
Car -1 -1 -10 1225.0 177.0 1242.0 326.0 -1 -1 -1 -1000 -1000 -1000 -10 0.022705078125
Car -1 -1 -10 1225.0 177.0 1242.0 284.0 -1 -1 -1 -1000 -1000 -1000 -10 0.0208740234375
Car -1 -1 -10 1221.0 182.0 1242.0 259.0 -1 -1 -1 -1000 -1000 -1000 -10 0.0199737548828125
Car -1 -1 -10 1.0 204.0 27.0 248.0 -1 -1 -1 -1000 -1000 -1000 -10 0.0194244384765625
Car -1 -1 -10 1200.0 178.0 1242.0 266.0 -1 -1 -1 -1000 -1000 -1000 -10 0.015472412109375
Car -1 -1 -10 1219.0 179.0 1241.0 239.0 -1 -1 -1 -1000 -1000 -1000 -10 0.0141754150390625
Car -1 -1 -10 0.0 201.0 40.0 244.0 -1 -1 -1 -1000 -1000 -1000 -10 0.01416015625
Car -1 -1 -10 1221.0 174.0 1241.0 301.0 -1 -1 -1 -1000 -1000 -1000 -10 0.013824462890625
Car -1 -1 -10 1222.0 183.0 1241.0 316.0 -1 -1 -1 -1000 -1000 -1000 -10 0.01317596435546875
Car -1 -1 -10 1215.0 179.0 1241.0 274.0 -1 -1 -1 -1000 -1000 -1000 -10 0.01287841796875
Car -1 -1 -10 744.0 133.0 789.0 193.0 -1 -1 -1 -1000 -1000 -1000 -10 0.0098114013671875
Car -1 -1 -10 1220.0 176.0 1242.0 328.0 -1 -1 -1 -1000 -1000 -1000 -10 0.0093536376953125
Car -1 -1 -10 1221.0 190.0 1242.0 250.0 -1 -1 -1 -1000 -1000 -1000 -10 0.006866455078125
Car -1 -1 -10 1223.0 179.0 1242.0 369.0 -1 -1 -1 -1000 -1000 -1000 -10 0.006465911865234375
Car -1 -1 -10 1.0 204.0 21.0 256.0 -1 -1 -1 -1000 -1000 -1000 -10 0.006336212158203125
Car -1 -1 -10 0.0 197.0 54.0 262.0 -1 -1 -1 -1000 -1000 -1000 -10 0.005390167236328125
Car -1 -1 -10 0.0 204.0 47.0 266.0 -1 -1 -1 -1000 -1000 -1000 -10 0.005168914794921875
Car -1 -1 -10 0.0 206.0 38.0 264.0 -1 -1 -1 -1000 -1000 -1000 -10 0.004688262939453125
Car -1 -1 -10 708.0 153.0 788.0 240.0 -1 -1 -1 -1000 -1000 -1000 -10 0.004123687744140625
Car -1 -1 -10 1216.0 171.0 1241.0 344.0 -1 -1 -1 -1000 -1000 -1000 -10 0.0039520263671875
Car -1 -1 -10 1219.0 175.0 1242.0 374.0 -1 -1 -1 -1000 -1000 -1000 -10 0.0037384033203125
Car -1 -1 -10 1225.0 177.0 1242.0 222.0 -1 -1 -1 -1000 -1000 -1000 -10 0.00359344482421875
Car -1 -1 -10 1213.0 177.0 1241.0 375.0 -1 -1 -1 -1000 -1000 -1000 -10 0.0031871795654296875
Car -1 -1 -10 1177.0 169.0 1239.0 234.0 -1 -1 -1 -1000 -1000 -1000 -10 0.0029964447021484375
Car -1 -1 -10 1223.0 193.0 1241.0 306.0 -1 -1 -1 -1000 -1000 -1000 -10 0.0026531219482421875
Car -1 -1 -10 1192.0 171.0 1242.0 234.0 -1 -1 -1 -1000 -1000 -1000 -10 0.0025348663330078125
Car -1 -1 -10 1216.0 168.0 1242.0 219.0 -1 -1 -1 -1000 -1000 -1000 -10 0.0023479461669921875
Car -1 -1 -10 1216.0 195.0 1241.0 257.0 -1 -1 -1 -1000 -1000 -1000 -10 0.0022945404052734375
Car -1 -1 -10 1225.0 198.0 1242.0 261.0 -1 -1 -1 -1000 -1000 -1000 -10 0.0021800994873046875
Car -1 -1 -10 25.0 193.0 163.0 262.0 -1 -1 -1 -1000 -1000 -1000 -10 0.002166748046875
Car -1 -1 -10 0.0 208.0 16.0 267.0 -1 -1 -1 -1000 -1000 -1000 -10 0.0018568038940429688
Car -1 -1 -10 1226.0 194.0 1242.0 306.0 -1 -1 -1 -1000 -1000 -1000 -10 0.001834869384765625
Car -1 -1 -10 1174.0 177.0 1240.0 257.0 -1 -1 -1 -1000 -1000 -1000 -10 0.0017299652099609375
Car -1 -1 -10 1228.0 193.0 1242.0 326.0 -1 -1 -1 -1000 -1000 -1000 -10 0.001544952392578125
Car -1 -1 -10 1208.0 176.0 1242.0 227.0 -1 -1 -1 -1000 -1000 -1000 -10 0.0015316009521484375
Car -1 -1 -10 0.0 212.0 15.0 262.0 -1 -1 -1 -1000 -1000 -1000 -10 0.0013790130615234375
Car -1 -1 -10 0.0 196.0 35.0 238.0 -1 -1 -1 -1000 -1000 -1000 -10 0.0013113021850585938
Car -1 -1 -10 1210.0 170.0 1242.0 217.0 -1 -1 -1 -1000 -1000 -1000 -10 0.0012264251708984375
Car -1 -1 -10 1075.0 162.0 1225.0 250.0 -1 -1 -1 -1000 -1000 -1000 -10 0.001216888427734375
Car -1 -1 -10 950.0 165.0 1146.0 265.0 -1 -1 -1 -1000 -1000 -1000 -10 0.00119781494140625
Car -1 -1 -10 433.0 0.0 485.0 26.0 -1 -1 -1 -1000 -1000 -1000 -10 0.00115966796875
Car -1 -1 -10 1163.0 170.0 1242.0 262.0 -1 -1 -1 -1000 -1000 -1000 -10 0.0009126663208007812
Car -1 -1 -10 1229.0 171.0 1242.0 208.0 -1 -1 -1 -1000 -1000 -1000 -10 0.0008816719055175781
Car -1 -1 -10 1221.0 195.0 1242.0 375.0 -1 -1 -1 -1000 -1000 -1000 -10 0.0008635520935058594
Car -1 -1 -10 0.0 182.0 201.0 282.0 -1 -1 -1 -1000 -1000 -1000 -10 0.0008478164672851562
Car -1 -1 -10 1201.0 195.0 1240.0 254.0 -1 -1 -1 -1000 -1000 -1000 -10 0.0008449554443359375
Car -1 -1 -10 1224.0 146.0 1242.0 191.0 -1 -1 -1 -1000 -1000 -1000 -10 0.0008244514465332031
Car -1 -1 -10 1146.0 166.0 1239.0 241.0 -1 -1 -1 -1000 -1000 -1000 -10 0.0007672309875488281
Car -1 -1 -10 974.0 174.0 1121.0 254.0 -1 -1 -1 -1000 -1000 -1000 -10 0.0007653236389160156
Car -1 -1 -10 0.0 201.0 24.0 284.0 -1 -1 -1 -1000 -1000 -1000 -10 0.0007348060607910156
Car -1 -1 -10 572.0 165.0 655.0 232.0 -1 -1 -1 -1000 -1000 -1000 -10 0.0007224082946777344
Car -1 -1 -10 1166.0 183.0 1240.0 253.0 -1 -1 -1 -1000 -1000 -1000 -10 0.000720977783203125
Car -1 -1 -10 0.0 202.0 18.0 237.0 -1 -1 -1 -1000 -1000 -1000 -10 0.0007162094116210938
Car -1 -1 -10 572.0 164.0 646.0 225.0 -1 -1 -1 -1000 -1000 -1000 -10 0.0006709098815917969
Car -1 -1 -10 1119.0 159.0 1242.0 251.0 -1 -1 -1 -1000 -1000 -1000 -10 0.0006575584411621094
Car -1 -1 -10 0.0 199.0 19.0 372.0 -1 -1 -1 -1000 -1000 -1000 -10 0.0006561279296875
Car -1 -1 -10 800.0 137.0 864.0 201.0 -1 -1 -1 -1000 -1000 -1000 -10 0.000637054443359375
Car -1 -1 -10 1184.0 188.0 1237.0 262.0 -1 -1 -1 -1000 -1000 -1000 -10 0.0006356239318847656
Car -1 -1 -10 1210.0 162.0 1242.0 225.0 -1 -1 -1 -1000 -1000 -1000 -10 0.0006303787231445312
Car -1 -1 -10 321.0 180.0 489.0 280.0 -1 -1 -1 -1000 -1000 -1000 -10 0.0006008148193359375
Car -1 -1 -10 1207.0 178.0 1238.0 295.0 -1 -1 -1 -1000 -1000 -1000 -10 0.0005979537963867188
Car -1 -1 -10 662.0 152.0 781.0 269.0 -1 -1 -1 -1000 -1000 -1000 -10 0.0005903244018554688
Car -1 -1 -10 1216.0 187.0 1242.0 375.0 -1 -1 -1 -1000 -1000 -1000 -10 0.0005335807800292969
Car -1 -1 -10 208.0 167.0 357.0 262.0 -1 -1 -1 -1000 -1000 -1000 -10 0.0005140304565429688
Car -1 -1 -10 1224.0 203.0 1241.0 317.0 -1 -1 -1 -1000 -1000 -1000 -10 0.0005106925964355469
Car -1 -1 -10 738.0 162.0 782.0 202.0 -1 -1 -1 -1000 -1000 -1000 -10 0.0005097389221191406
Car -1 -1 -10 1226.0 207.0 1242.0 270.0 -1 -1 -1 -1000 -1000 -1000 -10 0.0005021095275878906
Car -1 -1 -10 1230.0 160.0 1242.0 193.0 -1 -1 -1 -1000 -1000 -1000 -10 0.00047779083251953125
Car -1 -1 -10 1206.0 183.0 1239.0 314.0 -1 -1 -1 -1000 -1000 -1000 -10 0.000461578369140625
Car -1 -1 -10 762.0 166.0 803.0 201.0 -1 -1 -1 -1000 -1000 -1000 -10 0.0004563331604003906
Car -1 -1 -10 1210.0 194.0 1241.0 375.0 -1 -1 -1 -1000 -1000 -1000 -10 0.00044035911560058594
Car -1 -1 -10 738.0 127.0 779.0 197.0 -1 -1 -1 -1000 -1000 -1000 -10 0.0004177093505859375
Car -1 -1 -10 1.0 206.0 48.0 278.0 -1 -1 -1 -1000 -1000 -1000 -10 0.0003838539123535156
Car -1 -1 -10 696.0 131.0 735.0 195.0 -1 -1 -1 -1000 -1000 -1000 -10 0.00037670135498046875
Car -1 -1 -10 1190.0 165.0 1242.0 226.0 -1 -1 -1 -1000 -1000 -1000 -10 0.000362396240234375
Car -1 -1 -10 1197.0 174.0 1242.0 366.0 -1 -1 -1 -1000 -1000 -1000 -10 0.0003581047058105469
Car -1 -1 -10 0.0 204.0 31.0 281.0 -1 -1 -1 -1000 -1000 -1000 -10 0.0003437995910644531
Car -1 -1 -10 704.0 108.0 828.0 207.0 -1 -1 -1 -1000 -1000 -1000 -10 0.00030732154846191406
Car -1 -1 -10 527.0 134.0 679.0 243.0 -1 -1 -1 -1000 -1000 -1000 -10 0.0003044605255126953
Car -1 -1 -10 1222.0 205.0 1240.0 269.0 -1 -1 -1 -1000 -1000 -1000 -10 0.0003032684326171875
Car -1 -1 -10 545.0 134.0 705.0 270.0 -1 -1 -1 -1000 -1000 -1000 -10 0.00029397010803222656
Car -1 -1 -10 722.0 159.0 768.0 204.0 -1 -1 -1 -1000 -1000 -1000 -10 0.0002894401550292969
Car -1 -1 -10 1.0 187.0 44.0 246.0 -1 -1 -1 -1000 -1000 -1000 -10 0.00028586387634277344
Car -1 -1 -10 1229.0 157.0 1242.0 196.0 -1 -1 -1 -1000 -1000 -1000 -10 0.0002684593200683594
Car -1 -1 -10 1217.0 148.0 1242.0 189.0 -1 -1 -1 -1000 -1000 -1000 -10 0.0002601146697998047
Car -1 -1 -10 1152.0 159.0 1242.0 265.0 -1 -1 -1 -1000 -1000 -1000 -10 0.0002529621124267578
Car -1 -1 -10 515.0 133.0 691.0 271.0 -1 -1 -1 -1000 -1000 -1000 -10 0.0002503395080566406
Car -1 -1 -10 734.0 107.0 856.0 223.0 -1 -1 -1 -1000 -1000 -1000 -10 0.00024211406707763672
Car -1 -1 -10 1230.0 144.0 1242.0 190.0 -1 -1 -1 -1000 -1000 -1000 -10 0.00024020671844482422
Car -1 -1 -10 1231.0 149.0 1241.0 184.0 -1 -1 -1 -1000 -1000 -1000 -10 0.0002371072769165039
Car -1 -1 -10 0.0 194.0 158.0 266.0 -1 -1 -1 -1000 -1000 -1000 -10 0.0002340078353881836
Car -1 -1 -10 722.0 153.0 771.0 209.0 -1 -1 -1 -1000 -1000 -1000 -10 0.00021755695343017578
Car -1 -1 -10 0.0 196.0 24.0 374.0 -1 -1 -1 -1000 -1000 -1000 -10 0.0002155303955078125
Car -1 -1 -10 1228.0 204.0 1242.0 315.0 -1 -1 -1 -1000 -1000 -1000 -10 0.00021076202392578125
Car -1 -1 -10 1177.0 180.0 1233.0 375.0 -1 -1 -1 -1000 -1000 -1000 -10 0.00021004676818847656
Car -1 -1 -10 8.0 191.0 48.0 248.0 -1 -1 -1 -1000 -1000 -1000 -10 0.00019812583923339844
Car -1 -1 -10 764.0 103.0 922.0 234.0 -1 -1 -1 -1000 -1000 -1000 -10 0.00019276142120361328
Car -1 -1 -10 28.0 194.0 192.0 259.0 -1 -1 -1 -1000 -1000 -1000 -10 0.00018489360809326172
Car -1 -1 -10 1214.0 171.0 1241.0 212.0 -1 -1 -1 -1000 -1000 -1000 -10 0.00018405914306640625
Car -1 -1 -10 604.0 170.0 656.0 211.0 -1 -1 -1 -1000 -1000 -1000 -10 0.00017940998077392578
Car -1 -1 -10 591.0 172.0 647.0 215.0 -1 -1 -1 -1000 -1000 -1000 -10 0.00017845630645751953
Car -1 -1 -10 713.0 150.0 767.0 215.0 -1 -1 -1 -1000 -1000 -1000 -10 0.00017213821411132812
Car -1 -1 -10 735.0 165.0 776.0 205.0 -1 -1 -1 -1000 -1000 -1000 -10 0.00016629695892333984
Car -1 -1 -10 799.0 150.0 840.0 193.0 -1 -1 -1 -1000 -1000 -1000 -10 0.00016105175018310547
Car -1 -1 -10 1.0 205.0 32.0 375.0 -1 -1 -1 -1000 -1000 -1000 -10 0.00015807151794433594
Car -1 -1 -10 1228.0 216.0 1241.0 280.0 -1 -1 -1 -1000 -1000 -1000 -10 0.00015664100646972656
Car -1 -1 -10 1223.0 121.0 1242.0 174.0 -1 -1 -1 -1000 -1000 -1000 -10 0.00015103816986083984
Car -1 -1 -10 789.0 165.0 818.0 196.0 -1 -1 -1 -1000 -1000 -1000 -10 0.00014793872833251953
Car -1 -1 -10 792.0 142.0 850.0 217.0 -1 -1 -1 -1000 -1000 -1000 -10 0.00014412403106689453
Car -1 -1 -10 1179.0 179.0 1230.0 240.0 -1 -1 -1 -1000 -1000 -1000 -10 0.00014352798461914062
Car -1 -1 -10 204.0 92.0 224.0 109.0 -1 -1 -1 -1000 -1000 -1000 -10 0.00013720989227294922
Car -1 -1 -10 0.0 210.0 14.0 283.0 -1 -1 -1 -1000 -1000 -1000 -10 0.00013709068298339844
Car -1 -1 -10 673.0 133.0 830.0 276.0 -1 -1 -1 -1000 -1000 -1000 -10 0.00012576580047607422
Car -1 -1 -10 690.0 160.0 772.0 265.0 -1 -1 -1 -1000 -1000 -1000 -10 0.00012493133544921875
Car -1 -1 -10 0.0 176.0 99.0 297.0 -1 -1 -1 -1000 -1000 -1000 -10 0.00012010335922241211
Car -1 -1 -10 1217.0 158.0 1241.0 196.0 -1 -1 -1 -1000 -1000 -1000 -10 0.00011962652206420898
Car -1 -1 -10 733.0 148.0 774.0 195.0 -1 -1 -1 -1000 -1000 -1000 -10 0.00011926889419555664
Car -1 -1 -10 697.0 146.0 736.0 194.0 -1 -1 -1 -1000 -1000 -1000 -10 0.00011444091796875
Car -1 -1 -10 369.0 192.0 444.0 260.0 -1 -1 -1 -1000 -1000 -1000 -10 0.00011366605758666992
Car -1 -1 -10 201.0 91.0 226.0 109.0 -1 -1 -1 -1000 -1000 -1000 -10 0.00011092424392700195
Car -1 -1 -10 0.0 166.0 95.0 280.0 -1 -1 -1 -1000 -1000 -1000 -10 0.00010955333709716797
Car -1 -1 -10 1207.0 194.0 1238.0 329.0 -1 -1 -1 -1000 -1000 -1000 -10 0.00010687112808227539
Car -1 -1 -10 749.0 127.0 794.0 188.0 -1 -1 -1 -1000 -1000 -1000 -10 0.00010675191879272461
Car -1 -1 -10 0.0 162.0 44.0 246.0 -1 -1 -1 -1000 -1000 -1000 -10 0.00010019540786743164
