Car -1 -1 -10 226.0 180.0 373.0 237.0 -1 -1 -1 -1000 -1000 -1000 -10 0.94970703125
Car -1 -1 -10 183.0 182.0 293.0 245.0 -1 -1 -1 -1000 -1000 -1000 -10 0.94921875
Car -1 -1 -10 0.0 179.0 218.0 291.0 -1 -1 -1 -1000 -1000 -1000 -10 0.9453125
Car -1 -1 -10 0.0 177.0 147.0 311.0 -1 -1 -1 -1000 -1000 -1000 -10 0.94482421875
Car -1 -1 -10 407.0 177.0 461.0 214.0 -1 -1 -1 -1000 -1000 -1000 -10 0.93115234375
Car -1 -1 -10 430.0 177.0 476.0 208.0 -1 -1 -1 -1000 -1000 -1000 -10 0.9306640625
Car -1 -1 -10 0.0 179.0 192.0 300.0 -1 -1 -1 -1000 -1000 -1000 -10 0.80810546875
Car -1 -1 -10 421.0 177.0 473.0 209.0 -1 -1 -1 -1000 -1000 -1000 -10 0.7685546875
Pedestrian -1 -1 -10 374.0 182.0 392.0 233.0 -1 -1 -1 -1000 -1000 -1000 -10 0.76171875
Pedestrian -1 -1 -10 374.0 185.0 389.0 235.0 -1 -1 -1 -1000 -1000 -1000 -10 0.343017578125
Pedestrian -1 -1 -10 377.0 187.0 391.0 235.0 -1 -1 -1 -1000 -1000 -1000 -10 0.33984375
Pedestrian -1 -1 -10 373.0 179.0 390.0 234.0 -1 -1 -1 -1000 -1000 -1000 -10 0.33544921875
Pedestrian -1 -1 -10 376.0 198.0 388.0 233.0 -1 -1 -1 -1000 -1000 -1000 -10 0.313720703125
Pedestrian -1 -1 -10 377.0 198.0 390.0 232.0 -1 -1 -1 -1000 -1000 -1000 -10 0.26416015625
Pedestrian -1 -1 -10 376.0 176.0 392.0 234.0 -1 -1 -1 -1000 -1000 -1000 -10 0.205322265625
Car -1 -1 -10 19.0 180.0 162.0 297.0 -1 -1 -1 -1000 -1000 -1000 -10 0.044830322265625
Pedestrian -1 -1 -10 369.0 190.0 383.0 231.0 -1 -1 -1 -1000 -1000 -1000 -10 0.03314208984375
Pedestrian -1 -1 -10 366.0 181.0 384.0 232.0 -1 -1 -1 -1000 -1000 -1000 -10 0.0205230712890625
Pedestrian -1 -1 -10 373.0 176.0 395.0 234.0 -1 -1 -1 -1000 -1000 -1000 -10 0.018035888671875
Pedestrian -1 -1 -10 371.0 181.0 393.0 234.0 -1 -1 -1 -1000 -1000 -1000 -10 0.01169586181640625
Pedestrian -1 -1 -10 376.0 205.0 388.0 235.0 -1 -1 -1 -1000 -1000 -1000 -10 0.01067352294921875
Pedestrian -1 -1 -10 372.0 176.0 389.0 228.0 -1 -1 -1 -1000 -1000 -1000 -10 0.0088043212890625
Pedestrian -1 -1 -10 376.0 177.0 391.0 226.0 -1 -1 -1 -1000 -1000 -1000 -10 0.005596160888671875
Pedestrian -1 -1 -10 375.0 185.0 394.0 236.0 -1 -1 -1 -1000 -1000 -1000 -10 0.005435943603515625
Car -1 -1 -10 444.0 177.0 485.0 203.0 -1 -1 -1 -1000 -1000 -1000 -10 0.00391387939453125
Car -1 -1 -10 0.0 196.0 28.0 366.0 -1 -1 -1 -1000 -1000 -1000 -10 0.0030059814453125
Car -1 -1 -10 450.0 178.0 489.0 203.0 -1 -1 -1 -1000 -1000 -1000 -10 0.0027713775634765625
Car -1 -1 -10 418.0 175.0 467.0 208.0 -1 -1 -1 -1000 -1000 -1000 -10 0.0019292831420898438
Car -1 -1 -10 0.0 185.0 31.0 335.0 -1 -1 -1 -1000 -1000 -1000 -10 0.0015840530395507812
Car -1 -1 -10 0.0 211.0 41.0 375.0 -1 -1 -1 -1000 -1000 -1000 -10 0.0014495849609375
Car -1 -1 -10 454.0 177.0 487.0 202.0 -1 -1 -1 -1000 -1000 -1000 -10 0.0014286041259765625
Car -1 -1 -10 0.0 195.0 51.0 354.0 -1 -1 -1 -1000 -1000 -1000 -10 0.0013217926025390625
Car -1 -1 -10 415.0 172.0 468.0 213.0 -1 -1 -1 -1000 -1000 -1000 -10 0.0012073516845703125
Car -1 -1 -10 0.0 215.0 30.0 374.0 -1 -1 -1 -1000 -1000 -1000 -10 0.0012063980102539062
Car -1 -1 -10 401.0 164.0 468.0 232.0 -1 -1 -1 -1000 -1000 -1000 -10 0.0011358261108398438
Car -1 -1 -10 409.0 180.0 463.0 217.0 -1 -1 -1 -1000 -1000 -1000 -10 0.0011301040649414062
Car -1 -1 -10 275.0 182.0 316.0 234.0 -1 -1 -1 -1000 -1000 -1000 -10 0.0010900497436523438
Pedestrian -1 -1 -10 377.0 210.0 386.0 238.0 -1 -1 -1 -1000 -1000 -1000 -10 0.0008320808410644531
Car -1 -1 -10 401.0 161.0 466.0 222.0 -1 -1 -1 -1000 -1000 -1000 -10 0.0008039474487304688
Pedestrian -1 -1 -10 375.0 174.0 391.0 218.0 -1 -1 -1 -1000 -1000 -1000 -10 0.0007424354553222656
Car -1 -1 -10 0.0 193.0 61.0 325.0 -1 -1 -1 -1000 -1000 -1000 -10 0.0007395744323730469
Pedestrian -1 -1 -10 363.0 176.0 381.0 226.0 -1 -1 -1 -1000 -1000 -1000 -10 0.0006651878356933594
Car -1 -1 -10 387.0 177.0 433.0 209.0 -1 -1 -1 -1000 -1000 -1000 -10 0.000640869140625
Car -1 -1 -10 413.0 164.0 492.0 230.0 -1 -1 -1 -1000 -1000 -1000 -10 0.0005931854248046875
Car -1 -1 -10 162.0 162.0 306.0 266.0 -1 -1 -1 -1000 -1000 -1000 -10 0.00054931640625
Car -1 -1 -10 175.0 164.0 330.0 264.0 -1 -1 -1 -1000 -1000 -1000 -10 0.0005087852478027344
Car -1 -1 -10 0.0 165.0 29.0 327.0 -1 -1 -1 -1000 -1000 -1000 -10 0.0005030632019042969
Car -1 -1 -10 5.0 184.0 83.0 320.0 -1 -1 -1 -1000 -1000 -1000 -10 0.00049591064453125
Car -1 -1 -10 402.0 177.0 446.0 211.0 -1 -1 -1 -1000 -1000 -1000 -10 0.0004742145538330078
Car -1 -1 -10 0.0 201.0 36.0 327.0 -1 -1 -1 -1000 -1000 -1000 -10 0.00047326087951660156
Car -1 -1 -10 390.0 180.0 427.0 212.0 -1 -1 -1 -1000 -1000 -1000 -10 0.0004715919494628906
Pedestrian -1 -1 -10 383.0 180.0 405.0 224.0 -1 -1 -1 -1000 -1000 -1000 -10 0.00047135353088378906
Car -1 -1 -10 0.0 215.0 49.0 329.0 -1 -1 -1 -1000 -1000 -1000 -10 0.00045990943908691406
Car -1 -1 -10 395.0 168.0 465.0 227.0 -1 -1 -1 -1000 -1000 -1000 -10 0.00045680999755859375
Pedestrian -1 -1 -10 366.0 202.0 380.0 233.0 -1 -1 -1 -1000 -1000 -1000 -10 0.00042319297790527344
Car -1 -1 -10 0.0 202.0 140.0 311.0 -1 -1 -1 -1000 -1000 -1000 -10 0.00041556358337402344
Car -1 -1 -10 0.0 229.0 30.0 358.0 -1 -1 -1 -1000 -1000 -1000 -10 0.000385284423828125
Pedestrian -1 -1 -10 379.0 211.0 388.0 237.0 -1 -1 -1 -1000 -1000 -1000 -10 0.00037217140197753906
Car -1 -1 -10 210.0 185.0 258.0 237.0 -1 -1 -1 -1000 -1000 -1000 -10 0.0003578662872314453
Pedestrian -1 -1 -10 382.0 194.0 396.0 231.0 -1 -1 -1 -1000 -1000 -1000 -10 0.0003337860107421875
Car -1 -1 -10 202.0 157.0 402.0 268.0 -1 -1 -1 -1000 -1000 -1000 -10 0.0003311634063720703
Car -1 -1 -10 344.0 133.0 520.0 277.0 -1 -1 -1 -1000 -1000 -1000 -10 0.0003292560577392578
Car -1 -1 -10 39.0 182.0 181.0 282.0 -1 -1 -1 -1000 -1000 -1000 -10 0.00029850006103515625
Car -1 -1 -10 349.0 124.0 513.0 243.0 -1 -1 -1 -1000 -1000 -1000 -10 0.0002925395965576172
Car -1 -1 -10 0.0 222.0 71.0 324.0 -1 -1 -1 -1000 -1000 -1000 -10 0.0002841949462890625
Car -1 -1 -10 0.0 188.0 139.0 304.0 -1 -1 -1 -1000 -1000 -1000 -10 0.0002799034118652344
Car -1 -1 -10 0.0 238.0 18.0 368.0 -1 -1 -1 -1000 -1000 -1000 -10 0.0002694129943847656
Car -1 -1 -10 0.0 243.0 27.0 375.0 -1 -1 -1 -1000 -1000 -1000 -10 0.0002218484878540039
Car -1 -1 -10 376.0 137.0 548.0 273.0 -1 -1 -1 -1000 -1000 -1000 -10 0.0002181529998779297
Car -1 -1 -10 454.0 174.0 500.0 200.0 -1 -1 -1 -1000 -1000 -1000 -10 0.00021016597747802734
Car -1 -1 -10 0.0 241.0 46.0 364.0 -1 -1 -1 -1000 -1000 -1000 -10 0.0002008676528930664
Pedestrian -1 -1 -10 640.0 0.0 682.0 36.0 -1 -1 -1 -1000 -1000 -1000 -10 0.00019752979278564453
Car -1 -1 -10 227.0 182.0 354.0 230.0 -1 -1 -1 -1000 -1000 -1000 -10 0.00019681453704833984
Car -1 -1 -10 634.0 0.0 681.0 38.0 -1 -1 -1 -1000 -1000 -1000 -10 0.00018107891082763672
Car -1 -1 -10 0.0 231.0 50.0 375.0 -1 -1 -1 -1000 -1000 -1000 -10 0.00017642974853515625
Car -1 -1 -10 0.0 190.0 47.0 320.0 -1 -1 -1 -1000 -1000 -1000 -10 0.00017011165618896484
Car -1 -1 -10 390.0 177.0 425.0 206.0 -1 -1 -1 -1000 -1000 -1000 -10 0.00015974044799804688
Car -1 -1 -10 196.0 181.0 299.0 241.0 -1 -1 -1 -1000 -1000 -1000 -10 0.0001537799835205078
Car -1 -1 -10 0.0 174.0 116.0 326.0 -1 -1 -1 -1000 -1000 -1000 -10 0.00015056133270263672
Car -1 -1 -10 428.0 174.0 477.0 210.0 -1 -1 -1 -1000 -1000 -1000 -10 0.00015044212341308594
Car -1 -1 -10 0.0 169.0 57.0 320.0 -1 -1 -1 -1000 -1000 -1000 -10 0.0001437664031982422
Car -1 -1 -10 0.0 218.0 33.0 326.0 -1 -1 -1 -1000 -1000 -1000 -10 0.00014340877532958984
Pedestrian -1 -1 -10 365.0 201.0 382.0 234.0 -1 -1 -1 -1000 -1000 -1000 -10 0.000133514404296875
Car -1 -1 -10 0.0 221.0 17.0 350.0 -1 -1 -1 -1000 -1000 -1000 -10 0.00013315677642822266
Car -1 -1 -10 0.0 213.0 94.0 370.0 -1 -1 -1 -1000 -1000 -1000 -10 0.00012814998626708984
Pedestrian -1 -1 -10 375.0 210.0 387.0 238.0 -1 -1 -1 -1000 -1000 -1000 -10 0.00012493133544921875
Car -1 -1 -10 391.0 179.0 419.0 211.0 -1 -1 -1 -1000 -1000 -1000 -10 0.00010967254638671875
Pedestrian -1 -1 -10 365.0 170.0 382.0 217.0 -1 -1 -1 -1000 -1000 -1000 -10 0.00010836124420166016
Car -1 -1 -10 259.0 181.0 376.0 233.0 -1 -1 -1 -1000 -1000 -1000 -10 0.00010210275650024414
