Car -1 -1 -10 592.0 159.0 623.0 188.0 -1 -1 -1 -1000 -1000 -1000 -10 0.94189453125
Car -1 -1 -10 275.0 183.0 324.0 207.0 -1 -1 -1 -1000 -1000 -1000 -10 0.93408203125
Car -1 -1 -10 561.0 172.0 583.0 193.0 -1 -1 -1 -1000 -1000 -1000 -10 0.93212890625
Car -1 -1 -10 358.0 182.0 394.0 202.0 -1 -1 -1 -1000 -1000 -1000 -10 0.92919921875
Car -1 -1 -10 197.0 190.0 250.0 212.0 -1 -1 -1 -1000 -1000 -1000 -10 0.87939453125
Car -1 -1 -10 0.0 185.0 30.0 257.0 -1 -1 -1 -1000 -1000 -1000 -10 0.8330078125
Car -1 -1 -10 0.0 191.0 33.0 252.0 -1 -1 -1 -1000 -1000 -1000 -10 0.05792236328125
Car -1 -1 -10 0.0 186.0 28.0 248.0 -1 -1 -1 -1000 -1000 -1000 -10 0.031341552734375
Car -1 -1 -10 0.0 187.0 38.0 257.0 -1 -1 -1 -1000 -1000 -1000 -10 0.016265869140625
Car -1 -1 -10 0.0 190.0 25.0 262.0 -1 -1 -1 -1000 -1000 -1000 -10 0.004795074462890625
Car -1 -1 -10 197.0 192.0 249.0 214.0 -1 -1 -1 -1000 -1000 -1000 -10 0.0024127960205078125
Car -1 -1 -10 0.0 185.0 47.0 253.0 -1 -1 -1 -1000 -1000 -1000 -10 0.0017538070678710938
Car -1 -1 -10 0.0 176.0 29.0 250.0 -1 -1 -1 -1000 -1000 -1000 -10 0.0016412734985351562
Car -1 -1 -10 1.0 197.0 33.0 260.0 -1 -1 -1 -1000 -1000 -1000 -10 0.0014371871948242188
Car -1 -1 -10 0.0 174.0 34.0 253.0 -1 -1 -1 -1000 -1000 -1000 -10 0.001277923583984375
Car -1 -1 -10 356.0 176.0 397.0 206.0 -1 -1 -1 -1000 -1000 -1000 -10 0.0011339187622070312
Car -1 -1 -10 274.0 186.0 325.0 210.0 -1 -1 -1 -1000 -1000 -1000 -10 0.0007643699645996094
Car -1 -1 -10 0.0 176.0 23.0 247.0 -1 -1 -1 -1000 -1000 -1000 -10 0.0007104873657226562
Car -1 -1 -10 357.0 180.0 397.0 209.0 -1 -1 -1 -1000 -1000 -1000 -10 0.0006461143493652344
Car -1 -1 -10 275.0 180.0 326.0 212.0 -1 -1 -1 -1000 -1000 -1000 -10 0.0005807876586914062
Car -1 -1 -10 561.0 167.0 584.0 197.0 -1 -1 -1 -1000 -1000 -1000 -10 0.0005164146423339844
Car -1 -1 -10 194.0 185.0 251.0 215.0 -1 -1 -1 -1000 -1000 -1000 -10 0.0004935264587402344
Car -1 -1 -10 0.0 182.0 49.0 262.0 -1 -1 -1 -1000 -1000 -1000 -10 0.0004892349243164062
Car -1 -1 -10 591.0 156.0 624.0 191.0 -1 -1 -1 -1000 -1000 -1000 -10 0.0004038810729980469
Car -1 -1 -10 0.0 205.0 28.0 265.0 -1 -1 -1 -1000 -1000 -1000 -10 0.0003676414489746094
Car -1 -1 -10 0.0 201.0 19.0 270.0 -1 -1 -1 -1000 -1000 -1000 -10 0.0003521442413330078
Car -1 -1 -10 0.0 205.0 23.0 282.0 -1 -1 -1 -1000 -1000 -1000 -10 0.0003161430358886719
Car -1 -1 -10 353.0 180.0 389.0 200.0 -1 -1 -1 -1000 -1000 -1000 -10 0.0002739429473876953
Car -1 -1 -10 196.0 186.0 250.0 209.0 -1 -1 -1 -1000 -1000 -1000 -10 0.0002422332763671875
Car -1 -1 -10 593.0 164.0 623.0 192.0 -1 -1 -1 -1000 -1000 -1000 -10 0.0001685619354248047
Car -1 -1 -10 554.0 170.0 580.0 192.0 -1 -1 -1 -1000 -1000 -1000 -10 0.00015366077423095703
Car -1 -1 -10 0.0 210.0 18.0 262.0 -1 -1 -1 -1000 -1000 -1000 -10 0.0001506805419921875
Car -1 -1 -10 597.0 160.0 628.0 185.0 -1 -1 -1 -1000 -1000 -1000 -10 0.00013196468353271484
Car -1 -1 -10 1223.0 201.0 1242.0 321.0 -1 -1 -1 -1000 -1000 -1000 -10 0.00012874603271484375
Car -1 -1 -10 464.0 0.0 539.0 49.0 -1 -1 -1 -1000 -1000 -1000 -10 0.00012153387069702148
Car -1 -1 -10 278.0 180.0 324.0 204.0 -1 -1 -1 -1000 -1000 -1000 -10 0.00011903047561645508
Car -1 -1 -10 474.0 0.0 548.0 49.0 -1 -1 -1 -1000 -1000 -1000 -10 0.00011593103408813477
Car -1 -1 -10 0.0 152.0 45.0 249.0 -1 -1 -1 -1000 -1000 -1000 -10 0.0001138448715209961
Car -1 -1 -10 564.0 172.0 586.0 192.0 -1 -1 -1 -1000 -1000 -1000 -10 0.00011044740676879883
Car -1 -1 -10 1217.0 211.0 1242.0 351.0 -1 -1 -1 -1000 -1000 -1000 -10 0.00010818243026733398
