Car -1 -1 -10 553.0 170.0 711.0 324.0 -1 -1 -1 -1000 -1000 -1000 -10 0.96875
Cyclist -1 -1 -10 220.0 173.0 252.0 214.0 -1 -1 -1 -1000 -1000 -1000 -10 0.943359375
Car -1 -1 -10 474.0 173.0 496.0 189.0 -1 -1 -1 -1000 -1000 -1000 -10 0.77587890625
Car -1 -1 -10 473.0 175.0 496.0 190.0 -1 -1 -1 -1000 -1000 -1000 -10 0.0065765380859375
Cyclist -1 -1 -10 222.0 175.0 255.0 214.0 -1 -1 -1 -1000 -1000 -1000 -10 0.005771636962890625
Cyclist -1 -1 -10 375.0 176.0 385.0 192.0 -1 -1 -1 -1000 -1000 -1000 -10 0.0055084228515625
Car -1 -1 -10 475.0 172.0 500.0 189.0 -1 -1 -1 -1000 -1000 -1000 -10 0.0032596588134765625
Cyclist -1 -1 -10 376.0 177.0 385.0 193.0 -1 -1 -1 -1000 -1000 -1000 -10 0.002025604248046875
Cyclist -1 -1 -10 217.0 174.0 255.0 211.0 -1 -1 -1 -1000 -1000 -1000 -10 0.0016307830810546875
Car -1 -1 -10 427.0 98.0 443.0 111.0 -1 -1 -1 -1000 -1000 -1000 -10 0.0008020401000976562
Cyclist -1 -1 -10 0.0 183.0 13.0 244.0 -1 -1 -1 -1000 -1000 -1000 -10 0.0006642341613769531
Cyclist -1 -1 -10 0.0 186.0 15.0 241.0 -1 -1 -1 -1000 -1000 -1000 -10 0.0005083084106445312
Car -1 -1 -10 423.0 97.0 446.0 111.0 -1 -1 -1 -1000 -1000 -1000 -10 0.0004832744598388672
Car -1 -1 -10 0.0 191.0 13.0 253.0 -1 -1 -1 -1000 -1000 -1000 -10 0.0004553794860839844
Car -1 -1 -10 0.0 188.0 15.0 245.0 -1 -1 -1 -1000 -1000 -1000 -10 0.00041604042053222656
Cyclist -1 -1 -10 0.0 190.0 12.0 237.0 -1 -1 -1 -1000 -1000 -1000 -10 0.00038933753967285156
Car -1 -1 -10 0.0 193.0 15.0 250.0 -1 -1 -1 -1000 -1000 -1000 -10 0.0003495216369628906
Cyclist -1 -1 -10 365.0 177.0 376.0 193.0 -1 -1 -1 -1000 -1000 -1000 -10 0.00031685829162597656
Cyclist -1 -1 -10 374.0 176.0 387.0 192.0 -1 -1 -1 -1000 -1000 -1000 -10 0.00030994415283203125
Cyclist -1 -1 -10 339.0 178.0 351.0 195.0 -1 -1 -1 -1000 -1000 -1000 -10 0.00028896331787109375
Cyclist -1 -1 -10 0.0 177.0 12.0 231.0 -1 -1 -1 -1000 -1000 -1000 -10 0.00028705596923828125
Cyclist -1 -1 -10 372.0 172.0 384.0 190.0 -1 -1 -1 -1000 -1000 -1000 -10 0.00027751922607421875
Cyclist -1 -1 -10 1214.0 152.0 1242.0 374.0 -1 -1 -1 -1000 -1000 -1000 -10 0.00026917457580566406
Car -1 -1 -10 0.0 197.0 12.0 246.0 -1 -1 -1 -1000 -1000 -1000 -10 0.0002658367156982422
Car -1 -1 -10 0.0 193.0 17.0 267.0 -1 -1 -1 -1000 -1000 -1000 -10 0.00022363662719726562
Car -1 -1 -10 0.0 193.0 13.0 265.0 -1 -1 -1 -1000 -1000 -1000 -10 0.00022017955780029297
Cyclist -1 -1 -10 0.0 180.0 14.0 229.0 -1 -1 -1 -1000 -1000 -1000 -10 0.00019121170043945312
Car -1 -1 -10 469.0 173.0 492.0 188.0 -1 -1 -1 -1000 -1000 -1000 -10 0.00018739700317382812
Cyclist -1 -1 -10 0.0 182.0 11.0 225.0 -1 -1 -1 -1000 -1000 -1000 -10 0.0001837015151977539
Cyclist -1 -1 -10 0.0 185.0 19.0 238.0 -1 -1 -1 -1000 -1000 -1000 -10 0.00018358230590820312
Car -1 -1 -10 428.0 96.0 442.0 109.0 -1 -1 -1 -1000 -1000 -1000 -10 0.00018072128295898438
Cyclist -1 -1 -10 1195.0 152.0 1242.0 372.0 -1 -1 -1 -1000 -1000 -1000 -10 0.00015604496002197266
Cyclist -1 -1 -10 0.0 171.0 10.0 220.0 -1 -1 -1 -1000 -1000 -1000 -10 0.00015032291412353516
Car -1 -1 -10 471.0 168.0 498.0 195.0 -1 -1 -1 -1000 -1000 -1000 -10 0.0001461505889892578
Cyclist -1 -1 -10 0.0 179.0 15.0 231.0 -1 -1 -1 -1000 -1000 -1000 -10 0.00014591217041015625
Cyclist -1 -1 -10 0.0 190.0 20.0 252.0 -1 -1 -1 -1000 -1000 -1000 -10 0.00014317035675048828
Cyclist -1 -1 -10 338.0 179.0 350.0 196.0 -1 -1 -1 -1000 -1000 -1000 -10 0.00012946128845214844
Car -1 -1 -10 0.0 190.0 23.0 243.0 -1 -1 -1 -1000 -1000 -1000 -10 0.00012481212615966797
Cyclist -1 -1 -10 376.0 177.0 386.0 193.0 -1 -1 -1 -1000 -1000 -1000 -10 0.0001227855682373047
Car -1 -1 -10 1214.0 174.0 1242.0 375.0 -1 -1 -1 -1000 -1000 -1000 -10 0.00012004375457763672
Car -1 -1 -10 472.0 164.0 498.0 185.0 -1 -1 -1 -1000 -1000 -1000 -10 0.00011211633682250977
Cyclist -1 -1 -10 0.0 183.0 23.0 250.0 -1 -1 -1 -1000 -1000 -1000 -10 0.0001087188720703125
Cyclist -1 -1 -10 336.0 176.0 351.0 198.0 -1 -1 -1 -1000 -1000 -1000 -10 0.00010782480239868164
Cyclist -1 -1 -10 0.0 176.0 9.0 215.0 -1 -1 -1 -1000 -1000 -1000 -10 0.00010579824447631836
