Car -1 -1 -10 553.0 175.0 622.0 236.0 -1 -1 -1 -1000 -1000 -1000 -10 0.9716796875
Car -1 -1 -10 28.0 203.0 425.0 373.0 -1 -1 -1 -1000 -1000 -1000 -10 0.970703125
Car -1 -1 -10 353.0 185.0 494.0 275.0 -1 -1 -1 -1000 -1000 -1000 -10 0.9677734375
Car -1 -1 -10 448.0 174.0 525.0 236.0 -1 -1 -1 -1000 -1000 -1000 -10 0.95654296875
Car -1 -1 -10 503.0 174.0 552.0 215.0 -1 -1 -1 -1000 -1000 -1000 -10 0.94287109375
Car -1 -1 -10 1.0 194.0 114.0 326.0 -1 -1 -1 -1000 -1000 -1000 -10 0.94287109375
Car -1 -1 -10 330.0 179.0 387.0 210.0 -1 -1 -1 -1000 -1000 -1000 -10 0.927734375
Car -1 -1 -10 232.0 178.0 363.0 245.0 -1 -1 -1 -1000 -1000 -1000 -10 0.9228515625
Car -1 -1 -10 380.0 175.0 446.0 220.0 -1 -1 -1 -1000 -1000 -1000 -10 0.91748046875
Car -1 -1 -10 366.0 176.0 466.0 231.0 -1 -1 -1 -1000 -1000 -1000 -10 0.2401123046875
Car -1 -1 -10 357.0 176.0 436.0 216.0 -1 -1 -1 -1000 -1000 -1000 -10 0.232421875
Car -1 -1 -10 232.0 177.0 340.0 234.0 -1 -1 -1 -1000 -1000 -1000 -10 0.1177978515625
Car -1 -1 -10 0.0 184.0 37.0 262.0 -1 -1 -1 -1000 -1000 -1000 -10 0.03741455078125
Car -1 -1 -10 0.0 186.0 30.0 265.0 -1 -1 -1 -1000 -1000 -1000 -10 0.0316162109375
Car -1 -1 -10 227.0 180.0 374.0 251.0 -1 -1 -1 -1000 -1000 -1000 -10 0.0180816650390625
Car -1 -1 -10 231.0 177.0 323.0 230.0 -1 -1 -1 -1000 -1000 -1000 -10 0.014862060546875
Car -1 -1 -10 389.0 176.0 440.0 219.0 -1 -1 -1 -1000 -1000 -1000 -10 0.01470947265625
Car -1 -1 -10 1.0 188.0 46.0 257.0 -1 -1 -1 -1000 -1000 -1000 -10 0.0130615234375
Car -1 -1 -10 0.0 184.0 51.0 273.0 -1 -1 -1 -1000 -1000 -1000 -10 0.009185791015625
Car -1 -1 -10 0.0 176.0 26.0 255.0 -1 -1 -1 -1000 -1000 -1000 -10 0.008270263671875
Car -1 -1 -10 1.0 192.0 31.0 252.0 -1 -1 -1 -1000 -1000 -1000 -10 0.007476806640625
Car -1 -1 -10 0.0 175.0 19.0 261.0 -1 -1 -1 -1000 -1000 -1000 -10 0.005580902099609375
Car -1 -1 -10 376.0 177.0 439.0 217.0 -1 -1 -1 -1000 -1000 -1000 -10 0.005283355712890625
Car -1 -1 -10 0.0 190.0 90.0 282.0 -1 -1 -1 -1000 -1000 -1000 -10 0.0036106109619140625
Car -1 -1 -10 334.0 178.0 383.0 208.0 -1 -1 -1 -1000 -1000 -1000 -10 0.00333404541015625
Car -1 -1 -10 0.0 171.0 46.0 258.0 -1 -1 -1 -1000 -1000 -1000 -10 0.0028285980224609375
Car -1 -1 -10 2.0 192.0 41.0 252.0 -1 -1 -1 -1000 -1000 -1000 -10 0.0026340484619140625
Car -1 -1 -10 0.0 182.0 60.0 275.0 -1 -1 -1 -1000 -1000 -1000 -10 0.0026226043701171875
Car -1 -1 -10 379.0 179.0 450.0 234.0 -1 -1 -1 -1000 -1000 -1000 -10 0.0022335052490234375
Car -1 -1 -10 0.0 187.0 15.0 272.0 -1 -1 -1 -1000 -1000 -1000 -10 0.0021114349365234375
Car -1 -1 -10 305.0 172.0 391.0 236.0 -1 -1 -1 -1000 -1000 -1000 -10 0.001827239990234375
Car -1 -1 -10 382.0 173.0 444.0 213.0 -1 -1 -1 -1000 -1000 -1000 -10 0.0016717910766601562
Car -1 -1 -10 1.0 187.0 17.0 247.0 -1 -1 -1 -1000 -1000 -1000 -10 0.0014963150024414062
Car -1 -1 -10 387.0 175.0 452.0 219.0 -1 -1 -1 -1000 -1000 -1000 -10 0.001209259033203125
Car -1 -1 -10 239.0 177.0 366.0 237.0 -1 -1 -1 -1000 -1000 -1000 -10 0.0011339187622070312
Car -1 -1 -10 374.0 168.0 449.0 229.0 -1 -1 -1 -1000 -1000 -1000 -10 0.0011110305786132812
Car -1 -1 -10 370.0 181.0 452.0 228.0 -1 -1 -1 -1000 -1000 -1000 -10 0.001026153564453125
Car -1 -1 -10 329.0 177.0 388.0 215.0 -1 -1 -1 -1000 -1000 -1000 -10 0.0009851455688476562
Car -1 -1 -10 217.0 166.0 390.0 271.0 -1 -1 -1 -1000 -1000 -1000 -10 0.0007748603820800781
Car -1 -1 -10 523.0 149.0 668.0 265.0 -1 -1 -1 -1000 -1000 -1000 -10 0.0007123947143554688
Car -1 -1 -10 227.0 162.0 375.0 265.0 -1 -1 -1 -1000 -1000 -1000 -10 0.0006880760192871094
Car -1 -1 -10 4.0 197.0 91.0 334.0 -1 -1 -1 -1000 -1000 -1000 -10 0.0006747245788574219
Car -1 -1 -10 2.0 198.0 31.0 260.0 -1 -1 -1 -1000 -1000 -1000 -10 0.0006513595581054688
Car -1 -1 -10 2.0 190.0 70.0 255.0 -1 -1 -1 -1000 -1000 -1000 -10 0.00061798095703125
Car -1 -1 -10 118.0 202.0 423.0 371.0 -1 -1 -1 -1000 -1000 -1000 -10 0.0006093978881835938
Car -1 -1 -10 334.0 179.0 395.0 212.0 -1 -1 -1 -1000 -1000 -1000 -10 0.0005965232849121094
Car -1 -1 -10 0.0 172.0 16.0 248.0 -1 -1 -1 -1000 -1000 -1000 -10 0.0005788803100585938
Car -1 -1 -10 140.0 195.0 393.0 329.0 -1 -1 -1 -1000 -1000 -1000 -10 0.0005397796630859375
Car -1 -1 -10 1.0 184.0 95.0 271.0 -1 -1 -1 -1000 -1000 -1000 -10 0.00042128562927246094
Car -1 -1 -10 236.0 173.0 328.0 220.0 -1 -1 -1 -1000 -1000 -1000 -10 0.00041222572326660156
Car -1 -1 -10 0.0 182.0 27.0 240.0 -1 -1 -1 -1000 -1000 -1000 -10 0.00040030479431152344
Car -1 -1 -10 332.0 173.0 498.0 279.0 -1 -1 -1 -1000 -1000 -1000 -10 0.0003790855407714844
Car -1 -1 -10 320.0 161.0 392.0 223.0 -1 -1 -1 -1000 -1000 -1000 -10 0.00036215782165527344
Car -1 -1 -10 218.0 181.0 333.0 244.0 -1 -1 -1 -1000 -1000 -1000 -10 0.0003082752227783203
Car -1 -1 -10 262.0 143.0 438.0 280.0 -1 -1 -1 -1000 -1000 -1000 -10 0.0003044605255126953
Car -1 -1 -10 407.0 151.0 549.0 266.0 -1 -1 -1 -1000 -1000 -1000 -10 0.0003032684326171875
Car -1 -1 -10 1.0 185.0 63.0 249.0 -1 -1 -1 -1000 -1000 -1000 -10 0.00029850006103515625
Car -1 -1 -10 0.0 198.0 13.0 259.0 -1 -1 -1 -1000 -1000 -1000 -10 0.0002968311309814453
Car -1 -1 -10 0.0 153.0 51.0 252.0 -1 -1 -1 -1000 -1000 -1000 -10 0.00028705596923828125
Car -1 -1 -10 324.0 137.0 482.0 249.0 -1 -1 -1 -1000 -1000 -1000 -10 0.0002598762512207031
Car -1 -1 -10 528.0 154.0 659.0 250.0 -1 -1 -1 -1000 -1000 -1000 -10 0.0002579689025878906
Car -1 -1 -10 0.0 194.0 13.0 291.0 -1 -1 -1 -1000 -1000 -1000 -10 0.00024187564849853516
Car -1 -1 -10 228.0 190.0 327.0 249.0 -1 -1 -1 -1000 -1000 -1000 -10 0.00023639202117919922
Car -1 -1 -10 6.0 229.0 121.0 329.0 -1 -1 -1 -1000 -1000 -1000 -10 0.0002338886260986328
Car -1 -1 -10 110.0 191.0 414.0 352.0 -1 -1 -1 -1000 -1000 -1000 -10 0.00022494792938232422
Car -1 -1 -10 0.0 200.0 26.0 305.0 -1 -1 -1 -1000 -1000 -1000 -10 0.0002225637435913086
Car -1 -1 -10 3.0 199.0 40.0 260.0 -1 -1 -1 -1000 -1000 -1000 -10 0.00021445751190185547
Car -1 -1 -10 492.0 161.0 554.0 224.0 -1 -1 -1 -1000 -1000 -1000 -10 0.0002092123031616211
Car -1 -1 -10 1.0 191.0 110.0 291.0 -1 -1 -1 -1000 -1000 -1000 -10 0.0001933574676513672
Car -1 -1 -10 0.0 181.0 15.0 239.0 -1 -1 -1 -1000 -1000 -1000 -10 0.000186920166015625
Car -1 -1 -10 260.0 119.0 442.0 249.0 -1 -1 -1 -1000 -1000 -1000 -10 0.00017464160919189453
Car -1 -1 -10 231.0 185.0 367.0 259.0 -1 -1 -1 -1000 -1000 -1000 -10 0.00017273426055908203
Car -1 -1 -10 271.0 182.0 318.0 233.0 -1 -1 -1 -1000 -1000 -1000 -10 0.00017249584197998047
Car -1 -1 -10 415.0 154.0 546.0 249.0 -1 -1 -1 -1000 -1000 -1000 -10 0.00016951560974121094
Car -1 -1 -10 90.0 205.0 391.0 369.0 -1 -1 -1 -1000 -1000 -1000 -10 0.00016796588897705078
Car -1 -1 -10 0.0 212.0 121.0 365.0 -1 -1 -1 -1000 -1000 -1000 -10 0.00016772747039794922
Car -1 -1 -10 0.0 189.0 33.0 297.0 -1 -1 -1 -1000 -1000 -1000 -10 0.00016760826110839844
Car -1 -1 -10 0.0 195.0 16.0 290.0 -1 -1 -1 -1000 -1000 -1000 -10 0.00016498565673828125
Car -1 -1 -10 351.0 185.0 481.0 265.0 -1 -1 -1 -1000 -1000 -1000 -10 0.00016009807586669922
Car -1 -1 -10 0.0 199.0 14.0 304.0 -1 -1 -1 -1000 -1000 -1000 -10 0.00015354156494140625
Car -1 -1 -10 513.0 171.0 557.0 210.0 -1 -1 -1 -1000 -1000 -1000 -10 0.00014960765838623047
Car -1 -1 -10 2.0 176.0 44.0 247.0 -1 -1 -1 -1000 -1000 -1000 -10 0.00014591217041015625
Car -1 -1 -10 0.0 191.0 36.0 295.0 -1 -1 -1 -1000 -1000 -1000 -10 0.00013768672943115234
Car -1 -1 -10 430.0 151.0 563.0 266.0 -1 -1 -1 -1000 -1000 -1000 -10 0.0001348257064819336
Car -1 -1 -10 228.0 187.0 351.0 250.0 -1 -1 -1 -1000 -1000 -1000 -10 0.00013399124145507812
Car -1 -1 -10 490.0 158.0 635.0 260.0 -1 -1 -1 -1000 -1000 -1000 -10 0.0001323223114013672
Car -1 -1 -10 456.0 178.0 528.0 234.0 -1 -1 -1 -1000 -1000 -1000 -10 0.00012814998626708984
Car -1 -1 -10 333.0 176.0 403.0 219.0 -1 -1 -1 -1000 -1000 -1000 -10 0.00012385845184326172
Car -1 -1 -10 392.0 182.0 439.0 230.0 -1 -1 -1 -1000 -1000 -1000 -10 0.00012135505676269531
Car -1 -1 -10 382.0 177.0 432.0 216.0 -1 -1 -1 -1000 -1000 -1000 -10 0.000118255615234375
Car -1 -1 -10 0.0 195.0 107.0 310.0 -1 -1 -1 -1000 -1000 -1000 -10 0.00010710954666137695
Car -1 -1 -10 0.0 175.0 124.0 308.0 -1 -1 -1 -1000 -1000 -1000 -10 0.0001061558723449707
