Car -1 -1 -10 571.0 175.0 618.0 220.0 -1 -1 -1 -1000 -1000 -1000 -10 0.96630859375
Car -1 -1 -10 240.0 177.0 292.0 199.0 -1 -1 -1 -1000 -1000 -1000 -10 0.9189453125
Car -1 -1 -10 283.0 177.0 323.0 196.0 -1 -1 -1 -1000 -1000 -1000 -10 0.91015625
Car -1 -1 -10 191.0 175.0 252.0 201.0 -1 -1 -1 -1000 -1000 -1000 -10 0.90869140625
Car -1 -1 -10 236.0 178.0 288.0 200.0 -1 -1 -1 -1000 -1000 -1000 -10 0.0101470947265625
Car -1 -1 -10 184.0 175.0 247.0 202.0 -1 -1 -1 -1000 -1000 -1000 -10 0.005176544189453125
Car -1 -1 -10 278.0 177.0 310.0 193.0 -1 -1 -1 -1000 -1000 -1000 -10 0.0033931732177734375
Car -1 -1 -10 192.0 175.0 243.0 200.0 -1 -1 -1 -1000 -1000 -1000 -10 0.0031795501708984375
Car -1 -1 -10 238.0 176.0 284.0 198.0 -1 -1 -1 -1000 -1000 -1000 -10 0.0021953582763671875
Car -1 -1 -10 277.0 179.0 310.0 196.0 -1 -1 -1 -1000 -1000 -1000 -10 0.0010738372802734375
Car -1 -1 -10 238.0 172.0 293.0 203.0 -1 -1 -1 -1000 -1000 -1000 -10 0.0009593963623046875
Car -1 -1 -10 282.0 171.0 326.0 201.0 -1 -1 -1 -1000 -1000 -1000 -10 0.0008568763732910156
Car -1 -1 -10 189.0 171.0 253.0 204.0 -1 -1 -1 -1000 -1000 -1000 -10 0.000728607177734375
Car -1 -1 -10 567.0 164.0 621.0 225.0 -1 -1 -1 -1000 -1000 -1000 -10 0.0006074905395507812
Car -1 -1 -10 279.0 175.0 326.0 207.0 -1 -1 -1 -1000 -1000 -1000 -10 0.000545501708984375
Car -1 -1 -10 233.0 180.0 271.0 198.0 -1 -1 -1 -1000 -1000 -1000 -10 0.00046181678771972656
Car -1 -1 -10 562.0 167.0 622.0 230.0 -1 -1 -1 -1000 -1000 -1000 -10 0.0004112720489501953
Car -1 -1 -10 287.0 179.0 325.0 196.0 -1 -1 -1 -1000 -1000 -1000 -10 0.0003085136413574219
Car -1 -1 -10 488.0 137.0 663.0 270.0 -1 -1 -1 -1000 -1000 -1000 -10 0.0002899169921875
Car -1 -1 -10 518.0 128.0 679.0 245.0 -1 -1 -1 -1000 -1000 -1000 -10 0.0002853870391845703
Car -1 -1 -10 510.0 132.0 685.0 275.0 -1 -1 -1 -1000 -1000 -1000 -10 0.0002282857894897461
Car -1 -1 -10 1010.0 351.0 1242.0 375.0 -1 -1 -1 -1000 -1000 -1000 -10 0.00017535686492919922
Car -1 -1 -10 242.0 180.0 292.0 206.0 -1 -1 -1 -1000 -1000 -1000 -10 0.00011849403381347656
