Car -1 -1 -10 519.0 162.0 740.0 373.0 -1 -1 -1 -1000 -1000 -1000 -10 0.97509765625
Car -1 -1 -10 377.0 185.0 417.0 204.0 -1 -1 -1 -1000 -1000 -1000 -10 0.95654296875
Car -1 -1 -10 717.0 125.0 918.0 217.0 -1 -1 -1 -1000 -1000 -1000 -10 0.955078125
Car -1 -1 -10 424.0 180.0 462.0 201.0 -1 -1 -1 -1000 -1000 -1000 -10 0.9501953125
Car -1 -1 -10 334.0 187.0 372.0 207.0 -1 -1 -1 -1000 -1000 -1000 -10 0.935546875
Car -1 -1 -10 193.0 186.0 274.0 218.0 -1 -1 -1 -1000 -1000 -1000 -10 0.9345703125
Car -1 -1 -10 609.0 178.0 703.0 214.0 -1 -1 -1 -1000 -1000 -1000 -10 0.0102386474609375
Car -1 -1 -10 611.0 176.0 697.0 211.0 -1 -1 -1 -1000 -1000 -1000 -10 0.004638671875
Car -1 -1 -10 619.0 179.0 693.0 212.0 -1 -1 -1 -1000 -1000 -1000 -10 0.0031528472900390625
Car -1 -1 -10 597.0 0.0 634.0 27.0 -1 -1 -1 -1000 -1000 -1000 -10 0.0028476715087890625
Car -1 -1 -10 332.0 189.0 371.0 208.0 -1 -1 -1 -1000 -1000 -1000 -10 0.0027923583984375
Car -1 -1 -10 340.0 102.0 367.0 122.0 -1 -1 -1 -1000 -1000 -1000 -10 0.00211334228515625
Car -1 -1 -10 1.0 8.0 55.0 334.0 -1 -1 -1 -1000 -1000 -1000 -10 0.00211334228515625
Car -1 -1 -10 375.0 178.0 420.0 209.0 -1 -1 -1 -1000 -1000 -1000 -10 0.0018224716186523438
Car -1 -1 -10 616.0 176.0 695.0 207.0 -1 -1 -1 -1000 -1000 -1000 -10 0.0017452239990234375
Car -1 -1 -10 601.0 177.0 702.0 220.0 -1 -1 -1 -1000 -1000 -1000 -10 0.0016965866088867188
Car -1 -1 -10 422.0 176.0 464.0 204.0 -1 -1 -1 -1000 -1000 -1000 -10 0.0015535354614257812
Car -1 -1 -10 741.0 143.0 894.0 207.0 -1 -1 -1 -1000 -1000 -1000 -10 0.0014524459838867188
Car -1 -1 -10 1.0 19.0 35.0 333.0 -1 -1 -1 -1000 -1000 -1000 -10 0.0013942718505859375
Car -1 -1 -10 600.0 177.0 692.0 216.0 -1 -1 -1 -1000 -1000 -1000 -10 0.0013580322265625
Car -1 -1 -10 0.0 0.0 65.0 329.0 -1 -1 -1 -1000 -1000 -1000 -10 0.0013523101806640625
Car -1 -1 -10 748.0 127.0 887.0 211.0 -1 -1 -1 -1000 -1000 -1000 -10 0.0010004043579101562
Car -1 -1 -10 331.0 184.0 373.0 211.0 -1 -1 -1 -1000 -1000 -1000 -10 0.0009660720825195312
Car -1 -1 -10 1.0 8.0 40.0 315.0 -1 -1 -1 -1000 -1000 -1000 -10 0.0009450912475585938
Car -1 -1 -10 610.0 172.0 697.0 216.0 -1 -1 -1 -1000 -1000 -1000 -10 0.0008435249328613281
Car -1 -1 -10 186.0 171.0 279.0 234.0 -1 -1 -1 -1000 -1000 -1000 -10 0.0008153915405273438
Car -1 -1 -10 563.0 164.0 696.0 366.0 -1 -1 -1 -1000 -1000 -1000 -10 0.0007543563842773438
Car -1 -1 -10 1.0 38.0 58.0 275.0 -1 -1 -1 -1000 -1000 -1000 -10 0.0006966590881347656
Car -1 -1 -10 333.0 180.0 376.0 212.0 -1 -1 -1 -1000 -1000 -1000 -10 0.0006957054138183594
Car -1 -1 -10 425.0 183.0 462.0 203.0 -1 -1 -1 -1000 -1000 -1000 -10 0.0006809234619140625
Car -1 -1 -10 0.0 63.0 29.0 328.0 -1 -1 -1 -1000 -1000 -1000 -10 0.0006527900695800781
Car -1 -1 -10 593.0 174.0 692.0 223.0 -1 -1 -1 -1000 -1000 -1000 -10 0.0005846023559570312
Car -1 -1 -10 0.0 71.0 28.0 285.0 -1 -1 -1 -1000 -1000 -1000 -10 0.0005693435668945312
Car -1 -1 -10 0.0 0.0 59.0 296.0 -1 -1 -1 -1000 -1000 -1000 -10 0.0005674362182617188
Car -1 -1 -10 0.0 64.0 52.0 318.0 -1 -1 -1 -1000 -1000 -1000 -10 0.00051116943359375
Car -1 -1 -10 1.0 50.0 35.0 275.0 -1 -1 -1 -1000 -1000 -1000 -10 0.00047969818115234375
Car -1 -1 -10 704.0 0.0 760.0 5.0 -1 -1 -1 -1000 -1000 -1000 -10 0.0004315376281738281
Car -1 -1 -10 372.0 183.0 410.0 203.0 -1 -1 -1 -1000 -1000 -1000 -10 0.00043082237243652344
Car -1 -1 -10 374.0 182.0 417.0 208.0 -1 -1 -1 -1000 -1000 -1000 -10 0.0003921985626220703
Car -1 -1 -10 420.0 177.0 458.0 198.0 -1 -1 -1 -1000 -1000 -1000 -10 0.00038886070251464844
Car -1 -1 -10 0.0 113.0 23.0 283.0 -1 -1 -1 -1000 -1000 -1000 -10 0.0003867149353027344
Car -1 -1 -10 617.0 178.0 684.0 218.0 -1 -1 -1 -1000 -1000 -1000 -10 0.00038623809814453125
Car -1 -1 -10 421.0 181.0 457.0 201.0 -1 -1 -1 -1000 -1000 -1000 -10 0.0003771781921386719
Car -1 -1 -10 605.0 179.0 706.0 224.0 -1 -1 -1 -1000 -1000 -1000 -10 0.00037217140197753906
Car -1 -1 -10 592.0 0.0 635.0 28.0 -1 -1 -1 -1000 -1000 -1000 -10 0.00036716461181640625
Car -1 -1 -10 184.0 187.0 265.0 219.0 -1 -1 -1 -1000 -1000 -1000 -10 0.00036215782165527344
Car -1 -1 -10 721.0 151.0 873.0 209.0 -1 -1 -1 -1000 -1000 -1000 -10 0.0003025531768798828
Car -1 -1 -10 160.0 135.0 330.0 278.0 -1 -1 -1 -1000 -1000 -1000 -10 0.0002875328063964844
Car -1 -1 -10 145.0 131.0 312.0 248.0 -1 -1 -1 -1000 -1000 -1000 -10 0.000278472900390625
Car -1 -1 -10 1.0 79.0 54.0 264.0 -1 -1 -1 -1000 -1000 -1000 -10 0.00026416778564453125
Car -1 -1 -10 602.0 177.0 709.0 235.0 -1 -1 -1 -1000 -1000 -1000 -10 0.000263214111328125
Car -1 -1 -10 196.0 182.0 274.0 213.0 -1 -1 -1 -1000 -1000 -1000 -10 0.0002486705780029297
Car -1 -1 -10 719.0 135.0 879.0 213.0 -1 -1 -1 -1000 -1000 -1000 -10 0.0002338886260986328
Car -1 -1 -10 207.0 188.0 258.0 214.0 -1 -1 -1 -1000 -1000 -1000 -10 0.00023090839385986328
Car -1 -1 -10 192.0 183.0 276.0 222.0 -1 -1 -1 -1000 -1000 -1000 -10 0.00022518634796142578
Car -1 -1 -10 1.0 86.0 33.0 269.0 -1 -1 -1 -1000 -1000 -1000 -10 0.00022470951080322266
Car -1 -1 -10 202.0 184.0 278.0 217.0 -1 -1 -1 -1000 -1000 -1000 -10 0.0002225637435913086
Car -1 -1 -10 0.0 53.0 62.0 321.0 -1 -1 -1 -1000 -1000 -1000 -10 0.00022149085998535156
Car -1 -1 -10 619.0 173.0 707.0 211.0 -1 -1 -1 -1000 -1000 -1000 -10 0.0002199411392211914
Car -1 -1 -10 778.0 193.0 867.0 216.0 -1 -1 -1 -1000 -1000 -1000 -10 0.00019991397857666016
Car -1 -1 -10 626.0 174.0 703.0 207.0 -1 -1 -1 -1000 -1000 -1000 -10 0.00018870830535888672
Car -1 -1 -10 332.0 99.0 365.0 122.0 -1 -1 -1 -1000 -1000 -1000 -10 0.0001766681671142578
Car -1 -1 -10 0.0 165.0 18.0 270.0 -1 -1 -1 -1000 -1000 -1000 -10 0.0001748800277709961
Car -1 -1 -10 779.0 193.0 855.0 214.0 -1 -1 -1 -1000 -1000 -1000 -10 0.00016939640045166016
Car -1 -1 -10 1.0 64.0 39.0 258.0 -1 -1 -1 -1000 -1000 -1000 -10 0.0001671314239501953
Car -1 -1 -10 0.0 207.0 18.0 324.0 -1 -1 -1 -1000 -1000 -1000 -10 0.00015616416931152344
Car -1 -1 -10 0.0 124.0 29.0 271.0 -1 -1 -1 -1000 -1000 -1000 -10 0.0001538991928100586
Car -1 -1 -10 0.0 215.0 22.0 353.0 -1 -1 -1 -1000 -1000 -1000 -10 0.00015342235565185547
Car -1 -1 -10 602.0 177.0 684.0 212.0 -1 -1 -1 -1000 -1000 -1000 -10 0.00014507770538330078
Car -1 -1 -10 0.0 118.0 46.0 274.0 -1 -1 -1 -1000 -1000 -1000 -10 0.00013828277587890625
Car -1 -1 -10 0.0 229.0 23.0 366.0 -1 -1 -1 -1000 -1000 -1000 -10 0.00013589859008789062
Car -1 -1 -10 627.0 179.0 698.0 215.0 -1 -1 -1 -1000 -1000 -1000 -10 0.0001354217529296875
Car -1 -1 -10 766.0 193.0 845.0 214.0 -1 -1 -1 -1000 -1000 -1000 -10 0.00012177228927612305
Car -1 -1 -10 633.0 178.0 681.0 209.0 -1 -1 -1 -1000 -1000 -1000 -10 0.00011599063873291016
Car -1 -1 -10 789.0 146.0 844.0 203.0 -1 -1 -1 -1000 -1000 -1000 -10 0.00010895729064941406
Car -1 -1 -10 634.0 178.0 680.0 216.0 -1 -1 -1 -1000 -1000 -1000 -10 0.0001068115234375
Car -1 -1 -10 0.0 131.0 26.0 303.0 -1 -1 -1 -1000 -1000 -1000 -10 0.00010353326797485352
