Car -1 -1 -10 583.0 168.0 640.0 224.0 -1 -1 -1 -1000 -1000 -1000 -10 0.9619140625
Car -1 -1 -10 190.0 168.0 258.0 201.0 -1 -1 -1 -1000 -1000 -1000 -10 0.9580078125
Car -1 -1 -10 257.0 170.0 304.0 196.0 -1 -1 -1 -1000 -1000 -1000 -10 0.95703125
Car -1 -1 -10 93.0 173.0 182.0 210.0 -1 -1 -1 -1000 -1000 -1000 -10 0.951171875
Cyclist -1 -1 -10 743.0 172.0 754.0 196.0 -1 -1 -1 -1000 -1000 -1000 -10 0.79296875
Cyclist -1 -1 -10 744.0 170.0 754.0 194.0 -1 -1 -1 -1000 -1000 -1000 -10 0.06890869140625
Cyclist -1 -1 -10 746.0 171.0 755.0 195.0 -1 -1 -1 -1000 -1000 -1000 -10 0.058074951171875
Cyclist -1 -1 -10 743.0 173.0 752.0 196.0 -1 -1 -1 -1000 -1000 -1000 -10 0.019500732421875
Cyclist -1 -1 -10 740.0 172.0 749.0 195.0 -1 -1 -1 -1000 -1000 -1000 -10 0.0095977783203125
Cyclist -1 -1 -10 733.0 174.0 742.0 194.0 -1 -1 -1 -1000 -1000 -1000 -10 0.0020122528076171875
Car -1 -1 -10 316.0 165.0 339.0 184.0 -1 -1 -1 -1000 -1000 -1000 -10 0.0013265609741210938
Car -1 -1 -10 0.0 176.0 8.0 226.0 -1 -1 -1 -1000 -1000 -1000 -10 0.0011415481567382812
Car -1 -1 -10 0.0 180.0 7.0 221.0 -1 -1 -1 -1000 -1000 -1000 -10 0.0011358261108398438
Car -1 -1 -10 0.0 169.0 10.0 217.0 -1 -1 -1 -1000 -1000 -1000 -10 0.0010356903076171875
Car -1 -1 -10 87.0 162.0 190.0 225.0 -1 -1 -1 -1000 -1000 -1000 -10 0.0010099411010742188
Cyclist -1 -1 -10 716.0 176.0 725.0 193.0 -1 -1 -1 -1000 -1000 -1000 -10 0.0009813308715820312
Car -1 -1 -10 0.0 171.0 9.0 214.0 -1 -1 -1 -1000 -1000 -1000 -10 0.0009517669677734375
Cyclist -1 -1 -10 747.0 174.0 756.0 196.0 -1 -1 -1 -1000 -1000 -1000 -10 0.0008902549743652344
Cyclist -1 -1 -10 765.0 172.0 775.0 195.0 -1 -1 -1 -1000 -1000 -1000 -10 0.000881195068359375
Car -1 -1 -10 114.0 176.0 164.0 205.0 -1 -1 -1 -1000 -1000 -1000 -10 0.0007877349853515625
Car -1 -1 -10 183.0 151.0 263.0 210.0 -1 -1 -1 -1000 -1000 -1000 -10 0.0006957054138183594
Car -1 -1 -10 200.0 171.0 261.0 201.0 -1 -1 -1 -1000 -1000 -1000 -10 0.0006556510925292969
Car -1 -1 -10 181.0 158.0 265.0 218.0 -1 -1 -1 -1000 -1000 -1000 -10 0.0006504058837890625
Car -1 -1 -10 312.0 165.0 338.0 183.0 -1 -1 -1 -1000 -1000 -1000 -10 0.0006346702575683594
Car -1 -1 -10 87.0 158.0 188.0 215.0 -1 -1 -1 -1000 -1000 -1000 -10 0.0006279945373535156
Cyclist -1 -1 -10 704.0 176.0 713.0 192.0 -1 -1 -1 -1000 -1000 -1000 -10 0.0006194114685058594
Car -1 -1 -10 582.0 164.0 644.0 230.0 -1 -1 -1 -1000 -1000 -1000 -10 0.0006189346313476562
Cyclist -1 -1 -10 768.0 172.0 781.0 197.0 -1 -1 -1 -1000 -1000 -1000 -10 0.0005116462707519531
Car -1 -1 -10 0.0 170.0 12.0 216.0 -1 -1 -1 -1000 -1000 -1000 -10 0.0005092620849609375
Car -1 -1 -10 107.0 167.0 185.0 202.0 -1 -1 -1 -1000 -1000 -1000 -10 0.0004794597625732422
Car -1 -1 -10 311.0 163.0 343.0 184.0 -1 -1 -1 -1000 -1000 -1000 -10 0.00044727325439453125
Car -1 -1 -10 255.0 168.0 305.0 203.0 -1 -1 -1 -1000 -1000 -1000 -10 0.00043082237243652344
Car -1 -1 -10 0.0 169.0 11.0 222.0 -1 -1 -1 -1000 -1000 -1000 -10 0.0004284381866455078
Car -1 -1 -10 186.0 171.0 256.0 204.0 -1 -1 -1 -1000 -1000 -1000 -10 0.0004189014434814453
Car -1 -1 -10 47.0 131.0 235.0 275.0 -1 -1 -1 -1000 -1000 -1000 -10 0.00039768218994140625
Car -1 -1 -10 90.0 170.0 174.0 206.0 -1 -1 -1 -1000 -1000 -1000 -10 0.00039386749267578125
Car -1 -1 -10 0.0 155.0 14.0 212.0 -1 -1 -1 -1000 -1000 -1000 -10 0.0003819465637207031
Car -1 -1 -10 0.0 200.0 33.0 373.0 -1 -1 -1 -1000 -1000 -1000 -10 0.0003571510314941406
Car -1 -1 -10 1.0 195.0 53.0 375.0 -1 -1 -1 -1000 -1000 -1000 -10 0.000339508056640625
Car -1 -1 -10 0.0 180.0 7.0 236.0 -1 -1 -1 -1000 -1000 -1000 -10 0.00033473968505859375
Car -1 -1 -10 531.0 134.0 677.0 241.0 -1 -1 -1 -1000 -1000 -1000 -10 0.0003261566162109375
Car -1 -1 -10 130.0 129.0 320.0 272.0 -1 -1 -1 -1000 -1000 -1000 -10 0.0003228187561035156
Car -1 -1 -10 553.0 136.0 703.0 268.0 -1 -1 -1 -1000 -1000 -1000 -10 0.00030732154846191406
Car -1 -1 -10 134.0 106.0 315.0 240.0 -1 -1 -1 -1000 -1000 -1000 -10 0.00028324127197265625
Car -1 -1 -10 0.0 187.0 6.0 228.0 -1 -1 -1 -1000 -1000 -1000 -10 0.00027751922607421875
Car -1 -1 -10 51.0 117.0 230.0 239.0 -1 -1 -1 -1000 -1000 -1000 -10 0.0002655982971191406
Car -1 -1 -10 121.0 115.0 293.0 239.0 -1 -1 -1 -1000 -1000 -1000 -10 0.0002639293670654297
Car -1 -1 -10 0.0 159.0 13.0 207.0 -1 -1 -1 -1000 -1000 -1000 -10 0.0002617835998535156
Car -1 -1 -10 521.0 134.0 685.0 269.0 -1 -1 -1 -1000 -1000 -1000 -10 0.0002529621124267578
Cyclist -1 -1 -10 731.0 175.0 740.0 194.0 -1 -1 -1 -1000 -1000 -1000 -10 0.0002390146255493164
Cyclist -1 -1 -10 783.0 173.0 796.0 197.0 -1 -1 -1 -1000 -1000 -1000 -10 0.00023889541625976562
Car -1 -1 -10 0.0 221.0 29.0 371.0 -1 -1 -1 -1000 -1000 -1000 -10 0.0002338886260986328
Car -1 -1 -10 0.0 177.0 10.0 224.0 -1 -1 -1 -1000 -1000 -1000 -10 0.0002225637435913086
Car -1 -1 -10 313.0 165.0 342.0 184.0 -1 -1 -1 -1000 -1000 -1000 -10 0.0002218484878540039
Cyclist -1 -1 -10 699.0 176.0 708.0 192.0 -1 -1 -1 -1000 -1000 -1000 -10 0.0002040863037109375
Car -1 -1 -10 0.0 202.0 69.0 368.0 -1 -1 -1 -1000 -1000 -1000 -10 0.00018167495727539062
Cyclist -1 -1 -10 717.0 176.0 726.0 195.0 -1 -1 -1 -1000 -1000 -1000 -10 0.0001614093780517578
Cyclist -1 -1 -10 763.0 174.0 774.0 196.0 -1 -1 -1 -1000 -1000 -1000 -10 0.00016045570373535156
Cyclist -1 -1 -10 706.0 176.0 714.0 195.0 -1 -1 -1 -1000 -1000 -1000 -10 0.00015795230865478516
Car -1 -1 -10 0.0 154.0 23.0 209.0 -1 -1 -1 -1000 -1000 -1000 -10 0.00015616416931152344
Car -1 -1 -10 584.0 168.0 634.0 216.0 -1 -1 -1 -1000 -1000 -1000 -10 0.00014793872833251953
Car -1 -1 -10 0.0 166.0 20.0 212.0 -1 -1 -1 -1000 -1000 -1000 -10 0.00014770030975341797
Car -1 -1 -10 105.0 175.0 156.0 201.0 -1 -1 -1 -1000 -1000 -1000 -10 0.00014293193817138672
Cyclist -1 -1 -10 778.0 171.0 794.0 198.0 -1 -1 -1 -1000 -1000 -1000 -10 0.0001322031021118164
Car -1 -1 -10 0.0 173.0 11.0 245.0 -1 -1 -1 -1000 -1000 -1000 -10 0.00012767314910888672
Cyclist -1 -1 -10 1229.0 182.0 1242.0 286.0 -1 -1 -1 -1000 -1000 -1000 -10 0.00012731552124023438
Car -1 -1 -10 0.0 136.0 26.0 211.0 -1 -1 -1 -1000 -1000 -1000 -10 0.00011861324310302734
Cyclist -1 -1 -10 1224.0 158.0 1242.0 319.0 -1 -1 -1 -1000 -1000 -1000 -10 0.00011157989501953125
Cyclist -1 -1 -10 1223.0 172.0 1242.0 348.0 -1 -1 -1 -1000 -1000 -1000 -10 0.0001062154769897461
