Car -1 -1 -10 86.0 177.0 197.0 223.0 -1 -1 -1 -1000 -1000 -1000 -10 0.95361328125
Car -1 -1 -10 585.0 179.0 617.0 204.0 -1 -1 -1 -1000 -1000 -1000 -10 0.9267578125
Car -1 -1 -10 531.0 176.0 562.0 199.0 -1 -1 -1 -1000 -1000 -1000 -10 0.92529296875
Car -1 -1 -10 601.0 163.0 621.0 191.0 -1 -1 -1 -1000 -1000 -1000 -10 0.80712890625
Car -1 -1 -10 591.0 169.0 620.0 200.0 -1 -1 -1 -1000 -1000 -1000 -10 0.5654296875
Car -1 -1 -10 589.0 164.0 620.0 203.0 -1 -1 -1 -1000 -1000 -1000 -10 0.01334381103515625
Car -1 -1 -10 602.0 174.0 619.0 194.0 -1 -1 -1 -1000 -1000 -1000 -10 0.001110076904296875
Car -1 -1 -10 530.0 174.0 563.0 206.0 -1 -1 -1 -1000 -1000 -1000 -10 0.0009527206420898438
Car -1 -1 -10 530.0 175.0 554.0 194.0 -1 -1 -1 -1000 -1000 -1000 -10 0.0007905960083007812
Car -1 -1 -10 115.0 181.0 164.0 216.0 -1 -1 -1 -1000 -1000 -1000 -10 0.0006194114685058594
Car -1 -1 -10 534.0 171.0 557.0 191.0 -1 -1 -1 -1000 -1000 -1000 -10 0.0006046295166015625
Car -1 -1 -10 81.0 168.0 199.0 227.0 -1 -1 -1 -1000 -1000 -1000 -10 0.000591278076171875
Car -1 -1 -10 584.0 176.0 617.0 207.0 -1 -1 -1 -1000 -1000 -1000 -10 0.000514984130859375
Car -1 -1 -10 586.0 174.0 620.0 208.0 -1 -1 -1 -1000 -1000 -1000 -10 0.00045037269592285156
Car -1 -1 -10 530.0 170.0 562.0 202.0 -1 -1 -1 -1000 -1000 -1000 -10 0.00043892860412597656
Car -1 -1 -10 46.0 133.0 236.0 275.0 -1 -1 -1 -1000 -1000 -1000 -10 0.0003654956817626953
Car -1 -1 -10 55.0 136.0 228.0 245.0 -1 -1 -1 -1000 -1000 -1000 -10 0.0003476142883300781
Car -1 -1 -10 1215.0 194.0 1242.0 372.0 -1 -1 -1 -1000 -1000 -1000 -10 0.00030517578125
Car -1 -1 -10 545.0 177.0 575.0 199.0 -1 -1 -1 -1000 -1000 -1000 -10 0.00026988983154296875
Car -1 -1 -10 1212.0 184.0 1242.0 375.0 -1 -1 -1 -1000 -1000 -1000 -10 0.0002663135528564453
Car -1 -1 -10 1203.0 191.0 1242.0 375.0 -1 -1 -1 -1000 -1000 -1000 -10 0.0002200603485107422
Car -1 -1 -10 1.0 0.0 81.0 62.0 -1 -1 -1 -1000 -1000 -1000 -10 0.00020444393157958984
Car -1 -1 -10 0.0 190.0 19.0 327.0 -1 -1 -1 -1000 -1000 -1000 -10 0.00019848346710205078
Car -1 -1 -10 1211.0 216.0 1242.0 374.0 -1 -1 -1 -1000 -1000 -1000 -10 0.00018787384033203125
Car -1 -1 -10 528.0 178.0 555.0 198.0 -1 -1 -1 -1000 -1000 -1000 -10 0.00017702579498291016
Car -1 -1 -10 186.0 0.0 259.0 58.0 -1 -1 -1 -1000 -1000 -1000 -10 0.00017642974853515625
Car -1 -1 -10 546.0 176.0 572.0 200.0 -1 -1 -1 -1000 -1000 -1000 -10 0.00017118453979492188
Car -1 -1 -10 600.0 159.0 623.0 193.0 -1 -1 -1 -1000 -1000 -1000 -10 0.00016510486602783203
Car -1 -1 -10 1220.0 178.0 1242.0 350.0 -1 -1 -1 -1000 -1000 -1000 -10 0.00016117095947265625
Car -1 -1 -10 610.0 169.0 627.0 192.0 -1 -1 -1 -1000 -1000 -1000 -10 0.00015497207641601562
Car -1 -1 -10 1.0 0.0 52.0 61.0 -1 -1 -1 -1000 -1000 -1000 -10 0.00015151500701904297
Car -1 -1 -10 162.0 0.0 241.0 58.0 -1 -1 -1 -1000 -1000 -1000 -10 0.00014495849609375
Car -1 -1 -10 0.0 189.0 11.0 296.0 -1 -1 -1 -1000 -1000 -1000 -10 0.0001404285430908203
Car -1 -1 -10 0.0 196.0 12.0 312.0 -1 -1 -1 -1000 -1000 -1000 -10 0.00013256072998046875
Car -1 -1 -10 256.0 0.0 330.0 57.0 -1 -1 -1 -1000 -1000 -1000 -10 0.00013148784637451172
Car -1 -1 -10 556.0 171.0 580.0 196.0 -1 -1 -1 -1000 -1000 -1000 -10 0.00012624263763427734
Car -1 -1 -10 57.0 0.0 137.0 60.0 -1 -1 -1 -1000 -1000 -1000 -10 0.0001220703125
Car -1 -1 -10 617.0 158.0 634.0 184.0 -1 -1 -1 -1000 -1000 -1000 -10 0.00012171268463134766
Car -1 -1 -10 0.0 186.0 15.0 298.0 -1 -1 -1 -1000 -1000 -1000 -10 0.00012135505676269531
Car -1 -1 -10 36.0 0.0 120.0 61.0 -1 -1 -1 -1000 -1000 -1000 -10 0.0001195669174194336
Car -1 -1 -10 77.0 0.0 158.0 60.0 -1 -1 -1 -1000 -1000 -1000 -10 0.00011801719665527344
Car -1 -1 -10 1197.0 219.0 1242.0 375.0 -1 -1 -1 -1000 -1000 -1000 -10 0.0001125335693359375
Car -1 -1 -10 0.0 196.0 23.0 361.0 -1 -1 -1 -1000 -1000 -1000 -10 0.00011247396469116211
Car -1 -1 -10 621.0 161.0 637.0 185.0 -1 -1 -1 -1000 -1000 -1000 -10 0.00011014938354492188
Car -1 -1 -10 0.0 185.0 10.0 279.0 -1 -1 -1 -1000 -1000 -1000 -10 0.00010859966278076172
Car -1 -1 -10 1.0 1.0 70.0 68.0 -1 -1 -1 -1000 -1000 -1000 -10 0.00010460615158081055
Car -1 -1 -10 46.0 0.0 128.0 61.0 -1 -1 -1 -1000 -1000 -1000 -10 0.00010347366333007812
Cyclist -1 -1 -10 1207.0 165.0 1242.0 364.0 -1 -1 -1 -1000 -1000 -1000 -10 0.00010251998901367188
