Pedestrian -1 -1 -10 297.0 145.0 373.0 297.0 -1 -1 -1 -1000 -1000 -1000 -10 0.927734375
Pedestrian -1 -1 -10 280.0 143.0 400.0 298.0 -1 -1 -1 -1000 -1000 -1000 -10 0.001529693603515625
Pedestrian -1 -1 -10 306.0 148.0 379.0 295.0 -1 -1 -1 -1000 -1000 -1000 -10 0.001514434814453125
Car -1 -1 -10 713.0 51.0 738.0 66.0 -1 -1 -1 -1000 -1000 -1000 -10 0.0008945465087890625
Car -1 -1 -10 710.0 50.0 740.0 66.0 -1 -1 -1 -1000 -1000 -1000 -10 0.0006661415100097656
Car -1 -1 -10 714.0 53.0 736.0 67.0 -1 -1 -1 -1000 -1000 -1000 -10 0.00020325183868408203
Pedestrian -1 -1 -10 0.0 159.0 15.0 318.0 -1 -1 -1 -1000 -1000 -1000 -10 0.0001665353775024414
Car -1 -1 -10 682.0 52.0 710.0 69.0 -1 -1 -1 -1000 -1000 -1000 -10 0.00016045570373535156
Car -1 -1 -10 710.0 52.0 739.0 68.0 -1 -1 -1 -1000 -1000 -1000 -10 0.0001533031463623047
Pedestrian -1 -1 -10 0.0 167.0 16.0 346.0 -1 -1 -1 -1000 -1000 -1000 -10 0.00015020370483398438
Car -1 -1 -10 678.0 52.0 713.0 70.0 -1 -1 -1 -1000 -1000 -1000 -10 0.00010526180267333984
