Car -1 -1 -10 899.0 194.0 1241.0 372.0 -1 -1 -1 -1000 -1000 -1000 -10 0.97021484375
Car -1 -1 -10 0.0 185.0 357.0 373.0 -1 -1 -1 -1000 -1000 -1000 -10 0.96875
Car -1 -1 -10 400.0 182.0 482.0 240.0 -1 -1 -1 -1000 -1000 -1000 -10 0.96728515625
Car -1 -1 -10 668.0 172.0 755.0 241.0 -1 -1 -1 -1000 -1000 -1000 -10 0.96484375
Car -1 -1 -10 480.0 181.0 525.0 211.0 -1 -1 -1 -1000 -1000 -1000 -10 0.94873046875
Car -1 -1 -10 630.0 174.0 655.0 194.0 -1 -1 -1 -1000 -1000 -1000 -10 0.9326171875
Cyclist -1 -1 -10 555.0 173.0 568.0 206.0 -1 -1 -1 -1000 -1000 -1000 -10 0.822265625
Cyclist -1 -1 -10 539.0 175.0 553.0 209.0 -1 -1 -1 -1000 -1000 -1000 -10 0.798828125
Cyclist -1 -1 -10 548.0 174.0 567.0 207.0 -1 -1 -1 -1000 -1000 -1000 -10 0.352294921875
Cyclist -1 -1 -10 538.0 175.0 557.0 209.0 -1 -1 -1 -1000 -1000 -1000 -10 0.34423828125
Cyclist -1 -1 -10 550.0 173.0 567.0 206.0 -1 -1 -1 -1000 -1000 -1000 -10 0.1905517578125
Cyclist -1 -1 -10 534.0 175.0 550.0 207.0 -1 -1 -1 -1000 -1000 -1000 -10 0.045379638671875
Car -1 -1 -10 0.0 218.0 57.0 373.0 -1 -1 -1 -1000 -1000 -1000 -10 0.008331298828125
Car -1 -1 -10 0.0 210.0 71.0 372.0 -1 -1 -1 -1000 -1000 -1000 -10 0.0053558349609375
Cyclist -1 -1 -10 535.0 174.0 555.0 209.0 -1 -1 -1 -1000 -1000 -1000 -10 0.00528717041015625
Car -1 -1 -10 0.0 197.0 49.0 370.0 -1 -1 -1 -1000 -1000 -1000 -10 0.004913330078125
Car -1 -1 -10 0.0 218.0 35.0 370.0 -1 -1 -1 -1000 -1000 -1000 -10 0.004322052001953125
Car -1 -1 -10 0.0 232.0 65.0 375.0 -1 -1 -1 -1000 -1000 -1000 -10 0.00278472900390625
Cyclist -1 -1 -10 541.0 178.0 556.0 209.0 -1 -1 -1 -1000 -1000 -1000 -10 0.0024127960205078125
Cyclist -1 -1 -10 559.0 174.0 570.0 199.0 -1 -1 -1 -1000 -1000 -1000 -10 0.0023365020751953125
Cyclist -1 -1 -10 559.0 174.0 570.0 204.0 -1 -1 -1 -1000 -1000 -1000 -10 0.0019321441650390625
Cyclist -1 -1 -10 528.0 174.0 547.0 204.0 -1 -1 -1 -1000 -1000 -1000 -10 0.001834869384765625
Cyclist -1 -1 -10 531.0 175.0 546.0 204.0 -1 -1 -1 -1000 -1000 -1000 -10 0.0018072128295898438
Car -1 -1 -10 0.0 215.0 84.0 375.0 -1 -1 -1 -1000 -1000 -1000 -10 0.0017004013061523438
Car -1 -1 -10 630.0 173.0 652.0 191.0 -1 -1 -1 -1000 -1000 -1000 -10 0.0015697479248046875
Car -1 -1 -10 0.0 184.0 58.0 366.0 -1 -1 -1 -1000 -1000 -1000 -10 0.0015087127685546875
Cyclist -1 -1 -10 554.0 177.0 567.0 208.0 -1 -1 -1 -1000 -1000 -1000 -10 0.001331329345703125
Cyclist -1 -1 -10 557.0 171.0 569.0 193.0 -1 -1 -1 -1000 -1000 -1000 -10 0.00128173828125
Car -1 -1 -10 0.0 176.0 27.0 349.0 -1 -1 -1 -1000 -1000 -1000 -10 0.001232147216796875
Car -1 -1 -10 0.0 168.0 47.0 358.0 -1 -1 -1 -1000 -1000 -1000 -10 0.00115203857421875
Cyclist -1 -1 -10 546.0 171.0 559.0 193.0 -1 -1 -1 -1000 -1000 -1000 -10 0.0007925033569335938
Car -1 -1 -10 616.0 175.0 629.0 190.0 -1 -1 -1 -1000 -1000 -1000 -10 0.0007238388061523438
Car -1 -1 -10 1217.0 192.0 1242.0 366.0 -1 -1 -1 -1000 -1000 -1000 -10 0.0006990432739257812
Car -1 -1 -10 476.0 179.0 521.0 211.0 -1 -1 -1 -1000 -1000 -1000 -10 0.0006151199340820312
Car -1 -1 -10 474.0 166.0 541.0 231.0 -1 -1 -1 -1000 -1000 -1000 -10 0.0005822181701660156
Car -1 -1 -10 1213.0 188.0 1242.0 370.0 -1 -1 -1 -1000 -1000 -1000 -10 0.0005712509155273438
Car -1 -1 -10 656.0 159.0 779.0 256.0 -1 -1 -1 -1000 -1000 -1000 -10 0.00054168701171875
Car -1 -1 -10 474.0 163.0 532.0 221.0 -1 -1 -1 -1000 -1000 -1000 -10 0.000537872314453125
Car -1 -1 -10 0.0 250.0 36.0 372.0 -1 -1 -1 -1000 -1000 -1000 -10 0.0005350112915039062
Car -1 -1 -10 0.0 200.0 28.0 330.0 -1 -1 -1 -1000 -1000 -1000 -10 0.0005197525024414062
Car -1 -1 -10 621.0 174.0 640.0 191.0 -1 -1 -1 -1000 -1000 -1000 -10 0.0005121231079101562
Car -1 -1 -10 400.0 180.0 475.0 234.0 -1 -1 -1 -1000 -1000 -1000 -10 0.0004911422729492188
Car -1 -1 -10 0.0 196.0 89.0 372.0 -1 -1 -1 -1000 -1000 -1000 -10 0.0004680156707763672
Car -1 -1 -10 628.0 171.0 654.0 197.0 -1 -1 -1 -1000 -1000 -1000 -10 0.00046062469482421875
Car -1 -1 -10 629.0 172.0 657.0 203.0 -1 -1 -1 -1000 -1000 -1000 -10 0.0004572868347167969
Car -1 -1 -10 645.0 161.0 761.0 255.0 -1 -1 -1 -1000 -1000 -1000 -10 0.00044035911560058594
Car -1 -1 -10 630.0 171.0 657.0 198.0 -1 -1 -1 -1000 -1000 -1000 -10 0.00043845176696777344
Cyclist -1 -1 -10 540.0 169.0 553.0 193.0 -1 -1 -1 -1000 -1000 -1000 -10 0.0004050731658935547
Car -1 -1 -10 0.0 209.0 53.0 340.0 -1 -1 -1 -1000 -1000 -1000 -10 0.00040435791015625
Cyclist -1 -1 -10 551.0 173.0 571.0 205.0 -1 -1 -1 -1000 -1000 -1000 -10 0.00040078163146972656
Car -1 -1 -10 0.0 208.0 126.0 373.0 -1 -1 -1 -1000 -1000 -1000 -10 0.000396728515625
Cyclist -1 -1 -10 0.0 156.0 25.0 329.0 -1 -1 -1 -1000 -1000 -1000 -10 0.00038123130798339844
Car -1 -1 -10 0.0 239.0 80.0 375.0 -1 -1 -1 -1000 -1000 -1000 -10 0.00036263465881347656
Car -1 -1 -10 476.0 181.0 515.0 209.0 -1 -1 -1 -1000 -1000 -1000 -10 0.0003559589385986328
Car -1 -1 -10 356.0 157.0 519.0 278.0 -1 -1 -1 -1000 -1000 -1000 -10 0.0003528594970703125
Car -1 -1 -10 0.0 265.0 58.0 375.0 -1 -1 -1 -1000 -1000 -1000 -10 0.0003376007080078125
Car -1 -1 -10 0.0 204.0 15.0 327.0 -1 -1 -1 -1000 -1000 -1000 -10 0.0002999305725097656
Car -1 -1 -10 429.0 135.0 597.0 276.0 -1 -1 -1 -1000 -1000 -1000 -10 0.0002765655517578125
Car -1 -1 -10 376.0 148.0 529.0 274.0 -1 -1 -1 -1000 -1000 -1000 -10 0.00027370452880859375
Car -1 -1 -10 433.0 121.0 591.0 244.0 -1 -1 -1 -1000 -1000 -1000 -10 0.000270843505859375
Car -1 -1 -10 612.0 172.0 627.0 188.0 -1 -1 -1 -1000 -1000 -1000 -10 0.0002582073211669922
Car -1 -1 -10 477.0 182.0 502.0 208.0 -1 -1 -1 -1000 -1000 -1000 -10 0.00025010108947753906
Car -1 -1 -10 478.0 178.0 525.0 214.0 -1 -1 -1 -1000 -1000 -1000 -10 0.0002465248107910156
Car -1 -1 -10 0.0 180.0 76.0 356.0 -1 -1 -1 -1000 -1000 -1000 -10 0.00023543834686279297
Car -1 -1 -10 1198.0 194.0 1242.0 367.0 -1 -1 -1 -1000 -1000 -1000 -10 0.00022423267364501953
Car -1 -1 -10 0.0 217.0 31.0 355.0 -1 -1 -1 -1000 -1000 -1000 -10 0.00021791458129882812
Car -1 -1 -10 1212.0 176.0 1242.0 349.0 -1 -1 -1 -1000 -1000 -1000 -10 0.0002015829086303711
Car -1 -1 -10 0.0 144.0 41.0 343.0 -1 -1 -1 -1000 -1000 -1000 -10 0.00018739700317382812
Car -1 -1 -10 615.0 177.0 625.0 191.0 -1 -1 -1 -1000 -1000 -1000 -10 0.0001823902130126953
Car -1 -1 -10 477.0 185.0 501.0 212.0 -1 -1 -1 -1000 -1000 -1000 -10 0.00017523765563964844
Car -1 -1 -10 619.0 171.0 637.0 189.0 -1 -1 -1 -1000 -1000 -1000 -10 0.00015163421630859375
Car -1 -1 -10 0.0 212.0 71.0 337.0 -1 -1 -1 -1000 -1000 -1000 -10 0.0001404285430908203
Cyclist -1 -1 -10 579.0 176.0 589.0 193.0 -1 -1 -1 -1000 -1000 -1000 -10 0.00013899803161621094
Car -1 -1 -10 0.0 268.0 72.0 375.0 -1 -1 -1 -1000 -1000 -1000 -10 0.00013720989227294922
Cyclist -1 -1 -10 0.0 194.0 14.0 317.0 -1 -1 -1 -1000 -1000 -1000 -10 0.0001354217529296875
Car -1 -1 -10 0.0 221.0 15.0 349.0 -1 -1 -1 -1000 -1000 -1000 -10 0.0001347064971923828
Cyclist -1 -1 -10 531.0 176.0 544.0 213.0 -1 -1 -1 -1000 -1000 -1000 -10 0.0001227855682373047
Car -1 -1 -10 1195.0 213.0 1242.0 375.0 -1 -1 -1 -1000 -1000 -1000 -10 0.00011718273162841797
Car -1 -1 -10 0.0 192.0 50.0 319.0 -1 -1 -1 -1000 -1000 -1000 -10 0.00011467933654785156
Car -1 -1 -10 0.0 190.0 29.0 319.0 -1 -1 -1 -1000 -1000 -1000 -10 0.0001125335693359375
Cyclist -1 -1 -10 517.0 174.0 535.0 200.0 -1 -1 -1 -1000 -1000 -1000 -10 0.00010699033737182617
Car -1 -1 -10 0.0 142.0 23.0 319.0 -1 -1 -1 -1000 -1000 -1000 -10 0.00010156631469726562
Car -1 -1 -10 0.0 241.0 15.0 370.0 -1 -1 -1 -1000 -1000 -1000 -10 0.0001010894775390625
