Car -1 -1 -10 456.0 174.0 618.0 274.0 -1 -1 -1 -1000 -1000 -1000 -10 0.9619140625
Car -1 -1 -10 814.0 184.0 1052.0 362.0 -1 -1 -1 -1000 -1000 -1000 -10 0.96142578125
Car -1 -1 -10 891.0 167.0 1242.0 374.0 -1 -1 -1 -1000 -1000 -1000 -10 0.95458984375
Car -1 -1 -10 722.0 140.0 766.0 185.0 -1 -1 -1 -1000 -1000 -1000 -10 0.9521484375
Car -1 -1 -10 932.0 143.0 1081.0 218.0 -1 -1 -1 -1000 -1000 -1000 -10 0.95166015625
Car -1 -1 -10 1034.0 131.0 1208.0 214.0 -1 -1 -1 -1000 -1000 -1000 -10 0.94970703125
Car -1 -1 -10 761.0 167.0 805.0 204.0 -1 -1 -1 -1000 -1000 -1000 -10 0.939453125
Car -1 -1 -10 579.0 171.0 643.0 213.0 -1 -1 -1 -1000 -1000 -1000 -10 0.93603515625
Car -1 -1 -10 796.0 172.0 931.0 275.0 -1 -1 -1 -1000 -1000 -1000 -10 0.935546875
Car -1 -1 -10 1140.0 136.0 1242.0 212.0 -1 -1 -1 -1000 -1000 -1000 -10 0.92724609375
Car -1 -1 -10 630.0 167.0 672.0 198.0 -1 -1 -1 -1000 -1000 -1000 -10 0.92138671875
Car -1 -1 -10 888.0 159.0 968.0 196.0 -1 -1 -1 -1000 -1000 -1000 -10 0.90087890625
Car -1 -1 -10 635.0 163.0 677.0 196.0 -1 -1 -1 -1000 -1000 -1000 -10 0.32666015625
Car -1 -1 -10 0.0 190.0 42.0 375.0 -1 -1 -1 -1000 -1000 -1000 -10 0.31494140625
Car -1 -1 -10 1215.0 138.0 1242.0 212.0 -1 -1 -1 -1000 -1000 -1000 -10 0.1322021484375
Car -1 -1 -10 0.0 169.0 47.0 375.0 -1 -1 -1 -1000 -1000 -1000 -10 0.100341796875
Car -1 -1 -10 0.0 188.0 52.0 373.0 -1 -1 -1 -1000 -1000 -1000 -10 0.0809326171875
Car -1 -1 -10 1221.0 136.0 1242.0 211.0 -1 -1 -1 -1000 -1000 -1000 -10 0.06500244140625
Car -1 -1 -10 637.0 161.0 675.0 189.0 -1 -1 -1 -1000 -1000 -1000 -10 0.040283203125
Car -1 -1 -10 641.0 161.0 682.0 191.0 -1 -1 -1 -1000 -1000 -1000 -10 0.030975341796875
Car -1 -1 -10 1213.0 145.0 1241.0 208.0 -1 -1 -1 -1000 -1000 -1000 -10 0.03045654296875
Car -1 -1 -10 813.0 178.0 961.0 286.0 -1 -1 -1 -1000 -1000 -1000 -10 0.019073486328125
Car -1 -1 -10 1223.0 142.0 1242.0 203.0 -1 -1 -1 -1000 -1000 -1000 -10 0.0154876708984375
Car -1 -1 -10 0.0 156.0 56.0 375.0 -1 -1 -1 -1000 -1000 -1000 -10 0.01534271240234375
Car -1 -1 -10 571.0 172.0 637.0 215.0 -1 -1 -1 -1000 -1000 -1000 -10 0.0148162841796875
Car -1 -1 -10 809.0 174.0 977.0 303.0 -1 -1 -1 -1000 -1000 -1000 -10 0.01319122314453125
Car -1 -1 -10 1226.0 130.0 1242.0 205.0 -1 -1 -1 -1000 -1000 -1000 -10 0.0124053955078125
Car -1 -1 -10 1217.0 133.0 1242.0 203.0 -1 -1 -1 -1000 -1000 -1000 -10 0.010101318359375
Car -1 -1 -10 809.0 175.0 997.0 326.0 -1 -1 -1 -1000 -1000 -1000 -10 0.009613037109375
Car -1 -1 -10 0.0 131.0 37.0 372.0 -1 -1 -1 -1000 -1000 -1000 -10 0.00920867919921875
Car -1 -1 -10 0.0 136.0 47.0 367.0 -1 -1 -1 -1000 -1000 -1000 -10 0.00836181640625
Car -1 -1 -10 1223.0 148.0 1242.0 209.0 -1 -1 -1 -1000 -1000 -1000 -10 0.00695037841796875
Car -1 -1 -10 0.0 100.0 52.0 374.0 -1 -1 -1 -1000 -1000 -1000 -10 0.006587982177734375
Car -1 -1 -10 812.0 172.0 941.0 278.0 -1 -1 -1 -1000 -1000 -1000 -10 0.006336212158203125
Car -1 -1 -10 1190.0 138.0 1241.0 214.0 -1 -1 -1 -1000 -1000 -1000 -10 0.00577545166015625
Car -1 -1 -10 0.0 204.0 49.0 350.0 -1 -1 -1 -1000 -1000 -1000 -10 0.004795074462890625
Car -1 -1 -10 1225.0 146.0 1242.0 227.0 -1 -1 -1 -1000 -1000 -1000 -10 0.0045013427734375
Car -1 -1 -10 1.0 190.0 68.0 374.0 -1 -1 -1 -1000 -1000 -1000 -10 0.00447845458984375
Car -1 -1 -10 0.0 228.0 36.0 373.0 -1 -1 -1 -1000 -1000 -1000 -10 0.00421142578125
Car -1 -1 -10 1226.0 137.0 1242.0 196.0 -1 -1 -1 -1000 -1000 -1000 -10 0.00417327880859375
Car -1 -1 -10 0.0 204.0 40.0 349.0 -1 -1 -1 -1000 -1000 -1000 -10 0.004131317138671875
Car -1 -1 -10 1219.0 138.0 1241.0 198.0 -1 -1 -1 -1000 -1000 -1000 -10 0.004085540771484375
Car -1 -1 -10 645.0 160.0 684.0 189.0 -1 -1 -1 -1000 -1000 -1000 -10 0.003948211669921875
Car -1 -1 -10 897.0 159.0 979.0 200.0 -1 -1 -1 -1000 -1000 -1000 -10 0.0033054351806640625
Car -1 -1 -10 760.0 165.0 803.0 199.0 -1 -1 -1 -1000 -1000 -1000 -10 0.002948760986328125
Car -1 -1 -10 643.0 167.0 681.0 193.0 -1 -1 -1 -1000 -1000 -1000 -10 0.002849578857421875
Car -1 -1 -10 1185.0 133.0 1242.0 210.0 -1 -1 -1 -1000 -1000 -1000 -10 0.0028324127197265625
Car -1 -1 -10 934.0 154.0 1237.0 354.0 -1 -1 -1 -1000 -1000 -1000 -10 0.00217437744140625
Car -1 -1 -10 625.0 165.0 672.0 204.0 -1 -1 -1 -1000 -1000 -1000 -10 0.00200653076171875
Car -1 -1 -10 1212.0 149.0 1242.0 218.0 -1 -1 -1 -1000 -1000 -1000 -10 0.0019664764404296875
Car -1 -1 -10 1226.0 157.0 1242.0 215.0 -1 -1 -1 -1000 -1000 -1000 -10 0.0017995834350585938
Car -1 -1 -10 1226.0 155.0 1242.0 244.0 -1 -1 -1 -1000 -1000 -1000 -10 0.0016279220581054688
Car -1 -1 -10 0.0 162.0 75.0 375.0 -1 -1 -1 -1000 -1000 -1000 -10 0.0015773773193359375
Car -1 -1 -10 872.0 157.0 990.0 242.0 -1 -1 -1 -1000 -1000 -1000 -10 0.00147247314453125
Car -1 -1 -10 1177.0 136.0 1242.0 219.0 -1 -1 -1 -1000 -1000 -1000 -10 0.0013265609741210938
Car -1 -1 -10 0.0 189.0 35.0 327.0 -1 -1 -1 -1000 -1000 -1000 -10 0.0012769699096679688
Car -1 -1 -10 1032.0 122.0 1212.0 223.0 -1 -1 -1 -1000 -1000 -1000 -10 0.0012722015380859375
Car -1 -1 -10 837.0 140.0 1023.0 276.0 -1 -1 -1 -1000 -1000 -1000 -10 0.001255035400390625
Car -1 -1 -10 725.0 148.0 767.0 188.0 -1 -1 -1 -1000 -1000 -1000 -10 0.00124359130859375
Car -1 -1 -10 1214.0 154.0 1242.0 213.0 -1 -1 -1 -1000 -1000 -1000 -10 0.0011663436889648438
Car -1 -1 -10 632.0 159.0 676.0 199.0 -1 -1 -1 -1000 -1000 -1000 -10 0.001148223876953125
Car -1 -1 -10 1159.0 144.0 1239.0 212.0 -1 -1 -1 -1000 -1000 -1000 -10 0.0010099411010742188
Car -1 -1 -10 555.0 173.0 618.0 223.0 -1 -1 -1 -1000 -1000 -1000 -10 0.001007080078125
Car -1 -1 -10 0.0 219.0 45.0 367.0 -1 -1 -1 -1000 -1000 -1000 -10 0.0009551048278808594
Car -1 -1 -10 1133.0 125.0 1242.0 224.0 -1 -1 -1 -1000 -1000 -1000 -10 0.0009508132934570312
Car -1 -1 -10 887.0 163.0 970.0 202.0 -1 -1 -1 -1000 -1000 -1000 -10 0.0009312629699707031
Car -1 -1 -10 1185.0 142.0 1242.0 220.0 -1 -1 -1 -1000 -1000 -1000 -10 0.0009150505065917969
Car -1 -1 -10 925.0 133.0 1083.0 227.0 -1 -1 -1 -1000 -1000 -1000 -10 0.0008487701416015625
Car -1 -1 -10 0.0 94.0 72.0 363.0 -1 -1 -1 -1000 -1000 -1000 -10 0.0008378028869628906
Car -1 -1 -10 1.0 190.0 48.0 329.0 -1 -1 -1 -1000 -1000 -1000 -10 0.0008077621459960938
Car -1 -1 -10 0.0 232.0 23.0 372.0 -1 -1 -1 -1000 -1000 -1000 -10 0.0007996559143066406
Car -1 -1 -10 878.0 159.0 956.0 195.0 -1 -1 -1 -1000 -1000 -1000 -10 0.0007257461547851562
Car -1 -1 -10 1137.0 145.0 1232.0 213.0 -1 -1 -1 -1000 -1000 -1000 -10 0.0007228851318359375
Car -1 -1 -10 566.0 171.0 632.0 213.0 -1 -1 -1 -1000 -1000 -1000 -10 0.0007219314575195312
Car -1 -1 -10 872.0 147.0 972.0 221.0 -1 -1 -1 -1000 -1000 -1000 -10 0.0007181167602539062
Car -1 -1 -10 1230.0 123.0 1241.0 194.0 -1 -1 -1 -1000 -1000 -1000 -10 0.0006966590881347656
Car -1 -1 -10 566.0 163.0 646.0 229.0 -1 -1 -1 -1000 -1000 -1000 -10 0.0006875991821289062
Car -1 -1 -10 711.0 130.0 770.0 194.0 -1 -1 -1 -1000 -1000 -1000 -10 0.0006809234619140625
Car -1 -1 -10 1148.0 140.0 1230.0 211.0 -1 -1 -1 -1000 -1000 -1000 -10 0.0006213188171386719
Car -1 -1 -10 1119.0 129.0 1242.0 229.0 -1 -1 -1 -1000 -1000 -1000 -10 0.0006146430969238281
Car -1 -1 -10 1.0 105.0 32.0 351.0 -1 -1 -1 -1000 -1000 -1000 -10 0.0006046295166015625
Car -1 -1 -10 1199.0 142.0 1241.0 204.0 -1 -1 -1 -1000 -1000 -1000 -10 0.0005655288696289062
Car -1 -1 -10 1219.0 149.0 1241.0 270.0 -1 -1 -1 -1000 -1000 -1000 -10 0.0005483627319335938
Car -1 -1 -10 882.0 146.0 975.0 211.0 -1 -1 -1 -1000 -1000 -1000 -10 0.0005197525024414062
Car -1 -1 -10 757.0 151.0 822.0 213.0 -1 -1 -1 -1000 -1000 -1000 -10 0.0005097389221191406
Car -1 -1 -10 0.0 129.0 27.0 328.0 -1 -1 -1 -1000 -1000 -1000 -10 0.0004992485046386719
Car -1 -1 -10 572.0 158.0 645.0 218.0 -1 -1 -1 -1000 -1000 -1000 -10 0.0004851818084716797
Car -1 -1 -10 868.0 188.0 1005.0 358.0 -1 -1 -1 -1000 -1000 -1000 -10 0.00047206878662109375
Car -1 -1 -10 0.0 190.0 105.0 375.0 -1 -1 -1 -1000 -1000 -1000 -10 0.00046896934509277344
Car -1 -1 -10 1228.0 170.0 1242.0 227.0 -1 -1 -1 -1000 -1000 -1000 -10 0.0004646778106689453
Car -1 -1 -10 1214.0 159.0 1242.0 264.0 -1 -1 -1 -1000 -1000 -1000 -10 0.00046133995056152344
Car -1 -1 -10 1230.0 133.0 1241.0 184.0 -1 -1 -1 -1000 -1000 -1000 -10 0.00045371055603027344
Car -1 -1 -10 0.0 213.0 77.0 370.0 -1 -1 -1 -1000 -1000 -1000 -10 0.0004532337188720703
Car -1 -1 -10 587.0 171.0 639.0 212.0 -1 -1 -1 -1000 -1000 -1000 -10 0.0004525184631347656
Car -1 -1 -10 1142.0 126.0 1240.0 203.0 -1 -1 -1 -1000 -1000 -1000 -10 0.00045228004455566406
Car -1 -1 -10 0.0 205.0 61.0 347.0 -1 -1 -1 -1000 -1000 -1000 -10 0.0004413127899169922
Car -1 -1 -10 1228.0 164.0 1242.0 260.0 -1 -1 -1 -1000 -1000 -1000 -10 0.0004353523254394531
Car -1 -1 -10 1172.0 162.0 1242.0 257.0 -1 -1 -1 -1000 -1000 -1000 -10 0.0004177093505859375
Car -1 -1 -10 1192.0 140.0 1242.0 336.0 -1 -1 -1 -1000 -1000 -1000 -10 0.00041222572326660156
Car -1 -1 -10 1213.0 153.0 1242.0 241.0 -1 -1 -1 -1000 -1000 -1000 -10 0.00040340423583984375
Car -1 -1 -10 0.0 184.0 86.0 375.0 -1 -1 -1 -1000 -1000 -1000 -10 0.0004029273986816406
Car -1 -1 -10 1195.0 161.0 1241.0 261.0 -1 -1 -1 -1000 -1000 -1000 -10 0.00040149688720703125
Car -1 -1 -10 1193.0 146.0 1239.0 207.0 -1 -1 -1 -1000 -1000 -1000 -10 0.00038051605224609375
Car -1 -1 -10 644.0 97.0 816.0 234.0 -1 -1 -1 -1000 -1000 -1000 -10 0.00038051605224609375
Car -1 -1 -10 0.0 225.0 20.0 366.0 -1 -1 -1 -1000 -1000 -1000 -10 0.00037288665771484375
Car -1 -1 -10 1210.0 138.0 1242.0 340.0 -1 -1 -1 -1000 -1000 -1000 -10 0.0003676414489746094
Car -1 -1 -10 573.0 161.0 654.0 223.0 -1 -1 -1 -1000 -1000 -1000 -10 0.000362396240234375
Car -1 -1 -10 1190.0 152.0 1242.0 271.0 -1 -1 -1 -1000 -1000 -1000 -10 0.00034332275390625
Car -1 -1 -10 0.0 206.0 22.0 348.0 -1 -1 -1 -1000 -1000 -1000 -10 0.00032830238342285156
Car -1 -1 -10 1212.0 147.0 1242.0 272.0 -1 -1 -1 -1000 -1000 -1000 -10 0.0003180503845214844
Car -1 -1 -10 828.0 112.0 1000.0 250.0 -1 -1 -1 -1000 -1000 -1000 -10 0.00030875205993652344
Car -1 -1 -10 1199.0 132.0 1239.0 205.0 -1 -1 -1 -1000 -1000 -1000 -10 0.00030350685119628906
Car -1 -1 -10 1224.0 116.0 1242.0 181.0 -1 -1 -1 -1000 -1000 -1000 -10 0.00029659271240234375
Car -1 -1 -10 1215.0 144.0 1242.0 332.0 -1 -1 -1 -1000 -1000 -1000 -10 0.0002884864807128906
Car -1 -1 -10 629.0 163.0 673.0 200.0 -1 -1 -1 -1000 -1000 -1000 -10 0.0002791881561279297
Car -1 -1 -10 726.0 112.0 876.0 240.0 -1 -1 -1 -1000 -1000 -1000 -10 0.0002753734588623047
Car -1 -1 -10 0.0 244.0 45.0 371.0 -1 -1 -1 -1000 -1000 -1000 -10 0.0002655982971191406
Car -1 -1 -10 1214.0 156.0 1242.0 358.0 -1 -1 -1 -1000 -1000 -1000 -10 0.0002353191375732422
Car -1 -1 -10 819.0 171.0 934.0 264.0 -1 -1 -1 -1000 -1000 -1000 -10 0.0002319812774658203
Car -1 -1 -10 720.0 141.0 759.0 183.0 -1 -1 -1 -1000 -1000 -1000 -10 0.0002276897430419922
Car -1 -1 -10 749.0 157.0 809.0 219.0 -1 -1 -1 -1000 -1000 -1000 -10 0.00022494792938232422
Car -1 -1 -10 653.0 167.0 686.0 193.0 -1 -1 -1 -1000 -1000 -1000 -10 0.00021779537200927734
Car -1 -1 -10 0.0 190.0 16.0 322.0 -1 -1 -1 -1000 -1000 -1000 -10 0.0002143383026123047
Car -1 -1 -10 652.0 164.0 686.0 189.0 -1 -1 -1 -1000 -1000 -1000 -10 0.00021183490753173828
Car -1 -1 -10 0.0 124.0 51.0 327.0 -1 -1 -1 -1000 -1000 -1000 -10 0.00020551681518554688
Car -1 -1 -10 625.0 150.0 693.0 211.0 -1 -1 -1 -1000 -1000 -1000 -10 0.0001995563507080078
Car -1 -1 -10 837.0 105.0 1021.0 245.0 -1 -1 -1 -1000 -1000 -1000 -10 0.00019240379333496094
Car -1 -1 -10 594.0 111.0 747.0 240.0 -1 -1 -1 -1000 -1000 -1000 -10 0.00018012523651123047
Car -1 -1 -10 516.0 122.0 685.0 241.0 -1 -1 -1 -1000 -1000 -1000 -10 0.00017905235290527344
Car -1 -1 -10 0.0 138.0 32.0 319.0 -1 -1 -1 -1000 -1000 -1000 -10 0.00017833709716796875
Car -1 -1 -10 546.0 175.0 617.0 226.0 -1 -1 -1 -1000 -1000 -1000 -10 0.0001747608184814453
Car -1 -1 -10 1221.0 124.0 1240.0 190.0 -1 -1 -1 -1000 -1000 -1000 -10 0.00017440319061279297
Car -1 -1 -10 122.0 103.0 142.0 122.0 -1 -1 -1 -1000 -1000 -1000 -10 0.00017333030700683594
Car -1 -1 -10 680.0 130.0 857.0 267.0 -1 -1 -1 -1000 -1000 -1000 -10 0.00017273426055908203
Car -1 -1 -10 1041.0 122.0 1208.0 208.0 -1 -1 -1 -1000 -1000 -1000 -10 0.00017142295837402344
Car -1 -1 -10 0.0 182.0 31.0 314.0 -1 -1 -1 -1000 -1000 -1000 -10 0.00017011165618896484
Car -1 -1 -10 1168.0 162.0 1241.0 228.0 -1 -1 -1 -1000 -1000 -1000 -10 0.00016605854034423828
Car -1 -1 -10 654.0 99.0 807.0 209.0 -1 -1 -1 -1000 -1000 -1000 -10 0.00016498565673828125
Car -1 -1 -10 625.0 169.0 668.0 198.0 -1 -1 -1 -1000 -1000 -1000 -10 0.00016307830810546875
Car -1 -1 -10 117.0 103.0 145.0 123.0 -1 -1 -1 -1000 -1000 -1000 -10 0.00016295909881591797
Car -1 -1 -10 611.0 150.0 673.0 211.0 -1 -1 -1 -1000 -1000 -1000 -10 0.00016176700592041016
Car -1 -1 -10 749.0 142.0 807.0 205.0 -1 -1 -1 -1000 -1000 -1000 -10 0.00015807151794433594
Car -1 -1 -10 639.0 156.0 678.0 187.0 -1 -1 -1 -1000 -1000 -1000 -10 0.00015461444854736328
Car -1 -1 -10 1.0 191.0 62.0 324.0 -1 -1 -1 -1000 -1000 -1000 -10 0.00015401840209960938
Car -1 -1 -10 1160.0 143.0 1210.0 201.0 -1 -1 -1 -1000 -1000 -1000 -10 0.00015306472778320312
Car -1 -1 -10 460.0 172.0 608.0 260.0 -1 -1 -1 -1000 -1000 -1000 -10 0.000148773193359375
Car -1 -1 -10 1230.0 116.0 1241.0 181.0 -1 -1 -1 -1000 -1000 -1000 -10 0.00014841556549072266
Car -1 -1 -10 636.0 156.0 677.0 192.0 -1 -1 -1 -1000 -1000 -1000 -10 0.0001442432403564453
Car -1 -1 -10 644.0 157.0 682.0 186.0 -1 -1 -1 -1000 -1000 -1000 -10 0.00013947486877441406
Car -1 -1 -10 794.0 182.0 948.0 289.0 -1 -1 -1 -1000 -1000 -1000 -10 0.0001354217529296875
Car -1 -1 -10 506.0 133.0 692.0 273.0 -1 -1 -1 -1000 -1000 -1000 -10 0.0001348257064819336
Car -1 -1 -10 884.0 163.0 1204.0 359.0 -1 -1 -1 -1000 -1000 -1000 -10 0.00013375282287597656
Car -1 -1 -10 1190.0 155.0 1242.0 362.0 -1 -1 -1 -1000 -1000 -1000 -10 0.00012969970703125
Car -1 -1 -10 624.0 323.0 672.0 360.0 -1 -1 -1 -1000 -1000 -1000 -10 0.00012636184692382812
Car -1 -1 -10 0.0 238.0 75.0 374.0 -1 -1 -1 -1000 -1000 -1000 -10 0.00012540817260742188
Car -1 -1 -10 0.0 213.0 38.0 329.0 -1 -1 -1 -1000 -1000 -1000 -10 0.00012481212615966797
Car -1 -1 -10 545.0 136.0 707.0 265.0 -1 -1 -1 -1000 -1000 -1000 -10 0.00012373924255371094
Car -1 -1 -10 1178.0 145.0 1242.0 352.0 -1 -1 -1 -1000 -1000 -1000 -10 0.00011336803436279297
Car -1 -1 -10 0.0 120.0 84.0 368.0 -1 -1 -1 -1000 -1000 -1000 -10 0.00011146068572998047
Car -1 -1 -10 1190.0 160.0 1240.0 233.0 -1 -1 -1 -1000 -1000 -1000 -10 0.000110626220703125
Car -1 -1 -10 1155.0 162.0 1239.0 252.0 -1 -1 -1 -1000 -1000 -1000 -10 0.00010854005813598633
Car -1 -1 -10 545.0 107.0 728.0 244.0 -1 -1 -1 -1000 -1000 -1000 -10 0.0001080632209777832
Car -1 -1 -10 1214.0 168.0 1242.0 225.0 -1 -1 -1 -1000 -1000 -1000 -10 0.00010347366333007812
Car -1 -1 -10 1221.0 131.0 1240.0 183.0 -1 -1 -1 -1000 -1000 -1000 -10 0.00010025501251220703
