Car -1 -1 -10 436.0 168.0 535.0 234.0 -1 -1 -1 -1000 -1000 -1000 -10 0.96240234375
Car -1 -1 -10 518.0 177.0 583.0 217.0 -1 -1 -1 -1000 -1000 -1000 -10 0.94921875
Car -1 -1 -10 611.0 175.0 646.0 199.0 -1 -1 -1 -1000 -1000 -1000 -10 0.939453125
Cyclist -1 -1 -10 696.0 167.0 718.0 220.0 -1 -1 -1 -1000 -1000 -1000 -10 0.896484375
Car -1 -1 -10 682.0 174.0 707.0 188.0 -1 -1 -1 -1000 -1000 -1000 -10 0.89306640625
Car -1 -1 -10 684.0 173.0 706.0 187.0 -1 -1 -1 -1000 -1000 -1000 -10 0.78173828125
Car -1 -1 -10 681.0 174.0 703.0 190.0 -1 -1 -1 -1000 -1000 -1000 -10 0.01026153564453125
Cyclist -1 -1 -10 698.0 170.0 721.0 216.0 -1 -1 -1 -1000 -1000 -1000 -10 0.004238128662109375
Car -1 -1 -10 0.0 189.0 27.0 370.0 -1 -1 -1 -1000 -1000 -1000 -10 0.003330230712890625
Car -1 -1 -10 0.0 182.0 24.0 351.0 -1 -1 -1 -1000 -1000 -1000 -10 0.002452850341796875
Cyclist -1 -1 -10 684.0 170.0 712.0 207.0 -1 -1 -1 -1000 -1000 -1000 -10 0.0020809173583984375
Car -1 -1 -10 686.0 172.0 706.0 192.0 -1 -1 -1 -1000 -1000 -1000 -10 0.00194549560546875
Cyclist -1 -1 -10 697.0 172.0 716.0 225.0 -1 -1 -1 -1000 -1000 -1000 -10 0.001861572265625
Car -1 -1 -10 0.0 188.0 35.0 374.0 -1 -1 -1 -1000 -1000 -1000 -10 0.0017528533935546875
Car -1 -1 -10 685.0 176.0 704.0 190.0 -1 -1 -1 -1000 -1000 -1000 -10 0.0015773773193359375
Car -1 -1 -10 609.0 175.0 642.0 198.0 -1 -1 -1 -1000 -1000 -1000 -10 0.001392364501953125
Car -1 -1 -10 608.0 178.0 642.0 199.0 -1 -1 -1 -1000 -1000 -1000 -10 0.0011844635009765625
Car -1 -1 -10 1221.0 153.0 1242.0 251.0 -1 -1 -1 -1000 -1000 -1000 -10 0.0011453628540039062
Car -1 -1 -10 610.0 173.0 647.0 205.0 -1 -1 -1 -1000 -1000 -1000 -10 0.0011444091796875
Car -1 -1 -10 1221.0 169.0 1242.0 352.0 -1 -1 -1 -1000 -1000 -1000 -10 0.0010395050048828125
Car -1 -1 -10 1223.0 157.0 1242.0 274.0 -1 -1 -1 -1000 -1000 -1000 -10 0.0009531974792480469
Car -1 -1 -10 0.0 177.0 23.0 315.0 -1 -1 -1 -1000 -1000 -1000 -10 0.0008997917175292969
Car -1 -1 -10 1226.0 150.0 1242.0 237.0 -1 -1 -1 -1000 -1000 -1000 -10 0.0008215904235839844
Car -1 -1 -10 1226.0 160.0 1242.0 246.0 -1 -1 -1 -1000 -1000 -1000 -10 0.0007719993591308594
Car -1 -1 -10 717.0 172.0 745.0 188.0 -1 -1 -1 -1000 -1000 -1000 -10 0.0007653236389160156
Car -1 -1 -10 1216.0 150.0 1242.0 253.0 -1 -1 -1 -1000 -1000 -1000 -10 0.0007557868957519531
Car -1 -1 -10 1213.0 147.0 1242.0 241.0 -1 -1 -1 -1000 -1000 -1000 -10 0.0007371902465820312
Car -1 -1 -10 1217.0 163.0 1242.0 359.0 -1 -1 -1 -1000 -1000 -1000 -10 0.0006837844848632812
Car -1 -1 -10 0.0 177.0 44.0 363.0 -1 -1 -1 -1000 -1000 -1000 -10 0.0006604194641113281
Car -1 -1 -10 1222.0 157.0 1242.0 319.0 -1 -1 -1 -1000 -1000 -1000 -10 0.0006470680236816406
Car -1 -1 -10 1220.0 193.0 1242.0 363.0 -1 -1 -1 -1000 -1000 -1000 -10 0.0006127357482910156
Car -1 -1 -10 1215.0 160.0 1242.0 263.0 -1 -1 -1 -1000 -1000 -1000 -10 0.0006122589111328125
Car -1 -1 -10 513.0 165.0 590.0 231.0 -1 -1 -1 -1000 -1000 -1000 -10 0.0005879402160644531
Car -1 -1 -10 1227.0 164.0 1242.0 264.0 -1 -1 -1 -1000 -1000 -1000 -10 0.00058746337890625
Car -1 -1 -10 0.0 172.0 27.0 319.0 -1 -1 -1 -1000 -1000 -1000 -10 0.0005784034729003906
Car -1 -1 -10 1217.0 155.0 1242.0 277.0 -1 -1 -1 -1000 -1000 -1000 -10 0.0005741119384765625
Car -1 -1 -10 1220.0 136.0 1242.0 238.0 -1 -1 -1 -1000 -1000 -1000 -10 0.0005478858947753906
Car -1 -1 -10 418.0 155.0 547.0 253.0 -1 -1 -1 -1000 -1000 -1000 -10 0.0005474090576171875
Car -1 -1 -10 610.0 170.0 646.0 201.0 -1 -1 -1 -1000 -1000 -1000 -10 0.0005249977111816406
Car -1 -1 -10 618.0 176.0 649.0 196.0 -1 -1 -1 -1000 -1000 -1000 -10 0.0004813671112060547
Car -1 -1 -10 0.0 200.0 26.0 329.0 -1 -1 -1 -1000 -1000 -1000 -10 0.00047898292541503906
Car -1 -1 -10 1217.0 152.0 1242.0 326.0 -1 -1 -1 -1000 -1000 -1000 -10 0.0004622936248779297
Car -1 -1 -10 1216.0 184.0 1242.0 373.0 -1 -1 -1 -1000 -1000 -1000 -10 0.00043654441833496094
Car -1 -1 -10 0.0 214.0 38.0 375.0 -1 -1 -1 -1000 -1000 -1000 -10 0.00043582916259765625
Car -1 -1 -10 1215.0 130.0 1242.0 245.0 -1 -1 -1 -1000 -1000 -1000 -10 0.0003974437713623047
Car -1 -1 -10 1203.0 149.0 1242.0 248.0 -1 -1 -1 -1000 -1000 -1000 -10 0.00036716461181640625
Car -1 -1 -10 0.0 163.0 20.0 285.0 -1 -1 -1 -1000 -1000 -1000 -10 0.0003495216369628906
Car -1 -1 -10 0.0 198.0 57.0 371.0 -1 -1 -1 -1000 -1000 -1000 -10 0.000347137451171875
Car -1 -1 -10 1210.0 164.0 1242.0 359.0 -1 -1 -1 -1000 -1000 -1000 -10 0.00033211708068847656
Car -1 -1 -10 0.0 186.0 28.0 302.0 -1 -1 -1 -1000 -1000 -1000 -10 0.0003304481506347656
Car -1 -1 -10 780.0 161.0 849.0 190.0 -1 -1 -1 -1000 -1000 -1000 -10 0.0003173351287841797
Car -1 -1 -10 0.0 201.0 16.0 329.0 -1 -1 -1 -1000 -1000 -1000 -10 0.0003058910369873047
Car -1 -1 -10 0.0 162.0 38.0 323.0 -1 -1 -1 -1000 -1000 -1000 -10 0.00028014183044433594
Car -1 -1 -10 1193.0 131.0 1242.0 241.0 -1 -1 -1 -1000 -1000 -1000 -10 0.0002732276916503906
Car -1 -1 -10 1228.0 170.0 1242.0 275.0 -1 -1 -1 -1000 -1000 -1000 -10 0.00026988983154296875
Car -1 -1 -10 461.0 130.0 646.0 277.0 -1 -1 -1 -1000 -1000 -1000 -10 0.00026154518127441406
Car -1 -1 -10 1083.0 153.0 1238.0 236.0 -1 -1 -1 -1000 -1000 -1000 -10 0.00025582313537597656
Car -1 -1 -10 1208.0 193.0 1242.0 371.0 -1 -1 -1 -1000 -1000 -1000 -10 0.0002391338348388672
Car -1 -1 -10 523.0 177.0 574.0 215.0 -1 -1 -1 -1000 -1000 -1000 -10 0.0002263784408569336
Car -1 -1 -10 469.0 125.0 638.0 243.0 -1 -1 -1 -1000 -1000 -1000 -10 0.00022113323211669922
Car -1 -1 -10 1193.0 146.0 1241.0 256.0 -1 -1 -1 -1000 -1000 -1000 -10 0.00021922588348388672
Car -1 -1 -10 779.0 166.0 846.0 190.0 -1 -1 -1 -1000 -1000 -1000 -10 0.0002180337905883789
Car -1 -1 -10 1221.0 217.0 1242.0 370.0 -1 -1 -1 -1000 -1000 -1000 -10 0.00021660327911376953
Car -1 -1 -10 1208.0 155.0 1242.0 276.0 -1 -1 -1 -1000 -1000 -1000 -10 0.00021076202392578125
Car -1 -1 -10 0.0 183.0 14.0 280.0 -1 -1 -1 -1000 -1000 -1000 -10 0.00020754337310791016
Car -1 -1 -10 0.0 143.0 18.0 263.0 -1 -1 -1 -1000 -1000 -1000 -10 0.00020647048950195312
Car -1 -1 -10 1226.0 143.0 1242.0 229.0 -1 -1 -1 -1000 -1000 -1000 -10 0.00020122528076171875
Car -1 -1 -10 0.0 168.0 59.0 356.0 -1 -1 -1 -1000 -1000 -1000 -10 0.00020110607147216797
Car -1 -1 -10 0.0 188.0 14.0 300.0 -1 -1 -1 -1000 -1000 -1000 -10 0.00019979476928710938
Car -1 -1 -10 0.0 179.0 13.0 267.0 -1 -1 -1 -1000 -1000 -1000 -10 0.00019884109497070312
Car -1 -1 -10 1103.0 159.0 1241.0 244.0 -1 -1 -1 -1000 -1000 -1000 -10 0.0001958608627319336
Car -1 -1 -10 1198.0 150.0 1242.0 239.0 -1 -1 -1 -1000 -1000 -1000 -10 0.0001952648162841797
Car -1 -1 -10 0.0 156.0 27.0 292.0 -1 -1 -1 -1000 -1000 -1000 -10 0.0001862049102783203
Car -1 -1 -10 786.0 159.0 853.0 191.0 -1 -1 -1 -1000 -1000 -1000 -10 0.0001850128173828125
Car -1 -1 -10 1201.0 164.0 1242.0 245.0 -1 -1 -1 -1000 -1000 -1000 -10 0.0001760721206665039
Car -1 -1 -10 774.0 163.0 842.0 191.0 -1 -1 -1 -1000 -1000 -1000 -10 0.00017404556274414062
Car -1 -1 -10 0.0 186.0 27.0 280.0 -1 -1 -1 -1000 -1000 -1000 -10 0.00016498565673828125
Car -1 -1 -10 1215.0 205.0 1241.0 375.0 -1 -1 -1 -1000 -1000 -1000 -10 0.00016105175018310547
Car -1 -1 -10 1218.0 112.0 1241.0 217.0 -1 -1 -1 -1000 -1000 -1000 -10 0.00015294551849365234
Car -1 -1 -10 0.0 164.0 12.0 243.0 -1 -1 -1 -1000 -1000 -1000 -10 0.00015103816986083984
Car -1 -1 -10 1199.0 155.0 1242.0 342.0 -1 -1 -1 -1000 -1000 -1000 -10 0.00014781951904296875
Car -1 -1 -10 1204.0 167.0 1241.0 259.0 -1 -1 -1 -1000 -1000 -1000 -10 0.00014591217041015625
Car -1 -1 -10 455.0 169.0 504.0 228.0 -1 -1 -1 -1000 -1000 -1000 -10 0.0001443624496459961
Car -1 -1 -10 719.0 172.0 745.0 190.0 -1 -1 -1 -1000 -1000 -1000 -10 0.0001399517059326172
Car -1 -1 -10 1226.0 163.0 1242.0 223.0 -1 -1 -1 -1000 -1000 -1000 -10 0.00013935565948486328
Car -1 -1 -10 1226.0 172.0 1242.0 232.0 -1 -1 -1 -1000 -1000 -1000 -10 0.00013637542724609375
Car -1 -1 -10 778.0 162.0 840.0 188.0 -1 -1 -1 -1000 -1000 -1000 -10 0.00013399124145507812
Car -1 -1 -10 1208.0 150.0 1242.0 328.0 -1 -1 -1 -1000 -1000 -1000 -10 0.0001289844512939453
Car -1 -1 -10 1228.0 193.0 1242.0 316.0 -1 -1 -1 -1000 -1000 -1000 -10 0.00012624263763427734
Car -1 -1 -10 1182.0 120.0 1242.0 247.0 -1 -1 -1 -1000 -1000 -1000 -10 0.00012022256851196289
Car -1 -1 -10 0.0 173.0 25.0 275.0 -1 -1 -1 -1000 -1000 -1000 -10 0.00011414289474487305
Car -1 -1 -10 0.0 187.0 16.0 277.0 -1 -1 -1 -1000 -1000 -1000 -10 0.00010734796524047852
Car -1 -1 -10 1192.0 71.0 1242.0 231.0 -1 -1 -1 -1000 -1000 -1000 -10 0.00010639429092407227
Car -1 -1 -10 1217.0 189.0 1242.0 318.0 -1 -1 -1 -1000 -1000 -1000 -10 0.00010466575622558594
Car -1 -1 -10 778.0 155.0 851.0 186.0 -1 -1 -1 -1000 -1000 -1000 -10 0.00010353326797485352
Car -1 -1 -10 0.0 202.0 17.0 307.0 -1 -1 -1 -1000 -1000 -1000 -10 0.0001024007797241211
