Car -1 -1 -10 576.0 172.0 642.0 231.0 -1 -1 -1 -1000 -1000 -1000 -10 0.96826171875
Car -1 -1 -10 433.0 173.0 512.0 232.0 -1 -1 -1 -1000 -1000 -1000 -10 0.96533203125
Car -1 -1 -10 482.0 175.0 528.0 210.0 -1 -1 -1 -1000 -1000 -1000 -10 0.955078125
Car -1 -1 -10 75.0 85.0 434.0 340.0 -1 -1 -1 -1000 -1000 -1000 -10 0.9462890625
Car -1 -1 -10 0.0 192.0 201.0 300.0 -1 -1 -1 -1000 -1000 -1000 -10 0.94384765625
Car -1 -1 -10 394.0 179.0 446.0 211.0 -1 -1 -1 -1000 -1000 -1000 -10 0.9072265625
Car -1 -1 -10 518.0 174.0 548.0 197.0 -1 -1 -1 -1000 -1000 -1000 -10 0.6650390625
Car -1 -1 -10 199.0 183.0 355.0 246.0 -1 -1 -1 -1000 -1000 -1000 -10 0.556640625
Car -1 -1 -10 519.0 172.0 552.0 196.0 -1 -1 -1 -1000 -1000 -1000 -10 0.546875
Car -1 -1 -10 188.0 179.0 333.0 248.0 -1 -1 -1 -1000 -1000 -1000 -10 0.50732421875
Car -1 -1 -10 515.0 176.0 547.0 199.0 -1 -1 -1 -1000 -1000 -1000 -10 0.40966796875
Car -1 -1 -10 202.0 185.0 328.0 245.0 -1 -1 -1 -1000 -1000 -1000 -10 0.33251953125
Car -1 -1 -10 510.0 177.0 540.0 200.0 -1 -1 -1 -1000 -1000 -1000 -10 0.31591796875
Car -1 -1 -10 203.0 173.0 324.0 247.0 -1 -1 -1 -1000 -1000 -1000 -10 0.29833984375
Car -1 -1 -10 211.0 181.0 342.0 241.0 -1 -1 -1 -1000 -1000 -1000 -10 0.279296875
Car -1 -1 -10 227.0 182.0 366.0 244.0 -1 -1 -1 -1000 -1000 -1000 -10 0.27685546875
Car -1 -1 -10 156.0 181.0 322.0 251.0 -1 -1 -1 -1000 -1000 -1000 -10 0.2685546875
Car -1 -1 -10 507.0 177.0 536.0 201.0 -1 -1 -1 -1000 -1000 -1000 -10 0.2215576171875
Car -1 -1 -10 127.0 163.0 359.0 259.0 -1 -1 -1 -1000 -1000 -1000 -10 0.11627197265625
Car -1 -1 -10 191.0 185.0 313.0 241.0 -1 -1 -1 -1000 -1000 -1000 -10 0.1124267578125
Car -1 -1 -10 182.0 184.0 294.0 245.0 -1 -1 -1 -1000 -1000 -1000 -10 0.097412109375
Car -1 -1 -10 120.0 109.0 391.0 304.0 -1 -1 -1 -1000 -1000 -1000 -10 0.09320068359375
Car -1 -1 -10 93.0 100.0 390.0 330.0 -1 -1 -1 -1000 -1000 -1000 -10 0.0894775390625
Car -1 -1 -10 244.0 181.0 384.0 245.0 -1 -1 -1 -1000 -1000 -1000 -10 0.08563232421875
Car -1 -1 -10 0.0 195.0 27.0 258.0 -1 -1 -1 -1000 -1000 -1000 -10 0.06201171875
Car -1 -1 -10 0.0 194.0 33.0 256.0 -1 -1 -1 -1000 -1000 -1000 -10 0.0430908203125
Car -1 -1 -10 203.0 187.0 334.0 255.0 -1 -1 -1 -1000 -1000 -1000 -10 0.040496826171875
Car -1 -1 -10 186.0 165.0 298.0 256.0 -1 -1 -1 -1000 -1000 -1000 -10 0.038787841796875
Car -1 -1 -10 0.0 193.0 22.0 255.0 -1 -1 -1 -1000 -1000 -1000 -10 0.034088134765625
Car -1 -1 -10 236.0 185.0 351.0 250.0 -1 -1 -1 -1000 -1000 -1000 -10 0.02972412109375
Car -1 -1 -10 0.0 196.0 31.0 264.0 -1 -1 -1 -1000 -1000 -1000 -10 0.02960205078125
Car -1 -1 -10 173.0 181.0 293.0 239.0 -1 -1 -1 -1000 -1000 -1000 -10 0.02874755859375
Car -1 -1 -10 0.0 193.0 40.0 257.0 -1 -1 -1 -1000 -1000 -1000 -10 0.02301025390625
Car -1 -1 -10 519.0 167.0 552.0 195.0 -1 -1 -1 -1000 -1000 -1000 -10 0.020294189453125
Car -1 -1 -10 146.0 156.0 311.0 261.0 -1 -1 -1 -1000 -1000 -1000 -10 0.0189666748046875
Car -1 -1 -10 491.0 175.0 533.0 207.0 -1 -1 -1 -1000 -1000 -1000 -10 0.017974853515625
Car -1 -1 -10 218.0 186.0 343.0 252.0 -1 -1 -1 -1000 -1000 -1000 -10 0.015869140625
Car -1 -1 -10 196.0 172.0 310.0 230.0 -1 -1 -1 -1000 -1000 -1000 -10 0.015350341796875
Car -1 -1 -10 203.0 173.0 327.0 231.0 -1 -1 -1 -1000 -1000 -1000 -10 0.0138397216796875
Car -1 -1 -10 0.0 195.0 19.0 263.0 -1 -1 -1 -1000 -1000 -1000 -10 0.0134429931640625
Car -1 -1 -10 160.0 186.0 288.0 243.0 -1 -1 -1 -1000 -1000 -1000 -10 0.0133209228515625
Car -1 -1 -10 0.0 192.0 26.0 249.0 -1 -1 -1 -1000 -1000 -1000 -10 0.01245880126953125
Car -1 -1 -10 173.0 165.0 348.0 275.0 -1 -1 -1 -1000 -1000 -1000 -10 0.01174163818359375
Car -1 -1 -10 176.0 168.0 288.0 229.0 -1 -1 -1 -1000 -1000 -1000 -10 0.01168060302734375
Car -1 -1 -10 173.0 161.0 281.0 257.0 -1 -1 -1 -1000 -1000 -1000 -10 0.0097198486328125
Car -1 -1 -10 0.0 189.0 19.0 250.0 -1 -1 -1 -1000 -1000 -1000 -10 0.00919342041015625
Car -1 -1 -10 179.0 188.0 306.0 248.0 -1 -1 -1 -1000 -1000 -1000 -10 0.00897979736328125
Car -1 -1 -10 0.0 194.0 51.0 265.0 -1 -1 -1 -1000 -1000 -1000 -10 0.00849151611328125
Car -1 -1 -10 235.0 180.0 358.0 235.0 -1 -1 -1 -1000 -1000 -1000 -10 0.007244110107421875
Car -1 -1 -10 0.0 186.0 23.0 246.0 -1 -1 -1 -1000 -1000 -1000 -10 0.005641937255859375
Car -1 -1 -10 400.0 179.0 454.0 211.0 -1 -1 -1 -1000 -1000 -1000 -10 0.00490570068359375
Car -1 -1 -10 184.0 178.0 367.0 263.0 -1 -1 -1 -1000 -1000 -1000 -10 0.004840850830078125
Car -1 -1 -10 192.0 180.0 273.0 239.0 -1 -1 -1 -1000 -1000 -1000 -10 0.004093170166015625
Car -1 -1 -10 193.0 165.0 271.0 230.0 -1 -1 -1 -1000 -1000 -1000 -10 0.0038623809814453125
Car -1 -1 -10 200.0 172.0 322.0 268.0 -1 -1 -1 -1000 -1000 -1000 -10 0.0038051605224609375
Car -1 -1 -10 526.0 163.0 558.0 192.0 -1 -1 -1 -1000 -1000 -1000 -10 0.0036220550537109375
Car -1 -1 -10 523.0 174.0 553.0 195.0 -1 -1 -1 -1000 -1000 -1000 -10 0.0033550262451171875
Car -1 -1 -10 6.0 189.0 232.0 295.0 -1 -1 -1 -1000 -1000 -1000 -10 0.0033435821533203125
Car -1 -1 -10 206.0 167.0 286.0 230.0 -1 -1 -1 -1000 -1000 -1000 -10 0.002941131591796875
Car -1 -1 -10 205.0 182.0 286.0 238.0 -1 -1 -1 -1000 -1000 -1000 -10 0.002796173095703125
Car -1 -1 -10 0.0 193.0 65.0 275.0 -1 -1 -1 -1000 -1000 -1000 -10 0.0023345947265625
Car -1 -1 -10 0.0 194.0 90.0 257.0 -1 -1 -1 -1000 -1000 -1000 -10 0.0021648406982421875
Car -1 -1 -10 155.0 180.0 281.0 239.0 -1 -1 -1 -1000 -1000 -1000 -10 0.002105712890625
Car -1 -1 -10 213.0 172.0 293.0 228.0 -1 -1 -1 -1000 -1000 -1000 -10 0.0020904541015625
Car -1 -1 -10 20.0 194.0 171.0 295.0 -1 -1 -1 -1000 -1000 -1000 -10 0.0019140243530273438
Car -1 -1 -10 0.0 194.0 23.0 311.0 -1 -1 -1 -1000 -1000 -1000 -10 0.00183868408203125
Car -1 -1 -10 224.0 185.0 306.0 241.0 -1 -1 -1 -1000 -1000 -1000 -10 0.0016040802001953125
Car -1 -1 -10 211.0 186.0 293.0 237.0 -1 -1 -1 -1000 -1000 -1000 -10 0.0013589859008789062
Car -1 -1 -10 5.0 189.0 185.0 285.0 -1 -1 -1 -1000 -1000 -1000 -10 0.0013275146484375
Car -1 -1 -10 229.0 173.0 363.0 239.0 -1 -1 -1 -1000 -1000 -1000 -10 0.0012865066528320312
Car -1 -1 -10 0.0 183.0 15.0 241.0 -1 -1 -1 -1000 -1000 -1000 -10 0.0012159347534179688
Car -1 -1 -10 181.0 159.0 403.0 276.0 -1 -1 -1 -1000 -1000 -1000 -10 0.0011892318725585938
Car -1 -1 -10 147.0 119.0 374.0 274.0 -1 -1 -1 -1000 -1000 -1000 -10 0.00115203857421875
Car -1 -1 -10 213.0 194.0 328.0 263.0 -1 -1 -1 -1000 -1000 -1000 -10 0.0011129379272460938
Car -1 -1 -10 531.0 157.0 558.0 190.0 -1 -1 -1 -1000 -1000 -1000 -10 0.0010995864868164062
Car -1 -1 -10 425.0 177.0 463.0 206.0 -1 -1 -1 -1000 -1000 -1000 -10 0.0010976791381835938
Car -1 -1 -10 0.0 192.0 67.0 259.0 -1 -1 -1 -1000 -1000 -1000 -10 0.0010671615600585938
Car -1 -1 -10 0.0 192.0 106.0 265.0 -1 -1 -1 -1000 -1000 -1000 -10 0.0010480880737304688
Car -1 -1 -10 411.0 178.0 457.0 208.0 -1 -1 -1 -1000 -1000 -1000 -10 0.0010480880737304688
Car -1 -1 -10 404.0 178.0 448.0 206.0 -1 -1 -1 -1000 -1000 -1000 -10 0.0010137557983398438
Car -1 -1 -10 209.0 184.0 378.0 257.0 -1 -1 -1 -1000 -1000 -1000 -10 0.0010128021240234375
Car -1 -1 -10 256.0 188.0 382.0 249.0 -1 -1 -1 -1000 -1000 -1000 -10 0.0009508132934570312
Car -1 -1 -10 0.0 194.0 24.0 365.0 -1 -1 -1 -1000 -1000 -1000 -10 0.0008807182312011719
Car -1 -1 -10 0.0 193.0 149.0 278.0 -1 -1 -1 -1000 -1000 -1000 -10 0.0008749961853027344
Car -1 -1 -10 259.0 185.0 369.0 243.0 -1 -1 -1 -1000 -1000 -1000 -10 0.0008130073547363281
Car -1 -1 -10 0.0 196.0 16.0 283.0 -1 -1 -1 -1000 -1000 -1000 -10 0.0007662773132324219
Car -1 -1 -10 0.0 195.0 31.0 284.0 -1 -1 -1 -1000 -1000 -1000 -10 0.0007295608520507812
Car -1 -1 -10 217.0 176.0 350.0 229.0 -1 -1 -1 -1000 -1000 -1000 -10 0.0007233619689941406
Car -1 -1 -10 187.0 175.0 292.0 265.0 -1 -1 -1 -1000 -1000 -1000 -10 0.0007104873657226562
Car -1 -1 -10 5.0 196.0 138.0 259.0 -1 -1 -1 -1000 -1000 -1000 -10 0.0007004737854003906
Car -1 -1 -10 192.0 190.0 272.0 245.0 -1 -1 -1 -1000 -1000 -1000 -10 0.0006837844848632812
Car -1 -1 -10 0.0 192.0 153.0 297.0 -1 -1 -1 -1000 -1000 -1000 -10 0.0006794929504394531
Car -1 -1 -10 183.0 187.0 264.0 240.0 -1 -1 -1 -1000 -1000 -1000 -10 0.0006709098815917969
Car -1 -1 -10 475.0 158.0 534.0 218.0 -1 -1 -1 -1000 -1000 -1000 -10 0.0006351470947265625
Car -1 -1 -10 1.0 201.0 56.0 300.0 -1 -1 -1 -1000 -1000 -1000 -10 0.0006055831909179688
Car -1 -1 -10 0.0 195.0 113.0 280.0 -1 -1 -1 -1000 -1000 -1000 -10 0.0006036758422851562
Car -1 -1 -10 149.0 192.0 284.0 249.0 -1 -1 -1 -1000 -1000 -1000 -10 0.0005717277526855469
Car -1 -1 -10 392.0 183.0 448.0 215.0 -1 -1 -1 -1000 -1000 -1000 -10 0.0005640983581542969
Car -1 -1 -10 500.0 171.0 540.0 210.0 -1 -1 -1 -1000 -1000 -1000 -10 0.0004916191101074219
Car -1 -1 -10 373.0 168.0 451.0 231.0 -1 -1 -1 -1000 -1000 -1000 -10 0.0004794597625732422
Car -1 -1 -10 0.0 194.0 46.0 287.0 -1 -1 -1 -1000 -1000 -1000 -10 0.00045680999755859375
Car -1 -1 -10 533.0 169.0 560.0 192.0 -1 -1 -1 -1000 -1000 -1000 -10 0.0004513263702392578
Car -1 -1 -10 228.0 187.0 309.0 252.0 -1 -1 -1 -1000 -1000 -1000 -10 0.0004470348358154297
Car -1 -1 -10 415.0 177.0 462.0 207.0 -1 -1 -1 -1000 -1000 -1000 -10 0.00042748451232910156
Car -1 -1 -10 1.0 194.0 154.0 255.0 -1 -1 -1 -1000 -1000 -1000 -10 0.0004227161407470703
Car -1 -1 -10 242.0 186.0 323.0 240.0 -1 -1 -1 -1000 -1000 -1000 -10 0.0003979206085205078
Car -1 -1 -10 202.0 188.0 283.0 247.0 -1 -1 -1 -1000 -1000 -1000 -10 0.0003840923309326172
Car -1 -1 -10 400.0 144.0 547.0 248.0 -1 -1 -1 -1000 -1000 -1000 -10 0.00037932395935058594
Car -1 -1 -10 470.0 166.0 538.0 231.0 -1 -1 -1 -1000 -1000 -1000 -10 0.0003631114959716797
Car -1 -1 -10 533.0 144.0 674.0 246.0 -1 -1 -1 -1000 -1000 -1000 -10 0.0003495216369628906
Car -1 -1 -10 523.0 157.0 551.0 188.0 -1 -1 -1 -1000 -1000 -1000 -10 0.0003490447998046875
Car -1 -1 -10 549.0 140.0 696.0 269.0 -1 -1 -1 -1000 -1000 -1000 -10 0.0003418922424316406
Car -1 -1 -10 279.0 183.0 357.0 239.0 -1 -1 -1 -1000 -1000 -1000 -10 0.00033593177795410156
Car -1 -1 -10 203.0 188.0 325.0 267.0 -1 -1 -1 -1000 -1000 -1000 -10 0.00033211708068847656
Car -1 -1 -10 156.0 167.0 279.0 230.0 -1 -1 -1 -1000 -1000 -1000 -10 0.0003273487091064453
Car -1 -1 -10 509.0 183.0 534.0 204.0 -1 -1 -1 -1000 -1000 -1000 -10 0.0003178119659423828
Car -1 -1 -10 302.0 139.0 492.0 276.0 -1 -1 -1 -1000 -1000 -1000 -10 0.0003132820129394531
Car -1 -1 -10 441.0 174.0 507.0 218.0 -1 -1 -1 -1000 -1000 -1000 -10 0.00030612945556640625
Car -1 -1 -10 392.0 176.0 448.0 214.0 -1 -1 -1 -1000 -1000 -1000 -10 0.00030541419982910156
Car -1 -1 -10 0.0 201.0 45.0 351.0 -1 -1 -1 -1000 -1000 -1000 -10 0.0003037452697753906
Car -1 -1 -10 0.0 204.0 25.0 376.0 -1 -1 -1 -1000 -1000 -1000 -10 0.0003001689910888672
Car -1 -1 -10 391.0 142.0 557.0 266.0 -1 -1 -1 -1000 -1000 -1000 -10 0.00029540061950683594
Car -1 -1 -10 524.0 140.0 682.0 268.0 -1 -1 -1 -1000 -1000 -1000 -10 0.0002930164337158203
Car -1 -1 -10 0.0 176.0 47.0 252.0 -1 -1 -1 -1000 -1000 -1000 -10 0.0002841949462890625
Car -1 -1 -10 274.0 184.0 386.0 243.0 -1 -1 -1 -1000 -1000 -1000 -10 0.0002751350402832031
Car -1 -1 -10 202.0 128.0 317.0 266.0 -1 -1 -1 -1000 -1000 -1000 -10 0.00027251243591308594
Car -1 -1 -10 1.0 193.0 72.0 290.0 -1 -1 -1 -1000 -1000 -1000 -10 0.0002646446228027344
Car -1 -1 -10 178.0 179.0 257.0 238.0 -1 -1 -1 -1000 -1000 -1000 -10 0.0002639293670654297
Car -1 -1 -10 377.0 179.0 436.0 216.0 -1 -1 -1 -1000 -1000 -1000 -10 0.0002529621124267578
Car -1 -1 -10 4.0 193.0 136.0 250.0 -1 -1 -1 -1000 -1000 -1000 -10 0.00025272369384765625
Car -1 -1 -10 224.0 173.0 305.0 230.0 -1 -1 -1 -1000 -1000 -1000 -10 0.00024378299713134766
Car -1 -1 -10 425.0 116.0 593.0 244.0 -1 -1 -1 -1000 -1000 -1000 -10 0.00021755695343017578
Car -1 -1 -10 557.0 168.0 579.0 194.0 -1 -1 -1 -1000 -1000 -1000 -10 0.00021600723266601562
Car -1 -1 -10 0.0 195.0 15.0 304.0 -1 -1 -1 -1000 -1000 -1000 -10 0.00021600723266601562
Car -1 -1 -10 399.0 174.0 462.0 219.0 -1 -1 -1 -1000 -1000 -1000 -10 0.00020837783813476562
Car -1 -1 -10 254.0 187.0 334.0 247.0 -1 -1 -1 -1000 -1000 -1000 -10 0.0002053976058959961
Car -1 -1 -10 0.0 207.0 38.0 376.0 -1 -1 -1 -1000 -1000 -1000 -10 0.00020432472229003906
Car -1 -1 -10 349.0 117.0 513.0 250.0 -1 -1 -1 -1000 -1000 -1000 -10 0.00020122528076171875
Car -1 -1 -10 176.0 152.0 289.0 230.0 -1 -1 -1 -1000 -1000 -1000 -10 0.00019693374633789062
Car -1 -1 -10 283.0 182.0 398.0 235.0 -1 -1 -1 -1000 -1000 -1000 -10 0.0001920461654663086
Car -1 -1 -10 419.0 135.0 595.0 280.0 -1 -1 -1 -1000 -1000 -1000 -10 0.00019049644470214844
Car -1 -1 -10 575.0 175.0 599.0 199.0 -1 -1 -1 -1000 -1000 -1000 -10 0.00018858909606933594
Car -1 -1 -10 128.0 172.0 325.0 273.0 -1 -1 -1 -1000 -1000 -1000 -10 0.00018846988677978516
Car -1 -1 -10 0.0 195.0 30.0 304.0 -1 -1 -1 -1000 -1000 -1000 -10 0.00018203258514404297
Car -1 -1 -10 361.0 142.0 544.0 268.0 -1 -1 -1 -1000 -1000 -1000 -10 0.00017321109771728516
Car -1 -1 -10 0.0 227.0 22.0 376.0 -1 -1 -1 -1000 -1000 -1000 -10 0.00017082691192626953
Car -1 -1 -10 389.0 161.0 464.0 223.0 -1 -1 -1 -1000 -1000 -1000 -10 0.00016951560974121094
Car -1 -1 -10 195.0 158.0 310.0 226.0 -1 -1 -1 -1000 -1000 -1000 -10 0.00016570091247558594
Car -1 -1 -10 188.0 153.0 301.0 229.0 -1 -1 -1 -1000 -1000 -1000 -10 0.00015819072723388672
Car -1 -1 -10 525.0 153.0 557.0 189.0 -1 -1 -1 -1000 -1000 -1000 -10 0.00015437602996826172
Car -1 -1 -10 0.0 187.0 70.0 252.0 -1 -1 -1 -1000 -1000 -1000 -10 0.00014126300811767578
Car -1 -1 -10 554.0 169.0 581.0 194.0 -1 -1 -1 -1000 -1000 -1000 -10 0.00014126300811767578
Car -1 -1 -10 137.0 189.0 280.0 243.0 -1 -1 -1 -1000 -1000 -1000 -10 0.00013840198516845703
Car -1 -1 -10 426.0 176.0 466.0 203.0 -1 -1 -1 -1000 -1000 -1000 -10 0.00013720989227294922
Car -1 -1 -10 386.0 179.0 441.0 211.0 -1 -1 -1 -1000 -1000 -1000 -10 0.00013554096221923828
Car -1 -1 -10 232.0 191.0 310.0 263.0 -1 -1 -1 -1000 -1000 -1000 -10 0.00013077259063720703
Car -1 -1 -10 375.0 181.0 437.0 220.0 -1 -1 -1 -1000 -1000 -1000 -10 0.00012958049774169922
Car -1 -1 -10 194.0 146.0 270.0 235.0 -1 -1 -1 -1000 -1000 -1000 -10 0.00012445449829101562
Car -1 -1 -10 440.0 177.0 515.0 230.0 -1 -1 -1 -1000 -1000 -1000 -10 0.00012046098709106445
Car -1 -1 -10 0.0 203.0 121.0 297.0 -1 -1 -1 -1000 -1000 -1000 -10 0.00011986494064331055
Car -1 -1 -10 0.0 209.0 15.0 269.0 -1 -1 -1 -1000 -1000 -1000 -10 0.0001138448715209961
Car -1 -1 -10 253.0 175.0 388.0 229.0 -1 -1 -1 -1000 -1000 -1000 -10 0.00010842084884643555
Car -1 -1 -10 0.0 218.0 26.0 376.0 -1 -1 -1 -1000 -1000 -1000 -10 0.00010609626770019531
Car -1 -1 -10 52.0 186.0 253.0 285.0 -1 -1 -1 -1000 -1000 -1000 -10 0.00010275840759277344
