Car -1 -1 -10 535.0 121.0 681.0 223.0 -1 -1 -1 -1000 -1000 -1000 -10 0.97021484375
Car -1 -1 -10 286.0 184.0 434.0 282.0 -1 -1 -1 -1000 -1000 -1000 -10 0.96435546875
Car -1 -1 -10 33.0 191.0 363.0 370.0 -1 -1 -1 -1000 -1000 -1000 -10 0.96142578125
Car -1 -1 -10 0.0 110.0 188.0 372.0 -1 -1 -1 -1000 -1000 -1000 -10 0.955078125
Car -1 -1 -10 1034.0 172.0 1242.0 295.0 -1 -1 -1 -1000 -1000 -1000 -10 0.95361328125
Car -1 -1 -10 787.0 152.0 1064.0 242.0 -1 -1 -1 -1000 -1000 -1000 -10 0.9501953125
Car -1 -1 -10 843.0 155.0 1077.0 256.0 -1 -1 -1 -1000 -1000 -1000 -10 0.94677734375
Car -1 -1 -10 1216.0 175.0 1242.0 340.0 -1 -1 -1 -1000 -1000 -1000 -10 0.420654296875
Car -1 -1 -10 1219.0 183.0 1242.0 326.0 -1 -1 -1 -1000 -1000 -1000 -10 0.2271728515625
Car -1 -1 -10 1208.0 185.0 1242.0 364.0 -1 -1 -1 -1000 -1000 -1000 -10 0.05755615234375
Car -1 -1 -10 1156.0 236.0 1242.0 372.0 -1 -1 -1 -1000 -1000 -1000 -10 0.043914794921875
Car -1 -1 -10 1170.0 226.0 1242.0 371.0 -1 -1 -1 -1000 -1000 -1000 -10 0.038330078125
Car -1 -1 -10 1182.0 200.0 1241.0 375.0 -1 -1 -1 -1000 -1000 -1000 -10 0.038238525390625
Car -1 -1 -10 1201.0 170.0 1242.0 358.0 -1 -1 -1 -1000 -1000 -1000 -10 0.035003662109375
Car -1 -1 -10 1209.0 184.0 1241.0 327.0 -1 -1 -1 -1000 -1000 -1000 -10 0.024322509765625
Car -1 -1 -10 1217.0 161.0 1242.0 301.0 -1 -1 -1 -1000 -1000 -1000 -10 0.0223846435546875
Car -1 -1 -10 1168.0 240.0 1241.0 375.0 -1 -1 -1 -1000 -1000 -1000 -10 0.0163421630859375
Car -1 -1 -10 1208.0 209.0 1242.0 374.0 -1 -1 -1 -1000 -1000 -1000 -10 0.01290130615234375
Car -1 -1 -10 1223.0 171.0 1242.0 303.0 -1 -1 -1 -1000 -1000 -1000 -10 0.00997161865234375
Car -1 -1 -10 1149.0 251.0 1240.0 375.0 -1 -1 -1 -1000 -1000 -1000 -10 0.0095367431640625
Car -1 -1 -10 1162.0 199.0 1242.0 375.0 -1 -1 -1 -1000 -1000 -1000 -10 0.00872039794921875
Car -1 -1 -10 1189.0 174.0 1242.0 359.0 -1 -1 -1 -1000 -1000 -1000 -10 0.00835418701171875
Car -1 -1 -10 1211.0 160.0 1242.0 289.0 -1 -1 -1 -1000 -1000 -1000 -10 0.006092071533203125
Car -1 -1 -10 1218.0 197.0 1241.0 313.0 -1 -1 -1 -1000 -1000 -1000 -10 0.005680084228515625
Car -1 -1 -10 1114.0 234.0 1242.0 374.0 -1 -1 -1 -1000 -1000 -1000 -10 0.005619049072265625
Car -1 -1 -10 1224.0 166.0 1242.0 261.0 -1 -1 -1 -1000 -1000 -1000 -10 0.0050506591796875
Car -1 -1 -10 1212.0 167.0 1242.0 263.0 -1 -1 -1 -1000 -1000 -1000 -10 0.00504302978515625
Car -1 -1 -10 1201.0 162.0 1242.0 310.0 -1 -1 -1 -1000 -1000 -1000 -10 0.005008697509765625
Car -1 -1 -10 1193.0 244.0 1242.0 370.0 -1 -1 -1 -1000 -1000 -1000 -10 0.004673004150390625
Car -1 -1 -10 1185.0 254.0 1242.0 375.0 -1 -1 -1 -1000 -1000 -1000 -10 0.004650115966796875
Car -1 -1 -10 1168.0 252.0 1242.0 364.0 -1 -1 -1 -1000 -1000 -1000 -10 0.0037994384765625
Car -1 -1 -10 1221.0 162.0 1242.0 252.0 -1 -1 -1 -1000 -1000 -1000 -10 0.003650665283203125
Car -1 -1 -10 1218.0 200.0 1242.0 341.0 -1 -1 -1 -1000 -1000 -1000 -10 0.00339508056640625
Car -1 -1 -10 1200.0 253.0 1242.0 375.0 -1 -1 -1 -1000 -1000 -1000 -10 0.0033283233642578125
Car -1 -1 -10 1215.0 180.0 1242.0 294.0 -1 -1 -1 -1000 -1000 -1000 -10 0.0029201507568359375
Car -1 -1 -10 1204.0 171.0 1241.0 301.0 -1 -1 -1 -1000 -1000 -1000 -10 0.002719879150390625
Car -1 -1 -10 1225.0 169.0 1242.0 280.0 -1 -1 -1 -1000 -1000 -1000 -10 0.0024623870849609375
Car -1 -1 -10 1164.0 265.0 1242.0 375.0 -1 -1 -1 -1000 -1000 -1000 -10 0.0023479461669921875
Car -1 -1 -10 1216.0 161.0 1242.0 254.0 -1 -1 -1 -1000 -1000 -1000 -10 0.0022373199462890625
Car -1 -1 -10 1203.0 169.0 1241.0 264.0 -1 -1 -1 -1000 -1000 -1000 -10 0.0019121170043945312
Car -1 -1 -10 1226.0 161.0 1241.0 247.0 -1 -1 -1 -1000 -1000 -1000 -10 0.001743316650390625
Car -1 -1 -10 1206.0 213.0 1242.0 351.0 -1 -1 -1 -1000 -1000 -1000 -10 0.0016813278198242188
Car -1 -1 -10 896.0 159.0 1028.0 247.0 -1 -1 -1 -1000 -1000 -1000 -10 0.0013685226440429688
Car -1 -1 -10 1212.0 243.0 1242.0 366.0 -1 -1 -1 -1000 -1000 -1000 -10 0.001300811767578125
Car -1 -1 -10 1228.0 155.0 1242.0 233.0 -1 -1 -1 -1000 -1000 -1000 -10 0.0011281967163085938
Car -1 -1 -10 1220.0 215.0 1242.0 344.0 -1 -1 -1 -1000 -1000 -1000 -10 0.0010633468627929688
Car -1 -1 -10 1207.0 161.0 1242.0 247.0 -1 -1 -1 -1000 -1000 -1000 -10 0.0010385513305664062
Car -1 -1 -10 1225.0 149.0 1242.0 224.0 -1 -1 -1 -1000 -1000 -1000 -10 0.0010318756103515625
Car -1 -1 -10 1073.0 247.0 1242.0 375.0 -1 -1 -1 -1000 -1000 -1000 -10 0.0009317398071289062
Car -1 -1 -10 1063.0 232.0 1239.0 375.0 -1 -1 -1 -1000 -1000 -1000 -10 0.0008978843688964844
Car -1 -1 -10 1192.0 165.0 1242.0 310.0 -1 -1 -1 -1000 -1000 -1000 -10 0.0007052421569824219
Car -1 -1 -10 1225.0 181.0 1241.0 243.0 -1 -1 -1 -1000 -1000 -1000 -10 0.0006184577941894531
Car -1 -1 -10 1203.0 268.0 1242.0 375.0 -1 -1 -1 -1000 -1000 -1000 -10 0.0006051063537597656
Car -1 -1 -10 1230.0 149.0 1242.0 221.0 -1 -1 -1 -1000 -1000 -1000 -10 0.0005564689636230469
Car -1 -1 -10 1064.0 175.0 1206.0 289.0 -1 -1 -1 -1000 -1000 -1000 -10 0.0005240440368652344
Car -1 -1 -10 1218.0 153.0 1242.0 237.0 -1 -1 -1 -1000 -1000 -1000 -10 0.0005040168762207031
Car -1 -1 -10 1206.0 190.0 1241.0 306.0 -1 -1 -1 -1000 -1000 -1000 -10 0.00046133995056152344
Car -1 -1 -10 1228.0 166.0 1242.0 221.0 -1 -1 -1 -1000 -1000 -1000 -10 0.0004010200500488281
Car -1 -1 -10 1225.0 246.0 1242.0 363.0 -1 -1 -1 -1000 -1000 -1000 -10 0.00039768218994140625
Car -1 -1 -10 870.0 157.0 1007.0 235.0 -1 -1 -1 -1000 -1000 -1000 -10 0.0003910064697265625
Car -1 -1 -10 16.0 108.0 168.0 374.0 -1 -1 -1 -1000 -1000 -1000 -10 0.00038743019104003906
Car -1 -1 -10 1221.0 254.0 1242.0 375.0 -1 -1 -1 -1000 -1000 -1000 -10 0.00037860870361328125
Car -1 -1 -10 1006.0 0.0 1200.0 0.0 -1 -1 -1 -1000 -1000 -1000 -10 0.00036907196044921875
Car -1 -1 -10 1175.0 0.0 1240.0 2.0 -1 -1 -1 -1000 -1000 -1000 -10 0.0003552436828613281
Car -1 -1 -10 1219.0 213.0 1242.0 329.0 -1 -1 -1 -1000 -1000 -1000 -10 0.0003521442413330078
Car -1 -1 -10 1215.0 221.0 1242.0 335.0 -1 -1 -1 -1000 -1000 -1000 -10 0.00034928321838378906
Car -1 -1 -10 1148.0 268.0 1240.0 375.0 -1 -1 -1 -1000 -1000 -1000 -10 0.0003325939178466797
Car -1 -1 -10 1201.0 161.0 1240.0 254.0 -1 -1 -1 -1000 -1000 -1000 -10 0.0003216266632080078
Car -1 -1 -10 1206.0 274.0 1242.0 375.0 -1 -1 -1 -1000 -1000 -1000 -10 0.00030303001403808594
Car -1 -1 -10 1219.0 146.0 1242.0 220.0 -1 -1 -1 -1000 -1000 -1000 -10 0.0003027915954589844
Car -1 -1 -10 1230.0 159.0 1242.0 210.0 -1 -1 -1 -1000 -1000 -1000 -10 0.00029587745666503906
Car -1 -1 -10 792.0 151.0 1031.0 236.0 -1 -1 -1 -1000 -1000 -1000 -10 0.0002892017364501953
Car -1 -1 -10 1179.0 229.0 1242.0 356.0 -1 -1 -1 -1000 -1000 -1000 -10 0.0002868175506591797
Car -1 -1 -10 979.0 0.0 1168.0 1.0 -1 -1 -1 -1000 -1000 -1000 -10 0.00027298927307128906
Car -1 -1 -10 1226.0 173.0 1242.0 233.0 -1 -1 -1 -1000 -1000 -1000 -10 0.00027179718017578125
Car -1 -1 -10 1195.0 145.0 1242.0 225.0 -1 -1 -1 -1000 -1000 -1000 -10 0.0002684593200683594
Car -1 -1 -10 1232.0 144.0 1242.0 208.0 -1 -1 -1 -1000 -1000 -1000 -10 0.0002636909484863281
Car -1 -1 -10 1142.0 200.0 1242.0 375.0 -1 -1 -1 -1000 -1000 -1000 -10 0.0002543926239013672
Car -1 -1 -10 1213.0 181.0 1241.0 246.0 -1 -1 -1 -1000 -1000 -1000 -10 0.00024437904357910156
Car -1 -1 -10 1202.0 225.0 1241.0 356.0 -1 -1 -1 -1000 -1000 -1000 -10 0.00023043155670166016
Car -1 -1 -10 1232.0 151.0 1242.0 199.0 -1 -1 -1 -1000 -1000 -1000 -10 0.00021982192993164062
Car -1 -1 -10 1224.0 128.0 1242.0 206.0 -1 -1 -1 -1000 -1000 -1000 -10 0.00021970272064208984
Car -1 -1 -10 1128.0 249.0 1242.0 361.0 -1 -1 -1 -1000 -1000 -1000 -10 0.00020313262939453125
Car -1 -1 -10 1215.0 175.0 1241.0 237.0 -1 -1 -1 -1000 -1000 -1000 -10 0.00019431114196777344
Car -1 -1 -10 964.0 0.0 1138.0 2.0 -1 -1 -1 -1000 -1000 -1000 -10 0.00016248226165771484
Car -1 -1 -10 1206.0 147.0 1241.0 217.0 -1 -1 -1 -1000 -1000 -1000 -10 0.00016248226165771484
Car -1 -1 -10 1157.0 175.0 1242.0 339.0 -1 -1 -1 -1000 -1000 -1000 -10 0.0001609325408935547
Car -1 -1 -10 1148.0 0.0 1242.0 1.0 -1 -1 -1 -1000 -1000 -1000 -10 0.00016057491302490234
Car -1 -1 -10 1178.0 279.0 1242.0 375.0 -1 -1 -1 -1000 -1000 -1000 -10 0.00015997886657714844
Car -1 -1 -10 1107.0 204.0 1242.0 366.0 -1 -1 -1 -1000 -1000 -1000 -10 0.00015866756439208984
Car -1 -1 -10 855.0 157.0 988.0 234.0 -1 -1 -1 -1000 -1000 -1000 -10 0.00015687942504882812
Car -1 -1 -10 1144.0 235.0 1242.0 375.0 -1 -1 -1 -1000 -1000 -1000 -10 0.0001455545425415039
Car -1 -1 -10 1.0 163.0 183.0 369.0 -1 -1 -1 -1000 -1000 -1000 -10 0.00014340877532958984
Car -1 -1 -10 1017.0 253.0 1242.0 375.0 -1 -1 -1 -1000 -1000 -1000 -10 0.00014257431030273438
Car -1 -1 -10 1130.0 275.0 1242.0 375.0 -1 -1 -1 -1000 -1000 -1000 -10 0.0001423358917236328
Car -1 -1 -10 1205.0 0.0 1241.0 3.0 -1 -1 -1 -1000 -1000 -1000 -10 0.00014078617095947266
Car -1 -1 -10 1208.0 208.0 1241.0 324.0 -1 -1 -1 -1000 -1000 -1000 -10 0.00013434886932373047
Car -1 -1 -10 49.0 183.0 322.0 365.0 -1 -1 -1 -1000 -1000 -1000 -10 0.00012981891632080078
Car -1 -1 -10 300.0 183.0 434.0 272.0 -1 -1 -1 -1000 -1000 -1000 -10 0.00012767314910888672
Car -1 -1 -10 1212.0 190.0 1241.0 255.0 -1 -1 -1 -1000 -1000 -1000 -10 0.00012540817260742188
Car -1 -1 -10 922.0 157.0 1082.0 253.0 -1 -1 -1 -1000 -1000 -1000 -10 0.00011920928955078125
Car -1 -1 -10 1218.0 166.0 1242.0 223.0 -1 -1 -1 -1000 -1000 -1000 -10 0.00011873245239257812
Car -1 -1 -10 1017.0 232.0 1210.0 373.0 -1 -1 -1 -1000 -1000 -1000 -10 0.00011807680130004883
Car -1 -1 -10 1162.0 157.0 1242.0 215.0 -1 -1 -1 -1000 -1000 -1000 -10 0.00011372566223144531
Car -1 -1 -10 271.0 188.0 419.0 286.0 -1 -1 -1 -1000 -1000 -1000 -10 0.00011152029037475586
Car -1 -1 -10 1111.0 242.0 1242.0 350.0 -1 -1 -1 -1000 -1000 -1000 -10 0.00011026859283447266
Car -1 -1 -10 1203.0 143.0 1242.0 221.0 -1 -1 -1 -1000 -1000 -1000 -10 0.00010800361633300781
Car -1 -1 -10 1088.0 233.0 1225.0 373.0 -1 -1 -1 -1000 -1000 -1000 -10 0.00010627508163452148
Car -1 -1 -10 1219.0 144.0 1242.0 206.0 -1 -1 -1 -1000 -1000 -1000 -10 0.00010609626770019531
Car -1 -1 -10 1225.0 192.0 1242.0 255.0 -1 -1 -1 -1000 -1000 -1000 -10 0.00010514259338378906
Car -1 -1 -10 1218.0 156.0 1242.0 209.0 -1 -1 -1 -1000 -1000 -1000 -10 0.00010448694229125977
Car -1 -1 -10 1.0 97.0 183.0 318.0 -1 -1 -1 -1000 -1000 -1000 -10 0.00010442733764648438
Car -1 -1 -10 0.0 124.0 20.0 234.0 -1 -1 -1 -1000 -1000 -1000 -10 0.00010377168655395508
