Car -1 -1 -10 680.0 129.0 744.0 203.0 -1 -1 -1 -1000 -1000 -1000 -10 0.9482421875
Cyclist -1 -1 -10 0.0 138.0 272.0 372.0 -1 -1 -1 -1000 -1000 -1000 -10 0.9423828125
Car -1 -1 -10 611.0 163.0 654.0 198.0 -1 -1 -1 -1000 -1000 -1000 -10 0.9404296875
Pedestrian -1 -1 -10 968.0 145.0 1020.0 289.0 -1 -1 -1 -1000 -1000 -1000 -10 0.90673828125
Pedestrian -1 -1 -10 798.0 153.0 824.0 227.0 -1 -1 -1 -1000 -1000 -1000 -10 0.82177734375
Pedestrian -1 -1 -10 801.0 155.0 827.0 230.0 -1 -1 -1 -1000 -1000 -1000 -10 0.66552734375
Pedestrian -1 -1 -10 796.0 155.0 821.0 226.0 -1 -1 -1 -1000 -1000 -1000 -10 0.293212890625
Pedestrian -1 -1 -10 804.0 154.0 830.0 231.0 -1 -1 -1 -1000 -1000 -1000 -10 0.0670166015625
Pedestrian -1 -1 -10 800.0 162.0 825.0 226.0 -1 -1 -1 -1000 -1000 -1000 -10 0.0208282470703125
Pedestrian -1 -1 -10 808.0 156.0 835.0 232.0 -1 -1 -1 -1000 -1000 -1000 -10 0.00617218017578125
Pedestrian -1 -1 -10 805.0 162.0 828.0 227.0 -1 -1 -1 -1000 -1000 -1000 -10 0.00479888916015625
Pedestrian -1 -1 -10 922.0 147.0 957.0 256.0 -1 -1 -1 -1000 -1000 -1000 -10 0.00432586669921875
Pedestrian -1 -1 -10 803.0 157.0 827.0 221.0 -1 -1 -1 -1000 -1000 -1000 -10 0.003936767578125
Cyclist -1 -1 -10 0.0 148.0 225.0 370.0 -1 -1 -1 -1000 -1000 -1000 -10 0.0038394927978515625
Pedestrian -1 -1 -10 963.0 152.0 1014.0 292.0 -1 -1 -1 -1000 -1000 -1000 -10 0.0028057098388671875
Pedestrian -1 -1 -10 794.0 159.0 818.0 229.0 -1 -1 -1 -1000 -1000 -1000 -10 0.0023021697998046875
Pedestrian -1 -1 -10 969.0 155.0 1019.0 271.0 -1 -1 -1 -1000 -1000 -1000 -10 0.0021419525146484375
Pedestrian -1 -1 -10 803.0 151.0 833.0 226.0 -1 -1 -1 -1000 -1000 -1000 -10 0.0017347335815429688
Pedestrian -1 -1 -10 917.0 153.0 956.0 259.0 -1 -1 -1 -1000 -1000 -1000 -10 0.0012645721435546875
Cyclist -1 -1 -10 6.0 131.0 267.0 339.0 -1 -1 -1 -1000 -1000 -1000 -10 0.0011358261108398438
Car -1 -1 -10 605.0 154.0 664.0 214.0 -1 -1 -1 -1000 -1000 -1000 -10 0.0009336471557617188
Cyclist -1 -1 -10 0.0 140.0 180.0 372.0 -1 -1 -1 -1000 -1000 -1000 -10 0.0009212493896484375
Pedestrian -1 -1 -10 943.0 140.0 1066.0 294.0 -1 -1 -1 -1000 -1000 -1000 -10 0.0009160041809082031
Pedestrian -1 -1 -10 804.0 164.0 826.0 234.0 -1 -1 -1 -1000 -1000 -1000 -10 0.0009026527404785156
Cyclist -1 -1 -10 12.0 105.0 283.0 359.0 -1 -1 -1 -1000 -1000 -1000 -10 0.00083160400390625
Pedestrian -1 -1 -10 921.0 139.0 1044.0 295.0 -1 -1 -1 -1000 -1000 -1000 -10 0.0008292198181152344
Car -1 -1 -10 606.0 147.0 660.0 206.0 -1 -1 -1 -1000 -1000 -1000 -10 0.0007886886596679688
Pedestrian -1 -1 -10 974.0 142.0 1022.0 276.0 -1 -1 -1 -1000 -1000 -1000 -10 0.0007491111755371094
Cyclist -1 -1 -10 70.0 136.0 198.0 371.0 -1 -1 -1 -1000 -1000 -1000 -10 0.0006613731384277344
Pedestrian -1 -1 -10 1218.0 164.0 1238.0 362.0 -1 -1 -1 -1000 -1000 -1000 -10 0.0006465911865234375
Car -1 -1 -10 643.0 120.0 754.0 216.0 -1 -1 -1 -1000 -1000 -1000 -10 0.0006361007690429688
Pedestrian -1 -1 -10 978.0 147.0 1026.0 285.0 -1 -1 -1 -1000 -1000 -1000 -10 0.0006208419799804688
Pedestrian -1 -1 -10 1214.0 189.0 1238.0 373.0 -1 -1 -1 -1000 -1000 -1000 -10 0.0006003379821777344
Car -1 -1 -10 683.0 124.0 741.0 197.0 -1 -1 -1 -1000 -1000 -1000 -10 0.0005121231079101562
Car -1 -1 -10 614.0 158.0 653.0 192.0 -1 -1 -1 -1000 -1000 -1000 -10 0.0005083084106445312
Pedestrian -1 -1 -10 809.0 161.0 834.0 226.0 -1 -1 -1 -1000 -1000 -1000 -10 0.0003972053527832031
Car -1 -1 -10 602.0 162.0 642.0 194.0 -1 -1 -1 -1000 -1000 -1000 -10 0.000392913818359375
Car -1 -1 -10 660.0 118.0 776.0 215.0 -1 -1 -1 -1000 -1000 -1000 -10 0.0003819465637207031
Car -1 -1 -10 554.0 130.0 722.0 262.0 -1 -1 -1 -1000 -1000 -1000 -10 0.0003788471221923828
Pedestrian -1 -1 -10 1213.0 158.0 1238.0 367.0 -1 -1 -1 -1000 -1000 -1000 -10 0.0003421306610107422
Pedestrian -1 -1 -10 786.0 157.0 805.0 226.0 -1 -1 -1 -1000 -1000 -1000 -10 0.0003025531768798828
Car -1 -1 -10 528.0 113.0 696.0 235.0 -1 -1 -1 -1000 -1000 -1000 -10 0.0002579689025878906
Car -1 -1 -10 555.0 106.0 722.0 236.0 -1 -1 -1 -1000 -1000 -1000 -10 0.00023603439331054688
Pedestrian -1 -1 -10 792.0 157.0 835.0 224.0 -1 -1 -1 -1000 -1000 -1000 -10 0.0002244710922241211
Cyclist -1 -1 -10 1.0 174.0 215.0 358.0 -1 -1 -1 -1000 -1000 -1000 -10 0.0002200603485107422
Pedestrian -1 -1 -10 1220.0 146.0 1238.0 342.0 -1 -1 -1 -1000 -1000 -1000 -10 0.0002162456512451172
Pedestrian -1 -1 -10 1192.0 188.0 1238.0 373.0 -1 -1 -1 -1000 -1000 -1000 -10 0.00020205974578857422
Car -1 -1 -10 610.0 167.0 650.0 199.0 -1 -1 -1 -1000 -1000 -1000 -10 0.0002014636993408203
Pedestrian -1 -1 -10 976.0 157.0 1020.0 295.0 -1 -1 -1 -1000 -1000 -1000 -10 0.00018513202667236328
Pedestrian -1 -1 -10 1188.0 158.0 1237.0 374.0 -1 -1 -1 -1000 -1000 -1000 -10 0.00018310546875
Pedestrian -1 -1 -10 964.0 145.0 1005.0 281.0 -1 -1 -1 -1000 -1000 -1000 -10 0.00016057491302490234
Pedestrian -1 -1 -10 798.0 144.0 820.0 218.0 -1 -1 -1 -1000 -1000 -1000 -10 0.0001569986343383789
Pedestrian -1 -1 -10 919.0 155.0 963.0 258.0 -1 -1 -1 -1000 -1000 -1000 -10 0.00014889240264892578
Cyclist -1 -1 -10 0.0 116.0 119.0 362.0 -1 -1 -1 -1000 -1000 -1000 -10 0.0001468658447265625
Cyclist -1 -1 -10 0.0 151.0 58.0 368.0 -1 -1 -1 -1000 -1000 -1000 -10 0.00013065338134765625
Car -1 -1 -10 1213.0 224.0 1238.0 372.0 -1 -1 -1 -1000 -1000 -1000 -10 0.00012826919555664062
Cyclist -1 -1 -10 55.0 132.0 186.0 361.0 -1 -1 -1 -1000 -1000 -1000 -10 0.0001233816146850586
Pedestrian -1 -1 -10 1220.0 131.0 1238.0 314.0 -1 -1 -1 -1000 -1000 -1000 -10 0.00011426210403442383
Pedestrian -1 -1 -10 1196.0 161.0 1238.0 364.0 -1 -1 -1 -1000 -1000 -1000 -10 0.00011420249938964844
Car -1 -1 -10 678.0 133.0 736.0 204.0 -1 -1 -1 -1000 -1000 -1000 -10 0.00011360645294189453
Cyclist -1 -1 -10 2.0 160.0 153.0 371.0 -1 -1 -1 -1000 -1000 -1000 -10 0.00011283159255981445
Car -1 -1 -10 954.0 303.0 1233.0 370.0 -1 -1 -1 -1000 -1000 -1000 -10 0.00010436773300170898
Car -1 -1 -10 1208.0 220.0 1238.0 374.0 -1 -1 -1 -1000 -1000 -1000 -10 0.00010246038436889648
