Car -1 -1 -10 292.0 191.0 463.0 309.0 -1 -1 -1 -1000 -1000 -1000 -10 0.9677734375
Car -1 -1 -10 347.0 189.0 384.0 219.0 -1 -1 -1 -1000 -1000 -1000 -10 0.88037109375
Car -1 -1 -10 351.0 190.0 385.0 217.0 -1 -1 -1 -1000 -1000 -1000 -10 0.26416015625
Car -1 -1 -10 344.0 189.0 385.0 223.0 -1 -1 -1 -1000 -1000 -1000 -10 0.2357177734375
Car -1 -1 -10 350.0 193.0 386.0 224.0 -1 -1 -1 -1000 -1000 -1000 -10 0.0032367706298828125
Car -1 -1 -10 343.0 191.0 377.0 219.0 -1 -1 -1 -1000 -1000 -1000 -10 0.0009403228759765625
Car -1 -1 -10 325.0 192.0 418.0 270.0 -1 -1 -1 -1000 -1000 -1000 -10 0.0007677078247070312
Car -1 -1 -10 350.0 185.0 383.0 209.0 -1 -1 -1 -1000 -1000 -1000 -10 0.0005440711975097656
Car -1 -1 -10 284.0 174.0 450.0 289.0 -1 -1 -1 -1000 -1000 -1000 -10 0.0005340576171875
Car -1 -1 -10 385.0 191.0 412.0 215.0 -1 -1 -1 -1000 -1000 -1000 -10 0.0004143714904785156
Car -1 -1 -10 0.0 197.0 22.0 372.0 -1 -1 -1 -1000 -1000 -1000 -10 0.000370025634765625
Car -1 -1 -10 391.0 191.0 418.0 213.0 -1 -1 -1 -1000 -1000 -1000 -10 0.0002918243408203125
Car -1 -1 -10 371.0 191.0 398.0 216.0 -1 -1 -1 -1000 -1000 -1000 -10 0.0002758502960205078
Car -1 -1 -10 341.0 188.0 385.0 231.0 -1 -1 -1 -1000 -1000 -1000 -10 0.0002567768096923828
Car -1 -1 -10 1.0 189.0 25.0 375.0 -1 -1 -1 -1000 -1000 -1000 -10 0.00021016597747802734
Car -1 -1 -10 411.0 189.0 441.0 212.0 -1 -1 -1 -1000 -1000 -1000 -10 0.00020766258239746094
Car -1 -1 -10 401.0 188.0 435.0 212.0 -1 -1 -1 -1000 -1000 -1000 -10 0.0002065896987915039
Car -1 -1 -10 0.0 180.0 21.0 348.0 -1 -1 -1 -1000 -1000 -1000 -10 0.00019502639770507812
Car -1 -1 -10 346.0 189.0 381.0 215.0 -1 -1 -1 -1000 -1000 -1000 -10 0.00018930435180664062
Car -1 -1 -10 347.0 191.0 392.0 238.0 -1 -1 -1 -1000 -1000 -1000 -10 0.0001785755157470703
Car -1 -1 -10 343.0 198.0 383.0 233.0 -1 -1 -1 -1000 -1000 -1000 -10 0.00016021728515625
Car -1 -1 -10 381.0 193.0 412.0 223.0 -1 -1 -1 -1000 -1000 -1000 -10 0.0001537799835205078
Car -1 -1 -10 405.0 190.0 431.0 213.0 -1 -1 -1 -1000 -1000 -1000 -10 0.00014328956604003906
Car -1 -1 -10 1.0 227.0 25.0 373.0 -1 -1 -1 -1000 -1000 -1000 -10 0.00014293193817138672
Car -1 -1 -10 0.0 169.0 25.0 357.0 -1 -1 -1 -1000 -1000 -1000 -10 0.0001342296600341797
Car -1 -1 -10 1.0 258.0 25.0 373.0 -1 -1 -1 -1000 -1000 -1000 -10 0.00012254714965820312
Car -1 -1 -10 303.0 188.0 461.0 293.0 -1 -1 -1 -1000 -1000 -1000 -10 0.00010770559310913086
Car -1 -1 -10 378.0 193.0 415.0 224.0 -1 -1 -1 -1000 -1000 -1000 -10 0.00010627508163452148
