Car -1 -1 -10 875.0 179.0 955.0 239.0 -1 -1 -1 -1000 -1000 -1000 -10 0.958984375
Car -1 -1 -10 852.0 166.0 897.0 210.0 -1 -1 -1 -1000 -1000 -1000 -10 0.95849609375
Car -1 -1 -10 368.0 178.0 550.0 270.0 -1 -1 -1 -1000 -1000 -1000 -10 0.9306640625
Pedestrian -1 -1 -10 472.0 177.0 507.0 279.0 -1 -1 -1 -1000 -1000 -1000 -10 0.8798828125
Car -1 -1 -10 1023.0 205.0 1242.0 373.0 -1 -1 -1 -1000 -1000 -1000 -10 0.8193359375
Pedestrian -1 -1 -10 1044.0 189.0 1237.0 374.0 -1 -1 -1 -1000 -1000 -1000 -10 0.50927734375
Car -1 -1 -10 1045.0 189.0 1236.0 375.0 -1 -1 -1 -1000 -1000 -1000 -10 0.436279296875
Pedestrian -1 -1 -10 1065.0 178.0 1223.0 372.0 -1 -1 -1 -1000 -1000 -1000 -10 0.373291015625
Pedestrian -1 -1 -10 1084.0 180.0 1210.0 367.0 -1 -1 -1 -1000 -1000 -1000 -10 0.208740234375
Pedestrian -1 -1 -10 1074.0 194.0 1193.0 364.0 -1 -1 -1 -1000 -1000 -1000 -10 0.09423828125
Car -1 -1 -10 1023.0 241.0 1241.0 372.0 -1 -1 -1 -1000 -1000 -1000 -10 0.0245208740234375
Pedestrian -1 -1 -10 464.0 177.0 515.0 277.0 -1 -1 -1 -1000 -1000 -1000 -10 0.02227783203125
Car -1 -1 -10 384.0 182.0 532.0 269.0 -1 -1 -1 -1000 -1000 -1000 -10 0.016021728515625
Pedestrian -1 -1 -10 1084.0 196.0 1227.0 373.0 -1 -1 -1 -1000 -1000 -1000 -10 0.01468658447265625
Pedestrian -1 -1 -10 453.0 181.0 505.0 275.0 -1 -1 -1 -1000 -1000 -1000 -10 0.0120086669921875
Pedestrian -1 -1 -10 475.0 173.0 504.0 274.0 -1 -1 -1 -1000 -1000 -1000 -10 0.01065826416015625
Pedestrian -1 -1 -10 460.0 181.0 498.0 275.0 -1 -1 -1 -1000 -1000 -1000 -10 0.01038360595703125
Pedestrian -1 -1 -10 417.0 178.0 538.0 275.0 -1 -1 -1 -1000 -1000 -1000 -10 0.00875091552734375
Pedestrian -1 -1 -10 468.0 180.0 510.0 281.0 -1 -1 -1 -1000 -1000 -1000 -10 0.004146575927734375
Pedestrian -1 -1 -10 1089.0 234.0 1157.0 366.0 -1 -1 -1 -1000 -1000 -1000 -10 0.003826141357421875
Pedestrian -1 -1 -10 1051.0 196.0 1197.0 373.0 -1 -1 -1 -1000 -1000 -1000 -10 0.0034160614013671875
Pedestrian -1 -1 -10 1106.0 221.0 1168.0 362.0 -1 -1 -1 -1000 -1000 -1000 -10 0.0023670196533203125
Pedestrian -1 -1 -10 1219.0 215.0 1242.0 375.0 -1 -1 -1 -1000 -1000 -1000 -10 0.0021190643310546875
Car -1 -1 -10 379.0 176.0 547.0 257.0 -1 -1 -1 -1000 -1000 -1000 -10 0.0015668869018554688
Pedestrian -1 -1 -10 1083.0 227.0 1238.0 374.0 -1 -1 -1 -1000 -1000 -1000 -10 0.0014467239379882812
Pedestrian -1 -1 -10 1102.0 235.0 1166.0 365.0 -1 -1 -1 -1000 -1000 -1000 -10 0.0013093948364257812
Car -1 -1 -10 399.0 176.0 541.0 265.0 -1 -1 -1 -1000 -1000 -1000 -10 0.0012407302856445312
Car -1 -1 -10 1219.0 201.0 1242.0 369.0 -1 -1 -1 -1000 -1000 -1000 -10 0.0010967254638671875
Pedestrian -1 -1 -10 1176.0 205.0 1237.0 375.0 -1 -1 -1 -1000 -1000 -1000 -10 0.0010328292846679688
Pedestrian -1 -1 -10 1080.0 166.0 1214.0 345.0 -1 -1 -1 -1000 -1000 -1000 -10 0.0009589195251464844
Pedestrian -1 -1 -10 1194.0 220.0 1242.0 374.0 -1 -1 -1 -1000 -1000 -1000 -10 0.0009312629699707031
Pedestrian -1 -1 -10 1128.0 216.0 1236.0 375.0 -1 -1 -1 -1000 -1000 -1000 -10 0.0008158683776855469
Pedestrian -1 -1 -10 1126.0 217.0 1184.0 365.0 -1 -1 -1 -1000 -1000 -1000 -10 0.0007214546203613281
Car -1 -1 -10 1214.0 199.0 1242.0 371.0 -1 -1 -1 -1000 -1000 -1000 -10 0.0006799697875976562
Pedestrian -1 -1 -10 1165.0 208.0 1235.0 375.0 -1 -1 -1 -1000 -1000 -1000 -10 0.0006256103515625
Pedestrian -1 -1 -10 455.0 176.0 530.0 278.0 -1 -1 -1 -1000 -1000 -1000 -10 0.0006208419799804688
Pedestrian -1 -1 -10 1225.0 239.0 1242.0 372.0 -1 -1 -1 -1000 -1000 -1000 -10 0.0006194114685058594
Pedestrian -1 -1 -10 1219.0 241.0 1242.0 375.0 -1 -1 -1 -1000 -1000 -1000 -10 0.0005803108215332031
Car -1 -1 -10 1068.0 224.0 1240.0 374.0 -1 -1 -1 -1000 -1000 -1000 -10 0.0005712509155273438
Car -1 -1 -10 272.0 90.0 288.0 103.0 -1 -1 -1 -1000 -1000 -1000 -10 0.000545501708984375
Car -1 -1 -10 847.0 150.0 997.0 270.0 -1 -1 -1 -1000 -1000 -1000 -10 0.0005040168762207031
Car -1 -1 -10 362.0 172.0 563.0 278.0 -1 -1 -1 -1000 -1000 -1000 -10 0.0004756450653076172
Pedestrian -1 -1 -10 1021.0 171.0 1212.0 372.0 -1 -1 -1 -1000 -1000 -1000 -10 0.0004658699035644531
Car -1 -1 -10 370.0 181.0 524.0 276.0 -1 -1 -1 -1000 -1000 -1000 -10 0.00046062469482421875
Car -1 -1 -10 1221.0 178.0 1242.0 348.0 -1 -1 -1 -1000 -1000 -1000 -10 0.0004534721374511719
Pedestrian -1 -1 -10 1121.0 229.0 1181.0 369.0 -1 -1 -1 -1000 -1000 -1000 -10 0.0004150867462158203
Pedestrian -1 -1 -10 1216.0 237.0 1242.0 374.0 -1 -1 -1 -1000 -1000 -1000 -10 0.00041413307189941406
Car -1 -1 -10 800.0 0.0 866.0 55.0 -1 -1 -1 -1000 -1000 -1000 -10 0.0003948211669921875
Car -1 -1 -10 809.0 0.0 877.0 56.0 -1 -1 -1 -1000 -1000 -1000 -10 0.0003936290740966797
Pedestrian -1 -1 -10 1213.0 239.0 1242.0 375.0 -1 -1 -1 -1000 -1000 -1000 -10 0.000339508056640625
Car -1 -1 -10 843.0 159.0 901.0 221.0 -1 -1 -1 -1000 -1000 -1000 -10 0.0003371238708496094
Car -1 -1 -10 818.0 0.0 887.0 56.0 -1 -1 -1 -1000 -1000 -1000 -10 0.0003299713134765625
Pedestrian -1 -1 -10 1182.0 168.0 1239.0 375.0 -1 -1 -1 -1000 -1000 -1000 -10 0.0003275871276855469
Car -1 -1 -10 789.0 0.0 855.0 55.0 -1 -1 -1 -1000 -1000 -1000 -10 0.0003097057342529297
Car -1 -1 -10 820.0 156.0 975.0 267.0 -1 -1 -1 -1000 -1000 -1000 -10 0.00030517578125
Car -1 -1 -10 779.0 0.0 844.0 54.0 -1 -1 -1 -1000 -1000 -1000 -10 0.00030231475830078125
Car -1 -1 -10 269.0 89.0 290.0 104.0 -1 -1 -1 -1000 -1000 -1000 -10 0.0003018379211425781
Car -1 -1 -10 1215.0 176.0 1242.0 351.0 -1 -1 -1 -1000 -1000 -1000 -10 0.0002980232238769531
Pedestrian -1 -1 -10 1197.0 203.0 1242.0 365.0 -1 -1 -1 -1000 -1000 -1000 -10 0.0002837181091308594
Car -1 -1 -10 1064.0 242.0 1206.0 359.0 -1 -1 -1 -1000 -1000 -1000 -10 0.0002837181091308594
Car -1 -1 -10 825.0 0.0 900.0 58.0 -1 -1 -1 -1000 -1000 -1000 -10 0.00028324127197265625
Car -1 -1 -10 424.0 182.0 490.0 264.0 -1 -1 -1 -1000 -1000 -1000 -10 0.0002765655517578125
Pedestrian -1 -1 -10 1184.0 228.0 1241.0 375.0 -1 -1 -1 -1000 -1000 -1000 -10 0.00025343894958496094
Car -1 -1 -10 768.0 0.0 833.0 54.0 -1 -1 -1 -1000 -1000 -1000 -10 0.0002391338348388672
Car -1 -1 -10 760.0 0.0 823.0 53.0 -1 -1 -1 -1000 -1000 -1000 -10 0.00023543834686279297
Car -1 -1 -10 358.0 177.0 492.0 275.0 -1 -1 -1 -1000 -1000 -1000 -10 0.0002065896987915039
Car -1 -1 -10 836.0 0.0 911.0 58.0 -1 -1 -1 -1000 -1000 -1000 -10 0.0001990795135498047
Pedestrian -1 -1 -10 1082.0 246.0 1217.0 365.0 -1 -1 -1 -1000 -1000 -1000 -10 0.00019788742065429688
Pedestrian -1 -1 -10 1226.0 273.0 1242.0 375.0 -1 -1 -1 -1000 -1000 -1000 -10 0.00019299983978271484
Car -1 -1 -10 1204.0 181.0 1241.0 344.0 -1 -1 -1 -1000 -1000 -1000 -10 0.0001895427703857422
Pedestrian -1 -1 -10 1215.0 223.0 1242.0 365.0 -1 -1 -1 -1000 -1000 -1000 -10 0.0001785755157470703
Car -1 -1 -10 853.0 155.0 922.0 220.0 -1 -1 -1 -1000 -1000 -1000 -10 0.0001748800277709961
Car -1 -1 -10 740.0 2.0 802.0 54.0 -1 -1 -1 -1000 -1000 -1000 -10 0.0001735687255859375
Pedestrian -1 -1 -10 1172.0 225.0 1239.0 375.0 -1 -1 -1 -1000 -1000 -1000 -10 0.0001723766326904297
Pedestrian -1 -1 -10 1132.0 248.0 1239.0 375.0 -1 -1 -1 -1000 -1000 -1000 -10 0.000164031982421875
Pedestrian -1 -1 -10 1169.0 172.0 1237.0 372.0 -1 -1 -1 -1000 -1000 -1000 -10 0.00016009807586669922
Pedestrian -1 -1 -10 1068.0 175.0 1204.0 336.0 -1 -1 -1 -1000 -1000 -1000 -10 0.00015783309936523438
Pedestrian -1 -1 -10 1101.0 244.0 1241.0 373.0 -1 -1 -1 -1000 -1000 -1000 -10 0.00015497207641601562
Car -1 -1 -10 772.0 134.0 945.0 263.0 -1 -1 -1 -1000 -1000 -1000 -10 0.00015306472778320312
Pedestrian -1 -1 -10 1083.0 172.0 1189.0 337.0 -1 -1 -1 -1000 -1000 -1000 -10 0.00014984607696533203
Pedestrian -1 -1 -10 1183.0 249.0 1242.0 375.0 -1 -1 -1 -1000 -1000 -1000 -10 0.00013744831085205078
Car -1 -1 -10 1064.0 223.0 1217.0 338.0 -1 -1 -1 -1000 -1000 -1000 -10 0.0001342296600341797
Pedestrian -1 -1 -10 1070.0 247.0 1194.0 363.0 -1 -1 -1 -1000 -1000 -1000 -10 0.00012826919555664062
Pedestrian -1 -1 -10 1083.0 224.0 1153.0 361.0 -1 -1 -1 -1000 -1000 -1000 -10 0.00012731552124023438
Car -1 -1 -10 847.0 0.0 922.0 58.0 -1 -1 -1 -1000 -1000 -1000 -10 0.00012564659118652344
Car -1 -1 -10 748.0 1.0 811.0 54.0 -1 -1 -1 -1000 -1000 -1000 -10 0.00011819601058959961
Pedestrian -1 -1 -10 453.0 177.0 490.0 261.0 -1 -1 -1 -1000 -1000 -1000 -10 0.00011068582534790039
Car -1 -1 -10 1223.0 164.0 1242.0 317.0 -1 -1 -1 -1000 -1000 -1000 -10 0.00010013580322265625
