Car -1 -1 -10 727.0 175.0 775.0 207.0 -1 -1 -1 -1000 -1000 -1000 -10 0.95849609375
Car -1 -1 -10 861.0 168.0 953.0 260.0 -1 -1 -1 -1000 -1000 -1000 -10 0.94140625
Car -1 -1 -10 776.0 173.0 810.0 196.0 -1 -1 -1 -1000 -1000 -1000 -10 0.9375
Car -1 -1 -10 862.0 168.0 941.0 252.0 -1 -1 -1 -1000 -1000 -1000 -10 0.002117156982421875
Car -1 -1 -10 774.0 171.0 812.0 204.0 -1 -1 -1 -1000 -1000 -1000 -10 0.0010271072387695312
Car -1 -1 -10 723.0 161.0 787.0 224.0 -1 -1 -1 -1000 -1000 -1000 -10 0.0009722709655761719
Car -1 -1 -10 723.0 157.0 781.0 215.0 -1 -1 -1 -1000 -1000 -1000 -10 0.0007848739624023438
Car -1 -1 -10 717.0 163.0 779.0 223.0 -1 -1 -1 -1000 -1000 -1000 -10 0.0007472038269042969
Car -1 -1 -10 1172.0 194.0 1242.0 374.0 -1 -1 -1 -1000 -1000 -1000 -10 0.0007028579711914062
Cyclist -1 -1 -10 0.0 190.0 25.0 372.0 -1 -1 -1 -1000 -1000 -1000 -10 0.0006518363952636719
Car -1 -1 -10 775.0 169.0 812.0 199.0 -1 -1 -1 -1000 -1000 -1000 -10 0.0005230903625488281
Cyclist -1 -1 -10 0.0 165.0 24.0 361.0 -1 -1 -1 -1000 -1000 -1000 -10 0.0005040168762207031
Cyclist -1 -1 -10 0.0 179.0 28.0 375.0 -1 -1 -1 -1000 -1000 -1000 -10 0.0005006790161132812
Car -1 -1 -10 787.0 173.0 815.0 194.0 -1 -1 -1 -1000 -1000 -1000 -10 0.0004391670227050781
Car -1 -1 -10 844.0 163.0 962.0 266.0 -1 -1 -1 -1000 -1000 -1000 -10 0.00043010711669921875
Car -1 -1 -10 1159.0 201.0 1242.0 372.0 -1 -1 -1 -1000 -1000 -1000 -10 0.0003886222839355469
Car -1 -1 -10 648.0 134.0 819.0 270.0 -1 -1 -1 -1000 -1000 -1000 -10 0.00038504600524902344
Car -1 -1 -10 778.0 172.0 810.0 193.0 -1 -1 -1 -1000 -1000 -1000 -10 0.00036406517028808594
Car -1 -1 -10 680.0 131.0 845.0 274.0 -1 -1 -1 -1000 -1000 -1000 -10 0.0003590583801269531
Car -1 -1 -10 683.0 115.0 841.0 240.0 -1 -1 -1 -1000 -1000 -1000 -10 0.00033783912658691406
Car -1 -1 -10 1184.0 171.0 1242.0 373.0 -1 -1 -1 -1000 -1000 -1000 -10 0.00032639503479003906
Car -1 -1 -10 1208.0 188.0 1242.0 373.0 -1 -1 -1 -1000 -1000 -1000 -10 0.0002987384796142578
Cyclist -1 -1 -10 1.0 218.0 22.0 374.0 -1 -1 -1 -1000 -1000 -1000 -10 0.0002720355987548828
Car -1 -1 -10 732.0 174.0 774.0 203.0 -1 -1 -1 -1000 -1000 -1000 -10 0.0002644062042236328
Car -1 -1 -10 869.0 173.0 958.0 270.0 -1 -1 -1 -1000 -1000 -1000 -10 0.00021147727966308594
Cyclist -1 -1 -10 0.0 144.0 35.0 375.0 -1 -1 -1 -1000 -1000 -1000 -10 0.00020837783813476562
Car -1 -1 -10 864.0 166.0 930.0 235.0 -1 -1 -1 -1000 -1000 -1000 -10 0.00020515918731689453
Car -1 -1 -10 796.0 174.0 818.0 191.0 -1 -1 -1 -1000 -1000 -1000 -10 0.00020372867584228516
Car -1 -1 -10 1154.0 171.0 1242.0 371.0 -1 -1 -1 -1000 -1000 -1000 -10 0.0001842975616455078
Cyclist -1 -1 -10 0.0 182.0 37.0 375.0 -1 -1 -1 -1000 -1000 -1000 -10 0.00017571449279785156
Car -1 -1 -10 1146.0 214.0 1242.0 371.0 -1 -1 -1 -1000 -1000 -1000 -10 0.00017154216766357422
Car -1 -1 -10 1206.0 215.0 1242.0 372.0 -1 -1 -1 -1000 -1000 -1000 -10 0.00016641616821289062
Cyclist -1 -1 -10 0.0 208.0 27.0 375.0 -1 -1 -1 -1000 -1000 -1000 -10 0.00015103816986083984
Car -1 -1 -10 763.0 175.0 795.0 199.0 -1 -1 -1 -1000 -1000 -1000 -10 0.00014770030975341797
Car -1 -1 -10 765.0 176.0 798.0 198.0 -1 -1 -1 -1000 -1000 -1000 -10 0.0001366138458251953
Car -1 -1 -10 866.0 161.0 944.0 243.0 -1 -1 -1 -1000 -1000 -1000 -10 0.0001289844512939453
Cyclist -1 -1 -10 0.0 158.0 41.0 369.0 -1 -1 -1 -1000 -1000 -1000 -10 0.00012028217315673828
Car -1 -1 -10 1180.0 224.0 1242.0 375.0 -1 -1 -1 -1000 -1000 -1000 -10 0.00011324882507324219
Car -1 -1 -10 1207.0 151.0 1242.0 375.0 -1 -1 -1 -1000 -1000 -1000 -10 0.00011295080184936523
Car -1 -1 -10 723.0 173.0 766.0 202.0 -1 -1 -1 -1000 -1000 -1000 -10 0.00010865926742553711
Car -1 -1 -10 788.0 175.0 820.0 195.0 -1 -1 -1 -1000 -1000 -1000 -10 0.0001068115234375
Cyclist -1 -1 -10 0.0 164.0 34.0 362.0 -1 -1 -1 -1000 -1000 -1000 -10 0.00010395050048828125
Cyclist -1 -1 -10 0.0 154.0 22.0 330.0 -1 -1 -1 -1000 -1000 -1000 -10 0.00010025501251220703
