Car -1 -1 -10 768.0 195.0 1030.0 363.0 -1 -1 -1 -1000 -1000 -1000 -10 0.9619140625
Car -1 -1 -10 2.0 174.0 240.0 341.0 -1 -1 -1 -1000 -1000 -1000 -10 0.9599609375
Car -1 -1 -10 0.0 170.0 340.0 303.0 -1 -1 -1 -1000 -1000 -1000 -10 0.95751953125
Car -1 -1 -10 839.0 170.0 1106.0 273.0 -1 -1 -1 -1000 -1000 -1000 -10 0.95556640625
Car -1 -1 -10 0.0 182.0 162.0 374.0 -1 -1 -1 -1000 -1000 -1000 -10 0.939453125
Car -1 -1 -10 108.0 171.0 334.0 266.0 -1 -1 -1 -1000 -1000 -1000 -10 0.93896484375
Car -1 -1 -10 331.0 159.0 482.0 224.0 -1 -1 -1 -1000 -1000 -1000 -10 0.9306640625
Car -1 -1 -10 191.0 177.0 411.0 258.0 -1 -1 -1 -1000 -1000 -1000 -10 0.919921875
Car -1 -1 -10 730.0 175.0 869.0 227.0 -1 -1 -1 -1000 -1000 -1000 -10 0.91748046875
Cyclist -1 -1 -10 548.0 174.0 560.0 206.0 -1 -1 -1 -1000 -1000 -1000 -10 0.91064453125
Car -1 -1 -10 634.0 175.0 670.0 203.0 -1 -1 -1 -1000 -1000 -1000 -10 0.9072265625
Car -1 -1 -10 773.0 178.0 935.0 244.0 -1 -1 -1 -1000 -1000 -1000 -10 0.88671875
Car -1 -1 -10 426.0 172.0 518.0 205.0 -1 -1 -1 -1000 -1000 -1000 -10 0.880859375
Car -1 -1 -10 710.0 169.0 822.0 219.0 -1 -1 -1 -1000 -1000 -1000 -10 0.8779296875
Car -1 -1 -10 453.0 175.0 531.0 203.0 -1 -1 -1 -1000 -1000 -1000 -10 0.861328125
Car -1 -1 -10 809.0 176.0 1007.0 253.0 -1 -1 -1 -1000 -1000 -1000 -10 0.85986328125
Car -1 -1 -10 317.0 167.0 463.0 228.0 -1 -1 -1 -1000 -1000 -1000 -10 0.8515625
Car -1 -1 -10 712.0 174.0 831.0 221.0 -1 -1 -1 -1000 -1000 -1000 -10 0.84228515625
Car -1 -1 -10 615.0 165.0 628.0 181.0 -1 -1 -1 -1000 -1000 -1000 -10 0.837890625
Car -1 -1 -10 224.0 173.0 434.0 244.0 -1 -1 -1 -1000 -1000 -1000 -10 0.8369140625
Car -1 -1 -10 774.0 177.0 913.0 235.0 -1 -1 -1 -1000 -1000 -1000 -10 0.462158203125
Car -1 -1 -10 626.0 173.0 647.0 192.0 -1 -1 -1 -1000 -1000 -1000 -10 0.33935546875
Car -1 -1 -10 719.0 176.0 845.0 224.0 -1 -1 -1 -1000 -1000 -1000 -10 0.32666015625
Car -1 -1 -10 437.0 173.0 525.0 204.0 -1 -1 -1 -1000 -1000 -1000 -10 0.28759765625
Car -1 -1 -10 618.0 169.0 635.0 185.0 -1 -1 -1 -1000 -1000 -1000 -10 0.2149658203125
Car -1 -1 -10 629.0 172.0 657.0 194.0 -1 -1 -1 -1000 -1000 -1000 -10 0.10546875
Car -1 -1 -10 761.0 177.0 881.0 226.0 -1 -1 -1 -1000 -1000 -1000 -10 0.0780029296875
Car -1 -1 -10 415.0 166.0 517.0 205.0 -1 -1 -1 -1000 -1000 -1000 -10 0.055419921875
Car -1 -1 -10 345.0 166.0 487.0 223.0 -1 -1 -1 -1000 -1000 -1000 -10 0.041290283203125
Car -1 -1 -10 295.0 168.0 455.0 230.0 -1 -1 -1 -1000 -1000 -1000 -10 0.04052734375
Car -1 -1 -10 93.0 168.0 342.0 276.0 -1 -1 -1 -1000 -1000 -1000 -10 0.030853271484375
Car -1 -1 -10 803.0 167.0 1079.0 281.0 -1 -1 -1 -1000 -1000 -1000 -10 0.023956298828125
Car -1 -1 -10 614.0 163.0 628.0 181.0 -1 -1 -1 -1000 -1000 -1000 -10 0.0231781005859375
Car -1 -1 -10 784.0 179.0 965.0 248.0 -1 -1 -1 -1000 -1000 -1000 -10 0.0165557861328125
Car -1 -1 -10 246.0 175.0 413.0 239.0 -1 -1 -1 -1000 -1000 -1000 -10 0.01461029052734375
Car -1 -1 -10 614.0 163.0 629.0 183.0 -1 -1 -1 -1000 -1000 -1000 -10 0.01419830322265625
Cyclist -1 -1 -10 550.0 173.0 561.0 200.0 -1 -1 -1 -1000 -1000 -1000 -10 0.01406097412109375
Car -1 -1 -10 754.0 175.0 907.0 241.0 -1 -1 -1 -1000 -1000 -1000 -10 0.0140228271484375
Car -1 -1 -10 828.0 176.0 992.0 247.0 -1 -1 -1 -1000 -1000 -1000 -10 0.01296234130859375
Car -1 -1 -10 327.0 173.0 473.0 227.0 -1 -1 -1 -1000 -1000 -1000 -10 0.01239776611328125
Car -1 -1 -10 828.0 173.0 1054.0 264.0 -1 -1 -1 -1000 -1000 -1000 -10 0.010772705078125
Car -1 -1 -10 772.0 175.0 897.0 228.0 -1 -1 -1 -1000 -1000 -1000 -10 0.00970458984375
Car -1 -1 -10 790.0 177.0 952.0 237.0 -1 -1 -1 -1000 -1000 -1000 -10 0.0073699951171875
Car -1 -1 -10 335.0 153.0 504.0 224.0 -1 -1 -1 -1000 -1000 -1000 -10 0.0040130615234375
Cyclist -1 -1 -10 547.0 178.0 560.0 207.0 -1 -1 -1 -1000 -1000 -1000 -10 0.00379180908203125
Car -1 -1 -10 429.0 170.0 508.0 203.0 -1 -1 -1 -1000 -1000 -1000 -10 0.003559112548828125
Car -1 -1 -10 746.0 180.0 871.0 228.0 -1 -1 -1 -1000 -1000 -1000 -10 0.003383636474609375
Car -1 -1 -10 792.0 177.0 1010.0 265.0 -1 -1 -1 -1000 -1000 -1000 -10 0.00312042236328125
Car -1 -1 -10 322.0 160.0 463.0 223.0 -1 -1 -1 -1000 -1000 -1000 -10 0.002899169921875
Car -1 -1 -10 430.0 171.0 525.0 211.0 -1 -1 -1 -1000 -1000 -1000 -10 0.0028228759765625
Car -1 -1 -10 797.0 166.0 1001.0 271.0 -1 -1 -1 -1000 -1000 -1000 -10 0.0021800994873046875
Cyclist -1 -1 -10 547.0 172.0 559.0 204.0 -1 -1 -1 -1000 -1000 -1000 -10 0.002178192138671875
Car -1 -1 -10 452.0 179.0 530.0 207.0 -1 -1 -1 -1000 -1000 -1000 -10 0.0019779205322265625
Car -1 -1 -10 245.0 172.0 408.0 231.0 -1 -1 -1 -1000 -1000 -1000 -10 0.0018815994262695312
Car -1 -1 -10 737.0 176.0 814.0 218.0 -1 -1 -1 -1000 -1000 -1000 -10 0.0018625259399414062
Car -1 -1 -10 706.0 175.0 809.0 219.0 -1 -1 -1 -1000 -1000 -1000 -10 0.0018596649169921875
Car -1 -1 -10 274.0 172.0 439.0 236.0 -1 -1 -1 -1000 -1000 -1000 -10 0.0018367767333984375
Car -1 -1 -10 3.0 166.0 231.0 318.0 -1 -1 -1 -1000 -1000 -1000 -10 0.0018148422241210938
Car -1 -1 -10 360.0 163.0 437.0 218.0 -1 -1 -1 -1000 -1000 -1000 -10 0.0017986297607421875
Car -1 -1 -10 322.0 176.0 455.0 231.0 -1 -1 -1 -1000 -1000 -1000 -10 0.0017328262329101562
Car -1 -1 -10 235.0 177.0 402.0 234.0 -1 -1 -1 -1000 -1000 -1000 -10 0.0017232894897460938
Car -1 -1 -10 0.0 169.0 285.0 289.0 -1 -1 -1 -1000 -1000 -1000 -10 0.0013666152954101562
Car -1 -1 -10 437.0 178.0 521.0 208.0 -1 -1 -1 -1000 -1000 -1000 -10 0.0013341903686523438
Car -1 -1 -10 0.0 189.0 29.0 371.0 -1 -1 -1 -1000 -1000 -1000 -10 0.00128936767578125
Car -1 -1 -10 791.0 171.0 1050.0 296.0 -1 -1 -1 -1000 -1000 -1000 -10 0.0011444091796875
Car -1 -1 -10 456.0 176.0 506.0 198.0 -1 -1 -1 -1000 -1000 -1000 -10 0.0011415481567382812
Car -1 -1 -10 848.0 175.0 1008.0 252.0 -1 -1 -1 -1000 -1000 -1000 -10 0.0011348724365234375
Car -1 -1 -10 801.0 180.0 946.0 246.0 -1 -1 -1 -1000 -1000 -1000 -10 0.0010938644409179688
Car -1 -1 -10 705.0 170.0 802.0 215.0 -1 -1 -1 -1000 -1000 -1000 -10 0.0010499954223632812
Car -1 -1 -10 377.0 164.0 423.0 215.0 -1 -1 -1 -1000 -1000 -1000 -10 0.001003265380859375
Car -1 -1 -10 419.0 169.0 509.0 207.0 -1 -1 -1 -1000 -1000 -1000 -10 0.000988006591796875
Car -1 -1 -10 35.0 184.0 341.0 301.0 -1 -1 -1 -1000 -1000 -1000 -10 0.0009832382202148438
Car -1 -1 -10 707.0 167.0 809.0 211.0 -1 -1 -1 -1000 -1000 -1000 -10 0.0009493827819824219
Car -1 -1 -10 0.0 171.0 26.0 363.0 -1 -1 -1 -1000 -1000 -1000 -10 0.0008749961853027344
Car -1 -1 -10 188.0 165.0 420.0 266.0 -1 -1 -1 -1000 -1000 -1000 -10 0.0008726119995117188
Car -1 -1 -10 0.0 171.0 291.0 326.0 -1 -1 -1 -1000 -1000 -1000 -10 0.0008635520935058594
Car -1 -1 -10 718.0 169.0 859.0 234.0 -1 -1 -1 -1000 -1000 -1000 -10 0.0008382797241210938
Car -1 -1 -10 726.0 172.0 808.0 217.0 -1 -1 -1 -1000 -1000 -1000 -10 0.0008363723754882812
Car -1 -1 -10 53.0 179.0 184.0 330.0 -1 -1 -1 -1000 -1000 -1000 -10 0.0007944107055664062
Car -1 -1 -10 229.0 179.0 376.0 251.0 -1 -1 -1 -1000 -1000 -1000 -10 0.000789642333984375
Car -1 -1 -10 7.0 165.0 197.0 329.0 -1 -1 -1 -1000 -1000 -1000 -10 0.0007791519165039062
Car -1 -1 -10 632.0 168.0 653.0 191.0 -1 -1 -1 -1000 -1000 -1000 -10 0.0007672309875488281
Car -1 -1 -10 802.0 174.0 977.0 239.0 -1 -1 -1 -1000 -1000 -1000 -10 0.0007376670837402344
Car -1 -1 -10 445.0 170.0 531.0 208.0 -1 -1 -1 -1000 -1000 -1000 -10 0.0006875991821289062
Car -1 -1 -10 633.0 173.0 670.0 207.0 -1 -1 -1 -1000 -1000 -1000 -10 0.0006442070007324219
Car -1 -1 -10 780.0 182.0 985.0 263.0 -1 -1 -1 -1000 -1000 -1000 -10 0.0006356239318847656
Car -1 -1 -10 770.0 178.0 817.0 220.0 -1 -1 -1 -1000 -1000 -1000 -10 0.0005893707275390625
Car -1 -1 -10 815.0 182.0 977.0 253.0 -1 -1 -1 -1000 -1000 -1000 -10 0.0005764961242675781
Car -1 -1 -10 421.0 161.0 528.0 223.0 -1 -1 -1 -1000 -1000 -1000 -10 0.0005512237548828125
Car -1 -1 -10 421.0 156.0 530.0 215.0 -1 -1 -1 -1000 -1000 -1000 -10 0.0005431175231933594
Car -1 -1 -10 701.0 163.0 822.0 225.0 -1 -1 -1 -1000 -1000 -1000 -10 0.0005383491516113281
Car -1 -1 -10 768.0 160.0 947.0 265.0 -1 -1 -1 -1000 -1000 -1000 -10 0.0005230903625488281
Car -1 -1 -10 754.0 172.0 875.0 221.0 -1 -1 -1 -1000 -1000 -1000 -10 0.0005168914794921875
Car -1 -1 -10 796.0 171.0 999.0 242.0 -1 -1 -1 -1000 -1000 -1000 -10 0.0004875659942626953
Car -1 -1 -10 312.0 145.0 485.0 251.0 -1 -1 -1 -1000 -1000 -1000 -10 0.00047397613525390625
Car -1 -1 -10 467.0 176.0 518.0 200.0 -1 -1 -1 -1000 -1000 -1000 -10 0.0004725456237792969
Car -1 -1 -10 776.0 177.0 824.0 220.0 -1 -1 -1 -1000 -1000 -1000 -10 0.0004639625549316406
Car -1 -1 -10 148.0 175.0 298.0 255.0 -1 -1 -1 -1000 -1000 -1000 -10 0.0004496574401855469
Car -1 -1 -10 841.0 200.0 960.0 350.0 -1 -1 -1 -1000 -1000 -1000 -10 0.00042819976806640625
Car -1 -1 -10 778.0 175.0 926.0 230.0 -1 -1 -1 -1000 -1000 -1000 -10 0.0004169940948486328
Car -1 -1 -10 608.0 164.0 621.0 178.0 -1 -1 -1 -1000 -1000 -1000 -10 0.0003921985626220703
Car -1 -1 -10 759.0 177.0 838.0 222.0 -1 -1 -1 -1000 -1000 -1000 -10 0.0003769397735595703
Car -1 -1 -10 343.0 170.0 422.0 225.0 -1 -1 -1 -1000 -1000 -1000 -10 0.0003604888916015625
Car -1 -1 -10 435.0 162.0 552.0 227.0 -1 -1 -1 -1000 -1000 -1000 -10 0.00034618377685546875
Car -1 -1 -10 351.0 166.0 430.0 223.0 -1 -1 -1 -1000 -1000 -1000 -10 0.0003380775451660156
Car -1 -1 -10 914.0 176.0 1041.0 257.0 -1 -1 -1 -1000 -1000 -1000 -10 0.0003254413604736328
Car -1 -1 -10 215.0 159.0 444.0 261.0 -1 -1 -1 -1000 -1000 -1000 -10 0.0003063678741455078
Car -1 -1 -10 430.0 177.0 516.0 209.0 -1 -1 -1 -1000 -1000 -1000 -10 0.00030493736267089844
Car -1 -1 -10 1.0 169.0 235.0 285.0 -1 -1 -1 -1000 -1000 -1000 -10 0.00029397010803222656
Car -1 -1 -10 722.0 150.0 908.0 269.0 -1 -1 -1 -1000 -1000 -1000 -10 0.000293731689453125
Car -1 -1 -10 1.0 170.0 133.0 369.0 -1 -1 -1 -1000 -1000 -1000 -10 0.00029015541076660156
Car -1 -1 -10 220.0 182.0 388.0 256.0 -1 -1 -1 -1000 -1000 -1000 -10 0.0002875328063964844
Car -1 -1 -10 0.0 196.0 49.0 367.0 -1 -1 -1 -1000 -1000 -1000 -10 0.00028634071350097656
Car -1 -1 -10 776.0 172.0 898.0 221.0 -1 -1 -1 -1000 -1000 -1000 -10 0.0002853870391845703
Car -1 -1 -10 774.0 183.0 947.0 257.0 -1 -1 -1 -1000 -1000 -1000 -10 0.0002760887145996094
Car -1 -1 -10 745.0 177.0 794.0 215.0 -1 -1 -1 -1000 -1000 -1000 -10 0.0002758502960205078
Car -1 -1 -10 446.0 175.0 496.0 198.0 -1 -1 -1 -1000 -1000 -1000 -10 0.0002751350402832031
Car -1 -1 -10 714.0 180.0 830.0 227.0 -1 -1 -1 -1000 -1000 -1000 -10 0.0002713203430175781
Car -1 -1 -10 686.0 143.0 880.0 269.0 -1 -1 -1 -1000 -1000 -1000 -10 0.00026798248291015625
Car -1 -1 -10 263.0 171.0 424.0 228.0 -1 -1 -1 -1000 -1000 -1000 -10 0.0002646446228027344
Car -1 -1 -10 369.0 160.0 448.0 217.0 -1 -1 -1 -1000 -1000 -1000 -10 0.0002548694610595703
Car -1 -1 -10 708.0 142.0 899.0 248.0 -1 -1 -1 -1000 -1000 -1000 -10 0.0002543926239013672
Car -1 -1 -10 322.0 182.0 462.0 236.0 -1 -1 -1 -1000 -1000 -1000 -10 0.0002486705780029297
Car -1 -1 -10 681.0 129.0 856.0 242.0 -1 -1 -1 -1000 -1000 -1000 -10 0.0002409219741821289
Car -1 -1 -10 612.0 164.0 633.0 183.0 -1 -1 -1 -1000 -1000 -1000 -10 0.0002319812774658203
Car -1 -1 -10 223.0 178.0 390.0 243.0 -1 -1 -1 -1000 -1000 -1000 -10 0.00022459030151367188
Car -1 -1 -10 368.0 167.0 414.0 221.0 -1 -1 -1 -1000 -1000 -1000 -10 0.00022208690643310547
Car -1 -1 -10 373.0 132.0 572.0 274.0 -1 -1 -1 -1000 -1000 -1000 -10 0.0002186298370361328
Car -1 -1 -10 754.0 178.0 803.0 216.0 -1 -1 -1 -1000 -1000 -1000 -10 0.00021600723266601562
Car -1 -1 -10 662.0 139.0 853.0 262.0 -1 -1 -1 -1000 -1000 -1000 -10 0.0002123117446899414
Car -1 -1 -10 176.0 179.0 401.0 251.0 -1 -1 -1 -1000 -1000 -1000 -10 0.0002123117446899414
Car -1 -1 -10 0.0 215.0 56.0 371.0 -1 -1 -1 -1000 -1000 -1000 -10 0.00020956993103027344
Car -1 -1 -10 407.0 167.0 509.0 215.0 -1 -1 -1 -1000 -1000 -1000 -10 0.0002086162567138672
Car -1 -1 -10 3.0 187.0 65.0 371.0 -1 -1 -1 -1000 -1000 -1000 -10 0.00020587444305419922
Car -1 -1 -10 818.0 179.0 866.0 223.0 -1 -1 -1 -1000 -1000 -1000 -10 0.00020241737365722656
Car -1 -1 -10 896.0 175.0 1033.0 266.0 -1 -1 -1 -1000 -1000 -1000 -10 0.00019860267639160156
Car -1 -1 -10 0.0 167.0 53.0 361.0 -1 -1 -1 -1000 -1000 -1000 -10 0.00019598007202148438
Car -1 -1 -10 735.0 173.0 785.0 207.0 -1 -1 -1 -1000 -1000 -1000 -10 0.0001958608627319336
Car -1 -1 -10 737.0 177.0 787.0 214.0 -1 -1 -1 -1000 -1000 -1000 -10 0.00017023086547851562
Car -1 -1 -10 0.0 216.0 158.0 372.0 -1 -1 -1 -1000 -1000 -1000 -10 0.00016558170318603516
Car -1 -1 -10 401.0 135.0 599.0 271.0 -1 -1 -1 -1000 -1000 -1000 -10 0.00016415119171142578
Car -1 -1 -10 622.0 175.0 640.0 193.0 -1 -1 -1 -1000 -1000 -1000 -10 0.00015938282012939453
Car -1 -1 -10 379.0 116.0 569.0 240.0 -1 -1 -1 -1000 -1000 -1000 -10 0.00015461444854736328
Car -1 -1 -10 6.0 169.0 194.0 281.0 -1 -1 -1 -1000 -1000 -1000 -10 0.0001531839370727539
Car -1 -1 -10 823.0 0.0 900.0 20.0 -1 -1 -1 -1000 -1000 -1000 -10 0.00015306472778320312
Car -1 -1 -10 2.0 156.0 151.0 313.0 -1 -1 -1 -1000 -1000 -1000 -10 0.0001436471939086914
Car -1 -1 -10 0.0 166.0 21.0 326.0 -1 -1 -1 -1000 -1000 -1000 -10 0.00013554096221923828
Cyclist -1 -1 -10 562.0 174.0 572.0 189.0 -1 -1 -1 -1000 -1000 -1000 -10 0.00013148784637451172
Car -1 -1 -10 628.0 166.0 662.0 201.0 -1 -1 -1 -1000 -1000 -1000 -10 0.00012993812561035156
Car -1 -1 -10 374.0 172.0 419.0 220.0 -1 -1 -1 -1000 -1000 -1000 -10 0.00012969970703125
Car -1 -1 -10 820.0 181.0 867.0 233.0 -1 -1 -1 -1000 -1000 -1000 -10 0.00012671947479248047
Car -1 -1 -10 442.0 173.0 491.0 200.0 -1 -1 -1 -1000 -1000 -1000 -10 0.00012624263763427734
Car -1 -1 -10 2.0 167.0 143.0 333.0 -1 -1 -1 -1000 -1000 -1000 -10 0.00011968612670898438
Car -1 -1 -10 838.0 181.0 999.0 256.0 -1 -1 -1 -1000 -1000 -1000 -10 0.00011813640594482422
Car -1 -1 -10 635.0 173.0 674.0 204.0 -1 -1 -1 -1000 -1000 -1000 -10 0.00011426210403442383
Car -1 -1 -10 134.0 176.0 296.0 245.0 -1 -1 -1 -1000 -1000 -1000 -10 0.00011342763900756836
Car -1 -1 -10 737.0 182.0 878.0 237.0 -1 -1 -1 -1000 -1000 -1000 -10 0.00010985136032104492
Car -1 -1 -10 803.0 178.0 883.0 231.0 -1 -1 -1 -1000 -1000 -1000 -10 0.00010645389556884766
Car -1 -1 -10 636.0 181.0 668.0 205.0 -1 -1 -1 -1000 -1000 -1000 -10 0.00010585784912109375
Car -1 -1 -10 0.0 161.0 26.0 329.0 -1 -1 -1 -1000 -1000 -1000 -10 0.00010454654693603516
Car -1 -1 -10 364.0 170.0 410.0 222.0 -1 -1 -1 -1000 -1000 -1000 -10 0.00010323524475097656
