Car -1 -1 -10 340.0 129.0 547.0 286.0 -1 -1 -1 -1000 -1000 -1000 -10 0.96435546875
Car -1 -1 -10 489.0 148.0 585.0 237.0 -1 -1 -1 -1000 -1000 -1000 -10 0.9384765625
Pedestrian -1 -1 -10 897.0 145.0 1050.0 374.0 -1 -1 -1 -1000 -1000 -1000 -10 0.9375
Pedestrian -1 -1 -10 1069.0 183.0 1175.0 330.0 -1 -1 -1 -1000 -1000 -1000 -10 0.92626953125
Pedestrian -1 -1 -10 980.0 185.0 1069.0 308.0 -1 -1 -1 -1000 -1000 -1000 -10 0.92529296875
Pedestrian -1 -1 -10 541.0 155.0 589.0 277.0 -1 -1 -1 -1000 -1000 -1000 -10 0.88232421875
Pedestrian -1 -1 -10 548.0 156.0 592.0 262.0 -1 -1 -1 -1000 -1000 -1000 -10 0.79736328125
Pedestrian -1 -1 -10 562.0 159.0 594.0 242.0 -1 -1 -1 -1000 -1000 -1000 -10 0.7890625
Pedestrian -1 -1 -10 895.0 168.0 1056.0 357.0 -1 -1 -1 -1000 -1000 -1000 -10 0.63037109375
Pedestrian -1 -1 -10 968.0 179.0 1066.0 317.0 -1 -1 -1 -1000 -1000 -1000 -10 0.364501953125
Pedestrian -1 -1 -10 490.0 148.0 589.0 240.0 -1 -1 -1 -1000 -1000 -1000 -10 0.362548828125
Pedestrian -1 -1 -10 1218.0 183.0 1238.0 372.0 -1 -1 -1 -1000 -1000 -1000 -10 0.10675048828125
Pedestrian -1 -1 -10 943.0 158.0 1072.0 357.0 -1 -1 -1 -1000 -1000 -1000 -10 0.0882568359375
Pedestrian -1 -1 -10 532.0 150.0 587.0 271.0 -1 -1 -1 -1000 -1000 -1000 -10 0.08367919921875
Pedestrian -1 -1 -10 1215.0 153.0 1238.0 374.0 -1 -1 -1 -1000 -1000 -1000 -10 0.048065185546875
Pedestrian -1 -1 -10 1218.0 132.0 1238.0 356.0 -1 -1 -1 -1000 -1000 -1000 -10 0.047454833984375
Pedestrian -1 -1 -10 559.0 166.0 592.0 231.0 -1 -1 -1 -1000 -1000 -1000 -10 0.042022705078125
Pedestrian -1 -1 -10 1210.0 183.0 1238.0 374.0 -1 -1 -1 -1000 -1000 -1000 -10 0.035797119140625
Car -1 -1 -10 507.0 152.0 585.0 251.0 -1 -1 -1 -1000 -1000 -1000 -10 0.0273590087890625
Pedestrian -1 -1 -10 1213.0 204.0 1238.0 374.0 -1 -1 -1 -1000 -1000 -1000 -10 0.02728271484375
Pedestrian -1 -1 -10 1212.0 236.0 1238.0 372.0 -1 -1 -1 -1000 -1000 -1000 -10 0.0232086181640625
Pedestrian -1 -1 -10 566.0 166.0 594.0 232.0 -1 -1 -1 -1000 -1000 -1000 -10 0.0222625732421875
Pedestrian -1 -1 -10 1221.0 239.0 1238.0 369.0 -1 -1 -1 -1000 -1000 -1000 -10 0.0182037353515625
Pedestrian -1 -1 -10 570.0 160.0 597.0 241.0 -1 -1 -1 -1000 -1000 -1000 -10 0.0181732177734375
Pedestrian -1 -1 -10 1206.0 144.0 1238.0 374.0 -1 -1 -1 -1000 -1000 -1000 -10 0.0181732177734375
Pedestrian -1 -1 -10 512.0 152.0 581.0 251.0 -1 -1 -1 -1000 -1000 -1000 -10 0.01416015625
Pedestrian -1 -1 -10 1208.0 117.0 1238.0 363.0 -1 -1 -1 -1000 -1000 -1000 -10 0.01279449462890625
Pedestrian -1 -1 -10 1204.0 216.0 1238.0 374.0 -1 -1 -1 -1000 -1000 -1000 -10 0.01241302490234375
Pedestrian -1 -1 -10 1223.0 228.0 1238.0 360.0 -1 -1 -1 -1000 -1000 -1000 -10 0.0093994140625
Pedestrian -1 -1 -10 1192.0 148.0 1238.0 374.0 -1 -1 -1 -1000 -1000 -1000 -10 0.0090179443359375
Pedestrian -1 -1 -10 1216.0 224.0 1238.0 364.0 -1 -1 -1 -1000 -1000 -1000 -10 0.00870513916015625
Pedestrian -1 -1 -10 1215.0 115.0 1238.0 341.0 -1 -1 -1 -1000 -1000 -1000 -10 0.008636474609375
Pedestrian -1 -1 -10 934.0 171.0 1067.0 337.0 -1 -1 -1 -1000 -1000 -1000 -10 0.006954193115234375
Pedestrian -1 -1 -10 1068.0 189.0 1143.0 319.0 -1 -1 -1 -1000 -1000 -1000 -10 0.005218505859375
Pedestrian -1 -1 -10 1068.0 183.0 1160.0 320.0 -1 -1 -1 -1000 -1000 -1000 -10 0.004913330078125
Pedestrian -1 -1 -10 556.0 160.0 596.0 243.0 -1 -1 -1 -1000 -1000 -1000 -10 0.004730224609375
Pedestrian -1 -1 -10 1217.0 205.0 1237.0 349.0 -1 -1 -1 -1000 -1000 -1000 -10 0.0040435791015625
Pedestrian -1 -1 -10 1195.0 237.0 1235.0 373.0 -1 -1 -1 -1000 -1000 -1000 -10 0.00403594970703125
Pedestrian -1 -1 -10 1204.0 107.0 1238.0 339.0 -1 -1 -1 -1000 -1000 -1000 -10 0.00380706787109375
Pedestrian -1 -1 -10 1223.0 209.0 1238.0 345.0 -1 -1 -1 -1000 -1000 -1000 -10 0.0034961700439453125
Pedestrian -1 -1 -10 1181.0 177.0 1238.0 374.0 -1 -1 -1 -1000 -1000 -1000 -10 0.00344085693359375
Pedestrian -1 -1 -10 1216.0 244.0 1238.0 374.0 -1 -1 -1 -1000 -1000 -1000 -10 0.0030117034912109375
Car -1 -1 -10 546.0 158.0 590.0 228.0 -1 -1 -1 -1000 -1000 -1000 -10 0.002902984619140625
Pedestrian -1 -1 -10 1224.0 201.0 1238.0 334.0 -1 -1 -1 -1000 -1000 -1000 -10 0.0027256011962890625
Pedestrian -1 -1 -10 1225.0 191.0 1238.0 322.0 -1 -1 -1 -1000 -1000 -1000 -10 0.002689361572265625
Pedestrian -1 -1 -10 1209.0 246.0 1238.0 374.0 -1 -1 -1 -1000 -1000 -1000 -10 0.0023899078369140625
Pedestrian -1 -1 -10 1218.0 186.0 1237.0 324.0 -1 -1 -1 -1000 -1000 -1000 -10 0.0023326873779296875
Pedestrian -1 -1 -10 1189.0 103.0 1238.0 362.0 -1 -1 -1 -1000 -1000 -1000 -10 0.0022735595703125
Car -1 -1 -10 375.0 132.0 511.0 279.0 -1 -1 -1 -1000 -1000 -1000 -10 0.0014028549194335938
Pedestrian -1 -1 -10 981.0 181.0 1058.0 301.0 -1 -1 -1 -1000 -1000 -1000 -10 0.0013942718505859375
Car -1 -1 -10 504.0 151.0 583.0 235.0 -1 -1 -1 -1000 -1000 -1000 -10 0.0013723373413085938
Car -1 -1 -10 476.0 149.0 608.0 255.0 -1 -1 -1 -1000 -1000 -1000 -10 0.001255035400390625
Pedestrian -1 -1 -10 551.0 174.0 591.0 241.0 -1 -1 -1 -1000 -1000 -1000 -10 0.0012483596801757812
Pedestrian -1 -1 -10 1190.0 228.0 1237.0 374.0 -1 -1 -1 -1000 -1000 -1000 -10 0.001190185546875
Car -1 -1 -10 473.0 143.0 590.0 242.0 -1 -1 -1 -1000 -1000 -1000 -10 0.0011835098266601562
Pedestrian -1 -1 -10 1171.0 156.0 1238.0 369.0 -1 -1 -1 -1000 -1000 -1000 -10 0.0011444091796875
Car -1 -1 -10 545.0 159.0 593.0 214.0 -1 -1 -1 -1000 -1000 -1000 -10 0.0011377334594726562
Pedestrian -1 -1 -10 916.0 160.0 1057.0 373.0 -1 -1 -1 -1000 -1000 -1000 -10 0.0010900497436523438
Pedestrian -1 -1 -10 968.0 183.0 1089.0 312.0 -1 -1 -1 -1000 -1000 -1000 -10 0.0010538101196289062
Pedestrian -1 -1 -10 1221.0 272.0 1238.0 374.0 -1 -1 -1 -1000 -1000 -1000 -10 0.0009870529174804688
Pedestrian -1 -1 -10 1166.0 196.0 1238.0 374.0 -1 -1 -1 -1000 -1000 -1000 -10 0.000957489013671875
Pedestrian -1 -1 -10 0.0 200.0 20.0 357.0 -1 -1 -1 -1000 -1000 -1000 -10 0.0009002685546875
Pedestrian -1 -1 -10 0.0 189.0 19.0 340.0 -1 -1 -1 -1000 -1000 -1000 -10 0.0008878707885742188
Pedestrian -1 -1 -10 1220.0 258.0 1238.0 365.0 -1 -1 -1 -1000 -1000 -1000 -10 0.000797271728515625
Car -1 -1 -10 491.0 150.0 570.0 236.0 -1 -1 -1 -1000 -1000 -1000 -10 0.0007448196411132812
Pedestrian -1 -1 -10 566.0 168.0 596.0 261.0 -1 -1 -1 -1000 -1000 -1000 -10 0.0007090568542480469
Pedestrian -1 -1 -10 1178.0 105.0 1238.0 360.0 -1 -1 -1 -1000 -1000 -1000 -10 0.0006542205810546875
Pedestrian -1 -1 -10 1222.0 239.0 1238.0 350.0 -1 -1 -1 -1000 -1000 -1000 -10 0.0006418228149414062
Pedestrian -1 -1 -10 515.0 144.0 638.0 282.0 -1 -1 -1 -1000 -1000 -1000 -10 0.0005793571472167969
Pedestrian -1 -1 -10 576.0 162.0 603.0 240.0 -1 -1 -1 -1000 -1000 -1000 -10 0.0005545616149902344
Pedestrian -1 -1 -10 494.0 146.0 623.0 289.0 -1 -1 -1 -1000 -1000 -1000 -10 0.0005192756652832031
Pedestrian -1 -1 -10 1194.0 252.0 1237.0 374.0 -1 -1 -1 -1000 -1000 -1000 -10 0.0005178451538085938
Pedestrian -1 -1 -10 1181.0 225.0 1238.0 374.0 -1 -1 -1 -1000 -1000 -1000 -10 0.0004897117614746094
Pedestrian -1 -1 -10 0.0 215.0 19.0 374.0 -1 -1 -1 -1000 -1000 -1000 -10 0.0004863739013671875
Pedestrian -1 -1 -10 1221.0 277.0 1238.0 374.0 -1 -1 -1 -1000 -1000 -1000 -10 0.0004858970642089844
Pedestrian -1 -1 -10 1208.0 271.0 1238.0 372.0 -1 -1 -1 -1000 -1000 -1000 -10 0.0004856586456298828
Pedestrian -1 -1 -10 1.0 194.0 27.0 363.0 -1 -1 -1 -1000 -1000 -1000 -10 0.0004367828369140625
Pedestrian -1 -1 -10 1081.0 187.0 1162.0 329.0 -1 -1 -1 -1000 -1000 -1000 -10 0.00040459632873535156
Pedestrian -1 -1 -10 1223.0 292.0 1237.0 374.0 -1 -1 -1 -1000 -1000 -1000 -10 0.0003902912139892578
Pedestrian -1 -1 -10 548.0 161.0 597.0 273.0 -1 -1 -1 -1000 -1000 -1000 -10 0.0003571510314941406
Pedestrian -1 -1 -10 987.0 191.0 1065.0 320.0 -1 -1 -1 -1000 -1000 -1000 -10 0.0003497600555419922
Pedestrian -1 -1 -10 0.0 164.0 18.0 328.0 -1 -1 -1 -1000 -1000 -1000 -10 0.0003478527069091797
Pedestrian -1 -1 -10 1221.0 114.0 1238.0 294.0 -1 -1 -1 -1000 -1000 -1000 -10 0.0002887248992919922
Pedestrian -1 -1 -10 1224.0 171.0 1238.0 304.0 -1 -1 -1 -1000 -1000 -1000 -10 0.0002846717834472656
Pedestrian -1 -1 -10 571.0 167.0 597.0 233.0 -1 -1 -1 -1000 -1000 -1000 -10 0.00026702880859375
Pedestrian -1 -1 -10 1197.0 198.0 1234.0 336.0 -1 -1 -1 -1000 -1000 -1000 -10 0.00026702880859375
Pedestrian -1 -1 -10 1201.0 207.0 1234.0 345.0 -1 -1 -1 -1000 -1000 -1000 -10 0.0002651214599609375
Pedestrian -1 -1 -10 0.0 213.0 15.0 335.0 -1 -1 -1 -1000 -1000 -1000 -10 0.00023376941680908203
Car -1 -1 -10 490.0 145.0 589.0 217.0 -1 -1 -1 -1000 -1000 -1000 -10 0.00023221969604492188
Pedestrian -1 -1 -10 0.0 189.0 41.0 369.0 -1 -1 -1 -1000 -1000 -1000 -10 0.00022971630096435547
Pedestrian -1 -1 -10 1154.0 267.0 1238.0 374.0 -1 -1 -1 -1000 -1000 -1000 -10 0.00021505355834960938
Pedestrian -1 -1 -10 0.0 174.0 45.0 353.0 -1 -1 -1 -1000 -1000 -1000 -10 0.00021505355834960938
Pedestrian -1 -1 -10 1214.0 274.0 1238.0 374.0 -1 -1 -1 -1000 -1000 -1000 -10 0.00020039081573486328
Pedestrian -1 -1 -10 1155.0 188.0 1235.0 374.0 -1 -1 -1 -1000 -1000 -1000 -10 0.00019991397857666016
Pedestrian -1 -1 -10 1225.0 308.0 1238.0 374.0 -1 -1 -1 -1000 -1000 -1000 -10 0.0001857280731201172
Pedestrian -1 -1 -10 1149.0 214.0 1238.0 374.0 -1 -1 -1 -1000 -1000 -1000 -10 0.00018465518951416016
Pedestrian -1 -1 -10 1212.0 285.0 1238.0 374.0 -1 -1 -1 -1000 -1000 -1000 -10 0.0001811981201171875
Pedestrian -1 -1 -10 0.0 210.0 26.0 374.0 -1 -1 -1 -1000 -1000 -1000 -10 0.00018095970153808594
Pedestrian -1 -1 -10 1194.0 269.0 1235.0 374.0 -1 -1 -1 -1000 -1000 -1000 -10 0.00016832351684570312
Pedestrian -1 -1 -10 542.0 176.0 588.0 242.0 -1 -1 -1 -1000 -1000 -1000 -10 0.00016772747039794922
Pedestrian -1 -1 -10 1167.0 235.0 1237.0 370.0 -1 -1 -1 -1000 -1000 -1000 -10 0.00016701221466064453
Pedestrian -1 -1 -10 527.0 162.0 582.0 280.0 -1 -1 -1 -1000 -1000 -1000 -10 0.0001571178436279297
Pedestrian -1 -1 -10 1222.0 221.0 1238.0 334.0 -1 -1 -1 -1000 -1000 -1000 -10 0.00015687942504882812
Pedestrian -1 -1 -10 0.0 206.0 13.0 324.0 -1 -1 -1 -1000 -1000 -1000 -10 0.00015354156494140625
Pedestrian -1 -1 -10 1215.0 94.0 1237.0 315.0 -1 -1 -1 -1000 -1000 -1000 -10 0.00015270709991455078
Pedestrian -1 -1 -10 1223.0 212.0 1237.0 323.0 -1 -1 -1 -1000 -1000 -1000 -10 0.00014293193817138672
Pedestrian -1 -1 -10 0.0 215.0 28.0 333.0 -1 -1 -1 -1000 -1000 -1000 -10 0.0001373291015625
Pedestrian -1 -1 -10 1191.0 290.0 1236.0 374.0 -1 -1 -1 -1000 -1000 -1000 -10 0.0001308917999267578
Pedestrian -1 -1 -10 0.0 157.0 26.0 334.0 -1 -1 -1 -1000 -1000 -1000 -10 0.00012803077697753906
Pedestrian -1 -1 -10 896.0 166.0 974.0 279.0 -1 -1 -1 -1000 -1000 -1000 -10 0.0001270771026611328
Pedestrian -1 -1 -10 891.0 141.0 1005.0 348.0 -1 -1 -1 -1000 -1000 -1000 -10 0.00012624263763427734
Pedestrian -1 -1 -10 1065.0 186.0 1174.0 298.0 -1 -1 -1 -1000 -1000 -1000 -10 0.00012481212615966797
Pedestrian -1 -1 -10 547.0 164.0 589.0 216.0 -1 -1 -1 -1000 -1000 -1000 -10 0.00012242794036865234
Pedestrian -1 -1 -10 0.0 197.0 13.0 311.0 -1 -1 -1 -1000 -1000 -1000 -10 0.00012201070785522461
Pedestrian -1 -1 -10 974.0 184.0 1048.0 311.0 -1 -1 -1 -1000 -1000 -1000 -10 0.0001195669174194336
Pedestrian -1 -1 -10 547.0 156.0 599.0 244.0 -1 -1 -1 -1000 -1000 -1000 -10 0.00011688470840454102
Pedestrian -1 -1 -10 1094.0 327.0 1238.0 374.0 -1 -1 -1 -1000 -1000 -1000 -10 0.00011348724365234375
Pedestrian -1 -1 -10 1165.0 108.0 1237.0 342.0 -1 -1 -1 -1000 -1000 -1000 -10 0.00011247396469116211
Pedestrian -1 -1 -10 1219.0 301.0 1238.0 374.0 -1 -1 -1 -1000 -1000 -1000 -10 0.00011152029037475586
Pedestrian -1 -1 -10 1217.0 229.0 1237.0 343.0 -1 -1 -1 -1000 -1000 -1000 -10 0.00011146068572998047
Pedestrian -1 -1 -10 902.0 143.0 1028.0 318.0 -1 -1 -1 -1000 -1000 -1000 -10 0.00011146068572998047
Pedestrian -1 -1 -10 1200.0 92.0 1237.0 310.0 -1 -1 -1 -1000 -1000 -1000 -10 0.00011074542999267578
Pedestrian -1 -1 -10 1214.0 306.0 1238.0 374.0 -1 -1 -1 -1000 -1000 -1000 -10 0.00010979175567626953
Pedestrian -1 -1 -10 1064.0 196.0 1126.0 307.0 -1 -1 -1 -1000 -1000 -1000 -10 0.00010716915130615234
Pedestrian -1 -1 -10 4.0 159.0 74.0 344.0 -1 -1 -1 -1000 -1000 -1000 -10 0.00010716915130615234
Pedestrian -1 -1 -10 1.0 235.0 12.0 349.0 -1 -1 -1 -1000 -1000 -1000 -10 0.0001055598258972168
Car -1 -1 -10 447.0 0.0 544.0 61.0 -1 -1 -1 -1000 -1000 -1000 -10 0.00010532140731811523
Pedestrian -1 -1 -10 0.0 211.0 37.0 374.0 -1 -1 -1 -1000 -1000 -1000 -10 0.00010502338409423828
Pedestrian -1 -1 -10 956.0 0.0 1072.0 39.0 -1 -1 -1 -1000 -1000 -1000 -10 0.00010180473327636719
Pedestrian -1 -1 -10 1145.0 254.0 1238.0 374.0 -1 -1 -1 -1000 -1000 -1000 -10 0.00010120868682861328
Pedestrian -1 -1 -10 1065.0 176.0 1179.0 312.0 -1 -1 -1 -1000 -1000 -1000 -10 0.00010114908218383789
Pedestrian -1 -1 -10 1226.0 151.0 1238.0 281.0 -1 -1 -1 -1000 -1000 -1000 -10 0.00010073184967041016
Pedestrian -1 -1 -10 890.0 160.0 979.0 287.0 -1 -1 -1 -1000 -1000 -1000 -10 0.00010019540786743164
