Car -1 -1 -10 690.0 168.0 798.0 258.0 -1 -1 -1 -1000 -1000 -1000 -10 0.96875
Car -1 -1 -10 1013.0 193.0 1242.0 373.0 -1 -1 -1 -1000 -1000 -1000 -10 0.9609375
Car -1 -1 -10 576.0 177.0 619.0 217.0 -1 -1 -1 -1000 -1000 -1000 -10 0.94580078125
Car -1 -1 -10 670.0 177.0 729.0 226.0 -1 -1 -1 -1000 -1000 -1000 -10 0.9384765625
Car -1 -1 -10 0.0 198.0 80.0 352.0 -1 -1 -1 -1000 -1000 -1000 -10 0.91455078125
Car -1 -1 -10 645.0 174.0 679.0 205.0 -1 -1 -1 -1000 -1000 -1000 -10 0.9140625
Car -1 -1 -10 595.0 172.0 628.0 207.0 -1 -1 -1 -1000 -1000 -1000 -10 0.890625
Car -1 -1 -10 588.0 174.0 626.0 209.0 -1 -1 -1 -1000 -1000 -1000 -10 0.1434326171875
Car -1 -1 -10 639.0 176.0 666.0 200.0 -1 -1 -1 -1000 -1000 -1000 -10 0.023834228515625
Car -1 -1 -10 596.0 177.0 629.0 209.0 -1 -1 -1 -1000 -1000 -1000 -10 0.00681304931640625
Car -1 -1 -10 576.0 177.0 613.0 214.0 -1 -1 -1 -1000 -1000 -1000 -10 0.003780364990234375
Car -1 -1 -10 671.0 174.0 734.0 234.0 -1 -1 -1 -1000 -1000 -1000 -10 0.0022430419921875
Car -1 -1 -10 673.0 181.0 724.0 227.0 -1 -1 -1 -1000 -1000 -1000 -10 0.0021724700927734375
Car -1 -1 -10 668.0 171.0 731.0 229.0 -1 -1 -1 -1000 -1000 -1000 -10 0.0012865066528320312
Car -1 -1 -10 1065.0 197.0 1191.0 365.0 -1 -1 -1 -1000 -1000 -1000 -10 0.0012750625610351562
Car -1 -1 -10 639.0 171.0 681.0 205.0 -1 -1 -1 -1000 -1000 -1000 -10 0.0011205673217773438
Car -1 -1 -10 632.0 176.0 657.0 200.0 -1 -1 -1 -1000 -1000 -1000 -10 0.0009946823120117188
Car -1 -1 -10 0.0 196.0 91.0 355.0 -1 -1 -1 -1000 -1000 -1000 -10 0.0008983612060546875
Car -1 -1 -10 647.0 179.0 679.0 206.0 -1 -1 -1 -1000 -1000 -1000 -10 0.0007977485656738281
Car -1 -1 -10 682.0 165.0 779.0 246.0 -1 -1 -1 -1000 -1000 -1000 -10 0.000728607177734375
Car -1 -1 -10 0.0 196.0 104.0 355.0 -1 -1 -1 -1000 -1000 -1000 -10 0.0007076263427734375
Car -1 -1 -10 686.0 161.0 808.0 264.0 -1 -1 -1 -1000 -1000 -1000 -10 0.0006604194641113281
Car -1 -1 -10 0.0 223.0 70.0 373.0 -1 -1 -1 -1000 -1000 -1000 -10 0.0006427764892578125
Car -1 -1 -10 574.0 179.0 614.0 217.0 -1 -1 -1 -1000 -1000 -1000 -10 0.0005817413330078125
Car -1 -1 -10 646.0 173.0 681.0 209.0 -1 -1 -1 -1000 -1000 -1000 -10 0.00054931640625
Car -1 -1 -10 570.0 162.0 622.0 222.0 -1 -1 -1 -1000 -1000 -1000 -10 0.0004279613494873047
Car -1 -1 -10 569.0 164.0 626.0 231.0 -1 -1 -1 -1000 -1000 -1000 -10 0.00036454200744628906
Car -1 -1 -10 0.0 239.0 77.0 359.0 -1 -1 -1 -1000 -1000 -1000 -10 0.00033211708068847656
Car -1 -1 -10 0.0 204.0 50.0 358.0 -1 -1 -1 -1000 -1000 -1000 -10 0.0003070831298828125
Car -1 -1 -10 0.0 223.0 28.0 367.0 -1 -1 -1 -1000 -1000 -1000 -10 0.00030684471130371094
Car -1 -1 -10 582.0 174.0 617.0 209.0 -1 -1 -1 -1000 -1000 -1000 -10 0.00026988983154296875
Car -1 -1 -10 518.0 124.0 678.0 244.0 -1 -1 -1 -1000 -1000 -1000 -10 0.00024628639221191406
Car -1 -1 -10 509.0 129.0 687.0 277.0 -1 -1 -1 -1000 -1000 -1000 -10 0.0002263784408569336
Car -1 -1 -10 488.0 138.0 669.0 270.0 -1 -1 -1 -1000 -1000 -1000 -10 0.00022161006927490234
Car -1 -1 -10 619.0 141.0 764.0 247.0 -1 -1 -1 -1000 -1000 -1000 -10 0.0002073049545288086
Car -1 -1 -10 0.0 196.0 17.0 281.0 -1 -1 -1 -1000 -1000 -1000 -10 0.00019884109497070312
Car -1 -1 -10 0.0 219.0 34.0 370.0 -1 -1 -1 -1000 -1000 -1000 -10 0.0001838207244873047
Car -1 -1 -10 671.0 176.0 715.0 219.0 -1 -1 -1 -1000 -1000 -1000 -10 0.0001773834228515625
Car -1 -1 -10 0.0 253.0 28.0 375.0 -1 -1 -1 -1000 -1000 -1000 -10 0.00016772747039794922
Car -1 -1 -10 0.0 204.0 77.0 321.0 -1 -1 -1 -1000 -1000 -1000 -10 0.00015652179718017578
Car -1 -1 -10 1033.0 188.0 1239.0 357.0 -1 -1 -1 -1000 -1000 -1000 -10 0.0001558065414428711
Car -1 -1 -10 0.0 214.0 81.0 332.0 -1 -1 -1 -1000 -1000 -1000 -10 0.00015425682067871094
Car -1 -1 -10 610.0 136.0 774.0 273.0 -1 -1 -1 -1000 -1000 -1000 -10 0.00015056133270263672
Car -1 -1 -10 0.0 183.0 18.0 259.0 -1 -1 -1 -1000 -1000 -1000 -10 0.00014972686767578125
Car -1 -1 -10 0.0 232.0 80.0 375.0 -1 -1 -1 -1000 -1000 -1000 -10 0.0001379251480102539
Car -1 -1 -10 632.0 0.0 677.0 1.0 -1 -1 -1 -1000 -1000 -1000 -10 0.00013577938079833984
Pedestrian -1 -1 -10 616.0 0.0 670.0 3.0 -1 -1 -1 -1000 -1000 -1000 -10 0.00012767314910888672
Car -1 -1 -10 1035.0 105.0 1063.0 138.0 -1 -1 -1 -1000 -1000 -1000 -10 0.00011998414993286133
Car -1 -1 -10 1.0 191.0 67.0 313.0 -1 -1 -1 -1000 -1000 -1000 -10 0.00011426210403442383
Car -1 -1 -10 0.0 258.0 14.0 371.0 -1 -1 -1 -1000 -1000 -1000 -10 0.00011014938354492188
Car -1 -1 -10 671.0 184.0 731.0 236.0 -1 -1 -1 -1000 -1000 -1000 -10 0.00010561943054199219
