Car -1 -1 -10 967.0 149.0 1157.0 242.0 -1 -1 -1 -1000 -1000 -1000 -10 0.9609375
Car -1 -1 -10 0.0 191.0 327.0 310.0 -1 -1 -1 -1000 -1000 -1000 -10 0.9560546875
Car -1 -1 -10 1071.0 168.0 1228.0 233.0 -1 -1 -1 -1000 -1000 -1000 -10 0.9541015625
Car -1 -1 -10 169.0 170.0 417.0 261.0 -1 -1 -1 -1000 -1000 -1000 -10 0.9443359375
Car -1 -1 -10 101.0 186.0 353.0 279.0 -1 -1 -1 -1000 -1000 -1000 -10 0.939453125
Car -1 -1 -10 357.0 177.0 496.0 227.0 -1 -1 -1 -1000 -1000 -1000 -10 0.89990234375
Car -1 -1 -10 324.0 172.0 487.0 233.0 -1 -1 -1 -1000 -1000 -1000 -10 0.89453125
Car -1 -1 -10 237.0 175.0 439.0 245.0 -1 -1 -1 -1000 -1000 -1000 -10 0.89013671875
Car -1 -1 -10 664.0 173.0 753.0 204.0 -1 -1 -1 -1000 -1000 -1000 -10 0.88818359375
Car -1 -1 -10 0.0 181.0 83.0 372.0 -1 -1 -1 -1000 -1000 -1000 -10 0.87548828125
Car -1 -1 -10 112.0 179.0 362.0 271.0 -1 -1 -1 -1000 -1000 -1000 -10 0.469482421875
Car -1 -1 -10 219.0 172.0 435.0 252.0 -1 -1 -1 -1000 -1000 -1000 -10 0.360595703125
Car -1 -1 -10 342.0 174.0 492.0 226.0 -1 -1 -1 -1000 -1000 -1000 -10 0.2337646484375
Car -1 -1 -10 480.0 177.0 560.0 203.0 -1 -1 -1 -1000 -1000 -1000 -10 0.1455078125
Car -1 -1 -10 343.0 178.0 486.0 231.0 -1 -1 -1 -1000 -1000 -1000 -10 0.07257080078125
Car -1 -1 -10 936.0 162.0 1046.0 215.0 -1 -1 -1 -1000 -1000 -1000 -10 0.04144287109375
Car -1 -1 -10 255.0 174.0 420.0 239.0 -1 -1 -1 -1000 -1000 -1000 -10 0.0267486572265625
Car -1 -1 -10 1.0 189.0 75.0 333.0 -1 -1 -1 -1000 -1000 -1000 -10 0.0192413330078125
Car -1 -1 -10 267.0 177.0 434.0 243.0 -1 -1 -1 -1000 -1000 -1000 -10 0.01097869873046875
Car -1 -1 -10 367.0 182.0 501.0 227.0 -1 -1 -1 -1000 -1000 -1000 -10 0.00897979736328125
Car -1 -1 -10 264.0 185.0 430.0 248.0 -1 -1 -1 -1000 -1000 -1000 -10 0.00780487060546875
Car -1 -1 -10 356.0 173.0 487.0 221.0 -1 -1 -1 -1000 -1000 -1000 -10 0.00623321533203125
Car -1 -1 -10 263.0 176.0 398.0 242.0 -1 -1 -1 -1000 -1000 -1000 -10 0.005580902099609375
Car -1 -1 -10 351.0 186.0 495.0 232.0 -1 -1 -1 -1000 -1000 -1000 -10 0.0054168701171875
Car -1 -1 -10 325.0 181.0 481.0 238.0 -1 -1 -1 -1000 -1000 -1000 -10 0.004608154296875
Car -1 -1 -10 333.0 167.0 485.0 227.0 -1 -1 -1 -1000 -1000 -1000 -10 0.0041046142578125
Car -1 -1 -10 674.0 174.0 759.0 206.0 -1 -1 -1 -1000 -1000 -1000 -10 0.003326416015625
Car -1 -1 -10 0.0 161.0 75.0 348.0 -1 -1 -1 -1000 -1000 -1000 -10 0.003208160400390625
Car -1 -1 -10 0.0 186.0 57.0 368.0 -1 -1 -1 -1000 -1000 -1000 -10 0.0030364990234375
Car -1 -1 -10 668.0 178.0 752.0 208.0 -1 -1 -1 -1000 -1000 -1000 -10 0.0026683807373046875
Car -1 -1 -10 0.0 179.0 95.0 373.0 -1 -1 -1 -1000 -1000 -1000 -10 0.002349853515625
Car -1 -1 -10 0.0 181.0 107.0 373.0 -1 -1 -1 -1000 -1000 -1000 -10 0.00225067138671875
Car -1 -1 -10 482.0 180.0 561.0 206.0 -1 -1 -1 -1000 -1000 -1000 -10 0.0016326904296875
Car -1 -1 -10 315.0 178.0 468.0 230.0 -1 -1 -1 -1000 -1000 -1000 -10 0.00154876708984375
Car -1 -1 -10 0.0 140.0 67.0 341.0 -1 -1 -1 -1000 -1000 -1000 -10 0.0014352798461914062
Car -1 -1 -10 662.0 170.0 754.0 208.0 -1 -1 -1 -1000 -1000 -1000 -10 0.0013151168823242188
Car -1 -1 -10 279.0 176.0 442.0 237.0 -1 -1 -1 -1000 -1000 -1000 -10 0.0011110305786132812
Car -1 -1 -10 1.0 203.0 80.0 349.0 -1 -1 -1 -1000 -1000 -1000 -10 0.0008916854858398438
Car -1 -1 -10 149.0 164.0 423.0 269.0 -1 -1 -1 -1000 -1000 -1000 -10 0.0008449554443359375
Car -1 -1 -10 305.0 147.0 506.0 250.0 -1 -1 -1 -1000 -1000 -1000 -10 0.0006885528564453125
Car -1 -1 -10 4.0 183.0 111.0 345.0 -1 -1 -1 -1000 -1000 -1000 -10 0.0006608963012695312
Car -1 -1 -10 658.0 155.0 763.0 213.0 -1 -1 -1 -1000 -1000 -1000 -10 0.0006542205810546875
Car -1 -1 -10 0.0 202.0 84.0 318.0 -1 -1 -1 -1000 -1000 -1000 -10 0.0006513595581054688
Car -1 -1 -10 656.0 161.0 764.0 224.0 -1 -1 -1 -1000 -1000 -1000 -10 0.0005965232849121094
Car -1 -1 -10 3.0 216.0 82.0 364.0 -1 -1 -1 -1000 -1000 -1000 -10 0.0005903244018554688
Car -1 -1 -10 227.0 173.0 366.0 251.0 -1 -1 -1 -1000 -1000 -1000 -10 0.00058746337890625
Car -1 -1 -10 987.0 150.0 1137.0 238.0 -1 -1 -1 -1000 -1000 -1000 -10 0.0005254745483398438
Car -1 -1 -10 373.0 174.0 449.0 222.0 -1 -1 -1 -1000 -1000 -1000 -10 0.0005049705505371094
Car -1 -1 -10 948.0 157.0 1130.0 234.0 -1 -1 -1 -1000 -1000 -1000 -10 0.0005006790161132812
Car -1 -1 -10 366.0 173.0 442.0 226.0 -1 -1 -1 -1000 -1000 -1000 -10 0.0004723072052001953
Car -1 -1 -10 312.0 145.0 518.0 263.0 -1 -1 -1 -1000 -1000 -1000 -10 0.000469207763671875
Car -1 -1 -10 1062.0 150.0 1242.0 256.0 -1 -1 -1 -1000 -1000 -1000 -10 0.00045228004455566406
Car -1 -1 -10 659.0 174.0 736.0 204.0 -1 -1 -1 -1000 -1000 -1000 -10 0.00042128562927246094
Car -1 -1 -10 1232.0 181.0 1242.0 261.0 -1 -1 -1 -1000 -1000 -1000 -10 0.0003941059112548828
Car -1 -1 -10 0.0 157.0 90.0 321.0 -1 -1 -1 -1000 -1000 -1000 -10 0.0003886222839355469
Car -1 -1 -10 299.0 180.0 456.0 235.0 -1 -1 -1 -1000 -1000 -1000 -10 0.00036907196044921875
Car -1 -1 -10 201.0 183.0 434.0 260.0 -1 -1 -1 -1000 -1000 -1000 -10 0.00034737586975097656
Car -1 -1 -10 382.0 175.0 424.0 225.0 -1 -1 -1 -1000 -1000 -1000 -10 0.00034332275390625
Car -1 -1 -10 1223.0 187.0 1242.0 371.0 -1 -1 -1 -1000 -1000 -1000 -10 0.0003383159637451172
Car -1 -1 -10 0.0 165.0 30.0 322.0 -1 -1 -1 -1000 -1000 -1000 -10 0.00033473968505859375
Car -1 -1 -10 627.0 113.0 802.0 238.0 -1 -1 -1 -1000 -1000 -1000 -10 0.0003299713134765625
Car -1 -1 -10 624.0 133.0 808.0 273.0 -1 -1 -1 -1000 -1000 -1000 -10 0.0003230571746826172
Car -1 -1 -10 383.0 179.0 511.0 218.0 -1 -1 -1 -1000 -1000 -1000 -10 0.0003218650817871094
Car -1 -1 -10 495.0 178.0 567.0 205.0 -1 -1 -1 -1000 -1000 -1000 -10 0.0002639293670654297
Car -1 -1 -10 1232.0 177.0 1242.0 250.0 -1 -1 -1 -1000 -1000 -1000 -10 0.0002586841583251953
Car -1 -1 -10 144.0 162.0 428.0 252.0 -1 -1 -1 -1000 -1000 -1000 -10 0.0002529621124267578
Car -1 -1 -10 230.0 159.0 450.0 264.0 -1 -1 -1 -1000 -1000 -1000 -10 0.00025177001953125
Car -1 -1 -10 293.0 0.0 333.0 10.0 -1 -1 -1 -1000 -1000 -1000 -10 0.00023257732391357422
Car -1 -1 -10 1226.0 178.0 1242.0 338.0 -1 -1 -1 -1000 -1000 -1000 -10 0.00023102760314941406
Car -1 -1 -10 0.0 160.0 35.0 325.0 -1 -1 -1 -1000 -1000 -1000 -10 0.0002301931381225586
Car -1 -1 -10 4.0 200.0 95.0 314.0 -1 -1 -1 -1000 -1000 -1000 -10 0.0002262592315673828
Car -1 -1 -10 0.0 225.0 72.0 366.0 -1 -1 -1 -1000 -1000 -1000 -10 0.00022017955780029297
Car -1 -1 -10 496.0 178.0 546.0 200.0 -1 -1 -1 -1000 -1000 -1000 -10 0.00021123886108398438
Car -1 -1 -10 1222.0 213.0 1242.0 375.0 -1 -1 -1 -1000 -1000 -1000 -10 0.00020062923431396484
Car -1 -1 -10 1234.0 192.0 1241.0 246.0 -1 -1 -1 -1000 -1000 -1000 -10 0.00019752979278564453
Car -1 -1 -10 55.0 192.0 315.0 269.0 -1 -1 -1 -1000 -1000 -1000 -10 0.00018703937530517578
Car -1 -1 -10 603.0 134.0 787.0 268.0 -1 -1 -1 -1000 -1000 -1000 -10 0.0001709461212158203
Car -1 -1 -10 1060.0 171.0 1219.0 237.0 -1 -1 -1 -1000 -1000 -1000 -10 0.00016176700592041016
Car -1 -1 -10 0.0 138.0 60.0 318.0 -1 -1 -1 -1000 -1000 -1000 -10 0.00015985965728759766
Car -1 -1 -10 489.0 177.0 563.0 201.0 -1 -1 -1 -1000 -1000 -1000 -10 0.00015926361083984375
Car -1 -1 -10 1124.0 171.0 1166.0 227.0 -1 -1 -1 -1000 -1000 -1000 -10 0.00015664100646972656
Car -1 -1 -10 1217.0 180.0 1242.0 375.0 -1 -1 -1 -1000 -1000 -1000 -10 0.0001558065414428711
Car -1 -1 -10 386.0 176.0 431.0 225.0 -1 -1 -1 -1000 -1000 -1000 -10 0.0001519918441772461
Car -1 -1 -10 281.0 0.0 329.0 12.0 -1 -1 -1 -1000 -1000 -1000 -10 0.0001512765884399414
Car -1 -1 -10 0.0 177.0 70.0 297.0 -1 -1 -1 -1000 -1000 -1000 -10 0.00014674663543701172
Car -1 -1 -10 0.0 165.0 24.0 283.0 -1 -1 -1 -1000 -1000 -1000 -10 0.00014603137969970703
Car -1 -1 -10 1216.0 204.0 1242.0 375.0 -1 -1 -1 -1000 -1000 -1000 -10 0.0001430511474609375
Car -1 -1 -10 682.0 175.0 733.0 199.0 -1 -1 -1 -1000 -1000 -1000 -10 0.00014197826385498047
Car -1 -1 -10 462.0 0.0 495.0 1.0 -1 -1 -1 -1000 -1000 -1000 -10 0.00014150142669677734
Car -1 -1 -10 1228.0 180.0 1242.0 287.0 -1 -1 -1 -1000 -1000 -1000 -10 0.0001404285430908203
Car -1 -1 -10 1232.0 193.0 1242.0 289.0 -1 -1 -1 -1000 -1000 -1000 -10 0.00013947486877441406
Car -1 -1 -10 458.0 0.0 500.0 2.0 -1 -1 -1 -1000 -1000 -1000 -10 0.00013816356658935547
Car -1 -1 -10 1233.0 185.0 1242.0 237.0 -1 -1 -1 -1000 -1000 -1000 -10 0.00013017654418945312
Car -1 -1 -10 379.0 177.0 457.0 223.0 -1 -1 -1 -1000 -1000 -1000 -10 0.00012671947479248047
Car -1 -1 -10 1231.0 198.0 1241.0 310.0 -1 -1 -1 -1000 -1000 -1000 -10 0.0001266002655029297
Car -1 -1 -10 316.0 176.0 480.0 245.0 -1 -1 -1 -1000 -1000 -1000 -10 0.00012624263763427734
Car -1 -1 -10 245.0 185.0 438.0 256.0 -1 -1 -1 -1000 -1000 -1000 -10 0.00012493133544921875
Car -1 -1 -10 210.0 183.0 368.0 255.0 -1 -1 -1 -1000 -1000 -1000 -10 0.00011664628982543945
Car -1 -1 -10 662.0 166.0 752.0 198.0 -1 -1 -1 -1000 -1000 -1000 -10 0.00011491775512695312
Car -1 -1 -10 1.0 183.0 61.0 320.0 -1 -1 -1 -1000 -1000 -1000 -10 0.00010859966278076172
Car -1 -1 -10 9.0 191.0 88.0 321.0 -1 -1 -1 -1000 -1000 -1000 -10 0.00010484457015991211
Car -1 -1 -10 286.0 0.0 325.0 12.0 -1 -1 -1 -1000 -1000 -1000 -10 0.00010472536087036133
Car -1 -1 -10 689.0 175.0 739.0 200.0 -1 -1 -1 -1000 -1000 -1000 -10 0.00010412931442260742
Car -1 -1 -10 1232.0 173.0 1242.0 232.0 -1 -1 -1 -1000 -1000 -1000 -10 0.00010210275650024414
Car -1 -1 -10 1228.0 181.0 1242.0 251.0 -1 -1 -1 -1000 -1000 -1000 -10 0.00010102987289428711
