Car -1 -1 -10 519.0 165.0 739.0 373.0 -1 -1 -1 -1000 -1000 -1000 -10 0.97705078125
Car -1 -1 -10 433.0 119.0 664.0 225.0 -1 -1 -1 -1000 -1000 -1000 -10 0.955078125
Car -1 -1 -10 1078.0 174.0 1228.0 218.0 -1 -1 -1 -1000 -1000 -1000 -10 0.9521484375
Car -1 -1 -10 376.0 185.0 417.0 204.0 -1 -1 -1 -1000 -1000 -1000 -10 0.94873046875
Car -1 -1 -10 66.0 193.0 159.0 229.0 -1 -1 -1 -1000 -1000 -1000 -10 0.9384765625
Car -1 -1 -10 334.0 188.0 372.0 207.0 -1 -1 -1 -1000 -1000 -1000 -10 0.9326171875
Car -1 -1 -10 424.0 181.0 461.0 201.0 -1 -1 -1 -1000 -1000 -1000 -10 0.88427734375
Car -1 -1 -10 424.0 183.0 459.0 202.0 -1 -1 -1 -1000 -1000 -1000 -10 0.0294342041015625
Car -1 -1 -10 433.0 183.0 473.0 200.0 -1 -1 -1 -1000 -1000 -1000 -10 0.0266876220703125
Car -1 -1 -10 460.0 181.0 505.0 201.0 -1 -1 -1 -1000 -1000 -1000 -10 0.020721435546875
Car -1 -1 -10 452.0 182.0 488.0 198.0 -1 -1 -1 -1000 -1000 -1000 -10 0.0154571533203125
Car -1 -1 -10 434.0 181.0 479.0 199.0 -1 -1 -1 -1000 -1000 -1000 -10 0.01007843017578125
Car -1 -1 -10 450.0 179.0 503.0 203.0 -1 -1 -1 -1000 -1000 -1000 -10 0.006862640380859375
Car -1 -1 -10 597.0 0.0 633.0 27.0 -1 -1 -1 -1000 -1000 -1000 -10 0.004619598388671875
Car -1 -1 -10 463.0 180.0 503.0 199.0 -1 -1 -1 -1000 -1000 -1000 -10 0.003528594970703125
Car -1 -1 -10 376.0 183.0 416.0 202.0 -1 -1 -1 -1000 -1000 -1000 -10 0.0031261444091796875
Car -1 -1 -10 459.0 178.0 516.0 204.0 -1 -1 -1 -1000 -1000 -1000 -10 0.0031070709228515625
Car -1 -1 -10 463.0 178.0 509.0 202.0 -1 -1 -1 -1000 -1000 -1000 -10 0.0029754638671875
Car -1 -1 -10 492.0 123.0 610.0 215.0 -1 -1 -1 -1000 -1000 -1000 -10 0.0023555755615234375
Car -1 -1 -10 340.0 102.0 367.0 121.0 -1 -1 -1 -1000 -1000 -1000 -10 0.0020809173583984375
Car -1 -1 -10 78.0 191.0 159.0 226.0 -1 -1 -1 -1000 -1000 -1000 -10 0.0020580291748046875
Car -1 -1 -10 430.0 183.0 466.0 204.0 -1 -1 -1 -1000 -1000 -1000 -10 0.0019483566284179688
Car -1 -1 -10 447.0 163.0 561.0 211.0 -1 -1 -1 -1000 -1000 -1000 -10 0.0018939971923828125
Car -1 -1 -10 1106.0 173.0 1230.0 213.0 -1 -1 -1 -1000 -1000 -1000 -10 0.0017232894897460938
Car -1 -1 -10 375.0 178.0 419.0 209.0 -1 -1 -1 -1000 -1000 -1000 -10 0.0016984939575195312
Car -1 -1 -10 438.0 180.0 479.0 202.0 -1 -1 -1 -1000 -1000 -1000 -10 0.0016279220581054688
Car -1 -1 -10 435.0 179.0 472.0 197.0 -1 -1 -1 -1000 -1000 -1000 -10 0.0015783309936523438
Car -1 -1 -10 455.0 172.0 548.0 209.0 -1 -1 -1 -1000 -1000 -1000 -10 0.00154876708984375
Car -1 -1 -10 447.0 178.0 507.0 202.0 -1 -1 -1 -1000 -1000 -1000 -10 0.0013799667358398438
Car -1 -1 -10 418.0 180.0 452.0 200.0 -1 -1 -1 -1000 -1000 -1000 -10 0.001316070556640625
Car -1 -1 -10 408.0 183.0 436.0 201.0 -1 -1 -1 -1000 -1000 -1000 -10 0.0012483596801757812
Car -1 -1 -10 462.0 175.0 517.0 202.0 -1 -1 -1 -1000 -1000 -1000 -10 0.0011816024780273438
Car -1 -1 -10 497.0 146.0 646.0 213.0 -1 -1 -1 -1000 -1000 -1000 -10 0.0011548995971679688
Car -1 -1 -10 423.0 178.0 463.0 210.0 -1 -1 -1 -1000 -1000 -1000 -10 0.0010852813720703125
Car -1 -1 -10 1234.0 170.0 1242.0 216.0 -1 -1 -1 -1000 -1000 -1000 -10 0.00104522705078125
Car -1 -1 -10 435.0 184.0 476.0 204.0 -1 -1 -1 -1000 -1000 -1000 -10 0.0010251998901367188
Car -1 -1 -10 331.0 184.0 373.0 211.0 -1 -1 -1 -1000 -1000 -1000 -10 0.00099945068359375
Car -1 -1 -10 1234.0 165.0 1242.0 223.0 -1 -1 -1 -1000 -1000 -1000 -10 0.0009398460388183594
Car -1 -1 -10 600.0 0.0 628.0 27.0 -1 -1 -1 -1000 -1000 -1000 -10 0.0009007453918457031
Car -1 -1 -10 1233.0 178.0 1242.0 221.0 -1 -1 -1 -1000 -1000 -1000 -10 0.0008869171142578125
Car -1 -1 -10 382.0 184.0 417.0 203.0 -1 -1 -1 -1000 -1000 -1000 -10 0.000858306884765625
Car -1 -1 -10 84.0 196.0 133.0 221.0 -1 -1 -1 -1000 -1000 -1000 -10 0.0008292198181152344
Car -1 -1 -10 1232.0 174.0 1242.0 227.0 -1 -1 -1 -1000 -1000 -1000 -10 0.0007867813110351562
Car -1 -1 -10 1075.0 164.0 1230.0 227.0 -1 -1 -1 -1000 -1000 -1000 -10 0.0007805824279785156
Car -1 -1 -10 476.0 173.0 522.0 206.0 -1 -1 -1 -1000 -1000 -1000 -10 0.0007243156433105469
Car -1 -1 -10 372.0 184.0 410.0 203.0 -1 -1 -1 -1000 -1000 -1000 -10 0.0007243156433105469
Car -1 -1 -10 58.0 177.0 163.0 242.0 -1 -1 -1 -1000 -1000 -1000 -10 0.0007162094116210938
Car -1 -1 -10 333.0 180.0 376.0 212.0 -1 -1 -1 -1000 -1000 -1000 -10 0.0006756782531738281
Car -1 -1 -10 562.0 166.0 696.0 365.0 -1 -1 -1 -1000 -1000 -1000 -10 0.0006322860717773438
Car -1 -1 -10 467.0 175.0 509.0 199.0 -1 -1 -1 -1000 -1000 -1000 -10 0.0005688667297363281
Car -1 -1 -10 476.0 167.0 526.0 205.0 -1 -1 -1 -1000 -1000 -1000 -10 0.00055694580078125
Car -1 -1 -10 1092.0 169.0 1230.0 215.0 -1 -1 -1 -1000 -1000 -1000 -10 0.0005450248718261719
Car -1 -1 -10 1132.0 177.0 1175.0 211.0 -1 -1 -1 -1000 -1000 -1000 -10 0.00046324729919433594
Car -1 -1 -10 0.0 214.0 21.0 354.0 -1 -1 -1 -1000 -1000 -1000 -10 0.0004303455352783203
Car -1 -1 -10 446.0 171.0 550.0 214.0 -1 -1 -1 -1000 -1000 -1000 -10 0.00042939186096191406
Car -1 -1 -10 460.0 150.0 599.0 217.0 -1 -1 -1 -1000 -1000 -1000 -10 0.00042438507080078125
Car -1 -1 -10 374.0 182.0 417.0 208.0 -1 -1 -1 -1000 -1000 -1000 -10 0.0003974437713623047
Car -1 -1 -10 1047.0 132.0 1242.0 269.0 -1 -1 -1 -1000 -1000 -1000 -10 0.0003895759582519531
Car -1 -1 -10 1235.0 165.0 1242.0 204.0 -1 -1 -1 -1000 -1000 -1000 -10 0.0003876686096191406
Car -1 -1 -10 450.0 183.0 490.0 205.0 -1 -1 -1 -1000 -1000 -1000 -10 0.00037407875061035156
Car -1 -1 -10 429.0 155.0 574.0 213.0 -1 -1 -1 -1000 -1000 -1000 -10 0.00036454200744628906
Car -1 -1 -10 34.0 136.0 206.0 282.0 -1 -1 -1 -1000 -1000 -1000 -10 0.0003612041473388672
Car -1 -1 -10 1234.0 161.0 1242.0 209.0 -1 -1 -1 -1000 -1000 -1000 -10 0.0003428459167480469
Car -1 -1 -10 1074.0 174.0 1210.0 213.0 -1 -1 -1 -1000 -1000 -1000 -10 0.0003173351287841797
Car -1 -1 -10 1056.0 131.0 1242.0 240.0 -1 -1 -1 -1000 -1000 -1000 -10 0.00030684471130371094
Car -1 -1 -10 0.0 207.0 18.0 326.0 -1 -1 -1 -1000 -1000 -1000 -10 0.0003056526184082031
Car -1 -1 -10 453.0 182.0 507.0 206.0 -1 -1 -1 -1000 -1000 -1000 -10 0.00030159950256347656
Car -1 -1 -10 405.0 182.0 435.0 199.0 -1 -1 -1 -1000 -1000 -1000 -10 0.0003006458282470703
Car -1 -1 -10 480.0 124.0 627.0 215.0 -1 -1 -1 -1000 -1000 -1000 -10 0.00028777122497558594
Car -1 -1 -10 334.0 100.0 365.0 120.0 -1 -1 -1 -1000 -1000 -1000 -10 0.00028395652770996094
Car -1 -1 -10 0.0 208.0 26.0 361.0 -1 -1 -1 -1000 -1000 -1000 -10 0.000278472900390625
Car -1 -1 -10 593.0 0.0 634.0 28.0 -1 -1 -1 -1000 -1000 -1000 -10 0.00027751922607421875
Car -1 -1 -10 457.0 182.0 501.0 206.0 -1 -1 -1 -1000 -1000 -1000 -10 0.00027489662170410156
Car -1 -1 -10 468.0 157.0 585.0 215.0 -1 -1 -1 -1000 -1000 -1000 -10 0.00027060508728027344
Car -1 -1 -10 703.0 0.0 761.0 5.0 -1 -1 -1 -1000 -1000 -1000 -10 0.0002593994140625
Car -1 -1 -10 14.0 158.0 198.0 285.0 -1 -1 -1 -1000 -1000 -1000 -10 0.00025534629821777344
Car -1 -1 -10 494.0 145.0 621.0 211.0 -1 -1 -1 -1000 -1000 -1000 -10 0.00024509429931640625
Car -1 -1 -10 435.0 165.0 532.0 216.0 -1 -1 -1 -1000 -1000 -1000 -10 0.000244140625
Car -1 -1 -10 481.0 172.0 520.0 208.0 -1 -1 -1 -1000 -1000 -1000 -10 0.0002409219741821289
Car -1 -1 -10 1086.0 171.0 1237.0 208.0 -1 -1 -1 -1000 -1000 -1000 -10 0.00023746490478515625
Car -1 -1 -10 1221.0 215.0 1242.0 375.0 -1 -1 -1 -1000 -1000 -1000 -10 0.00022280216217041016
Car -1 -1 -10 439.0 156.0 558.0 210.0 -1 -1 -1 -1000 -1000 -1000 -10 0.00022137165069580078
Car -1 -1 -10 441.0 147.0 570.0 213.0 -1 -1 -1 -1000 -1000 -1000 -10 0.0002162456512451172
Car -1 -1 -10 1078.0 174.0 1183.0 212.0 -1 -1 -1 -1000 -1000 -1000 -10 0.00020623207092285156
Car -1 -1 -10 1229.0 169.0 1242.0 221.0 -1 -1 -1 -1000 -1000 -1000 -10 0.0002046823501586914
Car -1 -1 -10 432.0 147.0 620.0 218.0 -1 -1 -1 -1000 -1000 -1000 -10 0.0002009868621826172
Car -1 -1 -10 1230.0 179.0 1242.0 234.0 -1 -1 -1 -1000 -1000 -1000 -10 0.00019347667694091797
Car -1 -1 -10 57.0 195.0 139.0 229.0 -1 -1 -1 -1000 -1000 -1000 -10 0.00019061565399169922
Car -1 -1 -10 427.0 145.0 583.0 223.0 -1 -1 -1 -1000 -1000 -1000 -10 0.00017571449279785156
Car -1 -1 -10 457.0 129.0 666.0 232.0 -1 -1 -1 -1000 -1000 -1000 -10 0.0001583099365234375
Car -1 -1 -10 0.0 180.0 15.0 258.0 -1 -1 -1 -1000 -1000 -1000 -10 0.0001583099365234375
Car -1 -1 -10 0.0 192.0 10.0 254.0 -1 -1 -1 -1000 -1000 -1000 -10 0.0001475811004638672
Car -1 -1 -10 0.0 150.0 18.0 255.0 -1 -1 -1 -1000 -1000 -1000 -10 0.00014674663543701172
Car -1 -1 -10 0.0 199.0 25.0 333.0 -1 -1 -1 -1000 -1000 -1000 -10 0.0001456737518310547
Car -1 -1 -10 1221.0 175.0 1241.0 226.0 -1 -1 -1 -1000 -1000 -1000 -10 0.00014269351959228516
Car -1 -1 -10 1215.0 206.0 1241.0 375.0 -1 -1 -1 -1000 -1000 -1000 -10 0.00013780593872070312
Car -1 -1 -10 1125.0 177.0 1169.0 210.0 -1 -1 -1 -1000 -1000 -1000 -10 0.00013768672943115234
Car -1 -1 -10 0.0 197.0 15.0 277.0 -1 -1 -1 -1000 -1000 -1000 -10 0.00013256072998046875
Car -1 -1 -10 426.0 133.0 651.0 225.0 -1 -1 -1 -1000 -1000 -1000 -10 0.0001302957534790039
Car -1 -1 -10 490.0 150.0 603.0 210.0 -1 -1 -1 -1000 -1000 -1000 -10 0.0001302957534790039
Car -1 -1 -10 1232.0 184.0 1242.0 229.0 -1 -1 -1 -1000 -1000 -1000 -10 0.00012874603271484375
Car -1 -1 -10 407.0 185.0 430.0 203.0 -1 -1 -1 -1000 -1000 -1000 -10 0.00012445449829101562
Car -1 -1 -10 543.0 149.0 601.0 208.0 -1 -1 -1 -1000 -1000 -1000 -10 0.0001239776611328125
Car -1 -1 -10 0.0 213.0 12.0 314.0 -1 -1 -1 -1000 -1000 -1000 -10 0.00012135505676269531
Car -1 -1 -10 0.0 106.0 20.0 261.0 -1 -1 -1 -1000 -1000 -1000 -10 0.00011795759201049805
Car -1 -1 -10 0.0 221.0 15.0 329.0 -1 -1 -1 -1000 -1000 -1000 -10 0.00011789798736572266
Car -1 -1 -10 420.0 184.0 450.0 202.0 -1 -1 -1 -1000 -1000 -1000 -10 0.00011688470840454102
Car -1 -1 -10 442.0 161.0 518.0 223.0 -1 -1 -1 -1000 -1000 -1000 -10 0.0001156926155090332
Car -1 -1 -10 484.0 166.0 524.0 207.0 -1 -1 -1 -1000 -1000 -1000 -10 0.00011402368545532227
Car -1 -1 -10 0.0 181.0 11.0 247.0 -1 -1 -1 -1000 -1000 -1000 -10 0.00011271238327026367
Car -1 -1 -10 1138.0 176.0 1175.0 205.0 -1 -1 -1 -1000 -1000 -1000 -10 0.00011074542999267578
Car -1 -1 -10 0.0 198.0 10.0 263.0 -1 -1 -1 -1000 -1000 -1000 -10 0.00010818243026733398
Car -1 -1 -10 0.0 202.0 10.0 280.0 -1 -1 -1 -1000 -1000 -1000 -10 0.00010693073272705078
Car -1 -1 -10 373.0 176.0 440.0 210.0 -1 -1 -1 -1000 -1000 -1000 -10 0.00010281801223754883
Car -1 -1 -10 431.0 172.0 510.0 214.0 -1 -1 -1 -1000 -1000 -1000 -10 0.00010269880294799805
Car -1 -1 -10 1234.0 160.0 1242.0 194.0 -1 -1 -1 -1000 -1000 -1000 -10 0.00010013580322265625
