Car -1 -1 -10 598.0 158.0 628.0 190.0 -1 -1 -1 -1000 -1000 -1000 -10 0.9501953125
Car -1 -1 -10 355.0 183.0 398.0 208.0 -1 -1 -1 -1000 -1000 -1000 -10 0.94775390625
Cyclist -1 -1 -10 679.0 165.0 692.0 196.0 -1 -1 -1 -1000 -1000 -1000 -10 0.88134765625
Cyclist -1 -1 -10 307.0 182.0 325.0 206.0 -1 -1 -1 -1000 -1000 -1000 -10 0.86767578125
Cyclist -1 -1 -10 680.0 167.0 692.0 198.0 -1 -1 -1 -1000 -1000 -1000 -10 0.04913330078125
Car -1 -1 -10 505.0 177.0 522.0 189.0 -1 -1 -1 -1000 -1000 -1000 -10 0.008087158203125
Cyclist -1 -1 -10 679.0 166.0 690.0 197.0 -1 -1 -1 -1000 -1000 -1000 -10 0.004749298095703125
Car -1 -1 -10 0.0 206.0 13.0 280.0 -1 -1 -1 -1000 -1000 -1000 -10 0.002925872802734375
Car -1 -1 -10 0.0 207.0 16.0 276.0 -1 -1 -1 -1000 -1000 -1000 -10 0.0028400421142578125
Cyclist -1 -1 -10 310.0 185.0 325.0 208.0 -1 -1 -1 -1000 -1000 -1000 -10 0.0026798248291015625
Cyclist -1 -1 -10 678.0 161.0 692.0 192.0 -1 -1 -1 -1000 -1000 -1000 -10 0.00228118896484375
Car -1 -1 -10 0.0 215.0 17.0 283.0 -1 -1 -1 -1000 -1000 -1000 -10 0.0017938613891601562
Car -1 -1 -10 0.0 200.0 12.0 270.0 -1 -1 -1 -1000 -1000 -1000 -10 0.0015621185302734375
Car -1 -1 -10 0.0 214.0 12.0 270.0 -1 -1 -1 -1000 -1000 -1000 -10 0.0014286041259765625
Car -1 -1 -10 0.0 215.0 14.0 287.0 -1 -1 -1 -1000 -1000 -1000 -10 0.0013256072998046875
Car -1 -1 -10 503.0 177.0 520.0 190.0 -1 -1 -1 -1000 -1000 -1000 -10 0.0013208389282226562
Car -1 -1 -10 354.0 185.0 399.0 211.0 -1 -1 -1 -1000 -1000 -1000 -10 0.0012035369873046875
Car -1 -1 -10 0.0 207.0 19.0 279.0 -1 -1 -1 -1000 -1000 -1000 -10 0.0011110305786132812
Car -1 -1 -10 0.0 192.0 15.0 268.0 -1 -1 -1 -1000 -1000 -1000 -10 0.0010938644409179688
Cyclist -1 -1 -10 637.0 166.0 647.0 190.0 -1 -1 -1 -1000 -1000 -1000 -10 0.001064300537109375
Car -1 -1 -10 0.0 191.0 11.0 262.0 -1 -1 -1 -1000 -1000 -1000 -10 0.0009737014770507812
Car -1 -1 -10 0.0 208.0 11.0 261.0 -1 -1 -1 -1000 -1000 -1000 -10 0.0008749961853027344
Car -1 -1 -10 0.0 204.0 23.0 279.0 -1 -1 -1 -1000 -1000 -1000 -10 0.0007882118225097656
Cyclist -1 -1 -10 308.0 187.0 325.0 211.0 -1 -1 -1 -1000 -1000 -1000 -10 0.0007829666137695312
Cyclist -1 -1 -10 679.0 169.0 690.0 197.0 -1 -1 -1 -1000 -1000 -1000 -10 0.0007414817810058594
Car -1 -1 -10 0.0 200.0 18.0 268.0 -1 -1 -1 -1000 -1000 -1000 -10 0.0007257461547851562
Car -1 -1 -10 0.0 215.0 20.0 289.0 -1 -1 -1 -1000 -1000 -1000 -10 0.0006999969482421875
Car -1 -1 -10 1226.0 198.0 1241.0 324.0 -1 -1 -1 -1000 -1000 -1000 -10 0.0006608963012695312
Cyclist -1 -1 -10 306.0 178.0 327.0 211.0 -1 -1 -1 -1000 -1000 -1000 -10 0.0005884170532226562
Car -1 -1 -10 0.0 223.0 12.0 278.0 -1 -1 -1 -1000 -1000 -1000 -10 0.000579833984375
Car -1 -1 -10 354.0 180.0 399.0 213.0 -1 -1 -1 -1000 -1000 -1000 -10 0.000545501708984375
Car -1 -1 -10 0.0 215.0 24.0 283.0 -1 -1 -1 -1000 -1000 -1000 -10 0.0005292892456054688
Car -1 -1 -10 0.0 200.0 10.0 252.0 -1 -1 -1 -1000 -1000 -1000 -10 0.0005278587341308594
Cyclist -1 -1 -10 681.0 165.0 696.0 196.0 -1 -1 -1 -1000 -1000 -1000 -10 0.0005040168762207031
Cyclist -1 -1 -10 303.0 178.0 319.0 203.0 -1 -1 -1 -1000 -1000 -1000 -10 0.00048661231994628906
Car -1 -1 -10 1.0 192.0 18.0 259.0 -1 -1 -1 -1000 -1000 -1000 -10 0.00048065185546875
Car -1 -1 -10 0.0 214.0 18.0 271.0 -1 -1 -1 -1000 -1000 -1000 -10 0.00047969818115234375
Cyclist -1 -1 -10 676.0 165.0 695.0 196.0 -1 -1 -1 -1000 -1000 -1000 -10 0.0004763603210449219
Cyclist -1 -1 -10 305.0 182.0 321.0 207.0 -1 -1 -1 -1000 -1000 -1000 -10 0.00041937828063964844
Cyclist -1 -1 -10 241.0 190.0 257.0 219.0 -1 -1 -1 -1000 -1000 -1000 -10 0.0004138946533203125
Car -1 -1 -10 1229.0 208.0 1242.0 321.0 -1 -1 -1 -1000 -1000 -1000 -10 0.00039577484130859375
Car -1 -1 -10 0.0 207.0 18.0 260.0 -1 -1 -1 -1000 -1000 -1000 -10 0.0003826618194580078
Car -1 -1 -10 1.0 203.0 28.0 280.0 -1 -1 -1 -1000 -1000 -1000 -10 0.00035500526428222656
Cyclist -1 -1 -10 241.0 188.0 258.0 215.0 -1 -1 -1 -1000 -1000 -1000 -10 0.00032401084899902344
Cyclist -1 -1 -10 635.0 165.0 648.0 189.0 -1 -1 -1 -1000 -1000 -1000 -10 0.00032329559326171875
Car -1 -1 -10 0.0 199.0 31.0 286.0 -1 -1 -1 -1000 -1000 -1000 -10 0.0002951622009277344
Cyclist -1 -1 -10 675.0 160.0 688.0 190.0 -1 -1 -1 -1000 -1000 -1000 -10 0.00028133392333984375
Car -1 -1 -10 387.0 184.0 409.0 201.0 -1 -1 -1 -1000 -1000 -1000 -10 0.000278472900390625
Car -1 -1 -10 0.0 183.0 24.0 276.0 -1 -1 -1 -1000 -1000 -1000 -10 0.00027441978454589844
Car -1 -1 -10 0.0 223.0 20.0 280.0 -1 -1 -1 -1000 -1000 -1000 -10 0.00025653839111328125
Car -1 -1 -10 1223.0 177.0 1242.0 312.0 -1 -1 -1 -1000 -1000 -1000 -10 0.0002465248107910156
Car -1 -1 -10 1.0 199.0 18.0 251.0 -1 -1 -1 -1000 -1000 -1000 -10 0.00024175643920898438
Cyclist -1 -1 -10 677.0 163.0 695.0 201.0 -1 -1 -1 -1000 -1000 -1000 -10 0.00023412704467773438
Car -1 -1 -10 1220.0 206.0 1242.0 325.0 -1 -1 -1 -1000 -1000 -1000 -10 0.00022995471954345703
Car -1 -1 -10 1219.0 188.0 1242.0 335.0 -1 -1 -1 -1000 -1000 -1000 -10 0.00022780895233154297
Car -1 -1 -10 1225.0 208.0 1241.0 338.0 -1 -1 -1 -1000 -1000 -1000 -10 0.000225067138671875
Car -1 -1 -10 0.0 195.0 24.0 265.0 -1 -1 -1 -1000 -1000 -1000 -10 0.00021755695343017578
Car -1 -1 -10 0.0 224.0 14.0 295.0 -1 -1 -1 -1000 -1000 -1000 -10 0.0002167224884033203
Cyclist -1 -1 -10 294.0 182.0 310.0 202.0 -1 -1 -1 -1000 -1000 -1000 -10 0.00021576881408691406
Car -1 -1 -10 349.0 182.0 392.0 207.0 -1 -1 -1 -1000 -1000 -1000 -10 0.0001995563507080078
Cyclist -1 -1 -10 305.0 180.0 319.0 200.0 -1 -1 -1 -1000 -1000 -1000 -10 0.0001825094223022461
Car -1 -1 -10 1228.0 217.0 1242.0 334.0 -1 -1 -1 -1000 -1000 -1000 -10 0.00017273426055908203
Cyclist -1 -1 -10 239.0 188.0 260.0 218.0 -1 -1 -1 -1000 -1000 -1000 -10 0.00017070770263671875
Car -1 -1 -10 0.0 216.0 32.0 294.0 -1 -1 -1 -1000 -1000 -1000 -10 0.00017023086547851562
Car -1 -1 -10 0.0 180.0 10.0 251.0 -1 -1 -1 -1000 -1000 -1000 -10 0.00016736984252929688
Car -1 -1 -10 1221.0 196.0 1242.0 313.0 -1 -1 -1 -1000 -1000 -1000 -10 0.00015616416931152344
Car -1 -1 -10 504.0 175.0 521.0 188.0 -1 -1 -1 -1000 -1000 -1000 -10 0.0001499652862548828
Car -1 -1 -10 1217.0 163.0 1242.0 327.0 -1 -1 -1 -1000 -1000 -1000 -10 0.00014126300811767578
Car -1 -1 -10 1210.0 183.0 1242.0 342.0 -1 -1 -1 -1000 -1000 -1000 -10 0.000133514404296875
Car -1 -1 -10 602.0 159.0 631.0 190.0 -1 -1 -1 -1000 -1000 -1000 -10 0.00013124942779541016
Car -1 -1 -10 0.0 224.0 23.0 297.0 -1 -1 -1 -1000 -1000 -1000 -10 0.00012493133544921875
Cyclist -1 -1 -10 239.0 183.0 256.0 212.0 -1 -1 -1 -1000 -1000 -1000 -10 0.0001214742660522461
Car -1 -1 -10 1.0 232.0 12.0 286.0 -1 -1 -1 -1000 -1000 -1000 -10 0.00011992454528808594
Car -1 -1 -10 524.0 193.0 726.0 375.0 -1 -1 -1 -1000 -1000 -1000 -10 0.00011748075485229492
Car -1 -1 -10 0.0 159.0 16.0 258.0 -1 -1 -1 -1000 -1000 -1000 -10 0.00011342763900756836
Car -1 -1 -10 1229.0 200.0 1242.0 295.0 -1 -1 -1 -1000 -1000 -1000 -10 0.00011265277862548828
Car -1 -1 -10 599.0 162.0 628.0 193.0 -1 -1 -1 -1000 -1000 -1000 -10 0.00010967254638671875
Car -1 -1 -10 574.0 0.0 657.0 55.0 -1 -1 -1 -1000 -1000 -1000 -10 0.00010734796524047852
Cyclist -1 -1 -10 244.0 187.0 261.0 209.0 -1 -1 -1 -1000 -1000 -1000 -10 0.0001055002212524414
Cyclist -1 -1 -10 241.0 187.0 263.0 215.0 -1 -1 -1 -1000 -1000 -1000 -10 0.00010436773300170898
Cyclist -1 -1 -10 237.0 183.0 259.0 212.0 -1 -1 -1 -1000 -1000 -1000 -10 0.00010275840759277344
Car -1 -1 -10 1217.0 198.0 1241.0 349.0 -1 -1 -1 -1000 -1000 -1000 -10 0.0001023411750793457
