Car -1 -1 -10 204.0 181.0 402.0 306.0 -1 -1 -1 -1000 -1000 -1000 -10 0.96240234375
Pedestrian -1 -1 -10 0.0 175.0 131.0 371.0 -1 -1 -1 -1000 -1000 -1000 -10 0.9267578125
Cyclist -1 -1 -10 424.0 160.0 472.0 263.0 -1 -1 -1 -1000 -1000 -1000 -10 0.92333984375
Pedestrian -1 -1 -10 213.0 166.0 295.0 365.0 -1 -1 -1 -1000 -1000 -1000 -10 0.92041015625
Pedestrian -1 -1 -10 147.0 167.0 218.0 364.0 -1 -1 -1 -1000 -1000 -1000 -10 0.91357421875
Pedestrian -1 -1 -10 654.0 153.0 683.0 228.0 -1 -1 -1 -1000 -1000 -1000 -10 0.861328125
Pedestrian -1 -1 -10 387.0 167.0 410.0 218.0 -1 -1 -1 -1000 -1000 -1000 -10 0.80078125
Pedestrian -1 -1 -10 505.0 167.0 521.0 215.0 -1 -1 -1 -1000 -1000 -1000 -10 0.78662109375
Car -1 -1 -10 209.0 176.0 389.0 320.0 -1 -1 -1 -1000 -1000 -1000 -10 0.7666015625
Pedestrian -1 -1 -10 516.0 167.0 533.0 214.0 -1 -1 -1 -1000 -1000 -1000 -10 0.75390625
Pedestrian -1 -1 -10 509.0 167.0 530.0 215.0 -1 -1 -1 -1000 -1000 -1000 -10 0.41943359375
Pedestrian -1 -1 -10 210.0 177.0 376.0 320.0 -1 -1 -1 -1000 -1000 -1000 -10 0.2486572265625
Pedestrian -1 -1 -10 657.0 151.0 688.0 227.0 -1 -1 -1 -1000 -1000 -1000 -10 0.2470703125
Pedestrian -1 -1 -10 220.0 174.0 299.0 347.0 -1 -1 -1 -1000 -1000 -1000 -10 0.1441650390625
Pedestrian -1 -1 -10 502.0 168.0 519.0 214.0 -1 -1 -1 -1000 -1000 -1000 -10 0.1331787109375
Pedestrian -1 -1 -10 518.0 165.0 535.0 215.0 -1 -1 -1 -1000 -1000 -1000 -10 0.10986328125
Pedestrian -1 -1 -10 389.0 164.0 411.0 211.0 -1 -1 -1 -1000 -1000 -1000 -10 0.0703125
Pedestrian -1 -1 -10 655.0 161.0 681.0 226.0 -1 -1 -1 -1000 -1000 -1000 -10 0.055572509765625
Pedestrian -1 -1 -10 505.0 167.0 532.0 215.0 -1 -1 -1 -1000 -1000 -1000 -10 0.051300048828125
Pedestrian -1 -1 -10 652.0 156.0 678.0 229.0 -1 -1 -1 -1000 -1000 -1000 -10 0.03515625
Pedestrian -1 -1 -10 388.0 172.0 410.0 219.0 -1 -1 -1 -1000 -1000 -1000 -10 0.03485107421875
Pedestrian -1 -1 -10 503.0 167.0 525.0 215.0 -1 -1 -1 -1000 -1000 -1000 -10 0.033203125
Pedestrian -1 -1 -10 1.0 165.0 81.0 372.0 -1 -1 -1 -1000 -1000 -1000 -10 0.020660400390625
Pedestrian -1 -1 -10 382.0 171.0 408.0 221.0 -1 -1 -1 -1000 -1000 -1000 -10 0.0176849365234375
Pedestrian -1 -1 -10 203.0 166.0 284.0 368.0 -1 -1 -1 -1000 -1000 -1000 -10 0.0171661376953125
Pedestrian -1 -1 -10 137.0 171.0 197.0 350.0 -1 -1 -1 -1000 -1000 -1000 -10 0.01265716552734375
Pedestrian -1 -1 -10 514.0 166.0 535.0 215.0 -1 -1 -1 -1000 -1000 -1000 -10 0.0110931396484375
Pedestrian -1 -1 -10 654.0 151.0 680.0 223.0 -1 -1 -1 -1000 -1000 -1000 -10 0.00954437255859375
Pedestrian -1 -1 -10 2.0 184.0 71.0 370.0 -1 -1 -1 -1000 -1000 -1000 -10 0.00850677490234375
Pedestrian -1 -1 -10 0.0 183.0 32.0 372.0 -1 -1 -1 -1000 -1000 -1000 -10 0.00848388671875
Pedestrian -1 -1 -10 0.0 162.0 28.0 368.0 -1 -1 -1 -1000 -1000 -1000 -10 0.00768280029296875
Pedestrian -1 -1 -10 1.0 165.0 61.0 369.0 -1 -1 -1 -1000 -1000 -1000 -10 0.006763458251953125
Pedestrian -1 -1 -10 162.0 163.0 227.0 349.0 -1 -1 -1 -1000 -1000 -1000 -10 0.006458282470703125
Pedestrian -1 -1 -10 395.0 163.0 415.0 205.0 -1 -1 -1 -1000 -1000 -1000 -10 0.0056915283203125
Pedestrian -1 -1 -10 199.0 165.0 319.0 366.0 -1 -1 -1 -1000 -1000 -1000 -10 0.004497528076171875
Pedestrian -1 -1 -10 501.0 167.0 522.0 215.0 -1 -1 -1 -1000 -1000 -1000 -10 0.0042877197265625
Pedestrian -1 -1 -10 662.0 149.0 692.0 222.0 -1 -1 -1 -1000 -1000 -1000 -10 0.00348663330078125
Pedestrian -1 -1 -10 0.0 211.0 28.0 372.0 -1 -1 -1 -1000 -1000 -1000 -10 0.0032901763916015625
Pedestrian -1 -1 -10 182.0 159.0 305.0 368.0 -1 -1 -1 -1000 -1000 -1000 -10 0.002471923828125
Pedestrian -1 -1 -10 0.0 163.0 111.0 374.0 -1 -1 -1 -1000 -1000 -1000 -10 0.0021266937255859375
Pedestrian -1 -1 -10 384.0 165.0 406.0 213.0 -1 -1 -1 -1000 -1000 -1000 -10 0.00211334228515625
Pedestrian -1 -1 -10 124.0 165.0 189.0 343.0 -1 -1 -1 -1000 -1000 -1000 -10 0.0019178390502929688
Cyclist -1 -1 -10 418.0 161.0 466.0 258.0 -1 -1 -1 -1000 -1000 -1000 -10 0.0019130706787109375
Pedestrian -1 -1 -10 176.0 162.0 232.0 362.0 -1 -1 -1 -1000 -1000 -1000 -10 0.0019102096557617188
Pedestrian -1 -1 -10 0.0 158.0 25.0 328.0 -1 -1 -1 -1000 -1000 -1000 -10 0.0018939971923828125
Pedestrian -1 -1 -10 0.0 210.0 34.0 373.0 -1 -1 -1 -1000 -1000 -1000 -10 0.0015993118286132812
Pedestrian -1 -1 -10 116.0 166.0 238.0 365.0 -1 -1 -1 -1000 -1000 -1000 -10 0.0015163421630859375
Pedestrian -1 -1 -10 111.0 161.0 166.0 345.0 -1 -1 -1 -1000 -1000 -1000 -10 0.0014934539794921875
Pedestrian -1 -1 -10 0.0 154.0 46.0 334.0 -1 -1 -1 -1000 -1000 -1000 -10 0.0014514923095703125
Car -1 -1 -10 225.0 182.0 366.0 302.0 -1 -1 -1 -1000 -1000 -1000 -10 0.0013074874877929688
Pedestrian -1 -1 -10 392.0 166.0 418.0 226.0 -1 -1 -1 -1000 -1000 -1000 -10 0.0012235641479492188
Pedestrian -1 -1 -10 652.0 154.0 674.0 224.0 -1 -1 -1 -1000 -1000 -1000 -10 0.001071929931640625
Pedestrian -1 -1 -10 0.0 172.0 16.0 297.0 -1 -1 -1 -1000 -1000 -1000 -10 0.0009617805480957031
Cyclist -1 -1 -10 405.0 149.0 519.0 274.0 -1 -1 -1 -1000 -1000 -1000 -10 0.0009613037109375
Pedestrian -1 -1 -10 393.0 160.0 417.0 209.0 -1 -1 -1 -1000 -1000 -1000 -10 0.0009355545043945312
Pedestrian -1 -1 -10 502.0 166.0 516.0 212.0 -1 -1 -1 -1000 -1000 -1000 -10 0.0008101463317871094
Cyclist -1 -1 -10 379.0 150.0 498.0 276.0 -1 -1 -1 -1000 -1000 -1000 -10 0.0007696151733398438
Pedestrian -1 -1 -10 520.0 163.0 538.0 213.0 -1 -1 -1 -1000 -1000 -1000 -10 0.0007696151733398438
Pedestrian -1 -1 -10 8.0 166.0 145.0 367.0 -1 -1 -1 -1000 -1000 -1000 -10 0.0007524490356445312
Pedestrian -1 -1 -10 0.0 182.0 15.0 307.0 -1 -1 -1 -1000 -1000 -1000 -10 0.0006384849548339844
Pedestrian -1 -1 -10 124.0 184.0 180.0 330.0 -1 -1 -1 -1000 -1000 -1000 -10 0.0005860328674316406
Pedestrian -1 -1 -10 149.0 186.0 217.0 331.0 -1 -1 -1 -1000 -1000 -1000 -10 0.0005598068237304688
Pedestrian -1 -1 -10 0.0 154.0 24.0 296.0 -1 -1 -1 -1000 -1000 -1000 -10 0.00049591064453125
Pedestrian -1 -1 -10 133.0 185.0 192.0 330.0 -1 -1 -1 -1000 -1000 -1000 -10 0.0004849433898925781
Pedestrian -1 -1 -10 377.0 165.0 424.0 223.0 -1 -1 -1 -1000 -1000 -1000 -10 0.0004620552062988281
Pedestrian -1 -1 -10 406.0 167.0 422.0 202.0 -1 -1 -1 -1000 -1000 -1000 -10 0.0004067420959472656
Pedestrian -1 -1 -10 117.0 173.0 165.0 356.0 -1 -1 -1 -1000 -1000 -1000 -10 0.0004010200500488281
Pedestrian -1 -1 -10 377.0 168.0 419.0 215.0 -1 -1 -1 -1000 -1000 -1000 -10 0.0003533363342285156
Pedestrian -1 -1 -10 0.0 143.0 49.0 320.0 -1 -1 -1 -1000 -1000 -1000 -10 0.00033783912658691406
Pedestrian -1 -1 -10 663.0 153.0 691.0 217.0 -1 -1 -1 -1000 -1000 -1000 -10 0.00032639503479003906
Pedestrian -1 -1 -10 101.0 164.0 158.0 350.0 -1 -1 -1 -1000 -1000 -1000 -10 0.0003199577331542969
Pedestrian -1 -1 -10 652.0 152.0 693.0 224.0 -1 -1 -1 -1000 -1000 -1000 -10 0.00031375885009765625
Pedestrian -1 -1 -10 0.0 160.0 15.0 269.0 -1 -1 -1 -1000 -1000 -1000 -10 0.0003027915954589844
Pedestrian -1 -1 -10 1.0 153.0 136.0 353.0 -1 -1 -1 -1000 -1000 -1000 -10 0.000301361083984375
Pedestrian -1 -1 -10 92.0 162.0 163.0 352.0 -1 -1 -1 -1000 -1000 -1000 -10 0.00029730796813964844
Pedestrian -1 -1 -10 0.0 171.0 28.0 296.0 -1 -1 -1 -1000 -1000 -1000 -10 0.00029730796813964844
Pedestrian -1 -1 -10 0.0 256.0 28.0 370.0 -1 -1 -1 -1000 -1000 -1000 -10 0.00028014183044433594
Pedestrian -1 -1 -10 492.0 170.0 512.0 213.0 -1 -1 -1 -1000 -1000 -1000 -10 0.00027179718017578125
Pedestrian -1 -1 -10 0.0 219.0 13.0 349.0 -1 -1 -1 -1000 -1000 -1000 -10 0.0002694129943847656
Pedestrian -1 -1 -10 1.0 201.0 14.0 329.0 -1 -1 -1 -1000 -1000 -1000 -10 0.00025582313537597656
Pedestrian -1 -1 -10 184.0 158.0 248.0 341.0 -1 -1 -1 -1000 -1000 -1000 -10 0.00025200843811035156
Pedestrian -1 -1 -10 189.0 177.0 240.0 357.0 -1 -1 -1 -1000 -1000 -1000 -10 0.00025177001953125
Pedestrian -1 -1 -10 0.0 180.0 17.0 289.0 -1 -1 -1 -1000 -1000 -1000 -10 0.00023257732391357422
Pedestrian -1 -1 -10 0.0 241.0 14.0 370.0 -1 -1 -1 -1000 -1000 -1000 -10 0.00022935867309570312
Pedestrian -1 -1 -10 0.0 251.0 66.0 374.0 -1 -1 -1 -1000 -1000 -1000 -10 0.00022554397583007812
Pedestrian -1 -1 -10 0.0 166.0 26.0 280.0 -1 -1 -1 -1000 -1000 -1000 -10 0.00020968914031982422
Pedestrian -1 -1 -10 0.0 155.0 112.0 349.0 -1 -1 -1 -1000 -1000 -1000 -10 0.0002052783966064453
Pedestrian -1 -1 -10 217.0 188.0 293.0 329.0 -1 -1 -1 -1000 -1000 -1000 -10 0.00019943714141845703
Pedestrian -1 -1 -10 0.0 173.0 17.0 275.0 -1 -1 -1 -1000 -1000 -1000 -10 0.00019407272338867188
Pedestrian -1 -1 -10 516.0 161.0 542.0 215.0 -1 -1 -1 -1000 -1000 -1000 -10 0.00019109249114990234
Pedestrian -1 -1 -10 1.0 136.0 103.0 339.0 -1 -1 -1 -1000 -1000 -1000 -10 0.00017940998077392578
Pedestrian -1 -1 -10 0.0 139.0 66.0 325.0 -1 -1 -1 -1000 -1000 -1000 -10 0.0001785755157470703
Pedestrian -1 -1 -10 0.0 234.0 62.0 372.0 -1 -1 -1 -1000 -1000 -1000 -10 0.0001684427261352539
Cyclist -1 -1 -10 425.0 176.0 470.0 243.0 -1 -1 -1 -1000 -1000 -1000 -10 0.00016677379608154297
Car -1 -1 -10 1213.0 186.0 1238.0 372.0 -1 -1 -1 -1000 -1000 -1000 -10 0.00015819072723388672
Car -1 -1 -10 1209.0 172.0 1238.0 374.0 -1 -1 -1 -1000 -1000 -1000 -10 0.00014448165893554688
Car -1 -1 -10 774.0 66.0 797.0 83.0 -1 -1 -1 -1000 -1000 -1000 -10 0.00014126300811767578
Cyclist -1 -1 -10 420.0 156.0 476.0 256.0 -1 -1 -1 -1000 -1000 -1000 -10 0.00014102458953857422
Pedestrian -1 -1 -10 183.0 174.0 237.0 314.0 -1 -1 -1 -1000 -1000 -1000 -10 0.0001277923583984375
Pedestrian -1 -1 -10 484.0 166.0 503.0 203.0 -1 -1 -1 -1000 -1000 -1000 -10 0.00012552738189697266
Pedestrian -1 -1 -10 0.0 146.0 43.0 297.0 -1 -1 -1 -1000 -1000 -1000 -10 0.00012409687042236328
Pedestrian -1 -1 -10 1.0 186.0 29.0 318.0 -1 -1 -1 -1000 -1000 -1000 -10 0.00012230873107910156
Pedestrian -1 -1 -10 470.0 168.0 484.0 201.0 -1 -1 -1 -1000 -1000 -1000 -10 0.00011932849884033203
Pedestrian -1 -1 -10 214.0 196.0 287.0 339.0 -1 -1 -1 -1000 -1000 -1000 -10 0.00011914968490600586
Car -1 -1 -10 776.0 67.0 794.0 83.0 -1 -1 -1 -1000 -1000 -1000 -10 0.00011914968490600586
Pedestrian -1 -1 -10 221.0 206.0 294.0 343.0 -1 -1 -1 -1000 -1000 -1000 -10 0.00011181831359863281
Pedestrian -1 -1 -10 468.0 169.0 483.0 199.0 -1 -1 -1 -1000 -1000 -1000 -10 0.00010943412780761719
Pedestrian -1 -1 -10 112.0 184.0 165.0 330.0 -1 -1 -1 -1000 -1000 -1000 -10 0.00010764598846435547
Pedestrian -1 -1 -10 0.0 235.0 31.0 372.0 -1 -1 -1 -1000 -1000 -1000 -10 0.0001061558723449707
Cyclist -1 -1 -10 429.0 167.0 474.0 261.0 -1 -1 -1 -1000 -1000 -1000 -10 0.00010055303573608398
