Car -1 -1 -10 585.0 170.0 628.0 205.0 -1 -1 -1 -1000 -1000 -1000 -10 0.9619140625
Car -1 -1 -10 908.0 155.0 999.0 189.0 -1 -1 -1 -1000 -1000 -1000 -10 0.9384765625
Car -1 -1 -10 0.0 196.0 76.0 294.0 -1 -1 -1 -1000 -1000 -1000 -10 0.931640625
Car -1 -1 -10 950.0 154.0 1056.0 193.0 -1 -1 -1 -1000 -1000 -1000 -10 0.923828125
Car -1 -1 -10 653.0 171.0 684.0 200.0 -1 -1 -1 -1000 -1000 -1000 -10 0.923828125
Car -1 -1 -10 635.0 177.0 677.0 213.0 -1 -1 -1 -1000 -1000 -1000 -10 0.9228515625
Car -1 -1 -10 917.0 154.0 1054.0 192.0 -1 -1 -1 -1000 -1000 -1000 -10 0.6162109375
Car -1 -1 -10 645.0 172.0 681.0 203.0 -1 -1 -1 -1000 -1000 -1000 -10 0.09295654296875
Car -1 -1 -10 655.0 173.0 685.0 201.0 -1 -1 -1 -1000 -1000 -1000 -10 0.01235198974609375
Car -1 -1 -10 0.0 194.0 70.0 277.0 -1 -1 -1 -1000 -1000 -1000 -10 0.0108795166015625
Car -1 -1 -10 638.0 174.0 670.0 202.0 -1 -1 -1 -1000 -1000 -1000 -10 0.0052490234375
Car -1 -1 -10 100.0 190.0 186.0 219.0 -1 -1 -1 -1000 -1000 -1000 -10 0.003936767578125
Car -1 -1 -10 0.0 192.0 30.0 257.0 -1 -1 -1 -1000 -1000 -1000 -10 0.003814697265625
Car -1 -1 -10 979.0 155.0 1072.0 188.0 -1 -1 -1 -1000 -1000 -1000 -10 0.002681732177734375
Car -1 -1 -10 3.0 197.0 38.0 282.0 -1 -1 -1 -1000 -1000 -1000 -10 0.0023651123046875
Car -1 -1 -10 655.0 168.0 684.0 196.0 -1 -1 -1 -1000 -1000 -1000 -10 0.002033233642578125
Car -1 -1 -10 0.0 193.0 12.0 256.0 -1 -1 -1 -1000 -1000 -1000 -10 0.0017986297607421875
Car -1 -1 -10 1.0 194.0 37.0 258.0 -1 -1 -1 -1000 -1000 -1000 -10 0.001678466796875
Car -1 -1 -10 0.0 194.0 14.0 255.0 -1 -1 -1 -1000 -1000 -1000 -10 0.001552581787109375
Car -1 -1 -10 0.0 195.0 54.0 262.0 -1 -1 -1 -1000 -1000 -1000 -10 0.0014448165893554688
Car -1 -1 -10 642.0 178.0 681.0 209.0 -1 -1 -1 -1000 -1000 -1000 -10 0.0013494491577148438
Car -1 -1 -10 0.0 197.0 10.0 252.0 -1 -1 -1 -1000 -1000 -1000 -10 0.0012664794921875
Car -1 -1 -10 100.0 189.0 182.0 214.0 -1 -1 -1 -1000 -1000 -1000 -10 0.0012645721435546875
Car -1 -1 -10 992.0 156.0 1083.0 186.0 -1 -1 -1 -1000 -1000 -1000 -10 0.0011463165283203125
Car -1 -1 -10 0.0 195.0 12.0 269.0 -1 -1 -1 -1000 -1000 -1000 -10 0.0010738372802734375
Car -1 -1 -10 943.0 141.0 1063.0 205.0 -1 -1 -1 -1000 -1000 -1000 -10 0.0010709762573242188
Car -1 -1 -10 916.0 141.0 1049.0 203.0 -1 -1 -1 -1000 -1000 -1000 -10 0.0009293556213378906
Car -1 -1 -10 0.0 197.0 36.0 269.0 -1 -1 -1 -1000 -1000 -1000 -10 0.00087738037109375
Car -1 -1 -10 632.0 164.0 697.0 230.0 -1 -1 -1 -1000 -1000 -1000 -10 0.0008144378662109375
Car -1 -1 -10 0.0 194.0 14.0 270.0 -1 -1 -1 -1000 -1000 -1000 -10 0.000789642333984375
Car -1 -1 -10 631.0 161.0 681.0 218.0 -1 -1 -1 -1000 -1000 -1000 -10 0.0007853507995605469
Car -1 -1 -10 948.0 158.0 1062.0 197.0 -1 -1 -1 -1000 -1000 -1000 -10 0.0007696151733398438
Car -1 -1 -10 974.0 157.0 1023.0 183.0 -1 -1 -1 -1000 -1000 -1000 -10 0.0006475448608398438
Car -1 -1 -10 0.0 195.0 12.0 288.0 -1 -1 -1 -1000 -1000 -1000 -10 0.0005860328674316406
Car -1 -1 -10 660.0 175.0 689.0 202.0 -1 -1 -1 -1000 -1000 -1000 -10 0.0005645751953125
Car -1 -1 -10 931.0 157.0 981.0 181.0 -1 -1 -1 -1000 -1000 -1000 -10 0.0005183219909667969
Car -1 -1 -10 0.0 190.0 12.0 244.0 -1 -1 -1 -1000 -1000 -1000 -10 0.0005021095275878906
Car -1 -1 -10 624.0 177.0 658.0 204.0 -1 -1 -1 -1000 -1000 -1000 -10 0.0004916191101074219
Car -1 -1 -10 0.0 190.0 87.0 297.0 -1 -1 -1 -1000 -1000 -1000 -10 0.0004801750183105469
Car -1 -1 -10 0.0 190.0 32.0 248.0 -1 -1 -1 -1000 -1000 -1000 -10 0.00046944618225097656
Car -1 -1 -10 0.0 200.0 33.0 299.0 -1 -1 -1 -1000 -1000 -1000 -10 0.0004279613494873047
Car -1 -1 -10 576.0 159.0 637.0 220.0 -1 -1 -1 -1000 -1000 -1000 -10 0.0004248619079589844
Car -1 -1 -10 0.0 193.0 11.0 241.0 -1 -1 -1 -1000 -1000 -1000 -10 0.00041103363037109375
Car -1 -1 -10 0.0 190.0 15.0 244.0 -1 -1 -1 -1000 -1000 -1000 -10 0.00040531158447265625
Car -1 -1 -10 576.0 154.0 633.0 212.0 -1 -1 -1 -1000 -1000 -1000 -10 0.00040030479431152344
Pedestrian -1 -1 -10 437.0 0.0 481.0 24.0 -1 -1 -1 -1000 -1000 -1000 -10 0.00038933753967285156
Car -1 -1 -10 784.0 87.0 807.0 112.0 -1 -1 -1 -1000 -1000 -1000 -10 0.00037789344787597656
Car -1 -1 -10 0.0 205.0 75.0 306.0 -1 -1 -1 -1000 -1000 -1000 -10 0.00037479400634765625
Car -1 -1 -10 598.0 134.0 751.0 272.0 -1 -1 -1 -1000 -1000 -1000 -10 0.0003712177276611328
Car -1 -1 -10 954.0 156.0 1068.0 195.0 -1 -1 -1 -1000 -1000 -1000 -10 0.00035119056701660156
Car -1 -1 -10 899.0 139.0 1004.0 202.0 -1 -1 -1 -1000 -1000 -1000 -10 0.0003504753112792969
Car -1 -1 -10 0.0 191.0 104.0 302.0 -1 -1 -1 -1000 -1000 -1000 -10 0.0003421306610107422
Car -1 -1 -10 910.0 122.0 1107.0 251.0 -1 -1 -1 -1000 -1000 -1000 -10 0.0003409385681152344
Car -1 -1 -10 0.0 199.0 37.0 301.0 -1 -1 -1 -1000 -1000 -1000 -10 0.0003399848937988281
Car -1 -1 -10 0.0 199.0 46.0 255.0 -1 -1 -1 -1000 -1000 -1000 -10 0.00031304359436035156
Car -1 -1 -10 0.0 195.0 15.0 289.0 -1 -1 -1 -1000 -1000 -1000 -10 0.0003085136413574219
Car -1 -1 -10 652.0 168.0 685.0 204.0 -1 -1 -1 -1000 -1000 -1000 -10 0.00030541419982910156
Car -1 -1 -10 911.0 101.0 1100.0 241.0 -1 -1 -1 -1000 -1000 -1000 -10 0.0002963542938232422
Car -1 -1 -10 0.0 177.0 20.0 245.0 -1 -1 -1 -1000 -1000 -1000 -10 0.0002930164337158203
Car -1 -1 -10 622.0 163.0 679.0 227.0 -1 -1 -1 -1000 -1000 -1000 -10 0.0002906322479248047
Car -1 -1 -10 514.0 129.0 692.0 271.0 -1 -1 -1 -1000 -1000 -1000 -10 0.000286102294921875
Car -1 -1 -10 514.0 113.0 688.0 239.0 -1 -1 -1 -1000 -1000 -1000 -10 0.0002779960632324219
Car -1 -1 -10 0.0 201.0 9.0 261.0 -1 -1 -1 -1000 -1000 -1000 -10 0.00026988983154296875
Car -1 -1 -10 1.0 189.0 49.0 253.0 -1 -1 -1 -1000 -1000 -1000 -10 0.0002620220184326172
Car -1 -1 -10 625.0 174.0 656.0 199.0 -1 -1 -1 -1000 -1000 -1000 -10 0.0002608299255371094
Car -1 -1 -10 0.0 228.0 18.0 375.0 -1 -1 -1 -1000 -1000 -1000 -10 0.0002551078796386719
Car -1 -1 -10 1.0 193.0 74.0 326.0 -1 -1 -1 -1000 -1000 -1000 -10 0.0002460479736328125
Car -1 -1 -10 1103.0 144.0 1204.0 185.0 -1 -1 -1 -1000 -1000 -1000 -10 0.0002409219741821289
Car -1 -1 -10 924.0 157.0 974.0 180.0 -1 -1 -1 -1000 -1000 -1000 -10 0.00023686885833740234
Car -1 -1 -10 1000.0 154.0 1078.0 183.0 -1 -1 -1 -1000 -1000 -1000 -10 0.00022459030151367188
Car -1 -1 -10 981.0 158.0 1030.0 184.0 -1 -1 -1 -1000 -1000 -1000 -10 0.00020813941955566406
Car -1 -1 -10 884.0 104.0 1074.0 239.0 -1 -1 -1 -1000 -1000 -1000 -10 0.0001995563507080078
Car -1 -1 -10 855.0 96.0 1037.0 241.0 -1 -1 -1 -1000 -1000 -1000 -10 0.00019061565399169922
Car -1 -1 -10 0.0 179.0 12.0 239.0 -1 -1 -1 -1000 -1000 -1000 -10 0.00017368793487548828
Car -1 -1 -10 0.0 214.0 24.0 330.0 -1 -1 -1 -1000 -1000 -1000 -10 0.00016605854034423828
Car -1 -1 -10 961.0 155.0 1042.0 191.0 -1 -1 -1 -1000 -1000 -1000 -10 0.00015842914581298828
Car -1 -1 -10 0.0 253.0 22.0 375.0 -1 -1 -1 -1000 -1000 -1000 -10 0.00015413761138916016
Car -1 -1 -10 903.0 143.0 1019.0 214.0 -1 -1 -1 -1000 -1000 -1000 -10 0.0001417398452758789
Car -1 -1 -10 0.0 195.0 36.0 289.0 -1 -1 -1 -1000 -1000 -1000 -10 0.00013768672943115234
Car -1 -1 -10 919.0 154.0 997.0 187.0 -1 -1 -1 -1000 -1000 -1000 -10 0.00013756752014160156
Car -1 -1 -10 558.0 128.0 719.0 239.0 -1 -1 -1 -1000 -1000 -1000 -10 0.00013589859008789062
Car -1 -1 -10 0.0 181.0 15.0 238.0 -1 -1 -1 -1000 -1000 -1000 -10 0.00012171268463134766
Car -1 -1 -10 659.0 171.0 690.0 198.0 -1 -1 -1 -1000 -1000 -1000 -10 0.0001201629638671875
Car -1 -1 -10 0.0 181.0 26.0 242.0 -1 -1 -1 -1000 -1000 -1000 -10 0.00011974573135375977
Car -1 -1 -10 989.0 155.0 1067.0 185.0 -1 -1 -1 -1000 -1000 -1000 -10 0.00011903047561645508
Car -1 -1 -10 0.0 174.0 27.0 249.0 -1 -1 -1 -1000 -1000 -1000 -10 0.00011843442916870117
Car -1 -1 -10 552.0 132.0 728.0 272.0 -1 -1 -1 -1000 -1000 -1000 -10 0.00011241436004638672
Car -1 -1 -10 0.0 227.0 26.0 375.0 -1 -1 -1 -1000 -1000 -1000 -10 0.0001016855239868164
Car -1 -1 -10 910.0 148.0 1008.0 183.0 -1 -1 -1 -1000 -1000 -1000 -10 0.00010091066360473633
