Car -1 -1 -10 518.0 161.0 738.0 373.0 -1 -1 -1 -1000 -1000 -1000 -10 0.9755859375
Car -1 -1 -10 376.0 185.0 416.0 204.0 -1 -1 -1 -1000 -1000 -1000 -10 0.951171875
Car -1 -1 -10 424.0 180.0 462.0 201.0 -1 -1 -1 -1000 -1000 -1000 -10 0.947265625
Car -1 -1 -10 1.0 98.0 149.0 286.0 -1 -1 -1 -1000 -1000 -1000 -10 0.9423828125
Car -1 -1 -10 950.0 174.0 1090.0 218.0 -1 -1 -1 -1000 -1000 -1000 -10 0.93994140625
Car -1 -1 -10 334.0 187.0 372.0 207.0 -1 -1 -1 -1000 -1000 -1000 -10 0.93603515625
Car -1 -1 -10 610.0 178.0 702.0 212.0 -1 -1 -1 -1000 -1000 -1000 -10 0.01064300537109375
Car -1 -1 -10 965.0 174.0 1092.0 214.0 -1 -1 -1 -1000 -1000 -1000 -10 0.004985809326171875
Car -1 -1 -10 612.0 176.0 695.0 209.0 -1 -1 -1 -1000 -1000 -1000 -10 0.0047760009765625
Car -1 -1 -10 608.0 177.0 706.0 218.0 -1 -1 -1 -1000 -1000 -1000 -10 0.004619598388671875
Car -1 -1 -10 341.0 102.0 367.0 122.0 -1 -1 -1 -1000 -1000 -1000 -10 0.0031948089599609375
Car -1 -1 -10 332.0 189.0 371.0 208.0 -1 -1 -1 -1000 -1000 -1000 -10 0.0030651092529296875
Car -1 -1 -10 597.0 0.0 634.0 27.0 -1 -1 -1 -1000 -1000 -1000 -10 0.0029354095458984375
Car -1 -1 -10 620.0 176.0 692.0 205.0 -1 -1 -1 -1000 -1000 -1000 -10 0.002246856689453125
Car -1 -1 -10 948.0 174.0 1065.0 211.0 -1 -1 -1 -1000 -1000 -1000 -10 0.0020542144775390625
Car -1 -1 -10 375.0 178.0 419.0 209.0 -1 -1 -1 -1000 -1000 -1000 -10 0.0017108917236328125
Car -1 -1 -10 998.0 177.0 1041.0 210.0 -1 -1 -1 -1000 -1000 -1000 -10 0.001678466796875
Car -1 -1 -10 0.0 162.0 147.0 275.0 -1 -1 -1 -1000 -1000 -1000 -10 0.0015840530395507812
Car -1 -1 -10 942.0 172.0 1081.0 208.0 -1 -1 -1 -1000 -1000 -1000 -10 0.0015344619750976562
Car -1 -1 -10 422.0 175.0 464.0 204.0 -1 -1 -1 -1000 -1000 -1000 -10 0.00153350830078125
Car -1 -1 -10 599.0 177.0 692.0 214.0 -1 -1 -1 -1000 -1000 -1000 -10 0.001171112060546875
Car -1 -1 -10 331.0 184.0 373.0 211.0 -1 -1 -1 -1000 -1000 -1000 -10 0.0009622573852539062
Car -1 -1 -10 950.0 170.0 1080.0 215.0 -1 -1 -1 -1000 -1000 -1000 -10 0.0009484291076660156
Car -1 -1 -10 616.0 179.0 688.0 210.0 -1 -1 -1 -1000 -1000 -1000 -10 0.0008797645568847656
Car -1 -1 -10 333.0 181.0 376.0 212.0 -1 -1 -1 -1000 -1000 -1000 -10 0.0006818771362304688
Car -1 -1 -10 562.0 162.0 697.0 366.0 -1 -1 -1 -1000 -1000 -1000 -10 0.0006766319274902344
Car -1 -1 -10 593.0 0.0 635.0 28.0 -1 -1 -1 -1000 -1000 -1000 -10 0.0006694793701171875
Car -1 -1 -10 944.0 164.0 1093.0 228.0 -1 -1 -1 -1000 -1000 -1000 -10 0.0006265640258789062
Car -1 -1 -10 0.0 183.0 19.0 255.0 -1 -1 -1 -1000 -1000 -1000 -10 0.0006213188171386719
Car -1 -1 -10 620.0 178.0 693.0 216.0 -1 -1 -1 -1000 -1000 -1000 -10 0.0006194114685058594
Car -1 -1 -10 421.0 181.0 458.0 201.0 -1 -1 -1 -1000 -1000 -1000 -10 0.0006175041198730469
Car -1 -1 -10 984.0 171.0 1093.0 210.0 -1 -1 -1 -1000 -1000 -1000 -10 0.0005273818969726562
Car -1 -1 -10 425.0 183.0 462.0 203.0 -1 -1 -1 -1000 -1000 -1000 -10 0.0005145072937011719
Car -1 -1 -10 995.0 174.0 1089.0 212.0 -1 -1 -1 -1000 -1000 -1000 -10 0.0004987716674804688
Car -1 -1 -10 610.0 172.0 697.0 215.0 -1 -1 -1 -1000 -1000 -1000 -10 0.0004940032958984375
Car -1 -1 -10 372.0 183.0 410.0 203.0 -1 -1 -1 -1000 -1000 -1000 -10 0.000484466552734375
Car -1 -1 -10 624.0 178.0 697.0 210.0 -1 -1 -1 -1000 -1000 -1000 -10 0.0004329681396484375
Car -1 -1 -10 0.0 122.0 137.0 294.0 -1 -1 -1 -1000 -1000 -1000 -10 0.00042247772216796875
Car -1 -1 -10 917.0 132.0 1121.0 270.0 -1 -1 -1 -1000 -1000 -1000 -10 0.0004067420959472656
Car -1 -1 -10 374.0 182.0 416.0 208.0 -1 -1 -1 -1000 -1000 -1000 -10 0.0003762245178222656
Car -1 -1 -10 590.0 173.0 690.0 222.0 -1 -1 -1 -1000 -1000 -1000 -10 0.0003762245178222656
Car -1 -1 -10 924.0 130.0 1115.0 240.0 -1 -1 -1 -1000 -1000 -1000 -10 0.0003597736358642578
Car -1 -1 -10 335.0 100.0 365.0 122.0 -1 -1 -1 -1000 -1000 -1000 -10 0.00035500526428222656
Car -1 -1 -10 0.0 182.0 21.0 283.0 -1 -1 -1 -1000 -1000 -1000 -10 0.00034928321838378906
Car -1 -1 -10 603.0 179.0 706.0 226.0 -1 -1 -1 -1000 -1000 -1000 -10 0.00032806396484375
Car -1 -1 -10 6.0 130.0 93.0 284.0 -1 -1 -1 -1000 -1000 -1000 -10 0.0003094673156738281
Car -1 -1 -10 626.0 174.0 701.0 205.0 -1 -1 -1 -1000 -1000 -1000 -10 0.00030684471130371094
Car -1 -1 -10 1.0 182.0 33.0 228.0 -1 -1 -1 -1000 -1000 -1000 -10 0.0003027915954589844
Car -1 -1 -10 1.0 191.0 31.0 238.0 -1 -1 -1 -1000 -1000 -1000 -10 0.0002982616424560547
Car -1 -1 -10 420.0 177.0 458.0 198.0 -1 -1 -1 -1000 -1000 -1000 -10 0.00029730796813964844
Car -1 -1 -10 0.0 193.0 13.0 238.0 -1 -1 -1 -1000 -1000 -1000 -10 0.000293731689453125
Car -1 -1 -10 992.0 176.0 1038.0 206.0 -1 -1 -1 -1000 -1000 -1000 -10 0.0002887248992919922
Car -1 -1 -10 0.0 194.0 13.0 252.0 -1 -1 -1 -1000 -1000 -1000 -10 0.0002849102020263672
Car -1 -1 -10 981.0 175.0 1058.0 213.0 -1 -1 -1 -1000 -1000 -1000 -10 0.0002720355987548828
Car -1 -1 -10 0.0 184.0 26.0 253.0 -1 -1 -1 -1000 -1000 -1000 -10 0.0002715587615966797
Car -1 -1 -10 0.0 197.0 11.0 235.0 -1 -1 -1 -1000 -1000 -1000 -10 0.00026798248291015625
Car -1 -1 -10 616.0 179.0 683.0 216.0 -1 -1 -1 -1000 -1000 -1000 -10 0.00026535987854003906
Car -1 -1 -10 0.0 162.0 21.0 252.0 -1 -1 -1 -1000 -1000 -1000 -10 0.00025963783264160156
Car -1 -1 -10 600.0 176.0 712.0 237.0 -1 -1 -1 -1000 -1000 -1000 -10 0.00025343894958496094
Car -1 -1 -10 1.0 185.0 46.0 239.0 -1 -1 -1 -1000 -1000 -1000 -10 0.0002474784851074219
Car -1 -1 -10 595.0 179.0 688.0 220.0 -1 -1 -1 -1000 -1000 -1000 -10 0.00023281574249267578
Car -1 -1 -10 0.0 195.0 15.0 238.0 -1 -1 -1 -1000 -1000 -1000 -10 0.00023126602172851562
Car -1 -1 -10 0.0 174.0 71.0 232.0 -1 -1 -1 -1000 -1000 -1000 -10 0.00021898746490478516
Car -1 -1 -10 949.0 171.0 1062.0 205.0 -1 -1 -1 -1000 -1000 -1000 -10 0.00020623207092285156
Car -1 -1 -10 0.0 101.0 159.0 213.0 -1 -1 -1 -1000 -1000 -1000 -10 0.0002028942108154297
Car -1 -1 -10 0.0 83.0 156.0 255.0 -1 -1 -1 -1000 -1000 -1000 -10 0.00018799304962158203
Car -1 -1 -10 1001.0 176.0 1045.0 209.0 -1 -1 -1 -1000 -1000 -1000 -10 0.00018155574798583984
Car -1 -1 -10 1.0 190.0 29.0 253.0 -1 -1 -1 -1000 -1000 -1000 -10 0.00018084049224853516
Car -1 -1 -10 0.0 200.0 12.0 244.0 -1 -1 -1 -1000 -1000 -1000 -10 0.00017905235290527344
Car -1 -1 -10 0.0 183.0 27.0 281.0 -1 -1 -1 -1000 -1000 -1000 -10 0.00017452239990234375
Car -1 -1 -10 0.0 172.0 27.0 269.0 -1 -1 -1 -1000 -1000 -1000 -10 0.00016796588897705078
Car -1 -1 -10 0.0 184.0 12.0 227.0 -1 -1 -1 -1000 -1000 -1000 -10 0.00016415119171142578
Car -1 -1 -10 0.0 187.0 10.0 223.0 -1 -1 -1 -1000 -1000 -1000 -10 0.00015842914581298828
Car -1 -1 -10 1.0 191.0 40.0 230.0 -1 -1 -1 -1000 -1000 -1000 -10 0.00015413761138916016
Car -1 -1 -10 4.0 97.0 164.0 240.0 -1 -1 -1 -1000 -1000 -1000 -10 0.00014638900756835938
Car -1 -1 -10 442.0 7.0 521.0 54.0 -1 -1 -1 -1000 -1000 -1000 -10 0.0001405477523803711
Car -1 -1 -10 2.0 182.0 49.0 225.0 -1 -1 -1 -1000 -1000 -1000 -10 0.00014019012451171875
Car -1 -1 -10 1219.0 217.0 1242.0 375.0 -1 -1 -1 -1000 -1000 -1000 -10 0.0001392364501953125
Car -1 -1 -10 0.0 185.0 15.0 226.0 -1 -1 -1 -1000 -1000 -1000 -10 0.00013256072998046875
Car -1 -1 -10 0.0 191.0 12.0 272.0 -1 -1 -1 -1000 -1000 -1000 -10 0.00013148784637451172
Car -1 -1 -10 0.0 177.0 69.0 244.0 -1 -1 -1 -1000 -1000 -1000 -10 0.00012540817260742188
Car -1 -1 -10 0.0 163.0 27.0 250.0 -1 -1 -1 -1000 -1000 -1000 -10 0.00011754035949707031
Car -1 -1 -10 594.0 172.0 682.0 207.0 -1 -1 -1 -1000 -1000 -1000 -10 0.00011688470840454102
Car -1 -1 -10 972.0 174.0 1096.0 206.0 -1 -1 -1 -1000 -1000 -1000 -10 0.00011581182479858398
Car -1 -1 -10 343.0 105.0 362.0 124.0 -1 -1 -1 -1000 -1000 -1000 -10 0.00010901689529418945
Car -1 -1 -10 0.0 186.0 43.0 256.0 -1 -1 -1 -1000 -1000 -1000 -10 0.00010073184967041016
