Car -1 -1 -10 414.0 186.0 507.0 277.0 -1 -1 -1 -1000 -1000 -1000 -10 0.9580078125
Car -1 -1 -10 464.0 187.0 533.0 244.0 -1 -1 -1 -1000 -1000 -1000 -10 0.943359375
Car -1 -1 -10 421.0 186.0 504.0 256.0 -1 -1 -1 -1000 -1000 -1000 -10 0.0011720657348632812
Car -1 -1 -10 462.0 185.0 536.0 250.0 -1 -1 -1 -1000 -1000 -1000 -10 0.00113677978515625
Car -1 -1 -10 407.0 181.0 525.0 285.0 -1 -1 -1 -1000 -1000 -1000 -10 0.0005707740783691406
Car -1 -1 -10 452.0 187.0 523.0 256.0 -1 -1 -1 -1000 -1000 -1000 -10 0.000492095947265625
Car -1 -1 -10 471.0 188.0 522.0 242.0 -1 -1 -1 -1000 -1000 -1000 -10 0.0003650188446044922
Car -1 -1 -10 428.0 151.0 585.0 280.0 -1 -1 -1 -1000 -1000 -1000 -10 0.0003139972686767578
Pedestrian -1 -1 -10 355.0 5.0 408.0 58.0 -1 -1 -1 -1000 -1000 -1000 -10 0.00016939640045166016
Car -1 -1 -10 457.0 188.0 518.0 240.0 -1 -1 -1 -1000 -1000 -1000 -10 0.00015783309936523438
