Car -1 -1 -10 720.0 80.0 944.0 284.0 -1 -1 -1 -1000 -1000 -1000 -10 0.96826171875
Car -1 -1 -10 1018.0 173.0 1239.0 372.0 -1 -1 -1 -1000 -1000 -1000 -10 0.962890625
Car -1 -1 -10 456.0 187.0 561.0 254.0 -1 -1 -1 -1000 -1000 -1000 -10 0.95849609375
Car -1 -1 -10 706.0 173.0 797.0 243.0 -1 -1 -1 -1000 -1000 -1000 -10 0.955078125
Car -1 -1 -10 525.0 180.0 581.0 224.0 -1 -1 -1 -1000 -1000 -1000 -10 0.94677734375
Car -1 -1 -10 675.0 172.0 727.0 211.0 -1 -1 -1 -1000 -1000 -1000 -10 0.92919921875
Car -1 -1 -10 659.0 173.0 687.0 196.0 -1 -1 -1 -1000 -1000 -1000 -10 0.92041015625
Pedestrian -1 -1 -10 889.0 136.0 934.0 287.0 -1 -1 -1 -1000 -1000 -1000 -10 0.8720703125
Pedestrian -1 -1 -10 892.0 133.0 935.0 269.0 -1 -1 -1 -1000 -1000 -1000 -10 0.0180816650390625
Pedestrian -1 -1 -10 885.0 140.0 925.0 285.0 -1 -1 -1 -1000 -1000 -1000 -10 0.01158905029296875
Car -1 -1 -10 679.0 170.0 729.0 207.0 -1 -1 -1 -1000 -1000 -1000 -10 0.007587432861328125
Pedestrian -1 -1 -10 897.0 135.0 937.0 274.0 -1 -1 -1 -1000 -1000 -1000 -10 0.00542449951171875
Car -1 -1 -10 660.0 171.0 688.0 193.0 -1 -1 -1 -1000 -1000 -1000 -10 0.00457763671875
Car -1 -1 -10 706.0 170.0 807.0 255.0 -1 -1 -1 -1000 -1000 -1000 -10 0.0016584396362304688
Car -1 -1 -10 707.0 168.0 792.0 236.0 -1 -1 -1 -1000 -1000 -1000 -10 0.0011491775512695312
Car -1 -1 -10 768.0 83.0 901.0 275.0 -1 -1 -1 -1000 -1000 -1000 -10 0.0010881423950195312
Car -1 -1 -10 1061.0 175.0 1195.0 366.0 -1 -1 -1 -1000 -1000 -1000 -10 0.001018524169921875
Car -1 -1 -10 517.0 175.0 586.0 241.0 -1 -1 -1 -1000 -1000 -1000 -10 0.001007080078125
Car -1 -1 -10 447.0 178.0 576.0 275.0 -1 -1 -1 -1000 -1000 -1000 -10 0.0008635520935058594
Car -1 -1 -10 694.0 160.0 783.0 233.0 -1 -1 -1 -1000 -1000 -1000 -10 0.0008497238159179688
Car -1 -1 -10 1218.0 154.0 1242.0 365.0 -1 -1 -1 -1000 -1000 -1000 -10 0.0007510185241699219
Car -1 -1 -10 520.0 170.0 583.0 230.0 -1 -1 -1 -1000 -1000 -1000 -10 0.0007119178771972656
Car -1 -1 -10 698.0 160.0 821.0 262.0 -1 -1 -1 -1000 -1000 -1000 -10 0.0007023811340332031
Pedestrian -1 -1 -10 856.0 124.0 990.0 297.0 -1 -1 -1 -1000 -1000 -1000 -10 0.0007014274597167969
Car -1 -1 -10 1214.0 143.0 1242.0 375.0 -1 -1 -1 -1000 -1000 -1000 -10 0.0006680488586425781
Pedestrian -1 -1 -10 879.0 120.0 939.0 282.0 -1 -1 -1 -1000 -1000 -1000 -10 0.0006499290466308594
Pedestrian -1 -1 -10 829.0 122.0 968.0 298.0 -1 -1 -1 -1000 -1000 -1000 -10 0.0006160736083984375
Car -1 -1 -10 659.0 171.0 690.0 203.0 -1 -1 -1 -1000 -1000 -1000 -10 0.00058746337890625
Car -1 -1 -10 667.0 161.0 733.0 224.0 -1 -1 -1 -1000 -1000 -1000 -10 0.00042819976806640625
Car -1 -1 -10 451.0 172.0 571.0 263.0 -1 -1 -1 -1000 -1000 -1000 -10 0.0004267692565917969
Pedestrian -1 -1 -10 0.0 118.0 120.0 375.0 -1 -1 -1 -1000 -1000 -1000 -10 0.0004191398620605469
Pedestrian -1 -1 -10 0.0 187.0 28.0 375.0 -1 -1 -1 -1000 -1000 -1000 -10 0.00041103363037109375
Pedestrian -1 -1 -10 3.0 144.0 54.0 375.0 -1 -1 -1 -1000 -1000 -1000 -10 0.0004038810729980469
Car -1 -1 -10 4.0 51.0 176.0 373.0 -1 -1 -1 -1000 -1000 -1000 -10 0.0003809928894042969
Car -1 -1 -10 1200.0 158.0 1242.0 366.0 -1 -1 -1 -1000 -1000 -1000 -10 0.0003695487976074219
Car -1 -1 -10 659.0 172.0 682.0 191.0 -1 -1 -1 -1000 -1000 -1000 -10 0.0003685951232910156
Pedestrian -1 -1 -10 0.0 153.0 27.0 375.0 -1 -1 -1 -1000 -1000 -1000 -10 0.00035762786865234375
Car -1 -1 -10 1219.0 144.0 1242.0 335.0 -1 -1 -1 -1000 -1000 -1000 -10 0.0003457069396972656
Pedestrian -1 -1 -10 0.0 191.0 94.0 375.0 -1 -1 -1 -1000 -1000 -1000 -10 0.00034236907958984375
Pedestrian -1 -1 -10 2.0 184.0 50.0 373.0 -1 -1 -1 -1000 -1000 -1000 -10 0.0003421306610107422
Pedestrian -1 -1 -10 2.0 144.0 96.0 375.0 -1 -1 -1 -1000 -1000 -1000 -10 0.0003421306610107422
Car -1 -1 -10 2.0 64.0 145.0 365.0 -1 -1 -1 -1000 -1000 -1000 -10 0.00033283233642578125
Car -1 -1 -10 473.0 136.0 634.0 251.0 -1 -1 -1 -1000 -1000 -1000 -10 0.00029206275939941406
Pedestrian -1 -1 -10 0.0 194.0 57.0 375.0 -1 -1 -1 -1000 -1000 -1000 -10 0.0002913475036621094
Car -1 -1 -10 657.0 177.0 682.0 198.0 -1 -1 -1 -1000 -1000 -1000 -10 0.00026988983154296875
Car -1 -1 -10 517.0 182.0 571.0 222.0 -1 -1 -1 -1000 -1000 -1000 -10 0.0002696514129638672
Pedestrian -1 -1 -10 893.0 116.0 939.0 273.0 -1 -1 -1 -1000 -1000 -1000 -10 0.00026917457580566406
Car -1 -1 -10 601.0 130.0 778.0 270.0 -1 -1 -1 -1000 -1000 -1000 -10 0.00025916099548339844
Pedestrian -1 -1 -10 0.0 135.0 68.0 374.0 -1 -1 -1 -1000 -1000 -1000 -10 0.0002524852752685547
Pedestrian -1 -1 -10 0.0 138.0 30.0 375.0 -1 -1 -1 -1000 -1000 -1000 -10 0.00023651123046875
Car -1 -1 -10 609.0 121.0 770.0 240.0 -1 -1 -1 -1000 -1000 -1000 -10 0.00023317337036132812
Pedestrian -1 -1 -10 888.0 143.0 932.0 260.0 -1 -1 -1 -1000 -1000 -1000 -10 0.0002315044403076172
Pedestrian -1 -1 -10 896.0 148.0 939.0 289.0 -1 -1 -1 -1000 -1000 -1000 -10 0.00022542476654052734
Pedestrian -1 -1 -10 2.0 95.0 53.0 375.0 -1 -1 -1 -1000 -1000 -1000 -10 0.00021779537200927734
Car -1 -1 -10 466.0 142.0 640.0 280.0 -1 -1 -1 -1000 -1000 -1000 -10 0.0001983642578125
Car -1 -1 -10 1214.0 150.0 1242.0 328.0 -1 -1 -1 -1000 -1000 -1000 -10 0.0001817941665649414
Pedestrian -1 -1 -10 906.0 138.0 940.0 272.0 -1 -1 -1 -1000 -1000 -1000 -10 0.00017774105072021484
Pedestrian -1 -1 -10 1.0 225.0 56.0 372.0 -1 -1 -1 -1000 -1000 -1000 -10 0.0001748800277709961
Pedestrian -1 -1 -10 2.0 147.0 132.0 375.0 -1 -1 -1 -1000 -1000 -1000 -10 0.0001729726791381836
Pedestrian -1 -1 -10 886.0 148.0 930.0 291.0 -1 -1 -1 -1000 -1000 -1000 -10 0.00016498565673828125
Car -1 -1 -10 679.0 162.0 803.0 258.0 -1 -1 -1 -1000 -1000 -1000 -10 0.00016105175018310547
Car -1 -1 -10 1212.0 107.0 1242.0 334.0 -1 -1 -1 -1000 -1000 -1000 -10 0.00016045570373535156
Car -1 -1 -10 1200.0 69.0 1241.0 327.0 -1 -1 -1 -1000 -1000 -1000 -10 0.00015974044799804688
Car -1 -1 -10 513.0 180.0 575.0 226.0 -1 -1 -1 -1000 -1000 -1000 -10 0.00015246868133544922
Car -1 -1 -10 1196.0 39.0 1240.0 318.0 -1 -1 -1 -1000 -1000 -1000 -10 0.0001500844955444336
Car -1 -1 -10 3.0 16.0 185.0 348.0 -1 -1 -1 -1000 -1000 -1000 -10 0.00014960765838623047
Pedestrian -1 -1 -10 4.0 95.0 93.0 375.0 -1 -1 -1 -1000 -1000 -1000 -10 0.00014138221740722656
Pedestrian -1 -1 -10 0.0 219.0 31.0 372.0 -1 -1 -1 -1000 -1000 -1000 -10 0.0001379251480102539
Car -1 -1 -10 1202.0 147.0 1242.0 334.0 -1 -1 -1 -1000 -1000 -1000 -10 0.00013077259063720703
Car -1 -1 -10 478.0 189.0 527.0 248.0 -1 -1 -1 -1000 -1000 -1000 -10 0.0001302957534790039
Car -1 -1 -10 1191.0 10.0 1239.0 309.0 -1 -1 -1 -1000 -1000 -1000 -10 0.00012767314910888672
Pedestrian -1 -1 -10 0.0 128.0 26.0 357.0 -1 -1 -1 -1000 -1000 -1000 -10 0.0001264810562133789
Car -1 -1 -10 0.0 80.0 63.0 360.0 -1 -1 -1 -1000 -1000 -1000 -10 0.00012624263763427734
Car -1 -1 -10 1218.0 132.0 1242.0 308.0 -1 -1 -1 -1000 -1000 -1000 -10 0.00012385845184326172
Pedestrian -1 -1 -10 0.0 251.0 94.0 375.0 -1 -1 -1 -1000 -1000 -1000 -10 0.00012373924255371094
Car -1 -1 -10 1221.0 203.0 1242.0 375.0 -1 -1 -1 -1000 -1000 -1000 -10 0.00012362003326416016
Car -1 -1 -10 703.0 176.0 792.0 251.0 -1 -1 -1 -1000 -1000 -1000 -10 0.00011974573135375977
Pedestrian -1 -1 -10 3.0 88.0 141.0 375.0 -1 -1 -1 -1000 -1000 -1000 -10 0.00011730194091796875
Pedestrian -1 -1 -10 878.0 144.0 914.0 283.0 -1 -1 -1 -1000 -1000 -1000 -10 0.0001080632209777832
