Car -1 -1 -10 308.0 185.0 466.0 294.0 -1 -1 -1 -1000 -1000 -1000 -10 0.97021484375
Car -1 -1 -10 145.0 185.0 256.0 242.0 -1 -1 -1 -1000 -1000 -1000 -10 0.958984375
Car -1 -1 -10 241.0 187.0 315.0 220.0 -1 -1 -1 -1000 -1000 -1000 -10 0.935546875
Car -1 -1 -10 457.0 187.0 499.0 216.0 -1 -1 -1 -1000 -1000 -1000 -10 0.923828125
Car -1 -1 -10 551.0 185.0 579.0 206.0 -1 -1 -1 -1000 -1000 -1000 -10 0.9189453125
Car -1 -1 -10 574.0 172.0 595.0 199.0 -1 -1 -1 -1000 -1000 -1000 -10 0.904296875
Car -1 -1 -10 559.0 181.0 591.0 205.0 -1 -1 -1 -1000 -1000 -1000 -10 0.6015625
Car -1 -1 -10 407.0 184.0 429.0 198.0 -1 -1 -1 -1000 -1000 -1000 -10 0.0413818359375
Car -1 -1 -10 405.0 183.0 429.0 198.0 -1 -1 -1 -1000 -1000 -1000 -10 0.040924072265625
Car -1 -1 -10 577.0 174.0 595.0 200.0 -1 -1 -1 -1000 -1000 -1000 -10 0.0290985107421875
Car -1 -1 -10 555.0 181.0 578.0 203.0 -1 -1 -1 -1000 -1000 -1000 -10 0.00627899169921875
Car -1 -1 -10 409.0 183.0 431.0 200.0 -1 -1 -1 -1000 -1000 -1000 -10 0.0053558349609375
Car -1 -1 -10 372.0 179.0 401.0 197.0 -1 -1 -1 -1000 -1000 -1000 -10 0.005283355712890625
Car -1 -1 -10 380.0 179.0 415.0 197.0 -1 -1 -1 -1000 -1000 -1000 -10 0.002910614013671875
Car -1 -1 -10 372.0 177.0 404.0 196.0 -1 -1 -1 -1000 -1000 -1000 -10 0.0015468597412109375
Car -1 -1 -10 403.0 185.0 429.0 203.0 -1 -1 -1 -1000 -1000 -1000 -10 0.0012950897216796875
Car -1 -1 -10 403.0 183.0 426.0 198.0 -1 -1 -1 -1000 -1000 -1000 -10 0.0010700225830078125
Car -1 -1 -10 378.0 182.0 407.0 200.0 -1 -1 -1 -1000 -1000 -1000 -10 0.0010223388671875
Car -1 -1 -10 235.0 173.0 330.0 236.0 -1 -1 -1 -1000 -1000 -1000 -10 0.0009937286376953125
Car -1 -1 -10 371.0 180.0 398.0 199.0 -1 -1 -1 -1000 -1000 -1000 -10 0.0006866455078125
Car -1 -1 -10 551.0 179.0 581.0 209.0 -1 -1 -1 -1000 -1000 -1000 -10 0.0006575584411621094
Car -1 -1 -10 403.0 181.0 430.0 200.0 -1 -1 -1 -1000 -1000 -1000 -10 0.0006132125854492188
Car -1 -1 -10 448.0 171.0 507.0 234.0 -1 -1 -1 -1000 -1000 -1000 -10 0.0005750656127929688
Car -1 -1 -10 172.0 187.0 220.0 234.0 -1 -1 -1 -1000 -1000 -1000 -10 0.00045871734619140625
Car -1 -1 -10 109.0 161.0 284.0 282.0 -1 -1 -1 -1000 -1000 -1000 -10 0.00045108795166015625
Car -1 -1 -10 401.0 186.0 427.0 204.0 -1 -1 -1 -1000 -1000 -1000 -10 0.00043511390686035156
Car -1 -1 -10 318.0 181.0 457.0 284.0 -1 -1 -1 -1000 -1000 -1000 -10 0.000400543212890625
Car -1 -1 -10 235.0 174.0 317.0 226.0 -1 -1 -1 -1000 -1000 -1000 -10 0.0003867149353027344
Car -1 -1 -10 121.0 147.0 293.0 274.0 -1 -1 -1 -1000 -1000 -1000 -10 0.0003864765167236328
Car -1 -1 -10 177.0 187.0 226.0 234.0 -1 -1 -1 -1000 -1000 -1000 -10 0.0003771781921386719
Car -1 -1 -10 1214.0 193.0 1242.0 367.0 -1 -1 -1 -1000 -1000 -1000 -10 0.0003485679626464844
Car -1 -1 -10 209.0 135.0 374.0 279.0 -1 -1 -1 -1000 -1000 -1000 -10 0.0003361701965332031
Car -1 -1 -10 447.0 173.0 520.0 235.0 -1 -1 -1 -1000 -1000 -1000 -10 0.00033092498779296875
Car -1 -1 -10 1215.0 181.0 1242.0 342.0 -1 -1 -1 -1000 -1000 -1000 -10 0.0003273487091064453
Car -1 -1 -10 1211.0 172.0 1242.0 351.0 -1 -1 -1 -1000 -1000 -1000 -10 0.0003116130828857422
Car -1 -1 -10 357.0 180.0 392.0 203.0 -1 -1 -1 -1000 -1000 -1000 -10 0.0002961158752441406
Car -1 -1 -10 1216.0 169.0 1242.0 315.0 -1 -1 -1 -1000 -1000 -1000 -10 0.0002846717834472656
Car -1 -1 -10 449.0 170.0 504.0 226.0 -1 -1 -1 -1000 -1000 -1000 -10 0.0002701282501220703
Car -1 -1 -10 1212.0 162.0 1242.0 323.0 -1 -1 -1 -1000 -1000 -1000 -10 0.00026535987854003906
Car -1 -1 -10 378.0 179.0 405.0 196.0 -1 -1 -1 -1000 -1000 -1000 -10 0.00026345252990722656
Car -1 -1 -10 370.0 178.0 395.0 196.0 -1 -1 -1 -1000 -1000 -1000 -10 0.0002579689025878906
Car -1 -1 -10 580.0 184.0 594.0 202.0 -1 -1 -1 -1000 -1000 -1000 -10 0.0002493858337402344
Car -1 -1 -10 455.0 183.0 500.0 219.0 -1 -1 -1 -1000 -1000 -1000 -10 0.00024247169494628906
Car -1 -1 -10 1199.0 185.0 1241.0 375.0 -1 -1 -1 -1000 -1000 -1000 -10 0.0002338886260986328
Car -1 -1 -10 575.0 170.0 597.0 204.0 -1 -1 -1 -1000 -1000 -1000 -10 0.00022995471954345703
Car -1 -1 -10 552.0 187.0 579.0 209.0 -1 -1 -1 -1000 -1000 -1000 -10 0.0002282857894897461
Car -1 -1 -10 583.0 170.0 603.0 198.0 -1 -1 -1 -1000 -1000 -1000 -10 0.00022494792938232422
Car -1 -1 -10 463.0 183.0 498.0 208.0 -1 -1 -1 -1000 -1000 -1000 -10 0.00022459030151367188
Car -1 -1 -10 1199.0 170.0 1242.0 353.0 -1 -1 -1 -1000 -1000 -1000 -10 0.0002181529998779297
Car -1 -1 -10 178.0 133.0 363.0 282.0 -1 -1 -1 -1000 -1000 -1000 -10 0.00020432472229003906
Car -1 -1 -10 394.0 129.0 554.0 249.0 -1 -1 -1 -1000 -1000 -1000 -10 0.0002033710479736328
Car -1 -1 -10 453.0 184.0 490.0 208.0 -1 -1 -1 -1000 -1000 -1000 -10 0.00020205974578857422
Car -1 -1 -10 550.0 177.0 573.0 199.0 -1 -1 -1 -1000 -1000 -1000 -10 0.00019919872283935547
Car -1 -1 -10 556.0 172.0 591.0 208.0 -1 -1 -1 -1000 -1000 -1000 -10 0.00018990039825439453
Car -1 -1 -10 1219.0 162.0 1242.0 281.0 -1 -1 -1 -1000 -1000 -1000 -10 0.00017333030700683594
Car -1 -1 -10 189.0 135.0 353.0 250.0 -1 -1 -1 -1000 -1000 -1000 -10 0.00016438961029052734
Car -1 -1 -10 162.0 183.0 250.0 236.0 -1 -1 -1 -1000 -1000 -1000 -10 0.0001628398895263672
Car -1 -1 -10 390.0 139.0 558.0 276.0 -1 -1 -1 -1000 -1000 -1000 -10 0.0001596212387084961
Car -1 -1 -10 175.0 184.0 253.0 228.0 -1 -1 -1 -1000 -1000 -1000 -10 0.00015735626220703125
Cyclist -1 -1 -10 1168.0 85.0 1206.0 122.0 -1 -1 -1 -1000 -1000 -1000 -10 0.0001531839370727539
Car -1 -1 -10 381.0 177.0 415.0 199.0 -1 -1 -1 -1000 -1000 -1000 -10 0.00014829635620117188
Car -1 -1 -10 1214.0 158.0 1242.0 287.0 -1 -1 -1 -1000 -1000 -1000 -10 0.00013577938079833984
Car -1 -1 -10 974.0 138.0 1011.0 170.0 -1 -1 -1 -1000 -1000 -1000 -10 0.00013065338134765625
Car -1 -1 -10 575.0 168.0 595.0 196.0 -1 -1 -1 -1000 -1000 -1000 -10 0.00012564659118652344
Car -1 -1 -10 251.0 188.0 301.0 216.0 -1 -1 -1 -1000 -1000 -1000 -10 0.0001233816146850586
Car -1 -1 -10 466.0 188.0 499.0 213.0 -1 -1 -1 -1000 -1000 -1000 -10 0.00011134147644042969
Car -1 -1 -10 975.0 146.0 1012.0 180.0 -1 -1 -1 -1000 -1000 -1000 -10 0.00010144710540771484
Car -1 -1 -10 418.0 141.0 578.0 274.0 -1 -1 -1 -1000 -1000 -1000 -10 0.0001004338264465332
Car -1 -1 -10 455.0 189.0 501.0 230.0 -1 -1 -1 -1000 -1000 -1000 -10 0.00010007619857788086
