Car -1 -1 -10 0.0 206.0 241.0 372.0 -1 -1 -1 -1000 -1000 -1000 -10 0.970703125
Car -1 -1 -10 374.0 179.0 462.0 241.0 -1 -1 -1 -1000 -1000 -1000 -10 0.96533203125
Car -1 -1 -10 723.0 173.0 893.0 285.0 -1 -1 -1 -1000 -1000 -1000 -10 0.9619140625
Car -1 -1 -10 215.0 196.0 380.0 283.0 -1 -1 -1 -1000 -1000 -1000 -10 0.96142578125
Car -1 -1 -10 425.0 180.0 490.0 224.0 -1 -1 -1 -1000 -1000 -1000 -10 0.958984375
Car -1 -1 -10 639.0 175.0 660.0 193.0 -1 -1 -1 -1000 -1000 -1000 -10 0.93603515625
Car -1 -1 -10 552.0 178.0 581.0 198.0 -1 -1 -1 -1000 -1000 -1000 -10 0.92822265625
Car -1 -1 -10 475.0 182.0 520.0 212.0 -1 -1 -1 -1000 -1000 -1000 -10 0.91552734375
Car -1 -1 -10 693.0 169.0 762.0 191.0 -1 -1 -1 -1000 -1000 -1000 -10 0.91015625
Car -1 -1 -10 0.0 216.0 27.0 375.0 -1 -1 -1 -1000 -1000 -1000 -10 0.01117706298828125
Car -1 -1 -10 470.0 184.0 517.0 213.0 -1 -1 -1 -1000 -1000 -1000 -10 0.00948333740234375
Car -1 -1 -10 398.0 178.0 485.0 232.0 -1 -1 -1 -1000 -1000 -1000 -10 0.006969451904296875
Car -1 -1 -10 695.0 172.0 764.0 193.0 -1 -1 -1 -1000 -1000 -1000 -10 0.00446319580078125
Car -1 -1 -10 0.0 219.0 35.0 375.0 -1 -1 -1 -1000 -1000 -1000 -10 0.004268646240234375
Car -1 -1 -10 639.0 173.0 660.0 191.0 -1 -1 -1 -1000 -1000 -1000 -10 0.003936767578125
Car -1 -1 -10 0.0 204.0 29.0 370.0 -1 -1 -1 -1000 -1000 -1000 -10 0.003124237060546875
Car -1 -1 -10 520.0 181.0 547.0 199.0 -1 -1 -1 -1000 -1000 -1000 -10 0.00258636474609375
Car -1 -1 -10 695.0 166.0 761.0 188.0 -1 -1 -1 -1000 -1000 -1000 -10 0.002452850341796875
Car -1 -1 -10 1192.0 151.0 1241.0 375.0 -1 -1 -1 -1000 -1000 -1000 -10 0.0020751953125
Car -1 -1 -10 0.0 227.0 43.0 375.0 -1 -1 -1 -1000 -1000 -1000 -10 0.0019741058349609375
Car -1 -1 -10 1204.0 177.0 1242.0 375.0 -1 -1 -1 -1000 -1000 -1000 -10 0.00183868408203125
Car -1 -1 -10 0.0 237.0 30.0 373.0 -1 -1 -1 -1000 -1000 -1000 -10 0.0013017654418945312
Car -1 -1 -10 0.0 203.0 36.0 366.0 -1 -1 -1 -1000 -1000 -1000 -10 0.0010900497436523438
Car -1 -1 -10 431.0 181.0 483.0 222.0 -1 -1 -1 -1000 -1000 -1000 -10 0.00104522705078125
Car -1 -1 -10 693.0 163.0 766.0 195.0 -1 -1 -1 -1000 -1000 -1000 -10 0.0009775161743164062
Car -1 -1 -10 0.0 255.0 26.0 375.0 -1 -1 -1 -1000 -1000 -1000 -10 0.0008993148803710938
Car -1 -1 -10 0.0 192.0 24.0 343.0 -1 -1 -1 -1000 -1000 -1000 -10 0.0008983612060546875
Car -1 -1 -10 59.0 210.0 175.0 361.0 -1 -1 -1 -1000 -1000 -1000 -10 0.000873565673828125
Car -1 -1 -10 1207.0 152.0 1242.0 375.0 -1 -1 -1 -1000 -1000 -1000 -10 0.0007290840148925781
Car -1 -1 -10 1211.0 217.0 1242.0 375.0 -1 -1 -1 -1000 -1000 -1000 -10 0.0006890296936035156
Car -1 -1 -10 551.0 176.0 583.0 206.0 -1 -1 -1 -1000 -1000 -1000 -10 0.0006875991821289062
Car -1 -1 -10 707.0 170.0 757.0 190.0 -1 -1 -1 -1000 -1000 -1000 -10 0.0006251335144042969
Car -1 -1 -10 1194.0 215.0 1242.0 374.0 -1 -1 -1 -1000 -1000 -1000 -10 0.0006098747253417969
Car -1 -1 -10 551.0 173.0 583.0 202.0 -1 -1 -1 -1000 -1000 -1000 -10 0.0005154609680175781
Car -1 -1 -10 1184.0 164.0 1242.0 373.0 -1 -1 -1 -1000 -1000 -1000 -10 0.0004742145538330078
Car -1 -1 -10 353.0 162.0 495.0 269.0 -1 -1 -1 -1000 -1000 -1000 -10 0.0004596710205078125
Car -1 -1 -10 0.0 227.0 56.0 375.0 -1 -1 -1 -1000 -1000 -1000 -10 0.0004558563232421875
Car -1 -1 -10 519.0 181.0 545.0 200.0 -1 -1 -1 -1000 -1000 -1000 -10 0.0004239082336425781
Car -1 -1 -10 516.0 179.0 549.0 199.0 -1 -1 -1 -1000 -1000 -1000 -10 0.0004153251647949219
Car -1 -1 -10 0.0 239.0 17.0 371.0 -1 -1 -1 -1000 -1000 -1000 -10 0.00038933753967285156
Car -1 -1 -10 637.0 172.0 662.0 203.0 -1 -1 -1 -1000 -1000 -1000 -10 0.00037550926208496094
Car -1 -1 -10 0.0 258.0 18.0 375.0 -1 -1 -1 -1000 -1000 -1000 -10 0.0003674030303955078
Car -1 -1 -10 703.0 169.0 754.0 188.0 -1 -1 -1 -1000 -1000 -1000 -10 0.000354766845703125
Car -1 -1 -10 393.0 181.0 444.0 236.0 -1 -1 -1 -1000 -1000 -1000 -10 0.0003495216369628906
Car -1 -1 -10 556.0 178.0 585.0 198.0 -1 -1 -1 -1000 -1000 -1000 -10 0.0003349781036376953
Car -1 -1 -10 637.0 172.0 662.0 197.0 -1 -1 -1 -1000 -1000 -1000 -10 0.0003116130828857422
Car -1 -1 -10 336.0 155.0 481.0 267.0 -1 -1 -1 -1000 -1000 -1000 -10 0.00028824806213378906
Car -1 -1 -10 0.0 197.0 43.0 355.0 -1 -1 -1 -1000 -1000 -1000 -10 0.0002810955047607422
Car -1 -1 -10 0.0 269.0 17.0 375.0 -1 -1 -1 -1000 -1000 -1000 -10 0.00025153160095214844
Car -1 -1 -10 1162.0 181.0 1242.0 375.0 -1 -1 -1 -1000 -1000 -1000 -10 0.0002300739288330078
Car -1 -1 -10 0.0 219.0 16.0 352.0 -1 -1 -1 -1000 -1000 -1000 -10 0.00022268295288085938
Car -1 -1 -10 1170.0 148.0 1242.0 373.0 -1 -1 -1 -1000 -1000 -1000 -10 0.0002218484878540039
Car -1 -1 -10 1175.0 193.0 1242.0 373.0 -1 -1 -1 -1000 -1000 -1000 -10 0.00022017955780029297
Car -1 -1 -10 382.0 169.0 469.0 242.0 -1 -1 -1 -1000 -1000 -1000 -10 0.00021970272064208984
Car -1 -1 -10 1.0 254.0 43.0 375.0 -1 -1 -1 -1000 -1000 -1000 -10 0.00020802021026611328
Car -1 -1 -10 422.0 168.0 493.0 231.0 -1 -1 -1 -1000 -1000 -1000 -10 0.00020766258239746094
Car -1 -1 -10 1.0 248.0 29.0 362.0 -1 -1 -1 -1000 -1000 -1000 -10 0.0001850128173828125
Car -1 -1 -10 474.0 179.0 521.0 215.0 -1 -1 -1 -1000 -1000 -1000 -10 0.00018286705017089844
Car -1 -1 -10 0.0 210.0 27.0 341.0 -1 -1 -1 -1000 -1000 -1000 -10 0.00017344951629638672
Car -1 -1 -10 0.0 189.0 39.0 340.0 -1 -1 -1 -1000 -1000 -1000 -10 0.00017189979553222656
Car -1 -1 -10 0.0 179.0 21.0 317.0 -1 -1 -1 -1000 -1000 -1000 -10 0.0001685619354248047
Car -1 -1 -10 1.0 287.0 30.0 375.0 -1 -1 -1 -1000 -1000 -1000 -10 0.00016570091247558594
Car -1 -1 -10 0.0 211.0 15.0 338.0 -1 -1 -1 -1000 -1000 -1000 -10 0.0001621246337890625
Car -1 -1 -10 549.0 178.0 578.0 199.0 -1 -1 -1 -1000 -1000 -1000 -10 0.00016129016876220703
Car -1 -1 -10 1206.0 236.0 1242.0 373.0 -1 -1 -1 -1000 -1000 -1000 -10 0.00015854835510253906
Car -1 -1 -10 423.0 170.0 499.0 237.0 -1 -1 -1 -1000 -1000 -1000 -10 0.0001577138900756836
Car -1 -1 -10 387.0 133.0 542.0 253.0 -1 -1 -1 -1000 -1000 -1000 -10 0.00015676021575927734
Car -1 -1 -10 468.0 168.0 540.0 232.0 -1 -1 -1 -1000 -1000 -1000 -10 0.00014543533325195312
Car -1 -1 -10 1.0 266.0 28.0 375.0 -1 -1 -1 -1000 -1000 -1000 -10 0.00014483928680419922
Car -1 -1 -10 1153.0 156.0 1242.0 374.0 -1 -1 -1 -1000 -1000 -1000 -10 0.00014328956604003906
Car -1 -1 -10 0.0 240.0 42.0 373.0 -1 -1 -1 -1000 -1000 -1000 -10 0.000141143798828125
Car -1 -1 -10 1215.0 247.0 1242.0 375.0 -1 -1 -1 -1000 -1000 -1000 -10 0.0001398324966430664
Car -1 -1 -10 634.0 175.0 658.0 196.0 -1 -1 -1 -1000 -1000 -1000 -10 0.00013697147369384766
Car -1 -1 -10 688.0 171.0 749.0 191.0 -1 -1 -1 -1000 -1000 -1000 -10 0.00013518333435058594
Car -1 -1 -10 1198.0 129.0 1242.0 359.0 -1 -1 -1 -1000 -1000 -1000 -10 0.00013184547424316406
Car -1 -1 -10 469.0 187.0 506.0 214.0 -1 -1 -1 -1000 -1000 -1000 -10 0.0001316070556640625
Car -1 -1 -10 689.0 166.0 752.0 187.0 -1 -1 -1 -1000 -1000 -1000 -10 0.00012683868408203125
Car -1 -1 -10 1210.0 241.0 1242.0 375.0 -1 -1 -1 -1000 -1000 -1000 -10 0.00012671947479248047
Car -1 -1 -10 513.0 181.0 549.0 202.0 -1 -1 -1 -1000 -1000 -1000 -10 0.00012111663818359375
Car -1 -1 -10 0.0 242.0 73.0 375.0 -1 -1 -1 -1000 -1000 -1000 -10 0.00012063980102539062
Car -1 -1 -10 423.0 138.0 597.0 276.0 -1 -1 -1 -1000 -1000 -1000 -10 0.00011879205703735352
Car -1 -1 -10 193.0 119.0 229.0 139.0 -1 -1 -1 -1000 -1000 -1000 -10 0.00011688470840454102
Car -1 -1 -10 0.0 198.0 14.0 315.0 -1 -1 -1 -1000 -1000 -1000 -10 0.00011032819747924805
Car -1 -1 -10 1182.0 224.0 1242.0 375.0 -1 -1 -1 -1000 -1000 -1000 -10 0.00010949373245239258
Car -1 -1 -10 570.0 79.0 584.0 92.0 -1 -1 -1 -1000 -1000 -1000 -10 0.00010758638381958008
Car -1 -1 -10 0.0 169.0 26.0 326.0 -1 -1 -1 -1000 -1000 -1000 -10 0.00010633468627929688
Car -1 -1 -10 546.0 175.0 581.0 207.0 -1 -1 -1 -1000 -1000 -1000 -10 0.0001049041748046875
Car -1 -1 -10 1212.0 118.0 1242.0 372.0 -1 -1 -1 -1000 -1000 -1000 -10 0.00010216236114501953
Car -1 -1 -10 199.0 120.0 224.0 140.0 -1 -1 -1 -1000 -1000 -1000 -10 0.00010085105895996094
Car -1 -1 -10 1.0 219.0 44.0 354.0 -1 -1 -1 -1000 -1000 -1000 -10 0.00010025501251220703
