Car -1 -1 -10 382.0 182.0 487.0 212.0 -1 -1 -1 -1000 -1000 -1000 -10 0.9423828125
Car -1 -1 -10 1229.0 184.0 1242.0 249.0 -1 -1 -1 -1000 -1000 -1000 -10 0.003566741943359375
Cyclist -1 -1 -10 1228.0 178.0 1242.0 254.0 -1 -1 -1 -1000 -1000 -1000 -10 0.0028896331787109375
Car -1 -1 -10 1225.0 182.0 1242.0 246.0 -1 -1 -1 -1000 -1000 -1000 -10 0.002559661865234375
Car -1 -1 -10 1230.0 190.0 1242.0 242.0 -1 -1 -1 -1000 -1000 -1000 -10 0.0024852752685546875
Cyclist -1 -1 -10 1227.0 179.0 1242.0 292.0 -1 -1 -1 -1000 -1000 -1000 -10 0.002437591552734375
Cyclist -1 -1 -10 1225.0 188.0 1241.0 254.0 -1 -1 -1 -1000 -1000 -1000 -10 0.001956939697265625
Car -1 -1 -10 1225.0 187.0 1242.0 241.0 -1 -1 -1 -1000 -1000 -1000 -10 0.0016965866088867188
Cyclist -1 -1 -10 1227.0 170.0 1242.0 246.0 -1 -1 -1 -1000 -1000 -1000 -10 0.0013723373413085938
Cyclist -1 -1 -10 1225.0 194.0 1241.0 247.0 -1 -1 -1 -1000 -1000 -1000 -10 0.0010652542114257812
Car -1 -1 -10 379.0 182.0 474.0 209.0 -1 -1 -1 -1000 -1000 -1000 -10 0.0010156631469726562
Cyclist -1 -1 -10 1230.0 171.0 1242.0 244.0 -1 -1 -1 -1000 -1000 -1000 -10 0.0009908676147460938
Cyclist -1 -1 -10 1230.0 183.0 1242.0 275.0 -1 -1 -1 -1000 -1000 -1000 -10 0.0009889602661132812
Cyclist -1 -1 -10 1226.0 179.0 1242.0 326.0 -1 -1 -1 -1000 -1000 -1000 -10 0.0009622573852539062
Cyclist -1 -1 -10 1222.0 173.0 1242.0 260.0 -1 -1 -1 -1000 -1000 -1000 -10 0.0006656646728515625
Cyclist -1 -1 -10 1221.0 173.0 1242.0 300.0 -1 -1 -1 -1000 -1000 -1000 -10 0.000640869140625
Cyclist -1 -1 -10 1230.0 189.0 1242.0 300.0 -1 -1 -1 -1000 -1000 -1000 -10 0.0006151199340820312
Cyclist -1 -1 -10 1225.0 184.0 1241.0 275.0 -1 -1 -1 -1000 -1000 -1000 -10 0.0005478858947753906
Cyclist -1 -1 -10 1229.0 193.0 1242.0 314.0 -1 -1 -1 -1000 -1000 -1000 -10 0.00042629241943359375
Car -1 -1 -10 1221.0 169.0 1242.0 241.0 -1 -1 -1 -1000 -1000 -1000 -10 0.00041675567626953125
Cyclist -1 -1 -10 1217.0 176.0 1240.0 262.0 -1 -1 -1 -1000 -1000 -1000 -10 0.00038242340087890625
Car -1 -1 -10 406.0 185.0 453.0 204.0 -1 -1 -1 -1000 -1000 -1000 -10 0.0003802776336669922
Cyclist -1 -1 -10 1220.0 169.0 1242.0 336.0 -1 -1 -1 -1000 -1000 -1000 -10 0.0003604888916015625
Car -1 -1 -10 394.0 183.0 488.0 208.0 -1 -1 -1 -1000 -1000 -1000 -10 0.00035953521728515625
Car -1 -1 -10 381.0 178.0 490.0 215.0 -1 -1 -1 -1000 -1000 -1000 -10 0.0003428459167480469
Car -1 -1 -10 413.0 186.0 463.0 203.0 -1 -1 -1 -1000 -1000 -1000 -10 0.00032591819763183594
Cyclist -1 -1 -10 1230.0 178.0 1242.0 235.0 -1 -1 -1 -1000 -1000 -1000 -10 0.00030517578125
Cyclist -1 -1 -10 1223.0 193.0 1242.0 316.0 -1 -1 -1 -1000 -1000 -1000 -10 0.0002951622009277344
Car -1 -1 -10 310.0 180.0 379.0 204.0 -1 -1 -1 -1000 -1000 -1000 -10 0.0002765655517578125
Cyclist -1 -1 -10 1215.0 177.0 1240.0 302.0 -1 -1 -1 -1000 -1000 -1000 -10 0.00026869773864746094
Cyclist -1 -1 -10 1231.0 200.0 1242.0 256.0 -1 -1 -1 -1000 -1000 -1000 -10 0.0002624988555908203
Cyclist -1 -1 -10 1221.0 171.0 1242.0 246.0 -1 -1 -1 -1000 -1000 -1000 -10 0.00024378299713134766
Cyclist -1 -1 -10 1222.0 193.0 1241.0 294.0 -1 -1 -1 -1000 -1000 -1000 -10 0.00021135807037353516
Car -1 -1 -10 383.0 179.0 490.0 205.0 -1 -1 -1 -1000 -1000 -1000 -10 0.00017118453979492188
Car -1 -1 -10 1222.0 176.0 1241.0 233.0 -1 -1 -1 -1000 -1000 -1000 -10 0.0001684427261352539
Cyclist -1 -1 -10 1212.0 169.0 1242.0 343.0 -1 -1 -1 -1000 -1000 -1000 -10 0.00015997886657714844
Car -1 -1 -10 376.0 178.0 476.0 211.0 -1 -1 -1 -1000 -1000 -1000 -10 0.00015544891357421875
Car -1 -1 -10 1229.0 156.0 1242.0 231.0 -1 -1 -1 -1000 -1000 -1000 -10 0.00014913082122802734
Car -1 -1 -10 341.0 125.0 524.0 242.0 -1 -1 -1 -1000 -1000 -1000 -10 0.00013959407806396484
Car -1 -1 -10 372.0 166.0 493.0 221.0 -1 -1 -1 -1000 -1000 -1000 -10 0.00012183189392089844
Cyclist -1 -1 -10 1228.0 203.0 1242.0 305.0 -1 -1 -1 -1000 -1000 -1000 -10 0.00011855363845825195
Cyclist -1 -1 -10 1225.0 200.0 1241.0 259.0 -1 -1 -1 -1000 -1000 -1000 -10 0.00010776519775390625
