Pedestrian -1 -1 -10 800.0 165.0 840.0 258.0 -1 -1 -1 -1000 -1000 -1000 -10 0.908203125
Pedestrian -1 -1 -10 736.0 176.0 768.0 245.0 -1 -1 -1 -1000 -1000 -1000 -10 0.88671875
Pedestrian -1 -1 -10 1212.0 208.0 1242.0 356.0 -1 -1 -1 -1000 -1000 -1000 -10 0.02301025390625
Pedestrian -1 -1 -10 734.0 179.0 765.0 243.0 -1 -1 -1 -1000 -1000 -1000 -10 0.0155181884765625
Pedestrian -1 -1 -10 1199.0 208.0 1241.0 355.0 -1 -1 -1 -1000 -1000 -1000 -10 0.014923095703125
Pedestrian -1 -1 -10 1193.0 221.0 1241.0 353.0 -1 -1 -1 -1000 -1000 -1000 -10 0.0128021240234375
Pedestrian -1 -1 -10 1218.0 188.0 1242.0 355.0 -1 -1 -1 -1000 -1000 -1000 -10 0.010162353515625
Pedestrian -1 -1 -10 1216.0 211.0 1242.0 367.0 -1 -1 -1 -1000 -1000 -1000 -10 0.00879669189453125
Pedestrian -1 -1 -10 1194.0 185.0 1242.0 357.0 -1 -1 -1 -1000 -1000 -1000 -10 0.00875091552734375
Pedestrian -1 -1 -10 797.0 168.0 836.0 256.0 -1 -1 -1 -1000 -1000 -1000 -10 0.005649566650390625
Pedestrian -1 -1 -10 741.0 178.0 772.0 245.0 -1 -1 -1 -1000 -1000 -1000 -10 0.004657745361328125
Pedestrian -1 -1 -10 1184.0 198.0 1242.0 355.0 -1 -1 -1 -1000 -1000 -1000 -10 0.004032135009765625
Pedestrian -1 -1 -10 1223.0 223.0 1242.0 351.0 -1 -1 -1 -1000 -1000 -1000 -10 0.003986358642578125
Pedestrian -1 -1 -10 1177.0 221.0 1242.0 349.0 -1 -1 -1 -1000 -1000 -1000 -10 0.0026874542236328125
Pedestrian -1 -1 -10 1215.0 205.0 1242.0 332.0 -1 -1 -1 -1000 -1000 -1000 -10 0.00222015380859375
Car -1 -1 -10 0.0 237.0 23.0 369.0 -1 -1 -1 -1000 -1000 -1000 -10 0.002162933349609375
Pedestrian -1 -1 -10 1225.0 215.0 1241.0 338.0 -1 -1 -1 -1000 -1000 -1000 -10 0.00215911865234375
Pedestrian -1 -1 -10 1210.0 230.0 1242.0 343.0 -1 -1 -1 -1000 -1000 -1000 -10 0.0020904541015625
Pedestrian -1 -1 -10 1228.0 209.0 1242.0 325.0 -1 -1 -1 -1000 -1000 -1000 -10 0.001903533935546875
Pedestrian -1 -1 -10 1179.0 183.0 1240.0 349.0 -1 -1 -1 -1000 -1000 -1000 -10 0.0017337799072265625
Pedestrian -1 -1 -10 1225.0 229.0 1241.0 358.0 -1 -1 -1 -1000 -1000 -1000 -10 0.0013532638549804688
Pedestrian -1 -1 -10 1212.0 222.0 1242.0 333.0 -1 -1 -1 -1000 -1000 -1000 -10 0.0013113021850585938
Pedestrian -1 -1 -10 796.0 166.0 849.0 259.0 -1 -1 -1 -1000 -1000 -1000 -10 0.001224517822265625
Pedestrian -1 -1 -10 1222.0 232.0 1241.0 341.0 -1 -1 -1 -1000 -1000 -1000 -10 0.0011796951293945312
Car -1 -1 -10 0.0 240.0 32.0 371.0 -1 -1 -1 -1000 -1000 -1000 -10 0.001087188720703125
Pedestrian -1 -1 -10 1194.0 207.0 1241.0 330.0 -1 -1 -1 -1000 -1000 -1000 -10 0.0009832382202148438
Pedestrian -1 -1 -10 1222.0 174.0 1241.0 324.0 -1 -1 -1 -1000 -1000 -1000 -10 0.0008955001831054688
Car -1 -1 -10 0.0 251.0 29.0 373.0 -1 -1 -1 -1000 -1000 -1000 -10 0.0008921623229980469
Pedestrian -1 -1 -10 1180.0 209.0 1242.0 327.0 -1 -1 -1 -1000 -1000 -1000 -10 0.000850677490234375
Car -1 -1 -10 0.0 211.0 25.0 373.0 -1 -1 -1 -1000 -1000 -1000 -10 0.0008444786071777344
Pedestrian -1 -1 -10 1214.0 207.0 1242.0 310.0 -1 -1 -1 -1000 -1000 -1000 -10 0.000713348388671875
Pedestrian -1 -1 -10 1175.0 205.0 1239.0 355.0 -1 -1 -1 -1000 -1000 -1000 -10 0.0006923675537109375
Pedestrian -1 -1 -10 1228.0 198.0 1241.0 295.0 -1 -1 -1 -1000 -1000 -1000 -10 0.0006651878356933594
Pedestrian -1 -1 -10 1217.0 165.0 1242.0 334.0 -1 -1 -1 -1000 -1000 -1000 -10 0.0005931854248046875
Pedestrian -1 -1 -10 1192.0 216.0 1241.0 375.0 -1 -1 -1 -1000 -1000 -1000 -10 0.0005831718444824219
Car -1 -1 -10 0.0 236.0 44.0 375.0 -1 -1 -1 -1000 -1000 -1000 -10 0.0005593299865722656
Pedestrian -1 -1 -10 1197.0 235.0 1239.0 348.0 -1 -1 -1 -1000 -1000 -1000 -10 0.0005517005920410156
Car -1 -1 -10 0.0 255.0 15.0 375.0 -1 -1 -1 -1000 -1000 -1000 -10 0.0005517005920410156
Pedestrian -1 -1 -10 800.0 177.0 841.0 244.0 -1 -1 -1 -1000 -1000 -1000 -10 0.0005049705505371094
Car -1 -1 -10 0.0 259.0 42.0 375.0 -1 -1 -1 -1000 -1000 -1000 -10 0.0004627704620361328
Pedestrian -1 -1 -10 1197.0 153.0 1241.0 340.0 -1 -1 -1 -1000 -1000 -1000 -10 0.0004181861877441406
Car -1 -1 -10 0.0 246.0 17.0 367.0 -1 -1 -1 -1000 -1000 -1000 -10 0.0004076957702636719
Car -1 -1 -10 0.0 261.0 23.0 371.0 -1 -1 -1 -1000 -1000 -1000 -10 0.00038814544677734375
Pedestrian -1 -1 -10 1213.0 195.0 1241.0 293.0 -1 -1 -1 -1000 -1000 -1000 -10 0.0003402233123779297
Car -1 -1 -10 0.0 230.0 23.0 349.0 -1 -1 -1 -1000 -1000 -1000 -10 0.000316619873046875
Car -1 -1 -10 0.0 229.0 17.0 349.0 -1 -1 -1 -1000 -1000 -1000 -10 0.0002636909484863281
Pedestrian -1 -1 -10 1193.0 196.0 1239.0 293.0 -1 -1 -1 -1000 -1000 -1000 -10 0.0002474784851074219
Pedestrian -1 -1 -10 1193.0 207.0 1239.0 309.0 -1 -1 -1 -1000 -1000 -1000 -10 0.0002321004867553711
Cyclist -1 -1 -10 1183.0 117.0 1241.0 310.0 -1 -1 -1 -1000 -1000 -1000 -10 0.0002301931381225586
Car -1 -1 -10 0.0 198.0 35.0 375.0 -1 -1 -1 -1000 -1000 -1000 -10 0.0002288818359375
Pedestrian -1 -1 -10 743.0 172.0 774.0 243.0 -1 -1 -1 -1000 -1000 -1000 -10 0.0002117156982421875
Pedestrian -1 -1 -10 1166.0 185.0 1239.0 349.0 -1 -1 -1 -1000 -1000 -1000 -10 0.000209808349609375
Car -1 -1 -10 0.0 230.0 56.0 375.0 -1 -1 -1 -1000 -1000 -1000 -10 0.00020503997802734375
Cyclist -1 -1 -10 1214.0 118.0 1242.0 291.0 -1 -1 -1 -1000 -1000 -1000 -10 0.00018393993377685547
Pedestrian -1 -1 -10 1197.0 173.0 1241.0 319.0 -1 -1 -1 -1000 -1000 -1000 -10 0.00017845630645751953
Car -1 -1 -10 0.0 264.0 26.0 375.0 -1 -1 -1 -1000 -1000 -1000 -10 0.00017774105072021484
Cyclist -1 -1 -10 1173.0 113.0 1242.0 315.0 -1 -1 -1 -1000 -1000 -1000 -10 0.0001709461212158203
Pedestrian -1 -1 -10 1220.0 225.0 1242.0 375.0 -1 -1 -1 -1000 -1000 -1000 -10 0.00016582012176513672
Pedestrian -1 -1 -10 1228.0 200.0 1241.0 275.0 -1 -1 -1 -1000 -1000 -1000 -10 0.00016486644744873047
Pedestrian -1 -1 -10 1182.0 202.0 1239.0 309.0 -1 -1 -1 -1000 -1000 -1000 -10 0.0001615285873413086
Pedestrian -1 -1 -10 766.0 145.0 910.0 280.0 -1 -1 -1 -1000 -1000 -1000 -10 0.00015676021575927734
Pedestrian -1 -1 -10 1229.0 217.0 1242.0 274.0 -1 -1 -1 -1000 -1000 -1000 -10 0.00015234947204589844
Car -1 -1 -10 0.0 187.0 23.0 356.0 -1 -1 -1 -1000 -1000 -1000 -10 0.00015079975128173828
Car -1 -1 -10 0.0 246.0 19.0 350.0 -1 -1 -1 -1000 -1000 -1000 -10 0.0001494884490966797
Cyclist -1 -1 -10 1153.0 113.0 1242.0 298.0 -1 -1 -1 -1000 -1000 -1000 -10 0.00014400482177734375
Cyclist -1 -1 -10 1186.0 115.0 1242.0 282.0 -1 -1 -1 -1000 -1000 -1000 -10 0.0001347064971923828
Pedestrian -1 -1 -10 1166.0 226.0 1239.0 344.0 -1 -1 -1 -1000 -1000 -1000 -10 0.00013017654418945312
Car -1 -1 -10 147.0 121.0 169.0 143.0 -1 -1 -1 -1000 -1000 -1000 -10 0.00011903047561645508
Car -1 -1 -10 1.0 269.0 111.0 375.0 -1 -1 -1 -1000 -1000 -1000 -10 0.00011622905731201172
Car -1 -1 -10 0.0 173.0 27.0 368.0 -1 -1 -1 -1000 -1000 -1000 -10 0.00011485815048217773
Pedestrian -1 -1 -10 1227.0 240.0 1242.0 364.0 -1 -1 -1 -1000 -1000 -1000 -10 0.00010412931442260742
Pedestrian -1 -1 -10 1179.0 200.0 1239.0 289.0 -1 -1 -1 -1000 -1000 -1000 -10 0.00010216236114501953
