Car -1 -1 -10 869.0 90.0 1235.0 373.0 -1 -1 -1 -1000 -1000 -1000 -10 0.96337890625
Car -1 -1 -10 367.0 135.0 569.0 198.0 -1 -1 -1 -1000 -1000 -1000 -10 0.92236328125
Pedestrian -1 -1 -10 285.0 199.0 380.0 336.0 -1 -1 -1 -1000 -1000 -1000 -10 0.91650390625
Pedestrian -1 -1 -10 136.0 159.0 211.0 332.0 -1 -1 -1 -1000 -1000 -1000 -10 0.86572265625
Pedestrian -1 -1 -10 349.0 201.0 437.0 333.0 -1 -1 -1 -1000 -1000 -1000 -10 0.83935546875
Pedestrian -1 -1 -10 395.0 191.0 446.0 284.0 -1 -1 -1 -1000 -1000 -1000 -10 0.81787109375
Pedestrian -1 -1 -10 344.0 202.0 409.0 317.0 -1 -1 -1 -1000 -1000 -1000 -10 0.7705078125
Pedestrian -1 -1 -10 347.0 200.0 425.0 325.0 -1 -1 -1 -1000 -1000 -1000 -10 0.6923828125
Pedestrian -1 -1 -10 386.0 194.0 439.0 290.0 -1 -1 -1 -1000 -1000 -1000 -10 0.5830078125
Pedestrian -1 -1 -10 363.0 198.0 443.0 306.0 -1 -1 -1 -1000 -1000 -1000 -10 0.58056640625
Pedestrian -1 -1 -10 351.0 200.0 413.0 310.0 -1 -1 -1 -1000 -1000 -1000 -10 0.56103515625
Pedestrian -1 -1 -10 373.0 197.0 424.0 289.0 -1 -1 -1 -1000 -1000 -1000 -10 0.408203125
Pedestrian -1 -1 -10 378.0 196.0 429.0 295.0 -1 -1 -1 -1000 -1000 -1000 -10 0.3486328125
Pedestrian -1 -1 -10 366.0 197.0 427.0 307.0 -1 -1 -1 -1000 -1000 -1000 -10 0.263427734375
Pedestrian -1 -1 -10 360.0 200.0 417.0 295.0 -1 -1 -1 -1000 -1000 -1000 -10 0.175537109375
Pedestrian -1 -1 -10 146.0 172.0 211.0 320.0 -1 -1 -1 -1000 -1000 -1000 -10 0.16064453125
Pedestrian -1 -1 -10 368.0 202.0 437.0 320.0 -1 -1 -1 -1000 -1000 -1000 -10 0.08984375
Pedestrian -1 -1 -10 135.0 164.0 207.0 310.0 -1 -1 -1 -1000 -1000 -1000 -10 0.08355712890625
Pedestrian -1 -1 -10 401.0 189.0 447.0 275.0 -1 -1 -1 -1000 -1000 -1000 -10 0.051971435546875
Pedestrian -1 -1 -10 124.0 158.0 204.0 328.0 -1 -1 -1 -1000 -1000 -1000 -10 0.03216552734375
Pedestrian -1 -1 -10 329.0 199.0 390.0 308.0 -1 -1 -1 -1000 -1000 -1000 -10 0.0308990478515625
Car -1 -1 -10 398.0 138.0 564.0 199.0 -1 -1 -1 -1000 -1000 -1000 -10 0.0264434814453125
Pedestrian -1 -1 -10 301.0 201.0 378.0 327.0 -1 -1 -1 -1000 -1000 -1000 -10 0.0210723876953125
Pedestrian -1 -1 -10 335.0 206.0 404.0 319.0 -1 -1 -1 -1000 -1000 -1000 -10 0.021026611328125
Pedestrian -1 -1 -10 344.0 201.0 400.0 300.0 -1 -1 -1 -1000 -1000 -1000 -10 0.0169677734375
Pedestrian -1 -1 -10 155.0 165.0 220.0 328.0 -1 -1 -1 -1000 -1000 -1000 -10 0.0118408203125
Pedestrian -1 -1 -10 305.0 196.0 380.0 314.0 -1 -1 -1 -1000 -1000 -1000 -10 0.00934600830078125
Car -1 -1 -10 339.0 134.0 560.0 193.0 -1 -1 -1 -1000 -1000 -1000 -10 0.007137298583984375
Car -1 -1 -10 0.0 212.0 30.0 374.0 -1 -1 -1 -1000 -1000 -1000 -10 0.00571441650390625
Car -1 -1 -10 0.0 212.0 40.0 374.0 -1 -1 -1 -1000 -1000 -1000 -10 0.00569915771484375
Pedestrian -1 -1 -10 147.0 187.0 209.0 331.0 -1 -1 -1 -1000 -1000 -1000 -10 0.005458831787109375
Pedestrian -1 -1 -10 313.0 196.0 377.0 299.0 -1 -1 -1 -1000 -1000 -1000 -10 0.004978179931640625
Pedestrian -1 -1 -10 114.0 158.0 240.0 333.0 -1 -1 -1 -1000 -1000 -1000 -10 0.0037288665771484375
Pedestrian -1 -1 -10 407.0 191.0 450.0 276.0 -1 -1 -1 -1000 -1000 -1000 -10 0.0036907196044921875
Pedestrian -1 -1 -10 341.0 198.0 471.0 325.0 -1 -1 -1 -1000 -1000 -1000 -10 0.0034236907958984375
Car -1 -1 -10 0.0 202.0 50.0 374.0 -1 -1 -1 -1000 -1000 -1000 -10 0.0028171539306640625
Pedestrian -1 -1 -10 272.0 197.0 389.0 334.0 -1 -1 -1 -1000 -1000 -1000 -10 0.0027828216552734375
Pedestrian -1 -1 -10 378.0 191.0 434.0 282.0 -1 -1 -1 -1000 -1000 -1000 -10 0.0027618408203125
Pedestrian -1 -1 -10 132.0 175.0 201.0 322.0 -1 -1 -1 -1000 -1000 -1000 -10 0.002685546875
Car -1 -1 -10 397.0 136.0 542.0 195.0 -1 -1 -1 -1000 -1000 -1000 -10 0.0020427703857421875
Pedestrian -1 -1 -10 326.0 197.0 453.0 332.0 -1 -1 -1 -1000 -1000 -1000 -10 0.0020389556884765625
Pedestrian -1 -1 -10 389.0 208.0 443.0 305.0 -1 -1 -1 -1000 -1000 -1000 -10 0.0018749237060546875
Car -1 -1 -10 0.0 170.0 52.0 374.0 -1 -1 -1 -1000 -1000 -1000 -10 0.0017251968383789062
Car -1 -1 -10 0.0 222.0 60.0 374.0 -1 -1 -1 -1000 -1000 -1000 -10 0.0015497207641601562
Pedestrian -1 -1 -10 292.0 197.0 369.0 324.0 -1 -1 -1 -1000 -1000 -1000 -10 0.0014734268188476562
Pedestrian -1 -1 -10 301.0 195.0 372.0 302.0 -1 -1 -1 -1000 -1000 -1000 -10 0.00125885009765625
Pedestrian -1 -1 -10 328.0 211.0 389.0 322.0 -1 -1 -1 -1000 -1000 -1000 -10 0.0012292861938476562
Car -1 -1 -10 366.0 145.0 527.0 195.0 -1 -1 -1 -1000 -1000 -1000 -10 0.001190185546875
Car -1 -1 -10 0.0 240.0 29.0 374.0 -1 -1 -1 -1000 -1000 -1000 -10 0.0010471343994140625
Car -1 -1 -10 324.0 142.0 552.0 193.0 -1 -1 -1 -1000 -1000 -1000 -10 0.0010366439819335938
Car -1 -1 -10 0.0 197.0 66.0 374.0 -1 -1 -1 -1000 -1000 -1000 -10 0.0010042190551757812
Pedestrian -1 -1 -10 132.0 162.0 201.0 300.0 -1 -1 -1 -1000 -1000 -1000 -10 0.00096893310546875
Car -1 -1 -10 382.0 147.0 539.0 200.0 -1 -1 -1 -1000 -1000 -1000 -10 0.0008854866027832031
Pedestrian -1 -1 -10 375.0 208.0 421.0 274.0 -1 -1 -1 -1000 -1000 -1000 -10 0.000820159912109375
Car -1 -1 -10 0.0 160.0 26.0 373.0 -1 -1 -1 -1000 -1000 -1000 -10 0.0006184577941894531
Car -1 -1 -10 339.0 150.0 495.0 197.0 -1 -1 -1 -1000 -1000 -1000 -10 0.00058746337890625
Pedestrian -1 -1 -10 351.0 196.0 404.0 289.0 -1 -1 -1 -1000 -1000 -1000 -10 0.0005631446838378906
Pedestrian -1 -1 -10 360.0 211.0 440.0 326.0 -1 -1 -1 -1000 -1000 -1000 -10 0.0005435943603515625
Pedestrian -1 -1 -10 0.0 156.0 46.0 374.0 -1 -1 -1 -1000 -1000 -1000 -10 0.0005164146423339844
Car -1 -1 -10 408.0 136.0 569.0 192.0 -1 -1 -1 -1000 -1000 -1000 -10 0.0004968643188476562
Pedestrian -1 -1 -10 142.0 160.0 211.0 299.0 -1 -1 -1 -1000 -1000 -1000 -10 0.0004944801330566406
Car -1 -1 -10 0.0 241.0 46.0 374.0 -1 -1 -1 -1000 -1000 -1000 -10 0.00045299530029296875
Pedestrian -1 -1 -10 357.0 175.0 496.0 293.0 -1 -1 -1 -1000 -1000 -1000 -10 0.0003829002380371094
Car -1 -1 -10 337.0 142.0 496.0 193.0 -1 -1 -1 -1000 -1000 -1000 -10 0.00035119056701660156
Pedestrian -1 -1 -10 2.0 231.0 49.0 373.0 -1 -1 -1 -1000 -1000 -1000 -10 0.0003407001495361328
Car -1 -1 -10 353.0 111.0 583.0 223.0 -1 -1 -1 -1000 -1000 -1000 -10 0.0003292560577392578
Car -1 -1 -10 312.0 136.0 521.0 197.0 -1 -1 -1 -1000 -1000 -1000 -10 0.0003287792205810547
Car -1 -1 -10 370.0 154.0 520.0 197.0 -1 -1 -1 -1000 -1000 -1000 -10 0.0003211498260498047
Car -1 -1 -10 0.0 152.0 72.0 374.0 -1 -1 -1 -1000 -1000 -1000 -10 0.0003204345703125
Pedestrian -1 -1 -10 123.0 163.0 190.0 307.0 -1 -1 -1 -1000 -1000 -1000 -10 0.00031685829162597656
Pedestrian -1 -1 -10 388.0 207.0 436.0 274.0 -1 -1 -1 -1000 -1000 -1000 -10 0.0003101825714111328
Pedestrian -1 -1 -10 385.0 213.0 434.0 279.0 -1 -1 -1 -1000 -1000 -1000 -10 0.00030732154846191406
Pedestrian -1 -1 -10 148.0 153.0 221.0 316.0 -1 -1 -1 -1000 -1000 -1000 -10 0.0003027915954589844
Pedestrian -1 -1 -10 0.0 132.0 22.0 356.0 -1 -1 -1 -1000 -1000 -1000 -10 0.00030159950256347656
Car -1 -1 -10 1.0 233.0 21.0 374.0 -1 -1 -1 -1000 -1000 -1000 -10 0.0002989768981933594
Car -1 -1 -10 379.0 133.0 544.0 185.0 -1 -1 -1 -1000 -1000 -1000 -10 0.00029659271240234375
Pedestrian -1 -1 -10 399.0 201.0 446.0 267.0 -1 -1 -1 -1000 -1000 -1000 -10 0.00029587745666503906
Pedestrian -1 -1 -10 286.0 199.0 360.0 333.0 -1 -1 -1 -1000 -1000 -1000 -10 0.00029087066650390625
Pedestrian -1 -1 -10 96.0 154.0 222.0 330.0 -1 -1 -1 -1000 -1000 -1000 -10 0.0002791881561279297
Car -1 -1 -10 0.0 244.0 82.0 374.0 -1 -1 -1 -1000 -1000 -1000 -10 0.0002682209014892578
Pedestrian -1 -1 -10 319.0 187.0 462.0 302.0 -1 -1 -1 -1000 -1000 -1000 -10 0.0002663135528564453
Pedestrian -1 -1 -10 0.0 109.0 40.0 374.0 -1 -1 -1 -1000 -1000 -1000 -10 0.0002579689025878906
Car -1 -1 -10 387.0 136.0 525.0 191.0 -1 -1 -1 -1000 -1000 -1000 -10 0.0002460479736328125
Pedestrian -1 -1 -10 1.0 111.0 27.0 374.0 -1 -1 -1 -1000 -1000 -1000 -10 0.0002410411834716797
Car -1 -1 -10 1.0 263.0 32.0 374.0 -1 -1 -1 -1000 -1000 -1000 -10 0.0002244710922241211
Pedestrian -1 -1 -10 393.0 205.0 441.0 272.0 -1 -1 -1 -1000 -1000 -1000 -10 0.00021660327911376953
Pedestrian -1 -1 -10 166.0 173.0 218.0 314.0 -1 -1 -1 -1000 -1000 -1000 -10 0.00020623207092285156
Car -1 -1 -10 952.0 89.0 1238.0 364.0 -1 -1 -1 -1000 -1000 -1000 -10 0.0001995563507080078
Pedestrian -1 -1 -10 335.0 192.0 407.0 298.0 -1 -1 -1 -1000 -1000 -1000 -10 0.00018787384033203125
Pedestrian -1 -1 -10 364.0 211.0 413.0 277.0 -1 -1 -1 -1000 -1000 -1000 -10 0.0001823902130126953
Pedestrian -1 -1 -10 114.0 160.0 190.0 329.0 -1 -1 -1 -1000 -1000 -1000 -10 0.00016832351684570312
Pedestrian -1 -1 -10 129.0 161.0 254.0 330.0 -1 -1 -1 -1000 -1000 -1000 -10 0.00016021728515625
Car -1 -1 -10 466.0 142.0 488.0 190.0 -1 -1 -1 -1000 -1000 -1000 -10 0.000156402587890625
Car -1 -1 -10 360.0 119.0 577.0 210.0 -1 -1 -1 -1000 -1000 -1000 -10 0.0001442432403564453
Pedestrian -1 -1 -10 767.0 0.0 829.0 1.0 -1 -1 -1 -1000 -1000 -1000 -10 0.00014281272888183594
Pedestrian -1 -1 -10 387.0 216.0 443.0 319.0 -1 -1 -1 -1000 -1000 -1000 -10 0.0001418590545654297
Car -1 -1 -10 0.0 223.0 18.0 365.0 -1 -1 -1 -1000 -1000 -1000 -10 0.00012826919555664062
Car -1 -1 -10 857.0 55.0 1238.0 348.0 -1 -1 -1 -1000 -1000 -1000 -10 0.00012493133544921875
Pedestrian -1 -1 -10 852.0 0.0 880.0 0.0 -1 -1 -1 -1000 -1000 -1000 -10 0.0001246929168701172
Car -1 -1 -10 394.0 135.0 559.0 185.0 -1 -1 -1 -1000 -1000 -1000 -10 0.00011926889419555664
Pedestrian -1 -1 -10 136.0 159.0 205.0 280.0 -1 -1 -1 -1000 -1000 -1000 -10 0.00011718273162841797
Car -1 -1 -10 0.0 245.0 19.0 374.0 -1 -1 -1 -1000 -1000 -1000 -10 0.00011336803436279297
Pedestrian -1 -1 -10 1.0 122.0 20.0 325.0 -1 -1 -1 -1000 -1000 -1000 -10 0.00010687112808227539
Car -1 -1 -10 865.0 107.0 1154.0 370.0 -1 -1 -1 -1000 -1000 -1000 -10 0.00010538101196289062
Car -1 -1 -10 354.0 150.0 514.0 196.0 -1 -1 -1 -1000 -1000 -1000 -10 0.0001004934310913086
