Pedestrian -1 -1 -10 952.0 150.0 1011.0 286.0 -1 -1 -1 -1000 -1000 -1000 -10 0.912109375
Pedestrian -1 -1 -10 949.0 149.0 997.0 286.0 -1 -1 -1 -1000 -1000 -1000 -10 0.0011415481567382812
Pedestrian -1 -1 -10 915.0 147.0 1030.0 288.0 -1 -1 -1 -1000 -1000 -1000 -10 0.0010175704956054688
Pedestrian -1 -1 -10 934.0 148.0 1049.0 287.0 -1 -1 -1 -1000 -1000 -1000 -10 0.0009703636169433594
Pedestrian -1 -1 -10 965.0 155.0 1019.0 285.0 -1 -1 -1 -1000 -1000 -1000 -10 0.00037384033203125
Car -1 -1 -10 653.0 54.0 678.0 73.0 -1 -1 -1 -1000 -1000 -1000 -10 0.00018215179443359375
Car -1 -1 -10 649.0 53.0 682.0 73.0 -1 -1 -1 -1000 -1000 -1000 -10 0.0001760721206665039
Car -1 -1 -10 678.0 53.0 702.0 70.0 -1 -1 -1 -1000 -1000 -1000 -10 0.00016260147094726562
Car -1 -1 -10 682.0 53.0 704.0 68.0 -1 -1 -1 -1000 -1000 -1000 -10 0.00013744831085205078
Car -1 -1 -10 674.0 53.0 704.0 70.0 -1 -1 -1 -1000 -1000 -1000 -10 0.0001227855682373047
Car -1 -1 -10 680.0 53.0 706.0 69.0 -1 -1 -1 -1000 -1000 -1000 -10 0.00011932849884033203
