Car -1 -1 -10 85.0 180.0 389.0 372.0 -1 -1 -1 -1000 -1000 -1000 -10 0.96533203125
Car -1 -1 -10 749.0 142.0 1100.0 350.0 -1 -1 -1 -1000 -1000 -1000 -10 0.9638671875
Car -1 -1 -10 322.0 193.0 460.0 279.0 -1 -1 -1 -1000 -1000 -1000 -10 0.96142578125
Car -1 -1 -10 0.0 182.0 206.0 372.0 -1 -1 -1 -1000 -1000 -1000 -10 0.95654296875
Car -1 -1 -10 1032.0 193.0 1242.0 373.0 -1 -1 -1 -1000 -1000 -1000 -10 0.953125
Car -1 -1 -10 470.0 176.0 519.0 217.0 -1 -1 -1 -1000 -1000 -1000 -10 0.94677734375
Car -1 -1 -10 474.0 177.0 523.0 214.0 -1 -1 -1 -1000 -1000 -1000 -10 0.007160186767578125
Car -1 -1 -10 500.0 182.0 533.0 208.0 -1 -1 -1 -1000 -1000 -1000 -10 0.006374359130859375
Car -1 -1 -10 624.0 0.0 656.0 15.0 -1 -1 -1 -1000 -1000 -1000 -10 0.005565643310546875
Car -1 -1 -10 1218.0 195.0 1241.0 355.0 -1 -1 -1 -1000 -1000 -1000 -10 0.0026149749755859375
Car -1 -1 -10 503.0 179.0 536.0 210.0 -1 -1 -1 -1000 -1000 -1000 -10 0.00228118896484375
Car -1 -1 -10 1194.0 177.0 1242.0 348.0 -1 -1 -1 -1000 -1000 -1000 -10 0.002117156982421875
Car -1 -1 -10 1215.0 184.0 1242.0 342.0 -1 -1 -1 -1000 -1000 -1000 -10 0.0019483566284179688
Car -1 -1 -10 621.0 0.0 654.0 12.0 -1 -1 -1 -1000 -1000 -1000 -10 0.001766204833984375
Car -1 -1 -10 1212.0 191.0 1242.0 359.0 -1 -1 -1 -1000 -1000 -1000 -10 0.0017032623291015625
Car -1 -1 -10 1191.0 195.0 1242.0 360.0 -1 -1 -1 -1000 -1000 -1000 -10 0.0016345977783203125
Car -1 -1 -10 598.0 0.0 625.0 5.0 -1 -1 -1 -1000 -1000 -1000 -10 0.0016336441040039062
Car -1 -1 -10 1099.0 173.0 1239.0 374.0 -1 -1 -1 -1000 -1000 -1000 -10 0.001552581787109375
Car -1 -1 -10 1124.0 174.0 1237.0 369.0 -1 -1 -1 -1000 -1000 -1000 -10 0.0014133453369140625
Car -1 -1 -10 1210.0 199.0 1242.0 331.0 -1 -1 -1 -1000 -1000 -1000 -10 0.001255035400390625
Car -1 -1 -10 464.0 165.0 522.0 229.0 -1 -1 -1 -1000 -1000 -1000 -10 0.001247406005859375
Car -1 -1 -10 1214.0 206.0 1242.0 339.0 -1 -1 -1 -1000 -1000 -1000 -10 0.001140594482421875
Car -1 -1 -10 1171.0 190.0 1241.0 366.0 -1 -1 -1 -1000 -1000 -1000 -10 0.0011243820190429688
Car -1 -1 -10 1065.0 198.0 1206.0 366.0 -1 -1 -1 -1000 -1000 -1000 -10 0.0010786056518554688
Car -1 -1 -10 1066.0 173.0 1242.0 373.0 -1 -1 -1 -1000 -1000 -1000 -10 0.0010623931884765625
Car -1 -1 -10 595.0 0.0 628.0 6.0 -1 -1 -1 -1000 -1000 -1000 -10 0.0010004043579101562
Car -1 -1 -10 470.0 165.0 530.0 231.0 -1 -1 -1 -1000 -1000 -1000 -10 0.0009617805480957031
Car -1 -1 -10 1225.0 213.0 1242.0 336.0 -1 -1 -1 -1000 -1000 -1000 -10 0.0008993148803710938
Car -1 -1 -10 595.0 0.0 621.0 4.0 -1 -1 -1 -1000 -1000 -1000 -10 0.0008730888366699219
Car -1 -1 -10 317.0 186.0 462.0 290.0 -1 -1 -1 -1000 -1000 -1000 -10 0.0007343292236328125
Car -1 -1 -10 27.0 184.0 173.0 368.0 -1 -1 -1 -1000 -1000 -1000 -10 0.0007014274597167969
Car -1 -1 -10 1215.0 164.0 1242.0 326.0 -1 -1 -1 -1000 -1000 -1000 -10 0.0006666183471679688
Car -1 -1 -10 1210.0 156.0 1242.0 333.0 -1 -1 -1 -1000 -1000 -1000 -10 0.0006341934204101562
Car -1 -1 -10 1193.0 158.0 1242.0 330.0 -1 -1 -1 -1000 -1000 -1000 -10 0.0005826950073242188
Car -1 -1 -10 1220.0 209.0 1242.0 369.0 -1 -1 -1 -1000 -1000 -1000 -10 0.0005130767822265625
Car -1 -1 -10 1142.0 197.0 1241.0 362.0 -1 -1 -1 -1000 -1000 -1000 -10 0.0005083084106445312
Car -1 -1 -10 1151.0 182.0 1242.0 351.0 -1 -1 -1 -1000 -1000 -1000 -10 0.0005040168762207031
Car -1 -1 -10 1196.0 199.0 1242.0 332.0 -1 -1 -1 -1000 -1000 -1000 -10 0.00043511390686035156
Car -1 -1 -10 1171.0 198.0 1242.0 334.0 -1 -1 -1 -1000 -1000 -1000 -10 0.00040984153747558594
Car -1 -1 -10 167.0 187.0 294.0 359.0 -1 -1 -1 -1000 -1000 -1000 -10 0.00035190582275390625
Car -1 -1 -10 592.0 0.0 625.0 4.0 -1 -1 -1 -1000 -1000 -1000 -10 0.0003514289855957031
Car -1 -1 -10 408.0 132.0 553.0 240.0 -1 -1 -1 -1000 -1000 -1000 -10 0.0003409385681152344
Car -1 -1 -10 9.0 165.0 227.0 374.0 -1 -1 -1 -1000 -1000 -1000 -10 0.0003399848937988281
Car -1 -1 -10 399.0 133.0 561.0 272.0 -1 -1 -1 -1000 -1000 -1000 -10 0.0003380775451660156
Car -1 -1 -10 1208.0 202.0 1242.0 311.0 -1 -1 -1 -1000 -1000 -1000 -10 0.0003223419189453125
Car -1 -1 -10 475.0 178.0 522.0 220.0 -1 -1 -1 -1000 -1000 -1000 -10 0.0003216266632080078
Car -1 -1 -10 1023.0 174.0 1212.0 363.0 -1 -1 -1 -1000 -1000 -1000 -10 0.00029659271240234375
Car -1 -1 -10 434.0 133.0 588.0 273.0 -1 -1 -1 -1000 -1000 -1000 -10 0.00029468536376953125
Car -1 -1 -10 1224.0 197.0 1242.0 314.0 -1 -1 -1 -1000 -1000 -1000 -10 0.00025391578674316406
Car -1 -1 -10 626.0 0.0 656.0 10.0 -1 -1 -1 -1000 -1000 -1000 -10 0.00023090839385986328
Car -1 -1 -10 580.0 0.0 608.0 1.0 -1 -1 -1 -1000 -1000 -1000 -10 0.00021016597747802734
Car -1 -1 -10 601.0 0.0 625.0 9.0 -1 -1 -1 -1000 -1000 -1000 -10 0.00018775463104248047
Car -1 -1 -10 576.0 0.0 612.0 1.0 -1 -1 -1 -1000 -1000 -1000 -10 0.00018465518951416016
Car -1 -1 -10 1080.0 208.0 1239.0 368.0 -1 -1 -1 -1000 -1000 -1000 -10 0.00016176700592041016
Car -1 -1 -10 1210.0 120.0 1242.0 325.0 -1 -1 -1 -1000 -1000 -1000 -10 0.00015628337860107422
Car -1 -1 -10 5.0 167.0 210.0 338.0 -1 -1 -1 -1000 -1000 -1000 -10 0.00014495849609375
Car -1 -1 -10 1198.0 86.0 1242.0 314.0 -1 -1 -1 -1000 -1000 -1000 -10 0.0001392364501953125
Car -1 -1 -10 1216.0 138.0 1242.0 306.0 -1 -1 -1 -1000 -1000 -1000 -10 0.0001308917999267578
Car -1 -1 -10 1196.0 127.0 1242.0 321.0 -1 -1 -1 -1000 -1000 -1000 -10 0.00013053417205810547
Car -1 -1 -10 472.0 187.0 518.0 220.0 -1 -1 -1 -1000 -1000 -1000 -10 0.00010895729064941406
Car -1 -1 -10 597.0 0.0 629.0 10.0 -1 -1 -1 -1000 -1000 -1000 -10 0.00010591745376586914
Car -1 -1 -10 569.0 0.0 595.0 0.0 -1 -1 -1 -1000 -1000 -1000 -10 0.00010538101196289062
Car -1 -1 -10 1212.0 81.0 1242.0 315.0 -1 -1 -1 -1000 -1000 -1000 -10 0.00010186433792114258
Car -1 -1 -10 627.0 0.0 651.0 15.0 -1 -1 -1 -1000 -1000 -1000 -10 0.00010162591934204102
