Pedestrian -1 -1 -10 266.0 177.0 304.0 252.0 -1 -1 -1 -1000 -1000 -1000 -10 0.919921875
Pedestrian -1 -1 -10 270.0 176.0 309.0 251.0 -1 -1 -1 -1000 -1000 -1000 -10 0.0005979537963867188
Pedestrian -1 -1 -10 260.0 177.0 315.0 253.0 -1 -1 -1 -1000 -1000 -1000 -10 0.0005011558532714844
Pedestrian -1 -1 -10 491.0 176.0 501.0 195.0 -1 -1 -1 -1000 -1000 -1000 -10 0.0002205371856689453
Pedestrian -1 -1 -10 257.0 179.0 296.0 252.0 -1 -1 -1 -1000 -1000 -1000 -10 0.00020313262939453125
Pedestrian -1 -1 -10 268.0 183.0 307.0 248.0 -1 -1 -1 -1000 -1000 -1000 -10 0.0002015829086303711
Pedestrian -1 -1 -10 265.0 184.0 301.0 250.0 -1 -1 -1 -1000 -1000 -1000 -10 0.00014317035675048828
Car -1 -1 -10 732.0 1.0 807.0 54.0 -1 -1 -1 -1000 -1000 -1000 -10 0.0001341104507446289
Car -1 -1 -10 722.0 1.0 797.0 54.0 -1 -1 -1 -1000 -1000 -1000 -10 0.0001220703125
Car -1 -1 -10 712.0 1.0 787.0 54.0 -1 -1 -1 -1000 -1000 -1000 -10 0.00010794401168823242
Car -1 -1 -10 742.0 2.0 817.0 54.0 -1 -1 -1 -1000 -1000 -1000 -10 0.0001035928726196289
