Car -1 -1 -10 109.0 182.0 218.0 228.0 -1 -1 -1 -1000 -1000 -1000 -10 0.94775390625
Car -1 -1 -10 0.0 172.0 119.0 245.0 -1 -1 -1 -1000 -1000 -1000 -10 0.94482421875
Car -1 -1 -10 0.0 160.0 127.0 259.0 -1 -1 -1 -1000 -1000 -1000 -10 0.0010890960693359375
Car -1 -1 -10 0.0 176.0 27.0 226.0 -1 -1 -1 -1000 -1000 -1000 -10 0.0008826255798339844
Car -1 -1 -10 0.0 174.0 60.0 230.0 -1 -1 -1 -1000 -1000 -1000 -10 0.000873565673828125
Car -1 -1 -10 102.0 172.0 220.0 237.0 -1 -1 -1 -1000 -1000 -1000 -10 0.0008692741394042969
Car -1 -1 -10 1.0 176.0 52.0 221.0 -1 -1 -1 -1000 -1000 -1000 -10 0.0007205009460449219
Car -1 -1 -10 0.0 179.0 24.0 233.0 -1 -1 -1 -1000 -1000 -1000 -10 0.0006461143493652344
Car -1 -1 -10 0.0 177.0 33.0 225.0 -1 -1 -1 -1000 -1000 -1000 -10 0.0006189346313476562
Car -1 -1 -10 723.0 172.0 737.0 185.0 -1 -1 -1 -1000 -1000 -1000 -10 0.0006036758422851562
Car -1 -1 -10 220.0 79.0 229.0 88.0 -1 -1 -1 -1000 -1000 -1000 -10 0.0005807876586914062
Car -1 -1 -10 930.0 319.0 1021.0 367.0 -1 -1 -1 -1000 -1000 -1000 -10 0.0005598068237304688
Car -1 -1 -10 65.0 137.0 246.0 275.0 -1 -1 -1 -1000 -1000 -1000 -10 0.000507354736328125
Car -1 -1 -10 0.0 180.0 31.0 232.0 -1 -1 -1 -1000 -1000 -1000 -10 0.00038695335388183594
Car -1 -1 -10 0.0 196.0 18.0 329.0 -1 -1 -1 -1000 -1000 -1000 -10 0.00032901763916015625
Car -1 -1 -10 82.0 146.0 240.0 252.0 -1 -1 -1 -1000 -1000 -1000 -10 0.0003116130828857422
Car -1 -1 -10 136.0 186.0 184.0 219.0 -1 -1 -1 -1000 -1000 -1000 -10 0.0002796649932861328
Car -1 -1 -10 0.0 176.0 44.0 219.0 -1 -1 -1 -1000 -1000 -1000 -10 0.00027942657470703125
Car -1 -1 -10 0.0 198.0 13.0 284.0 -1 -1 -1 -1000 -1000 -1000 -10 0.0002624988555908203
Car -1 -1 -10 219.0 78.0 231.0 90.0 -1 -1 -1 -1000 -1000 -1000 -10 0.00025153160095214844
Car -1 -1 -10 215.0 77.0 235.0 91.0 -1 -1 -1 -1000 -1000 -1000 -10 0.00023615360260009766
Car -1 -1 -10 4.0 178.0 71.0 228.0 -1 -1 -1 -1000 -1000 -1000 -10 0.00021588802337646484
Car -1 -1 -10 1.0 165.0 114.0 224.0 -1 -1 -1 -1000 -1000 -1000 -10 0.00021350383758544922
Car -1 -1 -10 0.0 197.0 24.0 368.0 -1 -1 -1 -1000 -1000 -1000 -10 0.00020611286163330078
Car -1 -1 -10 215.0 77.0 234.0 89.0 -1 -1 -1 -1000 -1000 -1000 -10 0.00020122528076171875
Car -1 -1 -10 0.0 171.0 102.0 229.0 -1 -1 -1 -1000 -1000 -1000 -10 0.00018930435180664062
Car -1 -1 -10 600.0 49.0 610.0 59.0 -1 -1 -1 -1000 -1000 -1000 -10 0.0001888275146484375
Car -1 -1 -10 1.0 180.0 50.0 234.0 -1 -1 -1 -1000 -1000 -1000 -10 0.00018656253814697266
Car -1 -1 -10 0.0 165.0 18.0 216.0 -1 -1 -1 -1000 -1000 -1000 -10 0.00018393993377685547
Car -1 -1 -10 0.0 192.0 17.0 282.0 -1 -1 -1 -1000 -1000 -1000 -10 0.0001806020736694336
Car -1 -1 -10 0.0 201.0 13.0 305.0 -1 -1 -1 -1000 -1000 -1000 -10 0.00017523765563964844
Car -1 -1 -10 1226.0 162.0 1242.0 274.0 -1 -1 -1 -1000 -1000 -1000 -10 0.0001729726791381836
Car -1 -1 -10 220.0 172.0 307.0 211.0 -1 -1 -1 -1000 -1000 -1000 -10 0.0001697540283203125
Car -1 -1 -10 0.0 177.0 14.0 226.0 -1 -1 -1 -1000 -1000 -1000 -10 0.00016629695892333984
Car -1 -1 -10 0.0 202.0 15.0 280.0 -1 -1 -1 -1000 -1000 -1000 -10 0.00016498565673828125
Car -1 -1 -10 3.0 173.0 75.0 221.0 -1 -1 -1 -1000 -1000 -1000 -10 0.00015306472778320312
Car -1 -1 -10 0.0 167.0 57.0 217.0 -1 -1 -1 -1000 -1000 -1000 -10 0.00015175342559814453
Car -1 -1 -10 1231.0 168.0 1242.0 259.0 -1 -1 -1 -1000 -1000 -1000 -10 0.00014889240264892578
Car -1 -1 -10 724.0 173.0 739.0 188.0 -1 -1 -1 -1000 -1000 -1000 -10 0.00014770030975341797
Car -1 -1 -10 0.0 177.0 69.0 239.0 -1 -1 -1 -1000 -1000 -1000 -10 0.00014412403106689453
Car -1 -1 -10 0.0 200.0 12.0 263.0 -1 -1 -1 -1000 -1000 -1000 -10 0.00014102458953857422
Car -1 -1 -10 0.0 174.0 14.0 217.0 -1 -1 -1 -1000 -1000 -1000 -10 0.0001405477523803711
Car -1 -1 -10 1224.0 146.0 1242.0 254.0 -1 -1 -1 -1000 -1000 -1000 -10 0.0001386404037475586
Car -1 -1 -10 721.0 174.0 735.0 187.0 -1 -1 -1 -1000 -1000 -1000 -10 0.00013518333435058594
Car -1 -1 -10 831.0 315.0 1182.0 375.0 -1 -1 -1 -1000 -1000 -1000 -10 0.00013387203216552734
Car -1 -1 -10 0.0 195.0 24.0 331.0 -1 -1 -1 -1000 -1000 -1000 -10 0.00012934207916259766
Car -1 -1 -10 3.0 169.0 118.0 235.0 -1 -1 -1 -1000 -1000 -1000 -10 0.00012624263763427734
Car -1 -1 -10 1232.0 178.0 1242.0 268.0 -1 -1 -1 -1000 -1000 -1000 -10 0.0001220703125
Car -1 -1 -10 0.0 165.0 12.0 207.0 -1 -1 -1 -1000 -1000 -1000 -10 0.00012040138244628906
Car -1 -1 -10 0.0 167.0 10.0 204.0 -1 -1 -1 -1000 -1000 -1000 -10 0.00011789798736572266
Car -1 -1 -10 424.0 94.0 442.0 111.0 -1 -1 -1 -1000 -1000 -1000 -10 0.00011754035949707031
Car -1 -1 -10 1214.0 199.0 1242.0 370.0 -1 -1 -1 -1000 -1000 -1000 -10 0.00011712312698364258
Car -1 -1 -10 1230.0 185.0 1242.0 281.0 -1 -1 -1 -1000 -1000 -1000 -10 0.00011652708053588867
Car -1 -1 -10 1208.0 211.0 1242.0 375.0 -1 -1 -1 -1000 -1000 -1000 -10 0.00011360645294189453
Car -1 -1 -10 1226.0 179.0 1242.0 291.0 -1 -1 -1 -1000 -1000 -1000 -10 0.00011336803436279297
Car -1 -1 -10 786.0 324.0 1078.0 375.0 -1 -1 -1 -1000 -1000 -1000 -10 0.00010204315185546875
