Pedestrian -1 -1 -10 1026.0 152.0 1102.0 301.0 -1 -1 -1 -1000 -1000 -1000 -10 0.87548828125
Pedestrian -1 -1 -10 1016.0 156.0 1086.0 298.0 -1 -1 -1 -1000 -1000 -1000 -10 0.005428314208984375
Pedestrian -1 -1 -10 1009.0 150.0 1127.0 303.0 -1 -1 -1 -1000 -1000 -1000 -10 0.002166748046875
Pedestrian -1 -1 -10 1037.0 158.0 1107.0 301.0 -1 -1 -1 -1000 -1000 -1000 -10 0.0019168853759765625
Pedestrian -1 -1 -10 993.0 148.0 1114.0 301.0 -1 -1 -1 -1000 -1000 -1000 -10 0.0016927719116210938
Pedestrian -1 -1 -10 1010.0 154.0 1071.0 293.0 -1 -1 -1 -1000 -1000 -1000 -10 0.0013647079467773438
Pedestrian -1 -1 -10 1022.0 149.0 1095.0 287.0 -1 -1 -1 -1000 -1000 -1000 -10 0.0004279613494873047
Pedestrian -1 -1 -10 992.0 152.0 1075.0 289.0 -1 -1 -1 -1000 -1000 -1000 -10 0.00015687942504882812
Pedestrian -1 -1 -10 0.0 161.0 14.0 317.0 -1 -1 -1 -1000 -1000 -1000 -10 0.00014579296112060547
Pedestrian -1 -1 -10 1007.0 158.0 1058.0 288.0 -1 -1 -1 -1000 -1000 -1000 -10 0.00014531612396240234
Pedestrian -1 -1 -10 0.0 167.0 15.0 343.0 -1 -1 -1 -1000 -1000 -1000 -10 0.0001348257064819336
Pedestrian -1 -1 -10 1016.0 149.0 1079.0 284.0 -1 -1 -1 -1000 -1000 -1000 -10 0.00010883808135986328
