Car -1 -1 -10 517.0 176.0 558.0 212.0 -1 -1 -1 -1000 -1000 -1000 -10 0.96044921875
Car -1 -1 -10 65.0 170.0 264.0 269.0 -1 -1 -1 -1000 -1000 -1000 -10 0.95751953125
Car -1 -1 -10 580.0 174.0 606.0 200.0 -1 -1 -1 -1000 -1000 -1000 -10 0.9521484375
Car -1 -1 -10 404.0 183.0 448.0 211.0 -1 -1 -1 -1000 -1000 -1000 -10 0.9345703125
Car -1 -1 -10 0.0 210.0 18.0 360.0 -1 -1 -1 -1000 -1000 -1000 -10 0.0023479461669921875
Car -1 -1 -10 0.0 223.0 20.0 373.0 -1 -1 -1 -1000 -1000 -1000 -10 0.0019464492797851562
Car -1 -1 -10 0.0 207.0 24.0 362.0 -1 -1 -1 -1000 -1000 -1000 -10 0.000972747802734375
Car -1 -1 -10 0.0 223.0 11.0 346.0 -1 -1 -1 -1000 -1000 -1000 -10 0.0009002685546875
Car -1 -1 -10 506.0 164.0 561.0 226.0 -1 -1 -1 -1000 -1000 -1000 -10 0.0007619857788085938
Car -1 -1 -10 0.0 219.0 29.0 375.0 -1 -1 -1 -1000 -1000 -1000 -10 0.0007047653198242188
Car -1 -1 -10 516.0 163.0 580.0 229.0 -1 -1 -1 -1000 -1000 -1000 -10 0.0006804466247558594
Car -1 -1 -10 92.0 171.0 241.0 264.0 -1 -1 -1 -1000 -1000 -1000 -10 0.0006384849548339844
Car -1 -1 -10 413.0 181.0 451.0 208.0 -1 -1 -1 -1000 -1000 -1000 -10 0.0006160736083984375
Car -1 -1 -10 1.0 229.0 22.0 360.0 -1 -1 -1 -1000 -1000 -1000 -10 0.0005512237548828125
Car -1 -1 -10 0.0 231.0 13.0 357.0 -1 -1 -1 -1000 -1000 -1000 -10 0.0005421638488769531
Car -1 -1 -10 1.0 201.0 30.0 365.0 -1 -1 -1 -1000 -1000 -1000 -10 0.0005345344543457031
Car -1 -1 -10 0.0 199.0 16.0 333.0 -1 -1 -1 -1000 -1000 -1000 -10 0.0004813671112060547
Car -1 -1 -10 403.0 180.0 449.0 214.0 -1 -1 -1 -1000 -1000 -1000 -10 0.000423431396484375
Car -1 -1 -10 0.0 214.0 11.0 335.0 -1 -1 -1 -1000 -1000 -1000 -10 0.00042176246643066406
Car -1 -1 -10 0.0 246.0 23.0 375.0 -1 -1 -1 -1000 -1000 -1000 -10 0.00041365623474121094
Car -1 -1 -10 479.0 133.0 633.0 274.0 -1 -1 -1 -1000 -1000 -1000 -10 0.0003960132598876953
Car -1 -1 -10 438.0 133.0 605.0 271.0 -1 -1 -1 -1000 -1000 -1000 -10 0.0003314018249511719
Car -1 -1 -10 573.0 171.0 602.0 198.0 -1 -1 -1 -1000 -1000 -1000 -10 0.0002884864807128906
Car -1 -1 -10 0.0 241.0 14.0 367.0 -1 -1 -1 -1000 -1000 -1000 -10 0.0002665519714355469
Car -1 -1 -10 578.0 172.0 608.0 206.0 -1 -1 -1 -1000 -1000 -1000 -10 0.00025534629821777344
Car -1 -1 -10 443.0 125.0 599.0 238.0 -1 -1 -1 -1000 -1000 -1000 -10 0.00020742416381835938
Car -1 -1 -10 1.0 211.0 20.0 338.0 -1 -1 -1 -1000 -1000 -1000 -10 0.00020647048950195312
Car -1 -1 -10 0.0 250.0 34.0 375.0 -1 -1 -1 -1000 -1000 -1000 -10 0.0001933574676513672
Car -1 -1 -10 0.0 192.0 24.0 340.0 -1 -1 -1 -1000 -1000 -1000 -10 0.00017726421356201172
Car -1 -1 -10 1027.0 103.0 1059.0 137.0 -1 -1 -1 -1000 -1000 -1000 -10 0.00017440319061279297
Car -1 -1 -10 0.0 240.0 46.0 375.0 -1 -1 -1 -1000 -1000 -1000 -10 0.00017201900482177734
Car -1 -1 -10 583.0 173.0 607.0 198.0 -1 -1 -1 -1000 -1000 -1000 -10 0.00012731552124023438
Car -1 -1 -10 11.0 296.0 364.0 375.0 -1 -1 -1 -1000 -1000 -1000 -10 0.0001227855682373047
Car -1 -1 -10 0.0 254.0 15.0 374.0 -1 -1 -1 -1000 -1000 -1000 -10 0.0001207590103149414
Cyclist -1 -1 -10 631.0 170.0 655.0 198.0 -1 -1 -1 -1000 -1000 -1000 -10 0.0001074671745300293
Car -1 -1 -10 0.0 198.0 10.0 309.0 -1 -1 -1 -1000 -1000 -1000 -10 0.00010651350021362305
