Car -1 -1 -10 0.0 205.0 173.0 369.0 -1 -1 -1 -1000 -1000 -1000 -10 0.9638671875
Car -1 -1 -10 937.0 121.0 1240.0 372.0 -1 -1 -1 -1000 -1000 -1000 -10 0.96240234375
Car -1 -1 -10 141.0 192.0 351.0 273.0 -1 -1 -1 -1000 -1000 -1000 -10 0.9609375
Car -1 -1 -10 352.0 184.0 462.0 225.0 -1 -1 -1 -1000 -1000 -1000 -10 0.9423828125
Cyclist -1 -1 -10 597.0 171.0 615.0 219.0 -1 -1 -1 -1000 -1000 -1000 -10 0.89453125
Car -1 -1 -10 355.0 189.0 461.0 229.0 -1 -1 -1 -1000 -1000 -1000 -10 0.0011911392211914062
Car -1 -1 -10 134.0 184.0 355.0 285.0 -1 -1 -1 -1000 -1000 -1000 -10 0.0010089874267578125
Car -1 -1 -10 346.0 172.0 464.0 236.0 -1 -1 -1 -1000 -1000 -1000 -10 0.0007839202880859375
Car -1 -1 -10 177.0 193.0 322.0 268.0 -1 -1 -1 -1000 -1000 -1000 -10 0.0007028579711914062
Cyclist -1 -1 -10 596.0 175.0 616.0 222.0 -1 -1 -1 -1000 -1000 -1000 -10 0.0005512237548828125
Car -1 -1 -10 0.0 222.0 23.0 369.0 -1 -1 -1 -1000 -1000 -1000 -10 0.00047898292541503906
Car -1 -1 -10 1137.0 0.0 1242.0 2.0 -1 -1 -1 -1000 -1000 -1000 -10 0.0004444122314453125
Car -1 -1 -10 1032.0 121.0 1144.0 364.0 -1 -1 -1 -1000 -1000 -1000 -10 0.00043654441833496094
Car -1 -1 -10 320.0 134.0 507.0 278.0 -1 -1 -1 -1000 -1000 -1000 -10 0.00038623809814453125
Car -1 -1 -10 1156.0 0.0 1240.0 4.0 -1 -1 -1 -1000 -1000 -1000 -10 0.00030159950256347656
Cyclist -1 -1 -10 591.0 171.0 608.0 209.0 -1 -1 -1 -1000 -1000 -1000 -10 0.0002951622009277344
Car -1 -1 -10 376.0 188.0 425.0 215.0 -1 -1 -1 -1000 -1000 -1000 -10 0.0002732276916503906
Car -1 -1 -10 321.0 143.0 489.0 252.0 -1 -1 -1 -1000 -1000 -1000 -10 0.0002541542053222656
Car -1 -1 -10 1218.0 218.0 1242.0 373.0 -1 -1 -1 -1000 -1000 -1000 -10 0.00024700164794921875
Car -1 -1 -10 0.0 220.0 28.0 371.0 -1 -1 -1 -1000 -1000 -1000 -10 0.00024139881134033203
Car -1 -1 -10 1133.0 0.0 1239.0 4.0 -1 -1 -1 -1000 -1000 -1000 -10 0.000179290771484375
Car -1 -1 -10 0.0 223.0 53.0 371.0 -1 -1 -1 -1000 -1000 -1000 -10 0.0001558065414428711
Car -1 -1 -10 1213.0 215.0 1242.0 375.0 -1 -1 -1 -1000 -1000 -1000 -10 0.00014829635620117188
Car -1 -1 -10 383.0 189.0 433.0 215.0 -1 -1 -1 -1000 -1000 -1000 -10 0.0001304149627685547
Car -1 -1 -10 368.0 185.0 466.0 221.0 -1 -1 -1 -1000 -1000 -1000 -10 0.00013005733489990234
Cyclist -1 -1 -10 595.0 172.0 611.0 208.0 -1 -1 -1 -1000 -1000 -1000 -10 0.00012814998626708984
Car -1 -1 -10 926.0 121.0 1181.0 363.0 -1 -1 -1 -1000 -1000 -1000 -10 0.00011271238327026367
