Car -1 -1 -10 501.0 187.0 757.0 336.0 -1 -1 -1 -1000 -1000 -1000 -10 0.962890625
Car -1 -1 -10 735.0 186.0 834.0 256.0 -1 -1 -1 -1000 -1000 -1000 -10 0.951171875
Car -1 -1 -10 562.0 187.0 693.0 274.0 -1 -1 -1 -1000 -1000 -1000 -10 0.90966796875
Car -1 -1 -10 656.0 185.0 752.0 245.0 -1 -1 -1 -1000 -1000 -1000 -10 0.908203125
Car -1 -1 -10 728.0 184.0 786.0 223.0 -1 -1 -1 -1000 -1000 -1000 -10 0.888671875
Car -1 -1 -10 801.0 160.0 836.0 201.0 -1 -1 -1 -1000 -1000 -1000 -10 0.87255859375
Car -1 -1 -10 785.0 182.0 814.0 205.0 -1 -1 -1 -1000 -1000 -1000 -10 0.75732421875
Car -1 -1 -10 788.0 180.0 818.0 203.0 -1 -1 -1 -1000 -1000 -1000 -10 0.72509765625
Car -1 -1 -10 796.0 166.0 831.0 202.0 -1 -1 -1 -1000 -1000 -1000 -10 0.356201171875
Car -1 -1 -10 783.0 181.0 820.0 207.0 -1 -1 -1 -1000 -1000 -1000 -10 0.220947265625
Car -1 -1 -10 732.0 182.0 792.0 223.0 -1 -1 -1 -1000 -1000 -1000 -10 0.1158447265625
Car -1 -1 -10 645.0 185.0 752.0 252.0 -1 -1 -1 -1000 -1000 -1000 -10 0.0635986328125
Car -1 -1 -10 778.0 182.0 814.0 208.0 -1 -1 -1 -1000 -1000 -1000 -10 0.0625
Car -1 -1 -10 797.0 163.0 837.0 202.0 -1 -1 -1 -1000 -1000 -1000 -10 0.061676025390625
Car -1 -1 -10 754.0 181.0 805.0 216.0 -1 -1 -1 -1000 -1000 -1000 -10 0.061431884765625
Car -1 -1 -10 759.0 181.0 801.0 213.0 -1 -1 -1 -1000 -1000 -1000 -10 0.04205322265625
Car -1 -1 -10 728.0 187.0 777.0 223.0 -1 -1 -1 -1000 -1000 -1000 -10 0.034393310546875
Cyclist -1 -1 -10 958.0 168.0 972.0 201.0 -1 -1 -1 -1000 -1000 -1000 -10 0.024993896484375
Cyclist -1 -1 -10 955.0 169.0 970.0 201.0 -1 -1 -1 -1000 -1000 -1000 -10 0.0225677490234375
Car -1 -1 -10 552.0 179.0 706.0 283.0 -1 -1 -1 -1000 -1000 -1000 -10 0.01546478271484375
Car -1 -1 -10 575.0 191.0 690.0 269.0 -1 -1 -1 -1000 -1000 -1000 -10 0.01404571533203125
Car -1 -1 -10 730.0 183.0 806.0 233.0 -1 -1 -1 -1000 -1000 -1000 -10 0.01398468017578125
Car -1 -1 -10 793.0 171.0 833.0 211.0 -1 -1 -1 -1000 -1000 -1000 -10 0.0092620849609375
Car -1 -1 -10 737.0 182.0 787.0 222.0 -1 -1 -1 -1000 -1000 -1000 -10 0.0075225830078125
Car -1 -1 -10 741.0 183.0 822.0 258.0 -1 -1 -1 -1000 -1000 -1000 -10 0.006744384765625
Car -1 -1 -10 534.0 190.0 680.0 295.0 -1 -1 -1 -1000 -1000 -1000 -10 0.00521087646484375
Car -1 -1 -10 782.0 179.0 821.0 220.0 -1 -1 -1 -1000 -1000 -1000 -10 0.004802703857421875
Car -1 -1 -10 765.0 182.0 806.0 211.0 -1 -1 -1 -1000 -1000 -1000 -10 0.00426483154296875
Car -1 -1 -10 570.0 193.0 689.0 323.0 -1 -1 -1 -1000 -1000 -1000 -10 0.00397491455078125
Car -1 -1 -10 664.0 190.0 745.0 246.0 -1 -1 -1 -1000 -1000 -1000 -10 0.0038928985595703125
Car -1 -1 -10 793.0 180.0 825.0 207.0 -1 -1 -1 -1000 -1000 -1000 -10 0.0038623809814453125
Cyclist -1 -1 -10 952.0 165.0 967.0 199.0 -1 -1 -1 -1000 -1000 -1000 -10 0.00325775146484375
Cyclist -1 -1 -10 954.0 168.0 967.0 201.0 -1 -1 -1 -1000 -1000 -1000 -10 0.003143310546875
Car -1 -1 -10 814.0 168.0 843.0 197.0 -1 -1 -1 -1000 -1000 -1000 -10 0.002521514892578125
Car -1 -1 -10 650.0 188.0 745.0 242.0 -1 -1 -1 -1000 -1000 -1000 -10 0.0024700164794921875
Car -1 -1 -10 567.0 191.0 704.0 285.0 -1 -1 -1 -1000 -1000 -1000 -10 0.002254486083984375
Car -1 -1 -10 783.0 179.0 811.0 205.0 -1 -1 -1 -1000 -1000 -1000 -10 0.0020503997802734375
Car -1 -1 -10 813.0 171.0 840.0 198.0 -1 -1 -1 -1000 -1000 -1000 -10 0.0019741058349609375
Car -1 -1 -10 663.0 184.0 745.0 239.0 -1 -1 -1 -1000 -1000 -1000 -10 0.0017423629760742188
Car -1 -1 -10 741.0 181.0 798.0 219.0 -1 -1 -1 -1000 -1000 -1000 -10 0.0016775131225585938
Car -1 -1 -10 822.0 173.0 846.0 196.0 -1 -1 -1 -1000 -1000 -1000 -10 0.0016508102416992188
Car -1 -1 -10 800.0 159.0 835.0 195.0 -1 -1 -1 -1000 -1000 -1000 -10 0.0013551712036132812
Car -1 -1 -10 718.0 185.0 776.0 225.0 -1 -1 -1 -1000 -1000 -1000 -10 0.0010328292846679688
Car -1 -1 -10 670.0 187.0 750.0 240.0 -1 -1 -1 -1000 -1000 -1000 -10 0.0009927749633789062
Car -1 -1 -10 824.0 173.0 849.0 196.0 -1 -1 -1 -1000 -1000 -1000 -10 0.0009279251098632812
Car -1 -1 -10 714.0 177.0 841.0 272.0 -1 -1 -1 -1000 -1000 -1000 -10 0.0008034706115722656
Car -1 -1 -10 742.0 185.0 790.0 226.0 -1 -1 -1 -1000 -1000 -1000 -10 0.00072479248046875
Car -1 -1 -10 594.0 176.0 767.0 288.0 -1 -1 -1 -1000 -1000 -1000 -10 0.0007243156433105469
Cyclist -1 -1 -10 955.0 168.0 976.0 201.0 -1 -1 -1 -1000 -1000 -1000 -10 0.000713348388671875
Car -1 -1 -10 783.0 16.0 820.0 52.0 -1 -1 -1 -1000 -1000 -1000 -10 0.0006809234619140625
Car -1 -1 -10 785.0 1.0 831.0 44.0 -1 -1 -1 -1000 -1000 -1000 -10 0.00061798095703125
Car -1 -1 -10 757.0 187.0 806.0 246.0 -1 -1 -1 -1000 -1000 -1000 -10 0.0005750656127929688
Car -1 -1 -10 569.0 183.0 694.0 262.0 -1 -1 -1 -1000 -1000 -1000 -10 0.0005588531494140625
Car -1 -1 -10 779.0 2.0 827.0 48.0 -1 -1 -1 -1000 -1000 -1000 -10 0.0005421638488769531
Car -1 -1 -10 726.0 172.0 851.0 264.0 -1 -1 -1 -1000 -1000 -1000 -10 0.0005011558532714844
Cyclist -1 -1 -10 955.0 164.0 975.0 205.0 -1 -1 -1 -1000 -1000 -1000 -10 0.00043964385986328125
Car -1 -1 -10 723.0 186.0 779.0 230.0 -1 -1 -1 -1000 -1000 -1000 -10 0.0004138946533203125
Cyclist -1 -1 -10 948.0 168.0 961.0 199.0 -1 -1 -1 -1000 -1000 -1000 -10 0.0004076957702636719
Cyclist -1 -1 -10 1226.0 152.0 1242.0 287.0 -1 -1 -1 -1000 -1000 -1000 -10 0.00039005279541015625
Car -1 -1 -10 584.0 190.0 715.0 267.0 -1 -1 -1 -1000 -1000 -1000 -10 0.00038313865661621094
Car -1 -1 -10 637.0 162.0 789.0 272.0 -1 -1 -1 -1000 -1000 -1000 -10 0.00038242340087890625
Car -1 -1 -10 587.0 186.0 668.0 268.0 -1 -1 -1 -1000 -1000 -1000 -10 0.00037980079650878906
Car -1 -1 -10 796.0 170.0 836.0 204.0 -1 -1 -1 -1000 -1000 -1000 -10 0.0003573894500732422
Car -1 -1 -10 805.0 179.0 835.0 207.0 -1 -1 -1 -1000 -1000 -1000 -10 0.0003294944763183594
Cyclist -1 -1 -10 957.0 167.0 974.0 195.0 -1 -1 -1 -1000 -1000 -1000 -10 0.0003287792205810547
Car -1 -1 -10 675.0 188.0 726.0 236.0 -1 -1 -1 -1000 -1000 -1000 -10 0.00027370452880859375
Car -1 -1 -10 613.0 161.0 770.0 277.0 -1 -1 -1 -1000 -1000 -1000 -10 0.0002715587615966797
Car -1 -1 -10 724.0 173.0 806.0 237.0 -1 -1 -1 -1000 -1000 -1000 -10 0.00026035308837890625
Car -1 -1 -10 790.0 185.0 833.0 220.0 -1 -1 -1 -1000 -1000 -1000 -10 0.00025534629821777344
Cyclist -1 -1 -10 1224.0 134.0 1242.0 273.0 -1 -1 -1 -1000 -1000 -1000 -10 0.00024962425231933594
Cyclist -1 -1 -10 1230.0 178.0 1242.0 273.0 -1 -1 -1 -1000 -1000 -1000 -10 0.00024509429931640625
Cyclist -1 -1 -10 1225.0 165.0 1242.0 306.0 -1 -1 -1 -1000 -1000 -1000 -10 0.00023090839385986328
Car -1 -1 -10 812.0 164.0 839.0 192.0 -1 -1 -1 -1000 -1000 -1000 -10 0.00022971630096435547
Pedestrian -1 -1 -10 344.0 0.0 400.0 44.0 -1 -1 -1 -1000 -1000 -1000 -10 0.00022602081298828125
Car -1 -1 -10 681.0 187.0 731.0 235.0 -1 -1 -1 -1000 -1000 -1000 -10 0.000217437744140625
Cyclist -1 -1 -10 952.0 168.0 967.0 194.0 -1 -1 -1 -1000 -1000 -1000 -10 0.00020933151245117188
Car -1 -1 -10 769.0 0.0 818.0 47.0 -1 -1 -1 -1000 -1000 -1000 -10 0.00019478797912597656
Cyclist -1 -1 -10 961.0 169.0 977.0 205.0 -1 -1 -1 -1000 -1000 -1000 -10 0.00018739700317382812
Pedestrian -1 -1 -10 349.0 0.0 395.0 49.0 -1 -1 -1 -1000 -1000 -1000 -10 0.00018310546875
Car -1 -1 -10 800.0 19.0 834.0 51.0 -1 -1 -1 -1000 -1000 -1000 -10 0.00016677379608154297
Car -1 -1 -10 792.0 1.0 840.0 44.0 -1 -1 -1 -1000 -1000 -1000 -10 0.00016391277313232422
Cyclist -1 -1 -10 1219.0 139.0 1242.0 301.0 -1 -1 -1 -1000 -1000 -1000 -10 0.0001556873321533203
Car -1 -1 -10 789.0 16.0 826.0 52.0 -1 -1 -1 -1000 -1000 -1000 -10 0.00014793872833251953
Car -1 -1 -10 524.0 192.0 660.0 295.0 -1 -1 -1 -1000 -1000 -1000 -10 0.00014650821685791016
Pedestrian -1 -1 -10 1034.0 0.0 1058.0 0.0 -1 -1 -1 -1000 -1000 -1000 -10 0.00013494491577148438
Car -1 -1 -10 790.0 168.0 817.0 196.0 -1 -1 -1 -1000 -1000 -1000 -10 0.00012946128845214844
Cyclist -1 -1 -10 1230.0 159.0 1242.0 255.0 -1 -1 -1 -1000 -1000 -1000 -10 0.00012099742889404297
Cyclist -1 -1 -10 1229.0 184.0 1242.0 266.0 -1 -1 -1 -1000 -1000 -1000 -10 0.00012046098709106445
Cyclist -1 -1 -10 1218.0 118.0 1242.0 290.0 -1 -1 -1 -1000 -1000 -1000 -10 0.0001195073127746582
Car -1 -1 -10 776.0 184.0 825.0 225.0 -1 -1 -1 -1000 -1000 -1000 -10 0.00011271238327026367
Cyclist -1 -1 -10 1217.0 149.0 1242.0 323.0 -1 -1 -1 -1000 -1000 -1000 -10 0.00010710954666137695
Car -1 -1 -10 679.0 142.0 854.0 259.0 -1 -1 -1 -1000 -1000 -1000 -10 0.00010639429092407227
Pedestrian -1 -1 -10 1032.0 0.0 1060.0 0.0 -1 -1 -1 -1000 -1000 -1000 -10 0.00010091066360473633
Car -1 -1 -10 656.0 194.0 756.0 253.0 -1 -1 -1 -1000 -1000 -1000 -10 0.00010055303573608398
