Car -1 -1 -10 432.0 183.0 506.0 208.0 -1 -1 -1 -1000 -1000 -1000 -10 0.9453125
Car -1 -1 -10 534.0 181.0 566.0 201.0 -1 -1 -1 -1000 -1000 -1000 -10 0.93994140625
Car -1 -1 -10 593.0 178.0 611.0 191.0 -1 -1 -1 -1000 -1000 -1000 -10 0.07769775390625
Car -1 -1 -10 524.0 181.0 566.0 200.0 -1 -1 -1 -1000 -1000 -1000 -10 0.003520965576171875
Car -1 -1 -10 591.0 179.0 610.0 191.0 -1 -1 -1 -1000 -1000 -1000 -10 0.0030040740966796875
Car -1 -1 -10 431.0 185.0 508.0 211.0 -1 -1 -1 -1000 -1000 -1000 -10 0.0021800994873046875
Car -1 -1 -10 532.0 176.0 568.0 205.0 -1 -1 -1 -1000 -1000 -1000 -10 0.0014505386352539062
Car -1 -1 -10 432.0 181.0 505.0 204.0 -1 -1 -1 -1000 -1000 -1000 -10 0.0013217926025390625
Car -1 -1 -10 590.0 177.0 614.0 193.0 -1 -1 -1 -1000 -1000 -1000 -10 0.0010499954223632812
Car -1 -1 -10 431.0 180.0 506.0 212.0 -1 -1 -1 -1000 -1000 -1000 -10 0.0009860992431640625
Car -1 -1 -10 515.0 180.0 551.0 196.0 -1 -1 -1 -1000 -1000 -1000 -10 0.0007700920104980469
Car -1 -1 -10 511.0 179.0 548.0 197.0 -1 -1 -1 -1000 -1000 -1000 -10 0.00057220458984375
Car -1 -1 -10 512.0 179.0 556.0 197.0 -1 -1 -1 -1000 -1000 -1000 -10 0.0004596710205078125
Car -1 -1 -10 525.0 179.0 567.0 203.0 -1 -1 -1 -1000 -1000 -1000 -10 0.00038933753967285156
Car -1 -1 -10 536.0 178.0 568.0 198.0 -1 -1 -1 -1000 -1000 -1000 -10 0.00033974647521972656
Car -1 -1 -10 444.0 184.0 496.0 205.0 -1 -1 -1 -1000 -1000 -1000 -10 0.0003256797790527344
Car -1 -1 -10 594.0 174.0 612.0 188.0 -1 -1 -1 -1000 -1000 -1000 -10 0.0001621246337890625
Car -1 -1 -10 534.0 183.0 565.0 203.0 -1 -1 -1 -1000 -1000 -1000 -10 0.00012791156768798828
Car -1 -1 -10 453.0 181.0 514.0 205.0 -1 -1 -1 -1000 -1000 -1000 -10 0.00011682510375976562
Car -1 -1 -10 586.0 178.0 612.0 195.0 -1 -1 -1 -1000 -1000 -1000 -10 0.00010526180267333984
