Pedestrian -1 -1 -10 607.0 160.0 681.0 298.0 -1 -1 -1 -1000 -1000 -1000 -10 0.923828125
Pedestrian -1 -1 -10 602.0 158.0 671.0 299.0 -1 -1 -1 -1000 -1000 -1000 -10 0.0023860931396484375
Pedestrian -1 -1 -10 581.0 157.0 699.0 299.0 -1 -1 -1 -1000 -1000 -1000 -10 0.0009746551513671875
Car -1 -1 -10 776.0 51.0 792.0 66.0 -1 -1 -1 -1000 -1000 -1000 -10 0.00045752525329589844
Pedestrian -1 -1 -10 597.0 171.0 664.0 297.0 -1 -1 -1 -1000 -1000 -1000 -10 0.00044155120849609375
Car -1 -1 -10 772.0 50.0 795.0 66.0 -1 -1 -1 -1000 -1000 -1000 -10 0.0003840923309326172
Pedestrian -1 -1 -10 639.0 162.0 685.0 295.0 -1 -1 -1 -1000 -1000 -1000 -10 0.0002589225769042969
Car -1 -1 -10 829.0 93.0 840.0 107.0 -1 -1 -1 -1000 -1000 -1000 -10 0.0001806020736694336
Pedestrian -1 -1 -10 604.0 170.0 685.0 287.0 -1 -1 -1 -1000 -1000 -1000 -10 0.0001552104949951172
Pedestrian -1 -1 -10 0.0 155.0 16.0 319.0 -1 -1 -1 -1000 -1000 -1000 -10 0.0001404285430908203
Car -1 -1 -10 824.0 92.0 844.0 108.0 -1 -1 -1 -1000 -1000 -1000 -10 0.0001379251480102539
Pedestrian -1 -1 -10 595.0 153.0 713.0 298.0 -1 -1 -1 -1000 -1000 -1000 -10 0.00013720989227294922
Pedestrian -1 -1 -10 0.0 144.0 15.0 294.0 -1 -1 -1 -1000 -1000 -1000 -10 0.0001354217529296875
Pedestrian -1 -1 -10 0.0 169.0 17.0 347.0 -1 -1 -1 -1000 -1000 -1000 -10 0.00012922286987304688
Pedestrian -1 -1 -10 0.0 128.0 18.0 280.0 -1 -1 -1 -1000 -1000 -1000 -10 0.00010222196578979492
Car -1 -1 -10 665.0 52.0 693.0 73.0 -1 -1 -1 -1000 -1000 -1000 -10 0.00010162591934204102
